1|-631.437|-631.437
2|-898.665|-898.665
3|-1023.16|-1023.16
4|-1098.6|-1098.6
5|-1171.73|-1171.73
6|-1214.42|-1214.42
7|-1250.72|-1250.72
8|-1269.73|-1269.73
9|-1285.37|-1285.37
10|-1321.28|-1321.28
11|-1334.13|-1334.13
12|-1342.94|-1342.94
13|-1348.22|-1348.22
14|-1352.59|-1352.59
15|-1356.51|-1356.51
16|-1359.14|-1359.14
17|-1361.78|-1361.78
18|-1363.47|-1363.47
19|-1364.79|-1364.79
20|-1365.88|-1365.88
21|-1366.64|-1366.64
22|-1367.26|-1367.26
23|-1367.64|-1367.64
24|-1367.99|-1367.99
25|-1368.27|-1368.27
26|-1368.43|-1368.43
27|-1368.52|-1368.52
28|-1368.6|-1368.6
29|-1368.64|-1368.64
30|-1368.67|-1368.67
31|-1368.7|-1368.7
32|-1368.72|-1368.72
33|-1368.74|-1368.74
34|-1368.75|-1368.75
35|-1368.76|-1368.76
36|-1368.76|-1368.76
37|-1368.77|-1368.77
38|-1368.77|-1368.77
39|-1368.77|-1368.77
40|-1368.77|-1368.77
41|-1368.77|-1368.77
42|-1368.77|-1368.77
43|-1368.77|-1368.77
44|-1368.77|-1368.77
45|-1368.77|-1368.77
46|-1368.77|-1368.77
47|-1368.77|-1368.77
48|-1368.77|-1368.77
49|-1368.77|-1368.77
50|-1368.77|-1368.77
51|-1368.77|-1368.77
52|-1368.77|-1368.77
53|-1368.77|-1368.77
54|-1368.77|-1368.77
55|-1368.77|-1368.77
56|-1368.77|-1368.77
57|-1368.77|-1368.77
58|-1368.77|-1368.77
59|-1368.77|-1368.77
60|-1368.77|-1368.77
61|-1368.77|-1368.77
62|-1368.77|-1368.77
63|-1368.77|-1368.77
64|-1368.77|-1368.77
65|-1368.77|-1368.77
66|-1368.77|-1368.77
67|-1368.77|-1368.77
68|-1368.77|-1368.77
69|-1368.77|-1368.77
70|-1368.77|-1368.77
71|-1368.77|-1368.77
72|-1368.77|-1368.77
73|-1368.77|-1368.77
74|-1368.77|-1368.77
75|-1368.77|-1368.77
76|-1368.77|-1368.77
77|-1368.77|-1368.77
78|-1368.77|-1368.77
79|-1368.77|-1368.77
80|-1368.77|-1368.77
81|-1368.77|-1368.77
82|-1368.77|-1368.77
83|-1368.77|-1368.77
84|-1368.77|-1368.77
85|-1368.77|-1368.77
86|-1368.77|-1368.77
87|-1368.77|-1368.77
88|-1368.77|-1368.77
89|-1368.77|-1368.77
90|-1368.77|-1368.77
91|-1368.77|-1368.77
92|-1368.77|-1368.77
93|-1368.77|-1368.77
94|-1368.77|-1368.77
95|-1368.77|-1368.77
96|-1368.77|-1368.77
97|-1368.77|-1368.77
98|-1368.77|-1368.77
99|-1368.77|-1368.77
100|-1368.77|-1368.77
101|-1368.77|-1368.77
102|-1368.77|-1368.77
103|-1368.77|-1368.77
104|-1368.77|-1368.77
105|-1368.77|-1368.77
106|-1368.77|-1368.77
107|-1368.77|-1368.77
108|-1368.77|-1368.77
109|-1368.77|-1368.77
110|-1368.77|-1368.77
111|-1368.77|-1368.77
112|-1368.77|-1368.77
113|-1368.77|-1368.77
114|-1368.77|-1368.77
115|-1368.77|-1368.77
116|-1368.77|-1368.77
117|-1368.77|-1368.77
118|-1368.77|-1368.77
119|-1368.77|-1368.77
120|-1368.77|-1368.77
121|-1368.77|-1368.77
122|-1368.77|-1368.77
123|-1368.77|-1368.77
124|-1368.77|-1368.77
125|-1368.77|-1368.77
126|-1368.77|-1368.77
127|-1368.77|-1368.77
128|-1368.77|-1368.77
129|-1368.77|-1368.77
130|-1368.77|-1368.77
131|-1368.77|-1368.77
132|-1368.77|-1368.77
133|-1368.77|-1368.77
134|-1368.77|-1368.77
135|-1368.77|-1368.77
136|-1368.77|-1368.77
137|-1368.77|-1368.77
138|-1368.77|-1368.77
139|-1368.77|-1368.77
140|-1368.77|-1368.77
141|-1368.77|-1368.77
142|-1368.77|-1368.77
143|-1368.77|-1368.77
144|-1368.77|-1368.77
145|-1368.77|-1368.77
146|-1368.77|-1368.77
147|-1368.77|-1368.77
148|-1368.77|-1368.77
149|-1368.77|-1368.77
150|-1368.77|-1368.77
151|-1368.77|-1368.77
152|-1368.77|-1368.77
153|-1368.77|-1368.77
154|-1368.77|-1368.77
155|-1368.77|-1368.77
156|-1368.77|-1368.77
157|-1368.77|-1368.77
158|-1368.77|-1368.77
159|-1368.77|-1368.77
160|-1368.77|-1368.77
161|-1368.77|-1368.77
162|-1368.77|-1368.77
163|-1368.77|-1368.77
164|-1368.77|-1368.77
165|-1368.77|-1368.77
166|-1368.77|-1368.77
167|-1368.77|-1368.77
168|-1368.77|-1368.77
169|-1368.77|-1368.77
170|-1368.77|-1368.77
171|-1368.77|-1368.77
172|-1368.77|-1368.77
173|-1368.77|-1368.77
174|-1368.77|-1368.77
175|-1368.77|-1368.77
176|-1368.77|-1368.77
177|-1368.77|-1368.77
178|-1368.77|-1368.77
179|-1368.77|-1368.77
180|-1368.77|-1368.77
181|-1368.77|-1368.77
182|-1368.77|-1368.77
183|-1368.77|-1368.77
184|-1368.77|-1368.77
185|-1368.77|-1368.77
186|-1368.77|-1368.77
187|-1368.77|-1368.77
188|-1368.77|-1368.77
189|-1368.77|-1368.77
190|-1368.77|-1368.77
191|-1368.77|-1368.77
192|-1368.77|-1368.77
193|-1368.77|-1368.77
194|-1368.77|-1368.77
195|-1368.77|-1368.77
196|-1368.77|-1368.77
EARLY STOP: TARGET FOUND
108953ms
