1|165.754|165.754
2|136.979|136.979
3|117.118|117.118
4|103.431|103.431
5|91.7407|91.7407
6|82.545|82.545
7|73.8261|73.8261
8|66.1032|66.1032
9|58.5567|58.5567
10|54.4275|54.4275
11|51.3157|51.3157
12|48.298|48.298
13|46.1555|46.1555
14|37.193|37.193
15|35.1344|35.1344
16|33.4372|33.4372
17|31.939|31.939
18|30.7666|30.7666
19|29.875|29.875
20|29.1783|29.1783
21|27.2666|27.2666
22|24.3464|24.3464
23|23.75|23.75
24|23.379|23.379
25|23.0831|23.0831
26|22.8931|22.8931
27|22.7347|22.7347
28|22.5892|22.5892
29|22.4504|22.4504
30|22.3631|22.3631
31|22.2944|22.2944
32|22.2586|22.2586
33|22.2251|22.2251
34|22.2008|22.2008
35|22.1872|22.1872
36|22.1756|22.1756
37|22.1657|22.1657
38|22.157|22.157
39|22.1486|22.1486
40|22.1403|22.1403
41|22.1361|22.1361
42|22.1327|22.1327
43|22.1294|22.1294
44|22.1265|22.1265
45|22.1238|22.1238
46|22.1217|22.1217
47|22.1202|22.1202
48|22.1188|22.1188
49|22.1175|22.1175
50|22.1162|22.1162
51|22.1151|22.1151
52|22.1141|22.1141
53|22.1134|22.1134
54|22.1127|22.1127
55|22.1121|22.1121
56|22.1115|22.1115
57|22.111|22.111
58|22.1105|22.1105
59|22.1102|22.1102
60|22.1099|22.1099
61|22.1096|22.1096
62|22.1094|22.1094
63|22.1093|22.1093
64|22.1092|22.1092
65|22.1091|22.1091
66|22.1091|22.1091
67|22.109|22.109
68|22.109|22.109
69|22.109|22.109
70|22.1089|22.1089
71|22.1089|22.1089
72|22.1089|22.1089
73|22.1089|22.1089
74|22.1089|22.1089
75|22.1089|22.1089
76|22.1089|22.1089
77|22.1089|22.1089
78|22.1089|22.1089
79|22.1089|22.1089
80|22.1089|22.1089
81|22.1089|22.1089
82|22.1089|22.1089
83|22.1089|22.1089
84|22.1089|22.1089
85|22.1089|22.1089
86|22.1089|22.1089
87|22.1089|22.1089
88|22.1089|22.1089
89|22.1089|22.1089
90|22.1089|22.1089
91|22.1089|22.1089
92|22.1089|22.1089
93|22.1089|22.1089
94|22.1089|22.1089
95|22.1089|22.1089
96|22.1089|22.1089
97|22.1089|22.1089
98|22.1089|22.1089
99|22.1089|22.1089
100|22.1089|22.1089
101|22.1089|22.1089
102|22.1089|22.1089
103|22.1089|22.1089
104|22.1089|22.1089
105|22.1089|22.1089
106|22.1089|22.1089
107|22.1089|22.1089
108|22.1089|22.1089
109|22.1089|22.1089
110|22.1089|22.1089
111|22.1089|22.1089
112|22.1089|22.1089
113|22.1089|22.1089
114|22.1089|22.1089
115|22.1089|22.1089
116|22.1089|22.1089
117|22.1089|22.1089
118|22.1089|22.1089
119|22.1089|22.1089
120|22.1089|22.1089
121|22.1089|22.1089
122|22.1089|22.1089
123|22.1089|22.1089
124|22.1089|22.1089
125|22.1089|22.1089
126|22.1089|22.1089
127|22.1089|22.1089
128|22.1089|22.1089
129|22.1089|22.1089
130|22.1089|22.1089
131|22.1089|22.1089
132|22.1089|22.1089
133|22.1089|22.1089
134|22.1089|22.1089
135|22.1089|22.1089
136|22.1089|22.1089
137|22.1089|22.1089
138|22.1089|22.1089
139|22.1089|22.1089
140|22.1089|22.1089
141|22.1089|22.1089
142|22.1089|22.1089
143|22.1089|22.1089
144|22.1089|22.1089
145|22.1089|22.1089
146|22.1089|22.1089
147|22.1089|22.1089
148|22.1089|22.1089
149|22.1089|22.1089
150|22.1089|22.1089
151|22.1089|22.1089
152|22.1089|22.1089
153|22.1089|22.1089
154|22.1089|22.1089
155|22.1089|22.1089
156|22.1089|22.1089
157|22.1089|22.1089
158|22.1089|22.1089
159|22.1089|22.1089
160|22.1089|22.1089
161|22.1089|22.1089
162|22.1089|22.1089
163|22.1089|22.1089
164|22.1089|22.1089
165|22.1089|22.1089
166|22.1089|22.1089
167|22.1089|22.1089
168|22.1089|22.1089
169|22.1089|22.1089
170|22.1089|22.1089
171|22.1089|22.1089
172|22.1089|22.1089
173|22.1089|22.1089
174|22.1089|22.1089
175|22.1089|22.1089
176|22.1089|22.1089
177|22.1089|22.1089
178|22.1089|22.1089
179|22.1089|22.1089
180|22.1089|22.1089
181|22.1089|22.1089
182|22.1089|22.1089
183|22.1089|22.1089
184|22.1089|22.1089
185|22.1089|22.1089
186|22.1089|22.1089
187|22.1089|22.1089
188|22.1089|22.1089
189|22.1089|22.1089
190|22.1089|22.1089
191|22.1089|22.1089
192|22.1089|22.1089
193|22.1089|22.1089
194|22.1089|22.1089
195|22.1089|22.1089
196|22.1089|22.1089
197|22.1089|22.1089
198|22.1089|22.1089
199|22.1089|22.1089
200|22.1089|22.1089
201|22.1089|22.1089
202|22.1089|22.1089
203|22.1089|22.1089
204|22.1089|22.1089
205|22.1089|22.1089
206|22.1089|22.1089
207|22.1089|22.1089
208|22.1089|22.1089
209|22.1089|22.1089
210|22.1089|22.1089
211|22.1089|22.1089
212|22.1089|22.1089
213|22.1089|22.1089
214|22.1089|22.1089
215|22.1089|22.1089
216|22.1089|22.1089
217|22.1089|22.1089
218|22.1089|22.1089
219|22.1089|22.1089
220|22.1089|22.1089
221|22.1089|22.1089
222|22.1089|22.1089
223|22.1089|22.1089
224|22.1089|22.1089
225|22.1089|22.1089
226|22.1089|22.1089
227|22.1089|22.1089
EARLY STOP: TARGET FOUND
319385ms
