1|278.67|278.67
2|254.699|254.699
3|233.281|233.281
4|212.867|212.867
5|193.113|193.113
6|175.775|175.775
7|159.733|159.733
8|143.707|143.707
9|127.722|127.722
10|113.347|113.347
11|101.723|101.723
12|91.7773|91.7773
13|81.8949|81.8949
14|72.2478|72.2478
15|63.2126|63.2126
16|55.154|55.154
17|47.9388|47.9388
18|41.3186|41.3186
19|36.8366|36.8366
20|32.439|32.439
21|28.0969|28.0969
22|24.8845|24.8845
23|21.6834|21.6834
24|19.4726|19.4726
25|17.2973|17.2973
26|15.6017|15.6017
27|14.392|14.392
28|13.3215|13.3215
29|12.3093|12.3093
30|11.3393|11.3393
31|10.3971|10.3971
32|9.52805|9.52805
33|8.6641|8.6641
34|7.80219|7.80219
35|6.94415|6.94415
36|6.21686|6.21686
37|5.51686|5.51686
38|5.07842|5.07842
39|4.65582|4.65582
40|4.35446|4.35446
41|4.05679|4.05679
42|3.76569|3.76569
43|3.47742|3.47742
44|3.19312|3.19312
45|2.93298|2.93298
46|2.70497|2.70497
47|2.49718|2.49718
48|2.29828|2.29828
49|2.10092|2.10092
50|1.90512|1.90512
51|1.72732|1.72732
52|1.56341|1.56341
53|1.43607|1.43607
54|1.3113|1.3113
55|1.18755|1.18755
56|1.06573|1.06573
57|0.991846|0.991846
58|0.919813|0.919813
59|0.851062|0.851062
60|0.782601|0.782601
61|0.715264|0.715264
62|0.649919|0.649919
63|0.596099|0.596099
64|0.542828|0.542828
65|0.495827|0.495827
66|0.449869|0.449869
67|0.405345|0.405345
68|0.363834|0.363834
69|0.324595|0.324595
70|0.28739|0.28739
71|0.260295|0.260295
72|0.242555|0.242555
73|0.224829|0.224829
74|0.207489|0.207489
75|0.190539|0.190539
76|0.173722|0.173722
77|0.158546|0.158546
78|0.143516|0.143516
79|0.129048|0.129048
80|0.114774|0.114774
81|0.101301|0.101301
82|0.0888517|0.0888517
83|0.0798743|0.0798743
84|0.0721641|0.0721641
85|0.064729|0.064729
86|0.060659|0.060659
87|0.0565961|0.0565961
88|0.0527262|0.0527262
89|0.0489758|0.0489758
90|0.0453004|0.0453004
91|0.0416922|0.0416922
92|0.0382027|0.0382027
93|0.0350719|0.0350719
94|0.0322152|0.0322152
95|0.0294273|0.0294273
96|0.0267121|0.0267121
97|0.0242781|0.0242781
98|0.0219004|0.0219004
99|0.0195632|0.0195632
100|0.0176269|0.0176269
101|0.0158171|0.0158171
102|0.0146587|0.0146587
103|0.0135464|0.0135464
104|0.0124959|0.0124959
105|0.0114976|0.0114976
106|0.010563|0.010563
107|0.00972807|0.00972807
EARLY STOP: TARGET FOUND
1216407ms
