1|74.4692|74.4692
2|53.1447|53.1447
3|39.3699|39.3699
4|26.2981|26.2981
5|18.7666|18.7666
6|14.3306|14.3306
7|10.3242|10.3242
8|7.64071|7.64071
9|5.81707|5.81707
10|4.59712|4.59712
11|3.45176|3.45176
12|2.46257|2.46257
13|1.68817|1.68817
14|1.3854|1.3854
15|1.11992|1.11992
16|0.916698|0.916698
17|0.729301|0.729301
18|0.570429|0.570429
19|0.436213|0.436213
20|0.361627|0.361627
21|0.287247|0.287247
22|0.221648|0.221648
23|0.165709|0.165709
24|0.130192|0.130192
25|0.111386|0.111386
26|0.0932932|0.0932932
27|0.0753034|0.0753034
28|0.0604541|0.0604541
29|0.0468549|0.0468549
30|0.0380853|0.0380853
31|0.0303673|0.0303673
32|0.0257646|0.0257646
33|0.0215181|0.0215181
34|0.0173232|0.0173232
35|0.0131345|0.0131345
36|0.0105099|0.0105099
37|0.00813293|0.00813293
EARLY STOP: TARGET FOUND
51403ms
