1|225.123|225.123
2|200.881|200.881
3|181.216|181.216
4|163.01|163.01
5|145.817|145.817
6|129.236|129.236
7|114.231|114.231
8|99.9426|99.9426
9|87.0471|87.0471
10|75.2474|75.2474
11|63.6629|63.6629
12|53.7205|53.7205
13|44.6018|44.6018
14|37.1413|37.1413
15|30.5166|30.5166
16|26.1014|26.1014
17|22.4222|22.4222
18|20.082|20.082
19|17.7817|17.7817
20|15.9643|15.9643
21|14.7884|14.7884
22|13.7073|13.7073
23|12.7157|12.7157
24|11.7369|11.7369
25|10.8185|10.8185
26|9.91658|9.91658
27|9.06847|9.06847
28|8.27389|8.27389
29|7.5191|7.5191
30|6.80103|6.80103
31|6.08863|6.08863
32|5.47783|5.47783
33|4.88631|4.88631
34|4.33753|4.33753
35|3.89651|3.89651
36|3.4589|3.4589
37|3.15199|3.15199
38|2.87125|2.87125
39|2.60889|2.60889
40|2.37552|2.37552
41|2.1573|2.1573
42|1.96671|1.96671
43|1.77813|1.77813
44|1.59592|1.59592
45|1.44392|1.44392
46|1.30016|1.30016
47|1.16476|1.16476
48|1.04791|1.04791
49|0.971255|0.971255
50|0.90061|0.90061
51|0.837039|0.837039
52|0.774922|0.774922
53|0.714227|0.714227
54|0.657084|0.657084
55|0.602704|0.602704
56|0.551187|0.551187
57|0.501086|0.501086
58|0.452696|0.452696
59|0.412813|0.412813
60|0.376756|0.376756
61|0.341685|0.341685
62|0.309371|0.309371
63|0.278288|0.278288
64|0.259161|0.259161
65|0.240258|0.240258
66|0.221509|0.221509
67|0.205169|0.205169
68|0.189047|0.189047
69|0.173401|0.173401
70|0.158256|0.158256
71|0.144702|0.144702
72|0.132117|0.132117
73|0.120258|0.120258
74|0.109111|0.109111
75|0.0981129|0.0981129
76|0.0887418|0.0887418
77|0.080752|0.080752
78|0.0741933|0.0741933
79|0.0694297|0.0694297
80|0.0647785|0.0647785
81|0.0601789|0.0601789
82|0.0556042|0.0556042
83|0.0510788|0.0510788
84|0.0469816|0.0469816
85|0.0429882|0.0429882
86|0.0394183|0.0394183
87|0.0360483|0.0360483
88|0.032787|0.032787
89|0.029764|0.029764
90|0.0269917|0.0269917
91|0.0244671|0.0244671
92|0.0224901|0.0224901
93|0.0205194|0.0205194
94|0.0193376|0.0193376
95|0.0181913|0.0181913
96|0.0170657|0.0170657
97|0.0159659|0.0159659
98|0.0148786|0.0148786
99|0.0138159|0.0138159
100|0.0128512|0.0128512
101|0.011944|0.011944
102|0.0110954|0.0110954
103|0.0102987|0.0102987
104|0.00951178|0.00951178
EARLY STOP: TARGET FOUND
1201657ms
