1|-1162.9|-1162.9
2|-1460.3|-1460.3
3|-1732.53|-1732.53
4|-1981.38|-1981.38
5|-2172.98|-2172.98
6|-2457.49|-2457.49
7|-2611.32|-2611.32
8|-2761.5|-2761.5
9|-2858.33|-2858.33
10|-3100.51|-3100.51
11|-3187.21|-3187.21
12|-3223.13|-3223.13
13|-3251.51|-3251.51
14|-3272.49|-3272.49
15|-3293.4|-3293.4
16|-3311.14|-3311.14
17|-3328.68|-3328.68
18|-3342.55|-3342.55
19|-3355.79|-3355.79
20|-3368.56|-3368.56
21|-3380.18|-3380.18
22|-3388.93|-3388.93
23|-3396.43|-3396.43
24|-3432.61|-3432.61
25|-3450.3|-3450.3
26|-3454.67|-3454.67
27|-3457.77|-3457.77
28|-3460.51|-3460.51
29|-3462.27|-3462.27
30|-3463.64|-3463.64
31|-3464.92|-3464.92
32|-3466.16|-3466.16
33|-3467.25|-3467.25
34|-3467.99|-3467.99
35|-3468.54|-3468.54
36|-3469.08|-3469.08
37|-3469.61|-3469.61
38|-3469.92|-3469.92
39|-3470.19|-3470.19
40|-3470.46|-3470.46
41|-3470.62|-3470.62
42|-3470.77|-3470.77
43|-3470.9|-3470.9
44|-3471.01|-3471.01
45|-3471.08|-3471.08
46|-3471.15|-3471.15
47|-3471.2|-3471.2
48|-3471.25|-3471.25
49|-3471.28|-3471.28
50|-3471.32|-3471.32
51|-3471.34|-3471.34
52|-3471.36|-3471.36
53|-3471.38|-3471.38
54|-3471.39|-3471.39
55|-3471.4|-3471.4
56|-3471.41|-3471.41
57|-3471.41|-3471.41
58|-3471.42|-3471.42
59|-3471.42|-3471.42
60|-3471.43|-3471.43
61|-3471.43|-3471.43
62|-3471.44|-3471.44
63|-3471.44|-3471.44
64|-3471.44|-3471.44
65|-3471.44|-3471.44
66|-3471.44|-3471.44
67|-3471.44|-3471.44
68|-3471.44|-3471.44
69|-3471.44|-3471.44
70|-3471.44|-3471.44
71|-3471.45|-3471.45
72|-3471.45|-3471.45
73|-3471.45|-3471.45
74|-3471.45|-3471.45
75|-3471.45|-3471.45
76|-3471.45|-3471.45
77|-3471.45|-3471.45
78|-3471.45|-3471.45
79|-3471.45|-3471.45
80|-3471.45|-3471.45
81|-3471.45|-3471.45
82|-3471.45|-3471.45
83|-3471.45|-3471.45
84|-3471.45|-3471.45
85|-3471.45|-3471.45
86|-3471.45|-3471.45
87|-3471.45|-3471.45
88|-3471.45|-3471.45
89|-3471.45|-3471.45
90|-3471.45|-3471.45
91|-3471.45|-3471.45
92|-3471.45|-3471.45
93|-3471.45|-3471.45
94|-3471.45|-3471.45
95|-3471.45|-3471.45
96|-3471.45|-3471.45
97|-3471.45|-3471.45
98|-3471.45|-3471.45
99|-3471.45|-3471.45
100|-3471.45|-3471.45
101|-3471.45|-3471.45
102|-3471.45|-3471.45
103|-3471.45|-3471.45
104|-3471.45|-3471.45
105|-3471.45|-3471.45
106|-3471.45|-3471.45
107|-3471.45|-3471.45
108|-3471.45|-3471.45
109|-3471.45|-3471.45
110|-3471.45|-3471.45
111|-3471.45|-3471.45
112|-3471.45|-3471.45
113|-3471.45|-3471.45
114|-3471.45|-3471.45
115|-3471.45|-3471.45
116|-3471.45|-3471.45
117|-3471.45|-3471.45
118|-3471.45|-3471.45
119|-3471.45|-3471.45
120|-3471.45|-3471.45
121|-3471.45|-3471.45
122|-3471.45|-3471.45
123|-3471.45|-3471.45
124|-3471.45|-3471.45
125|-3471.45|-3471.45
126|-3471.45|-3471.45
127|-3471.45|-3471.45
128|-3471.45|-3471.45
129|-3471.45|-3471.45
130|-3471.45|-3471.45
131|-3471.45|-3471.45
132|-3471.45|-3471.45
133|-3471.45|-3471.45
134|-3471.45|-3471.45
135|-3471.45|-3471.45
136|-3471.45|-3471.45
137|-3471.45|-3471.45
138|-3471.45|-3471.45
139|-3471.45|-3471.45
140|-3471.45|-3471.45
141|-3471.45|-3471.45
142|-3471.45|-3471.45
143|-3471.45|-3471.45
144|-3471.45|-3471.45
145|-3471.45|-3471.45
146|-3471.45|-3471.45
147|-3471.45|-3471.45
148|-3471.45|-3471.45
149|-3471.45|-3471.45
150|-3471.45|-3471.45
151|-3471.45|-3471.45
152|-3471.45|-3471.45
153|-3471.45|-3471.45
154|-3471.45|-3471.45
155|-3471.45|-3471.45
156|-3471.45|-3471.45
157|-3471.45|-3471.45
158|-3471.45|-3471.45
159|-3471.45|-3471.45
160|-3471.45|-3471.45
161|-3471.45|-3471.45
162|-3471.45|-3471.45
163|-3471.45|-3471.45
164|-3471.45|-3471.45
165|-3471.45|-3471.45
166|-3471.45|-3471.45
167|-3471.45|-3471.45
168|-3471.45|-3471.45
169|-3471.45|-3471.45
170|-3471.45|-3471.45
171|-3471.45|-3471.45
172|-3471.45|-3471.45
173|-3471.45|-3471.45
174|-3471.45|-3471.45
175|-3471.45|-3471.45
176|-3471.45|-3471.45
177|-3471.45|-3471.45
178|-3471.45|-3471.45
179|-3471.45|-3471.45
180|-3471.45|-3471.45
181|-3471.45|-3471.45
182|-3471.45|-3471.45
183|-3471.45|-3471.45
184|-3471.45|-3471.45
185|-3471.45|-3471.45
186|-3471.45|-3471.45
187|-3471.45|-3471.45
188|-3471.45|-3471.45
189|-3471.45|-3471.45
190|-3471.45|-3471.45
191|-3471.45|-3471.45
192|-3471.45|-3471.45
193|-3471.45|-3471.45
194|-3471.45|-3471.45
195|-3471.45|-3471.45
196|-3471.45|-3471.45
197|-3471.45|-3471.45
198|-3471.45|-3471.45
199|-3471.45|-3471.45
200|-3471.45|-3471.45
201|-3471.45|-3471.45
202|-3471.45|-3471.45
203|-3471.45|-3471.45
204|-3471.45|-3471.45
205|-3471.45|-3471.45
206|-3471.45|-3471.45
207|-3471.45|-3471.45
208|-3471.45|-3471.45
209|-3471.45|-3471.45
210|-3471.45|-3471.45
211|-3471.45|-3471.45
212|-3471.45|-3471.45
213|-3471.45|-3471.45
214|-3471.45|-3471.45
215|-3471.45|-3471.45
216|-3471.45|-3471.45
217|-3471.45|-3471.45
218|-3471.45|-3471.45
219|-3471.45|-3471.45
220|-3471.45|-3471.45
221|-3471.45|-3471.45
222|-3471.45|-3471.45
223|-3471.45|-3471.45
EARLY STOP: TARGET FOUND
457770ms
