1|-1.85023|-1.85023
2|-2.26318|-2.26318
3|-2.60897|-2.60897
4|-2.66772|-2.66772
5|-3.40891|-3.40891
6|-3.43421|-3.43421
7|-3.44368|-3.44368
8|-3.44851|-3.44851
9|-3.45332|-3.45332
10|-4.44777|-4.44777
11|-4.44853|-4.44853
12|-4.44921|-4.44921
13|-4.44964|-4.44964
14|-4.44992|-4.44992
15|-4.45003|-4.45003
16|-4.45008|-4.45008
17|-4.45012|-4.45012
18|-4.45016|-4.45016
19|-4.45018|-4.45018
20|-4.4502|-4.4502
21|-4.45021|-4.45021
22|-4.45022|-4.45022
23|-4.45022|-4.45022
24|-4.45023|-4.45023
25|-4.45023|-4.45023
26|-4.45023|-4.45023
27|-4.45023|-4.45023
28|-4.45023|-4.45023
29|-4.45023|-4.45023
30|-4.45023|-4.45023
31|-4.45023|-4.45023
32|-4.45023|-4.45023
33|-4.45023|-4.45023
34|-4.45023|-4.45023
35|-4.45023|-4.45023
36|-4.45023|-4.45023
37|-4.45023|-4.45023
38|-4.45023|-4.45023
39|-4.45023|-4.45023
40|-4.45023|-4.45023
41|-4.45023|-4.45023
42|-4.45023|-4.45023
43|-4.45023|-4.45023
44|-4.45023|-4.45023
45|-4.45023|-4.45023
46|-4.45023|-4.45023
47|-4.45023|-4.45023
48|-4.45023|-4.45023
49|-4.45023|-4.45023
50|-4.45023|-4.45023
51|-4.45023|-4.45023
52|-4.45023|-4.45023
53|-4.45023|-4.45023
54|-4.45023|-4.45023
55|-4.45023|-4.45023
56|-4.45023|-4.45023
57|-4.45023|-4.45023
58|-4.45023|-4.45023
59|-4.45023|-4.45023
60|-4.45023|-4.45023
61|-4.45023|-4.45023
62|-4.45023|-4.45023
63|-4.45023|-4.45023
64|-4.45023|-4.45023
65|-4.45023|-4.45023
66|-4.45023|-4.45023
67|-4.45023|-4.45023
68|-4.45023|-4.45023
69|-4.45023|-4.45023
70|-4.45023|-4.45023
71|-4.45023|-4.45023
72|-4.45023|-4.45023
73|-4.45023|-4.45023
74|-4.45023|-4.45023
75|-4.45023|-4.45023
76|-4.45023|-4.45023
77|-4.45023|-4.45023
78|-4.45023|-4.45023
79|-4.45023|-4.45023
80|-4.45023|-4.45023
81|-4.45023|-4.45023
82|-4.45023|-4.45023
83|-4.45023|-4.45023
84|-4.45023|-4.45023
85|-4.45023|-4.45023
86|-4.45023|-4.45023
87|-4.45023|-4.45023
88|-4.45023|-4.45023
89|-4.45023|-4.45023
90|-4.45023|-4.45023
91|-4.45023|-4.45023
92|-4.45023|-4.45023
93|-4.45023|-4.45023
94|-4.45023|-4.45023
95|-4.45023|-4.45023
96|-4.45023|-4.45023
97|-4.45023|-4.45023
98|-4.45023|-4.45023
99|-4.45023|-4.45023
100|-4.45023|-4.45023
101|-4.45023|-4.45023
102|-4.45023|-4.45023
103|-4.45023|-4.45023
104|-4.45023|-4.45023
105|-4.45023|-4.45023
106|-4.45023|-4.45023
107|-4.45023|-4.45023
108|-4.45023|-4.45023
109|-4.45023|-4.45023
110|-4.45023|-4.45023
111|-4.45023|-4.45023
112|-4.45023|-4.45023
113|-4.45023|-4.45023
114|-4.45023|-4.45023
115|-4.45023|-4.45023
116|-4.45023|-4.45023
117|-4.45023|-4.45023
118|-4.45023|-4.45023
119|-4.45023|-4.45023
120|-4.45023|-4.45023
121|-4.45023|-4.45023
122|-4.45023|-4.45023
123|-4.45023|-4.45023
124|-4.45023|-4.45023
125|-4.45023|-4.45023
126|-4.45023|-4.45023
127|-4.45023|-4.45023
128|-4.45023|-4.45023
129|-4.45023|-4.45023
130|-4.45023|-4.45023
131|-4.45023|-4.45023
132|-4.45023|-4.45023
133|-4.45023|-4.45023
134|-4.45023|-4.45023
135|-4.45023|-4.45023
136|-4.45023|-4.45023
137|-4.45023|-4.45023
138|-4.45023|-4.45023
139|-4.45023|-4.45023
140|-4.45023|-4.45023
141|-4.45023|-4.45023
142|-4.45023|-4.45023
143|-4.45023|-4.45023
144|-4.45023|-4.45023
145|-4.45023|-4.45023
146|-4.45023|-4.45023
147|-4.45023|-4.45023
148|-4.45023|-4.45023
149|-4.45023|-4.45023
150|-4.45023|-4.45023
151|-4.45023|-4.45023
152|-4.45023|-4.45023
153|-4.45023|-4.45023
154|-4.45023|-4.45023
155|-4.45023|-4.45023
156|-4.45023|-4.45023
157|-4.45023|-4.45023
158|-4.45023|-4.45023
159|-4.45023|-4.45023
160|-4.45023|-4.45023
161|-4.45023|-4.45023
162|-4.45023|-4.45023
163|-4.45023|-4.45023
164|-4.45023|-4.45023
165|-4.45023|-4.45023
166|-4.45023|-4.45023
167|-4.45023|-4.45023
168|-4.45023|-4.45023
169|-4.45023|-4.45023
170|-4.45023|-4.45023
171|-4.45023|-4.45023
172|-4.45023|-4.45023
173|-4.45023|-4.45023
174|-4.45023|-4.45023
175|-4.45023|-4.45023
176|-4.45023|-4.45023
177|-4.45023|-4.45023
178|-4.45023|-4.45023
179|-4.45023|-4.45023
EARLY STOP: TARGET FOUND
69166ms
