1|195.322|195.322
2|172.465|172.465
3|152.02|152.02
4|133.59|133.59
5|116.385|116.385
6|103.605|103.605
7|90.9448|90.9448
8|79.2653|79.2653
9|68.1923|68.1923
10|58.6927|58.6927
11|51.3284|51.3284
12|44.045|44.045
13|39.7913|39.7913
14|35.6154|35.6154
15|31.7589|31.7589
16|28.3021|28.3021
17|25.3928|25.3928
18|23.0341|23.0341
19|20.7279|20.7279
20|18.5709|18.5709
21|16.5548|16.5548
22|15.4078|15.4078
23|14.2744|14.2744
24|13.1529|13.1529
25|12.0358|12.0358
26|10.9367|10.9367
27|10.0386|10.0386
28|9.16674|9.16674
29|8.30761|8.30761
30|7.58736|7.58736
31|6.86913|6.86913
32|6.15257|6.15257
33|5.4531|5.4531
34|4.88962|4.88962
35|4.39001|4.39001
36|3.97806|3.97806
37|3.71177|3.71177
38|3.44591|3.44591
39|3.18286|3.18286
40|2.92336|2.92336
41|2.66519|2.66519
42|2.41165|2.41165
43|2.16032|2.16032
44|1.91794|1.91794
45|1.70262|1.70262
46|1.5608|1.5608
47|1.43205|1.43205
48|1.30969|1.30969
49|1.19897|1.19897
50|1.09149|1.09149
51|1.02706|1.02706
52|0.969182|0.969182
53|0.912836|0.912836
54|0.85671|0.85671
55|0.801695|0.801695
56|0.746972|0.746972
57|0.69402|0.69402
58|0.641734|0.641734
59|0.589673|0.589673
60|0.538115|0.538115
61|0.486976|0.486976
62|0.437006|0.437006
63|0.388141|0.388141
64|0.341274|0.341274
65|0.296885|0.296885
66|0.257655|0.257655
67|0.226797|0.226797
68|0.207865|0.207865
69|0.19066|0.19066
70|0.174254|0.174254
71|0.159086|0.159086
72|0.146067|0.146067
73|0.133232|0.133232
74|0.123495|0.123495
75|0.114522|0.114522
76|0.105659|0.105659
77|0.0973519|0.0973519
78|0.0891901|0.0891901
79|0.0819144|0.0819144
80|0.0749714|0.0749714
81|0.0681409|0.0681409
82|0.061562|0.061562
83|0.0567772|0.0567772
84|0.0521112|0.0521112
85|0.0476186|0.0476186
86|0.0434026|0.0434026
87|0.0393772|0.0393772
88|0.0355744|0.0355744
89|0.0318576|0.0318576
90|0.0284549|0.0284549
91|0.0251264|0.0251264
92|0.0220291|0.0220291
93|0.0192451|0.0192451
94|0.0174377|0.0174377
95|0.0157279|0.0157279
96|0.0140353|0.0140353
97|0.0124177|0.0124177
98|0.0112254|0.0112254
99|0.0100923|0.0100923
100|0.00904605|0.00904605
EARLY STOP: TARGET FOUND
1137365ms
