1|-3.96536|-3.96536
2|-4.83771|-4.83771
3|-5.67518|-5.67518
4|-6.50103|-6.50103
5|-7.32507|-7.32507
6|-8.14415|-8.14415
7|-8.90693|-8.90693
8|-9.57887|-9.57887
9|-10.1815|-10.1815
10|-10.7556|-10.7556
11|-11.2852|-11.2852
12|-11.7675|-11.7675
13|-12.0931|-12.0931
14|-12.6355|-12.6355
15|-12.9605|-12.9605
16|-13.4633|-13.4633
17|-13.7483|-13.7483
18|-14.0208|-14.0208
19|-14.3642|-14.3642
20|-14.5818|-14.5818
21|-15.2807|-15.2807
22|-15.4876|-15.4876
23|-15.6712|-15.6712
24|-15.8544|-15.8544
25|-16.0098|-16.0098
26|-16.6474|-16.6474
27|-16.7981|-16.7981
28|-16.9269|-16.9269
29|-17.4432|-17.4432
30|-17.5693|-17.5693
31|-17.691|-17.691
32|-17.8099|-17.8099
33|-17.9273|-17.9273
34|-18.0439|-18.0439
35|-18.3436|-18.3436
36|-18.6793|-18.6793
37|-18.7921|-18.7921
38|-18.8905|-18.8905
39|-18.9833|-18.9833
40|-19.0756|-19.0756
41|-19.1616|-19.1616
42|-19.2456|-19.2456
43|-19.3243|-19.3243
44|-19.3996|-19.3996
45|-20.1737|-20.1737
46|-20.2578|-20.2578
47|-20.3294|-20.3294
48|-20.6845|-20.6845
49|-20.7535|-20.7535
50|-20.8074|-20.8074
51|-20.8508|-20.8508
52|-20.8916|-20.8916
53|-20.9321|-20.9321
54|-21.0482|-21.0482
55|-21.0834|-21.0834
56|-21.1131|-21.1131
57|-21.142|-21.142
58|-21.1686|-21.1686
59|-21.194|-21.194
60|-21.2165|-21.2165
61|-21.2713|-21.2713
62|-21.8394|-21.8394
63|-21.9979|-21.9979
64|-22.0184|-22.0184
65|-22.0377|-22.0377
66|-22.0529|-22.0529
67|-22.0672|-22.0672
68|-22.0794|-22.0794
69|-22.0901|-22.0901
70|-22.1003|-22.1003
71|-22.1105|-22.1105
72|-22.1197|-22.1197
73|-22.1287|-22.1287
74|-22.1348|-22.1348
75|-22.1401|-22.1401
76|-22.145|-22.145
77|-22.1493|-22.1493
78|-22.1532|-22.1532
79|-22.1888|-22.1888
80|-22.5407|-22.5407
81|-22.7924|-22.7924
82|-22.8524|-22.8524
83|-22.8563|-22.8563
84|-22.8601|-22.8601
85|-22.8635|-22.8635
86|-22.8667|-22.8667
87|-22.8697|-22.8697
88|-22.8728|-22.8728
89|-22.8753|-22.8753
90|-22.8776|-22.8776
91|-22.8797|-22.8797
92|-22.8817|-22.8817
93|-22.8836|-22.8836
94|-22.8856|-22.8856
95|-22.8873|-22.8873
96|-22.8889|-22.8889
97|-22.8905|-22.8905
98|-22.8919|-22.8919
99|-22.8932|-22.8932
100|-22.8945|-22.8945
101|-22.8956|-22.8956
102|-22.8965|-22.8965
103|-22.8974|-22.8974
104|-22.8982|-22.8982
105|-22.899|-22.899
106|-22.8998|-22.8998
107|-22.9006|-22.9006
108|-22.9013|-22.9013
109|-22.9021|-22.9021
110|-22.9027|-22.9027
111|-22.9033|-22.9033
112|-22.9039|-22.9039
113|-22.9044|-22.9044
114|-22.9049|-22.9049
115|-22.9053|-22.9053
116|-22.9057|-22.9057
117|-22.906|-22.906
118|-22.9063|-22.9063
119|-22.9066|-22.9066
120|-22.9069|-22.9069
121|-22.9072|-22.9072
122|-22.9074|-22.9074
123|-22.9076|-22.9076
124|-22.9078|-22.9078
125|-22.908|-22.908
126|-22.9082|-22.9082
127|-22.9083|-22.9083
128|-22.9085|-22.9085
129|-22.9086|-22.9086
130|-22.9088|-22.9088
131|-22.9089|-22.9089
132|-22.909|-22.909
133|-22.9091|-22.9091
134|-22.9092|-22.9092
135|-22.9093|-22.9093
136|-22.9094|-22.9094
137|-22.9095|-22.9095
138|-22.9096|-22.9096
139|-22.9096|-22.9096
140|-22.9097|-22.9097
141|-22.9098|-22.9098
142|-22.9098|-22.9098
143|-22.9099|-22.9099
144|-22.91|-22.91
145|-22.91|-22.91
146|-22.9101|-22.9101
147|-22.9101|-22.9101
148|-22.9102|-22.9102
149|-22.9102|-22.9102
150|-22.9103|-22.9103
151|-22.9103|-22.9103
152|-22.9104|-22.9104
153|-22.9104|-22.9104
154|-22.9104|-22.9104
155|-22.9104|-22.9104
156|-22.9105|-22.9105
157|-22.9105|-22.9105
158|-22.9105|-22.9105
159|-22.9105|-22.9105
160|-22.9106|-22.9106
161|-22.9106|-22.9106
162|-22.9106|-22.9106
163|-22.9106|-22.9106
164|-22.9106|-22.9106
165|-22.9107|-22.9107
166|-22.9107|-22.9107
167|-22.9107|-22.9107
168|-22.9107|-22.9107
169|-22.9107|-22.9107
170|-22.9107|-22.9107
171|-22.9107|-22.9107
172|-22.9107|-22.9107
173|-22.9107|-22.9107
174|-22.9107|-22.9107
175|-22.9107|-22.9107
176|-22.9107|-22.9107
177|-22.9107|-22.9107
178|-22.9107|-22.9107
179|-22.9107|-22.9107
180|-22.9107|-22.9107
181|-22.9107|-22.9107
182|-22.9107|-22.9107
183|-22.9107|-22.9107
184|-22.9107|-22.9107
185|-22.9107|-22.9107
186|-22.9107|-22.9107
187|-22.9107|-22.9107
188|-22.9107|-22.9107
189|-22.9107|-22.9107
190|-22.9107|-22.9107
191|-22.9107|-22.9107
192|-22.9107|-22.9107
193|-22.9107|-22.9107
194|-22.9107|-22.9107
195|-22.9107|-22.9107
196|-22.9107|-22.9107
197|-22.9107|-22.9107
198|-22.9107|-22.9107
199|-22.9107|-22.9107
200|-22.9107|-22.9107
201|-22.9107|-22.9107
202|-22.9107|-22.9107
203|-22.9107|-22.9107
204|-22.9107|-22.9107
205|-22.9107|-22.9107
206|-22.9107|-22.9107
207|-22.9107|-22.9107
208|-22.9107|-22.9107
209|-22.9107|-22.9107
210|-22.9107|-22.9107
211|-22.9107|-22.9107
212|-22.9107|-22.9107
213|-22.9107|-22.9107
214|-22.9107|-22.9107
215|-22.9107|-22.9107
216|-22.9107|-22.9107
217|-22.9107|-22.9107
218|-22.9107|-22.9107
219|-22.9107|-22.9107
220|-22.9107|-22.9107
221|-22.9107|-22.9107
222|-22.9107|-22.9107
223|-22.9107|-22.9107
224|-22.9107|-22.9107
225|-22.9107|-22.9107
226|-22.9107|-22.9107
227|-22.9107|-22.9107
228|-22.9107|-22.9107
229|-22.9107|-22.9107
230|-22.9107|-22.9107
231|-22.9107|-22.9107
232|-22.9107|-22.9107
233|-22.9107|-22.9107
234|-22.9107|-22.9107
235|-22.9107|-22.9107
236|-22.9107|-22.9107
237|-22.9107|-22.9107
238|-22.9107|-22.9107
239|-22.9107|-22.9107
240|-22.9107|-22.9107
241|-22.9107|-22.9107
242|-22.9107|-22.9107
243|-22.9107|-22.9107
244|-22.9107|-22.9107
245|-22.9107|-22.9107
246|-22.9107|-22.9107
247|-22.9107|-22.9107
248|-22.9107|-22.9107
249|-22.9107|-22.9107
250|-22.9107|-22.9107
251|-22.9107|-22.9107
252|-22.9107|-22.9107
253|-22.9107|-22.9107
254|-22.9107|-22.9107
255|-22.9107|-22.9107
256|-22.9107|-22.9107
257|-22.9107|-22.9107
258|-22.9107|-22.9107
259|-22.9107|-22.9107
260|-22.9107|-22.9107
261|-22.9107|-22.9107
262|-22.9107|-22.9107
263|-22.9107|-22.9107
264|-22.9107|-22.9107
265|-22.9107|-22.9107
266|-22.9107|-22.9107
267|-22.9107|-22.9107
268|-22.9107|-22.9107
269|-22.9107|-22.9107
270|-22.9107|-22.9107
271|-22.9107|-22.9107
272|-22.9107|-22.9107
273|-22.9107|-22.9107
274|-22.9107|-22.9107
275|-22.9107|-22.9107
276|-22.9107|-22.9107
277|-22.9107|-22.9107
278|-22.9107|-22.9107
279|-22.9107|-22.9107
280|-22.9107|-22.9107
281|-22.9107|-22.9107
282|-22.9107|-22.9107
283|-22.9107|-22.9107
284|-22.9107|-22.9107
285|-22.9107|-22.9107
286|-22.9107|-22.9107
287|-22.9107|-22.9107
288|-22.9107|-22.9107
289|-22.9107|-22.9107
290|-22.9107|-22.9107
291|-22.9107|-22.9107
292|-22.9107|-22.9107
293|-22.9107|-22.9107
294|-22.9107|-22.9107
295|-22.9107|-22.9107
296|-22.9107|-22.9107
297|-22.9107|-22.9107
298|-22.9107|-22.9107
299|-22.9107|-22.9107
300|-22.9107|-22.9107
301|-22.9107|-22.9107
302|-22.9107|-22.9107
303|-22.9107|-22.9107
304|-22.9107|-22.9107
305|-22.9107|-22.9107
306|-22.9107|-22.9107
307|-22.9107|-22.9107
308|-22.9107|-22.9107
309|-22.9107|-22.9107
310|-22.9107|-22.9107
311|-22.9107|-22.9107
312|-22.9107|-22.9107
313|-22.9107|-22.9107
314|-22.9107|-22.9107
315|-22.9107|-22.9107
316|-22.9107|-22.9107
317|-22.9107|-22.9107
318|-22.9107|-22.9107
319|-22.9107|-22.9107
320|-22.9107|-22.9107
321|-22.9107|-22.9107
322|-22.9107|-22.9107
323|-22.9107|-22.9107
324|-22.9107|-22.9107
325|-22.9107|-22.9107
EARLY STOP: TARGET FOUND
3738176ms
