1|66.5579|66.5579
2|51.4265|51.4265
3|43.2739|43.2739
4|35.5264|35.5264
5|28.0799|28.0799
6|21.0132|21.0132
7|14.4685|14.4685
8|11.7937|11.7937
9|9.71497|9.71497
10|8.80242|8.80242
11|8.1846|8.1846
12|7.77534|7.77534
13|7.52101|7.52101
14|7.28077|7.28077
15|7.08516|7.08516
16|7.028|7.028
17|7.00459|7.00459
18|6.99085|6.99085
19|6.98356|6.98356
20|6.97727|6.97727
21|6.97411|6.97411
22|6.97126|6.97126
23|6.97062|6.97062
24|6.97034|6.97034
25|6.97016|6.97016
26|6.97001|6.97001
27|6.96992|6.96992
28|6.96984|6.96984
29|6.9698|6.9698
30|6.96978|6.96978
31|6.96976|6.96976
32|6.96976|6.96976
33|6.96976|6.96976
34|6.96976|6.96976
35|6.96976|6.96976
36|6.96976|6.96976
37|6.96976|6.96976
38|6.96976|6.96976
39|6.96976|6.96976
40|6.96976|6.96976
41|6.96976|6.96976
42|6.96976|6.96976
43|6.96976|6.96976
44|6.96976|6.96976
45|6.96976|6.96976
46|6.96976|6.96976
47|6.96976|6.96976
48|6.96976|6.96976
49|6.96976|6.96976
50|6.96976|6.96976
51|6.96976|6.96976
52|6.96976|6.96976
53|6.96976|6.96976
54|6.96976|6.96976
55|6.96976|6.96976
56|6.96976|6.96976
57|6.96976|6.96976
58|6.96976|6.96976
59|6.96976|6.96976
60|6.96976|6.96976
61|6.96976|6.96976
62|6.96976|6.96976
63|6.96976|6.96976
64|6.96976|6.96976
65|6.96976|6.96976
66|6.96976|6.96976
67|6.96976|6.96976
68|6.96976|6.96976
69|6.96976|6.96976
70|6.96976|6.96976
71|6.96976|6.96976
72|6.96976|6.96976
73|6.96976|6.96976
74|6.96976|6.96976
75|6.96976|6.96976
76|6.96976|6.96976
77|6.96976|6.96976
78|6.96976|6.96976
79|6.96976|6.96976
80|6.96976|6.96976
81|6.96976|6.96976
82|6.96976|6.96976
83|6.96976|6.96976
84|6.96976|6.96976
85|6.96976|6.96976
86|6.96976|6.96976
87|6.96976|6.96976
88|6.96976|6.96976
89|6.96976|6.96976
90|6.96976|6.96976
91|6.96976|6.96976
92|6.96976|6.96976
93|6.96976|6.96976
94|6.96976|6.96976
95|6.96976|6.96976
96|6.96976|6.96976
97|6.96976|6.96976
98|6.96976|6.96976
99|6.96976|6.96976
100|6.96976|6.96976
101|6.96976|6.96976
102|6.96976|6.96976
103|6.96976|6.96976
104|6.96976|6.96976
105|6.96976|6.96976
106|6.96976|6.96976
107|6.96976|6.96976
108|6.96976|6.96976
109|6.96976|6.96976
110|6.96976|6.96976
111|6.96976|6.96976
112|6.96976|6.96976
113|6.96976|6.96976
114|6.96976|6.96976
115|6.96976|6.96976
116|6.96976|6.96976
117|6.96976|6.96976
118|6.96976|6.96976
119|6.96976|6.96976
120|6.96976|6.96976
121|6.96976|6.96976
122|6.96976|6.96976
123|6.96976|6.96976
124|6.96976|6.96976
125|6.96976|6.96976
126|6.96976|6.96976
127|6.96976|6.96976
128|6.96976|6.96976
129|6.96976|6.96976
130|6.96976|6.96976
131|6.96976|6.96976
132|6.96976|6.96976
133|6.96976|6.96976
134|6.96976|6.96976
135|6.96976|6.96976
136|6.96976|6.96976
137|6.96976|6.96976
138|6.96976|6.96976
139|6.96976|6.96976
140|6.96976|6.96976
141|6.96976|6.96976
142|6.96976|6.96976
143|6.96976|6.96976
144|6.96976|6.96976
145|6.96976|6.96976
146|6.96976|6.96976
147|6.96976|6.96976
148|6.96976|6.96976
149|6.96976|6.96976
150|6.96976|6.96976
151|6.96976|6.96976
152|6.96976|6.96976
153|6.96976|6.96976
154|6.96976|6.96976
155|6.96976|6.96976
156|6.96976|6.96976
157|6.96976|6.96976
158|6.96976|6.96976
159|6.96976|6.96976
160|6.96976|6.96976
161|6.96976|6.96976
162|6.96976|6.96976
163|6.96976|6.96976
164|6.96976|6.96976
165|6.96976|6.96976
166|6.96976|6.96976
167|6.96976|6.96976
168|6.96976|6.96976
169|6.96976|6.96976
170|6.96976|6.96976
171|6.96976|6.96976
172|6.96976|6.96976
173|6.96976|6.96976
174|6.96976|6.96976
175|6.96976|6.96976
176|6.96976|6.96976
177|6.96976|6.96976
178|6.96976|6.96976
179|6.96976|6.96976
180|6.96976|6.96976
181|6.96976|6.96976
182|6.96976|6.96976
183|6.96976|6.96976
EARLY STOP: TARGET FOUND
71192ms
