1|-1003.94|-1003.94
2|-1703.7|-1703.7
3|-2129.02|-2129.02
4|-2528.85|-2528.85
5|-2927.37|-2927.37
6|-3324.04|-3324.04
7|-3705.53|-3705.53
8|-4039.13|-4039.13
9|-4369.23|-4369.23
10|-4623|-4623
11|-4848.8|-4848.8
12|-5072.91|-5072.91
13|-5290.3|-5290.3
14|-5494.69|-5494.69
15|-5697.13|-5697.13
16|-5896.49|-5896.49
17|-6185.5|-6185.5
18|-6383.35|-6383.35
19|-6658.82|-6658.82
20|-6853.16|-6853.16
21|-7040.48|-7040.48
22|-7219.08|-7219.08
23|-7384.86|-7384.86
24|-7532.79|-7532.79
25|-7669.15|-7669.15
26|-7784.43|-7784.43
27|-7898.12|-7898.12
28|-7991.23|-7991.23
29|-8073.92|-8073.92
30|-8179.2|-8179.2
31|-8398.87|-8398.87
32|-8479.82|-8479.82
33|-8675.62|-8675.62
34|-8754.84|-8754.84
35|-8951.7|-8951.7
36|-9027.54|-9027.54
37|-9101.01|-9101.01
38|-9172.96|-9172.96
39|-9240.08|-9240.08
40|-9297.18|-9297.18
41|-9344.19|-9344.19
42|-9390.78|-9390.78
43|-9433.41|-9433.41
44|-9469.03|-9469.03
45|-9502.86|-9502.86
46|-9534.93|-9534.93
47|-9564.81|-9564.81
48|-9590.89|-9590.89
49|-9626.44|-9626.44
50|-9649.76|-9649.76
51|-9671.09|-9671.09
52|-9692.37|-9692.37
53|-9713.44|-9713.44
54|-9733.76|-9733.76
55|-9753.86|-9753.86
56|-9773.28|-9773.28
57|-9792.58|-9792.58
58|-9811.27|-9811.27
59|-9827.8|-9827.8
60|-9853.79|-9853.79
61|-9889.35|-9889.35
62|-9904.54|-9904.54
63|-9918.97|-9918.97
64|-9954.92|-9954.92
65|-9967.69|-9967.69
66|-9978.26|-9978.26
67|-9987.74|-9987.74
68|-10044.1|-10044.1
69|-10053.3|-10053.3
70|-10062.1|-10062.1
71|-10070.6|-10070.6
72|-10076.6|-10076.6
73|-10081.3|-10081.3
74|-10085.7|-10085.7
75|-10090.1|-10090.1
76|-10094.5|-10094.5
77|-10098.7|-10098.7
78|-10102.3|-10102.3
79|-10104.8|-10104.8
80|-10107.1|-10107.1
81|-10109.3|-10109.3
82|-10111.4|-10111.4
83|-10113.6|-10113.6
84|-10115.7|-10115.7
85|-10117.7|-10117.7
86|-10119.5|-10119.5
87|-10121.1|-10121.1
88|-10122.6|-10122.6
89|-10124|-10124
90|-10125.1|-10125.1
91|-10126.1|-10126.1
92|-10127.1|-10127.1
93|-10128.1|-10128.1
94|-10129|-10129
95|-10129.9|-10129.9
96|-10130.5|-10130.5
97|-10131.1|-10131.1
98|-10131.7|-10131.7
99|-10132.2|-10132.2
100|-10132.8|-10132.8
101|-10133.3|-10133.3
102|-10133.9|-10133.9
103|-10134.3|-10134.3
104|-10134.8|-10134.8
105|-10135.1|-10135.1
106|-10135.3|-10135.3
107|-10135.5|-10135.5
108|-10135.7|-10135.7
109|-10135.9|-10135.9
110|-10136.1|-10136.1
111|-10136.3|-10136.3
112|-10136.5|-10136.5
113|-10136.6|-10136.6
114|-10136.7|-10136.7
115|-10136.8|-10136.8
116|-10136.9|-10136.9
117|-10137|-10137
118|-10137.1|-10137.1
119|-10137.2|-10137.2
120|-10137.3|-10137.3
121|-10137.4|-10137.4
122|-10137.5|-10137.5
123|-10137.5|-10137.5
124|-10137.6|-10137.6
125|-10137.7|-10137.7
126|-10137.7|-10137.7
127|-10137.8|-10137.8
128|-10137.9|-10137.9
129|-10137.9|-10137.9
130|-10138|-10138
131|-10138.1|-10138.1
132|-10138.1|-10138.1
133|-10138.2|-10138.2
134|-10138.2|-10138.2
135|-10138.3|-10138.3
136|-10138.3|-10138.3
137|-10138.4|-10138.4
138|-10138.4|-10138.4
139|-10138.4|-10138.4
140|-10138.5|-10138.5
141|-10138.5|-10138.5
142|-10138.5|-10138.5
143|-10138.5|-10138.5
144|-10138.6|-10138.6
145|-10138.6|-10138.6
146|-10138.6|-10138.6
147|-10138.6|-10138.6
148|-10138.7|-10138.7
149|-10138.7|-10138.7
150|-10138.7|-10138.7
151|-10138.7|-10138.7
152|-10138.7|-10138.7
153|-10138.7|-10138.7
154|-10138.8|-10138.8
155|-10138.8|-10138.8
156|-10138.8|-10138.8
157|-10138.8|-10138.8
158|-10138.8|-10138.8
159|-10138.8|-10138.8
160|-10138.8|-10138.8
161|-10138.8|-10138.8
162|-10138.8|-10138.8
163|-10138.8|-10138.8
164|-10138.8|-10138.8
165|-10138.8|-10138.8
166|-10138.9|-10138.9
167|-10138.9|-10138.9
168|-10138.9|-10138.9
169|-10138.9|-10138.9
170|-10138.9|-10138.9
171|-10138.9|-10138.9
172|-10138.9|-10138.9
173|-10138.9|-10138.9
174|-10138.9|-10138.9
175|-10138.9|-10138.9
176|-10138.9|-10138.9
177|-10138.9|-10138.9
178|-10138.9|-10138.9
179|-10138.9|-10138.9
180|-10138.9|-10138.9
181|-10138.9|-10138.9
182|-10138.9|-10138.9
183|-10138.9|-10138.9
184|-10138.9|-10138.9
185|-10138.9|-10138.9
186|-10138.9|-10138.9
187|-10138.9|-10138.9
188|-10138.9|-10138.9
189|-10138.9|-10138.9
190|-10138.9|-10138.9
191|-10138.9|-10138.9
192|-10138.9|-10138.9
193|-10138.9|-10138.9
194|-10138.9|-10138.9
195|-10138.9|-10138.9
196|-10138.9|-10138.9
197|-10138.9|-10138.9
198|-10138.9|-10138.9
199|-10138.9|-10138.9
200|-10138.9|-10138.9
201|-10138.9|-10138.9
202|-10138.9|-10138.9
203|-10138.9|-10138.9
204|-10138.9|-10138.9
205|-10138.9|-10138.9
206|-10138.9|-10138.9
207|-10138.9|-10138.9
208|-10138.9|-10138.9
209|-10138.9|-10138.9
210|-10138.9|-10138.9
211|-10138.9|-10138.9
212|-10138.9|-10138.9
213|-10138.9|-10138.9
214|-10138.9|-10138.9
215|-10138.9|-10138.9
216|-10138.9|-10138.9
217|-10138.9|-10138.9
218|-10138.9|-10138.9
219|-10138.9|-10138.9
220|-10138.9|-10138.9
221|-10138.9|-10138.9
222|-10138.9|-10138.9
223|-10138.9|-10138.9
224|-10138.9|-10138.9
225|-10138.9|-10138.9
226|-10138.9|-10138.9
227|-10138.9|-10138.9
228|-10138.9|-10138.9
229|-10138.9|-10138.9
230|-10138.9|-10138.9
231|-10138.9|-10138.9
232|-10138.9|-10138.9
233|-10138.9|-10138.9
234|-10138.9|-10138.9
235|-10138.9|-10138.9
236|-10138.9|-10138.9
237|-10138.9|-10138.9
238|-10138.9|-10138.9
239|-10138.9|-10138.9
240|-10138.9|-10138.9
241|-10138.9|-10138.9
242|-10138.9|-10138.9
243|-10138.9|-10138.9
244|-10138.9|-10138.9
245|-10138.9|-10138.9
246|-10138.9|-10138.9
247|-10138.9|-10138.9
248|-10138.9|-10138.9
249|-10138.9|-10138.9
250|-10138.9|-10138.9
251|-10138.9|-10138.9
252|-10138.9|-10138.9
253|-10138.9|-10138.9
254|-10138.9|-10138.9
255|-10138.9|-10138.9
256|-10138.9|-10138.9
257|-10138.9|-10138.9
258|-10138.9|-10138.9
259|-10138.9|-10138.9
260|-10138.9|-10138.9
261|-10138.9|-10138.9
262|-10138.9|-10138.9
263|-10138.9|-10138.9
264|-10138.9|-10138.9
265|-10138.9|-10138.9
266|-10138.9|-10138.9
267|-10138.9|-10138.9
268|-10138.9|-10138.9
269|-10138.9|-10138.9
270|-10138.9|-10138.9
271|-10138.9|-10138.9
272|-10138.9|-10138.9
273|-10138.9|-10138.9
274|-10138.9|-10138.9
275|-10138.9|-10138.9
276|-10138.9|-10138.9
277|-10138.9|-10138.9
278|-10138.9|-10138.9
279|-10138.9|-10138.9
280|-10138.9|-10138.9
281|-10138.9|-10138.9
282|-10138.9|-10138.9
283|-10138.9|-10138.9
284|-10138.9|-10138.9
285|-10138.9|-10138.9
286|-10138.9|-10138.9
287|-10138.9|-10138.9
288|-10138.9|-10138.9
289|-10138.9|-10138.9
290|-10138.9|-10138.9
291|-10138.9|-10138.9
292|-10138.9|-10138.9
293|-10138.9|-10138.9
294|-10138.9|-10138.9
295|-10138.9|-10138.9
296|-10138.9|-10138.9
297|-10138.9|-10138.9
298|-10138.9|-10138.9
299|-10138.9|-10138.9
300|-10138.9|-10138.9
301|-10138.9|-10138.9
302|-10138.9|-10138.9
303|-10138.9|-10138.9
304|-10138.9|-10138.9
305|-10138.9|-10138.9
306|-10138.9|-10138.9
307|-10138.9|-10138.9
308|-10138.9|-10138.9
309|-10138.9|-10138.9
310|-10138.9|-10138.9
311|-10138.9|-10138.9
312|-10138.9|-10138.9
313|-10138.9|-10138.9
314|-10138.9|-10138.9
315|-10138.9|-10138.9
316|-10138.9|-10138.9
317|-10138.9|-10138.9
318|-10138.9|-10138.9
319|-10138.9|-10138.9
320|-10138.9|-10138.9
321|-10138.9|-10138.9
322|-10138.9|-10138.9
323|-10138.9|-10138.9
324|-10138.9|-10138.9
325|-10138.9|-10138.9
326|-10138.9|-10138.9
327|-10138.9|-10138.9
328|-10138.9|-10138.9
329|-10138.9|-10138.9
330|-10138.9|-10138.9
331|-10138.9|-10138.9
332|-10138.9|-10138.9
333|-10138.9|-10138.9
334|-10138.9|-10138.9
335|-10138.9|-10138.9
336|-10138.9|-10138.9
337|-10138.9|-10138.9
338|-10138.9|-10138.9
EARLY STOP: TARGET FOUND
5600090ms
