1|-0.817192|-0.817192
2|-1.57679|-1.57679
3|-2.13523|-2.13523
4|-2.69303|-2.69303
5|-3.10791|-3.10791
6|-3.28702|-3.28702
7|-3.46327|-3.46327
8|-3.50236|-3.50236
9|-3.52894|-3.52894
10|-3.54791|-3.54791
11|-3.5613|-3.5613
12|-3.89064|-3.89064
13|-4.06897|-4.06897
14|-4.16029|-4.16029
15|-4.17245|-4.17245
16|-4.1836|-4.1836
17|-4.18878|-4.18878
18|-4.19156|-4.19156
19|-4.19399|-4.19399
20|-4.19635|-4.19635
21|-4.19691|-4.19691
22|-4.19726|-4.19726
23|-4.19745|-4.19745
24|-4.19754|-4.19754
25|-4.19761|-4.19761
26|-4.19768|-4.19768
27|-4.1977|-4.1977
28|-4.19771|-4.19771
29|-4.19772|-4.19772
30|-4.19772|-4.19772
31|-4.19772|-4.19772
32|-4.19772|-4.19772
33|-4.19772|-4.19772
34|-4.19772|-4.19772
35|-4.19772|-4.19772
36|-4.19772|-4.19772
37|-4.19772|-4.19772
38|-4.19772|-4.19772
39|-4.19772|-4.19772
40|-4.19772|-4.19772
41|-4.19772|-4.19772
42|-4.19772|-4.19772
43|-4.19772|-4.19772
44|-4.19772|-4.19772
45|-4.19772|-4.19772
46|-4.19772|-4.19772
47|-4.19772|-4.19772
48|-4.19772|-4.19772
49|-4.19772|-4.19772
50|-4.19772|-4.19772
51|-4.19772|-4.19772
52|-4.19772|-4.19772
53|-4.19772|-4.19772
54|-4.19772|-4.19772
55|-4.19772|-4.19772
56|-4.19772|-4.19772
57|-4.19772|-4.19772
58|-4.19772|-4.19772
59|-4.19772|-4.19772
60|-4.19772|-4.19772
61|-4.19772|-4.19772
62|-4.19772|-4.19772
63|-4.19772|-4.19772
64|-4.19772|-4.19772
65|-4.19772|-4.19772
66|-4.19772|-4.19772
67|-4.19772|-4.19772
68|-4.19772|-4.19772
69|-4.19772|-4.19772
70|-4.19772|-4.19772
71|-4.19772|-4.19772
72|-4.19772|-4.19772
73|-4.19772|-4.19772
74|-4.19772|-4.19772
75|-4.19772|-4.19772
76|-4.19772|-4.19772
77|-4.19772|-4.19772
78|-4.19772|-4.19772
79|-4.19772|-4.19772
80|-4.19772|-4.19772
81|-4.19772|-4.19772
82|-4.19772|-4.19772
83|-4.19772|-4.19772
84|-4.19772|-4.19772
85|-4.19772|-4.19772
86|-4.19772|-4.19772
87|-4.19772|-4.19772
88|-4.19772|-4.19772
89|-4.19772|-4.19772
90|-4.19772|-4.19772
91|-4.19772|-4.19772
92|-4.19772|-4.19772
93|-4.19772|-4.19772
94|-4.19772|-4.19772
95|-4.19772|-4.19772
96|-4.19772|-4.19772
97|-4.19772|-4.19772
98|-4.19772|-4.19772
99|-4.19772|-4.19772
100|-4.19772|-4.19772
101|-4.19772|-4.19772
102|-4.19772|-4.19772
103|-4.19772|-4.19772
104|-4.19772|-4.19772
105|-4.19772|-4.19772
106|-4.19772|-4.19772
107|-4.19772|-4.19772
108|-4.19772|-4.19772
109|-4.19772|-4.19772
110|-4.19772|-4.19772
111|-4.19772|-4.19772
112|-4.19772|-4.19772
113|-4.19772|-4.19772
114|-4.19772|-4.19772
115|-4.19772|-4.19772
116|-4.19772|-4.19772
117|-4.19772|-4.19772
118|-4.19772|-4.19772
119|-4.19772|-4.19772
120|-4.19772|-4.19772
121|-4.19772|-4.19772
122|-4.19772|-4.19772
123|-4.19772|-4.19772
124|-4.19772|-4.19772
125|-4.19772|-4.19772
126|-4.19772|-4.19772
127|-4.19772|-4.19772
128|-4.19772|-4.19772
129|-4.19772|-4.19772
130|-4.19772|-4.19772
131|-4.19772|-4.19772
132|-4.19772|-4.19772
133|-4.19772|-4.19772
134|-4.19772|-4.19772
135|-4.19772|-4.19772
136|-4.19772|-4.19772
137|-4.19772|-4.19772
138|-4.19772|-4.19772
139|-4.19772|-4.19772
140|-4.19772|-4.19772
141|-4.19772|-4.19772
142|-4.19772|-4.19772
143|-4.19772|-4.19772
144|-4.19772|-4.19772
145|-4.19772|-4.19772
146|-4.19772|-4.19772
147|-4.19772|-4.19772
148|-4.19772|-4.19772
149|-4.19772|-4.19772
150|-4.19772|-4.19772
151|-4.19772|-4.19772
152|-4.19772|-4.19772
153|-4.19772|-4.19772
154|-4.19772|-4.19772
155|-4.19772|-4.19772
156|-4.19772|-4.19772
157|-4.19772|-4.19772
158|-4.19772|-4.19772
159|-4.19772|-4.19772
160|-4.19772|-4.19772
161|-4.19772|-4.19772
162|-4.19772|-4.19772
163|-4.19772|-4.19772
164|-4.19772|-4.19772
165|-4.19772|-4.19772
166|-4.19772|-4.19772
167|-4.19772|-4.19772
168|-4.19772|-4.19772
169|-4.19772|-4.19772
170|-4.19772|-4.19772
171|-4.19772|-4.19772
172|-4.19772|-4.19772
173|-4.19772|-4.19772
174|-4.19772|-4.19772
175|-4.19772|-4.19772
176|-4.19772|-4.19772
177|-4.19772|-4.19772
178|-4.19772|-4.19772
179|-4.19772|-4.19772
180|-4.19772|-4.19772
181|-4.19772|-4.19772
EARLY STOP: TARGET FOUND
69578ms
