1|39.14|39.14
2|27.3593|27.3593
3|16.9167|16.9167
4|12.4151|12.4151
5|8.26763|8.26763
6|7.44527|7.44527
7|7.22056|7.22056
8|7.03945|7.03945
9|7.00807|7.00807
10|6.98701|6.98701
11|6.97731|6.97731
12|6.97409|6.97409
13|6.97075|6.97075
14|6.96792|6.96792
15|6.96626|6.96626
16|6.96538|6.96538
17|6.96518|6.96518
18|6.96499|6.96499
19|6.96486|6.96486
20|6.96482|6.96482
21|6.96478|6.96478
22|6.96475|6.96475
23|6.96473|6.96473
24|6.96472|6.96472
25|6.96471|6.96471
26|6.96471|6.96471
27|6.96471|6.96471
28|6.96471|6.96471
29|6.96471|6.96471
30|6.96471|6.96471
31|6.96471|6.96471
32|6.96471|6.96471
33|6.96471|6.96471
34|6.96471|6.96471
35|6.96471|6.96471
36|6.96471|6.96471
37|6.96471|6.96471
38|6.96471|6.96471
39|6.96471|6.96471
40|6.96471|6.96471
41|6.96471|6.96471
42|6.96471|6.96471
43|6.96471|6.96471
44|6.96471|6.96471
45|6.96471|6.96471
46|6.96471|6.96471
47|6.96471|6.96471
48|6.96471|6.96471
49|6.96471|6.96471
50|6.96471|6.96471
51|6.96471|6.96471
52|6.96471|6.96471
53|6.96471|6.96471
54|6.96471|6.96471
55|6.96471|6.96471
56|6.96471|6.96471
57|6.96471|6.96471
58|6.96471|6.96471
59|6.96471|6.96471
60|6.96471|6.96471
61|6.96471|6.96471
62|6.96471|6.96471
63|6.96471|6.96471
64|6.96471|6.96471
65|6.96471|6.96471
66|6.96471|6.96471
67|6.96471|6.96471
68|6.96471|6.96471
69|6.96471|6.96471
70|6.96471|6.96471
71|6.96471|6.96471
72|6.96471|6.96471
73|6.96471|6.96471
74|6.96471|6.96471
75|6.96471|6.96471
76|6.96471|6.96471
77|6.96471|6.96471
78|6.96471|6.96471
79|6.96471|6.96471
80|6.96471|6.96471
81|6.96471|6.96471
82|6.96471|6.96471
83|6.96471|6.96471
84|6.96471|6.96471
85|6.96471|6.96471
86|6.96471|6.96471
87|6.96471|6.96471
88|6.96471|6.96471
89|6.96471|6.96471
90|6.96471|6.96471
91|6.96471|6.96471
92|6.96471|6.96471
93|6.96471|6.96471
94|6.96471|6.96471
95|6.96471|6.96471
96|6.96471|6.96471
97|6.96471|6.96471
98|6.96471|6.96471
99|6.96471|6.96471
100|6.96471|6.96471
101|6.96471|6.96471
102|6.96471|6.96471
103|6.96471|6.96471
104|6.96471|6.96471
105|6.96471|6.96471
106|6.96471|6.96471
107|6.96471|6.96471
108|6.96471|6.96471
109|6.96471|6.96471
110|6.96471|6.96471
111|6.96471|6.96471
112|6.96471|6.96471
113|6.96471|6.96471
114|6.96471|6.96471
115|6.96471|6.96471
116|6.96471|6.96471
117|6.96471|6.96471
118|6.96471|6.96471
119|6.96471|6.96471
120|6.96471|6.96471
121|6.96471|6.96471
122|6.96471|6.96471
123|6.96471|6.96471
124|6.96471|6.96471
125|6.96471|6.96471
126|6.96471|6.96471
127|6.96471|6.96471
128|6.96471|6.96471
129|6.96471|6.96471
130|6.96471|6.96471
131|6.96471|6.96471
132|6.96471|6.96471
133|6.96471|6.96471
134|6.96471|6.96471
135|6.96471|6.96471
136|6.96471|6.96471
137|6.96471|6.96471
138|6.96471|6.96471
139|6.96471|6.96471
140|6.96471|6.96471
141|6.96471|6.96471
142|6.96471|6.96471
143|6.96471|6.96471
144|6.96471|6.96471
145|6.96471|6.96471
146|6.96471|6.96471
147|6.96471|6.96471
148|6.96471|6.96471
149|6.96471|6.96471
150|6.96471|6.96471
151|6.96471|6.96471
152|6.96471|6.96471
153|6.96471|6.96471
154|6.96471|6.96471
155|6.96471|6.96471
156|6.96471|6.96471
157|6.96471|6.96471
158|6.96471|6.96471
159|6.96471|6.96471
160|6.96471|6.96471
161|6.96471|6.96471
162|6.96471|6.96471
163|6.96471|6.96471
164|6.96471|6.96471
165|6.96471|6.96471
166|6.96471|6.96471
167|6.96471|6.96471
168|6.96471|6.96471
169|6.96471|6.96471
170|6.96471|6.96471
171|6.96471|6.96471
172|6.96471|6.96471
173|6.96471|6.96471
174|6.96471|6.96471
175|6.96471|6.96471
176|6.96471|6.96471
177|6.96471|6.96471
EARLY STOP: TARGET FOUND
69365ms
