1|-143.647|-143.647
2|-837.12|-837.12
3|-1300.13|-1300.13
4|-1742.13|-1742.13
5|-2171.53|-2171.53
6|-2587.31|-2587.31
7|-2998.63|-2998.63
8|-3378.89|-3378.89
9|-3758.51|-3758.51
10|-4133.28|-4133.28
11|-4484.48|-4484.48
12|-4812.56|-4812.56
13|-5134.78|-5134.78
14|-5343.76|-5343.76
15|-5547.98|-5547.98
16|-5748.87|-5748.87
17|-5949.61|-5949.61
18|-6148.77|-6148.77
19|-6504.66|-6504.66
20|-6698.71|-6698.71
21|-6881.48|-6881.48
22|-7058.43|-7058.43
23|-7226.83|-7226.83
24|-7394.6|-7394.6
25|-7556.88|-7556.88
26|-7716.78|-7716.78
27|-7858.49|-7858.49
28|-7999.65|-7999.65
29|-8117.63|-8117.63
30|-8214.9|-8214.9
31|-8455.88|-8455.88
32|-8547.67|-8547.67
33|-8803.61|-8803.61
34|-8893.72|-8893.72
35|-8967.71|-8967.71
36|-9038.71|-9038.71
37|-9106.03|-9106.03
38|-9171.82|-9171.82
39|-9252.77|-9252.77
40|-9317.64|-9317.64
41|-9404.73|-9404.73
42|-9449.36|-9449.36
43|-9492.31|-9492.31
44|-9528.29|-9528.29
45|-9564.07|-9564.07
46|-9615.95|-9615.95
47|-9641.08|-9641.08
48|-9664.88|-9664.88
49|-9686.38|-9686.38
50|-9707.62|-9707.62
51|-9728.33|-9728.33
52|-9748.35|-9748.35
53|-9768.12|-9768.12
54|-9785.6|-9785.6
55|-9800.24|-9800.24
56|-9814.48|-9814.48
57|-9827.17|-9827.17
58|-9869.51|-9869.51
59|-9887.14|-9887.14
60|-9898.61|-9898.61
61|-9907.44|-9907.44
62|-9916.21|-9916.21
63|-9924.78|-9924.78
64|-9960.92|-9960.92
65|-9978.59|-9978.59
66|-9986.56|-9986.56
67|-9992.31|-9992.31
68|-9997.94|-9997.94
69|-10030.2|-10030.2
70|-10048|-10048
71|-10056.8|-10056.8
72|-10062|-10062
73|-10067.3|-10067.3
74|-10071.7|-10071.7
75|-10076.1|-10076.1
76|-10080.4|-10080.4
77|-10084.6|-10084.6
78|-10088.4|-10088.4
79|-10091.8|-10091.8
80|-10095|-10095
81|-10097.2|-10097.2
82|-10099.4|-10099.4
83|-10101.6|-10101.6
84|-10103.6|-10103.6
85|-10105.5|-10105.5
86|-10107.2|-10107.2
87|-10109|-10109
88|-10110.3|-10110.3
89|-10111.6|-10111.6
90|-10112.9|-10112.9
91|-10114.2|-10114.2
92|-10115.3|-10115.3
93|-10116.4|-10116.4
94|-10117.5|-10117.5
95|-10118.5|-10118.5
96|-10119.4|-10119.4
97|-10120.3|-10120.3
98|-10121.2|-10121.2
99|-10122|-10122
100|-10122.8|-10122.8
101|-10123.4|-10123.4
102|-10124.1|-10124.1
103|-10124.6|-10124.6
104|-10125.2|-10125.2
105|-10125.7|-10125.7
106|-10126.2|-10126.2
107|-10126.6|-10126.6
108|-10127|-10127
109|-10127.3|-10127.3
110|-10127.6|-10127.6
111|-10128|-10128
112|-10128.3|-10128.3
113|-10128.5|-10128.5
114|-10128.8|-10128.8
115|-10129.1|-10129.1
116|-10129.3|-10129.3
117|-10129.6|-10129.6
118|-10129.8|-10129.8
119|-10130|-10130
120|-10130.4|-10130.4
121|-10130.5|-10130.5
122|-10130.7|-10130.7
123|-10130.9|-10130.9
124|-10131.1|-10131.1
125|-10131.2|-10131.2
126|-10131.3|-10131.3
127|-10131.4|-10131.4
128|-10131.5|-10131.5
129|-10131.6|-10131.6
130|-10131.7|-10131.7
131|-10131.7|-10131.7
132|-10131.8|-10131.8
133|-10131.9|-10131.9
134|-10132|-10132
135|-10132|-10132
136|-10132.1|-10132.1
137|-10132.2|-10132.2
138|-10132.2|-10132.2
139|-10132.3|-10132.3
140|-10132.4|-10132.4
141|-10132.4|-10132.4
142|-10132.4|-10132.4
143|-10132.5|-10132.5
144|-10132.5|-10132.5
145|-10132.6|-10132.6
146|-10132.6|-10132.6
147|-10132.6|-10132.6
148|-10132.7|-10132.7
149|-10132.7|-10132.7
150|-10132.7|-10132.7
151|-10132.7|-10132.7
152|-10132.8|-10132.8
153|-10132.8|-10132.8
154|-10132.8|-10132.8
155|-10132.8|-10132.8
156|-10132.8|-10132.8
157|-10132.9|-10132.9
158|-10132.9|-10132.9
159|-10132.9|-10132.9
160|-10132.9|-10132.9
161|-10132.9|-10132.9
162|-10132.9|-10132.9
163|-10132.9|-10132.9
164|-10132.9|-10132.9
165|-10132.9|-10132.9
166|-10133|-10133
167|-10133|-10133
168|-10133|-10133
169|-10133|-10133
170|-10133|-10133
171|-10133|-10133
172|-10133|-10133
173|-10133|-10133
174|-10133|-10133
175|-10133|-10133
176|-10133|-10133
177|-10133|-10133
178|-10133|-10133
179|-10133|-10133
180|-10133|-10133
181|-10133.1|-10133.1
182|-10133.1|-10133.1
183|-10133.1|-10133.1
184|-10133.1|-10133.1
185|-10133.1|-10133.1
186|-10133.1|-10133.1
187|-10133.1|-10133.1
188|-10133.1|-10133.1
189|-10133.1|-10133.1
190|-10133.1|-10133.1
191|-10133.1|-10133.1
192|-10133.1|-10133.1
193|-10133.1|-10133.1
194|-10133.1|-10133.1
195|-10133.1|-10133.1
196|-10133.1|-10133.1
197|-10133.1|-10133.1
198|-10133.1|-10133.1
199|-10133.1|-10133.1
200|-10133.1|-10133.1
201|-10133.1|-10133.1
202|-10133.1|-10133.1
203|-10133.1|-10133.1
204|-10133.1|-10133.1
205|-10133.1|-10133.1
206|-10133.1|-10133.1
207|-10133.1|-10133.1
208|-10133.1|-10133.1
209|-10133.1|-10133.1
210|-10133.1|-10133.1
211|-10133.1|-10133.1
212|-10133.1|-10133.1
213|-10133.1|-10133.1
214|-10133.1|-10133.1
215|-10133.1|-10133.1
216|-10133.1|-10133.1
217|-10133.1|-10133.1
218|-10133.1|-10133.1
219|-10133.1|-10133.1
220|-10133.1|-10133.1
221|-10133.1|-10133.1
222|-10133.1|-10133.1
223|-10133.1|-10133.1
224|-10133.1|-10133.1
225|-10133.1|-10133.1
226|-10133.1|-10133.1
227|-10133.1|-10133.1
228|-10133.1|-10133.1
229|-10133.1|-10133.1
230|-10133.1|-10133.1
231|-10133.1|-10133.1
232|-10133.1|-10133.1
233|-10133.1|-10133.1
234|-10133.1|-10133.1
235|-10133.1|-10133.1
236|-10133.1|-10133.1
237|-10133.1|-10133.1
238|-10133.1|-10133.1
239|-10133.1|-10133.1
240|-10133.1|-10133.1
241|-10133.1|-10133.1
242|-10133.1|-10133.1
243|-10133.1|-10133.1
244|-10133.1|-10133.1
245|-10133.1|-10133.1
246|-10133.1|-10133.1
247|-10133.1|-10133.1
248|-10133.1|-10133.1
249|-10133.1|-10133.1
250|-10133.1|-10133.1
251|-10133.1|-10133.1
252|-10133.1|-10133.1
253|-10133.1|-10133.1
254|-10133.1|-10133.1
255|-10133.1|-10133.1
256|-10133.1|-10133.1
257|-10133.1|-10133.1
258|-10133.1|-10133.1
259|-10133.1|-10133.1
260|-10133.1|-10133.1
261|-10133.1|-10133.1
262|-10133.1|-10133.1
263|-10133.1|-10133.1
264|-10133.1|-10133.1
265|-10133.1|-10133.1
266|-10133.1|-10133.1
267|-10133.1|-10133.1
268|-10133.1|-10133.1
269|-10133.1|-10133.1
270|-10133.1|-10133.1
271|-10133.1|-10133.1
272|-10133.1|-10133.1
273|-10133.1|-10133.1
274|-10133.1|-10133.1
275|-10133.1|-10133.1
276|-10133.1|-10133.1
277|-10133.1|-10133.1
278|-10133.1|-10133.1
279|-10133.1|-10133.1
280|-10133.1|-10133.1
281|-10133.1|-10133.1
282|-10133.1|-10133.1
283|-10133.1|-10133.1
284|-10133.1|-10133.1
285|-10133.1|-10133.1
286|-10133.1|-10133.1
287|-10133.1|-10133.1
288|-10133.1|-10133.1
289|-10133.1|-10133.1
290|-10133.1|-10133.1
291|-10133.1|-10133.1
292|-10133.1|-10133.1
293|-10133.1|-10133.1
294|-10133.1|-10133.1
295|-10133.1|-10133.1
296|-10133.1|-10133.1
297|-10133.1|-10133.1
298|-10133.1|-10133.1
299|-10133.1|-10133.1
300|-10133.1|-10133.1
301|-10133.1|-10133.1
302|-10133.1|-10133.1
303|-10133.1|-10133.1
304|-10133.1|-10133.1
305|-10133.1|-10133.1
306|-10133.1|-10133.1
307|-10133.1|-10133.1
308|-10133.1|-10133.1
309|-10133.1|-10133.1
310|-10133.1|-10133.1
311|-10133.1|-10133.1
312|-10133.1|-10133.1
313|-10133.1|-10133.1
314|-10133.1|-10133.1
315|-10133.1|-10133.1
316|-10133.1|-10133.1
317|-10133.1|-10133.1
318|-10133.1|-10133.1
319|-10133.1|-10133.1
320|-10133.1|-10133.1
321|-10133.1|-10133.1
322|-10133.1|-10133.1
323|-10133.1|-10133.1
324|-10133.1|-10133.1
325|-10133.1|-10133.1
326|-10133.1|-10133.1
327|-10133.1|-10133.1
328|-10133.1|-10133.1
329|-10133.1|-10133.1
330|-10133.1|-10133.1
331|-10133.1|-10133.1
332|-10133.1|-10133.1
333|-10133.1|-10133.1
334|-10133.1|-10133.1
335|-10133.1|-10133.1
336|-10133.1|-10133.1
337|-10133.1|-10133.1
338|-10133.1|-10133.1
339|-10133.1|-10133.1
340|-10133.1|-10133.1
341|-10133.1|-10133.1
342|-10133.1|-10133.1
343|-10133.1|-10133.1
344|-10133.1|-10133.1
345|-10133.1|-10133.1
346|-10133.1|-10133.1
347|-10133.1|-10133.1
348|-10133.1|-10133.1
349|-10133.1|-10133.1
350|-10133.1|-10133.1
351|-10133.1|-10133.1
352|-10133.1|-10133.1
353|-10133.1|-10133.1
354|-10133.1|-10133.1
355|-10133.1|-10133.1
356|-10133.1|-10133.1
357|-10133.1|-10133.1
358|-10133.1|-10133.1
359|-10133.1|-10133.1
360|-10133.1|-10133.1
361|-10133.1|-10133.1
362|-10133.1|-10133.1
363|-10133.1|-10133.1
364|-10133.1|-10133.1
EARLY STOP: TARGET FOUND
6045766ms
