1|587.866|587.866
2|555.339|555.339
3|529.878|529.878
4|504.43|504.43
5|479.084|479.084
6|453.776|453.776
7|428.681|428.681
8|404.895|404.895
9|382.338|382.338
10|359.803|359.803
11|340.341|340.341
12|321.432|321.432
13|302.908|302.908
14|285.63|285.63
15|268.51|268.51
16|252.267|252.267
17|237.122|237.122
18|222.351|222.351
19|207.806|207.806
20|194.796|194.796
21|186.401|186.401
22|178.562|178.562
23|170.787|170.787
24|163.259|163.259
25|155.771|155.771
26|148.823|148.823
27|142.083|142.083
28|130.43|130.43
29|126.217|126.217
30|117.735|117.735
31|113.649|113.649
32|109.713|109.713
33|106.124|106.124
34|102.809|102.809
35|99.4989|99.4989
36|96.8739|96.8739
37|94.6113|94.6113
38|92.913|92.913
39|91.2997|91.2997
40|89.7703|89.7703
41|88.2851|88.2851
42|86.8972|86.8972
43|85.5923|85.5923
44|84.2987|84.2987
45|83.0381|83.0381
46|81.9759|81.9759
47|81.0988|81.0988
48|80.2259|80.2259
49|79.449|79.449
50|78.7555|78.7555
51|78.0811|78.0811
52|77.4144|77.4144
53|76.8111|76.8111
54|76.2597|76.2597
55|75.7697|75.7697
56|75.3259|75.3259
57|74.8856|74.8856
58|74.46|74.46
59|74.091|74.091
60|73.7946|73.7946
61|73.5013|73.5013
62|73.2132|73.2132
63|72.9294|72.9294
64|72.734|72.734
65|72.5413|72.5413
66|72.3513|72.3513
67|72.1764|72.1764
68|72.0018|72.0018
69|71.8343|71.8343
70|71.6683|71.6683
71|71.5109|71.5109
72|71.3543|71.3543
73|71.2098|71.2098
74|71.0657|71.0657
75|70.9297|70.9297
76|70.831|70.831
77|70.7502|70.7502
78|70.6715|70.6715
79|70.6027|70.6027
80|70.5347|70.5347
81|70.4718|70.4718
82|70.4131|70.4131
83|70.3594|70.3594
84|70.31|70.31
85|70.2629|70.2629
86|70.2244|70.2244
87|70.1866|70.1866
88|70.1488|70.1488
89|70.112|70.112
90|70.0762|70.0762
91|70.0406|70.0406
92|70.007|70.007
93|69.9734|69.9734
94|69.9445|69.9445
95|69.9191|69.9191
96|69.8957|69.8957
97|69.8777|69.8777
98|69.8598|69.8598
99|69.842|69.842
100|69.8243|69.8243
101|69.8068|69.8068
102|69.7901|69.7901
103|69.7734|69.7734
104|69.7568|69.7568
105|69.7402|69.7402
106|69.7236|69.7236
107|69.709|69.709
108|69.6945|69.6945
109|69.6806|69.6806
110|69.6675|69.6675
111|69.6567|69.6567
112|69.6467|69.6467
113|69.6379|69.6379
114|69.6292|69.6292
115|69.6205|69.6205
116|69.6122|69.6122
117|69.6039|69.6039
118|69.5959|69.5959
119|69.59|69.59
120|69.5857|69.5857
121|69.5814|69.5814
122|69.577|69.577
123|69.5727|69.5727
124|69.5691|69.5691
125|69.5656|69.5656
126|69.5621|69.5621
127|69.5589|69.5589
128|69.5558|69.5558
129|69.5534|69.5534
130|69.5512|69.5512
131|69.549|69.549
132|69.5469|69.5469
133|69.5448|69.5448
134|69.5427|69.5427
135|69.5406|69.5406
136|69.539|69.539
137|69.5374|69.5374
138|69.5362|69.5362
139|69.535|69.535
140|69.5339|69.5339
141|69.5328|69.5328
142|69.5318|69.5318
143|69.5307|69.5307
144|69.5297|69.5297
145|69.5286|69.5286
146|69.5276|69.5276
147|69.5267|69.5267
148|69.5259|69.5259
149|69.5251|69.5251
150|69.5243|69.5243
151|69.5236|69.5236
152|69.5229|69.5229
153|69.5222|69.5222
154|69.5217|69.5217
155|69.5212|69.5212
156|69.5206|69.5206
157|69.5201|69.5201
158|69.5196|69.5196
159|69.5191|69.5191
160|69.5187|69.5187
161|69.5183|69.5183
162|69.5179|69.5179
163|69.5175|69.5175
164|69.5172|69.5172
165|69.5169|69.5169
166|69.5167|69.5167
167|69.5164|69.5164
168|69.5161|69.5161
169|69.5159|69.5159
170|69.5156|69.5156
171|69.5154|69.5154
172|69.5153|69.5153
173|69.5151|69.5151
174|69.5149|69.5149
175|69.5147|69.5147
176|69.5146|69.5146
177|69.5145|69.5145
178|69.5143|69.5143
179|69.5142|69.5142
180|69.5141|69.5141
181|69.5141|69.5141
182|69.514|69.514
183|69.5139|69.5139
184|69.5139|69.5139
185|69.5139|69.5139
186|69.5138|69.5138
187|69.5138|69.5138
188|69.5138|69.5138
189|69.5137|69.5137
190|69.5137|69.5137
191|69.5137|69.5137
192|69.5137|69.5137
193|69.5137|69.5137
194|69.5137|69.5137
195|69.5137|69.5137
196|69.5137|69.5137
197|69.5137|69.5137
198|69.5137|69.5137
199|69.5137|69.5137
200|69.5137|69.5137
201|69.5137|69.5137
202|69.5137|69.5137
203|69.5137|69.5137
204|69.5137|69.5137
205|69.5137|69.5137
206|69.5137|69.5137
207|69.5137|69.5137
208|69.5137|69.5137
209|69.5137|69.5137
210|69.5137|69.5137
211|69.5137|69.5137
212|69.5137|69.5137
213|69.5137|69.5137
214|69.5137|69.5137
215|69.5137|69.5137
216|69.5137|69.5137
217|69.5137|69.5137
218|69.5137|69.5137
219|69.5137|69.5137
220|69.5137|69.5137
221|69.5137|69.5137
222|69.5137|69.5137
223|69.5137|69.5137
224|69.5137|69.5137
225|69.5137|69.5137
226|69.5137|69.5137
227|69.5137|69.5137
228|69.5137|69.5137
229|69.5137|69.5137
230|69.5137|69.5137
231|69.5137|69.5137
232|69.5137|69.5137
233|69.5137|69.5137
234|69.5137|69.5137
235|69.5137|69.5137
236|69.5137|69.5137
237|69.5137|69.5137
238|69.5137|69.5137
239|69.5137|69.5137
240|69.5137|69.5137
241|69.5137|69.5137
242|69.5137|69.5137
243|69.5137|69.5137
244|69.5137|69.5137
245|69.5137|69.5137
246|69.5137|69.5137
247|69.5137|69.5137
248|69.5137|69.5137
249|69.5137|69.5137
250|69.5137|69.5137
251|69.5137|69.5137
252|69.5137|69.5137
253|69.5137|69.5137
254|69.5137|69.5137
255|69.5137|69.5137
256|69.5137|69.5137
257|69.5137|69.5137
258|69.5137|69.5137
259|69.5137|69.5137
260|69.5137|69.5137
261|69.5137|69.5137
262|69.5137|69.5137
263|69.5137|69.5137
264|69.5137|69.5137
265|69.5137|69.5137
266|69.5137|69.5137
267|69.5137|69.5137
268|69.5137|69.5137
269|69.5137|69.5137
270|69.5137|69.5137
271|69.5137|69.5137
272|69.5137|69.5137
273|69.5137|69.5137
274|69.5137|69.5137
275|69.5137|69.5137
276|69.5137|69.5137
277|69.5137|69.5137
278|69.5137|69.5137
279|69.5137|69.5137
280|69.5137|69.5137
281|69.5137|69.5137
282|69.5137|69.5137
283|69.5137|69.5137
284|69.5137|69.5137
285|69.5137|69.5137
286|69.5137|69.5137
287|69.5137|69.5137
288|69.5137|69.5137
289|69.5137|69.5137
290|69.5137|69.5137
291|69.5137|69.5137
292|69.5137|69.5137
293|69.5137|69.5137
294|69.5137|69.5137
295|69.5137|69.5137
296|69.5137|69.5137
297|69.5137|69.5137
298|69.5137|69.5137
299|69.5137|69.5137
300|69.5137|69.5137
301|69.5137|69.5137
302|69.5137|69.5137
303|69.5137|69.5137
304|69.5137|69.5137
305|69.5137|69.5137
306|69.5137|69.5137
307|69.5137|69.5137
308|69.5137|69.5137
309|69.5137|69.5137
310|69.5137|69.5137
311|69.5137|69.5137
312|69.5137|69.5137
313|69.5137|69.5137
314|69.5137|69.5137
315|69.5137|69.5137
316|69.5137|69.5137
317|69.5137|69.5137
318|69.5137|69.5137
319|69.5137|69.5137
320|69.5137|69.5137
321|69.5137|69.5137
322|69.5137|69.5137
323|69.5137|69.5137
324|69.5137|69.5137
325|69.5137|69.5137
326|69.5137|69.5137
327|69.5137|69.5137
328|69.5137|69.5137
329|69.5137|69.5137
330|69.5137|69.5137
331|69.5137|69.5137
332|69.5137|69.5137
333|69.5137|69.5137
334|69.5137|69.5137
335|69.5137|69.5137
336|69.5137|69.5137
337|69.5137|69.5137
338|69.5137|69.5137
339|69.5137|69.5137
340|69.5137|69.5137
EARLY STOP: TARGET FOUND
3964717ms
