1|-734.518|-734.518
2|-989.209|-989.209
3|-1182.05|-1182.05
4|-1339.65|-1339.65
5|-1467.19|-1467.19
6|-1524.11|-1524.11
7|-1566.75|-1566.75
8|-1584.33|-1584.33
9|-1600.99|-1600.99
10|-1607.04|-1607.04
11|-1612.32|-1612.32
12|-1616.54|-1616.54
13|-1618.13|-1618.13
14|-1619.39|-1619.39
15|-1620.07|-1620.07
16|-1620.73|-1620.73
17|-1621.16|-1621.16
18|-1621.49|-1621.49
19|-1621.65|-1621.65
20|-1621.82|-1621.82
21|-1621.9|-1621.9
22|-1621.97|-1621.97
23|-1622.01|-1622.01
24|-1622.04|-1622.04
25|-1622.06|-1622.06
26|-1622.08|-1622.08
27|-1622.09|-1622.09
28|-1622.11|-1622.11
29|-1622.12|-1622.12
30|-1622.12|-1622.12
31|-1622.13|-1622.13
32|-1622.14|-1622.14
33|-1622.14|-1622.14
34|-1622.14|-1622.14
35|-1622.14|-1622.14
36|-1622.15|-1622.15
37|-1622.15|-1622.15
38|-1622.15|-1622.15
39|-1622.15|-1622.15
40|-1622.15|-1622.15
41|-1622.15|-1622.15
42|-1622.15|-1622.15
43|-1622.15|-1622.15
44|-1622.15|-1622.15
45|-1622.15|-1622.15
46|-1622.15|-1622.15
47|-1622.15|-1622.15
48|-1622.15|-1622.15
49|-1622.15|-1622.15
50|-1622.15|-1622.15
51|-1622.15|-1622.15
52|-1622.15|-1622.15
53|-1622.15|-1622.15
54|-1622.15|-1622.15
55|-1622.15|-1622.15
56|-1622.15|-1622.15
57|-1622.15|-1622.15
58|-1622.15|-1622.15
59|-1622.15|-1622.15
60|-1622.15|-1622.15
61|-1622.15|-1622.15
62|-1622.15|-1622.15
63|-1622.15|-1622.15
64|-1622.15|-1622.15
65|-1622.15|-1622.15
66|-1622.15|-1622.15
67|-1622.15|-1622.15
68|-1622.15|-1622.15
69|-1622.15|-1622.15
70|-1622.15|-1622.15
71|-1622.15|-1622.15
72|-1622.15|-1622.15
73|-1622.15|-1622.15
74|-1622.15|-1622.15
75|-1622.15|-1622.15
76|-1622.15|-1622.15
77|-1622.15|-1622.15
78|-1622.15|-1622.15
79|-1622.15|-1622.15
80|-1622.15|-1622.15
81|-1622.15|-1622.15
82|-1622.15|-1622.15
83|-1622.15|-1622.15
84|-1622.15|-1622.15
85|-1622.15|-1622.15
86|-1622.15|-1622.15
87|-1622.15|-1622.15
88|-1622.15|-1622.15
89|-1622.15|-1622.15
90|-1622.15|-1622.15
91|-1622.15|-1622.15
92|-1622.15|-1622.15
93|-1622.15|-1622.15
94|-1622.15|-1622.15
95|-1622.15|-1622.15
96|-1622.15|-1622.15
97|-1622.15|-1622.15
98|-1622.15|-1622.15
99|-1622.15|-1622.15
100|-1622.15|-1622.15
101|-1622.15|-1622.15
102|-1622.15|-1622.15
103|-1622.15|-1622.15
104|-1622.15|-1622.15
105|-1622.15|-1622.15
106|-1622.15|-1622.15
107|-1622.15|-1622.15
108|-1622.15|-1622.15
109|-1622.15|-1622.15
110|-1622.15|-1622.15
111|-1622.15|-1622.15
112|-1622.15|-1622.15
113|-1622.15|-1622.15
114|-1622.15|-1622.15
115|-1622.15|-1622.15
116|-1622.15|-1622.15
117|-1622.15|-1622.15
118|-1622.15|-1622.15
119|-1622.15|-1622.15
120|-1622.15|-1622.15
121|-1622.15|-1622.15
122|-1622.15|-1622.15
123|-1622.15|-1622.15
124|-1622.15|-1622.15
125|-1622.15|-1622.15
126|-1622.15|-1622.15
127|-1622.15|-1622.15
128|-1622.15|-1622.15
129|-1622.15|-1622.15
130|-1622.15|-1622.15
131|-1622.15|-1622.15
132|-1622.15|-1622.15
133|-1622.15|-1622.15
134|-1622.15|-1622.15
135|-1622.15|-1622.15
136|-1622.15|-1622.15
137|-1622.15|-1622.15
138|-1622.15|-1622.15
139|-1622.15|-1622.15
140|-1622.15|-1622.15
141|-1622.15|-1622.15
142|-1622.15|-1622.15
143|-1622.15|-1622.15
144|-1622.15|-1622.15
145|-1622.15|-1622.15
146|-1622.15|-1622.15
147|-1622.15|-1622.15
148|-1622.15|-1622.15
149|-1622.15|-1622.15
150|-1622.15|-1622.15
151|-1622.15|-1622.15
152|-1622.15|-1622.15
153|-1622.15|-1622.15
154|-1622.15|-1622.15
155|-1622.15|-1622.15
156|-1622.15|-1622.15
157|-1622.15|-1622.15
158|-1622.15|-1622.15
159|-1622.15|-1622.15
160|-1622.15|-1622.15
161|-1622.15|-1622.15
162|-1622.15|-1622.15
163|-1622.15|-1622.15
164|-1622.15|-1622.15
165|-1622.15|-1622.15
166|-1622.15|-1622.15
167|-1622.15|-1622.15
168|-1622.15|-1622.15
169|-1622.15|-1622.15
170|-1622.15|-1622.15
171|-1622.15|-1622.15
172|-1622.15|-1622.15
173|-1622.15|-1622.15
174|-1622.15|-1622.15
175|-1622.15|-1622.15
176|-1622.15|-1622.15
177|-1622.15|-1622.15
178|-1622.15|-1622.15
179|-1622.15|-1622.15
180|-1622.15|-1622.15
181|-1622.15|-1622.15
182|-1622.15|-1622.15
183|-1622.15|-1622.15
184|-1622.15|-1622.15
185|-1622.15|-1622.15
186|-1622.15|-1622.15
187|-1622.15|-1622.15
188|-1622.15|-1622.15
189|-1622.15|-1622.15
190|-1622.15|-1622.15
191|-1622.15|-1622.15
EARLY STOP: TARGET FOUND
106649ms
