1|41.6963|41.6963
2|23.7095|23.7095
3|8.61238|8.61238
4|5.96177|5.96177
5|4.2371|4.2371
6|3.25703|3.25703
7|2.38426|2.38426
8|1.67409|1.67409
9|1.05525|1.05525
10|0.778867|0.778867
11|0.596032|0.596032
12|0.445379|0.445379
13|0.316194|0.316194
14|0.24214|0.24214
15|0.18075|0.18075
16|0.131208|0.131208
17|0.0982534|0.0982534
18|0.0715424|0.0715424
19|0.053715|0.053715
20|0.0400064|0.0400064
21|0.0285119|0.0285119
22|0.0240802|0.0240802
23|0.0196931|0.0196931
24|0.0153075|0.0153075
25|0.0111939|0.0111939
26|0.00913955|0.00913955
EARLY STOP: TARGET FOUND
36700ms
