1|237.581|237.581
2|214.537|214.537
3|192.501|192.501
4|173.16|173.16
5|156.847|156.847
6|141.025|141.025
7|128.129|128.129
8|115.46|115.46
9|103.261|103.261
10|91.2046|91.2046
11|79.9169|79.9169
12|70.6459|70.6459
13|61.7912|61.7912
14|54.0942|54.0942
15|46.9611|46.9611
16|42.2613|42.2613
17|37.6663|37.6663
18|33.0976|33.0976
19|29.109|29.109
20|26.5231|26.5231
21|24.1996|24.1996
22|22.1429|22.1429
23|20.1102|20.1102
24|18.1156|18.1156
25|16.2513|16.2513
26|15.0753|15.0753
27|13.9542|13.9542
28|12.835|12.835
29|11.7439|11.7439
30|10.6753|10.6753
31|9.6197|9.6197
32|8.61796|8.61796
33|7.65191|7.65191
34|6.76251|6.76251
35|5.93437|5.93437
36|5.16043|5.16043
37|4.39493|4.39493
38|3.94542|3.94542
39|3.66462|3.66462
40|3.41128|3.41128
41|3.15886|3.15886
42|2.92053|2.92053
43|2.68326|2.68326
44|2.45612|2.45612
45|2.23554|2.23554
46|2.04188|2.04188
47|1.85664|1.85664
48|1.67172|1.67172
49|1.49589|1.49589
50|1.3371|1.3371
51|1.1996|1.1996
52|1.06514|1.06514
53|0.958266|0.958266
54|0.884789|0.884789
55|0.819306|0.819306
56|0.755707|0.755707
57|0.692331|0.692331
58|0.632291|0.632291
59|0.582421|0.582421
60|0.533013|0.533013
61|0.487155|0.487155
62|0.444788|0.444788
63|0.402955|0.402955
64|0.366185|0.366185
65|0.332696|0.332696
66|0.306003|0.306003
67|0.287626|0.287626
68|0.269385|0.269385
69|0.251846|0.251846
70|0.23543|0.23543
71|0.219568|0.219568
72|0.204222|0.204222
73|0.189912|0.189912
74|0.175683|0.175683
75|0.161945|0.161945
76|0.148403|0.148403
77|0.135804|0.135804
78|0.123316|0.123316
79|0.111359|0.111359
80|0.0996484|0.0996484
81|0.0888289|0.0888289
82|0.0811109|0.0811109
83|0.0734132|0.0734132
84|0.0689456|0.0689456
85|0.0645569|0.0645569
86|0.060205|0.060205
87|0.0558843|0.0558843
88|0.0519151|0.0519151
89|0.0484506|0.0484506
90|0.0450424|0.0450424
91|0.0419116|0.0419116
92|0.0390385|0.0390385
93|0.0362514|0.0362514
94|0.033569|0.033569
95|0.0309772|0.0309772
96|0.028519|0.028519
97|0.0261108|0.0261108
98|0.0237557|0.0237557
99|0.0214412|0.0214412
100|0.0193721|0.0193721
101|0.0174014|0.0174014
102|0.0162516|0.0162516
103|0.0151295|0.0151295
104|0.0140957|0.0140957
105|0.0130994|0.0130994
106|0.0121051|0.0121051
107|0.0111158|0.0111158
108|0.0101398|0.0101398
109|0.00917949|0.00917949
EARLY STOP: TARGET FOUND
1243821ms
