1|-1.4992|-1.4992
2|-2.0629|-2.0629
3|-2.55838|-2.55838
4|-2.88698|-2.88698
5|-3.42086|-3.42086
6|-3.71183|-3.71183
7|-3.98703|-3.98703
8|-4.1566|-4.1566
9|-4.29498|-4.29498
10|-4.90117|-4.90117
11|-5.00497|-5.00497
12|-5.72917|-5.72917
13|-5.82365|-5.82365
14|-5.91554|-5.91554
15|-5.99625|-5.99625
16|-6.69749|-6.69749
17|-6.759|-6.759
18|-6.80473|-6.80473
19|-6.83757|-6.83757
20|-6.86495|-6.86495
21|-6.89137|-6.89137
22|-6.9139|-6.9139
23|-6.93165|-6.93165
24|-6.94831|-6.94831
25|-7.65953|-7.65953
26|-7.87669|-7.87669
27|-7.92542|-7.92542
28|-7.94106|-7.94106
29|-7.95378|-7.95378
30|-7.96492|-7.96492
31|-7.97211|-7.97211
32|-7.97834|-7.97834
33|-7.98243|-7.98243
34|-7.98443|-7.98443
35|-7.98598|-7.98598
36|-7.98736|-7.98736
37|-7.98842|-7.98842
38|-7.9893|-7.9893
39|-7.99016|-7.99016
40|-7.991|-7.991
41|-7.99177|-7.99177
42|-7.99246|-7.99246
43|-7.99315|-7.99315
44|-7.99378|-7.99378
45|-7.99418|-7.99418
46|-7.99452|-7.99452
47|-7.99472|-7.99472
48|-7.99488|-7.99488
49|-7.99505|-7.99505
50|-7.99519|-7.99519
51|-7.99529|-7.99529
52|-7.99538|-7.99538
53|-7.99542|-7.99542
54|-7.99547|-7.99547
55|-7.99551|-7.99551
56|-7.99554|-7.99554
57|-7.99556|-7.99556
58|-7.99557|-7.99557
59|-7.99558|-7.99558
60|-7.99559|-7.99559
61|-7.99559|-7.99559
62|-7.9956|-7.9956
63|-7.9956|-7.9956
64|-7.9956|-7.9956
65|-7.9956|-7.9956
66|-7.9956|-7.9956
67|-7.9956|-7.9956
68|-7.9956|-7.9956
69|-7.9956|-7.9956
70|-7.9956|-7.9956
71|-7.9956|-7.9956
72|-7.9956|-7.9956
73|-7.9956|-7.9956
74|-7.9956|-7.9956
75|-7.9956|-7.9956
76|-7.9956|-7.9956
77|-7.9956|-7.9956
78|-7.9956|-7.9956
79|-7.9956|-7.9956
80|-7.9956|-7.9956
81|-7.9956|-7.9956
82|-7.9956|-7.9956
83|-7.9956|-7.9956
84|-7.9956|-7.9956
85|-7.9956|-7.9956
86|-7.9956|-7.9956
87|-7.9956|-7.9956
88|-7.9956|-7.9956
89|-7.9956|-7.9956
90|-7.9956|-7.9956
91|-7.9956|-7.9956
92|-7.9956|-7.9956
93|-7.9956|-7.9956
94|-7.9956|-7.9956
95|-7.9956|-7.9956
96|-7.9956|-7.9956
97|-7.9956|-7.9956
98|-7.9956|-7.9956
99|-7.9956|-7.9956
100|-7.9956|-7.9956
101|-7.9956|-7.9956
102|-7.9956|-7.9956
103|-7.9956|-7.9956
104|-7.9956|-7.9956
105|-7.9956|-7.9956
106|-7.9956|-7.9956
107|-7.9956|-7.9956
108|-7.9956|-7.9956
109|-7.9956|-7.9956
110|-7.9956|-7.9956
111|-7.9956|-7.9956
112|-7.9956|-7.9956
113|-7.9956|-7.9956
114|-7.9956|-7.9956
115|-7.9956|-7.9956
116|-7.9956|-7.9956
117|-7.9956|-7.9956
118|-7.9956|-7.9956
119|-7.9956|-7.9956
120|-7.9956|-7.9956
121|-7.9956|-7.9956
122|-7.9956|-7.9956
123|-7.9956|-7.9956
124|-7.9956|-7.9956
125|-7.9956|-7.9956
126|-7.9956|-7.9956
127|-7.9956|-7.9956
128|-7.9956|-7.9956
129|-7.9956|-7.9956
130|-7.9956|-7.9956
131|-7.9956|-7.9956
132|-7.9956|-7.9956
133|-7.9956|-7.9956
134|-7.9956|-7.9956
135|-7.9956|-7.9956
136|-7.9956|-7.9956
137|-7.9956|-7.9956
138|-7.9956|-7.9956
139|-7.9956|-7.9956
140|-7.9956|-7.9956
141|-7.9956|-7.9956
142|-7.9956|-7.9956
143|-7.9956|-7.9956
144|-7.9956|-7.9956
145|-7.9956|-7.9956
146|-7.9956|-7.9956
147|-7.9956|-7.9956
148|-7.9956|-7.9956
149|-7.9956|-7.9956
150|-7.9956|-7.9956
151|-7.9956|-7.9956
152|-7.9956|-7.9956
153|-7.9956|-7.9956
154|-7.9956|-7.9956
155|-7.9956|-7.9956
156|-7.9956|-7.9956
157|-7.9956|-7.9956
158|-7.9956|-7.9956
159|-7.9956|-7.9956
160|-7.9956|-7.9956
161|-7.9956|-7.9956
162|-7.9956|-7.9956
163|-7.9956|-7.9956
164|-7.9956|-7.9956
165|-7.9956|-7.9956
166|-7.9956|-7.9956
167|-7.9956|-7.9956
168|-7.9956|-7.9956
169|-7.9956|-7.9956
170|-7.9956|-7.9956
171|-7.9956|-7.9956
172|-7.9956|-7.9956
173|-7.9956|-7.9956
174|-7.9956|-7.9956
175|-7.9956|-7.9956
176|-7.9956|-7.9956
177|-7.9956|-7.9956
178|-7.9956|-7.9956
179|-7.9956|-7.9956
180|-7.9956|-7.9956
181|-7.9956|-7.9956
182|-7.9956|-7.9956
183|-7.9956|-7.9956
184|-7.9956|-7.9956
185|-7.9956|-7.9956
186|-7.9956|-7.9956
187|-7.9956|-7.9956
188|-7.9956|-7.9956
189|-7.9956|-7.9956
190|-7.9956|-7.9956
191|-7.9956|-7.9956
192|-7.9956|-7.9956
193|-7.9956|-7.9956
194|-7.9956|-7.9956
195|-7.9956|-7.9956
196|-7.9956|-7.9956
197|-7.9956|-7.9956
198|-7.9956|-7.9956
199|-7.9956|-7.9956
200|-7.9956|-7.9956
201|-7.9956|-7.9956
202|-7.9956|-7.9956
203|-7.9956|-7.9956
204|-7.9956|-7.9956
205|-7.9956|-7.9956
206|-7.9956|-7.9956
207|-7.9956|-7.9956
208|-7.9956|-7.9956
209|-7.9956|-7.9956
210|-7.9956|-7.9956
211|-7.9956|-7.9956
212|-7.9956|-7.9956
213|-7.9956|-7.9956
214|-7.9956|-7.9956
215|-7.9956|-7.9956
216|-7.9956|-7.9956
217|-7.9956|-7.9956
EARLY STOP: TARGET FOUND
295035ms
