1|31.8864|31.8864
2|25.5624|25.5624
3|21.4713|21.4713
4|20.0042|20.0042
5|18.6689|18.6689
6|18.0843|18.0843
7|17.6236|17.6236
8|17.2687|17.2687
9|16.9815|16.9815
10|16.8067|16.8067
11|16.681|16.681
12|16.6324|16.6324
13|16.5946|16.5946
14|16.5611|16.5611
15|16.5356|16.5356
16|16.5176|16.5176
17|16.5082|16.5082
18|16.4994|16.4994
19|16.4908|16.4908
20|16.4825|16.4825
21|16.4782|16.4782
22|16.476|16.476
23|16.4739|16.4739
24|16.4729|16.4729
25|16.4721|16.4721
26|16.4715|16.4715
27|16.4713|16.4713
28|16.4711|16.4711
29|16.471|16.471
30|16.4709|16.4709
31|16.4709|16.4709
32|16.4709|16.4709
33|16.4709|16.4709
34|16.4709|16.4709
35|16.4709|16.4709
36|16.4709|16.4709
37|16.4709|16.4709
38|16.4709|16.4709
39|16.4709|16.4709
40|16.4709|16.4709
41|16.4709|16.4709
42|16.4709|16.4709
43|16.4709|16.4709
44|16.4709|16.4709
45|16.4709|16.4709
46|16.4709|16.4709
47|16.4709|16.4709
48|16.4709|16.4709
49|16.4709|16.4709
50|16.4709|16.4709
51|16.4709|16.4709
52|16.4709|16.4709
53|16.4709|16.4709
54|16.4709|16.4709
55|16.4709|16.4709
56|16.4709|16.4709
57|16.4709|16.4709
58|16.4709|16.4709
59|16.4709|16.4709
60|16.4709|16.4709
61|16.4709|16.4709
62|16.4709|16.4709
63|16.4709|16.4709
64|16.4709|16.4709
65|16.4709|16.4709
66|16.4709|16.4709
67|16.4709|16.4709
68|16.4709|16.4709
69|16.4709|16.4709
70|16.4709|16.4709
71|16.4709|16.4709
72|16.4709|16.4709
73|16.4709|16.4709
74|16.4709|16.4709
75|16.4709|16.4709
76|16.4709|16.4709
77|16.4709|16.4709
78|16.4709|16.4709
79|16.4709|16.4709
80|16.4709|16.4709
81|16.4709|16.4709
82|16.4709|16.4709
83|16.4709|16.4709
84|16.4709|16.4709
85|16.4709|16.4709
86|16.4709|16.4709
87|16.4709|16.4709
88|16.4709|16.4709
89|16.4709|16.4709
90|16.4709|16.4709
91|16.4709|16.4709
92|16.4709|16.4709
93|16.4709|16.4709
94|16.4709|16.4709
95|16.4709|16.4709
96|16.4709|16.4709
97|16.4709|16.4709
98|16.4709|16.4709
99|16.4709|16.4709
100|16.4709|16.4709
101|16.4709|16.4709
102|16.4709|16.4709
103|16.4709|16.4709
104|16.4709|16.4709
105|16.4709|16.4709
106|16.4709|16.4709
107|16.4709|16.4709
108|16.4709|16.4709
109|16.4709|16.4709
110|16.4709|16.4709
111|16.4709|16.4709
112|16.4709|16.4709
113|16.4709|16.4709
114|16.4709|16.4709
115|16.4709|16.4709
116|16.4709|16.4709
117|16.4709|16.4709
118|16.4709|16.4709
119|16.4709|16.4709
120|16.4709|16.4709
121|16.4709|16.4709
122|16.4709|16.4709
123|16.4709|16.4709
124|16.4709|16.4709
125|16.4709|16.4709
126|16.4709|16.4709
127|16.4709|16.4709
128|16.4709|16.4709
129|16.4709|16.4709
130|16.4709|16.4709
131|16.4709|16.4709
132|16.4709|16.4709
133|16.4709|16.4709
134|16.4709|16.4709
135|16.4709|16.4709
136|16.4709|16.4709
137|16.4709|16.4709
138|16.4709|16.4709
139|16.4709|16.4709
140|16.4709|16.4709
141|16.4709|16.4709
142|16.4709|16.4709
143|16.4709|16.4709
144|16.4709|16.4709
145|16.4709|16.4709
146|16.4709|16.4709
147|16.4709|16.4709
148|16.4709|16.4709
149|16.4709|16.4709
150|16.4709|16.4709
151|16.4709|16.4709
152|16.4709|16.4709
153|16.4709|16.4709
154|16.4709|16.4709
155|16.4709|16.4709
156|16.4709|16.4709
157|16.4709|16.4709
158|16.4709|16.4709
159|16.4709|16.4709
160|16.4709|16.4709
161|16.4709|16.4709
162|16.4709|16.4709
163|16.4709|16.4709
164|16.4709|16.4709
165|16.4709|16.4709
166|16.4709|16.4709
167|16.4709|16.4709
168|16.4709|16.4709
169|16.4709|16.4709
170|16.4709|16.4709
171|16.4709|16.4709
172|16.4709|16.4709
173|16.4709|16.4709
174|16.4709|16.4709
175|16.4709|16.4709
176|16.4709|16.4709
177|16.4709|16.4709
178|16.4709|16.4709
179|16.4709|16.4709
180|16.4709|16.4709
181|16.4709|16.4709
EARLY STOP: TARGET FOUND
70382ms
