1|61.5663|61.5663
2|48.8487|48.8487
3|36.612|36.612
4|25.6399|25.6399
5|15.2591|15.2591
6|11.2317|11.2317
7|8.74003|8.74003
8|7.53419|7.53419
9|6.3385|6.3385
10|5.20712|5.20712
11|4.19595|4.19595
12|3.41104|3.41104
13|2.71602|2.71602
14|2.16881|2.16881
15|1.64062|1.64062
16|1.3449|1.3449
17|1.05426|1.05426
18|0.795765|0.795765
19|0.59738|0.59738
20|0.486477|0.486477
21|0.415416|0.415416
22|0.346895|0.346895
23|0.278668|0.278668
24|0.219161|0.219161
25|0.166715|0.166715
26|0.12096|0.12096
27|0.103364|0.103364
28|0.0870337|0.0870337
29|0.0719736|0.0719736
30|0.0570603|0.0570603
31|0.0462595|0.0462595
32|0.0357055|0.0357055
33|0.0272813|0.0272813
34|0.0202586|0.0202586
35|0.0162606|0.0162606
36|0.0128219|0.0128219
37|0.00945665|0.00945665
EARLY STOP: TARGET FOUND
52185ms
