1|247.218|247.218
2|222.489|222.489
3|198.603|198.603
4|176.403|176.403
5|156.468|156.468
6|136.846|136.846
7|117.464|117.464
8|100.263|100.263
9|86.4772|86.4772
10|75.4816|75.4816
11|66.5038|66.5038
12|57.8127|57.8127
13|49.3305|49.3305
14|41.3517|41.3517
15|34.176|34.176
16|29.5895|29.5895
17|25.8066|25.8066
18|22.2104|22.2104
19|19.3818|19.3818
20|16.9239|16.9239
21|14.5993|14.5993
22|12.5283|12.5283
23|10.6119|10.6119
24|9.46796|9.46796
25|8.40353|8.40353
26|7.45888|7.45888
27|6.60019|6.60019
28|5.88306|5.88306
29|5.18215|5.18215
30|4.51948|4.51948
31|3.95018|3.95018
32|3.50581|3.50581
33|3.09132|3.09132
34|2.80122|2.80122
35|2.53644|2.53644
36|2.31143|2.31143
37|2.103|2.103
38|1.90238|1.90238
39|1.70723|1.70723
40|1.54211|1.54211
41|1.37732|1.37732
42|1.22884|1.22884
43|1.09017|1.09017
44|0.968024|0.968024
45|0.865539|0.865539
46|0.797291|0.797291
47|0.733817|0.733817
48|0.67364|0.67364
49|0.618051|0.618051
50|0.566768|0.566768
51|0.519542|0.519542
52|0.472393|0.472393
53|0.426132|0.426132
54|0.386111|0.386111
55|0.348444|0.348444
56|0.312736|0.312736
57|0.284263|0.284263
58|0.256849|0.256849
59|0.238687|0.238687
60|0.220531|0.220531
61|0.203721|0.203721
62|0.186935|0.186935
63|0.170876|0.170876
64|0.155952|0.155952
65|0.14239|0.14239
66|0.129349|0.129349
67|0.116812|0.116812
68|0.105841|0.105841
69|0.0949524|0.0949524
70|0.0856719|0.0856719
71|0.0764758|0.0764758
72|0.0678812|0.0678812
73|0.0614398|0.0614398
74|0.0571589|0.0571589
75|0.0528812|0.0528812
76|0.0487206|0.0487206
77|0.044914|0.044914
78|0.0411269|0.0411269
79|0.0375218|0.0375218
80|0.0339284|0.0339284
81|0.0303632|0.0303632
82|0.0271339|0.0271339
83|0.0242007|0.0242007
84|0.0215386|0.0215386
85|0.0195335|0.0195335
86|0.0175526|0.0175526
87|0.0158319|0.0158319
88|0.0146977|0.0146977
89|0.0135893|0.0135893
90|0.0126489|0.0126489
91|0.01171|0.01171
92|0.0108297|0.0108297
93|0.00996626|0.00996626
EARLY STOP: TARGET FOUND
1058522ms
