1|152.195|152.195
2|132.053|132.053
3|112.153|112.153
4|94.6676|94.6676
5|77.8575|77.8575
6|61.6991|61.6991
7|49.9116|49.9116
8|40.2488|40.2488
9|32.7979|32.7979
10|27.7399|27.7399
11|22.9529|22.9529
12|20.6089|20.6089
13|19.0989|19.0989
14|17.6305|17.6305
15|16.7497|16.7497
16|16.3397|16.3397
17|16.0404|16.0404
18|15.7475|15.7475
19|15.5673|15.5673
20|15.3981|15.3981
21|15.2612|15.2612
22|15.1822|15.1822
23|15.1063|15.1063
24|15.0699|15.0699
25|15.0339|15.0339
26|15.0004|15.0004
27|14.9825|14.9825
28|14.965|14.965
29|14.9519|14.9519
30|14.9421|14.9421
31|14.9323|14.9323
32|14.9236|14.9236
33|14.9149|14.9149
34|14.9069|14.9069
35|14.9013|14.9013
36|14.897|14.897
37|14.8927|14.8927
38|14.8884|14.8884
39|14.8842|14.8842
40|14.8812|14.8812
41|14.879|14.879
42|14.877|14.877
43|14.8757|14.8757
44|14.8746|14.8746
45|14.8737|14.8737
46|14.8728|14.8728
47|14.872|14.872
48|14.8713|14.8713
49|14.8707|14.8707
50|14.8702|14.8702
51|14.8696|14.8696
52|14.8691|14.8691
53|14.8688|14.8688
54|14.8685|14.8685
55|14.8682|14.8682
56|14.8679|14.8679
57|14.8677|14.8677
58|14.8675|14.8675
59|14.8673|14.8673
60|14.8672|14.8672
61|14.8671|14.8671
62|14.8669|14.8669
63|14.8669|14.8669
64|14.8668|14.8668
65|14.8668|14.8668
66|14.8668|14.8668
67|14.8668|14.8668
68|14.8668|14.8668
69|14.8668|14.8668
70|14.8668|14.8668
71|14.8668|14.8668
72|14.8668|14.8668
73|14.8668|14.8668
74|14.8668|14.8668
75|14.8668|14.8668
76|14.8668|14.8668
77|14.8668|14.8668
78|14.8668|14.8668
79|14.8668|14.8668
80|14.8668|14.8668
81|14.8668|14.8668
82|14.8668|14.8668
83|14.8668|14.8668
84|14.8668|14.8668
85|14.8668|14.8668
86|14.8668|14.8668
87|14.8668|14.8668
88|14.8668|14.8668
89|14.8668|14.8668
90|14.8668|14.8668
91|14.8668|14.8668
92|14.8668|14.8668
93|14.8668|14.8668
94|14.8668|14.8668
95|14.8668|14.8668
96|14.8668|14.8668
97|14.8668|14.8668
98|14.8668|14.8668
99|14.8668|14.8668
100|14.8668|14.8668
101|14.8668|14.8668
102|14.8668|14.8668
103|14.8668|14.8668
104|14.8668|14.8668
105|14.8668|14.8668
106|14.8668|14.8668
107|14.8668|14.8668
108|14.8668|14.8668
109|14.8668|14.8668
110|14.8668|14.8668
111|14.8668|14.8668
112|14.8668|14.8668
113|14.8668|14.8668
114|14.8668|14.8668
115|14.8668|14.8668
116|14.8668|14.8668
117|14.8668|14.8668
118|14.8668|14.8668
119|14.8668|14.8668
120|14.8668|14.8668
121|14.8668|14.8668
122|14.8668|14.8668
123|14.8668|14.8668
124|14.8668|14.8668
125|14.8668|14.8668
126|14.8668|14.8668
127|14.8668|14.8668
128|14.8668|14.8668
129|14.8668|14.8668
130|14.8668|14.8668
131|14.8668|14.8668
132|14.8668|14.8668
133|14.8668|14.8668
134|14.8668|14.8668
135|14.8668|14.8668
136|14.8668|14.8668
137|14.8668|14.8668
138|14.8668|14.8668
139|14.8668|14.8668
140|14.8668|14.8668
141|14.8668|14.8668
142|14.8668|14.8668
143|14.8668|14.8668
144|14.8668|14.8668
145|14.8668|14.8668
146|14.8668|14.8668
147|14.8668|14.8668
148|14.8668|14.8668
149|14.8668|14.8668
150|14.8668|14.8668
151|14.8668|14.8668
152|14.8668|14.8668
153|14.8668|14.8668
154|14.8668|14.8668
155|14.8668|14.8668
156|14.8668|14.8668
157|14.8668|14.8668
158|14.8668|14.8668
159|14.8668|14.8668
160|14.8668|14.8668
161|14.8668|14.8668
162|14.8668|14.8668
163|14.8668|14.8668
164|14.8668|14.8668
165|14.8668|14.8668
166|14.8668|14.8668
167|14.8668|14.8668
168|14.8668|14.8668
169|14.8668|14.8668
170|14.8668|14.8668
171|14.8668|14.8668
172|14.8668|14.8668
173|14.8668|14.8668
174|14.8668|14.8668
175|14.8668|14.8668
176|14.8668|14.8668
177|14.8668|14.8668
178|14.8668|14.8668
179|14.8668|14.8668
180|14.8668|14.8668
181|14.8668|14.8668
182|14.8668|14.8668
183|14.8668|14.8668
184|14.8668|14.8668
185|14.8668|14.8668
186|14.8668|14.8668
187|14.8668|14.8668
188|14.8668|14.8668
189|14.8668|14.8668
190|14.8668|14.8668
191|14.8668|14.8668
192|14.8668|14.8668
193|14.8668|14.8668
194|14.8668|14.8668
195|14.8668|14.8668
196|14.8668|14.8668
197|14.8668|14.8668
198|14.8668|14.8668
199|14.8668|14.8668
200|14.8668|14.8668
201|14.8668|14.8668
202|14.8668|14.8668
203|14.8668|14.8668
204|14.8668|14.8668
205|14.8668|14.8668
206|14.8668|14.8668
207|14.8668|14.8668
208|14.8668|14.8668
209|14.8668|14.8668
210|14.8668|14.8668
211|14.8668|14.8668
212|14.8668|14.8668
213|14.8668|14.8668
214|14.8668|14.8668
215|14.8668|14.8668
216|14.8668|14.8668
217|14.8668|14.8668
218|14.8668|14.8668
219|14.8668|14.8668
220|14.8668|14.8668
EARLY STOP: TARGET FOUND
306464ms
