1|-2.24861|-2.24861
2|-3.07766|-3.07766
3|-3.82905|-3.82905
4|-4.53923|-4.53923
5|-4.76186|-4.76186
6|-4.84094|-4.84094
7|-4.91054|-4.91054
8|-4.95231|-4.95231
9|-5.05718|-5.05718
10|-5.44871|-5.44871
11|-5.49149|-5.49149
12|-5.52341|-5.52341
13|-5.53609|-5.53609
14|-5.54795|-5.54795
15|-6.24766|-6.24766
16|-6.3154|-6.3154
17|-6.34496|-6.34496
18|-6.35392|-6.35392
19|-6.36078|-6.36078
20|-6.36662|-6.36662
21|-6.37111|-6.37111
22|-6.37482|-6.37482
23|-7.36271|-7.36271
24|-7.37091|-7.37091
25|-7.37426|-7.37426
26|-7.37591|-7.37591
27|-7.37744|-7.37744
28|-7.37857|-7.37857
29|-7.37958|-7.37958
30|-7.38009|-7.38009
31|-7.3806|-7.3806
32|-7.38099|-7.38099
33|-7.38118|-7.38118
34|-7.38137|-7.38137
35|-7.38154|-7.38154
36|-7.38171|-7.38171
37|-7.38183|-7.38183
38|-7.38195|-7.38195
39|-7.38205|-7.38205
40|-7.3821|-7.3821
41|-7.38216|-7.38216
42|-7.38219|-7.38219
43|-7.38222|-7.38222
44|-7.38225|-7.38225
45|-7.38227|-7.38227
46|-7.38229|-7.38229
47|-7.38231|-7.38231
48|-7.38233|-7.38233
49|-7.38234|-7.38234
50|-7.38235|-7.38235
51|-7.38236|-7.38236
52|-7.38237|-7.38237
53|-7.38237|-7.38237
54|-7.38237|-7.38237
55|-7.38237|-7.38237
56|-7.38237|-7.38237
57|-7.38237|-7.38237
58|-7.38237|-7.38237
59|-7.38238|-7.38238
60|-7.38238|-7.38238
61|-7.38238|-7.38238
62|-7.38238|-7.38238
63|-7.38238|-7.38238
64|-7.38238|-7.38238
65|-7.38238|-7.38238
66|-7.38238|-7.38238
67|-7.38238|-7.38238
68|-7.38238|-7.38238
69|-7.38238|-7.38238
70|-7.38238|-7.38238
71|-7.38238|-7.38238
72|-7.38238|-7.38238
73|-7.38238|-7.38238
74|-7.38238|-7.38238
75|-7.38238|-7.38238
76|-7.38238|-7.38238
77|-7.38238|-7.38238
78|-7.38238|-7.38238
79|-7.38238|-7.38238
80|-7.38238|-7.38238
81|-7.38238|-7.38238
82|-7.38238|-7.38238
83|-7.38238|-7.38238
84|-7.38238|-7.38238
85|-7.38238|-7.38238
86|-7.38238|-7.38238
87|-7.38238|-7.38238
88|-7.38238|-7.38238
89|-7.38238|-7.38238
90|-7.38238|-7.38238
91|-7.38238|-7.38238
92|-7.38238|-7.38238
93|-7.38238|-7.38238
94|-7.38238|-7.38238
95|-7.38238|-7.38238
96|-7.38238|-7.38238
97|-7.38238|-7.38238
98|-7.38238|-7.38238
99|-7.38238|-7.38238
100|-7.38238|-7.38238
101|-7.38238|-7.38238
102|-7.38238|-7.38238
103|-7.38238|-7.38238
104|-7.38238|-7.38238
105|-7.38238|-7.38238
106|-7.38238|-7.38238
107|-7.38238|-7.38238
108|-7.38238|-7.38238
109|-7.38238|-7.38238
110|-7.38238|-7.38238
111|-7.38238|-7.38238
112|-7.38238|-7.38238
113|-7.38238|-7.38238
114|-7.38238|-7.38238
115|-7.38238|-7.38238
116|-7.38238|-7.38238
117|-7.38238|-7.38238
118|-7.38238|-7.38238
119|-7.38238|-7.38238
120|-7.38238|-7.38238
121|-7.38238|-7.38238
122|-7.38238|-7.38238
123|-7.38238|-7.38238
124|-7.38238|-7.38238
125|-7.38238|-7.38238
126|-7.38238|-7.38238
127|-7.38238|-7.38238
128|-7.38238|-7.38238
129|-7.38238|-7.38238
130|-7.38238|-7.38238
131|-7.38238|-7.38238
132|-7.38238|-7.38238
133|-7.38238|-7.38238
134|-7.38238|-7.38238
135|-7.38238|-7.38238
136|-7.38238|-7.38238
137|-7.38238|-7.38238
138|-7.38238|-7.38238
139|-7.38238|-7.38238
140|-7.38238|-7.38238
141|-7.38238|-7.38238
142|-7.38238|-7.38238
143|-7.38238|-7.38238
144|-7.38238|-7.38238
145|-7.38238|-7.38238
146|-7.38238|-7.38238
147|-7.38238|-7.38238
148|-7.38238|-7.38238
149|-7.38238|-7.38238
150|-7.38238|-7.38238
151|-7.38238|-7.38238
152|-7.38238|-7.38238
153|-7.38238|-7.38238
154|-7.38238|-7.38238
155|-7.38238|-7.38238
156|-7.38238|-7.38238
157|-7.38238|-7.38238
158|-7.38238|-7.38238
159|-7.38238|-7.38238
160|-7.38238|-7.38238
161|-7.38238|-7.38238
162|-7.38238|-7.38238
163|-7.38238|-7.38238
164|-7.38238|-7.38238
165|-7.38238|-7.38238
166|-7.38238|-7.38238
167|-7.38238|-7.38238
168|-7.38238|-7.38238
169|-7.38238|-7.38238
170|-7.38238|-7.38238
171|-7.38238|-7.38238
172|-7.38238|-7.38238
173|-7.38238|-7.38238
174|-7.38238|-7.38238
175|-7.38238|-7.38238
176|-7.38238|-7.38238
177|-7.38238|-7.38238
178|-7.38238|-7.38238
179|-7.38238|-7.38238
180|-7.38238|-7.38238
181|-7.38238|-7.38238
182|-7.38238|-7.38238
183|-7.38238|-7.38238
184|-7.38238|-7.38238
185|-7.38238|-7.38238
186|-7.38238|-7.38238
187|-7.38238|-7.38238
188|-7.38238|-7.38238
189|-7.38238|-7.38238
190|-7.38238|-7.38238
191|-7.38238|-7.38238
192|-7.38238|-7.38238
193|-7.38238|-7.38238
194|-7.38238|-7.38238
195|-7.38238|-7.38238
196|-7.38238|-7.38238
197|-7.38238|-7.38238
198|-7.38238|-7.38238
199|-7.38238|-7.38238
200|-7.38238|-7.38238
201|-7.38238|-7.38238
202|-7.38238|-7.38238
203|-7.38238|-7.38238
204|-7.38238|-7.38238
205|-7.38238|-7.38238
206|-7.38238|-7.38238
207|-7.38238|-7.38238
208|-7.38238|-7.38238
209|-7.38238|-7.38238
210|-7.38238|-7.38238
EARLY STOP: TARGET FOUND
288154ms
