1|-5.65827|-5.65827
2|-6.55436|-6.55436
3|-7.41437|-7.41437
4|-8.26204|-8.26204
5|-9.04891|-9.04891
6|-9.75838|-9.75838
7|-10.4355|-10.4355
8|-11.0895|-11.0895
9|-11.7021|-11.7021
10|-12.2903|-12.2903
11|-12.876|-12.876
12|-13.4054|-13.4054
13|-13.9175|-13.9175
14|-14.4107|-14.4107
15|-14.8992|-14.8992
16|-15.387|-15.387
17|-15.8726|-15.8726
18|-16.2902|-16.2902
19|-16.6994|-16.6994
20|-17.1202|-17.1202
21|-17.5054|-17.5054
22|-17.8756|-17.8756
23|-18.2836|-18.2836
24|-18.6518|-18.6518
25|-18.9838|-18.9838
26|-19.3304|-19.3304
27|-19.6524|-19.6524
28|-20.1044|-20.1044
29|-20.3859|-20.3859
30|-20.6622|-20.6622
31|-20.9077|-20.9077
32|-21.1376|-21.1376
33|-21.3507|-21.3507
34|-21.5536|-21.5536
35|-21.7372|-21.7372
36|-22.1445|-22.1445
37|-22.3267|-22.3267
38|-22.4951|-22.4951
39|-22.6531|-22.6531
40|-22.8007|-22.8007
41|-23.2243|-23.2243
42|-23.342|-23.342
43|-23.4576|-23.4576
44|-23.5689|-23.5689
45|-23.6745|-23.6745
46|-23.7757|-23.7757
47|-23.8763|-23.8763
48|-23.9672|-23.9672
49|-24.0407|-24.0407
50|-24.1119|-24.1119
51|-24.181|-24.181
52|-24.2322|-24.2322
53|-24.283|-24.283
54|-24.331|-24.331
55|-24.3767|-24.3767
56|-24.6432|-24.6432
57|-24.7707|-24.7707
58|-24.8144|-24.8144
59|-24.8573|-24.8573
60|-24.896|-24.896
61|-24.9315|-24.9315
62|-24.9664|-24.9664
63|-25.001|-25.001
64|-25.0325|-25.0325
65|-25.0617|-25.0617
66|-25.0904|-25.0904
67|-25.1161|-25.1161
68|-25.1409|-25.1409
69|-25.1636|-25.1636
70|-25.182|-25.182
71|-25.1999|-25.1999
72|-25.2164|-25.2164
73|-25.2318|-25.2318
74|-25.2467|-25.2467
75|-25.2557|-25.2557
76|-25.2632|-25.2632
77|-25.2701|-25.2701
78|-25.2765|-25.2765
79|-25.2828|-25.2828
80|-25.2881|-25.2881
81|-25.2928|-25.2928
82|-25.2971|-25.2971
83|-25.3012|-25.3012
84|-25.3046|-25.3046
85|-25.308|-25.308
86|-25.3111|-25.3111
87|-25.3134|-25.3134
88|-25.6701|-25.6701
89|-25.924|-25.924
90|-26.1941|-26.1941
91|-26.201|-26.201
92|-26.204|-26.204
93|-26.206|-26.206
94|-26.208|-26.208
95|-26.21|-26.21
96|-26.2116|-26.2116
97|-26.2129|-26.2129
98|-26.2141|-26.2141
99|-26.2153|-26.2153
100|-26.2164|-26.2164
101|-26.2172|-26.2172
102|-26.2179|-26.2179
103|-26.2186|-26.2186
104|-26.2192|-26.2192
105|-26.2197|-26.2197
106|-26.2202|-26.2202
107|-26.2207|-26.2207
108|-26.2212|-26.2212
109|-26.2215|-26.2215
110|-26.2219|-26.2219
111|-26.2222|-26.2222
112|-26.2225|-26.2225
113|-26.2228|-26.2228
114|-26.223|-26.223
115|-26.2232|-26.2232
116|-26.2234|-26.2234
117|-26.2236|-26.2236
118|-26.2238|-26.2238
119|-26.2239|-26.2239
120|-26.2241|-26.2241
121|-26.2243|-26.2243
122|-26.2244|-26.2244
123|-26.2246|-26.2246
124|-26.2247|-26.2247
125|-26.2248|-26.2248
126|-26.225|-26.225
127|-26.2251|-26.2251
128|-26.2252|-26.2252
129|-26.2253|-26.2253
130|-26.2253|-26.2253
131|-26.2254|-26.2254
132|-26.2254|-26.2254
133|-26.2255|-26.2255
134|-26.2255|-26.2255
135|-26.2256|-26.2256
136|-26.2256|-26.2256
137|-26.2256|-26.2256
138|-26.2257|-26.2257
139|-26.2257|-26.2257
140|-26.2257|-26.2257
141|-26.2257|-26.2257
142|-26.2257|-26.2257
143|-26.2258|-26.2258
144|-26.2258|-26.2258
145|-26.2258|-26.2258
146|-26.2258|-26.2258
147|-26.2258|-26.2258
148|-26.2258|-26.2258
149|-26.2258|-26.2258
150|-26.2258|-26.2258
151|-26.2258|-26.2258
152|-26.2258|-26.2258
153|-26.2258|-26.2258
154|-26.2258|-26.2258
155|-26.2258|-26.2258
156|-26.2258|-26.2258
157|-26.2258|-26.2258
158|-26.2258|-26.2258
159|-26.2258|-26.2258
160|-26.2258|-26.2258
161|-26.2258|-26.2258
162|-26.2258|-26.2258
163|-26.2258|-26.2258
164|-26.2258|-26.2258
165|-26.2258|-26.2258
166|-26.2258|-26.2258
167|-26.2258|-26.2258
168|-26.2258|-26.2258
169|-26.2258|-26.2258
170|-26.2258|-26.2258
171|-26.2258|-26.2258
172|-26.2258|-26.2258
173|-26.2258|-26.2258
174|-26.2258|-26.2258
175|-26.2258|-26.2258
176|-26.2258|-26.2258
177|-26.2258|-26.2258
178|-26.2258|-26.2258
179|-26.2258|-26.2258
180|-26.2258|-26.2258
181|-26.2258|-26.2258
182|-26.2258|-26.2258
183|-26.2258|-26.2258
184|-26.2258|-26.2258
185|-26.2258|-26.2258
186|-26.2258|-26.2258
187|-26.2258|-26.2258
188|-26.2258|-26.2258
189|-26.2258|-26.2258
190|-26.2258|-26.2258
191|-26.2258|-26.2258
192|-26.2258|-26.2258
193|-26.2258|-26.2258
194|-26.2258|-26.2258
195|-26.2258|-26.2258
196|-26.2258|-26.2258
197|-26.2258|-26.2258
198|-26.2258|-26.2258
199|-26.2258|-26.2258
200|-26.2258|-26.2258
201|-26.2258|-26.2258
202|-26.2258|-26.2258
203|-26.2258|-26.2258
204|-26.2258|-26.2258
205|-26.2258|-26.2258
206|-26.2258|-26.2258
207|-26.2258|-26.2258
208|-26.2258|-26.2258
209|-26.2258|-26.2258
210|-26.2258|-26.2258
211|-26.2258|-26.2258
212|-26.2258|-26.2258
213|-26.2258|-26.2258
214|-26.2258|-26.2258
215|-26.2258|-26.2258
216|-26.2258|-26.2258
217|-26.2258|-26.2258
218|-26.2258|-26.2258
219|-26.2258|-26.2258
220|-26.2258|-26.2258
221|-26.2258|-26.2258
222|-26.2258|-26.2258
223|-26.2258|-26.2258
224|-26.2258|-26.2258
225|-26.2258|-26.2258
226|-26.2258|-26.2258
227|-26.2258|-26.2258
228|-26.2258|-26.2258
229|-26.2258|-26.2258
230|-26.2258|-26.2258
231|-26.2258|-26.2258
232|-26.2258|-26.2258
233|-26.2258|-26.2258
234|-26.2258|-26.2258
235|-26.2258|-26.2258
236|-26.2258|-26.2258
237|-26.2258|-26.2258
238|-26.2258|-26.2258
239|-26.2258|-26.2258
240|-26.2258|-26.2258
241|-26.2258|-26.2258
242|-26.2258|-26.2258
243|-26.2258|-26.2258
244|-26.2258|-26.2258
245|-26.2258|-26.2258
246|-26.2258|-26.2258
247|-26.2258|-26.2258
248|-26.2258|-26.2258
249|-26.2258|-26.2258
250|-26.2258|-26.2258
251|-26.2258|-26.2258
252|-26.2258|-26.2258
253|-26.2258|-26.2258
254|-26.2258|-26.2258
255|-26.2258|-26.2258
256|-26.2258|-26.2258
257|-26.2258|-26.2258
258|-26.2258|-26.2258
259|-26.2258|-26.2258
260|-26.2258|-26.2258
261|-26.2258|-26.2258
262|-26.2258|-26.2258
263|-26.2258|-26.2258
264|-26.2258|-26.2258
265|-26.2258|-26.2258
266|-26.2258|-26.2258
267|-26.2258|-26.2258
268|-26.2258|-26.2258
269|-26.2258|-26.2258
270|-26.2258|-26.2258
271|-26.2258|-26.2258
272|-26.2258|-26.2258
273|-26.2258|-26.2258
274|-26.2258|-26.2258
275|-26.2258|-26.2258
276|-26.2258|-26.2258
277|-26.2258|-26.2258
278|-26.2258|-26.2258
279|-26.2258|-26.2258
280|-26.2258|-26.2258
281|-26.2258|-26.2258
282|-26.2258|-26.2258
283|-26.2258|-26.2258
284|-26.2258|-26.2258
285|-26.2258|-26.2258
286|-26.2258|-26.2258
287|-26.2258|-26.2258
288|-26.2258|-26.2258
289|-26.2258|-26.2258
290|-26.2258|-26.2258
291|-26.2258|-26.2258
292|-26.2258|-26.2258
293|-26.2258|-26.2258
294|-26.2258|-26.2258
295|-26.2258|-26.2258
296|-26.2258|-26.2258
297|-26.2258|-26.2258
298|-26.2258|-26.2258
299|-26.2258|-26.2258
300|-26.2258|-26.2258
301|-26.2258|-26.2258
302|-26.2258|-26.2258
303|-26.2258|-26.2258
304|-26.2258|-26.2258
305|-26.2258|-26.2258
306|-26.2258|-26.2258
307|-26.2258|-26.2258
308|-26.2258|-26.2258
309|-26.2258|-26.2258
310|-26.2258|-26.2258
311|-26.2258|-26.2258
EARLY STOP: TARGET FOUND
3560996ms
