1|87.8566|87.8566
2|60.2227|60.2227
3|46.824|46.824
4|35.1646|35.1646
5|27.1005|27.1005
6|19.5124|19.5124
7|17.7589|17.7589
8|16.3376|16.3376
9|15.1102|15.1102
10|14.2369|14.2369
11|13.5295|13.5295
12|12.901|12.901
13|12.5954|12.5954
14|12.3875|12.3875
15|12.246|12.246
16|12.1058|12.1058
17|12.0265|12.0265
18|11.959|11.959
19|11.914|11.914
20|11.8803|11.8803
21|11.8637|11.8637
22|11.8554|11.8554
23|11.8478|11.8478
24|11.8437|11.8437
25|11.8416|11.8416
26|11.8395|11.8395
27|11.8385|11.8385
28|11.8375|11.8375
29|11.8371|11.8371
30|11.8369|11.8369
31|11.8368|11.8368
32|11.8368|11.8368
33|11.8368|11.8368
34|11.8368|11.8368
35|11.8368|11.8368
36|11.8368|11.8368
37|11.8368|11.8368
38|11.8368|11.8368
39|11.8368|11.8368
40|11.8368|11.8368
41|11.8368|11.8368
42|11.8368|11.8368
43|11.8368|11.8368
44|11.8368|11.8368
45|11.8368|11.8368
46|11.8368|11.8368
47|11.8368|11.8368
48|11.8368|11.8368
49|11.8368|11.8368
50|11.8368|11.8368
51|11.8368|11.8368
52|11.8368|11.8368
53|11.8368|11.8368
54|11.8368|11.8368
55|11.8368|11.8368
56|11.8368|11.8368
57|11.8368|11.8368
58|11.8368|11.8368
59|11.8368|11.8368
60|11.8368|11.8368
61|11.8368|11.8368
62|11.8368|11.8368
63|11.8368|11.8368
64|11.8368|11.8368
65|11.8368|11.8368
66|11.8368|11.8368
67|11.8368|11.8368
68|11.8368|11.8368
69|11.8368|11.8368
70|11.8368|11.8368
71|11.8368|11.8368
72|11.8368|11.8368
73|11.8368|11.8368
74|11.8368|11.8368
75|11.8368|11.8368
76|11.8368|11.8368
77|11.8368|11.8368
78|11.8368|11.8368
79|11.8368|11.8368
80|11.8368|11.8368
81|11.8368|11.8368
82|11.8368|11.8368
83|11.8368|11.8368
84|11.8368|11.8368
85|11.8368|11.8368
86|11.8368|11.8368
87|11.8368|11.8368
88|11.8368|11.8368
89|11.8368|11.8368
90|11.8368|11.8368
91|11.8368|11.8368
92|11.8368|11.8368
93|11.8368|11.8368
94|11.8368|11.8368
95|11.8368|11.8368
96|11.8368|11.8368
97|11.8368|11.8368
98|11.8368|11.8368
99|11.8368|11.8368
100|11.8368|11.8368
101|11.8368|11.8368
102|11.8368|11.8368
103|11.8368|11.8368
104|11.8368|11.8368
105|11.8368|11.8368
106|11.8368|11.8368
107|11.8368|11.8368
108|11.8368|11.8368
109|11.8368|11.8368
110|11.8368|11.8368
111|11.8368|11.8368
112|11.8368|11.8368
113|11.8368|11.8368
114|11.8368|11.8368
115|11.8368|11.8368
116|11.8368|11.8368
117|11.8368|11.8368
118|11.8368|11.8368
119|11.8368|11.8368
120|11.8368|11.8368
121|11.8368|11.8368
122|11.8368|11.8368
123|11.8368|11.8368
124|11.8368|11.8368
125|11.8368|11.8368
126|11.8368|11.8368
127|11.8368|11.8368
128|11.8368|11.8368
129|11.8368|11.8368
130|11.8368|11.8368
131|11.8368|11.8368
132|11.8368|11.8368
133|11.8368|11.8368
134|11.8368|11.8368
135|11.8368|11.8368
136|11.8368|11.8368
137|11.8368|11.8368
138|11.8368|11.8368
139|11.8368|11.8368
140|11.8368|11.8368
141|11.8368|11.8368
142|11.8368|11.8368
143|11.8368|11.8368
144|11.8368|11.8368
145|11.8368|11.8368
146|11.8368|11.8368
147|11.8368|11.8368
148|11.8368|11.8368
149|11.8368|11.8368
150|11.8368|11.8368
151|11.8368|11.8368
152|11.8368|11.8368
153|11.8368|11.8368
154|11.8368|11.8368
155|11.8368|11.8368
156|11.8368|11.8368
157|11.8368|11.8368
158|11.8368|11.8368
159|11.8368|11.8368
160|11.8368|11.8368
161|11.8368|11.8368
162|11.8368|11.8368
163|11.8368|11.8368
164|11.8368|11.8368
165|11.8368|11.8368
166|11.8368|11.8368
167|11.8368|11.8368
168|11.8368|11.8368
169|11.8368|11.8368
170|11.8368|11.8368
171|11.8368|11.8368
172|11.8368|11.8368
173|11.8368|11.8368
174|11.8368|11.8368
175|11.8368|11.8368
176|11.8368|11.8368
177|11.8368|11.8368
178|11.8368|11.8368
179|11.8368|11.8368
180|11.8368|11.8368
181|11.8368|11.8368
182|11.8368|11.8368
EARLY STOP: TARGET FOUND
71226ms
