1|-0.922138|-0.922138
2|-1.44311|-1.44311
3|-1.69834|-1.69834
4|-1.85965|-1.85965
5|-1.97903|-1.97903
6|-2.05824|-2.05824
7|-2.12617|-2.12617
8|-2.17351|-2.17351
9|-2.20901|-2.20901
10|-2.23064|-2.23064
11|-2.25029|-2.25029
12|-2.26041|-2.26041
13|-2.28203|-2.28203
14|-2.31289|-2.31289
15|-2.90333|-2.90333
16|-3.19619|-3.19619
17|-3.23908|-3.23908
18|-3.2451|-3.2451
19|-3.25021|-3.25021
20|-3.2551|-3.2551
21|-3.25959|-3.25959
22|-3.26209|-3.26209
23|-3.26332|-3.26332
24|-3.26444|-3.26444
25|-3.26505|-3.26505
26|-3.26561|-3.26561
27|-3.26593|-3.26593
28|-3.26624|-3.26624
29|-3.26652|-3.26652
30|-3.26667|-3.26667
31|-3.26675|-3.26675
32|-3.26682|-3.26682
33|-3.26686|-3.26686
34|-3.26689|-3.26689
35|-3.26692|-3.26692
36|-3.26694|-3.26694
37|-3.26695|-3.26695
38|-3.26695|-3.26695
39|-3.26695|-3.26695
40|-3.26695|-3.26695
41|-3.26695|-3.26695
42|-3.26695|-3.26695
43|-3.26695|-3.26695
44|-3.26695|-3.26695
45|-3.26695|-3.26695
46|-3.26695|-3.26695
47|-3.26695|-3.26695
48|-3.26695|-3.26695
49|-3.26695|-3.26695
50|-3.26695|-3.26695
51|-3.26695|-3.26695
52|-3.26695|-3.26695
53|-3.26695|-3.26695
54|-3.26695|-3.26695
55|-3.26695|-3.26695
56|-3.26695|-3.26695
57|-3.26695|-3.26695
58|-3.26695|-3.26695
59|-3.26695|-3.26695
60|-3.26695|-3.26695
61|-3.26695|-3.26695
62|-3.26695|-3.26695
63|-3.26695|-3.26695
64|-3.26695|-3.26695
65|-3.26695|-3.26695
66|-3.26695|-3.26695
67|-3.26695|-3.26695
68|-3.26695|-3.26695
69|-3.26695|-3.26695
70|-3.26695|-3.26695
71|-3.26695|-3.26695
72|-3.26695|-3.26695
73|-3.26695|-3.26695
74|-3.26695|-3.26695
75|-3.26695|-3.26695
76|-3.26695|-3.26695
77|-3.26695|-3.26695
78|-3.26695|-3.26695
79|-3.26695|-3.26695
80|-3.26695|-3.26695
81|-3.26695|-3.26695
82|-3.26695|-3.26695
83|-3.26695|-3.26695
84|-3.26695|-3.26695
85|-3.26695|-3.26695
86|-3.26695|-3.26695
87|-3.26695|-3.26695
88|-3.26695|-3.26695
89|-3.26695|-3.26695
90|-3.26695|-3.26695
91|-3.26695|-3.26695
92|-3.26695|-3.26695
93|-3.26695|-3.26695
94|-3.26695|-3.26695
95|-3.26695|-3.26695
96|-3.26695|-3.26695
97|-3.26695|-3.26695
98|-3.26695|-3.26695
99|-3.26695|-3.26695
100|-3.26695|-3.26695
101|-3.26695|-3.26695
102|-3.26695|-3.26695
103|-3.26695|-3.26695
104|-3.26695|-3.26695
105|-3.26695|-3.26695
106|-3.26695|-3.26695
107|-3.26695|-3.26695
108|-3.26695|-3.26695
109|-3.26695|-3.26695
110|-3.26695|-3.26695
111|-3.26695|-3.26695
112|-3.26695|-3.26695
113|-3.26695|-3.26695
114|-3.26695|-3.26695
115|-3.26695|-3.26695
116|-3.26695|-3.26695
117|-3.26695|-3.26695
118|-3.26695|-3.26695
119|-3.26695|-3.26695
120|-3.26695|-3.26695
121|-3.26695|-3.26695
122|-3.26695|-3.26695
123|-3.26695|-3.26695
124|-3.26695|-3.26695
125|-3.26695|-3.26695
126|-3.26695|-3.26695
127|-3.26695|-3.26695
128|-3.26695|-3.26695
129|-3.26695|-3.26695
130|-3.26695|-3.26695
131|-3.26695|-3.26695
132|-3.26695|-3.26695
133|-3.26695|-3.26695
134|-3.26695|-3.26695
135|-3.26695|-3.26695
136|-3.26695|-3.26695
137|-3.26695|-3.26695
138|-3.26695|-3.26695
139|-3.26695|-3.26695
140|-3.26695|-3.26695
141|-3.26695|-3.26695
142|-3.26695|-3.26695
143|-3.26695|-3.26695
144|-3.26695|-3.26695
145|-3.26695|-3.26695
146|-3.26695|-3.26695
147|-3.26695|-3.26695
148|-3.26695|-3.26695
149|-3.26695|-3.26695
150|-3.26695|-3.26695
151|-3.26695|-3.26695
152|-3.26695|-3.26695
153|-3.26695|-3.26695
154|-3.26695|-3.26695
155|-3.26695|-3.26695
156|-3.26695|-3.26695
157|-3.26695|-3.26695
158|-3.26695|-3.26695
159|-3.26695|-3.26695
160|-3.26695|-3.26695
161|-3.26695|-3.26695
162|-3.26695|-3.26695
163|-3.26695|-3.26695
164|-3.26695|-3.26695
165|-3.26695|-3.26695
166|-3.26695|-3.26695
167|-3.26695|-3.26695
168|-3.26695|-3.26695
169|-3.26695|-3.26695
170|-3.26695|-3.26695
171|-3.26695|-3.26695
172|-3.26695|-3.26695
173|-3.26695|-3.26695
174|-3.26695|-3.26695
175|-3.26695|-3.26695
176|-3.26695|-3.26695
177|-3.26695|-3.26695
178|-3.26695|-3.26695
179|-3.26695|-3.26695
180|-3.26695|-3.26695
181|-3.26695|-3.26695
182|-3.26695|-3.26695
183|-3.26695|-3.26695
184|-3.26695|-3.26695
185|-3.26695|-3.26695
186|-3.26695|-3.26695
187|-3.26695|-3.26695
188|-3.26695|-3.26695
189|-3.26695|-3.26695
190|-3.26695|-3.26695
EARLY STOP: TARGET FOUND
74241ms
