1|106.472|106.472
2|81.6086|81.6086
3|57.7152|57.7152
4|33.926|33.926
5|15.2545|15.2545
6|10.6846|10.6846
7|7.63026|7.63026
8|4.95599|4.95599
9|3.20417|3.20417
10|2.14802|2.14802
11|1.45487|1.45487
12|0.921602|0.921602
13|0.670011|0.670011
14|0.449133|0.449133
15|0.292567|0.292567
16|0.242377|0.242377
17|0.193382|0.193382
18|0.146449|0.146449
19|0.101163|0.101163
20|0.0675239|0.0675239
21|0.0528153|0.0528153
22|0.0420208|0.0420208
23|0.0329622|0.0329622
24|0.0258207|0.0258207
25|0.0212735|0.0212735
26|0.0170246|0.0170246
27|0.0132914|0.0132914
28|0.00996993|0.00996993
EARLY STOP: TARGET FOUND
38991ms
