1|-4.28399|-4.28399
2|-5.19982|-5.19982
3|-6.08338|-6.08338
4|-6.95294|-6.95294
5|-7.75933|-7.75933
6|-8.52379|-8.52379
7|-9.28267|-9.28267
8|-10.0389|-10.0389
9|-10.7884|-10.7884
10|-11.5357|-11.5357
11|-12.274|-12.274
12|-13.0045|-13.0045
13|-13.7037|-13.7037
14|-14.357|-14.357
15|-14.9919|-14.9919
16|-15.5897|-15.5897
17|-16.1614|-16.1614
18|-16.705|-16.705
19|-17.236|-17.236
20|-17.5795|-17.5795
21|-17.9746|-17.9746
22|-18.2709|-18.2709
23|-18.5164|-18.5164
24|-19.0098|-19.0098
25|-19.2229|-19.2229
26|-19.7581|-19.7581
27|-19.9395|-19.9395
28|-20.1188|-20.1188
29|-20.6828|-20.6828
30|-20.8404|-20.8404
31|-20.9846|-20.9846
32|-21.1263|-21.1263
33|-21.3969|-21.3969
34|-21.5346|-21.5346
35|-21.6541|-21.6541
36|-21.8613|-21.8613
37|-22.256|-22.256
38|-22.3634|-22.3634
39|-22.4688|-22.4688
40|-22.5469|-22.5469
41|-22.616|-22.616
42|-22.6796|-22.6796
43|-22.851|-22.851
44|-22.9126|-22.9126
45|-22.9699|-22.9699
46|-23.0207|-23.0207
47|-23.07|-23.07
48|-23.1154|-23.1154
49|-23.1583|-23.1583
50|-23.1992|-23.1992
51|-23.2378|-23.2378
52|-23.2758|-23.2758
53|-23.3124|-23.3124
54|-23.3378|-23.3378
55|-23.3631|-23.3631
56|-23.3867|-23.3867
57|-23.4076|-23.4076
58|-23.4281|-23.4281
59|-23.4485|-23.4485
60|-23.4671|-23.4671
61|-23.7925|-23.7925
62|-23.8565|-23.8565
63|-23.8737|-23.8737
64|-23.886|-23.886
65|-24.5524|-24.5524
66|-24.7906|-24.7906
67|-24.8556|-24.8556
68|-24.8705|-24.8705
69|-24.8818|-24.8818
70|-24.8921|-24.8921
71|-24.9014|-24.9014
72|-24.9107|-24.9107
73|-24.9198|-24.9198
74|-24.9289|-24.9289
75|-24.9356|-24.9356
76|-24.9422|-24.9422
77|-24.9477|-24.9477
78|-24.9521|-24.9521
79|-24.9564|-24.9564
80|-24.9604|-24.9604
81|-24.9643|-24.9643
82|-24.9681|-24.9681
83|-24.9711|-24.9711
84|-24.9741|-24.9741
85|-24.9769|-24.9769
86|-24.9795|-24.9795
87|-24.9819|-24.9819
88|-24.9842|-24.9842
89|-24.9864|-24.9864
90|-24.9884|-24.9884
91|-24.9904|-24.9904
92|-24.9923|-24.9923
93|-24.9942|-24.9942
94|-24.9957|-24.9957
95|-24.9972|-24.9972
96|-24.9986|-24.9986
97|-25.0001|-25.0001
98|-25.0015|-25.0015
99|-25.0028|-25.0028
100|-25.004|-25.004
101|-25.0052|-25.0052
102|-25.0064|-25.0064
103|-25.0074|-25.0074
104|-25.0083|-25.0083
105|-25.0091|-25.0091
106|-25.0099|-25.0099
107|-25.0106|-25.0106
108|-25.0113|-25.0113
109|-25.0119|-25.0119
110|-25.0125|-25.0125
111|-25.0131|-25.0131
112|-25.0136|-25.0136
113|-25.014|-25.014
114|-25.0145|-25.0145
115|-25.0148|-25.0148
116|-25.0152|-25.0152
117|-25.0155|-25.0155
118|-25.0158|-25.0158
119|-25.0161|-25.0161
120|-25.0164|-25.0164
121|-25.0167|-25.0167
122|-25.017|-25.017
123|-25.0172|-25.0172
124|-25.0174|-25.0174
125|-25.0177|-25.0177
126|-25.0179|-25.0179
127|-25.0181|-25.0181
128|-25.0183|-25.0183
129|-25.0185|-25.0185
130|-25.0186|-25.0186
131|-25.0188|-25.0188
132|-25.019|-25.019
133|-25.0191|-25.0191
134|-25.0193|-25.0193
135|-25.0194|-25.0194
136|-25.0195|-25.0195
137|-25.0196|-25.0196
138|-25.0198|-25.0198
139|-25.0199|-25.0199
140|-25.02|-25.02
141|-25.0201|-25.0201
142|-25.0201|-25.0201
143|-25.0202|-25.0202
144|-25.0203|-25.0203
145|-25.0204|-25.0204
146|-25.0204|-25.0204
147|-25.0205|-25.0205
148|-25.0205|-25.0205
149|-25.0206|-25.0206
150|-25.0206|-25.0206
151|-25.0207|-25.0207
152|-25.0207|-25.0207
153|-25.0208|-25.0208
154|-25.0208|-25.0208
155|-25.0208|-25.0208
156|-25.0209|-25.0209
157|-25.0209|-25.0209
158|-25.0209|-25.0209
159|-25.021|-25.021
160|-25.021|-25.021
161|-25.021|-25.021
162|-25.021|-25.021
163|-25.0211|-25.0211
164|-25.0211|-25.0211
165|-25.0211|-25.0211
166|-25.0211|-25.0211
167|-25.0211|-25.0211
168|-25.0211|-25.0211
169|-25.0212|-25.0212
170|-25.0212|-25.0212
171|-25.0212|-25.0212
172|-25.0212|-25.0212
173|-25.0212|-25.0212
174|-25.0212|-25.0212
175|-25.0212|-25.0212
176|-25.0212|-25.0212
177|-25.0212|-25.0212
178|-25.0212|-25.0212
179|-25.0212|-25.0212
180|-25.0212|-25.0212
181|-25.0212|-25.0212
182|-25.0212|-25.0212
183|-25.0212|-25.0212
184|-25.0212|-25.0212
185|-25.0212|-25.0212
186|-25.0212|-25.0212
187|-25.0212|-25.0212
188|-25.0212|-25.0212
189|-25.0212|-25.0212
190|-25.0212|-25.0212
191|-25.0212|-25.0212
192|-25.0212|-25.0212
193|-25.0212|-25.0212
194|-25.0212|-25.0212
195|-25.0212|-25.0212
196|-25.0212|-25.0212
197|-25.0212|-25.0212
198|-25.0212|-25.0212
199|-25.0212|-25.0212
200|-25.0212|-25.0212
201|-25.0212|-25.0212
202|-25.0212|-25.0212
203|-25.0212|-25.0212
204|-25.0212|-25.0212
205|-25.0212|-25.0212
206|-25.0212|-25.0212
207|-25.0212|-25.0212
208|-25.0212|-25.0212
209|-25.0212|-25.0212
210|-25.0212|-25.0212
211|-25.0212|-25.0212
212|-25.0212|-25.0212
213|-25.0212|-25.0212
214|-25.0212|-25.0212
215|-25.0212|-25.0212
216|-25.0212|-25.0212
217|-25.0212|-25.0212
218|-25.0212|-25.0212
219|-25.0212|-25.0212
220|-25.0212|-25.0212
221|-25.0212|-25.0212
222|-25.0212|-25.0212
223|-25.0212|-25.0212
224|-25.0212|-25.0212
225|-25.0212|-25.0212
226|-25.0212|-25.0212
227|-25.0212|-25.0212
228|-25.0212|-25.0212
229|-25.0212|-25.0212
230|-25.0212|-25.0212
231|-25.0212|-25.0212
232|-25.0212|-25.0212
233|-25.0212|-25.0212
234|-25.0212|-25.0212
235|-25.0212|-25.0212
236|-25.0212|-25.0212
237|-25.0212|-25.0212
238|-25.0212|-25.0212
239|-25.0212|-25.0212
240|-25.0212|-25.0212
241|-25.0212|-25.0212
242|-25.0212|-25.0212
243|-25.0212|-25.0212
244|-25.0212|-25.0212
245|-25.0212|-25.0212
246|-25.0212|-25.0212
247|-25.0212|-25.0212
248|-25.0212|-25.0212
249|-25.0212|-25.0212
250|-25.0212|-25.0212
251|-25.0212|-25.0212
252|-25.0212|-25.0212
253|-25.0212|-25.0212
254|-25.0212|-25.0212
255|-25.0212|-25.0212
256|-25.0212|-25.0212
257|-25.0212|-25.0212
258|-25.0212|-25.0212
259|-25.0212|-25.0212
260|-25.0212|-25.0212
261|-25.0212|-25.0212
262|-25.0212|-25.0212
263|-25.0212|-25.0212
264|-25.0212|-25.0212
265|-25.0212|-25.0212
266|-25.0212|-25.0212
267|-25.0212|-25.0212
268|-25.0212|-25.0212
269|-25.0212|-25.0212
270|-25.0212|-25.0212
271|-25.0212|-25.0212
272|-25.0212|-25.0212
273|-25.0212|-25.0212
274|-25.0212|-25.0212
275|-25.0212|-25.0212
276|-25.0212|-25.0212
277|-25.0212|-25.0212
278|-25.0212|-25.0212
279|-25.0212|-25.0212
280|-25.0212|-25.0212
281|-25.0212|-25.0212
282|-25.0212|-25.0212
283|-25.0212|-25.0212
284|-25.0212|-25.0212
285|-25.0212|-25.0212
286|-25.0212|-25.0212
287|-25.0212|-25.0212
288|-25.0212|-25.0212
289|-25.0212|-25.0212
290|-25.0212|-25.0212
291|-25.0212|-25.0212
292|-25.0212|-25.0212
293|-25.0212|-25.0212
294|-25.0212|-25.0212
295|-25.0212|-25.0212
296|-25.0212|-25.0212
297|-25.0212|-25.0212
298|-25.0212|-25.0212
299|-25.0212|-25.0212
300|-25.0212|-25.0212
301|-25.0212|-25.0212
302|-25.0212|-25.0212
303|-25.0212|-25.0212
304|-25.0212|-25.0212
305|-25.0212|-25.0212
306|-25.0212|-25.0212
307|-25.0212|-25.0212
308|-25.0212|-25.0212
309|-25.0212|-25.0212
310|-25.0212|-25.0212
311|-25.0212|-25.0212
312|-25.0212|-25.0212
313|-25.0212|-25.0212
314|-25.0212|-25.0212
315|-25.0212|-25.0212
316|-25.0212|-25.0212
317|-25.0212|-25.0212
318|-25.0212|-25.0212
319|-25.0212|-25.0212
320|-25.0212|-25.0212
321|-25.0212|-25.0212
322|-25.0212|-25.0212
323|-25.0212|-25.0212
324|-25.0212|-25.0212
325|-25.0212|-25.0212
326|-25.0212|-25.0212
327|-25.0212|-25.0212
328|-25.0212|-25.0212
329|-25.0212|-25.0212
330|-25.0212|-25.0212
331|-25.0212|-25.0212
332|-25.0212|-25.0212
333|-25.0212|-25.0212
334|-25.0212|-25.0212
335|-25.0212|-25.0212
EARLY STOP: TARGET FOUND
3886536ms
