1|-179.115|-179.115
2|-642.151|-642.151
3|-983.393|-983.393
4|-1289.58|-1289.58
5|-1450.54|-1450.54
6|-1483.94|-1483.94
7|-1498.32|-1498.32
8|-1534.27|-1534.27
9|-1543.09|-1543.09
10|-1549.63|-1549.63
11|-1585.83|-1585.83
12|-1603.55|-1603.55
13|-1608.28|-1608.28
14|-1612.66|-1612.66
15|-1617.04|-1617.04
16|-1619.23|-1619.23
17|-1621.41|-1621.41
18|-1623.07|-1623.07
19|-1624|-1624
20|-1624.55|-1624.55
21|-1625.09|-1625.09
22|-1625.56|-1625.56
23|-1625.83|-1625.83
24|-1625.98|-1625.98
25|-1626.12|-1626.12
26|-1626.22|-1626.22
27|-1626.29|-1626.29
28|-1626.36|-1626.36
29|-1626.42|-1626.42
30|-1626.45|-1626.45
31|-1626.47|-1626.47
32|-1626.48|-1626.48
33|-1626.48|-1626.48
34|-1626.48|-1626.48
35|-1626.48|-1626.48
36|-1626.48|-1626.48
37|-1626.48|-1626.48
38|-1626.48|-1626.48
39|-1626.48|-1626.48
40|-1626.48|-1626.48
41|-1626.48|-1626.48
42|-1626.48|-1626.48
43|-1626.48|-1626.48
44|-1626.48|-1626.48
45|-1626.48|-1626.48
46|-1626.48|-1626.48
47|-1626.48|-1626.48
48|-1626.48|-1626.48
49|-1626.48|-1626.48
50|-1626.48|-1626.48
51|-1626.48|-1626.48
52|-1626.48|-1626.48
53|-1626.48|-1626.48
54|-1626.48|-1626.48
55|-1626.48|-1626.48
56|-1626.48|-1626.48
57|-1626.48|-1626.48
58|-1626.48|-1626.48
59|-1626.48|-1626.48
60|-1626.48|-1626.48
61|-1626.48|-1626.48
62|-1626.48|-1626.48
63|-1626.48|-1626.48
64|-1626.48|-1626.48
65|-1626.48|-1626.48
66|-1626.48|-1626.48
67|-1626.48|-1626.48
68|-1626.48|-1626.48
69|-1626.48|-1626.48
70|-1626.48|-1626.48
71|-1626.48|-1626.48
72|-1626.48|-1626.48
73|-1626.48|-1626.48
74|-1626.48|-1626.48
75|-1626.48|-1626.48
76|-1626.48|-1626.48
77|-1626.48|-1626.48
78|-1626.48|-1626.48
79|-1626.48|-1626.48
80|-1626.48|-1626.48
81|-1626.48|-1626.48
82|-1626.48|-1626.48
83|-1626.48|-1626.48
84|-1626.48|-1626.48
85|-1626.48|-1626.48
86|-1626.48|-1626.48
87|-1626.48|-1626.48
88|-1626.48|-1626.48
89|-1626.48|-1626.48
90|-1626.48|-1626.48
91|-1626.48|-1626.48
92|-1626.48|-1626.48
93|-1626.48|-1626.48
94|-1626.48|-1626.48
95|-1626.48|-1626.48
96|-1626.48|-1626.48
97|-1626.48|-1626.48
98|-1626.48|-1626.48
99|-1626.48|-1626.48
100|-1626.48|-1626.48
101|-1626.48|-1626.48
102|-1626.48|-1626.48
103|-1626.48|-1626.48
104|-1626.48|-1626.48
105|-1626.48|-1626.48
106|-1626.48|-1626.48
107|-1626.48|-1626.48
108|-1626.48|-1626.48
109|-1626.48|-1626.48
110|-1626.48|-1626.48
111|-1626.48|-1626.48
112|-1626.48|-1626.48
113|-1626.48|-1626.48
114|-1626.48|-1626.48
115|-1626.48|-1626.48
116|-1626.48|-1626.48
117|-1626.48|-1626.48
118|-1626.48|-1626.48
119|-1626.48|-1626.48
120|-1626.48|-1626.48
121|-1626.48|-1626.48
122|-1626.48|-1626.48
123|-1626.48|-1626.48
124|-1626.48|-1626.48
125|-1626.48|-1626.48
126|-1626.48|-1626.48
127|-1626.48|-1626.48
128|-1626.48|-1626.48
129|-1626.48|-1626.48
130|-1626.48|-1626.48
131|-1626.48|-1626.48
132|-1626.48|-1626.48
133|-1626.48|-1626.48
134|-1626.48|-1626.48
135|-1626.48|-1626.48
136|-1626.48|-1626.48
137|-1626.48|-1626.48
138|-1626.48|-1626.48
139|-1626.48|-1626.48
140|-1626.48|-1626.48
141|-1626.48|-1626.48
142|-1626.48|-1626.48
143|-1626.48|-1626.48
144|-1626.48|-1626.48
145|-1626.48|-1626.48
146|-1626.48|-1626.48
147|-1626.48|-1626.48
148|-1626.48|-1626.48
149|-1626.48|-1626.48
150|-1626.48|-1626.48
151|-1626.48|-1626.48
152|-1626.48|-1626.48
153|-1626.48|-1626.48
154|-1626.48|-1626.48
155|-1626.48|-1626.48
156|-1626.48|-1626.48
157|-1626.48|-1626.48
158|-1626.48|-1626.48
159|-1626.48|-1626.48
160|-1626.48|-1626.48
161|-1626.48|-1626.48
162|-1626.48|-1626.48
163|-1626.48|-1626.48
164|-1626.48|-1626.48
165|-1626.48|-1626.48
166|-1626.48|-1626.48
167|-1626.48|-1626.48
168|-1626.48|-1626.48
169|-1626.48|-1626.48
170|-1626.48|-1626.48
171|-1626.48|-1626.48
172|-1626.48|-1626.48
173|-1626.48|-1626.48
174|-1626.48|-1626.48
175|-1626.48|-1626.48
176|-1626.48|-1626.48
177|-1626.48|-1626.48
178|-1626.48|-1626.48
179|-1626.48|-1626.48
180|-1626.48|-1626.48
181|-1626.48|-1626.48
182|-1626.48|-1626.48
183|-1626.48|-1626.48
184|-1626.48|-1626.48
185|-1626.48|-1626.48
186|-1626.48|-1626.48
187|-1626.48|-1626.48
EARLY STOP: TARGET FOUND
103927ms
