1|163.175|163.175
2|-515.462|-515.462
3|-1180.12|-1180.12
4|-1563.08|-1563.08
5|-1857.41|-1857.41
6|-1910.5|-1910.5
7|-1941.04|-1941.04
8|-1950.99|-1950.99
9|-1957.55|-1957.55
10|-1960.16|-1960.16
11|-1962|-1962
12|-1962.56|-1962.56
13|-1962.87|-1962.87
14|-1963.12|-1963.12
15|-1963.31|-1963.31
16|-1963.46|-1963.46
17|-1963.56|-1963.56
18|-1963.63|-1963.63
19|-1963.7|-1963.7
20|-1963.73|-1963.73
21|-1963.76|-1963.76
22|-1963.78|-1963.78
23|-1963.79|-1963.79
24|-1963.79|-1963.79
25|-1963.79|-1963.79
26|-1963.79|-1963.79
27|-1963.79|-1963.79
28|-1963.79|-1963.79
29|-1963.79|-1963.79
30|-1963.79|-1963.79
31|-1963.79|-1963.79
32|-1963.79|-1963.79
33|-1963.79|-1963.79
34|-1963.79|-1963.79
35|-1963.79|-1963.79
36|-1963.79|-1963.79
37|-1963.79|-1963.79
38|-1963.79|-1963.79
39|-1963.79|-1963.79
40|-1963.79|-1963.79
41|-1963.79|-1963.79
42|-1963.79|-1963.79
43|-1963.79|-1963.79
44|-1963.79|-1963.79
45|-1963.79|-1963.79
46|-1963.79|-1963.79
47|-1963.79|-1963.79
48|-1963.79|-1963.79
49|-1963.79|-1963.79
50|-1963.79|-1963.79
51|-1963.79|-1963.79
52|-1963.79|-1963.79
53|-1963.79|-1963.79
54|-1963.79|-1963.79
55|-1963.79|-1963.79
56|-1963.79|-1963.79
57|-1963.79|-1963.79
58|-1963.79|-1963.79
59|-1963.79|-1963.79
60|-1963.79|-1963.79
61|-1963.79|-1963.79
62|-1963.79|-1963.79
63|-1963.79|-1963.79
64|-1963.79|-1963.79
65|-1963.79|-1963.79
66|-1963.79|-1963.79
67|-1963.79|-1963.79
68|-1963.79|-1963.79
69|-1963.79|-1963.79
70|-1963.79|-1963.79
71|-1963.79|-1963.79
72|-1963.79|-1963.79
73|-1963.79|-1963.79
74|-1963.79|-1963.79
75|-1963.79|-1963.79
76|-1963.79|-1963.79
77|-1963.79|-1963.79
78|-1963.79|-1963.79
79|-1963.79|-1963.79
80|-1963.79|-1963.79
81|-1963.79|-1963.79
82|-1963.79|-1963.79
83|-1963.79|-1963.79
84|-1963.79|-1963.79
85|-1963.79|-1963.79
86|-1963.79|-1963.79
87|-1963.79|-1963.79
88|-1963.79|-1963.79
89|-1963.79|-1963.79
90|-1963.79|-1963.79
91|-1963.79|-1963.79
92|-1963.79|-1963.79
93|-1963.79|-1963.79
94|-1963.79|-1963.79
95|-1963.79|-1963.79
96|-1963.79|-1963.79
97|-1963.79|-1963.79
98|-1963.79|-1963.79
99|-1963.79|-1963.79
100|-1963.79|-1963.79
101|-1963.79|-1963.79
102|-1963.79|-1963.79
103|-1963.79|-1963.79
104|-1963.79|-1963.79
105|-1963.79|-1963.79
106|-1963.79|-1963.79
107|-1963.79|-1963.79
108|-1963.79|-1963.79
109|-1963.79|-1963.79
110|-1963.79|-1963.79
111|-1963.79|-1963.79
112|-1963.79|-1963.79
113|-1963.79|-1963.79
114|-1963.79|-1963.79
115|-1963.79|-1963.79
116|-1963.79|-1963.79
117|-1963.79|-1963.79
118|-1963.79|-1963.79
119|-1963.79|-1963.79
120|-1963.79|-1963.79
121|-1963.79|-1963.79
122|-1963.79|-1963.79
123|-1963.79|-1963.79
124|-1963.79|-1963.79
125|-1963.79|-1963.79
126|-1963.79|-1963.79
127|-1963.79|-1963.79
128|-1963.79|-1963.79
129|-1963.79|-1963.79
130|-1963.79|-1963.79
131|-1963.79|-1963.79
132|-1963.79|-1963.79
133|-1963.79|-1963.79
134|-1963.79|-1963.79
135|-1963.79|-1963.79
136|-1963.79|-1963.79
137|-1963.79|-1963.79
138|-1963.79|-1963.79
139|-1963.79|-1963.79
140|-1963.79|-1963.79
141|-1963.79|-1963.79
142|-1963.79|-1963.79
143|-1963.79|-1963.79
144|-1963.79|-1963.79
145|-1963.79|-1963.79
146|-1963.79|-1963.79
147|-1963.79|-1963.79
148|-1963.79|-1963.79
149|-1963.79|-1963.79
150|-1963.79|-1963.79
151|-1963.79|-1963.79
152|-1963.79|-1963.79
153|-1963.79|-1963.79
154|-1963.79|-1963.79
155|-1963.79|-1963.79
156|-1963.79|-1963.79
157|-1963.79|-1963.79
158|-1963.79|-1963.79
159|-1963.79|-1963.79
160|-1963.79|-1963.79
161|-1963.79|-1963.79
162|-1963.79|-1963.79
163|-1963.79|-1963.79
164|-1963.79|-1963.79
165|-1963.79|-1963.79
166|-1963.79|-1963.79
167|-1963.79|-1963.79
168|-1963.79|-1963.79
169|-1963.79|-1963.79
170|-1963.79|-1963.79
171|-1963.79|-1963.79
172|-1963.79|-1963.79
173|-1963.79|-1963.79
174|-1963.79|-1963.79
175|-1963.79|-1963.79
176|-1963.79|-1963.79
177|-1963.79|-1963.79
178|-1963.79|-1963.79
179|-1963.79|-1963.79
180|-1963.79|-1963.79
EARLY STOP: TARGET FOUND
100279ms
