1|-1.06393|-1.06393
2|-1.89221|-1.89221
3|-2.59458|-2.59458
4|-3.14569|-3.14569
5|-3.57672|-3.57672
6|-4.04235|-4.04235
7|-4.45031|-4.45031
8|-4.46763|-4.46763
9|-4.48147|-4.48147
10|-4.4919|-4.4919
11|-4.49422|-4.49422
12|-4.49501|-4.49501
13|-4.49511|-4.49511
14|-4.49516|-4.49516
15|-4.4952|-4.4952
16|-4.49522|-4.49522
17|-4.49524|-4.49524
18|-4.49526|-4.49526
19|-4.49527|-4.49527
20|-4.49528|-4.49528
21|-4.49528|-4.49528
22|-4.49528|-4.49528
23|-4.49528|-4.49528
24|-4.49528|-4.49528
25|-4.49528|-4.49528
26|-4.49528|-4.49528
27|-4.49528|-4.49528
28|-4.49528|-4.49528
29|-4.49528|-4.49528
30|-4.49528|-4.49528
31|-4.49528|-4.49528
32|-4.49528|-4.49528
33|-4.49528|-4.49528
34|-4.49528|-4.49528
35|-4.49528|-4.49528
36|-4.49528|-4.49528
37|-4.49528|-4.49528
38|-4.49528|-4.49528
39|-4.49528|-4.49528
40|-4.49528|-4.49528
41|-4.49528|-4.49528
42|-4.49528|-4.49528
43|-4.49528|-4.49528
44|-4.49528|-4.49528
45|-4.49528|-4.49528
46|-4.49528|-4.49528
47|-4.49528|-4.49528
48|-4.49528|-4.49528
49|-4.49528|-4.49528
50|-4.49528|-4.49528
51|-4.49528|-4.49528
52|-4.49528|-4.49528
53|-4.49528|-4.49528
54|-4.49528|-4.49528
55|-4.49528|-4.49528
56|-4.49528|-4.49528
57|-4.49528|-4.49528
58|-4.49528|-4.49528
59|-4.49528|-4.49528
60|-4.49528|-4.49528
61|-4.49528|-4.49528
62|-4.49528|-4.49528
63|-4.49528|-4.49528
64|-4.49528|-4.49528
65|-4.49528|-4.49528
66|-4.49528|-4.49528
67|-4.49528|-4.49528
68|-4.49528|-4.49528
69|-4.49528|-4.49528
70|-4.49528|-4.49528
71|-4.49528|-4.49528
72|-4.49528|-4.49528
73|-4.49528|-4.49528
74|-4.49528|-4.49528
75|-4.49528|-4.49528
76|-4.49528|-4.49528
77|-4.49528|-4.49528
78|-4.49528|-4.49528
79|-4.49528|-4.49528
80|-4.49528|-4.49528
81|-4.49528|-4.49528
82|-4.49528|-4.49528
83|-4.49528|-4.49528
84|-4.49528|-4.49528
85|-4.49528|-4.49528
86|-4.49528|-4.49528
87|-4.49528|-4.49528
88|-4.49528|-4.49528
89|-4.49528|-4.49528
90|-4.49528|-4.49528
91|-4.49528|-4.49528
92|-4.49528|-4.49528
93|-4.49528|-4.49528
94|-4.49528|-4.49528
95|-4.49528|-4.49528
96|-4.49528|-4.49528
97|-4.49528|-4.49528
98|-4.49528|-4.49528
99|-4.49528|-4.49528
100|-4.49528|-4.49528
101|-4.49528|-4.49528
102|-4.49528|-4.49528
103|-4.49528|-4.49528
104|-4.49528|-4.49528
105|-4.49528|-4.49528
106|-4.49528|-4.49528
107|-4.49528|-4.49528
108|-4.49528|-4.49528
109|-4.49528|-4.49528
110|-4.49528|-4.49528
111|-4.49528|-4.49528
112|-4.49528|-4.49528
113|-4.49528|-4.49528
114|-4.49528|-4.49528
115|-4.49528|-4.49528
116|-4.49528|-4.49528
117|-4.49528|-4.49528
118|-4.49528|-4.49528
119|-4.49528|-4.49528
120|-4.49528|-4.49528
121|-4.49528|-4.49528
122|-4.49528|-4.49528
123|-4.49528|-4.49528
124|-4.49528|-4.49528
125|-4.49528|-4.49528
126|-4.49528|-4.49528
127|-4.49528|-4.49528
128|-4.49528|-4.49528
129|-4.49528|-4.49528
130|-4.49528|-4.49528
131|-4.49528|-4.49528
132|-4.49528|-4.49528
133|-4.49528|-4.49528
134|-4.49528|-4.49528
135|-4.49528|-4.49528
136|-4.49528|-4.49528
137|-4.49528|-4.49528
138|-4.49528|-4.49528
139|-4.49528|-4.49528
140|-4.49528|-4.49528
141|-4.49528|-4.49528
142|-4.49528|-4.49528
143|-4.49528|-4.49528
144|-4.49528|-4.49528
145|-4.49528|-4.49528
146|-4.49528|-4.49528
147|-4.49528|-4.49528
148|-4.49528|-4.49528
149|-4.49528|-4.49528
150|-4.49528|-4.49528
151|-4.49528|-4.49528
152|-4.49528|-4.49528
153|-4.49528|-4.49528
154|-4.49528|-4.49528
155|-4.49528|-4.49528
156|-4.49528|-4.49528
157|-4.49528|-4.49528
158|-4.49528|-4.49528
159|-4.49528|-4.49528
160|-4.49528|-4.49528
161|-4.49528|-4.49528
162|-4.49528|-4.49528
163|-4.49528|-4.49528
164|-4.49528|-4.49528
165|-4.49528|-4.49528
166|-4.49528|-4.49528
167|-4.49528|-4.49528
168|-4.49528|-4.49528
169|-4.49528|-4.49528
170|-4.49528|-4.49528
171|-4.49528|-4.49528
172|-4.49528|-4.49528
173|-4.49528|-4.49528
174|-4.49528|-4.49528
175|-4.49528|-4.49528
EARLY STOP: TARGET FOUND
66959ms
