1|-2.68363|-2.68363
2|-3.63222|-3.63222
3|-4.55623|-4.55623
4|-5.44138|-5.44138
5|-6.29435|-6.29435
6|-7.08949|-7.08949
7|-7.88462|-7.88462
8|-8.66781|-8.66781
9|-9.34229|-9.34229
10|-10.0091|-10.0091
11|-10.6692|-10.6692
12|-11.3142|-11.3142
13|-11.9578|-11.9578
14|-12.559|-12.559
15|-13.1253|-13.1253
16|-13.6602|-13.6602
17|-14.0895|-14.0895
18|-14.5154|-14.5154
19|-15.0252|-15.0252
20|-15.4397|-15.4397
21|-15.8537|-15.8537
22|-16.3227|-16.3227
23|-16.6999|-16.6999
24|-17.0459|-17.0459
25|-17.3668|-17.3668
26|-17.6835|-17.6835
27|-17.9469|-17.9469
28|-18.1986|-18.1986
29|-18.7506|-18.7506
30|-18.9075|-18.9075
31|-19.2789|-19.2789
32|-19.6639|-19.6639
33|-19.8172|-19.8172
34|-19.9398|-19.9398
35|-20.6045|-20.6045
36|-20.716|-20.716
37|-20.8008|-20.8008
38|-20.8791|-20.8791
39|-20.9496|-20.9496
40|-21.0126|-21.0126
41|-21.686|-21.686
42|-21.9414|-21.9414
43|-22.0026|-22.0026
44|-22.0579|-22.0579
45|-22.1118|-22.1118
46|-22.1621|-22.1621
47|-22.209|-22.209
48|-22.2544|-22.2544
49|-22.2993|-22.2993
50|-22.3423|-22.3423
51|-22.3849|-22.3849
52|-22.4177|-22.4177
53|-22.4476|-22.4476
54|-22.4745|-22.4745
55|-22.501|-22.501
56|-22.5247|-22.5247
57|-22.5438|-22.5438
58|-22.5618|-22.5618
59|-22.9987|-22.9987
60|-23.4605|-23.4605
61|-23.5238|-23.5238
62|-23.5413|-23.5413
63|-23.9352|-23.9352
64|-23.9516|-23.9516
65|-23.9676|-23.9676
66|-23.9836|-23.9836
67|-23.9994|-23.9994
68|-24.0145|-24.0145
69|-24.029|-24.029
70|-24.0432|-24.0432
71|-24.0552|-24.0552
72|-24.0667|-24.0667
73|-24.0773|-24.0773
74|-24.0865|-24.0865
75|-24.1119|-24.1119
76|-24.1204|-24.1204
77|-24.1276|-24.1276
78|-24.1346|-24.1346
79|-24.1416|-24.1416
80|-24.1485|-24.1485
81|-24.1553|-24.1553
82|-24.1619|-24.1619
83|-24.1682|-24.1682
84|-24.1739|-24.1739
85|-24.1781|-24.1781
86|-24.1819|-24.1819
87|-24.1856|-24.1856
88|-24.1891|-24.1891
89|-24.1921|-24.1921
90|-24.1947|-24.1947
91|-24.1972|-24.1972
92|-24.1992|-24.1992
93|-24.2011|-24.2011
94|-24.2025|-24.2025
95|-24.2039|-24.2039
96|-24.2053|-24.2053
97|-24.2067|-24.2067
98|-24.2081|-24.2081
99|-24.2091|-24.2091
100|-24.2102|-24.2102
101|-24.2112|-24.2112
102|-24.2121|-24.2121
103|-24.2129|-24.2129
104|-24.2137|-24.2137
105|-24.2144|-24.2144
106|-24.2151|-24.2151
107|-24.2157|-24.2157
108|-24.2164|-24.2164
109|-24.2169|-24.2169
110|-24.2174|-24.2174
111|-24.2177|-24.2177
112|-24.2181|-24.2181
113|-24.2184|-24.2184
114|-24.2187|-24.2187
115|-24.219|-24.219
116|-24.2194|-24.2194
117|-24.2197|-24.2197
118|-24.22|-24.22
119|-24.2203|-24.2203
120|-24.2206|-24.2206
121|-24.2208|-24.2208
122|-24.2211|-24.2211
123|-24.2213|-24.2213
124|-24.2215|-24.2215
125|-24.2217|-24.2217
126|-24.2219|-24.2219
127|-24.2221|-24.2221
128|-24.2222|-24.2222
129|-24.2224|-24.2224
130|-24.2225|-24.2225
131|-24.2226|-24.2226
132|-24.2227|-24.2227
133|-24.2228|-24.2228
134|-24.2229|-24.2229
135|-24.2229|-24.2229
136|-24.223|-24.223
137|-24.2231|-24.2231
138|-24.2231|-24.2231
139|-24.2232|-24.2232
140|-24.2232|-24.2232
141|-24.2233|-24.2233
142|-24.2233|-24.2233
143|-24.2233|-24.2233
144|-24.2233|-24.2233
145|-24.2234|-24.2234
146|-24.2234|-24.2234
147|-24.2234|-24.2234
148|-24.2234|-24.2234
149|-24.2234|-24.2234
150|-24.2234|-24.2234
151|-24.2234|-24.2234
152|-24.2234|-24.2234
153|-24.2234|-24.2234
154|-24.2234|-24.2234
155|-24.2234|-24.2234
156|-24.2234|-24.2234
157|-24.2234|-24.2234
158|-24.2235|-24.2235
159|-24.2235|-24.2235
160|-24.2235|-24.2235
161|-24.2235|-24.2235
162|-24.2235|-24.2235
163|-24.2235|-24.2235
164|-24.2235|-24.2235
165|-24.2235|-24.2235
166|-24.2235|-24.2235
167|-24.2235|-24.2235
168|-24.2235|-24.2235
169|-24.2235|-24.2235
170|-24.2235|-24.2235
171|-24.2235|-24.2235
172|-24.2235|-24.2235
173|-24.2235|-24.2235
174|-24.2235|-24.2235
175|-24.2235|-24.2235
176|-24.2235|-24.2235
177|-24.2235|-24.2235
178|-24.2235|-24.2235
179|-24.2235|-24.2235
180|-24.2235|-24.2235
181|-24.2235|-24.2235
182|-24.2235|-24.2235
183|-24.2235|-24.2235
184|-24.2235|-24.2235
185|-24.2235|-24.2235
186|-24.2235|-24.2235
187|-24.2235|-24.2235
188|-24.2235|-24.2235
189|-24.2235|-24.2235
190|-24.2235|-24.2235
191|-24.2235|-24.2235
192|-24.2235|-24.2235
193|-24.2235|-24.2235
194|-24.2235|-24.2235
195|-24.2235|-24.2235
196|-24.2235|-24.2235
197|-24.2235|-24.2235
198|-24.2235|-24.2235
199|-24.2235|-24.2235
200|-24.2235|-24.2235
201|-24.2235|-24.2235
202|-24.2235|-24.2235
203|-24.2235|-24.2235
204|-24.2235|-24.2235
205|-24.2235|-24.2235
206|-24.2235|-24.2235
207|-24.2235|-24.2235
208|-24.2235|-24.2235
209|-24.2235|-24.2235
210|-24.2235|-24.2235
211|-24.2235|-24.2235
212|-24.2235|-24.2235
213|-24.2235|-24.2235
214|-24.2235|-24.2235
215|-24.2235|-24.2235
216|-24.2235|-24.2235
217|-24.2235|-24.2235
218|-24.2235|-24.2235
219|-24.2235|-24.2235
220|-24.2235|-24.2235
221|-24.2235|-24.2235
222|-24.2235|-24.2235
223|-24.2235|-24.2235
224|-24.2235|-24.2235
225|-24.2235|-24.2235
226|-24.2235|-24.2235
227|-24.2235|-24.2235
228|-24.2235|-24.2235
229|-24.2235|-24.2235
230|-24.2235|-24.2235
231|-24.2235|-24.2235
232|-24.2235|-24.2235
233|-24.2235|-24.2235
234|-24.2235|-24.2235
235|-24.2235|-24.2235
236|-24.2235|-24.2235
237|-24.2235|-24.2235
238|-24.2235|-24.2235
239|-24.2235|-24.2235
240|-24.2235|-24.2235
241|-24.2235|-24.2235
242|-24.2235|-24.2235
243|-24.2235|-24.2235
244|-24.2235|-24.2235
245|-24.2235|-24.2235
246|-24.2235|-24.2235
247|-24.2235|-24.2235
248|-24.2235|-24.2235
249|-24.2235|-24.2235
250|-24.2235|-24.2235
251|-24.2235|-24.2235
252|-24.2235|-24.2235
253|-24.2235|-24.2235
254|-24.2235|-24.2235
255|-24.2235|-24.2235
256|-24.2235|-24.2235
257|-24.2235|-24.2235
258|-24.2235|-24.2235
259|-24.2235|-24.2235
260|-24.2235|-24.2235
261|-24.2235|-24.2235
262|-24.2235|-24.2235
263|-24.2235|-24.2235
264|-24.2235|-24.2235
265|-24.2235|-24.2235
266|-24.2235|-24.2235
267|-24.2235|-24.2235
268|-24.2235|-24.2235
269|-24.2235|-24.2235
270|-24.2235|-24.2235
271|-24.2235|-24.2235
272|-24.2235|-24.2235
273|-24.2235|-24.2235
274|-24.2235|-24.2235
275|-24.2235|-24.2235
276|-24.2235|-24.2235
277|-24.2235|-24.2235
278|-24.2235|-24.2235
279|-24.2235|-24.2235
280|-24.2235|-24.2235
281|-24.2235|-24.2235
282|-24.2235|-24.2235
283|-24.2235|-24.2235
284|-24.2235|-24.2235
285|-24.2235|-24.2235
286|-24.2235|-24.2235
287|-24.2235|-24.2235
288|-24.2235|-24.2235
289|-24.2235|-24.2235
290|-24.2235|-24.2235
291|-24.2235|-24.2235
292|-24.2235|-24.2235
293|-24.2235|-24.2235
294|-24.2235|-24.2235
295|-24.2235|-24.2235
296|-24.2235|-24.2235
297|-24.2235|-24.2235
298|-24.2235|-24.2235
299|-24.2235|-24.2235
300|-24.2235|-24.2235
301|-24.2235|-24.2235
302|-24.2235|-24.2235
303|-24.2235|-24.2235
304|-24.2235|-24.2235
305|-24.2235|-24.2235
306|-24.2235|-24.2235
307|-24.2235|-24.2235
308|-24.2235|-24.2235
309|-24.2235|-24.2235
310|-24.2235|-24.2235
311|-24.2235|-24.2235
312|-24.2235|-24.2235
EARLY STOP: TARGET FOUND
3670289ms
