1|-717.269|-717.269
2|-1026.09|-1026.09
3|-1198.15|-1198.15
4|-1355.75|-1355.75
5|-1448.2|-1448.2
6|-1560.15|-1560.15
7|-1608.13|-1608.13
8|-1650.96|-1650.96
9|-1669.91|-1669.91
10|-1680.51|-1680.51
11|-1685.79|-1685.79
12|-1689.98|-1689.98
13|-1692.61|-1692.61
14|-1694.25|-1694.25
15|-1695.79|-1695.79
16|-1696.8|-1696.8
17|-1697.53|-1697.53
18|-1698.19|-1698.19
19|-1698.84|-1698.84
20|-1699.25|-1699.25
21|-1699.38|-1699.38
22|-1699.46|-1699.46
23|-1699.53|-1699.53
24|-1699.59|-1699.59
25|-1699.63|-1699.63
26|-1699.66|-1699.66
27|-1699.68|-1699.68
28|-1699.7|-1699.7
29|-1699.7|-1699.7
30|-1699.71|-1699.71
31|-1699.71|-1699.71
32|-1699.72|-1699.72
33|-1699.72|-1699.72
34|-1699.72|-1699.72
35|-1699.72|-1699.72
36|-1699.72|-1699.72
37|-1699.72|-1699.72
38|-1699.72|-1699.72
39|-1699.72|-1699.72
40|-1699.72|-1699.72
41|-1699.72|-1699.72
42|-1699.72|-1699.72
43|-1699.72|-1699.72
44|-1699.72|-1699.72
45|-1699.72|-1699.72
46|-1699.72|-1699.72
47|-1699.72|-1699.72
48|-1699.72|-1699.72
49|-1699.72|-1699.72
50|-1699.72|-1699.72
51|-1699.72|-1699.72
52|-1699.72|-1699.72
53|-1699.72|-1699.72
54|-1699.72|-1699.72
55|-1699.72|-1699.72
56|-1699.72|-1699.72
57|-1699.72|-1699.72
58|-1699.72|-1699.72
59|-1699.72|-1699.72
60|-1699.72|-1699.72
61|-1699.72|-1699.72
62|-1699.72|-1699.72
63|-1699.72|-1699.72
64|-1699.72|-1699.72
65|-1699.72|-1699.72
66|-1699.72|-1699.72
67|-1699.72|-1699.72
68|-1699.72|-1699.72
69|-1699.72|-1699.72
70|-1699.72|-1699.72
71|-1699.72|-1699.72
72|-1699.72|-1699.72
73|-1699.72|-1699.72
74|-1699.72|-1699.72
75|-1699.72|-1699.72
76|-1699.72|-1699.72
77|-1699.72|-1699.72
78|-1699.72|-1699.72
79|-1699.72|-1699.72
80|-1699.72|-1699.72
81|-1699.72|-1699.72
82|-1699.72|-1699.72
83|-1699.72|-1699.72
84|-1699.72|-1699.72
85|-1699.72|-1699.72
86|-1699.72|-1699.72
87|-1699.72|-1699.72
88|-1699.72|-1699.72
89|-1699.72|-1699.72
90|-1699.72|-1699.72
91|-1699.72|-1699.72
92|-1699.72|-1699.72
93|-1699.72|-1699.72
94|-1699.72|-1699.72
95|-1699.72|-1699.72
96|-1699.72|-1699.72
97|-1699.72|-1699.72
98|-1699.72|-1699.72
99|-1699.72|-1699.72
100|-1699.72|-1699.72
101|-1699.72|-1699.72
102|-1699.72|-1699.72
103|-1699.72|-1699.72
104|-1699.72|-1699.72
105|-1699.72|-1699.72
106|-1699.72|-1699.72
107|-1699.72|-1699.72
108|-1699.72|-1699.72
109|-1699.72|-1699.72
110|-1699.72|-1699.72
111|-1699.72|-1699.72
112|-1699.72|-1699.72
113|-1699.72|-1699.72
114|-1699.72|-1699.72
115|-1699.72|-1699.72
116|-1699.72|-1699.72
117|-1699.72|-1699.72
118|-1699.72|-1699.72
119|-1699.72|-1699.72
120|-1699.72|-1699.72
121|-1699.72|-1699.72
122|-1699.72|-1699.72
123|-1699.72|-1699.72
124|-1699.72|-1699.72
125|-1699.72|-1699.72
126|-1699.72|-1699.72
127|-1699.72|-1699.72
128|-1699.72|-1699.72
129|-1699.72|-1699.72
130|-1699.72|-1699.72
131|-1699.72|-1699.72
132|-1699.72|-1699.72
133|-1699.72|-1699.72
134|-1699.72|-1699.72
135|-1699.72|-1699.72
136|-1699.72|-1699.72
137|-1699.72|-1699.72
138|-1699.72|-1699.72
139|-1699.72|-1699.72
140|-1699.72|-1699.72
141|-1699.72|-1699.72
142|-1699.72|-1699.72
143|-1699.72|-1699.72
144|-1699.72|-1699.72
145|-1699.72|-1699.72
146|-1699.72|-1699.72
147|-1699.72|-1699.72
148|-1699.72|-1699.72
149|-1699.72|-1699.72
150|-1699.72|-1699.72
151|-1699.72|-1699.72
152|-1699.72|-1699.72
153|-1699.72|-1699.72
154|-1699.72|-1699.72
155|-1699.72|-1699.72
156|-1699.72|-1699.72
157|-1699.72|-1699.72
158|-1699.72|-1699.72
159|-1699.72|-1699.72
160|-1699.72|-1699.72
161|-1699.72|-1699.72
162|-1699.72|-1699.72
163|-1699.72|-1699.72
164|-1699.72|-1699.72
165|-1699.72|-1699.72
166|-1699.72|-1699.72
167|-1699.72|-1699.72
168|-1699.72|-1699.72
169|-1699.72|-1699.72
170|-1699.72|-1699.72
171|-1699.72|-1699.72
172|-1699.72|-1699.72
173|-1699.72|-1699.72
174|-1699.72|-1699.72
175|-1699.72|-1699.72
176|-1699.72|-1699.72
177|-1699.72|-1699.72
178|-1699.72|-1699.72
179|-1699.72|-1699.72
180|-1699.72|-1699.72
181|-1699.72|-1699.72
182|-1699.72|-1699.72
183|-1699.72|-1699.72
184|-1699.72|-1699.72
185|-1699.72|-1699.72
186|-1699.72|-1699.72
187|-1699.72|-1699.72
188|-1699.72|-1699.72
189|-1699.72|-1699.72
190|-1699.72|-1699.72
191|-1699.72|-1699.72
EARLY STOP: TARGET FOUND
106420ms
