1|-2.54838|-2.54838
2|-3.16729|-3.16729
3|-3.76162|-3.76162
4|-4.17253|-4.17253
5|-4.56183|-4.56183
6|-4.93511|-4.93511
7|-5.30396|-5.30396
8|-5.61223|-5.61223
9|-5.76565|-5.76565
10|-5.90594|-5.90594
11|-6.03168|-6.03168
12|-6.63174|-6.63174
13|-6.73316|-6.73316
14|-6.80394|-6.80394
15|-6.86726|-6.86726
16|-6.9201|-6.9201
17|-6.96154|-6.96154
18|-7.63382|-7.63382
19|-7.8778|-7.8778
20|-7.90487|-7.90487
21|-7.92925|-7.92925
22|-7.94414|-7.94414
23|-7.95252|-7.95252
24|-7.95949|-7.95949
25|-7.96633|-7.96633
26|-7.97189|-7.97189
27|-7.97602|-7.97602
28|-7.97945|-7.97945
29|-7.98281|-7.98281
30|-7.9858|-7.9858
31|-7.98771|-7.98771
32|-7.98909|-7.98909
33|-7.98995|-7.98995
34|-7.9908|-7.9908
35|-7.99122|-7.99122
36|-7.99159|-7.99159
37|-7.99194|-7.99194
38|-7.99228|-7.99228
39|-7.9926|-7.9926
40|-7.99281|-7.99281
41|-7.99299|-7.99299
42|-7.99316|-7.99316
43|-7.99333|-7.99333
44|-7.99345|-7.99345
45|-7.99354|-7.99354
46|-7.99362|-7.99362
47|-7.9937|-7.9937
48|-7.99375|-7.99375
49|-7.99379|-7.99379
50|-7.99383|-7.99383
51|-7.99385|-7.99385
52|-7.99387|-7.99387
53|-7.99389|-7.99389
54|-7.9939|-7.9939
55|-7.99391|-7.99391
56|-7.99392|-7.99392
57|-7.99392|-7.99392
58|-7.99393|-7.99393
59|-7.99393|-7.99393
60|-7.99393|-7.99393
61|-7.99393|-7.99393
62|-7.99393|-7.99393
63|-7.99394|-7.99394
64|-7.99394|-7.99394
65|-7.99394|-7.99394
66|-7.99394|-7.99394
67|-7.99394|-7.99394
68|-7.99394|-7.99394
69|-7.99394|-7.99394
70|-7.99394|-7.99394
71|-7.99394|-7.99394
72|-7.99394|-7.99394
73|-7.99394|-7.99394
74|-7.99394|-7.99394
75|-7.99394|-7.99394
76|-7.99394|-7.99394
77|-7.99394|-7.99394
78|-7.99394|-7.99394
79|-7.99394|-7.99394
80|-7.99394|-7.99394
81|-7.99394|-7.99394
82|-7.99394|-7.99394
83|-7.99394|-7.99394
84|-7.99394|-7.99394
85|-7.99394|-7.99394
86|-7.99394|-7.99394
87|-7.99394|-7.99394
88|-7.99394|-7.99394
89|-7.99394|-7.99394
90|-7.99394|-7.99394
91|-7.99394|-7.99394
92|-7.99394|-7.99394
93|-7.99394|-7.99394
94|-7.99394|-7.99394
95|-7.99394|-7.99394
96|-7.99394|-7.99394
97|-7.99394|-7.99394
98|-7.99394|-7.99394
99|-7.99394|-7.99394
100|-7.99394|-7.99394
101|-7.99394|-7.99394
102|-7.99394|-7.99394
103|-7.99394|-7.99394
104|-7.99394|-7.99394
105|-7.99394|-7.99394
106|-7.99394|-7.99394
107|-7.99394|-7.99394
108|-7.99394|-7.99394
109|-7.99394|-7.99394
110|-7.99394|-7.99394
111|-7.99394|-7.99394
112|-7.99394|-7.99394
113|-7.99394|-7.99394
114|-7.99394|-7.99394
115|-7.99394|-7.99394
116|-7.99394|-7.99394
117|-7.99394|-7.99394
118|-7.99394|-7.99394
119|-7.99394|-7.99394
120|-7.99394|-7.99394
121|-7.99394|-7.99394
122|-7.99394|-7.99394
123|-7.99394|-7.99394
124|-7.99394|-7.99394
125|-7.99394|-7.99394
126|-7.99394|-7.99394
127|-7.99394|-7.99394
128|-7.99394|-7.99394
129|-7.99394|-7.99394
130|-7.99394|-7.99394
131|-7.99394|-7.99394
132|-7.99394|-7.99394
133|-7.99394|-7.99394
134|-7.99394|-7.99394
135|-7.99394|-7.99394
136|-7.99394|-7.99394
137|-7.99394|-7.99394
138|-7.99394|-7.99394
139|-7.99394|-7.99394
140|-7.99394|-7.99394
141|-7.99394|-7.99394
142|-7.99394|-7.99394
143|-7.99394|-7.99394
144|-7.99394|-7.99394
145|-7.99394|-7.99394
146|-7.99394|-7.99394
147|-7.99394|-7.99394
148|-7.99394|-7.99394
149|-7.99394|-7.99394
150|-7.99394|-7.99394
151|-7.99394|-7.99394
152|-7.99394|-7.99394
153|-7.99394|-7.99394
154|-7.99394|-7.99394
155|-7.99394|-7.99394
156|-7.99394|-7.99394
157|-7.99394|-7.99394
158|-7.99394|-7.99394
159|-7.99394|-7.99394
160|-7.99394|-7.99394
161|-7.99394|-7.99394
162|-7.99394|-7.99394
163|-7.99394|-7.99394
164|-7.99394|-7.99394
165|-7.99394|-7.99394
166|-7.99394|-7.99394
167|-7.99394|-7.99394
168|-7.99394|-7.99394
169|-7.99394|-7.99394
170|-7.99394|-7.99394
171|-7.99394|-7.99394
172|-7.99394|-7.99394
173|-7.99394|-7.99394
174|-7.99394|-7.99394
175|-7.99394|-7.99394
176|-7.99394|-7.99394
177|-7.99394|-7.99394
178|-7.99394|-7.99394
179|-7.99394|-7.99394
180|-7.99394|-7.99394
181|-7.99394|-7.99394
182|-7.99394|-7.99394
183|-7.99394|-7.99394
184|-7.99394|-7.99394
185|-7.99394|-7.99394
186|-7.99394|-7.99394
187|-7.99394|-7.99394
188|-7.99394|-7.99394
189|-7.99394|-7.99394
190|-7.99394|-7.99394
191|-7.99394|-7.99394
192|-7.99394|-7.99394
193|-7.99394|-7.99394
194|-7.99394|-7.99394
195|-7.99394|-7.99394
196|-7.99394|-7.99394
197|-7.99394|-7.99394
198|-7.99394|-7.99394
199|-7.99394|-7.99394
200|-7.99394|-7.99394
201|-7.99394|-7.99394
202|-7.99394|-7.99394
203|-7.99394|-7.99394
204|-7.99394|-7.99394
205|-7.99394|-7.99394
206|-7.99394|-7.99394
207|-7.99394|-7.99394
208|-7.99394|-7.99394
209|-7.99394|-7.99394
210|-7.99394|-7.99394
211|-7.99394|-7.99394
212|-7.99394|-7.99394
213|-7.99394|-7.99394
214|-7.99394|-7.99394
215|-7.99394|-7.99394
EARLY STOP: TARGET FOUND
315305ms
