1|-1.74504|-1.74504
2|-2.59028|-2.59028
3|-3.4163|-3.4163
4|-4.24156|-4.24156
5|-4.92245|-4.92245
6|-5.10433|-5.10433
7|-5.26362|-5.26362
8|-5.33003|-5.33003
9|-5.38274|-5.38274
10|-6.22756|-6.22756
11|-6.27645|-6.27645
12|-6.80342|-6.80342
13|-6.86583|-6.86583
14|-6.90371|-6.90371
15|-6.92464|-6.92464
16|-6.93515|-6.93515
17|-6.94457|-6.94457
18|-6.95199|-6.95199
19|-6.95852|-6.95852
20|-6.96381|-6.96381
21|-6.96892|-6.96892
22|-6.973|-6.973
23|-6.97611|-6.97611
24|-6.97903|-6.97903
25|-6.98153|-6.98153
26|-6.98374|-6.98374
27|-6.98526|-6.98526
28|-6.98666|-6.98666
29|-6.9876|-6.9876
30|-6.98831|-6.98831
31|-6.98898|-6.98898
32|-6.98946|-6.98946
33|-6.98993|-6.98993
34|-6.99035|-6.99035
35|-6.99069|-6.99069
36|-6.99101|-6.99101
37|-6.99132|-6.99132
38|-6.99153|-6.99153
39|-6.99169|-6.99169
40|-6.99184|-6.99184
41|-6.99197|-6.99197
42|-6.99208|-6.99208
43|-6.99217|-6.99217
44|-6.99225|-6.99225
45|-6.99233|-6.99233
46|-6.9924|-6.9924
47|-7.42691|-7.42691
48|-7.46792|-7.46792
49|-7.47048|-7.47048
50|-7.47176|-7.47176
51|-7.47192|-7.47192
52|-7.472|-7.472
53|-7.47205|-7.47205
54|-7.47209|-7.47209
55|-7.47213|-7.47213
56|-7.47215|-7.47215
57|-7.47217|-7.47217
58|-7.47219|-7.47219
59|-7.4722|-7.4722
60|-7.47221|-7.47221
61|-7.47222|-7.47222
62|-7.47223|-7.47223
63|-7.47223|-7.47223
64|-7.47223|-7.47223
65|-7.47223|-7.47223
66|-7.47224|-7.47224
67|-7.47224|-7.47224
68|-7.47224|-7.47224
69|-7.47224|-7.47224
70|-7.47224|-7.47224
71|-7.47224|-7.47224
72|-7.47224|-7.47224
73|-7.47224|-7.47224
74|-7.47224|-7.47224
75|-7.47224|-7.47224
76|-7.47224|-7.47224
77|-7.47224|-7.47224
78|-7.47224|-7.47224
79|-7.47224|-7.47224
80|-7.47224|-7.47224
81|-7.47224|-7.47224
82|-7.47224|-7.47224
83|-7.47224|-7.47224
84|-7.47224|-7.47224
85|-7.47224|-7.47224
86|-7.47224|-7.47224
87|-7.47224|-7.47224
88|-7.47224|-7.47224
89|-7.47224|-7.47224
90|-7.47224|-7.47224
91|-7.47224|-7.47224
92|-7.47224|-7.47224
93|-7.47224|-7.47224
94|-7.47224|-7.47224
95|-7.47224|-7.47224
96|-7.47224|-7.47224
97|-7.47224|-7.47224
98|-7.47224|-7.47224
99|-7.47224|-7.47224
100|-7.47224|-7.47224
101|-7.47224|-7.47224
102|-7.47224|-7.47224
103|-7.47224|-7.47224
104|-7.47224|-7.47224
105|-7.47224|-7.47224
106|-7.47224|-7.47224
107|-7.47224|-7.47224
108|-7.47224|-7.47224
109|-7.47224|-7.47224
110|-7.47224|-7.47224
111|-7.47224|-7.47224
112|-7.47224|-7.47224
113|-7.47224|-7.47224
114|-7.47224|-7.47224
115|-7.47224|-7.47224
116|-7.47224|-7.47224
117|-7.47224|-7.47224
118|-7.47224|-7.47224
119|-7.47224|-7.47224
120|-7.47224|-7.47224
121|-7.47224|-7.47224
122|-7.47224|-7.47224
123|-7.47224|-7.47224
124|-7.47224|-7.47224
125|-7.47224|-7.47224
126|-7.47224|-7.47224
127|-7.47224|-7.47224
128|-7.47224|-7.47224
129|-7.47224|-7.47224
130|-7.47224|-7.47224
131|-7.47224|-7.47224
132|-7.47224|-7.47224
133|-7.47224|-7.47224
134|-7.47224|-7.47224
135|-7.47224|-7.47224
136|-7.47224|-7.47224
137|-7.47224|-7.47224
138|-7.47224|-7.47224
139|-7.47224|-7.47224
140|-7.47224|-7.47224
141|-7.47224|-7.47224
142|-7.47224|-7.47224
143|-7.47224|-7.47224
144|-7.47224|-7.47224
145|-7.47224|-7.47224
146|-7.47224|-7.47224
147|-7.47224|-7.47224
148|-7.47224|-7.47224
149|-7.47224|-7.47224
150|-7.47224|-7.47224
151|-7.47224|-7.47224
152|-7.47224|-7.47224
153|-7.47224|-7.47224
154|-7.47224|-7.47224
155|-7.47224|-7.47224
156|-7.47224|-7.47224
157|-7.47224|-7.47224
158|-7.47224|-7.47224
159|-7.47224|-7.47224
160|-7.47224|-7.47224
161|-7.47224|-7.47224
162|-7.47224|-7.47224
163|-7.47224|-7.47224
164|-7.47224|-7.47224
165|-7.47224|-7.47224
166|-7.47224|-7.47224
167|-7.47224|-7.47224
168|-7.47224|-7.47224
169|-7.47224|-7.47224
170|-7.47224|-7.47224
171|-7.47224|-7.47224
172|-7.47224|-7.47224
173|-7.47224|-7.47224
174|-7.47224|-7.47224
175|-7.47224|-7.47224
176|-7.47224|-7.47224
177|-7.47224|-7.47224
178|-7.47224|-7.47224
179|-7.47224|-7.47224
180|-7.47224|-7.47224
181|-7.47224|-7.47224
182|-7.47224|-7.47224
183|-7.47224|-7.47224
184|-7.47224|-7.47224
185|-7.47224|-7.47224
186|-7.47224|-7.47224
187|-7.47224|-7.47224
188|-7.47224|-7.47224
189|-7.47224|-7.47224
190|-7.47224|-7.47224
191|-7.47224|-7.47224
192|-7.47224|-7.47224
193|-7.47224|-7.47224
194|-7.47224|-7.47224
195|-7.47224|-7.47224
196|-7.47224|-7.47224
197|-7.47224|-7.47224
198|-7.47224|-7.47224
199|-7.47224|-7.47224
200|-7.47224|-7.47224
201|-7.47224|-7.47224
202|-7.47224|-7.47224
203|-7.47224|-7.47224
204|-7.47224|-7.47224
205|-7.47224|-7.47224
206|-7.47224|-7.47224
207|-7.47224|-7.47224
208|-7.47224|-7.47224
209|-7.47224|-7.47224
210|-7.47224|-7.47224
211|-7.47224|-7.47224
212|-7.47224|-7.47224
213|-7.47224|-7.47224
214|-7.47224|-7.47224
215|-7.47224|-7.47224
216|-7.47224|-7.47224
217|-7.47224|-7.47224
EARLY STOP: TARGET FOUND
296195ms
