1|66.5149|66.5149
2|50.339|50.339
3|34.9705|34.9705
4|25.5343|25.5343
5|16.1762|16.1762
6|8.83838|8.83838
7|5.75066|5.75066
8|3.92582|3.92582
9|2.97968|2.97968
10|2.13446|2.13446
11|1.46791|1.46791
12|1.20798|1.20798
13|0.950056|0.950056
14|0.701902|0.701902
15|0.53603|0.53603
16|0.384352|0.384352
17|0.268942|0.268942
18|0.215778|0.215778
19|0.163614|0.163614
20|0.116337|0.116337
21|0.0777011|0.0777011
22|0.059594|0.059594
23|0.0483214|0.0483214
24|0.0388534|0.0388534
25|0.0314713|0.0314713
26|0.0245893|0.0245893
27|0.0200295|0.0200295
28|0.015776|0.015776
29|0.0115498|0.0115498
30|0.00773066|0.00773066
EARLY STOP: TARGET FOUND
41870ms
