1|-2.23245|-2.23245
2|-2.8608|-2.8608
3|-3.46163|-3.46163
4|-3.91114|-3.91114
5|-4.40897|-4.40897
6|-4.81825|-4.81825
7|-5.20639|-5.20639
8|-5.55619|-5.55619
9|-5.88106|-5.88106
10|-6.11888|-6.11888
11|-6.28821|-6.28821
12|-6.76235|-6.76235
13|-6.91911|-6.91911
14|-7.06468|-7.06468
15|-7.16823|-7.16823
16|-7.25566|-7.25566
17|-7.38514|-7.38514
18|-7.46523|-7.46523
19|-7.53657|-7.53657
20|-7.58333|-7.58333
21|-7.61349|-7.61349
22|-7.64229|-7.64229
23|-7.66699|-7.66699
24|-7.68869|-7.68869
25|-7.70523|-7.70523
26|-7.71327|-7.71327
27|-7.72034|-7.72034
28|-7.72557|-7.72557
29|-7.72997|-7.72997
30|-7.73352|-7.73352
31|-7.7368|-7.7368
32|-7.73898|-7.73898
33|-7.74096|-7.74096
34|-7.74237|-7.74237
35|-7.74287|-7.74287
36|-7.74327|-7.74327
37|-7.74359|-7.74359
38|-7.7439|-7.7439
39|-7.74408|-7.74408
40|-7.74424|-7.74424
41|-7.7444|-7.7444
42|-7.74456|-7.74456
43|-7.74468|-7.74468
44|-7.74477|-7.74477
45|-7.74484|-7.74484
46|-7.7449|-7.7449
47|-7.74494|-7.74494
48|-7.74496|-7.74496
49|-7.74498|-7.74498
50|-7.745|-7.745
51|-7.74502|-7.74502
52|-7.74503|-7.74503
53|-7.74504|-7.74504
54|-7.74505|-7.74505
55|-7.74506|-7.74506
56|-7.74507|-7.74507
57|-7.74507|-7.74507
58|-7.74507|-7.74507
59|-7.74507|-7.74507
60|-7.74507|-7.74507
61|-7.74507|-7.74507
62|-7.74507|-7.74507
63|-7.74507|-7.74507
64|-7.74507|-7.74507
65|-7.74507|-7.74507
66|-7.74507|-7.74507
67|-7.74507|-7.74507
68|-7.74507|-7.74507
69|-7.74507|-7.74507
70|-7.74507|-7.74507
71|-7.74507|-7.74507
72|-7.74507|-7.74507
73|-7.74507|-7.74507
74|-7.74507|-7.74507
75|-7.74507|-7.74507
76|-7.74507|-7.74507
77|-7.74507|-7.74507
78|-7.74507|-7.74507
79|-7.74507|-7.74507
80|-7.74507|-7.74507
81|-7.74507|-7.74507
82|-7.74507|-7.74507
83|-7.74507|-7.74507
84|-7.74507|-7.74507
85|-7.74507|-7.74507
86|-7.74507|-7.74507
87|-7.74507|-7.74507
88|-7.74507|-7.74507
89|-7.74507|-7.74507
90|-7.74507|-7.74507
91|-7.74507|-7.74507
92|-7.74507|-7.74507
93|-7.74507|-7.74507
94|-7.74507|-7.74507
95|-7.74507|-7.74507
96|-7.74507|-7.74507
97|-7.74507|-7.74507
98|-7.74507|-7.74507
99|-7.74507|-7.74507
100|-7.74507|-7.74507
101|-7.74507|-7.74507
102|-7.74507|-7.74507
103|-7.74507|-7.74507
104|-7.74507|-7.74507
105|-7.74507|-7.74507
106|-7.74507|-7.74507
107|-7.74507|-7.74507
108|-7.74507|-7.74507
109|-7.74507|-7.74507
110|-7.74507|-7.74507
111|-7.74507|-7.74507
112|-7.74507|-7.74507
113|-7.74507|-7.74507
114|-7.74507|-7.74507
115|-7.74507|-7.74507
116|-7.74507|-7.74507
117|-7.74507|-7.74507
118|-7.74507|-7.74507
119|-7.74507|-7.74507
120|-7.74507|-7.74507
121|-7.74507|-7.74507
122|-7.74507|-7.74507
123|-7.74507|-7.74507
124|-7.74507|-7.74507
125|-7.74507|-7.74507
126|-7.74507|-7.74507
127|-7.74507|-7.74507
128|-7.74507|-7.74507
129|-7.74507|-7.74507
130|-7.74507|-7.74507
131|-7.74507|-7.74507
132|-7.74507|-7.74507
133|-7.74507|-7.74507
134|-7.74507|-7.74507
135|-7.74507|-7.74507
136|-7.74507|-7.74507
137|-7.74507|-7.74507
138|-7.74507|-7.74507
139|-7.74507|-7.74507
140|-7.74507|-7.74507
141|-7.74507|-7.74507
142|-7.74507|-7.74507
143|-7.74507|-7.74507
144|-7.74507|-7.74507
145|-7.74507|-7.74507
146|-7.74507|-7.74507
147|-7.74507|-7.74507
148|-7.74507|-7.74507
149|-7.74507|-7.74507
150|-7.74507|-7.74507
151|-7.74507|-7.74507
152|-7.74507|-7.74507
153|-7.74507|-7.74507
154|-7.74507|-7.74507
155|-7.74507|-7.74507
156|-7.74507|-7.74507
157|-7.74507|-7.74507
158|-7.74507|-7.74507
159|-7.74507|-7.74507
160|-7.74507|-7.74507
161|-7.74507|-7.74507
162|-7.74507|-7.74507
163|-7.74507|-7.74507
164|-7.74507|-7.74507
165|-7.74507|-7.74507
166|-7.74507|-7.74507
167|-7.74507|-7.74507
168|-7.74507|-7.74507
169|-7.74507|-7.74507
170|-7.74507|-7.74507
171|-7.74507|-7.74507
172|-7.74507|-7.74507
173|-7.74507|-7.74507
174|-7.74507|-7.74507
175|-7.74507|-7.74507
176|-7.74507|-7.74507
177|-7.74507|-7.74507
178|-7.74507|-7.74507
179|-7.74507|-7.74507
180|-7.74507|-7.74507
181|-7.74507|-7.74507
182|-7.74507|-7.74507
183|-7.74507|-7.74507
184|-7.74507|-7.74507
185|-7.74507|-7.74507
186|-7.74507|-7.74507
187|-7.74507|-7.74507
188|-7.74507|-7.74507
189|-7.74507|-7.74507
190|-7.74507|-7.74507
191|-7.74507|-7.74507
192|-7.74507|-7.74507
193|-7.74507|-7.74507
194|-7.74507|-7.74507
195|-7.74507|-7.74507
196|-7.74507|-7.74507
197|-7.74507|-7.74507
198|-7.74507|-7.74507
199|-7.74507|-7.74507
200|-7.74507|-7.74507
201|-7.74507|-7.74507
202|-7.74507|-7.74507
203|-7.74507|-7.74507
204|-7.74507|-7.74507
205|-7.74507|-7.74507
206|-7.74507|-7.74507
207|-7.74507|-7.74507
208|-7.74507|-7.74507
209|-7.74507|-7.74507
210|-7.74507|-7.74507
211|-7.74507|-7.74507
EARLY STOP: TARGET FOUND
290021ms
