1|-690.882|-690.882
2|-891.132|-891.132
3|-1169.75|-1169.75
4|-1288.62|-1288.62
5|-1344.45|-1344.45
6|-1380.84|-1380.84
7|-1398.68|-1398.68
8|-1413.42|-1413.42
9|-1422.22|-1422.22
10|-1430.61|-1430.61
11|-1436.13|-1436.13
12|-1469.2|-1469.2
13|-1487|-1487
14|-1495.78|-1495.78
15|-1500.16|-1500.16
16|-1502.34|-1502.34
17|-1504.02|-1504.02
18|-1505.11|-1505.11
19|-1506.2|-1506.2
20|-1506.75|-1506.75
21|-1507.29|-1507.29
22|-1507.67|-1507.67
23|-1507.81|-1507.81
24|-1507.87|-1507.87
25|-1507.94|-1507.94
26|-1507.97|-1507.97
27|-1507.99|-1507.99
28|-1508.01|-1508.01
29|-1508.01|-1508.01
30|-1508.02|-1508.02
31|-1508.03|-1508.03
32|-1508.03|-1508.03
33|-1508.03|-1508.03
34|-1508.04|-1508.04
35|-1508.04|-1508.04
36|-1508.04|-1508.04
37|-1508.04|-1508.04
38|-1508.04|-1508.04
39|-1508.04|-1508.04
40|-1508.04|-1508.04
41|-1508.04|-1508.04
42|-1508.04|-1508.04
43|-1508.04|-1508.04
44|-1508.04|-1508.04
45|-1508.04|-1508.04
46|-1508.04|-1508.04
47|-1508.04|-1508.04
48|-1508.04|-1508.04
49|-1508.04|-1508.04
50|-1508.04|-1508.04
51|-1508.04|-1508.04
52|-1508.04|-1508.04
53|-1508.04|-1508.04
54|-1508.04|-1508.04
55|-1508.04|-1508.04
56|-1508.04|-1508.04
57|-1508.04|-1508.04
58|-1508.04|-1508.04
59|-1508.04|-1508.04
60|-1508.04|-1508.04
61|-1508.04|-1508.04
62|-1508.04|-1508.04
63|-1508.04|-1508.04
64|-1508.04|-1508.04
65|-1508.04|-1508.04
66|-1508.04|-1508.04
67|-1508.04|-1508.04
68|-1508.04|-1508.04
69|-1508.04|-1508.04
70|-1508.04|-1508.04
71|-1508.04|-1508.04
72|-1508.04|-1508.04
73|-1508.04|-1508.04
74|-1508.04|-1508.04
75|-1508.04|-1508.04
76|-1508.04|-1508.04
77|-1508.04|-1508.04
78|-1508.04|-1508.04
79|-1508.04|-1508.04
80|-1508.04|-1508.04
81|-1508.04|-1508.04
82|-1508.04|-1508.04
83|-1508.04|-1508.04
84|-1508.04|-1508.04
85|-1508.04|-1508.04
86|-1508.04|-1508.04
87|-1508.04|-1508.04
88|-1508.04|-1508.04
89|-1508.04|-1508.04
90|-1508.04|-1508.04
91|-1508.04|-1508.04
92|-1508.04|-1508.04
93|-1508.04|-1508.04
94|-1508.04|-1508.04
95|-1508.04|-1508.04
96|-1508.04|-1508.04
97|-1508.04|-1508.04
98|-1508.04|-1508.04
99|-1508.04|-1508.04
100|-1508.04|-1508.04
101|-1508.04|-1508.04
102|-1508.04|-1508.04
103|-1508.04|-1508.04
104|-1508.04|-1508.04
105|-1508.04|-1508.04
106|-1508.04|-1508.04
107|-1508.04|-1508.04
108|-1508.04|-1508.04
109|-1508.04|-1508.04
110|-1508.04|-1508.04
111|-1508.04|-1508.04
112|-1508.04|-1508.04
113|-1508.04|-1508.04
114|-1508.04|-1508.04
115|-1508.04|-1508.04
116|-1508.04|-1508.04
117|-1508.04|-1508.04
118|-1508.04|-1508.04
119|-1508.04|-1508.04
120|-1508.04|-1508.04
121|-1508.04|-1508.04
122|-1508.04|-1508.04
123|-1508.04|-1508.04
124|-1508.04|-1508.04
125|-1508.04|-1508.04
126|-1508.04|-1508.04
127|-1508.04|-1508.04
128|-1508.04|-1508.04
129|-1508.04|-1508.04
130|-1508.04|-1508.04
131|-1508.04|-1508.04
132|-1508.04|-1508.04
133|-1508.04|-1508.04
134|-1508.04|-1508.04
135|-1508.04|-1508.04
136|-1508.04|-1508.04
137|-1508.04|-1508.04
138|-1508.04|-1508.04
139|-1508.04|-1508.04
140|-1508.04|-1508.04
141|-1508.04|-1508.04
142|-1508.04|-1508.04
143|-1508.04|-1508.04
144|-1508.04|-1508.04
145|-1508.04|-1508.04
146|-1508.04|-1508.04
147|-1508.04|-1508.04
148|-1508.04|-1508.04
149|-1508.04|-1508.04
150|-1508.04|-1508.04
151|-1508.04|-1508.04
152|-1508.04|-1508.04
153|-1508.04|-1508.04
154|-1508.04|-1508.04
155|-1508.04|-1508.04
156|-1508.04|-1508.04
157|-1508.04|-1508.04
158|-1508.04|-1508.04
159|-1508.04|-1508.04
160|-1508.04|-1508.04
161|-1508.04|-1508.04
162|-1508.04|-1508.04
163|-1508.04|-1508.04
164|-1508.04|-1508.04
165|-1508.04|-1508.04
166|-1508.04|-1508.04
167|-1508.04|-1508.04
168|-1508.04|-1508.04
169|-1508.04|-1508.04
170|-1508.04|-1508.04
171|-1508.04|-1508.04
172|-1508.04|-1508.04
173|-1508.04|-1508.04
174|-1508.04|-1508.04
175|-1508.04|-1508.04
176|-1508.04|-1508.04
177|-1508.04|-1508.04
178|-1508.04|-1508.04
179|-1508.04|-1508.04
180|-1508.04|-1508.04
181|-1508.04|-1508.04
182|-1508.04|-1508.04
183|-1508.04|-1508.04
184|-1508.04|-1508.04
185|-1508.04|-1508.04
186|-1508.04|-1508.04
EARLY STOP: TARGET FOUND
104550ms
