1|211.378|211.378
2|189.112|189.112
3|170.069|170.069
4|152.551|152.551
5|137.704|137.704
6|125.409|125.409
7|113.127|113.127
8|101.204|101.204
9|90.3836|90.3836
10|79.907|79.907
11|71.4742|71.4742
12|63.1609|63.1609
13|55.4521|55.4521
14|47.9133|47.9133
15|43.2612|43.2612
16|38.7111|38.7111
17|34.1877|34.1877
18|30.5513|30.5513
19|27.796|27.796
20|25.2441|25.2441
21|22.8821|22.8821
22|20.7862|20.7862
23|18.7613|18.7613
24|17.6641|17.6641
25|16.6055|16.6055
26|15.5585|15.5585
27|14.5123|14.5123
28|13.4794|13.4794
29|12.4475|12.4475
30|11.4218|11.4218
31|10.3992|10.3992
32|9.38786|9.38786
33|8.45519|8.45519
34|7.61742|7.61742
35|6.93994|6.93994
36|6.28275|6.28275
37|5.68797|5.68797
38|5.09854|5.09854
39|4.52738|4.52738
40|4.04058|4.04058
41|3.79917|3.79917
42|3.57709|3.57709
43|3.36082|3.36082
44|3.14463|3.14463
45|2.92871|2.92871
46|2.71945|2.71945
47|2.51072|2.51072
48|2.30505|2.30505
49|2.10096|2.10096
50|1.90249|1.90249
51|1.72569|1.72569
52|1.56655|1.56655
53|1.41343|1.41343
54|1.26907|1.26907
55|1.13657|1.13657
56|1.01058|1.01058
57|0.893023|0.893023
58|0.781339|0.781339
59|0.716493|0.716493
60|0.654532|0.654532
61|0.60793|0.60793
62|0.564029|0.564029
63|0.522658|0.522658
64|0.486363|0.486363
65|0.450389|0.450389
66|0.41615|0.41615
67|0.384564|0.384564
68|0.353225|0.353225
69|0.321933|0.321933
70|0.290772|0.290772
71|0.262945|0.262945
72|0.235378|0.235378
73|0.209345|0.209345
74|0.190323|0.190323
75|0.172564|0.172564
76|0.154946|0.154946
77|0.138198|0.138198
78|0.122119|0.122119
79|0.108325|0.108325
80|0.0951021|0.0951021
81|0.0829013|0.0829013
82|0.0711208|0.0711208
83|0.0633372|0.0633372
84|0.0585969|0.0585969
85|0.0538856|0.0538856
86|0.0498063|0.0498063
87|0.0457973|0.0457973
88|0.0421469|0.0421469
89|0.038502|0.038502
90|0.0349281|0.0349281
91|0.0316887|0.0316887
92|0.0284633|0.0284633
93|0.0254879|0.0254879
94|0.0231453|0.0231453
95|0.0209824|0.0209824
96|0.0188851|0.0188851
97|0.0170738|0.0170738
98|0.0159037|0.0159037
99|0.014748|0.014748
100|0.0136736|0.0136736
101|0.0126234|0.0126234
102|0.0116783|0.0116783
103|0.0107414|0.0107414
104|0.00984468|0.00984468
EARLY STOP: TARGET FOUND
1183219ms
