1|-439.934|-439.934
2|-822.549|-822.549
3|-1167.51|-1167.51
4|-1359.94|-1359.94
5|-1546.94|-1546.94
6|-1732.11|-1732.11
7|-1823.46|-1823.46
8|-1936.62|-1936.62
9|-2019.27|-2019.27
10|-2119.26|-2119.26
11|-2352.94|-2352.94
12|-2435|-2435
13|-2520.9|-2520.9
14|-2601.66|-2601.66
15|-2696.12|-2696.12
16|-2944.73|-2944.73
17|-3024.85|-3024.85
18|-3100.9|-3100.9
19|-3174.27|-3174.27
20|-3221.99|-3221.99
21|-3261.5|-3261.5
22|-3286.65|-3286.65
23|-3305.46|-3305.46
24|-3323.28|-3323.28
25|-3340.94|-3340.94
26|-3358.08|-3358.08
27|-3379.81|-3379.81
28|-3390.37|-3390.37
29|-3400.17|-3400.17
30|-3408.97|-3408.97
31|-3415.11|-3415.11
32|-3419.48|-3419.48
33|-3423.63|-3423.63
34|-3426.35|-3426.35
35|-3427.7|-3427.7
36|-3428.97|-3428.97
37|-3429.61|-3429.61
38|-3430.17|-3430.17
39|-3430.71|-3430.71
40|-3431.21|-3431.21
41|-3431.54|-3431.54
42|-3431.85|-3431.85
43|-3432.13|-3432.13
44|-3432.4|-3432.4
45|-3432.63|-3432.63
46|-3432.84|-3432.84
47|-3433|-3433
48|-3433.08|-3433.08
49|-3433.15|-3433.15
50|-3433.21|-3433.21
51|-3433.3|-3433.3
52|-3433.34|-3433.34
53|-3433.38|-3433.38
54|-3433.42|-3433.42
55|-3433.45|-3433.45
56|-3433.48|-3433.48
57|-3433.5|-3433.5
58|-3433.52|-3433.52
59|-3433.53|-3433.53
60|-3433.54|-3433.54
61|-3433.55|-3433.55
62|-3433.55|-3433.55
63|-3433.56|-3433.56
64|-3433.56|-3433.56
65|-3433.56|-3433.56
66|-3433.56|-3433.56
67|-3433.56|-3433.56
68|-3433.56|-3433.56
69|-3433.56|-3433.56
70|-3433.57|-3433.57
71|-3433.57|-3433.57
72|-3433.57|-3433.57
73|-3433.57|-3433.57
74|-3433.57|-3433.57
75|-3433.57|-3433.57
76|-3433.57|-3433.57
77|-3433.57|-3433.57
78|-3433.57|-3433.57
79|-3433.57|-3433.57
80|-3433.57|-3433.57
81|-3433.57|-3433.57
82|-3433.57|-3433.57
83|-3433.57|-3433.57
84|-3433.57|-3433.57
85|-3433.57|-3433.57
86|-3433.57|-3433.57
87|-3433.57|-3433.57
88|-3433.57|-3433.57
89|-3433.57|-3433.57
90|-3433.57|-3433.57
91|-3433.57|-3433.57
92|-3433.57|-3433.57
93|-3433.57|-3433.57
94|-3433.57|-3433.57
95|-3433.57|-3433.57
96|-3433.57|-3433.57
97|-3433.57|-3433.57
98|-3433.57|-3433.57
99|-3433.57|-3433.57
100|-3433.57|-3433.57
101|-3433.57|-3433.57
102|-3433.57|-3433.57
103|-3433.57|-3433.57
104|-3433.57|-3433.57
105|-3433.57|-3433.57
106|-3433.57|-3433.57
107|-3433.57|-3433.57
108|-3433.57|-3433.57
109|-3433.57|-3433.57
110|-3433.57|-3433.57
111|-3433.57|-3433.57
112|-3433.57|-3433.57
113|-3433.57|-3433.57
114|-3433.57|-3433.57
115|-3433.57|-3433.57
116|-3433.57|-3433.57
117|-3433.57|-3433.57
118|-3433.57|-3433.57
119|-3433.57|-3433.57
120|-3433.57|-3433.57
121|-3433.57|-3433.57
122|-3433.57|-3433.57
123|-3433.57|-3433.57
124|-3433.57|-3433.57
125|-3433.57|-3433.57
126|-3433.57|-3433.57
127|-3433.57|-3433.57
128|-3433.57|-3433.57
129|-3433.57|-3433.57
130|-3433.57|-3433.57
131|-3433.57|-3433.57
132|-3433.57|-3433.57
133|-3433.57|-3433.57
134|-3433.57|-3433.57
135|-3433.57|-3433.57
136|-3433.57|-3433.57
137|-3433.57|-3433.57
138|-3433.57|-3433.57
139|-3433.57|-3433.57
140|-3433.57|-3433.57
141|-3433.57|-3433.57
142|-3433.57|-3433.57
143|-3433.57|-3433.57
144|-3433.57|-3433.57
145|-3433.57|-3433.57
146|-3433.57|-3433.57
147|-3433.57|-3433.57
148|-3433.57|-3433.57
149|-3433.57|-3433.57
150|-3433.57|-3433.57
151|-3433.57|-3433.57
152|-3433.57|-3433.57
153|-3433.57|-3433.57
154|-3433.57|-3433.57
155|-3433.57|-3433.57
156|-3433.57|-3433.57
157|-3433.57|-3433.57
158|-3433.57|-3433.57
159|-3433.57|-3433.57
160|-3433.57|-3433.57
161|-3433.57|-3433.57
162|-3433.57|-3433.57
163|-3433.57|-3433.57
164|-3433.57|-3433.57
165|-3433.57|-3433.57
166|-3433.57|-3433.57
167|-3433.57|-3433.57
168|-3433.57|-3433.57
169|-3433.57|-3433.57
170|-3433.57|-3433.57
171|-3433.57|-3433.57
172|-3433.57|-3433.57
173|-3433.57|-3433.57
174|-3433.57|-3433.57
175|-3433.57|-3433.57
176|-3433.57|-3433.57
177|-3433.57|-3433.57
178|-3433.57|-3433.57
179|-3433.57|-3433.57
180|-3433.57|-3433.57
181|-3433.57|-3433.57
182|-3433.57|-3433.57
183|-3433.57|-3433.57
184|-3433.57|-3433.57
185|-3433.57|-3433.57
186|-3433.57|-3433.57
187|-3433.57|-3433.57
188|-3433.57|-3433.57
189|-3433.57|-3433.57
190|-3433.57|-3433.57
191|-3433.57|-3433.57
192|-3433.57|-3433.57
193|-3433.57|-3433.57
194|-3433.57|-3433.57
195|-3433.57|-3433.57
196|-3433.57|-3433.57
197|-3433.57|-3433.57
198|-3433.57|-3433.57
199|-3433.57|-3433.57
200|-3433.57|-3433.57
201|-3433.57|-3433.57
202|-3433.57|-3433.57
203|-3433.57|-3433.57
204|-3433.57|-3433.57
205|-3433.57|-3433.57
206|-3433.57|-3433.57
207|-3433.57|-3433.57
208|-3433.57|-3433.57
209|-3433.57|-3433.57
210|-3433.57|-3433.57
211|-3433.57|-3433.57
212|-3433.57|-3433.57
213|-3433.57|-3433.57
214|-3433.57|-3433.57
215|-3433.57|-3433.57
216|-3433.57|-3433.57
217|-3433.57|-3433.57
218|-3433.57|-3433.57
219|-3433.57|-3433.57
220|-3433.57|-3433.57
221|-3433.57|-3433.57
222|-3433.57|-3433.57
223|-3433.57|-3433.57
224|-3433.57|-3433.57
225|-3433.57|-3433.57
226|-3433.57|-3433.57
227|-3433.57|-3433.57
228|-3433.57|-3433.57
EARLY STOP: TARGET FOUND
456965ms
