1|-2.44917|-2.44917
2|-3.18162|-3.18162
3|-3.73887|-3.73887
4|-4.17038|-4.17038
5|-4.57402|-4.57402
6|-5.09223|-5.09223
7|-5.33497|-5.33497
8|-5.93066|-5.93066
9|-6.16311|-6.16311
10|-6.40499|-6.40499
11|-6.58772|-6.58772
12|-6.65331|-6.65331
13|-7.35337|-7.35337
14|-7.58355|-7.58355
15|-7.64525|-7.64525
16|-7.66449|-7.66449
17|-7.6823|-7.6823
18|-7.69538|-7.69538
19|-7.70436|-7.70436
20|-7.70993|-7.70993
21|-7.71515|-7.71515
22|-7.71945|-7.71945
23|-7.72344|-7.72344
24|-7.72621|-7.72621
25|-7.7284|-7.7284
26|-7.7305|-7.7305
27|-7.73244|-7.73244
28|-7.73391|-7.73391
29|-7.7353|-7.7353
30|-7.73642|-7.73642
31|-7.73744|-7.73744
32|-7.73822|-7.73822
33|-7.73891|-7.73891
34|-7.73939|-7.73939
35|-7.73985|-7.73985
36|-7.74023|-7.74023
37|-7.74051|-7.74051
38|-7.74077|-7.74077
39|-7.741|-7.741
40|-7.74114|-7.74114
41|-7.74123|-7.74123
42|-7.7413|-7.7413
43|-7.74136|-7.74136
44|-7.74141|-7.74141
45|-7.74145|-7.74145
46|-7.74149|-7.74149
47|-7.74152|-7.74152
48|-7.74155|-7.74155
49|-7.74158|-7.74158
50|-7.74159|-7.74159
51|-7.74159|-7.74159
52|-7.7416|-7.7416
53|-7.7416|-7.7416
54|-7.74161|-7.74161
55|-7.74161|-7.74161
56|-7.74161|-7.74161
57|-7.74161|-7.74161
58|-7.74161|-7.74161
59|-7.74161|-7.74161
60|-7.74161|-7.74161
61|-7.74161|-7.74161
62|-7.74161|-7.74161
63|-7.74161|-7.74161
64|-7.74161|-7.74161
65|-7.74161|-7.74161
66|-7.74161|-7.74161
67|-7.74161|-7.74161
68|-7.74161|-7.74161
69|-7.74161|-7.74161
70|-7.74161|-7.74161
71|-7.74161|-7.74161
72|-7.74161|-7.74161
73|-7.74161|-7.74161
74|-7.74161|-7.74161
75|-7.74161|-7.74161
76|-7.74161|-7.74161
77|-7.74161|-7.74161
78|-7.74161|-7.74161
79|-7.74161|-7.74161
80|-7.74161|-7.74161
81|-7.74161|-7.74161
82|-7.74161|-7.74161
83|-7.74161|-7.74161
84|-7.74161|-7.74161
85|-7.74161|-7.74161
86|-7.74161|-7.74161
87|-7.74161|-7.74161
88|-7.74161|-7.74161
89|-7.74161|-7.74161
90|-7.74161|-7.74161
91|-7.74161|-7.74161
92|-7.74161|-7.74161
93|-7.74161|-7.74161
94|-7.74161|-7.74161
95|-7.74161|-7.74161
96|-7.74161|-7.74161
97|-7.74161|-7.74161
98|-7.74161|-7.74161
99|-7.74161|-7.74161
100|-7.74161|-7.74161
101|-7.74161|-7.74161
102|-7.74161|-7.74161
103|-7.74161|-7.74161
104|-7.74161|-7.74161
105|-7.74161|-7.74161
106|-7.74161|-7.74161
107|-7.74161|-7.74161
108|-7.74161|-7.74161
109|-7.74161|-7.74161
110|-7.74161|-7.74161
111|-7.74161|-7.74161
112|-7.74161|-7.74161
113|-7.74161|-7.74161
114|-7.74161|-7.74161
115|-7.74161|-7.74161
116|-7.74161|-7.74161
117|-7.74161|-7.74161
118|-7.74161|-7.74161
119|-7.74161|-7.74161
120|-7.74161|-7.74161
121|-7.74161|-7.74161
122|-7.74161|-7.74161
123|-7.74161|-7.74161
124|-7.74161|-7.74161
125|-7.74161|-7.74161
126|-7.74161|-7.74161
127|-7.74161|-7.74161
128|-7.74161|-7.74161
129|-7.74161|-7.74161
130|-7.74161|-7.74161
131|-7.74161|-7.74161
132|-7.74161|-7.74161
133|-7.74161|-7.74161
134|-7.74161|-7.74161
135|-7.74161|-7.74161
136|-7.74161|-7.74161
137|-7.74161|-7.74161
138|-7.74161|-7.74161
139|-7.74161|-7.74161
140|-7.74161|-7.74161
141|-7.74161|-7.74161
142|-7.74161|-7.74161
143|-7.74161|-7.74161
144|-7.74161|-7.74161
145|-7.74161|-7.74161
146|-7.74161|-7.74161
147|-7.74161|-7.74161
148|-7.74161|-7.74161
149|-7.74161|-7.74161
150|-7.74161|-7.74161
151|-7.74161|-7.74161
152|-7.74161|-7.74161
153|-7.74161|-7.74161
154|-7.74161|-7.74161
155|-7.74161|-7.74161
156|-7.74161|-7.74161
157|-7.74161|-7.74161
158|-7.74161|-7.74161
159|-7.74161|-7.74161
160|-7.74161|-7.74161
161|-7.74161|-7.74161
162|-7.74161|-7.74161
163|-7.74161|-7.74161
164|-7.74161|-7.74161
165|-7.74161|-7.74161
166|-7.74161|-7.74161
167|-7.74161|-7.74161
168|-7.74161|-7.74161
169|-7.74161|-7.74161
170|-7.74161|-7.74161
171|-7.74161|-7.74161
172|-7.74161|-7.74161
173|-7.74161|-7.74161
174|-7.74161|-7.74161
175|-7.74161|-7.74161
176|-7.74161|-7.74161
177|-7.74161|-7.74161
178|-7.74161|-7.74161
179|-7.74161|-7.74161
180|-7.74161|-7.74161
181|-7.74161|-7.74161
182|-7.74161|-7.74161
183|-7.74161|-7.74161
184|-7.74161|-7.74161
185|-7.74161|-7.74161
186|-7.74161|-7.74161
187|-7.74161|-7.74161
188|-7.74161|-7.74161
189|-7.74161|-7.74161
190|-7.74161|-7.74161
191|-7.74161|-7.74161
192|-7.74161|-7.74161
193|-7.74161|-7.74161
194|-7.74161|-7.74161
195|-7.74161|-7.74161
196|-7.74161|-7.74161
197|-7.74161|-7.74161
198|-7.74161|-7.74161
199|-7.74161|-7.74161
200|-7.74161|-7.74161
201|-7.74161|-7.74161
202|-7.74161|-7.74161
203|-7.74161|-7.74161
204|-7.74161|-7.74161
205|-7.74161|-7.74161
206|-7.74161|-7.74161
EARLY STOP: TARGET FOUND
284631ms
