1|-3.48109|-3.48109
2|-4.41853|-4.41853
3|-5.3354|-5.3354
4|-6.17989|-6.17989
5|-7.00303|-7.00303
6|-7.77532|-7.77532
7|-8.53516|-8.53516
8|-9.26964|-9.26964
9|-10.0017|-10.0017
10|-10.6609|-10.6609
11|-11.3156|-11.3156
12|-11.9396|-11.9396
13|-12.548|-12.548
14|-13.0781|-13.0781
15|-13.579|-13.579
16|-14.0656|-14.0656
17|-14.4685|-14.4685
18|-14.866|-14.866
19|-15.218|-15.218
20|-15.5644|-15.5644
21|-15.9071|-15.9071
22|-16.2108|-16.2108
23|-16.4632|-16.4632
24|-16.6868|-16.6868
25|-16.9538|-16.9538
26|-17.1618|-17.1618
27|-17.4681|-17.4681
28|-17.6607|-17.6607
29|-17.8293|-17.8293
30|-18.2082|-18.2082
31|-18.3737|-18.3737
32|-18.8605|-18.8605
33|-19.0208|-19.0208
34|-19.1698|-19.1698
35|-19.3065|-19.3065
36|-19.4391|-19.4391
37|-19.5639|-19.5639
38|-19.6839|-19.6839
39|-19.8038|-19.8038
40|-20.4283|-20.4283
41|-20.5221|-20.5221
42|-20.6056|-20.6056
43|-20.6811|-20.6811
44|-21.4643|-21.4643
45|-21.5397|-21.5397
46|-21.6082|-21.6082
47|-21.6732|-21.6732
48|-21.7357|-21.7357
49|-21.7976|-21.7976
50|-21.8587|-21.8587
51|-21.9108|-21.9108
52|-21.963|-21.963
53|-22.0114|-22.0114
54|-22.0587|-22.0587
55|-22.105|-22.105
56|-22.1508|-22.1508
57|-22.1953|-22.1953
58|-22.5605|-22.5605
59|-22.5985|-22.5985
60|-22.6363|-22.6363
61|-22.668|-22.668
62|-22.695|-22.695
63|-22.7135|-22.7135
64|-22.7298|-22.7298
65|-22.7461|-22.7461
66|-22.7614|-22.7614
67|-22.7754|-22.7754
68|-22.789|-22.789
69|-22.8002|-22.8002
70|-22.8098|-22.8098
71|-22.8183|-22.8183
72|-22.8257|-22.8257
73|-22.8327|-22.8327
74|-22.8386|-22.8386
75|-22.844|-22.844
76|-22.8487|-22.8487
77|-22.8534|-22.8534
78|-22.8576|-22.8576
79|-22.8616|-22.8616
80|-22.8653|-22.8653
81|-22.8686|-22.8686
82|-22.8718|-22.8718
83|-22.875|-22.875
84|-22.8781|-22.8781
85|-22.8808|-22.8808
86|-22.8834|-22.8834
87|-22.8859|-22.8859
88|-22.8871|-22.8871
89|-22.888|-22.888
90|-22.8888|-22.8888
91|-22.8897|-22.8897
92|-22.8905|-22.8905
93|-22.8912|-22.8912
94|-22.892|-22.892
95|-22.8927|-22.8927
96|-22.8935|-22.8935
97|-22.8941|-22.8941
98|-22.8947|-22.8947
99|-22.8952|-22.8952
100|-22.8957|-22.8957
101|-22.8961|-22.8961
102|-22.8965|-22.8965
103|-22.8969|-22.8969
104|-22.8973|-22.8973
105|-22.8976|-22.8976
106|-22.8979|-22.8979
107|-22.8982|-22.8982
108|-22.8985|-22.8985
109|-22.8988|-22.8988
110|-22.8991|-22.8991
111|-22.8993|-22.8993
112|-22.8994|-22.8994
113|-22.8996|-22.8996
114|-22.8997|-22.8997
115|-22.8998|-22.8998
116|-22.8999|-22.8999
117|-22.9|-22.9
118|-22.9002|-22.9002
119|-22.9003|-22.9003
120|-22.9004|-22.9004
121|-22.9005|-22.9005
122|-22.9006|-22.9006
123|-22.9007|-22.9007
124|-22.9007|-22.9007
125|-22.9008|-22.9008
126|-22.9008|-22.9008
127|-22.9009|-22.9009
128|-22.9009|-22.9009
129|-22.901|-22.901
130|-22.901|-22.901
131|-22.901|-22.901
132|-22.9011|-22.9011
133|-22.9011|-22.9011
134|-22.9011|-22.9011
135|-22.9011|-22.9011
136|-22.9011|-22.9011
137|-22.9012|-22.9012
138|-22.9012|-22.9012
139|-22.9012|-22.9012
140|-22.9012|-22.9012
141|-22.9012|-22.9012
142|-22.9012|-22.9012
143|-22.9012|-22.9012
144|-22.9012|-22.9012
145|-22.9012|-22.9012
146|-22.9012|-22.9012
147|-22.9012|-22.9012
148|-22.9012|-22.9012
149|-22.9012|-22.9012
150|-22.9012|-22.9012
151|-22.9012|-22.9012
152|-22.9012|-22.9012
153|-22.9012|-22.9012
154|-22.9012|-22.9012
155|-22.9012|-22.9012
156|-22.9012|-22.9012
157|-22.9012|-22.9012
158|-22.9012|-22.9012
159|-22.9012|-22.9012
160|-22.9012|-22.9012
161|-22.9012|-22.9012
162|-22.9012|-22.9012
163|-22.9012|-22.9012
164|-22.9012|-22.9012
165|-22.9012|-22.9012
166|-22.9012|-22.9012
167|-22.9012|-22.9012
168|-22.9012|-22.9012
169|-22.9012|-22.9012
170|-22.9012|-22.9012
171|-22.9012|-22.9012
172|-22.9012|-22.9012
173|-22.9012|-22.9012
174|-22.9012|-22.9012
175|-22.9012|-22.9012
176|-22.9012|-22.9012
177|-22.9012|-22.9012
178|-22.9012|-22.9012
179|-22.9012|-22.9012
180|-22.9012|-22.9012
181|-22.9012|-22.9012
182|-22.9012|-22.9012
183|-22.9012|-22.9012
184|-22.9012|-22.9012
185|-22.9012|-22.9012
186|-22.9012|-22.9012
187|-22.9012|-22.9012
188|-22.9012|-22.9012
189|-22.9012|-22.9012
190|-22.9012|-22.9012
191|-22.9012|-22.9012
192|-22.9012|-22.9012
193|-22.9012|-22.9012
194|-22.9012|-22.9012
195|-22.9012|-22.9012
196|-22.9012|-22.9012
197|-22.9012|-22.9012
198|-22.9012|-22.9012
199|-22.9012|-22.9012
200|-22.9012|-22.9012
201|-22.9012|-22.9012
202|-22.9012|-22.9012
203|-22.9012|-22.9012
204|-22.9012|-22.9012
205|-22.9012|-22.9012
206|-22.9012|-22.9012
207|-22.9012|-22.9012
208|-22.9012|-22.9012
209|-22.9012|-22.9012
210|-22.9012|-22.9012
211|-22.9012|-22.9012
212|-22.9012|-22.9012
213|-22.9012|-22.9012
214|-22.9012|-22.9012
215|-22.9012|-22.9012
216|-22.9012|-22.9012
217|-22.9012|-22.9012
218|-22.9012|-22.9012
219|-22.9012|-22.9012
220|-22.9012|-22.9012
221|-22.9012|-22.9012
222|-22.9012|-22.9012
223|-22.9012|-22.9012
224|-22.9012|-22.9012
225|-22.9012|-22.9012
226|-22.9012|-22.9012
227|-22.9012|-22.9012
228|-22.9012|-22.9012
229|-22.9012|-22.9012
230|-22.9012|-22.9012
231|-22.9012|-22.9012
232|-22.9012|-22.9012
233|-22.9012|-22.9012
234|-22.9012|-22.9012
235|-22.9012|-22.9012
236|-22.9012|-22.9012
237|-22.9012|-22.9012
238|-22.9012|-22.9012
239|-22.9012|-22.9012
240|-22.9012|-22.9012
241|-22.9012|-22.9012
242|-22.9012|-22.9012
243|-22.9012|-22.9012
244|-22.9012|-22.9012
245|-22.9012|-22.9012
246|-22.9012|-22.9012
247|-22.9012|-22.9012
248|-22.9012|-22.9012
249|-22.9012|-22.9012
250|-22.9012|-22.9012
251|-22.9012|-22.9012
252|-22.9012|-22.9012
253|-22.9012|-22.9012
254|-22.9012|-22.9012
255|-22.9012|-22.9012
256|-22.9012|-22.9012
257|-22.9012|-22.9012
258|-22.9012|-22.9012
259|-22.9012|-22.9012
260|-22.9012|-22.9012
261|-22.9012|-22.9012
262|-22.9012|-22.9012
263|-22.9012|-22.9012
264|-22.9012|-22.9012
265|-22.9012|-22.9012
266|-22.9012|-22.9012
267|-22.9012|-22.9012
268|-22.9012|-22.9012
269|-22.9012|-22.9012
270|-22.9012|-22.9012
271|-22.9012|-22.9012
272|-22.9012|-22.9012
273|-22.9012|-22.9012
274|-22.9012|-22.9012
275|-22.9012|-22.9012
276|-22.9012|-22.9012
277|-22.9012|-22.9012
278|-22.9012|-22.9012
279|-22.9012|-22.9012
280|-22.9012|-22.9012
281|-22.9012|-22.9012
282|-22.9012|-22.9012
283|-22.9012|-22.9012
284|-22.9012|-22.9012
285|-22.9012|-22.9012
286|-22.9012|-22.9012
287|-22.9012|-22.9012
288|-22.9012|-22.9012
289|-22.9012|-22.9012
290|-22.9012|-22.9012
291|-22.9012|-22.9012
292|-22.9012|-22.9012
293|-22.9012|-22.9012
294|-22.9012|-22.9012
295|-22.9012|-22.9012
296|-22.9012|-22.9012
297|-22.9012|-22.9012
298|-22.9012|-22.9012
299|-22.9012|-22.9012
EARLY STOP: TARGET FOUND
3432610ms
