1|98.6652|98.6652
2|74.1501|74.1501
3|54.6705|54.6705
4|38.81|38.81
5|27.2158|27.2158
6|16.4534|16.4534
7|12.0954|12.0954
8|7.97245|7.97245
9|5.36975|5.36975
10|4.41952|4.41952
11|3.53487|3.53487
12|2.68433|2.68433
13|1.85167|1.85167
14|1.20909|1.20909
15|0.776844|0.776844
16|0.608928|0.608928
17|0.470256|0.470256
18|0.335134|0.335134
19|0.217062|0.217062
20|0.107933|0.107933
21|0.075288|0.075288
22|0.0463645|0.0463645
23|0.0188597|0.0188597
24|0.00888079|0.00888079
EARLY STOP: TARGET FOUND
34375ms
