1|-0.964007|-0.964007
2|-1.62754|-1.62754
3|-2.28651|-2.28651
4|-2.74187|-2.74187
5|-3.08584|-3.08584
6|-3.40495|-3.40495
7|-3.69391|-3.69391
8|-4.24452|-4.24452
9|-4.47874|-4.47874
10|-4.63697|-4.63697
11|-4.72024|-4.72024
12|-4.79704|-4.79704
13|-5.64801|-5.64801
14|-5.70987|-5.70987
15|-5.75346|-5.75346
16|-5.79405|-5.79405
17|-5.84305|-5.84305
18|-5.89405|-5.89405
19|-6.47631|-6.47631
20|-6.62646|-6.62646
21|-6.66375|-6.66375
22|-7.10708|-7.10708
23|-7.48193|-7.48193
24|-7.59998|-7.59998
25|-7.62749|-7.62749
26|-7.65307|-7.65307
27|-7.67818|-7.67818
28|-7.70238|-7.70238
29|-7.72436|-7.72436
30|-7.73752|-7.73752
31|-7.74851|-7.74851
32|-7.75868|-7.75868
33|-7.76437|-7.76437
34|-7.76883|-7.76883
35|-7.77147|-7.77147
36|-7.77345|-7.77345
37|-7.77538|-7.77538
38|-7.77722|-7.77722
39|-7.77827|-7.77827
40|-7.77896|-7.77896
41|-7.7796|-7.7796
42|-7.78011|-7.78011
43|-7.78055|-7.78055
44|-7.7809|-7.7809
45|-7.78123|-7.78123
46|-7.78149|-7.78149
47|-7.78171|-7.78171
48|-7.7819|-7.7819
49|-7.78201|-7.78201
50|-7.7821|-7.7821
51|-7.78218|-7.78218
52|-7.78222|-7.78222
53|-7.78226|-7.78226
54|-7.78229|-7.78229
55|-7.78233|-7.78233
56|-7.78234|-7.78234
57|-7.78236|-7.78236
58|-7.78237|-7.78237
59|-7.78237|-7.78237
60|-7.78238|-7.78238
61|-7.78239|-7.78239
62|-7.78239|-7.78239
63|-7.78239|-7.78239
64|-7.78239|-7.78239
65|-7.78239|-7.78239
66|-7.78239|-7.78239
67|-7.78239|-7.78239
68|-7.78239|-7.78239
69|-7.78239|-7.78239
70|-7.78239|-7.78239
71|-7.78239|-7.78239
72|-7.78239|-7.78239
73|-7.78239|-7.78239
74|-7.78239|-7.78239
75|-7.78239|-7.78239
76|-7.78239|-7.78239
77|-7.78239|-7.78239
78|-7.78239|-7.78239
79|-7.78239|-7.78239
80|-7.78239|-7.78239
81|-7.78239|-7.78239
82|-7.78239|-7.78239
83|-7.78239|-7.78239
84|-7.78239|-7.78239
85|-7.78239|-7.78239
86|-7.78239|-7.78239
87|-7.78239|-7.78239
88|-7.78239|-7.78239
89|-7.78239|-7.78239
90|-7.78239|-7.78239
91|-7.78239|-7.78239
92|-7.78239|-7.78239
93|-7.78239|-7.78239
94|-7.78239|-7.78239
95|-7.78239|-7.78239
96|-7.78239|-7.78239
97|-7.78239|-7.78239
98|-7.78239|-7.78239
99|-7.78239|-7.78239
100|-7.78239|-7.78239
101|-7.78239|-7.78239
102|-7.78239|-7.78239
103|-7.78239|-7.78239
104|-7.78239|-7.78239
105|-7.78239|-7.78239
106|-7.78239|-7.78239
107|-7.78239|-7.78239
108|-7.78239|-7.78239
109|-7.78239|-7.78239
110|-7.78239|-7.78239
111|-7.78239|-7.78239
112|-7.78239|-7.78239
113|-7.78239|-7.78239
114|-7.78239|-7.78239
115|-7.78239|-7.78239
116|-7.78239|-7.78239
117|-7.78239|-7.78239
118|-7.78239|-7.78239
119|-7.78239|-7.78239
120|-7.78239|-7.78239
121|-7.78239|-7.78239
122|-7.78239|-7.78239
123|-7.78239|-7.78239
124|-7.78239|-7.78239
125|-7.78239|-7.78239
126|-7.78239|-7.78239
127|-7.78239|-7.78239
128|-7.78239|-7.78239
129|-7.78239|-7.78239
130|-7.78239|-7.78239
131|-7.78239|-7.78239
132|-7.78239|-7.78239
133|-7.78239|-7.78239
134|-7.78239|-7.78239
135|-7.78239|-7.78239
136|-7.78239|-7.78239
137|-7.78239|-7.78239
138|-7.78239|-7.78239
139|-7.78239|-7.78239
140|-7.78239|-7.78239
141|-7.78239|-7.78239
142|-7.78239|-7.78239
143|-7.78239|-7.78239
144|-7.78239|-7.78239
145|-7.78239|-7.78239
146|-7.78239|-7.78239
147|-7.78239|-7.78239
148|-7.78239|-7.78239
149|-7.78239|-7.78239
150|-7.78239|-7.78239
151|-7.78239|-7.78239
152|-7.78239|-7.78239
153|-7.78239|-7.78239
154|-7.78239|-7.78239
155|-7.78239|-7.78239
156|-7.78239|-7.78239
157|-7.78239|-7.78239
158|-7.78239|-7.78239
159|-7.78239|-7.78239
160|-7.78239|-7.78239
161|-7.78239|-7.78239
162|-7.78239|-7.78239
163|-7.78239|-7.78239
164|-7.78239|-7.78239
165|-7.78239|-7.78239
166|-7.78239|-7.78239
167|-7.78239|-7.78239
168|-7.78239|-7.78239
169|-7.78239|-7.78239
170|-7.78239|-7.78239
171|-7.78239|-7.78239
172|-7.78239|-7.78239
173|-7.78239|-7.78239
174|-7.78239|-7.78239
175|-7.78239|-7.78239
176|-7.78239|-7.78239
177|-7.78239|-7.78239
178|-7.78239|-7.78239
179|-7.78239|-7.78239
180|-7.78239|-7.78239
181|-7.78239|-7.78239
182|-7.78239|-7.78239
183|-7.78239|-7.78239
184|-7.78239|-7.78239
185|-7.78239|-7.78239
186|-7.78239|-7.78239
187|-7.78239|-7.78239
188|-7.78239|-7.78239
189|-7.78239|-7.78239
190|-7.78239|-7.78239
191|-7.78239|-7.78239
192|-7.78239|-7.78239
193|-7.78239|-7.78239
194|-7.78239|-7.78239
195|-7.78239|-7.78239
196|-7.78239|-7.78239
197|-7.78239|-7.78239
198|-7.78239|-7.78239
199|-7.78239|-7.78239
200|-7.78239|-7.78239
201|-7.78239|-7.78239
202|-7.78239|-7.78239
203|-7.78239|-7.78239
204|-7.78239|-7.78239
205|-7.78239|-7.78239
206|-7.78239|-7.78239
207|-7.78239|-7.78239
208|-7.78239|-7.78239
209|-7.78239|-7.78239
210|-7.78239|-7.78239
211|-7.78239|-7.78239
212|-7.78239|-7.78239
213|-7.78239|-7.78239
EARLY STOP: TARGET FOUND
293030ms
