1|-474.135|-474.135
2|-944.543|-944.543
3|-1386.92|-1386.92
4|-1744.16|-1744.16
5|-1898.67|-1898.67
6|-1911.85|-1911.85
7|-1918.04|-1918.04
8|-1921.79|-1921.79
9|-1923.88|-1923.88
10|-1925.53|-1925.53
11|-1926.55|-1926.55
12|-1927.47|-1927.47
13|-1927.98|-1927.98
14|-1928.44|-1928.44
15|-1928.88|-1928.88
16|-1929.13|-1929.13
17|-1929.27|-1929.27
18|-1929.38|-1929.38
19|-1929.45|-1929.45
20|-1929.51|-1929.51
21|-1929.53|-1929.53
22|-1929.55|-1929.55
23|-1929.55|-1929.55
24|-1929.55|-1929.55
25|-1929.55|-1929.55
26|-1929.56|-1929.56
27|-1929.56|-1929.56
28|-1929.56|-1929.56
29|-1929.56|-1929.56
30|-1929.56|-1929.56
31|-1929.56|-1929.56
32|-1929.56|-1929.56
33|-1929.56|-1929.56
34|-1929.56|-1929.56
35|-1929.56|-1929.56
36|-1929.56|-1929.56
37|-1929.56|-1929.56
38|-1929.56|-1929.56
39|-1929.56|-1929.56
40|-1929.56|-1929.56
41|-1929.56|-1929.56
42|-1929.56|-1929.56
43|-1929.56|-1929.56
44|-1929.56|-1929.56
45|-1929.56|-1929.56
46|-1929.56|-1929.56
47|-1929.56|-1929.56
48|-1929.56|-1929.56
49|-1929.56|-1929.56
50|-1929.56|-1929.56
51|-1929.56|-1929.56
52|-1929.56|-1929.56
53|-1929.56|-1929.56
54|-1929.56|-1929.56
55|-1929.56|-1929.56
56|-1929.56|-1929.56
57|-1929.56|-1929.56
58|-1929.56|-1929.56
59|-1929.56|-1929.56
60|-1929.56|-1929.56
61|-1929.56|-1929.56
62|-1929.56|-1929.56
63|-1929.56|-1929.56
64|-1929.56|-1929.56
65|-1929.56|-1929.56
66|-1929.56|-1929.56
67|-1929.56|-1929.56
68|-1929.56|-1929.56
69|-1929.56|-1929.56
70|-1929.56|-1929.56
71|-1929.56|-1929.56
72|-1929.56|-1929.56
73|-1929.56|-1929.56
74|-1929.56|-1929.56
75|-1929.56|-1929.56
76|-1929.56|-1929.56
77|-1929.56|-1929.56
78|-1929.56|-1929.56
79|-1929.56|-1929.56
80|-1929.56|-1929.56
81|-1929.56|-1929.56
82|-1929.56|-1929.56
83|-1929.56|-1929.56
84|-1929.56|-1929.56
85|-1929.56|-1929.56
86|-1929.56|-1929.56
87|-1929.56|-1929.56
88|-1929.56|-1929.56
89|-1929.56|-1929.56
90|-1929.56|-1929.56
91|-1929.56|-1929.56
92|-1929.56|-1929.56
93|-1929.56|-1929.56
94|-1929.56|-1929.56
95|-1929.56|-1929.56
96|-1929.56|-1929.56
97|-1929.56|-1929.56
98|-1929.56|-1929.56
99|-1929.56|-1929.56
100|-1929.56|-1929.56
101|-1929.56|-1929.56
102|-1929.56|-1929.56
103|-1929.56|-1929.56
104|-1929.56|-1929.56
105|-1929.56|-1929.56
106|-1929.56|-1929.56
107|-1929.56|-1929.56
108|-1929.56|-1929.56
109|-1929.56|-1929.56
110|-1929.56|-1929.56
111|-1929.56|-1929.56
112|-1929.56|-1929.56
113|-1929.56|-1929.56
114|-1929.56|-1929.56
115|-1929.56|-1929.56
116|-1929.56|-1929.56
117|-1929.56|-1929.56
118|-1929.56|-1929.56
119|-1929.56|-1929.56
120|-1929.56|-1929.56
121|-1929.56|-1929.56
122|-1929.56|-1929.56
123|-1929.56|-1929.56
124|-1929.56|-1929.56
125|-1929.56|-1929.56
126|-1929.56|-1929.56
127|-1929.56|-1929.56
128|-1929.56|-1929.56
129|-1929.56|-1929.56
130|-1929.56|-1929.56
131|-1929.56|-1929.56
132|-1929.56|-1929.56
133|-1929.56|-1929.56
134|-1929.56|-1929.56
135|-1929.56|-1929.56
136|-1929.56|-1929.56
137|-1929.56|-1929.56
138|-1929.56|-1929.56
139|-1929.56|-1929.56
140|-1929.56|-1929.56
141|-1929.56|-1929.56
142|-1929.56|-1929.56
143|-1929.56|-1929.56
144|-1929.56|-1929.56
145|-1929.56|-1929.56
146|-1929.56|-1929.56
147|-1929.56|-1929.56
148|-1929.56|-1929.56
149|-1929.56|-1929.56
150|-1929.56|-1929.56
151|-1929.56|-1929.56
152|-1929.56|-1929.56
153|-1929.56|-1929.56
154|-1929.56|-1929.56
155|-1929.56|-1929.56
156|-1929.56|-1929.56
157|-1929.56|-1929.56
158|-1929.56|-1929.56
159|-1929.56|-1929.56
160|-1929.56|-1929.56
161|-1929.56|-1929.56
162|-1929.56|-1929.56
163|-1929.56|-1929.56
164|-1929.56|-1929.56
165|-1929.56|-1929.56
166|-1929.56|-1929.56
167|-1929.56|-1929.56
168|-1929.56|-1929.56
169|-1929.56|-1929.56
170|-1929.56|-1929.56
171|-1929.56|-1929.56
172|-1929.56|-1929.56
173|-1929.56|-1929.56
174|-1929.56|-1929.56
175|-1929.56|-1929.56
176|-1929.56|-1929.56
177|-1929.56|-1929.56
178|-1929.56|-1929.56
179|-1929.56|-1929.56
180|-1929.56|-1929.56
EARLY STOP: TARGET FOUND
100971ms
