1|149.504|149.504
2|124.299|124.299
3|102.526|102.526
4|91.8876|91.8876
5|83.2202|83.2202
6|74.6461|74.6461
7|66.2366|66.2366
8|58.7115|58.7115
9|51.8712|51.8712
10|45.0989|45.0989
11|40.2248|40.2248
12|35.8855|35.8855
13|32.0929|32.0929
14|28.3381|28.3381
15|26.6564|26.6564
16|25.033|25.033
17|23.8307|23.8307
18|22.6549|22.6549
19|21.7825|21.7825
20|21.1179|21.1179
21|20.6807|20.6807
22|20.2934|20.2934
23|19.9206|19.9206
24|19.6379|19.6379
25|19.4044|19.4044
26|19.2457|19.2457
27|19.1581|19.1581
28|19.1203|19.1203
29|19.0844|19.0844
30|19.0507|19.0507
31|19.0204|19.0204
32|18.9915|18.9915
33|18.9734|18.9734
34|18.9558|18.9558
35|18.9427|18.9427
36|18.9322|18.9322
37|18.9235|18.9235
38|18.9148|18.9148
39|18.9065|18.9065
40|18.9008|18.9008
41|18.8952|18.8952
42|18.8909|18.8909
43|18.8865|18.8865
44|18.8822|18.8822
45|18.8796|18.8796
46|18.877|18.877
47|18.8749|18.8749
48|18.8727|18.8727
49|18.8711|18.8711
50|18.8696|18.8696
51|18.8682|18.8682
52|18.8671|18.8671
53|18.8661|18.8661
54|18.865|18.865
55|18.8645|18.8645
56|18.8639|18.8639
57|18.8634|18.8634
58|18.8629|18.8629
59|18.8626|18.8626
60|18.8623|18.8623
61|18.8622|18.8622
62|18.862|18.862
63|18.8619|18.8619
64|18.8618|18.8618
65|18.8618|18.8618
66|18.8617|18.8617
67|18.8617|18.8617
68|18.8617|18.8617
69|18.8617|18.8617
70|18.8617|18.8617
71|18.8617|18.8617
72|18.8617|18.8617
73|18.8617|18.8617
74|18.8617|18.8617
75|18.8617|18.8617
76|18.8617|18.8617
77|18.8617|18.8617
78|18.8617|18.8617
79|18.8617|18.8617
80|18.8617|18.8617
81|18.8617|18.8617
82|18.8617|18.8617
83|18.8617|18.8617
84|18.8617|18.8617
85|18.8617|18.8617
86|18.8617|18.8617
87|18.8617|18.8617
88|18.8617|18.8617
89|18.8617|18.8617
90|18.8617|18.8617
91|18.8617|18.8617
92|18.8617|18.8617
93|18.8617|18.8617
94|18.8617|18.8617
95|18.8617|18.8617
96|18.8617|18.8617
97|18.8617|18.8617
98|18.8617|18.8617
99|18.8617|18.8617
100|18.8617|18.8617
101|18.8617|18.8617
102|18.8617|18.8617
103|18.8617|18.8617
104|18.8617|18.8617
105|18.8617|18.8617
106|18.8617|18.8617
107|18.8617|18.8617
108|18.8617|18.8617
109|18.8617|18.8617
110|18.8617|18.8617
111|18.8617|18.8617
112|18.8617|18.8617
113|18.8617|18.8617
114|18.8617|18.8617
115|18.8617|18.8617
116|18.8617|18.8617
117|18.8617|18.8617
118|18.8617|18.8617
119|18.8617|18.8617
120|18.8617|18.8617
121|18.8617|18.8617
122|18.8617|18.8617
123|18.8617|18.8617
124|18.8617|18.8617
125|18.8617|18.8617
126|18.8617|18.8617
127|18.8617|18.8617
128|18.8617|18.8617
129|18.8617|18.8617
130|18.8617|18.8617
131|18.8617|18.8617
132|18.8617|18.8617
133|18.8617|18.8617
134|18.8617|18.8617
135|18.8617|18.8617
136|18.8617|18.8617
137|18.8617|18.8617
138|18.8617|18.8617
139|18.8617|18.8617
140|18.8617|18.8617
141|18.8617|18.8617
142|18.8617|18.8617
143|18.8617|18.8617
144|18.8617|18.8617
145|18.8617|18.8617
146|18.8617|18.8617
147|18.8617|18.8617
148|18.8617|18.8617
149|18.8617|18.8617
150|18.8617|18.8617
151|18.8617|18.8617
152|18.8617|18.8617
153|18.8617|18.8617
154|18.8617|18.8617
155|18.8617|18.8617
156|18.8617|18.8617
157|18.8617|18.8617
158|18.8617|18.8617
159|18.8617|18.8617
160|18.8617|18.8617
161|18.8617|18.8617
162|18.8617|18.8617
163|18.8617|18.8617
164|18.8617|18.8617
165|18.8617|18.8617
166|18.8617|18.8617
167|18.8617|18.8617
168|18.8617|18.8617
169|18.8617|18.8617
170|18.8617|18.8617
171|18.8617|18.8617
172|18.8617|18.8617
173|18.8617|18.8617
174|18.8617|18.8617
175|18.8617|18.8617
176|18.8617|18.8617
177|18.8617|18.8617
178|18.8617|18.8617
179|18.8617|18.8617
180|18.8617|18.8617
181|18.8617|18.8617
182|18.8617|18.8617
183|18.8617|18.8617
184|18.8617|18.8617
185|18.8617|18.8617
186|18.8617|18.8617
187|18.8617|18.8617
188|18.8617|18.8617
189|18.8617|18.8617
190|18.8617|18.8617
191|18.8617|18.8617
192|18.8617|18.8617
193|18.8617|18.8617
194|18.8617|18.8617
195|18.8617|18.8617
196|18.8617|18.8617
197|18.8617|18.8617
198|18.8617|18.8617
199|18.8617|18.8617
200|18.8617|18.8617
201|18.8617|18.8617
202|18.8617|18.8617
203|18.8617|18.8617
204|18.8617|18.8617
205|18.8617|18.8617
206|18.8617|18.8617
207|18.8617|18.8617
208|18.8617|18.8617
209|18.8617|18.8617
210|18.8617|18.8617
211|18.8617|18.8617
212|18.8617|18.8617
213|18.8617|18.8617
214|18.8617|18.8617
215|18.8617|18.8617
216|18.8617|18.8617
217|18.8617|18.8617
218|18.8617|18.8617
219|18.8617|18.8617
220|18.8617|18.8617
EARLY STOP: TARGET FOUND
306147ms
