1|522.994|522.994
2|-10.7048|-10.7048
3|-533.561|-533.561
4|-973.971|-973.971
5|-1325.74|-1325.74
6|-1410.8|-1410.8
7|-1450.48|-1450.48
8|-1488.75|-1488.75
9|-1503.43|-1503.43
10|-1517.35|-1517.35
11|-1530.11|-1530.11
12|-1537.2|-1537.2
13|-1564.04|-1564.04
14|-1570.02|-1570.02
15|-1575.6|-1575.6
16|-1578.23|-1578.23
17|-1580.85|-1580.85
18|-1581.48|-1581.48
19|-1582.1|-1582.1
20|-1582.41|-1582.41
21|-1582.72|-1582.72
22|-1582.9|-1582.9
23|-1583.05|-1583.05
24|-1583.17|-1583.17
25|-1583.25|-1583.25
26|-1583.33|-1583.33
27|-1583.37|-1583.37
28|-1583.39|-1583.39
29|-1583.39|-1583.39
30|-1583.4|-1583.4
31|-1583.4|-1583.4
32|-1583.41|-1583.41
33|-1583.41|-1583.41
34|-1583.41|-1583.41
35|-1583.41|-1583.41
36|-1583.41|-1583.41
37|-1583.41|-1583.41
38|-1583.41|-1583.41
39|-1583.41|-1583.41
40|-1583.41|-1583.41
41|-1583.41|-1583.41
42|-1583.41|-1583.41
43|-1583.41|-1583.41
44|-1583.41|-1583.41
45|-1583.41|-1583.41
46|-1583.41|-1583.41
47|-1583.41|-1583.41
48|-1583.41|-1583.41
49|-1583.41|-1583.41
50|-1583.41|-1583.41
51|-1583.41|-1583.41
52|-1583.41|-1583.41
53|-1583.41|-1583.41
54|-1583.41|-1583.41
55|-1583.41|-1583.41
56|-1583.41|-1583.41
57|-1583.41|-1583.41
58|-1583.41|-1583.41
59|-1583.41|-1583.41
60|-1583.41|-1583.41
61|-1583.41|-1583.41
62|-1583.41|-1583.41
63|-1583.41|-1583.41
64|-1583.41|-1583.41
65|-1583.41|-1583.41
66|-1583.41|-1583.41
67|-1583.41|-1583.41
68|-1583.41|-1583.41
69|-1583.41|-1583.41
70|-1583.41|-1583.41
71|-1583.41|-1583.41
72|-1583.41|-1583.41
73|-1583.41|-1583.41
74|-1583.41|-1583.41
75|-1583.41|-1583.41
76|-1583.41|-1583.41
77|-1583.41|-1583.41
78|-1583.41|-1583.41
79|-1583.41|-1583.41
80|-1583.41|-1583.41
81|-1583.41|-1583.41
82|-1583.41|-1583.41
83|-1583.41|-1583.41
84|-1583.41|-1583.41
85|-1583.41|-1583.41
86|-1583.41|-1583.41
87|-1583.41|-1583.41
88|-1583.41|-1583.41
89|-1583.41|-1583.41
90|-1583.41|-1583.41
91|-1583.41|-1583.41
92|-1583.41|-1583.41
93|-1583.41|-1583.41
94|-1583.41|-1583.41
95|-1583.41|-1583.41
96|-1583.41|-1583.41
97|-1583.41|-1583.41
98|-1583.41|-1583.41
99|-1583.41|-1583.41
100|-1583.41|-1583.41
101|-1583.41|-1583.41
102|-1583.41|-1583.41
103|-1583.41|-1583.41
104|-1583.41|-1583.41
105|-1583.41|-1583.41
106|-1583.41|-1583.41
107|-1583.41|-1583.41
108|-1583.41|-1583.41
109|-1583.41|-1583.41
110|-1583.41|-1583.41
111|-1583.41|-1583.41
112|-1583.41|-1583.41
113|-1583.41|-1583.41
114|-1583.41|-1583.41
115|-1583.41|-1583.41
116|-1583.41|-1583.41
117|-1583.41|-1583.41
118|-1583.41|-1583.41
119|-1583.41|-1583.41
120|-1583.41|-1583.41
121|-1583.41|-1583.41
122|-1583.41|-1583.41
123|-1583.41|-1583.41
124|-1583.41|-1583.41
125|-1583.41|-1583.41
126|-1583.41|-1583.41
127|-1583.41|-1583.41
128|-1583.41|-1583.41
129|-1583.41|-1583.41
130|-1583.41|-1583.41
131|-1583.41|-1583.41
132|-1583.41|-1583.41
133|-1583.41|-1583.41
134|-1583.41|-1583.41
135|-1583.41|-1583.41
136|-1583.41|-1583.41
137|-1583.41|-1583.41
138|-1583.41|-1583.41
139|-1583.41|-1583.41
140|-1583.41|-1583.41
141|-1583.41|-1583.41
142|-1583.41|-1583.41
143|-1583.41|-1583.41
144|-1583.41|-1583.41
145|-1583.41|-1583.41
146|-1583.41|-1583.41
147|-1583.41|-1583.41
148|-1583.41|-1583.41
149|-1583.41|-1583.41
150|-1583.41|-1583.41
151|-1583.41|-1583.41
152|-1583.41|-1583.41
153|-1583.41|-1583.41
154|-1583.41|-1583.41
155|-1583.41|-1583.41
156|-1583.41|-1583.41
157|-1583.41|-1583.41
158|-1583.41|-1583.41
159|-1583.41|-1583.41
160|-1583.41|-1583.41
161|-1583.41|-1583.41
162|-1583.41|-1583.41
163|-1583.41|-1583.41
164|-1583.41|-1583.41
165|-1583.41|-1583.41
166|-1583.41|-1583.41
167|-1583.41|-1583.41
168|-1583.41|-1583.41
169|-1583.41|-1583.41
170|-1583.41|-1583.41
171|-1583.41|-1583.41
172|-1583.41|-1583.41
173|-1583.41|-1583.41
174|-1583.41|-1583.41
175|-1583.41|-1583.41
176|-1583.41|-1583.41
177|-1583.41|-1583.41
178|-1583.41|-1583.41
179|-1583.41|-1583.41
180|-1583.41|-1583.41
181|-1583.41|-1583.41
182|-1583.41|-1583.41
183|-1583.41|-1583.41
184|-1583.41|-1583.41
185|-1583.41|-1583.41
186|-1583.41|-1583.41
187|-1583.41|-1583.41
188|-1583.41|-1583.41
189|-1583.41|-1583.41
190|-1583.41|-1583.41
191|-1583.41|-1583.41
192|-1583.41|-1583.41
193|-1583.41|-1583.41
194|-1583.41|-1583.41
EARLY STOP: TARGET FOUND
108246ms
