1|515.108|515.108
2|483.925|483.925
3|453.099|453.099
4|422.465|422.465
5|397.008|397.008
6|371.863|371.863
7|348.669|348.669
8|329.378|329.378
9|310.237|310.237
10|292.865|292.865
11|277.271|277.271
12|261.899|261.899
13|247.18|247.18
14|233.194|233.194
15|219.349|219.349
16|206.27|206.27
17|193.254|193.254
18|181.149|181.149
19|169.844|169.844
20|160.753|160.753
21|152.841|152.841
22|145.753|145.753
23|139.545|139.545
24|127.507|127.507
25|121.956|121.956
26|116.689|116.689
27|112.897|112.897
28|109.357|109.357
29|106.146|106.146
30|103.778|103.778
31|101.453|101.453
32|99.3264|99.3264
33|97.4404|97.4404
34|95.6379|95.6379
35|93.9892|93.9892
36|92.3762|92.3762
37|90.8064|90.8064
38|89.271|89.271
39|87.7848|87.7848
40|86.6593|86.6593
41|85.5451|85.5451
42|84.7026|84.7026
43|84.018|84.018
44|83.3729|83.3729
45|82.7431|82.7431
46|82.1388|82.1388
47|81.5398|81.5398
48|80.9756|80.9756
49|80.496|80.496
50|80.019|80.019
51|79.6609|79.6609
52|79.3544|79.3544
53|79.0609|79.0609
54|78.7683|78.7683
55|78.5767|78.5767
56|78.3881|78.3881
57|78.2|78.2
58|78.0168|78.0168
59|77.8523|77.8523
60|77.6987|77.6987
61|77.5581|77.5581
62|77.4176|77.4176
63|77.282|77.282
64|77.1585|77.1585
65|77.067|77.067
66|76.9798|76.9798
67|76.8981|76.8981
68|76.8179|76.8179
69|76.738|76.738
70|76.6606|76.6606
71|76.5915|76.5915
72|76.5234|76.5234
73|76.4556|76.4556
74|76.4183|76.4183
75|76.3811|76.3811
76|76.3446|76.3446
77|76.3082|76.3082
78|76.2723|76.2723
79|76.2365|76.2365
80|76.202|76.202
81|76.1682|76.1682
82|76.1344|76.1344
83|76.1007|76.1007
84|76.0713|76.0713
85|76.0451|76.0451
86|76.0254|76.0254
87|76.0066|76.0066
88|75.9887|75.9887
89|75.971|75.971
90|75.9532|75.9532
91|75.9365|75.9365
92|75.9199|75.9199
93|75.9032|75.9032
94|75.8865|75.8865
95|75.8698|75.8698
96|75.8532|75.8532
97|75.8377|75.8377
98|75.8241|75.8241
99|75.8127|75.8127
100|75.804|75.804
101|75.7952|75.7952
102|75.7865|75.7865
103|75.7778|75.7778
104|75.7691|75.7691
105|75.7605|75.7605
106|75.7522|75.7522
107|75.7439|75.7439
108|75.7356|75.7356
109|75.7273|75.7273
110|75.7191|75.7191
111|75.7108|75.7108
112|75.7027|75.7027
113|75.6966|75.6966
114|75.6906|75.6906
115|75.6738|75.6738
116|75.6679|75.6679
117|75.6621|75.6621
118|75.6578|75.6578
119|75.6535|75.6535
120|75.6492|75.6492
121|75.6448|75.6448
122|75.6405|75.6405
123|75.6364|75.6364
124|75.6322|75.6322
125|75.6281|75.6281
126|75.6247|75.6247
127|75.6215|75.6215
128|75.6184|75.6184
129|75.6153|75.6153
130|75.6126|75.6126
131|75.6099|75.6099
132|75.6073|75.6073
133|75.6047|75.6047
134|75.6026|75.6026
135|75.6004|75.6004
136|75.5983|75.5983
137|75.5961|75.5961
138|75.594|75.594
139|75.592|75.592
140|75.5899|75.5899
141|75.5885|75.5885
142|75.5871|75.5871
143|75.5857|75.5857
144|75.5844|75.5844
145|75.5832|75.5832
146|75.5821|75.5821
147|75.581|75.581
148|75.58|75.58
149|75.5789|75.5789
150|75.5778|75.5778
151|75.5768|75.5768
152|75.5758|75.5758
153|75.5748|75.5748
154|75.5737|75.5737
155|75.5731|75.5731
156|75.5724|75.5724
157|75.5718|75.5718
158|75.5712|75.5712
159|75.5707|75.5707
160|75.5701|75.5701
161|75.5696|75.5696
162|75.5691|75.5691
163|75.5685|75.5685
164|75.568|75.568
165|75.5675|75.5675
166|75.567|75.567
167|75.5667|75.5667
168|75.5664|75.5664
169|75.5661|75.5661
170|75.5657|75.5657
171|75.5654|75.5654
172|75.5652|75.5652
173|75.5649|75.5649
174|75.5647|75.5647
175|75.5644|75.5644
176|75.5641|75.5641
177|75.5639|75.5639
178|75.5637|75.5637
179|75.5635|75.5635
180|75.5634|75.5634
181|75.5632|75.5632
182|75.5631|75.5631
183|75.5629|75.5629
184|75.5628|75.5628
185|75.5627|75.5627
186|75.5625|75.5625
187|75.5624|75.5624
188|75.5623|75.5623
189|75.5622|75.5622
190|75.5621|75.5621
191|75.562|75.562
192|75.562|75.562
193|75.5619|75.5619
194|75.5618|75.5618
195|75.5617|75.5617
196|75.5617|75.5617
197|75.5616|75.5616
198|75.5616|75.5616
199|75.5616|75.5616
200|75.5615|75.5615
201|75.5615|75.5615
202|75.5615|75.5615
203|75.5614|75.5614
204|75.5614|75.5614
205|75.5614|75.5614
206|75.5614|75.5614
207|75.5614|75.5614
208|75.5613|75.5613
209|75.5613|75.5613
210|75.5613|75.5613
211|75.5613|75.5613
212|75.5613|75.5613
213|75.5613|75.5613
214|75.5613|75.5613
215|75.5613|75.5613
216|75.5613|75.5613
217|75.5613|75.5613
218|75.5613|75.5613
219|75.5613|75.5613
220|75.5613|75.5613
221|75.5613|75.5613
222|75.5613|75.5613
223|75.5613|75.5613
224|75.5613|75.5613
225|75.5613|75.5613
226|75.5613|75.5613
227|75.5613|75.5613
228|75.5613|75.5613
229|75.5613|75.5613
230|75.5613|75.5613
231|75.5613|75.5613
232|75.5613|75.5613
233|75.5613|75.5613
234|75.5613|75.5613
235|75.5613|75.5613
236|75.5613|75.5613
237|75.5613|75.5613
238|75.5613|75.5613
239|75.5613|75.5613
240|75.5613|75.5613
241|75.5613|75.5613
242|75.5613|75.5613
243|75.5613|75.5613
244|75.5613|75.5613
245|75.5613|75.5613
246|75.5613|75.5613
247|75.5613|75.5613
248|75.5613|75.5613
249|75.5613|75.5613
250|75.5613|75.5613
251|75.5613|75.5613
252|75.5613|75.5613
253|75.5613|75.5613
254|75.5613|75.5613
255|75.5613|75.5613
256|75.5613|75.5613
257|75.5613|75.5613
258|75.5613|75.5613
259|75.5613|75.5613
260|75.5613|75.5613
261|75.5613|75.5613
262|75.5613|75.5613
263|75.5613|75.5613
264|75.5613|75.5613
265|75.5613|75.5613
266|75.5613|75.5613
267|75.5613|75.5613
268|75.5613|75.5613
269|75.5613|75.5613
270|75.5613|75.5613
271|75.5613|75.5613
272|75.5613|75.5613
273|75.5613|75.5613
274|75.5613|75.5613
275|75.5613|75.5613
276|75.5613|75.5613
277|75.5613|75.5613
278|75.5613|75.5613
279|75.5613|75.5613
280|75.5613|75.5613
281|75.5613|75.5613
282|75.5613|75.5613
283|75.5613|75.5613
284|75.5613|75.5613
285|75.5613|75.5613
286|75.5613|75.5613
287|75.5613|75.5613
288|75.5613|75.5613
289|75.5613|75.5613
290|75.5613|75.5613
291|75.5613|75.5613
292|75.5613|75.5613
293|75.5613|75.5613
294|75.5613|75.5613
295|75.5613|75.5613
296|75.5613|75.5613
297|75.5613|75.5613
298|75.5613|75.5613
299|75.5613|75.5613
300|75.5613|75.5613
301|75.5613|75.5613
302|75.5613|75.5613
303|75.5613|75.5613
304|75.5613|75.5613
305|75.5613|75.5613
306|75.5613|75.5613
307|75.5613|75.5613
308|75.5613|75.5613
309|75.5613|75.5613
310|75.5613|75.5613
311|75.5613|75.5613
312|75.5613|75.5613
313|75.5613|75.5613
314|75.5613|75.5613
315|75.5613|75.5613
316|75.5613|75.5613
317|75.5613|75.5613
318|75.5613|75.5613
319|75.5613|75.5613
320|75.5613|75.5613
321|75.5613|75.5613
322|75.5613|75.5613
323|75.5613|75.5613
324|75.5613|75.5613
325|75.5613|75.5613
326|75.5613|75.5613
327|75.5613|75.5613
328|75.5613|75.5613
329|75.5613|75.5613
330|75.5613|75.5613
331|75.5613|75.5613
332|75.5613|75.5613
333|75.5613|75.5613
334|75.5613|75.5613
335|75.5613|75.5613
336|75.5613|75.5613
337|75.5613|75.5613
338|75.5613|75.5613
339|75.5613|75.5613
340|75.5613|75.5613
341|75.5613|75.5613
342|75.5613|75.5613
343|75.5613|75.5613
344|75.5613|75.5613
345|75.5613|75.5613
346|75.5613|75.5613
347|75.5613|75.5613
348|75.5613|75.5613
349|75.5613|75.5613
350|75.5613|75.5613
351|75.5613|75.5613
352|75.5613|75.5613
353|75.5613|75.5613
354|75.5613|75.5613
355|75.5613|75.5613
356|75.5613|75.5613
357|75.5613|75.5613
358|75.5613|75.5613
EARLY STOP: TARGET FOUND
4438914ms
