1|-5.85642|-5.85642
2|-6.69921|-6.69921
3|-7.51034|-7.51034
4|-8.28691|-8.28691
5|-9.04729|-9.04729
6|-9.77026|-9.77026
7|-10.473|-10.473
8|-11.1582|-11.1582
9|-11.8059|-11.8059
10|-12.4226|-12.4226
11|-12.9834|-12.9834
12|-13.4963|-13.4963
13|-13.9993|-13.9993
14|-14.47|-14.47
15|-14.9206|-14.9206
16|-15.3186|-15.3186
17|-15.7148|-15.7148
18|-16.0983|-16.0983
19|-16.47|-16.47
20|-16.9733|-16.9733
21|-17.3322|-17.3322
22|-17.681|-17.681
23|-18.0226|-18.0226
24|-18.3523|-18.3523
25|-18.621|-18.621
26|-18.8766|-18.8766
27|-19.0907|-19.0907
28|-19.2907|-19.2907
29|-19.4853|-19.4853
30|-20.113|-20.113
31|-20.3035|-20.3035
32|-20.8897|-20.8897
33|-21.0257|-21.0257
34|-21.1611|-21.1611
35|-21.7274|-21.7274
36|-21.8563|-21.8563
37|-21.9811|-21.9811
38|-22.0925|-22.0925
39|-22.2018|-22.2018
40|-22.2957|-22.2957
41|-22.3877|-22.3877
42|-22.4717|-22.4717
43|-22.5532|-22.5532
44|-22.6274|-22.6274
45|-22.6947|-22.6947
46|-22.7471|-22.7471
47|-23.2753|-23.2753
48|-23.6762|-23.6762
49|-23.7282|-23.7282
50|-23.828|-23.828
51|-23.8768|-23.8768
52|-23.9109|-23.9109
53|-23.9358|-23.9358
54|-23.9602|-23.9602
55|-23.9846|-23.9846
56|-24.0087|-24.0087
57|-24.0302|-24.0302
58|-24.05|-24.05
59|-24.0676|-24.0676
60|-24.447|-24.447
61|-24.4868|-24.4868
62|-24.5043|-24.5043
63|-24.5203|-24.5203
64|-24.5349|-24.5349
65|-24.5482|-24.5482
66|-24.5613|-24.5613
67|-24.5715|-24.5715
68|-24.5812|-24.5812
69|-25.0717|-25.0717
70|-25.3018|-25.3018
71|-25.4029|-25.4029
72|-25.4458|-25.4458
73|-25.4556|-25.4556
74|-25.4653|-25.4653
75|-25.4746|-25.4746
76|-25.4816|-25.4816
77|-25.4909|-25.4909
78|-25.4977|-25.4977
79|-25.5043|-25.5043
80|-25.5102|-25.5102
81|-25.5154|-25.5154
82|-25.5205|-25.5205
83|-25.5254|-25.5254
84|-25.5302|-25.5302
85|-25.5346|-25.5346
86|-25.5387|-25.5387
87|-25.5427|-25.5427
88|-25.5459|-25.5459
89|-25.549|-25.549
90|-25.5518|-25.5518
91|-25.5545|-25.5545
92|-25.5571|-25.5571
93|-25.5595|-25.5595
94|-25.5619|-25.5619
95|-25.564|-25.564
96|-25.5661|-25.5661
97|-25.5678|-25.5678
98|-25.5692|-25.5692
99|-25.5704|-25.5704
100|-25.5716|-25.5716
101|-25.5727|-25.5727
102|-25.5737|-25.5737
103|-25.5746|-25.5746
104|-25.5754|-25.5754
105|-25.5761|-25.5761
106|-25.5768|-25.5768
107|-25.5775|-25.5775
108|-25.5781|-25.5781
109|-25.5787|-25.5787
110|-25.5792|-25.5792
111|-25.5798|-25.5798
112|-25.5803|-25.5803
113|-25.5807|-25.5807
114|-25.5811|-25.5811
115|-25.5815|-25.5815
116|-25.5818|-25.5818
117|-25.5822|-25.5822
118|-25.5825|-25.5825
119|-25.5828|-25.5828
120|-25.5831|-25.5831
121|-25.5833|-25.5833
122|-25.5836|-25.5836
123|-25.5838|-25.5838
124|-25.584|-25.584
125|-25.5842|-25.5842
126|-25.5844|-25.5844
127|-25.5845|-25.5845
128|-25.5847|-25.5847
129|-25.5848|-25.5848
130|-25.5849|-25.5849
131|-25.5851|-25.5851
132|-25.5852|-25.5852
133|-25.5853|-25.5853
134|-25.5853|-25.5853
135|-25.5854|-25.5854
136|-25.5855|-25.5855
137|-25.5855|-25.5855
138|-25.5856|-25.5856
139|-25.5856|-25.5856
140|-25.5857|-25.5857
141|-25.5857|-25.5857
142|-25.5858|-25.5858
143|-25.5858|-25.5858
144|-25.5859|-25.5859
145|-25.5859|-25.5859
146|-25.5859|-25.5859
147|-25.586|-25.586
148|-25.586|-25.586
149|-25.586|-25.586
150|-25.586|-25.586
151|-25.586|-25.586
152|-25.5861|-25.5861
153|-25.5861|-25.5861
154|-25.5861|-25.5861
155|-25.5861|-25.5861
156|-25.5861|-25.5861
157|-25.5861|-25.5861
158|-25.5861|-25.5861
159|-25.5861|-25.5861
160|-25.5861|-25.5861
161|-25.5861|-25.5861
162|-25.5861|-25.5861
163|-25.5861|-25.5861
164|-25.5861|-25.5861
165|-25.5861|-25.5861
166|-25.5861|-25.5861
167|-25.5861|-25.5861
168|-25.5861|-25.5861
169|-25.5861|-25.5861
170|-25.5861|-25.5861
171|-25.5861|-25.5861
172|-25.5861|-25.5861
173|-25.5861|-25.5861
174|-25.5861|-25.5861
175|-25.5861|-25.5861
176|-25.5861|-25.5861
177|-25.5861|-25.5861
178|-25.5861|-25.5861
179|-25.5861|-25.5861
180|-25.5861|-25.5861
181|-25.5861|-25.5861
182|-25.5861|-25.5861
183|-25.5861|-25.5861
184|-25.5861|-25.5861
185|-25.5861|-25.5861
186|-25.5861|-25.5861
187|-25.5861|-25.5861
188|-25.5861|-25.5861
189|-25.5861|-25.5861
190|-25.5861|-25.5861
191|-25.5861|-25.5861
192|-25.5861|-25.5861
193|-25.5861|-25.5861
194|-25.5861|-25.5861
195|-25.5861|-25.5861
196|-25.5861|-25.5861
197|-25.5861|-25.5861
198|-25.5861|-25.5861
199|-25.5861|-25.5861
200|-25.5861|-25.5861
201|-25.5861|-25.5861
202|-25.5861|-25.5861
203|-25.5861|-25.5861
204|-25.5861|-25.5861
205|-25.5861|-25.5861
206|-25.5861|-25.5861
207|-25.5861|-25.5861
208|-25.5861|-25.5861
209|-25.5861|-25.5861
210|-25.5861|-25.5861
211|-25.5861|-25.5861
212|-25.5861|-25.5861
213|-25.5861|-25.5861
214|-25.5861|-25.5861
215|-25.5861|-25.5861
216|-25.5861|-25.5861
217|-25.5861|-25.5861
218|-25.5861|-25.5861
219|-25.5861|-25.5861
220|-25.5861|-25.5861
221|-25.5861|-25.5861
222|-25.5861|-25.5861
223|-25.5861|-25.5861
224|-25.5861|-25.5861
225|-25.5861|-25.5861
226|-25.5861|-25.5861
227|-25.5861|-25.5861
228|-25.5861|-25.5861
229|-25.5861|-25.5861
230|-25.5861|-25.5861
231|-25.5861|-25.5861
232|-25.5861|-25.5861
233|-25.5861|-25.5861
234|-25.5861|-25.5861
235|-25.5861|-25.5861
236|-25.5861|-25.5861
237|-25.5861|-25.5861
238|-25.5861|-25.5861
239|-25.5861|-25.5861
240|-25.5861|-25.5861
241|-25.5861|-25.5861
242|-25.5861|-25.5861
243|-25.5861|-25.5861
244|-25.5861|-25.5861
245|-25.5861|-25.5861
246|-25.5861|-25.5861
247|-25.5861|-25.5861
248|-25.5861|-25.5861
249|-25.5861|-25.5861
250|-25.5861|-25.5861
251|-25.5861|-25.5861
252|-25.5861|-25.5861
253|-25.5861|-25.5861
254|-25.5861|-25.5861
255|-25.5861|-25.5861
256|-25.5861|-25.5861
257|-25.5861|-25.5861
258|-25.5861|-25.5861
259|-25.5861|-25.5861
260|-25.5861|-25.5861
261|-25.5861|-25.5861
262|-25.5861|-25.5861
263|-25.5861|-25.5861
264|-25.5861|-25.5861
265|-25.5861|-25.5861
266|-25.5861|-25.5861
267|-25.5861|-25.5861
268|-25.5861|-25.5861
269|-25.5861|-25.5861
270|-25.5861|-25.5861
271|-25.5861|-25.5861
272|-25.5861|-25.5861
273|-25.5861|-25.5861
274|-25.5861|-25.5861
275|-25.5861|-25.5861
276|-25.5861|-25.5861
277|-25.5861|-25.5861
278|-25.5861|-25.5861
279|-25.5861|-25.5861
280|-25.5861|-25.5861
281|-25.5861|-25.5861
282|-25.5861|-25.5861
283|-25.5861|-25.5861
284|-25.5861|-25.5861
285|-25.5861|-25.5861
286|-25.5861|-25.5861
287|-25.5861|-25.5861
288|-25.5861|-25.5861
289|-25.5861|-25.5861
290|-25.5861|-25.5861
291|-25.5861|-25.5861
292|-25.5861|-25.5861
293|-25.5861|-25.5861
294|-25.5861|-25.5861
295|-25.5861|-25.5861
296|-25.5861|-25.5861
297|-25.5861|-25.5861
298|-25.5861|-25.5861
299|-25.5861|-25.5861
300|-25.5861|-25.5861
301|-25.5861|-25.5861
302|-25.5861|-25.5861
303|-25.5861|-25.5861
304|-25.5861|-25.5861
305|-25.5861|-25.5861
306|-25.5861|-25.5861
307|-25.5861|-25.5861
308|-25.5861|-25.5861
309|-25.5861|-25.5861
310|-25.5861|-25.5861
311|-25.5861|-25.5861
312|-25.5861|-25.5861
313|-25.5861|-25.5861
314|-25.5861|-25.5861
EARLY STOP: TARGET FOUND
3636995ms
