1|-2.51872|-2.51872
2|-3.49134|-3.49134
3|-4.36741|-4.36741
4|-5.00295|-5.00295
5|-5.62116|-5.62116
6|-6.19772|-6.19772
7|-6.75613|-6.75613
8|-7.29365|-7.29365
9|-7.76727|-7.76727
10|-8.25107|-8.25107
11|-8.71053|-8.71053
12|-9.15365|-9.15365
13|-9.55613|-9.55613
14|-9.94616|-9.94616
15|-10.2566|-10.2566
16|-10.5662|-10.5662
17|-10.8486|-10.8486
18|-11.4977|-11.4977
19|-11.7578|-11.7578
20|-11.9832|-11.9832
21|-12.2023|-12.2023
22|-12.7343|-12.7343
23|-12.9454|-12.9454
24|-13.1407|-13.1407
25|-13.3354|-13.3354
26|-13.7411|-13.7411
27|-13.9173|-13.9173
28|-14.0872|-14.0872
29|-14.2517|-14.2517
30|-14.9333|-14.9333
31|-15.0789|-15.0789
32|-15.2178|-15.2178
33|-15.355|-15.355
34|-15.487|-15.487
35|-15.614|-15.614
36|-15.9422|-15.9422
37|-16.0643|-16.0643
38|-16.176|-16.176
39|-16.283|-16.283
40|-17.0316|-17.0316
41|-17.1328|-17.1328
42|-17.2238|-17.2238
43|-18.1042|-18.1042
44|-18.1952|-18.1952
45|-18.2853|-18.2853
46|-18.9657|-18.9657
47|-19.0274|-19.0274
48|-19.0872|-19.0872
49|-19.1458|-19.1458
50|-19.1914|-19.1914
51|-19.2388|-19.2388
52|-19.6961|-19.6961
53|-20.1188|-20.1188
54|-20.1627|-20.1627
55|-20.2048|-20.2048
56|-20.2428|-20.2428
57|-20.2974|-20.2974
58|-20.8891|-20.8891
59|-20.9195|-20.9195
60|-20.9498|-20.9498
61|-20.9782|-20.9782
62|-21.0058|-21.0058
63|-21.0306|-21.0306
64|-21.055|-21.055
65|-21.0786|-21.0786
66|-21.1019|-21.1019
67|-21.1238|-21.1238
68|-21.1455|-21.1455
69|-21.578|-21.578
70|-21.6946|-21.6946
71|-21.9153|-21.9153
72|-21.9352|-21.9352
73|-21.9537|-21.9537
74|-22.3658|-22.3658
75|-22.6083|-22.6083
76|-22.6257|-22.6257
77|-22.6407|-22.6407
78|-22.6535|-22.6535
79|-22.666|-22.666
80|-22.6779|-22.6779
81|-22.6889|-22.6889
82|-23.0936|-23.0936
83|-23.1017|-23.1017
84|-23.1075|-23.1075
85|-23.1133|-23.1133
86|-23.1191|-23.1191
87|-23.1248|-23.1248
88|-23.1292|-23.1292
89|-23.1334|-23.1334
90|-23.1372|-23.1372
91|-23.1401|-23.1401
92|-23.1429|-23.1429
93|-23.1456|-23.1456
94|-23.1482|-23.1482
95|-23.1507|-23.1507
96|-23.1531|-23.1531
97|-23.1547|-23.1547
98|-23.1562|-23.1562
99|-23.1577|-23.1577
100|-23.1591|-23.1591
101|-23.1606|-23.1606
102|-23.162|-23.162
103|-23.1631|-23.1631
104|-23.1643|-23.1643
105|-23.1655|-23.1655
106|-23.1665|-23.1665
107|-23.1676|-23.1676
108|-23.1686|-23.1686
109|-23.1697|-23.1697
110|-23.1706|-23.1706
111|-23.1716|-23.1716
112|-23.1726|-23.1726
113|-23.1734|-23.1734
114|-23.1741|-23.1741
115|-23.1748|-23.1748
116|-23.1754|-23.1754
117|-23.1761|-23.1761
118|-23.1766|-23.1766
119|-23.1772|-23.1772
120|-23.1777|-23.1777
121|-23.1782|-23.1782
122|-23.1787|-23.1787
123|-23.1791|-23.1791
124|-23.1796|-23.1796
125|-23.18|-23.18
126|-23.1803|-23.1803
127|-23.1807|-23.1807
128|-23.181|-23.181
129|-23.1813|-23.1813
130|-23.1816|-23.1816
131|-23.1819|-23.1819
132|-23.1821|-23.1821
133|-23.1823|-23.1823
134|-23.1825|-23.1825
135|-23.1827|-23.1827
136|-23.1829|-23.1829
137|-23.183|-23.183
138|-23.1832|-23.1832
139|-23.1834|-23.1834
140|-23.1835|-23.1835
141|-23.1837|-23.1837
142|-23.1838|-23.1838
143|-23.1839|-23.1839
144|-23.184|-23.184
145|-23.1841|-23.1841
146|-23.1842|-23.1842
147|-23.1843|-23.1843
148|-23.1844|-23.1844
149|-23.1845|-23.1845
150|-23.1845|-23.1845
151|-23.1846|-23.1846
152|-23.1846|-23.1846
153|-23.1847|-23.1847
154|-23.1848|-23.1848
155|-23.1848|-23.1848
156|-23.1849|-23.1849
157|-23.1849|-23.1849
158|-23.1849|-23.1849
159|-23.185|-23.185
160|-23.185|-23.185
161|-23.185|-23.185
162|-23.1851|-23.1851
163|-23.1851|-23.1851
164|-23.1851|-23.1851
165|-23.1851|-23.1851
166|-23.1852|-23.1852
167|-23.1852|-23.1852
168|-23.1852|-23.1852
169|-23.1852|-23.1852
170|-23.1852|-23.1852
171|-23.1853|-23.1853
172|-23.1853|-23.1853
173|-23.1853|-23.1853
174|-23.1853|-23.1853
175|-23.1853|-23.1853
176|-23.1853|-23.1853
177|-23.1853|-23.1853
178|-23.1853|-23.1853
179|-23.1853|-23.1853
180|-23.1853|-23.1853
181|-23.1853|-23.1853
182|-23.1853|-23.1853
183|-23.1854|-23.1854
184|-23.1854|-23.1854
185|-23.1854|-23.1854
186|-23.1854|-23.1854
187|-23.1854|-23.1854
188|-23.1854|-23.1854
189|-23.1854|-23.1854
190|-23.1854|-23.1854
191|-23.1854|-23.1854
192|-23.1854|-23.1854
193|-23.1854|-23.1854
194|-23.1854|-23.1854
195|-23.1854|-23.1854
196|-23.1854|-23.1854
197|-23.1854|-23.1854
198|-23.1854|-23.1854
199|-23.1854|-23.1854
200|-23.1854|-23.1854
201|-23.1854|-23.1854
202|-23.1854|-23.1854
203|-23.1854|-23.1854
204|-23.1854|-23.1854
205|-23.1854|-23.1854
206|-23.1854|-23.1854
207|-23.1854|-23.1854
208|-23.1854|-23.1854
209|-23.1854|-23.1854
210|-23.1854|-23.1854
211|-23.1854|-23.1854
212|-23.1854|-23.1854
213|-23.1854|-23.1854
214|-23.1854|-23.1854
215|-23.1854|-23.1854
216|-23.1854|-23.1854
217|-23.1854|-23.1854
218|-23.1854|-23.1854
219|-23.1854|-23.1854
220|-23.1854|-23.1854
221|-23.1854|-23.1854
222|-23.1854|-23.1854
223|-23.1854|-23.1854
224|-23.1854|-23.1854
225|-23.1854|-23.1854
226|-23.1854|-23.1854
227|-23.1854|-23.1854
228|-23.1854|-23.1854
229|-23.1854|-23.1854
230|-23.1854|-23.1854
231|-23.1854|-23.1854
232|-23.1854|-23.1854
233|-23.1854|-23.1854
234|-23.1854|-23.1854
235|-23.1854|-23.1854
236|-23.1854|-23.1854
237|-23.1854|-23.1854
238|-23.1854|-23.1854
239|-23.1854|-23.1854
240|-23.1854|-23.1854
241|-23.1854|-23.1854
242|-23.1854|-23.1854
243|-23.1854|-23.1854
244|-23.1854|-23.1854
245|-23.1854|-23.1854
246|-23.1854|-23.1854
247|-23.1854|-23.1854
248|-23.1854|-23.1854
249|-23.1854|-23.1854
250|-23.1854|-23.1854
251|-23.1854|-23.1854
252|-23.1854|-23.1854
253|-23.1854|-23.1854
254|-23.1854|-23.1854
255|-23.1854|-23.1854
256|-23.1854|-23.1854
257|-23.1854|-23.1854
258|-23.1854|-23.1854
259|-23.1854|-23.1854
260|-23.1854|-23.1854
261|-23.1854|-23.1854
262|-23.1854|-23.1854
263|-23.1854|-23.1854
264|-23.1854|-23.1854
265|-23.1854|-23.1854
266|-23.1854|-23.1854
267|-23.1854|-23.1854
268|-23.1854|-23.1854
269|-23.1854|-23.1854
270|-23.1854|-23.1854
271|-23.1854|-23.1854
272|-23.1854|-23.1854
273|-23.1854|-23.1854
274|-23.1854|-23.1854
275|-23.1854|-23.1854
276|-23.1854|-23.1854
277|-23.1854|-23.1854
278|-23.1854|-23.1854
279|-23.1854|-23.1854
280|-23.1854|-23.1854
281|-23.1854|-23.1854
282|-23.1854|-23.1854
283|-23.1854|-23.1854
284|-23.1854|-23.1854
285|-23.1854|-23.1854
286|-23.1854|-23.1854
287|-23.1854|-23.1854
288|-23.1854|-23.1854
289|-23.1854|-23.1854
290|-23.1854|-23.1854
291|-23.1854|-23.1854
292|-23.1854|-23.1854
293|-23.1854|-23.1854
294|-23.1854|-23.1854
295|-23.1854|-23.1854
296|-23.1854|-23.1854
297|-23.1854|-23.1854
298|-23.1854|-23.1854
299|-23.1854|-23.1854
300|-23.1854|-23.1854
301|-23.1854|-23.1854
302|-23.1854|-23.1854
303|-23.1854|-23.1854
304|-23.1854|-23.1854
305|-23.1854|-23.1854
306|-23.1854|-23.1854
307|-23.1854|-23.1854
308|-23.1854|-23.1854
309|-23.1854|-23.1854
310|-23.1854|-23.1854
311|-23.1854|-23.1854
312|-23.1854|-23.1854
313|-23.1854|-23.1854
314|-23.1854|-23.1854
315|-23.1854|-23.1854
316|-23.1854|-23.1854
317|-23.1854|-23.1854
318|-23.1854|-23.1854
319|-23.1854|-23.1854
320|-23.1854|-23.1854
321|-23.1854|-23.1854
322|-23.1854|-23.1854
323|-23.1854|-23.1854
324|-23.1854|-23.1854
325|-23.1854|-23.1854
326|-23.1854|-23.1854
327|-23.1854|-23.1854
328|-23.1854|-23.1854
329|-23.1854|-23.1854
330|-23.1854|-23.1854
331|-23.1854|-23.1854
332|-23.1854|-23.1854
333|-23.1854|-23.1854
334|-23.1854|-23.1854
335|-23.1854|-23.1854
336|-23.1854|-23.1854
337|-23.1854|-23.1854
338|-23.1854|-23.1854
339|-23.1854|-23.1854
340|-23.1854|-23.1854
EARLY STOP: TARGET FOUND
4015345ms
