1|-2.7584|-2.7584
2|-3.32317|-3.32317
3|-3.83232|-3.83232
4|-4.29609|-4.29609
5|-4.67132|-4.67132
6|-5.02948|-5.02948
7|-5.37551|-5.37551
8|-5.7015|-5.7015
9|-6.02366|-6.02366
10|-6.31712|-6.31712
11|-6.59039|-6.59039
12|-6.85702|-6.85702
13|-7.00785|-7.00785
14|-7.1303|-7.1303
15|-7.43368|-7.43368
16|-7.55039|-7.55039
17|-7.65267|-7.65267
18|-7.72981|-7.72981
19|-7.79392|-7.79392
20|-7.85186|-7.85186
21|-7.88519|-7.88519
22|-7.90816|-7.90816
23|-7.92846|-7.92846
24|-7.94468|-7.94468
25|-7.9541|-7.9541
26|-7.96229|-7.96229
27|-7.969|-7.969
28|-7.97508|-7.97508
29|-8.01353|-8.01353
30|-8.46927|-8.46927
31|-8.8402|-8.8402
32|-8.94961|-8.94961
33|-8.96843|-8.96843
34|-8.97263|-8.97263
35|-8.97663|-8.97663
36|-8.98036|-8.98036
37|-8.98361|-8.98361
38|-8.98617|-8.98617
39|-9.00051|-9.00051
40|-9.00276|-9.00276
41|-9.00475|-9.00475
42|-9.00672|-9.00672
43|-9.00825|-9.00825
44|-9.0092|-9.0092
45|-9.00994|-9.00994
46|-9.01044|-9.01044
47|-9.01091|-9.01091
48|-9.01135|-9.01135
49|-9.01172|-9.01172
50|-9.01189|-9.01189
51|-9.012|-9.012
52|-9.01208|-9.01208
53|-9.01217|-9.01217
54|-9.01224|-9.01224
55|-9.01231|-9.01231
56|-9.01235|-9.01235
57|-9.01238|-9.01238
58|-9.01241|-9.01241
59|-9.01243|-9.01243
60|-9.01244|-9.01244
61|-9.01246|-9.01246
62|-9.01247|-9.01247
63|-9.01248|-9.01248
64|-9.01248|-9.01248
65|-9.01249|-9.01249
66|-9.01249|-9.01249
67|-9.01249|-9.01249
68|-9.01249|-9.01249
69|-9.0125|-9.0125
70|-9.0125|-9.0125
71|-9.0125|-9.0125
72|-9.0125|-9.0125
73|-9.0125|-9.0125
74|-9.0125|-9.0125
75|-9.0125|-9.0125
76|-9.0125|-9.0125
77|-9.0125|-9.0125
78|-9.0125|-9.0125
79|-9.0125|-9.0125
80|-9.0125|-9.0125
81|-9.0125|-9.0125
82|-9.0125|-9.0125
83|-9.0125|-9.0125
84|-9.0125|-9.0125
85|-9.0125|-9.0125
86|-9.0125|-9.0125
87|-9.0125|-9.0125
88|-9.0125|-9.0125
89|-9.0125|-9.0125
90|-9.0125|-9.0125
91|-9.0125|-9.0125
92|-9.0125|-9.0125
93|-9.0125|-9.0125
94|-9.0125|-9.0125
95|-9.0125|-9.0125
96|-9.0125|-9.0125
97|-9.0125|-9.0125
98|-9.0125|-9.0125
99|-9.0125|-9.0125
100|-9.0125|-9.0125
101|-9.0125|-9.0125
102|-9.0125|-9.0125
103|-9.0125|-9.0125
104|-9.0125|-9.0125
105|-9.0125|-9.0125
106|-9.0125|-9.0125
107|-9.0125|-9.0125
108|-9.0125|-9.0125
109|-9.0125|-9.0125
110|-9.0125|-9.0125
111|-9.0125|-9.0125
112|-9.0125|-9.0125
113|-9.0125|-9.0125
114|-9.0125|-9.0125
115|-9.0125|-9.0125
116|-9.0125|-9.0125
117|-9.0125|-9.0125
118|-9.0125|-9.0125
119|-9.0125|-9.0125
120|-9.0125|-9.0125
121|-9.0125|-9.0125
122|-9.0125|-9.0125
123|-9.0125|-9.0125
124|-9.0125|-9.0125
125|-9.0125|-9.0125
126|-9.0125|-9.0125
127|-9.0125|-9.0125
128|-9.0125|-9.0125
129|-9.0125|-9.0125
130|-9.0125|-9.0125
131|-9.0125|-9.0125
132|-9.0125|-9.0125
133|-9.0125|-9.0125
134|-9.0125|-9.0125
135|-9.0125|-9.0125
136|-9.0125|-9.0125
137|-9.0125|-9.0125
138|-9.0125|-9.0125
139|-9.0125|-9.0125
140|-9.0125|-9.0125
141|-9.0125|-9.0125
142|-9.0125|-9.0125
143|-9.0125|-9.0125
144|-9.0125|-9.0125
145|-9.0125|-9.0125
146|-9.0125|-9.0125
147|-9.0125|-9.0125
148|-9.0125|-9.0125
149|-9.0125|-9.0125
150|-9.0125|-9.0125
151|-9.0125|-9.0125
152|-9.0125|-9.0125
153|-9.0125|-9.0125
154|-9.0125|-9.0125
155|-9.0125|-9.0125
156|-9.0125|-9.0125
157|-9.0125|-9.0125
158|-9.0125|-9.0125
159|-9.0125|-9.0125
160|-9.0125|-9.0125
161|-9.0125|-9.0125
162|-9.0125|-9.0125
163|-9.0125|-9.0125
164|-9.0125|-9.0125
165|-9.0125|-9.0125
166|-9.0125|-9.0125
167|-9.0125|-9.0125
168|-9.0125|-9.0125
169|-9.0125|-9.0125
170|-9.0125|-9.0125
171|-9.0125|-9.0125
172|-9.0125|-9.0125
173|-9.0125|-9.0125
174|-9.0125|-9.0125
175|-9.0125|-9.0125
176|-9.0125|-9.0125
177|-9.0125|-9.0125
178|-9.0125|-9.0125
179|-9.0125|-9.0125
180|-9.0125|-9.0125
181|-9.0125|-9.0125
182|-9.0125|-9.0125
183|-9.0125|-9.0125
184|-9.0125|-9.0125
185|-9.0125|-9.0125
186|-9.0125|-9.0125
187|-9.0125|-9.0125
188|-9.0125|-9.0125
189|-9.0125|-9.0125
190|-9.0125|-9.0125
191|-9.0125|-9.0125
192|-9.0125|-9.0125
193|-9.0125|-9.0125
194|-9.0125|-9.0125
195|-9.0125|-9.0125
196|-9.0125|-9.0125
197|-9.0125|-9.0125
198|-9.0125|-9.0125
199|-9.0125|-9.0125
200|-9.0125|-9.0125
201|-9.0125|-9.0125
202|-9.0125|-9.0125
203|-9.0125|-9.0125
204|-9.0125|-9.0125
205|-9.0125|-9.0125
206|-9.0125|-9.0125
207|-9.0125|-9.0125
208|-9.0125|-9.0125
209|-9.0125|-9.0125
210|-9.0125|-9.0125
211|-9.0125|-9.0125
212|-9.0125|-9.0125
213|-9.0125|-9.0125
214|-9.0125|-9.0125
215|-9.0125|-9.0125
216|-9.0125|-9.0125
217|-9.0125|-9.0125
218|-9.0125|-9.0125
219|-9.0125|-9.0125
220|-9.0125|-9.0125
221|-9.0125|-9.0125
EARLY STOP: TARGET FOUND
565444ms
