1|-3.17896|-3.17896
2|-4.01928|-4.01928
3|-4.84958|-4.84958
4|-5.67129|-5.67129
5|-6.47204|-6.47204
6|-7.21523|-7.21523
7|-7.94223|-7.94223
8|-8.65742|-8.65742
9|-9.23038|-9.23038
10|-9.80212|-9.80212
11|-10.2807|-10.2807
12|-10.735|-10.735
13|-11.1736|-11.1736
14|-11.5708|-11.5708
15|-11.9632|-11.9632
16|-12.3585|-12.3585
17|-12.7376|-12.7376
18|-13.0909|-13.0909
19|-13.4379|-13.4379
20|-13.7551|-13.7551
21|-14.0712|-14.0712
22|-14.3466|-14.3466
23|-14.8898|-14.8898
24|-15.1342|-15.1342
25|-15.3785|-15.3785
26|-15.6208|-15.6208
27|-15.9001|-15.9001
28|-16.1362|-16.1362
29|-16.3659|-16.3659
30|-16.5382|-16.5382
31|-16.7078|-16.7078
32|-16.8729|-16.8729
33|-16.9887|-16.9887
34|-17.1036|-17.1036
35|-17.198|-17.198
36|-17.2905|-17.2905
37|-17.3751|-17.3751
38|-17.4578|-17.4578
39|-17.5206|-17.5206
40|-17.5595|-17.5595
41|-17.8652|-17.8652
42|-17.9593|-17.9593
43|-17.9962|-17.9962
44|-18.0308|-18.0308
45|-18.0647|-18.0647
46|-18.0985|-18.0985
47|-18.1294|-18.1294
48|-18.1596|-18.1596
49|-18.6792|-18.6792
50|-18.7844|-18.7844
51|-18.8323|-18.8323
52|-18.8597|-18.8597
53|-18.8869|-18.8869
54|-18.9096|-18.9096
55|-18.9318|-18.9318
56|-18.9519|-18.9519
57|-18.9701|-18.9701
58|-18.9869|-18.9869
59|-19.9595|-19.9595
60|-19.9756|-19.9756
61|-19.991|-19.991
62|-20.0061|-20.0061
63|-20.4111|-20.4111
64|-20.8813|-20.8813
65|-20.9898|-20.9898
66|-21.0037|-21.0037
67|-21.0141|-21.0141
68|-21.0211|-21.0211
69|-21.0279|-21.0279
70|-21.034|-21.034
71|-21.0395|-21.0395
72|-21.0449|-21.0449
73|-21.0498|-21.0498
74|-21.0538|-21.0538
75|-21.0577|-21.0577
76|-21.0615|-21.0615
77|-21.065|-21.065
78|-21.068|-21.068
79|-21.0709|-21.0709
80|-21.0737|-21.0737
81|-21.0765|-21.0765
82|-21.0792|-21.0792
83|-21.0818|-21.0818
84|-21.0842|-21.0842
85|-21.0863|-21.0863
86|-21.0882|-21.0882
87|-21.0899|-21.0899
88|-21.0917|-21.0917
89|-21.0933|-21.0933
90|-21.095|-21.095
91|-21.0964|-21.0964
92|-21.0977|-21.0977
93|-21.0989|-21.0989
94|-21.0999|-21.0999
95|-21.1009|-21.1009
96|-21.1019|-21.1019
97|-21.1028|-21.1028
98|-21.1038|-21.1038
99|-21.1047|-21.1047
100|-21.1055|-21.1055
101|-21.1063|-21.1063
102|-21.1071|-21.1071
103|-21.1078|-21.1078
104|-21.1085|-21.1085
105|-21.1091|-21.1091
106|-21.1097|-21.1097
107|-21.1102|-21.1102
108|-21.1107|-21.1107
109|-21.1112|-21.1112
110|-21.1117|-21.1117
111|-21.1121|-21.1121
112|-21.1125|-21.1125
113|-21.1129|-21.1129
114|-21.1132|-21.1132
115|-21.1136|-21.1136
116|-21.1139|-21.1139
117|-21.1142|-21.1142
118|-21.1145|-21.1145
119|-21.1148|-21.1148
120|-21.115|-21.115
121|-21.1153|-21.1153
122|-21.1155|-21.1155
123|-21.1158|-21.1158
124|-21.116|-21.116
125|-21.1162|-21.1162
126|-21.1164|-21.1164
127|-21.1165|-21.1165
128|-21.1167|-21.1167
129|-21.1169|-21.1169
130|-21.117|-21.117
131|-21.1172|-21.1172
132|-21.1173|-21.1173
133|-21.1174|-21.1174
134|-21.1175|-21.1175
135|-21.1176|-21.1176
136|-21.1177|-21.1177
137|-21.1178|-21.1178
138|-21.1179|-21.1179
139|-21.118|-21.118
140|-21.1181|-21.1181
141|-21.1181|-21.1181
142|-21.1182|-21.1182
143|-21.1183|-21.1183
144|-21.1183|-21.1183
145|-21.1184|-21.1184
146|-21.1184|-21.1184
147|-21.1185|-21.1185
148|-21.1185|-21.1185
149|-21.1186|-21.1186
150|-21.1186|-21.1186
151|-21.1186|-21.1186
152|-21.1187|-21.1187
153|-21.1187|-21.1187
154|-21.1187|-21.1187
155|-21.1187|-21.1187
156|-21.1188|-21.1188
157|-21.1188|-21.1188
158|-21.1188|-21.1188
159|-21.1188|-21.1188
160|-21.1188|-21.1188
161|-21.1188|-21.1188
162|-21.1188|-21.1188
163|-21.1188|-21.1188
164|-21.1188|-21.1188
165|-21.1188|-21.1188
166|-21.1188|-21.1188
167|-21.1188|-21.1188
168|-21.1188|-21.1188
169|-21.1188|-21.1188
170|-21.1188|-21.1188
171|-21.1188|-21.1188
172|-21.1188|-21.1188
173|-21.1188|-21.1188
174|-21.1188|-21.1188
175|-21.1188|-21.1188
176|-21.1188|-21.1188
177|-21.1188|-21.1188
178|-21.1188|-21.1188
179|-21.1188|-21.1188
180|-21.1188|-21.1188
181|-21.1188|-21.1188
182|-21.1188|-21.1188
183|-21.1188|-21.1188
184|-21.1188|-21.1188
185|-21.1188|-21.1188
186|-21.1188|-21.1188
187|-21.1188|-21.1188
188|-21.1188|-21.1188
189|-21.1188|-21.1188
190|-21.1188|-21.1188
191|-21.1188|-21.1188
192|-21.1188|-21.1188
193|-21.1188|-21.1188
194|-21.1188|-21.1188
195|-21.1188|-21.1188
196|-21.1188|-21.1188
197|-21.1188|-21.1188
198|-21.1188|-21.1188
199|-21.1188|-21.1188
200|-21.1188|-21.1188
201|-21.1188|-21.1188
202|-21.1188|-21.1188
203|-21.1188|-21.1188
204|-21.1188|-21.1188
205|-21.1188|-21.1188
206|-21.1188|-21.1188
207|-21.1188|-21.1188
208|-21.1188|-21.1188
209|-21.1188|-21.1188
210|-21.1188|-21.1188
211|-21.1188|-21.1188
212|-21.1188|-21.1188
213|-21.1188|-21.1188
214|-21.1188|-21.1188
215|-21.1188|-21.1188
216|-21.1188|-21.1188
217|-21.1188|-21.1188
218|-21.1188|-21.1188
219|-21.1188|-21.1188
220|-21.1188|-21.1188
221|-21.1188|-21.1188
222|-21.1188|-21.1188
223|-21.1188|-21.1188
224|-21.1188|-21.1188
225|-21.1188|-21.1188
226|-21.1188|-21.1188
227|-21.1188|-21.1188
228|-21.1188|-21.1188
229|-21.1188|-21.1188
230|-21.1188|-21.1188
231|-21.1188|-21.1188
232|-21.1188|-21.1188
233|-21.1188|-21.1188
234|-21.1188|-21.1188
235|-21.1188|-21.1188
236|-21.1188|-21.1188
237|-21.1188|-21.1188
238|-21.1188|-21.1188
239|-21.1188|-21.1188
240|-21.1188|-21.1188
241|-21.1188|-21.1188
242|-21.1188|-21.1188
243|-21.1188|-21.1188
244|-21.1188|-21.1188
245|-21.1188|-21.1188
246|-21.1188|-21.1188
247|-21.1188|-21.1188
248|-21.1188|-21.1188
249|-21.1188|-21.1188
250|-21.1188|-21.1188
251|-21.1188|-21.1188
252|-21.1188|-21.1188
253|-21.1188|-21.1188
254|-21.1188|-21.1188
255|-21.1188|-21.1188
256|-21.1188|-21.1188
257|-21.1188|-21.1188
258|-21.1188|-21.1188
259|-21.1188|-21.1188
260|-21.1188|-21.1188
261|-21.1188|-21.1188
262|-21.1188|-21.1188
263|-21.1188|-21.1188
264|-21.1188|-21.1188
265|-21.1188|-21.1188
266|-21.1188|-21.1188
267|-21.1188|-21.1188
268|-21.1188|-21.1188
269|-21.1188|-21.1188
270|-21.1188|-21.1188
271|-21.1188|-21.1188
272|-21.1188|-21.1188
273|-21.1188|-21.1188
274|-21.1188|-21.1188
275|-21.1188|-21.1188
276|-21.1188|-21.1188
277|-21.1188|-21.1188
278|-21.1188|-21.1188
279|-21.1188|-21.1188
280|-21.1188|-21.1188
281|-21.1188|-21.1188
282|-21.1188|-21.1188
283|-21.1188|-21.1188
284|-21.1188|-21.1188
285|-21.1188|-21.1188
286|-21.1188|-21.1188
287|-21.1188|-21.1188
288|-21.1188|-21.1188
289|-21.1188|-21.1188
290|-21.1188|-21.1188
291|-21.1188|-21.1188
292|-21.1188|-21.1188
293|-21.1188|-21.1188
294|-21.1188|-21.1188
295|-21.1188|-21.1188
296|-21.1188|-21.1188
297|-21.1188|-21.1188
298|-21.1188|-21.1188
299|-21.1188|-21.1188
300|-21.1188|-21.1188
301|-21.1188|-21.1188
302|-21.1188|-21.1188
303|-21.1188|-21.1188
304|-21.1188|-21.1188
305|-21.1188|-21.1188
306|-21.1188|-21.1188
307|-21.1188|-21.1188
308|-21.1188|-21.1188
309|-21.1188|-21.1188
310|-21.1188|-21.1188
311|-21.1188|-21.1188
312|-21.1188|-21.1188
313|-21.1188|-21.1188
314|-21.1188|-21.1188
315|-21.1188|-21.1188
316|-21.1188|-21.1188
317|-21.1188|-21.1188
318|-21.1188|-21.1188
319|-21.1188|-21.1188
EARLY STOP: TARGET FOUND
3645950ms
