1|490.798|490.798
2|465.342|465.342
3|440.768|440.768
4|416.924|416.924
5|395.943|395.943
6|376.048|376.048
7|356.662|356.662
8|337.811|337.811
9|319.093|319.093
10|301.475|301.475
11|284.09|284.09
12|268.417|268.417
13|252.883|252.883
14|238.362|238.362
15|224.287|224.287
16|210.29|210.29
17|196.54|196.54
18|182.812|182.812
19|169.108|169.108
20|161.206|161.206
21|153.71|153.71
22|146.309|146.309
23|139.108|139.108
24|132.036|132.036
25|125.571|125.571
26|115.476|115.476
27|109.612|109.612
28|103.791|103.791
29|99.7342|99.7342
30|96.3625|96.3625
31|93.187|93.187
32|90.7425|90.7425
33|88.4581|88.4581
34|86.25|86.25
35|84.4646|84.4646
36|82.728|82.728
37|81.0233|81.0233
38|79.5381|79.5381
39|78.1428|78.1428
40|76.7675|76.7675
41|75.5801|75.5801
42|74.6629|74.6629
43|73.8038|73.8038
44|72.9903|72.9903
45|72.3122|72.3122
46|71.6705|71.6705
47|71.1765|71.1765
48|70.7573|70.7573
49|70.3615|70.3615
50|69.9823|69.9823
51|69.6222|69.6222
52|69.297|69.297
53|69.0047|69.0047
54|68.7147|68.7147
55|68.4803|68.4803
56|68.2503|68.2503
57|68.0488|68.0488
58|67.8541|67.8541
59|67.662|67.662
60|67.4754|67.4754
61|67.2945|67.2945
62|67.1143|67.1143
63|66.9742|66.9742
64|66.8367|66.8367
65|66.7328|66.7328
66|66.6317|66.6317
67|61.4909|61.4909
68|59.0542|59.0542
69|58.9595|58.9595
70|58.8776|58.8776
71|58.7962|58.7962
72|58.717|58.717
73|58.6401|58.6401
74|58.5638|58.5638
75|58.4879|58.4879
76|58.4125|58.4125
77|58.3378|58.3378
78|58.2692|58.2692
79|58.2014|58.2014
80|58.1337|58.1337
81|58.0663|58.0663
82|57.9991|57.9991
83|57.9352|57.9352
84|57.875|57.875
85|57.8167|57.8167
86|57.7605|57.7605
87|57.7189|57.7189
88|57.6812|57.6812
89|57.6438|57.6438
90|57.6067|57.6067
91|57.5699|57.5699
92|57.5339|57.5339
93|57.5004|57.5004
94|57.4695|57.4695
95|57.4461|57.4461
96|57.4272|57.4272
97|57.4093|57.4093
98|57.3915|57.3915
99|57.3738|57.3738
100|57.3561|57.3561
101|57.3385|57.3385
102|57.3211|57.3211
103|57.3036|57.3036
104|57.2865|57.2865
105|57.2699|57.2699
106|57.2533|57.2533
107|57.239|57.239
108|57.2258|57.2258
109|57.2128|57.2128
110|57.2005|57.2005
111|57.1888|57.1888
112|57.1779|57.1779
113|57.1692|57.1692
114|57.1604|57.1604
115|57.1517|57.1517
116|57.143|57.143
117|57.1344|57.1344
118|57.1261|57.1261
119|57.1201|57.1201
120|57.1158|57.1158
121|57.1114|57.1114
122|57.1071|57.1071
123|57.1028|57.1028
124|57.0987|57.0987
125|57.0952|57.0952
126|57.0919|57.0919
127|57.0888|57.0888
128|57.0859|57.0859
129|57.0831|57.0831
130|57.0804|57.0804
131|57.0782|57.0782
132|57.0761|57.0761
133|57.0739|57.0739
134|57.0718|57.0718
135|57.0699|57.0699
136|57.0682|57.0682
137|57.0667|57.0667
138|57.0652|57.0652
139|57.0638|57.0638
140|57.0624|57.0624
141|57.0611|57.0611
142|57.0601|57.0601
143|57.059|57.059
144|57.0579|57.0579
145|57.0568|57.0568
146|57.0558|57.0558
147|57.0548|57.0548
148|57.0539|57.0539
149|57.0532|57.0532
150|57.0525|57.0525
151|57.0518|57.0518
152|57.0512|57.0512
153|57.0507|57.0507
154|57.0501|57.0501
155|57.0496|57.0496
156|57.0491|57.0491
157|57.0486|57.0486
158|57.048|57.048
159|57.0475|57.0475
160|57.047|57.047
161|57.0465|57.0465
162|57.046|57.046
163|57.0456|57.0456
164|57.0453|57.0453
165|57.0451|57.0451
166|57.0448|57.0448
167|57.0445|57.0445
168|57.0442|57.0442
169|57.044|57.044
170|57.0437|57.0437
171|57.0436|57.0436
172|57.0434|57.0434
173|57.0432|57.0432
174|57.0431|57.0431
175|57.0429|57.0429
176|57.0428|57.0428
177|57.0426|57.0426
178|57.0425|57.0425
179|57.0424|57.0424
180|57.0422|57.0422
181|57.0421|57.0421
182|57.0421|57.0421
183|57.042|57.042
184|57.0419|57.0419
185|57.0419|57.0419
186|57.0419|57.0419
187|57.0418|57.0418
188|57.0418|57.0418
189|57.0418|57.0418
190|57.0417|57.0417
191|57.0417|57.0417
192|57.0417|57.0417
193|57.0417|57.0417
194|57.0417|57.0417
195|57.0416|57.0416
196|57.0416|57.0416
197|57.0416|57.0416
198|57.0416|57.0416
199|57.0416|57.0416
200|57.0416|57.0416
201|57.0416|57.0416
202|57.0416|57.0416
203|57.0416|57.0416
204|57.0416|57.0416
205|57.0416|57.0416
206|57.0416|57.0416
207|57.0416|57.0416
208|57.0416|57.0416
209|57.0416|57.0416
210|57.0416|57.0416
211|57.0416|57.0416
212|57.0416|57.0416
213|57.0416|57.0416
214|57.0416|57.0416
215|57.0416|57.0416
216|57.0416|57.0416
217|57.0416|57.0416
218|57.0416|57.0416
219|57.0416|57.0416
220|57.0416|57.0416
221|57.0416|57.0416
222|57.0416|57.0416
223|57.0416|57.0416
224|57.0416|57.0416
225|57.0416|57.0416
226|57.0416|57.0416
227|57.0416|57.0416
228|57.0416|57.0416
229|57.0416|57.0416
230|57.0416|57.0416
231|57.0416|57.0416
232|57.0416|57.0416
233|57.0416|57.0416
234|57.0416|57.0416
235|57.0416|57.0416
236|57.0416|57.0416
237|57.0416|57.0416
238|57.0416|57.0416
239|57.0416|57.0416
240|57.0416|57.0416
241|57.0416|57.0416
242|57.0416|57.0416
243|57.0416|57.0416
244|57.0416|57.0416
245|57.0416|57.0416
246|57.0416|57.0416
247|57.0416|57.0416
248|57.0416|57.0416
249|57.0416|57.0416
250|57.0416|57.0416
251|57.0416|57.0416
252|57.0416|57.0416
253|57.0416|57.0416
254|57.0416|57.0416
255|57.0416|57.0416
256|57.0416|57.0416
257|57.0416|57.0416
258|57.0416|57.0416
259|57.0416|57.0416
260|57.0416|57.0416
261|57.0416|57.0416
262|57.0416|57.0416
263|57.0416|57.0416
264|57.0416|57.0416
265|57.0416|57.0416
266|57.0416|57.0416
267|57.0416|57.0416
268|57.0416|57.0416
269|57.0416|57.0416
270|57.0416|57.0416
271|57.0416|57.0416
272|57.0416|57.0416
273|57.0416|57.0416
274|57.0416|57.0416
275|57.0416|57.0416
276|57.0416|57.0416
277|57.0416|57.0416
278|57.0416|57.0416
279|57.0416|57.0416
280|57.0416|57.0416
281|57.0416|57.0416
282|57.0416|57.0416
283|57.0416|57.0416
284|57.0416|57.0416
285|57.0416|57.0416
286|57.0416|57.0416
287|57.0416|57.0416
288|57.0416|57.0416
289|57.0416|57.0416
290|57.0416|57.0416
291|57.0416|57.0416
292|57.0416|57.0416
293|57.0416|57.0416
294|57.0416|57.0416
295|57.0416|57.0416
296|57.0416|57.0416
297|57.0416|57.0416
298|57.0416|57.0416
299|57.0416|57.0416
300|57.0416|57.0416
301|57.0416|57.0416
302|57.0416|57.0416
303|57.0416|57.0416
304|57.0416|57.0416
305|57.0416|57.0416
306|57.0416|57.0416
307|57.0416|57.0416
308|57.0416|57.0416
309|57.0416|57.0416
310|57.0416|57.0416
311|57.0416|57.0416
312|57.0416|57.0416
313|57.0416|57.0416
314|57.0416|57.0416
315|57.0416|57.0416
316|57.0416|57.0416
317|57.0416|57.0416
318|57.0416|57.0416
319|57.0416|57.0416
320|57.0416|57.0416
321|57.0416|57.0416
322|57.0416|57.0416
323|57.0416|57.0416
324|57.0416|57.0416
325|57.0416|57.0416
326|57.0416|57.0416
327|57.0416|57.0416
328|57.0416|57.0416
329|57.0416|57.0416
330|57.0416|57.0416
331|57.0416|57.0416
332|57.0416|57.0416
333|57.0416|57.0416
334|57.0416|57.0416
335|57.0416|57.0416
336|57.0416|57.0416
337|57.0416|57.0416
338|57.0416|57.0416
339|57.0416|57.0416
340|57.0416|57.0416
341|57.0416|57.0416
342|57.0416|57.0416
343|57.0416|57.0416
344|57.0416|57.0416
345|57.0416|57.0416
346|57.0416|57.0416
EARLY STOP: TARGET FOUND
3989967ms
