1|286.778|286.778
2|261.322|261.322
3|235.938|235.938
4|211.923|211.923
5|187.941|187.941
6|166.039|166.039
7|146.095|146.095
8|126.167|126.167
9|106.387|106.387
10|89.5136|89.5136
11|78.1269|78.1269
12|67.1012|67.1012
13|57.615|57.615
14|53.0805|53.0805
15|48.5664|48.5664
16|44.0687|44.0687
17|39.5877|39.5877
18|35.3424|35.3424
19|31.2799|31.2799
20|27.6928|27.6928
21|24.2229|24.2229
22|21.0631|21.0631
23|18.1351|18.1351
24|16.1174|16.1174
25|15.0789|15.0789
26|14.0507|14.0507
27|13.0307|13.0307
28|12.019|12.019
29|11.1251|11.1251
30|10.2747|10.2747
31|9.4722|9.4722
32|8.67353|8.67353
33|7.91552|7.91552
34|7.20539|7.20539
35|6.49696|6.49696
36|5.85357|5.85357
37|5.28886|5.28886
38|4.78269|4.78269
39|4.2826|4.2826
40|3.98286|3.98286
41|3.69232|3.69232
42|3.40282|3.40282
43|3.12486|3.12486
44|2.86069|2.86069
45|2.63714|2.63714
46|2.41715|2.41715
47|2.20514|2.20514
48|1.99821|1.99821
49|1.79539|1.79539
50|1.59674|1.59674
51|1.42964|1.42964
52|1.28992|1.28992
53|1.1719|1.1719
54|1.09883|1.09883
55|1.02622|1.02622
56|0.954548|0.954548
57|0.886078|0.886078
58|0.818126|0.818126
59|0.755949|0.755949
60|0.694448|0.694448
61|0.639162|0.639162
62|0.589629|0.589629
63|0.540521|0.540521
64|0.496347|0.496347
65|0.453215|0.453215
66|0.418241|0.418241
67|0.385046|0.385046
68|0.3522|0.3522
69|0.322992|0.322992
70|0.296328|0.296328
71|0.277624|0.277624
72|0.259961|0.259961
73|0.242626|0.242626
74|0.225319|0.225319
75|0.20821|0.20821
76|0.191256|0.191256
77|0.174623|0.174623
78|0.159587|0.159587
79|0.144812|0.144812
80|0.131822|0.131822
81|0.119933|0.119933
82|0.108383|0.108383
83|0.0986084|0.0986084
84|0.0901654|0.0901654
85|0.0835865|0.0835865
86|0.0790345|0.0790345
87|0.074599|0.074599
88|0.0702158|0.0702158
89|0.0658935|0.0658935
90|0.0616165|0.0616165
91|0.0575615|0.0575615
92|0.0535298|0.0535298
93|0.0496622|0.0496622
94|0.0458087|0.0458087
95|0.0420544|0.0420544
96|0.0383774|0.0383774
97|0.0348606|0.0348606
98|0.0317954|0.0317954
99|0.028752|0.028752
100|0.0259688|0.0259688
101|0.0232512|0.0232512
102|0.0206633|0.0206633
103|0.0189684|0.0189684
104|0.0178924|0.0178924
105|0.0168747|0.0168747
106|0.0158831|0.0158831
107|0.014911|0.014911
108|0.0139499|0.0139499
109|0.0130114|0.0130114
110|0.0121237|0.0121237
111|0.0112961|0.0112961
112|0.0104803|0.0104803
113|0.00970863|0.00970863
EARLY STOP: TARGET FOUND
1287244ms
