1|544.622|544.622
2|508.444|508.444
3|472.737|472.737
4|439.068|439.068
5|407.099|407.099
6|382.547|382.547
7|358.103|358.103
8|334.374|334.374
9|310.809|310.809
10|288.738|288.738
11|269.484|269.484
12|251.232|251.232
13|233.189|233.189
14|216.199|216.199
15|200.154|200.154
16|184.526|184.526
17|169.025|169.025
18|155.894|155.894
19|144.221|144.221
20|135.151|135.151
21|128.123|128.123
22|121.22|121.22
23|115.45|115.45
24|110.237|110.237
25|106.78|106.78
26|103.349|103.349
27|94.6737|94.6737
28|91.8599|91.8599
29|89.3455|89.3455
30|86.9916|86.9916
31|85.2616|85.2616
32|83.5996|83.5996
33|81.9562|81.9562
34|80.6418|80.6418
35|77.0595|77.0595
36|75.8199|75.8199
37|74.7933|74.7933
38|73.8368|73.8368
39|72.8963|72.8963
40|72.1238|72.1238
41|71.3948|71.3948
42|70.6746|70.6746
43|70.048|70.048
44|69.4511|69.4511
45|68.9442|68.9442
46|68.4868|68.4868
47|68.0743|68.0743
48|67.6665|67.6665
49|67.2903|67.2903
50|66.9301|66.9301
51|66.6176|66.6176
52|66.3117|66.3117
53|66.0094|66.0094
54|65.735|65.735
55|65.4733|65.4733
56|65.2882|65.2882
57|65.111|65.111
58|64.9422|64.9422
59|64.7795|64.7795
60|64.6358|64.6358
61|64.4973|64.4973
62|64.4122|64.4122
63|64.3311|64.3311
64|63.3456|63.3456
65|59.3975|59.3975
66|59.319|59.319
67|59.2406|59.2406
68|59.1717|59.1717
69|59.1031|59.1031
70|59.0432|59.0432
71|58.9914|58.9914
72|58.9468|58.9468
73|58.9112|58.9112
74|58.8756|58.8756
75|58.8405|58.8405
76|58.8068|58.8068
77|58.7733|58.7733
78|58.7404|58.7404
79|58.7127|58.7127
80|58.6877|58.6877
81|58.6657|58.6657
82|58.6456|58.6456
83|58.6274|58.6274
84|58.61|58.61
85|58.5931|58.5931
86|58.5764|58.5764
87|58.5598|58.5598
88|58.5447|58.5447
89|58.5299|58.5299
90|58.5163|58.5163
91|58.5033|58.5033
92|58.4916|58.4916
93|58.4806|58.4806
94|58.4708|58.4708
95|58.4624|58.4624
96|58.4541|58.4541
97|58.4458|58.4458
98|58.4378|58.4378
99|58.4304|58.4304
100|58.4231|58.4231
101|58.4158|58.4158
102|58.4097|58.4097
103|58.4038|58.4038
104|58.3985|58.3985
105|58.3943|58.3943
106|58.3901|58.3901
107|58.386|58.386
108|58.3819|58.3819
109|58.3786|58.3786
110|58.3755|58.3755
111|58.3728|58.3728
112|58.3701|58.3701
113|58.3675|58.3675
114|58.3653|58.3653
115|58.3631|58.3631
116|58.361|58.361
117|58.3589|58.3589
118|58.3568|58.3568
119|58.3548|58.3548
120|58.353|58.353
121|58.3515|58.3515
122|58.3501|58.3501
123|58.3487|58.3487
124|58.3474|58.3474
125|58.3463|58.3463
126|58.3454|58.3454
127|58.3448|58.3448
128|58.3441|58.3441
129|58.3435|58.3435
130|58.3429|58.3429
131|58.3424|58.3424
132|58.3419|58.3419
133|58.3416|58.3416
134|58.3412|58.3412
135|58.3409|58.3409
136|58.3406|58.3406
137|58.3403|58.3403
138|58.34|58.34
139|58.3397|58.3397
140|58.3394|58.3394
141|58.3392|58.3392
142|58.339|58.339
143|58.3387|58.3387
144|58.3386|58.3386
145|58.3384|58.3384
146|58.3382|58.3382
147|58.3381|58.3381
148|58.338|58.338
149|58.3378|58.3378
150|58.3377|58.3377
151|58.3376|58.3376
152|58.3375|58.3375
153|58.3374|58.3374
154|58.3374|58.3374
155|58.3373|58.3373
156|58.3372|58.3372
157|58.3372|58.3372
158|58.3371|58.3371
159|58.3371|58.3371
160|58.337|58.337
161|58.337|58.337
162|58.337|58.337
163|58.3369|58.3369
164|58.3369|58.3369
165|58.3369|58.3369
166|58.3368|58.3368
167|58.3368|58.3368
168|58.3368|58.3368
169|58.3368|58.3368
170|58.3367|58.3367
171|58.3367|58.3367
172|58.3367|58.3367
173|58.3367|58.3367
174|58.3367|58.3367
175|58.3367|58.3367
176|58.3367|58.3367
177|58.3367|58.3367
178|58.3367|58.3367
179|58.3367|58.3367
180|58.3367|58.3367
181|58.3367|58.3367
182|58.3367|58.3367
183|58.3367|58.3367
184|58.3367|58.3367
185|58.3367|58.3367
186|58.3367|58.3367
187|58.3367|58.3367
188|58.3367|58.3367
189|58.3367|58.3367
190|58.3367|58.3367
191|58.3367|58.3367
192|58.3367|58.3367
193|58.3367|58.3367
194|58.3367|58.3367
195|58.3367|58.3367
196|58.3367|58.3367
197|58.3367|58.3367
198|58.3367|58.3367
199|58.3367|58.3367
200|58.3367|58.3367
201|58.3367|58.3367
202|58.3367|58.3367
203|58.3367|58.3367
204|58.3367|58.3367
205|58.3367|58.3367
206|58.3367|58.3367
207|58.3367|58.3367
208|58.3367|58.3367
209|58.3367|58.3367
210|58.3367|58.3367
211|58.3367|58.3367
212|58.3367|58.3367
213|58.3367|58.3367
214|58.3367|58.3367
215|58.3367|58.3367
216|58.3367|58.3367
217|58.3367|58.3367
218|58.3367|58.3367
219|58.3367|58.3367
220|58.3367|58.3367
221|58.3367|58.3367
222|58.3367|58.3367
223|58.3367|58.3367
224|58.3367|58.3367
225|58.3367|58.3367
226|58.3367|58.3367
227|58.3367|58.3367
228|58.3367|58.3367
229|58.3367|58.3367
230|58.3367|58.3367
231|58.3367|58.3367
232|58.3367|58.3367
233|58.3367|58.3367
234|58.3367|58.3367
235|58.3367|58.3367
236|58.3367|58.3367
237|58.3367|58.3367
238|58.3367|58.3367
239|58.3367|58.3367
240|58.3367|58.3367
241|58.3367|58.3367
242|58.3367|58.3367
243|58.3367|58.3367
244|58.3367|58.3367
245|58.3367|58.3367
246|58.3367|58.3367
247|58.3367|58.3367
248|58.3367|58.3367
249|58.3367|58.3367
250|58.3367|58.3367
251|58.3367|58.3367
252|58.3367|58.3367
253|58.3367|58.3367
254|58.3367|58.3367
255|58.3367|58.3367
256|58.3367|58.3367
257|58.3367|58.3367
258|58.3367|58.3367
259|58.3367|58.3367
260|58.3367|58.3367
261|58.3367|58.3367
262|58.3367|58.3367
263|58.3367|58.3367
264|58.3367|58.3367
265|58.3367|58.3367
266|58.3367|58.3367
267|58.3367|58.3367
268|58.3367|58.3367
269|58.3367|58.3367
270|58.3367|58.3367
271|58.3367|58.3367
272|58.3367|58.3367
273|58.3367|58.3367
274|58.3367|58.3367
275|58.3367|58.3367
276|58.3367|58.3367
277|58.3367|58.3367
278|58.3367|58.3367
279|58.3367|58.3367
280|58.3367|58.3367
281|58.3367|58.3367
282|58.3367|58.3367
283|58.3367|58.3367
284|58.3367|58.3367
285|58.3367|58.3367
286|58.3367|58.3367
287|58.3367|58.3367
288|58.3367|58.3367
289|58.3367|58.3367
290|58.3367|58.3367
291|58.3367|58.3367
292|58.3367|58.3367
293|58.3367|58.3367
294|58.3367|58.3367
295|58.3367|58.3367
296|58.3367|58.3367
297|58.3367|58.3367
298|58.3367|58.3367
299|58.3367|58.3367
300|58.3367|58.3367
301|58.3367|58.3367
302|58.3367|58.3367
303|58.3367|58.3367
304|58.3367|58.3367
305|58.3367|58.3367
306|58.3367|58.3367
307|58.3367|58.3367
308|58.3367|58.3367
309|58.3367|58.3367
310|58.3367|58.3367
311|58.3367|58.3367
312|58.3367|58.3367
313|58.3367|58.3367
314|58.3367|58.3367
315|58.3367|58.3367
316|58.3367|58.3367
317|58.3367|58.3367
318|58.3367|58.3367
319|58.3367|58.3367
320|58.3367|58.3367
321|58.3367|58.3367
322|58.3367|58.3367
323|58.3367|58.3367
324|58.3367|58.3367
325|58.3367|58.3367
326|58.3367|58.3367
327|58.3367|58.3367
328|58.3367|58.3367
EARLY STOP: TARGET FOUND
3750557ms
