1|150.336|150.336
2|133.91|133.91
3|117.572|117.572
4|101.248|101.248
5|85.3419|85.3419
6|72.4863|72.4863
7|61.5471|61.5471
8|53.1273|53.1273
9|47.818|47.818
10|42.5292|42.5292
11|38.1954|38.1954
12|34.3321|34.3321
13|31.0767|31.0767
14|28.7033|28.7033
15|26.496|26.496
16|23.9024|23.9024
17|22.2257|22.2257
18|20.9732|20.9732
19|20.0981|20.0981
20|19.4365|19.4365
21|18.8064|18.8064
22|18.3915|18.3915
23|17.9828|17.9828
24|17.6975|17.6975
25|17.4215|17.4215
26|17.2127|17.2127
27|17.0678|17.0678
28|16.9387|16.9387
29|16.8577|16.8577
30|16.7773|16.7773
31|16.6986|16.6986
32|16.6294|16.6294
33|16.584|16.584
34|16.5474|16.5474
35|16.5116|16.5116
36|16.4778|16.4778
37|16.4488|16.4488
38|16.4215|16.4215
39|16.4048|16.4048
40|16.396|16.396
41|16.3877|16.3877
42|16.3799|16.3799
43|16.3721|16.3721
44|16.3678|16.3678
45|16.3635|16.3635
46|16.3594|16.3594
47|16.3572|16.3572
48|16.3561|16.3561
49|16.3551|16.3551
50|16.3542|16.3542
51|16.3534|16.3534
52|16.3527|16.3527
53|16.3521|16.3521
54|16.3516|16.3516
55|16.3512|16.3512
56|16.3508|16.3508
57|16.3505|16.3505
58|16.3503|16.3503
59|16.3501|16.3501
60|16.35|16.35
61|16.3499|16.3499
62|16.3498|16.3498
63|16.3498|16.3498
64|16.3497|16.3497
65|16.3497|16.3497
66|16.3497|16.3497
67|16.3497|16.3497
68|16.3497|16.3497
69|16.3497|16.3497
70|16.3497|16.3497
71|16.3497|16.3497
72|16.3497|16.3497
73|16.3497|16.3497
74|16.3497|16.3497
75|16.3497|16.3497
76|16.3497|16.3497
77|16.3497|16.3497
78|16.3497|16.3497
79|16.3497|16.3497
80|16.3497|16.3497
81|16.3497|16.3497
82|16.3497|16.3497
83|16.3497|16.3497
84|16.3497|16.3497
85|16.3497|16.3497
86|16.3497|16.3497
87|16.3497|16.3497
88|16.3497|16.3497
89|16.3497|16.3497
90|16.3497|16.3497
91|16.3497|16.3497
92|16.3497|16.3497
93|16.3497|16.3497
94|16.3497|16.3497
95|16.3497|16.3497
96|16.3497|16.3497
97|16.3497|16.3497
98|16.3497|16.3497
99|16.3497|16.3497
100|16.3497|16.3497
101|16.3497|16.3497
102|16.3497|16.3497
103|16.3497|16.3497
104|16.3497|16.3497
105|16.3497|16.3497
106|16.3497|16.3497
107|16.3497|16.3497
108|16.3497|16.3497
109|16.3497|16.3497
110|16.3497|16.3497
111|16.3497|16.3497
112|16.3497|16.3497
113|16.3497|16.3497
114|16.3497|16.3497
115|16.3497|16.3497
116|16.3497|16.3497
117|16.3497|16.3497
118|16.3497|16.3497
119|16.3497|16.3497
120|16.3497|16.3497
121|16.3497|16.3497
122|16.3497|16.3497
123|16.3497|16.3497
124|16.3497|16.3497
125|16.3497|16.3497
126|16.3497|16.3497
127|16.3497|16.3497
128|16.3497|16.3497
129|16.3497|16.3497
130|16.3497|16.3497
131|16.3497|16.3497
132|16.3497|16.3497
133|16.3497|16.3497
134|16.3497|16.3497
135|16.3497|16.3497
136|16.3497|16.3497
137|16.3497|16.3497
138|16.3497|16.3497
139|16.3497|16.3497
140|16.3497|16.3497
141|16.3497|16.3497
142|16.3497|16.3497
143|16.3497|16.3497
144|16.3497|16.3497
145|16.3497|16.3497
146|16.3497|16.3497
147|16.3497|16.3497
148|16.3497|16.3497
149|16.3497|16.3497
150|16.3497|16.3497
151|16.3497|16.3497
152|16.3497|16.3497
153|16.3497|16.3497
154|16.3497|16.3497
155|16.3497|16.3497
156|16.3497|16.3497
157|16.3497|16.3497
158|16.3497|16.3497
159|16.3497|16.3497
160|16.3497|16.3497
161|16.3497|16.3497
162|16.3497|16.3497
163|16.3497|16.3497
164|16.3497|16.3497
165|16.3497|16.3497
166|16.3497|16.3497
167|16.3497|16.3497
168|16.3497|16.3497
169|16.3497|16.3497
170|16.3497|16.3497
171|16.3497|16.3497
172|16.3497|16.3497
173|16.3497|16.3497
174|16.3497|16.3497
175|16.3497|16.3497
176|16.3497|16.3497
177|16.3497|16.3497
178|16.3497|16.3497
179|16.3497|16.3497
180|16.3497|16.3497
181|16.3497|16.3497
182|16.3497|16.3497
183|16.3497|16.3497
184|16.3497|16.3497
185|16.3497|16.3497
186|16.3497|16.3497
187|16.3497|16.3497
188|16.3497|16.3497
189|16.3497|16.3497
190|16.3497|16.3497
191|16.3497|16.3497
192|16.3497|16.3497
193|16.3497|16.3497
194|16.3497|16.3497
195|16.3497|16.3497
196|16.3497|16.3497
197|16.3497|16.3497
198|16.3497|16.3497
199|16.3497|16.3497
200|16.3497|16.3497
201|16.3497|16.3497
202|16.3497|16.3497
203|16.3497|16.3497
204|16.3497|16.3497
205|16.3497|16.3497
206|16.3497|16.3497
207|16.3497|16.3497
208|16.3497|16.3497
209|16.3497|16.3497
210|16.3497|16.3497
211|16.3497|16.3497
212|16.3497|16.3497
213|16.3497|16.3497
214|16.3497|16.3497
215|16.3497|16.3497
216|16.3497|16.3497
217|16.3497|16.3497
218|16.3497|16.3497
219|16.3497|16.3497
220|16.3497|16.3497
EARLY STOP: TARGET FOUND
306227ms
