1|-1.87644|-1.87644
2|-2.70815|-2.70815
3|-3.5352|-3.5352
4|-4.31637|-4.31637
5|-4.86734|-4.86734
6|-4.99734|-4.99734
7|-5.09509|-5.09509
8|-5.16682|-5.16682
9|-5.54321|-5.54321
10|-5.58101|-5.58101
11|-5.60926|-5.60926
12|-5.63189|-5.63189
13|-5.64794|-5.64794
14|-5.66113|-5.66113
15|-5.67234|-5.67234
16|-5.68281|-5.68281
17|-5.68953|-5.68953
18|-5.69612|-5.69612
19|-5.70247|-5.70247
20|-5.70803|-5.70803
21|-5.71169|-5.71169
22|-5.71527|-5.71527
23|-5.71839|-5.71839
24|-6.49909|-6.49909
25|-6.67136|-6.67136
26|-6.67447|-6.67447
27|-6.67755|-6.67755
28|-6.68027|-6.68027
29|-6.68229|-6.68229
30|-6.68383|-6.68383
31|-6.68533|-6.68533
32|-6.6867|-6.6867
33|-6.68798|-6.68798
34|-6.6888|-6.6888
35|-6.68959|-6.68959
36|-6.69028|-6.69028
37|-6.6909|-6.6909
38|-6.69129|-6.69129
39|-6.69167|-6.69167
40|-6.69205|-6.69205
41|-6.69224|-6.69224
42|-6.69242|-6.69242
43|-6.6926|-6.6926
44|-6.69271|-6.69271
45|-6.6928|-6.6928
46|-6.69288|-6.69288
47|-6.69293|-6.69293
48|-6.69297|-6.69297
49|-6.69301|-6.69301
50|-6.69304|-6.69304
51|-6.69307|-6.69307
52|-6.69309|-6.69309
53|-6.69311|-6.69311
54|-6.69313|-6.69313
55|-6.69315|-6.69315
56|-6.69316|-6.69316
57|-6.69316|-6.69316
58|-6.69316|-6.69316
59|-6.69316|-6.69316
60|-6.69316|-6.69316
61|-6.69316|-6.69316
62|-6.69316|-6.69316
63|-6.69316|-6.69316
64|-6.69316|-6.69316
65|-6.69316|-6.69316
66|-6.69316|-6.69316
67|-6.69316|-6.69316
68|-6.69316|-6.69316
69|-6.69316|-6.69316
70|-6.69316|-6.69316
71|-6.69316|-6.69316
72|-6.69316|-6.69316
73|-6.69316|-6.69316
74|-6.69316|-6.69316
75|-6.69316|-6.69316
76|-6.69316|-6.69316
77|-6.69316|-6.69316
78|-6.69316|-6.69316
79|-6.69316|-6.69316
80|-6.69316|-6.69316
81|-6.69316|-6.69316
82|-6.69316|-6.69316
83|-6.69316|-6.69316
84|-6.69316|-6.69316
85|-6.69316|-6.69316
86|-6.69316|-6.69316
87|-6.69316|-6.69316
88|-6.69316|-6.69316
89|-6.69316|-6.69316
90|-6.69316|-6.69316
91|-6.69316|-6.69316
92|-6.69316|-6.69316
93|-6.69316|-6.69316
94|-6.69316|-6.69316
95|-6.69316|-6.69316
96|-6.69316|-6.69316
97|-6.69316|-6.69316
98|-6.69316|-6.69316
99|-6.69316|-6.69316
100|-6.69316|-6.69316
101|-6.69316|-6.69316
102|-6.69316|-6.69316
103|-6.69316|-6.69316
104|-6.69316|-6.69316
105|-6.69316|-6.69316
106|-6.69316|-6.69316
107|-6.69316|-6.69316
108|-6.69316|-6.69316
109|-6.69316|-6.69316
110|-6.69316|-6.69316
111|-6.69316|-6.69316
112|-6.69316|-6.69316
113|-6.69316|-6.69316
114|-6.69316|-6.69316
115|-6.69316|-6.69316
116|-6.69316|-6.69316
117|-6.69316|-6.69316
118|-6.69316|-6.69316
119|-6.69316|-6.69316
120|-6.69316|-6.69316
121|-6.69316|-6.69316
122|-6.69316|-6.69316
123|-6.69316|-6.69316
124|-6.69316|-6.69316
125|-6.69316|-6.69316
126|-6.69316|-6.69316
127|-6.69316|-6.69316
128|-6.69316|-6.69316
129|-6.69316|-6.69316
130|-6.69316|-6.69316
131|-6.69316|-6.69316
132|-6.69316|-6.69316
133|-6.69316|-6.69316
134|-6.69316|-6.69316
135|-6.69316|-6.69316
136|-6.69316|-6.69316
137|-6.69316|-6.69316
138|-6.69316|-6.69316
139|-6.69316|-6.69316
140|-6.69316|-6.69316
141|-6.69316|-6.69316
142|-6.69316|-6.69316
143|-6.69316|-6.69316
144|-6.69316|-6.69316
145|-6.69316|-6.69316
146|-6.69316|-6.69316
147|-6.69316|-6.69316
148|-6.69316|-6.69316
149|-6.69316|-6.69316
150|-6.69316|-6.69316
151|-6.69316|-6.69316
152|-6.69316|-6.69316
153|-6.69316|-6.69316
154|-6.69316|-6.69316
155|-6.69316|-6.69316
156|-6.69316|-6.69316
157|-6.69316|-6.69316
158|-6.69316|-6.69316
159|-6.69316|-6.69316
160|-6.69316|-6.69316
161|-6.69316|-6.69316
162|-6.69316|-6.69316
163|-6.69316|-6.69316
164|-6.69316|-6.69316
165|-6.69316|-6.69316
166|-6.69316|-6.69316
167|-6.69316|-6.69316
168|-6.69316|-6.69316
169|-6.69316|-6.69316
170|-6.69316|-6.69316
171|-6.69316|-6.69316
172|-6.69316|-6.69316
173|-6.69316|-6.69316
174|-6.69316|-6.69316
175|-6.69316|-6.69316
176|-6.69316|-6.69316
177|-6.69316|-6.69316
178|-6.69316|-6.69316
179|-6.69316|-6.69316
180|-6.69316|-6.69316
181|-6.69316|-6.69316
182|-6.69316|-6.69316
183|-6.69316|-6.69316
184|-6.69316|-6.69316
185|-6.69316|-6.69316
186|-6.69316|-6.69316
187|-6.69316|-6.69316
188|-6.69316|-6.69316
189|-6.69316|-6.69316
190|-6.69316|-6.69316
191|-6.69316|-6.69316
192|-6.69316|-6.69316
193|-6.69316|-6.69316
194|-6.69316|-6.69316
195|-6.69316|-6.69316
196|-6.69316|-6.69316
197|-6.69316|-6.69316
198|-6.69316|-6.69316
199|-6.69316|-6.69316
200|-6.69316|-6.69316
201|-6.69316|-6.69316
202|-6.69316|-6.69316
203|-6.69316|-6.69316
204|-6.69316|-6.69316
205|-6.69316|-6.69316
206|-6.69316|-6.69316
207|-6.69316|-6.69316
208|-6.69316|-6.69316
209|-6.69316|-6.69316
EARLY STOP: TARGET FOUND
286050ms
