1|-795.807|-795.807
2|-1424.03|-1424.03
3|-2046.89|-2046.89
4|-2506.35|-2506.35
5|-2963.85|-2963.85
6|-3418.61|-3418.61
7|-3849.8|-3849.8
8|-4263.7|-4263.7
9|-4640.74|-4640.74
10|-4987.08|-4987.08
11|-5291.06|-5291.06
12|-5580.17|-5580.17
13|-5828.58|-5828.58
14|-6023.55|-6023.55
15|-6215.4|-6215.4
16|-6369.39|-6369.39
17|-6517.79|-6517.79
18|-6665.35|-6665.35
19|-6812.09|-6812.09
20|-6954.31|-6954.31
21|-7094.97|-7094.97
22|-7234.59|-7234.59
23|-7371.39|-7371.39
24|-7504.37|-7504.37
25|-7636.28|-7636.28
26|-7800.45|-7800.45
27|-7920.37|-7920.37
28|-8037.58|-8037.58
29|-8135.02|-8135.02
30|-8229.39|-8229.39
31|-8301.85|-8301.85
32|-8373.79|-8373.79
33|-8435.07|-8435.07
34|-8512|-8512
35|-8808.7|-8808.7
36|-8863.81|-8863.81
37|-8917.71|-8917.71
38|-8968.08|-8968.08
39|-9016.04|-9016.04
40|-9063.24|-9063.24
41|-9130.56|-9130.56
42|-9452.23|-9452.23
43|-9495.69|-9495.69
44|-9538.02|-9538.02
45|-9579.45|-9579.45
46|-9608.68|-9608.68
47|-9633.54|-9633.54
48|-9658.32|-9658.32
49|-9680.95|-9680.95
50|-9702.99|-9702.99
51|-9724.31|-9724.31
52|-9744.77|-9744.77
53|-9764|-9764
54|-9782.94|-9782.94
55|-9801.06|-9801.06
56|-9813.03|-9813.03
57|-9823.62|-9823.62
58|-9833.81|-9833.81
59|-9843.65|-9843.65
60|-9853.24|-9853.24
61|-9862.14|-9862.14
62|-9871.01|-9871.01
63|-9879.77|-9879.77
64|-9888.48|-9888.48
65|-9895.13|-9895.13
66|-9900.67|-9900.67
67|-9928.29|-9928.29
68|-9933.7|-9933.7
69|-9967.73|-9967.73
70|-9985.51|-9985.51
71|-9994.29|-9994.29
72|-9999.57|-9999.57
73|-10003.9|-10003.9
74|-10008.3|-10008.3
75|-10012.5|-10012.5
76|-10016.7|-10016.7
77|-10020.5|-10020.5
78|-10023.2|-10023.2
79|-10025.8|-10025.8
80|-10028|-10028
81|-10030.2|-10030.2
82|-10032.3|-10032.3
83|-10034.4|-10034.4
84|-10036.5|-10036.5
85|-10038.2|-10038.2
86|-10039.4|-10039.4
87|-10040.5|-10040.5
88|-10041.6|-10041.6
89|-10042.7|-10042.7
90|-10043.7|-10043.7
91|-10044.7|-10044.7
92|-10045.7|-10045.7
93|-10046.6|-10046.6
94|-10047.4|-10047.4
95|-10048|-10048
96|-10048.6|-10048.6
97|-10049.1|-10049.1
98|-10049.6|-10049.6
99|-10050.1|-10050.1
100|-10050.6|-10050.6
101|-10050.9|-10050.9
102|-10051.3|-10051.3
103|-10051.6|-10051.6
104|-10051.9|-10051.9
105|-10052.2|-10052.2
106|-10052.4|-10052.4
107|-10052.7|-10052.7
108|-10053|-10053
109|-10053.2|-10053.2
110|-10053.5|-10053.5
111|-10053.6|-10053.6
112|-10053.8|-10053.8
113|-10054|-10054
114|-10054.1|-10054.1
115|-10054.3|-10054.3
116|-10054.4|-10054.4
117|-10054.5|-10054.5
118|-10054.7|-10054.7
119|-10054.8|-10054.8
120|-10054.9|-10054.9
121|-10055.1|-10055.1
122|-10055.2|-10055.2
123|-10055.3|-10055.3
124|-10055.4|-10055.4
125|-10055.5|-10055.5
126|-10055.6|-10055.6
127|-10055.7|-10055.7
128|-10055.7|-10055.7
129|-10055.8|-10055.8
130|-10055.9|-10055.9
131|-10055.9|-10055.9
132|-10056|-10056
133|-10056.1|-10056.1
134|-10056.1|-10056.1
135|-10056.2|-10056.2
136|-10056.3|-10056.3
137|-10056.3|-10056.3
138|-10056.4|-10056.4
139|-10056.4|-10056.4
140|-10056.4|-10056.4
141|-10056.5|-10056.5
142|-10056.5|-10056.5
143|-10056.5|-10056.5
144|-10056.6|-10056.6
145|-10056.6|-10056.6
146|-10056.6|-10056.6
147|-10056.7|-10056.7
148|-10056.7|-10056.7
149|-10056.7|-10056.7
150|-10056.8|-10056.8
151|-10056.8|-10056.8
152|-10056.8|-10056.8
153|-10056.8|-10056.8
154|-10056.8|-10056.8
155|-10056.8|-10056.8
156|-10056.9|-10056.9
157|-10056.9|-10056.9
158|-10056.9|-10056.9
159|-10056.9|-10056.9
160|-10056.9|-10056.9
161|-10056.9|-10056.9
162|-10056.9|-10056.9
163|-10056.9|-10056.9
164|-10056.9|-10056.9
165|-10056.9|-10056.9
166|-10057|-10057
167|-10057|-10057
168|-10057|-10057
169|-10057|-10057
170|-10057|-10057
171|-10057|-10057
172|-10057|-10057
173|-10057|-10057
174|-10057|-10057
175|-10057|-10057
176|-10057|-10057
177|-10057|-10057
178|-10057|-10057
179|-10057|-10057
180|-10057|-10057
181|-10057|-10057
182|-10057|-10057
183|-10057|-10057
184|-10057|-10057
185|-10057|-10057
186|-10057|-10057
187|-10057|-10057
188|-10057|-10057
189|-10057|-10057
190|-10057|-10057
191|-10057|-10057
192|-10057|-10057
193|-10057|-10057
194|-10057|-10057
195|-10057|-10057
196|-10057|-10057
197|-10057|-10057
198|-10057|-10057
199|-10057|-10057
200|-10057|-10057
201|-10057|-10057
202|-10057|-10057
203|-10057|-10057
204|-10057|-10057
205|-10057|-10057
206|-10057|-10057
207|-10057|-10057
208|-10057|-10057
209|-10057|-10057
210|-10057|-10057
211|-10057|-10057
212|-10057|-10057
213|-10057|-10057
214|-10057|-10057
215|-10057|-10057
216|-10057|-10057
217|-10057|-10057
218|-10057|-10057
219|-10057|-10057
220|-10057|-10057
221|-10057|-10057
222|-10057|-10057
223|-10057|-10057
224|-10057|-10057
225|-10057|-10057
226|-10057|-10057
227|-10057|-10057
228|-10057|-10057
229|-10057|-10057
230|-10057|-10057
231|-10057|-10057
232|-10057|-10057
233|-10057|-10057
234|-10057|-10057
235|-10057|-10057
236|-10057|-10057
237|-10057|-10057
238|-10057|-10057
239|-10057|-10057
240|-10057|-10057
241|-10057|-10057
242|-10057|-10057
243|-10057|-10057
244|-10057|-10057
245|-10057|-10057
246|-10057|-10057
247|-10057|-10057
248|-10057|-10057
249|-10057|-10057
250|-10057|-10057
251|-10057|-10057
252|-10057|-10057
253|-10057|-10057
254|-10057|-10057
255|-10057|-10057
256|-10057|-10057
257|-10057|-10057
258|-10057|-10057
259|-10057|-10057
260|-10057|-10057
261|-10057|-10057
262|-10057|-10057
263|-10057|-10057
264|-10057|-10057
265|-10057|-10057
266|-10057|-10057
267|-10057|-10057
268|-10057|-10057
269|-10057|-10057
270|-10057|-10057
271|-10057|-10057
272|-10057|-10057
273|-10057|-10057
274|-10057|-10057
275|-10057|-10057
276|-10057|-10057
277|-10057|-10057
278|-10057|-10057
279|-10057|-10057
280|-10057|-10057
281|-10057|-10057
282|-10057|-10057
283|-10057|-10057
284|-10057|-10057
285|-10057|-10057
286|-10057|-10057
287|-10057|-10057
288|-10057|-10057
289|-10057|-10057
290|-10057|-10057
291|-10057|-10057
292|-10057|-10057
293|-10057|-10057
294|-10057|-10057
295|-10057|-10057
296|-10057|-10057
297|-10057|-10057
298|-10057|-10057
299|-10057|-10057
300|-10057|-10057
301|-10057|-10057
302|-10057|-10057
303|-10057|-10057
304|-10057|-10057
305|-10057|-10057
306|-10057|-10057
307|-10057|-10057
308|-10057|-10057
309|-10057|-10057
310|-10057|-10057
311|-10057|-10057
312|-10057|-10057
313|-10057|-10057
314|-10057|-10057
315|-10057|-10057
316|-10057|-10057
317|-10057|-10057
318|-10057|-10057
319|-10057|-10057
320|-10057|-10057
321|-10057|-10057
322|-10057|-10057
323|-10057|-10057
324|-10057|-10057
325|-10057|-10057
326|-10057|-10057
327|-10057|-10057
328|-10057|-10057
329|-10057|-10057
330|-10057|-10057
331|-10057|-10057
332|-10057|-10057
333|-10057|-10057
334|-10057|-10057
335|-10057|-10057
336|-10057|-10057
337|-10057|-10057
338|-10057|-10057
339|-10057|-10057
340|-10057|-10057
341|-10057|-10057
342|-10057|-10057
343|-10057|-10057
344|-10057|-10057
345|-10057|-10057
346|-10057|-10057
347|-10057|-10057
348|-10057|-10057
EARLY STOP: TARGET FOUND
5766550ms
