1|-412.985|-412.985
2|-949.065|-949.065
3|-1239.93|-1239.93
4|-1431.11|-1431.11
5|-1535.87|-1535.87
6|-1631.01|-1631.01
7|-1740.01|-1740.01
8|-1789.49|-1789.49
9|-1838.1|-1838.1
10|-1857.87|-1857.87
11|-1877.15|-1877.15
12|-1890.08|-1890.08
13|-1898.65|-1898.65
14|-1902.92|-1902.92
15|-1904.97|-1904.97
16|-1905.83|-1905.83
17|-1906.33|-1906.33
18|-1906.84|-1906.84
19|-1907.09|-1907.09
20|-1907.34|-1907.34
21|-1907.5|-1907.5
22|-1907.63|-1907.63
23|-1907.7|-1907.7
24|-1907.76|-1907.76
25|-1907.79|-1907.79
26|-1907.82|-1907.82
27|-1907.85|-1907.85
28|-1907.87|-1907.87
29|-1907.88|-1907.88
30|-1907.88|-1907.88
31|-1907.89|-1907.89
32|-1907.89|-1907.89
33|-1907.9|-1907.9
34|-1907.9|-1907.9
35|-1907.9|-1907.9
36|-1907.9|-1907.9
37|-1907.9|-1907.9
38|-1907.9|-1907.9
39|-1907.9|-1907.9
40|-1907.9|-1907.9
41|-1907.9|-1907.9
42|-1907.9|-1907.9
43|-1907.9|-1907.9
44|-1907.9|-1907.9
45|-1907.9|-1907.9
46|-1907.9|-1907.9
47|-1907.9|-1907.9
48|-1907.9|-1907.9
49|-1907.9|-1907.9
50|-1907.9|-1907.9
51|-1907.9|-1907.9
52|-1907.9|-1907.9
53|-1907.9|-1907.9
54|-1907.9|-1907.9
55|-1907.9|-1907.9
56|-1907.9|-1907.9
57|-1907.9|-1907.9
58|-1907.9|-1907.9
59|-1907.9|-1907.9
60|-1907.9|-1907.9
61|-1907.9|-1907.9
62|-1907.9|-1907.9
63|-1907.9|-1907.9
64|-1907.9|-1907.9
65|-1907.9|-1907.9
66|-1907.9|-1907.9
67|-1907.9|-1907.9
68|-1907.9|-1907.9
69|-1907.9|-1907.9
70|-1907.9|-1907.9
71|-1907.9|-1907.9
72|-1907.9|-1907.9
73|-1907.9|-1907.9
74|-1907.9|-1907.9
75|-1907.9|-1907.9
76|-1907.9|-1907.9
77|-1907.9|-1907.9
78|-1907.9|-1907.9
79|-1907.9|-1907.9
80|-1907.9|-1907.9
81|-1907.9|-1907.9
82|-1907.9|-1907.9
83|-1907.9|-1907.9
84|-1907.9|-1907.9
85|-1907.9|-1907.9
86|-1907.9|-1907.9
87|-1907.9|-1907.9
88|-1907.9|-1907.9
89|-1907.9|-1907.9
90|-1907.9|-1907.9
91|-1907.9|-1907.9
92|-1907.9|-1907.9
93|-1907.9|-1907.9
94|-1907.9|-1907.9
95|-1907.9|-1907.9
96|-1907.9|-1907.9
97|-1907.9|-1907.9
98|-1907.9|-1907.9
99|-1907.9|-1907.9
100|-1907.9|-1907.9
101|-1907.9|-1907.9
102|-1907.9|-1907.9
103|-1907.9|-1907.9
104|-1907.9|-1907.9
105|-1907.9|-1907.9
106|-1907.9|-1907.9
107|-1907.9|-1907.9
108|-1907.9|-1907.9
109|-1907.9|-1907.9
110|-1907.9|-1907.9
111|-1907.9|-1907.9
112|-1907.9|-1907.9
113|-1907.9|-1907.9
114|-1907.9|-1907.9
115|-1907.9|-1907.9
116|-1907.9|-1907.9
117|-1907.9|-1907.9
118|-1907.9|-1907.9
119|-1907.9|-1907.9
120|-1907.9|-1907.9
121|-1907.9|-1907.9
122|-1907.9|-1907.9
123|-1907.9|-1907.9
124|-1907.9|-1907.9
125|-1907.9|-1907.9
126|-1907.9|-1907.9
127|-1907.9|-1907.9
128|-1907.9|-1907.9
129|-1907.9|-1907.9
130|-1907.9|-1907.9
131|-1907.9|-1907.9
132|-1907.9|-1907.9
133|-1907.9|-1907.9
134|-1907.9|-1907.9
135|-1907.9|-1907.9
136|-1907.9|-1907.9
137|-1907.9|-1907.9
138|-1907.9|-1907.9
139|-1907.9|-1907.9
140|-1907.9|-1907.9
141|-1907.9|-1907.9
142|-1907.9|-1907.9
143|-1907.9|-1907.9
144|-1907.9|-1907.9
145|-1907.9|-1907.9
146|-1907.9|-1907.9
147|-1907.9|-1907.9
148|-1907.9|-1907.9
149|-1907.9|-1907.9
150|-1907.9|-1907.9
151|-1907.9|-1907.9
152|-1907.9|-1907.9
153|-1907.9|-1907.9
154|-1907.9|-1907.9
155|-1907.9|-1907.9
156|-1907.9|-1907.9
157|-1907.9|-1907.9
158|-1907.9|-1907.9
159|-1907.9|-1907.9
160|-1907.9|-1907.9
161|-1907.9|-1907.9
162|-1907.9|-1907.9
163|-1907.9|-1907.9
164|-1907.9|-1907.9
165|-1907.9|-1907.9
166|-1907.9|-1907.9
167|-1907.9|-1907.9
168|-1907.9|-1907.9
169|-1907.9|-1907.9
170|-1907.9|-1907.9
171|-1907.9|-1907.9
172|-1907.9|-1907.9
173|-1907.9|-1907.9
174|-1907.9|-1907.9
175|-1907.9|-1907.9
176|-1907.9|-1907.9
177|-1907.9|-1907.9
178|-1907.9|-1907.9
179|-1907.9|-1907.9
180|-1907.9|-1907.9
181|-1907.9|-1907.9
182|-1907.9|-1907.9
183|-1907.9|-1907.9
184|-1907.9|-1907.9
185|-1907.9|-1907.9
186|-1907.9|-1907.9
187|-1907.9|-1907.9
188|-1907.9|-1907.9
EARLY STOP: TARGET FOUND
105180ms
