1|461.861|461.861
2|430.852|430.852
3|409.049|409.049
4|388.502|388.502
5|368.105|368.105
6|349.814|349.814
7|332.055|332.055
8|314.82|314.82
9|297.768|297.768
10|281.45|281.45
11|265.353|265.353
12|250.454|250.454
13|236.133|236.133
14|222.366|222.366
15|208.688|208.688
16|195.357|195.357
17|182.325|182.325
18|170.485|170.485
19|158.679|158.679
20|149.627|149.627
21|140.607|140.607
22|131.823|131.823
23|123.79|123.79
24|116.112|116.112
25|108.454|108.454
26|101.512|101.512
27|96.4046|96.4046
28|91.4536|91.4536
29|86.649|86.649
30|83.0733|83.0733
31|79.5342|79.5342
32|76.1822|76.1822
33|73.0984|73.0984
34|70.6104|70.6104
35|68.4805|68.4805
36|66.6307|66.6307
37|64.8896|64.8896
38|63.2193|63.2193
39|61.8645|61.8645
40|60.7272|60.7272
41|59.5943|59.5943
42|58.4839|58.4839
43|57.6023|57.6023
44|56.7424|56.7424
45|55.9741|55.9741
46|55.2742|55.2742
47|54.5989|54.5989
48|53.9847|53.9847
49|53.3745|53.3745
50|52.8357|52.8357
51|52.3226|52.3226
52|51.8656|51.8656
53|51.4129|51.4129
54|50.9711|50.9711
55|50.5794|50.5794
56|50.1994|50.1994
57|49.8476|49.8476
58|49.5459|49.5459
59|49.3143|49.3143
60|49.102|49.102
61|48.9013|48.9013
62|48.7137|48.7137
63|48.5319|48.5319
64|48.3514|48.3514
65|48.1735|48.1735
66|48.0006|48.0006
67|47.83|47.83
68|47.665|47.665
69|47.5065|47.5065
70|47.3684|47.3684
71|47.2322|47.2322
72|47.1333|47.1333
73|47.0515|47.0515
74|46.9709|46.9709
75|46.8913|46.8913
76|46.8154|46.8154
77|46.7407|46.7407
78|46.6936|46.6936
79|46.6522|46.6522
80|46.6149|46.6149
81|46.578|46.578
82|46.5412|46.5412
83|46.5044|46.5044
84|46.4677|46.4677
85|46.4315|46.4315
86|46.3969|46.3969
87|46.3632|46.3632
88|46.3321|46.3321
89|46.301|46.301
90|46.2758|46.2758
91|46.2526|46.2526
92|46.2326|46.2326
93|46.2146|46.2146
94|46.1969|46.1969
95|46.1794|46.1794
96|46.1619|46.1619
97|46.1444|46.1444
98|46.127|46.127
99|46.1103|46.1103
100|46.0937|46.0937
101|46.0801|46.0801
102|46.0683|46.0683
103|46.0566|46.0566
104|46.0476|46.0476
105|46.0387|46.0387
106|46.0299|46.0299
107|46.0212|46.0212
108|46.0126|46.0126
109|46.0039|46.0039
110|45.9952|45.9952
111|45.9869|45.9869
112|45.9798|45.9798
113|45.9739|45.9739
114|45.9681|45.9681
115|45.9636|45.9636
116|45.9593|45.9593
117|45.9551|45.9551
118|45.9521|45.9521
119|45.9494|45.9494
120|45.947|45.947
121|45.9448|45.9448
122|45.9427|45.9427
123|45.9406|45.9406
124|45.9385|45.9385
125|45.9369|45.9369
126|45.9354|45.9354
127|45.9339|45.9339
128|45.9297|45.9297
129|45.9283|45.9283
130|45.927|45.927
131|45.9257|45.9257
132|45.9244|45.9244
133|45.9231|45.9231
134|45.922|45.922
135|45.9209|45.9209
136|45.9199|45.9199
137|45.9192|45.9192
138|45.9185|45.9185
139|45.9179|45.9179
140|45.9173|45.9173
141|45.9167|45.9167
142|45.9162|45.9162
143|45.9156|45.9156
144|45.9151|45.9151
145|45.9146|45.9146
146|45.914|45.914
147|45.9135|45.9135
148|45.9132|45.9132
149|45.9129|45.9129
150|45.9126|45.9126
151|45.9123|45.9123
152|45.9121|45.9121
153|45.9118|45.9118
154|45.9116|45.9116
155|45.9113|45.9113
156|45.911|45.911
157|45.9108|45.9108
158|45.9107|45.9107
159|45.9105|45.9105
160|45.9104|45.9104
161|45.9102|45.9102
162|45.9101|45.9101
163|45.9099|45.9099
164|45.9098|45.9098
165|45.9097|45.9097
166|45.9096|45.9096
167|45.9095|45.9095
168|45.9094|45.9094
169|45.9093|45.9093
170|45.9092|45.9092
171|45.9092|45.9092
172|45.9091|45.9091
173|45.9091|45.9091
174|45.9091|45.9091
175|45.909|45.909
176|45.909|45.909
177|45.909|45.909
178|45.9089|45.9089
179|45.9089|45.9089
180|45.9089|45.9089
181|45.9089|45.9089
182|45.9089|45.9089
183|45.9089|45.9089
184|45.9089|45.9089
185|45.9088|45.9088
186|45.9088|45.9088
187|45.9088|45.9088
188|45.9088|45.9088
189|45.9088|45.9088
190|45.9088|45.9088
191|45.9088|45.9088
192|45.9088|45.9088
193|45.9088|45.9088
194|45.9088|45.9088
195|45.9088|45.9088
196|45.9088|45.9088
197|45.9088|45.9088
198|45.9088|45.9088
199|45.9088|45.9088
200|45.9088|45.9088
201|45.9088|45.9088
202|45.9088|45.9088
203|45.9088|45.9088
204|45.9088|45.9088
205|45.9088|45.9088
206|45.9088|45.9088
207|45.9088|45.9088
208|45.9088|45.9088
209|45.9088|45.9088
210|45.9088|45.9088
211|45.9088|45.9088
212|45.9088|45.9088
213|45.9088|45.9088
214|45.9088|45.9088
215|45.9088|45.9088
216|45.9088|45.9088
217|45.9088|45.9088
218|45.9088|45.9088
219|45.9088|45.9088
220|45.9088|45.9088
221|45.9088|45.9088
222|45.9088|45.9088
223|45.9088|45.9088
224|45.9088|45.9088
225|45.9088|45.9088
226|45.9088|45.9088
227|45.9088|45.9088
228|45.9088|45.9088
229|45.9088|45.9088
230|45.9088|45.9088
231|45.9088|45.9088
232|45.9088|45.9088
233|45.9088|45.9088
234|45.9088|45.9088
235|45.9088|45.9088
236|45.9088|45.9088
237|45.9088|45.9088
238|45.9088|45.9088
239|45.9088|45.9088
240|45.9088|45.9088
241|45.9088|45.9088
242|45.9088|45.9088
243|45.9088|45.9088
244|45.9088|45.9088
245|45.9088|45.9088
246|45.9088|45.9088
247|45.9088|45.9088
248|45.9088|45.9088
249|45.9088|45.9088
250|45.9088|45.9088
251|45.9088|45.9088
252|45.9088|45.9088
253|45.9088|45.9088
254|45.9088|45.9088
255|45.9088|45.9088
256|45.9088|45.9088
257|45.9088|45.9088
258|45.9088|45.9088
259|45.9088|45.9088
260|45.9088|45.9088
261|45.9088|45.9088
262|45.9088|45.9088
263|45.9088|45.9088
264|45.9088|45.9088
265|45.9088|45.9088
266|45.9088|45.9088
267|45.9088|45.9088
268|45.9088|45.9088
269|45.9088|45.9088
270|45.9088|45.9088
271|45.9088|45.9088
272|45.9088|45.9088
273|45.9088|45.9088
274|45.9088|45.9088
275|45.9088|45.9088
276|45.9088|45.9088
277|45.9088|45.9088
278|45.9088|45.9088
279|45.9088|45.9088
280|45.9088|45.9088
281|45.9088|45.9088
282|45.9088|45.9088
283|45.9088|45.9088
284|45.9088|45.9088
285|45.9088|45.9088
286|45.9088|45.9088
287|45.9088|45.9088
288|45.9088|45.9088
289|45.9088|45.9088
290|45.9088|45.9088
291|45.9088|45.9088
292|45.9088|45.9088
293|45.9088|45.9088
294|45.9088|45.9088
295|45.9088|45.9088
296|45.9088|45.9088
297|45.9088|45.9088
298|45.9088|45.9088
299|45.9088|45.9088
300|45.9088|45.9088
301|45.9088|45.9088
302|45.9088|45.9088
303|45.9088|45.9088
304|45.9088|45.9088
305|45.9088|45.9088
306|45.9088|45.9088
307|45.9088|45.9088
308|45.9088|45.9088
309|45.9088|45.9088
310|45.9088|45.9088
311|45.9088|45.9088
312|45.9088|45.9088
313|45.9088|45.9088
314|45.9088|45.9088
315|45.9088|45.9088
316|45.9088|45.9088
317|45.9088|45.9088
318|45.9088|45.9088
319|45.9088|45.9088
320|45.9088|45.9088
321|45.9088|45.9088
322|45.9088|45.9088
323|45.9088|45.9088
324|45.9088|45.9088
325|45.9088|45.9088
326|45.9088|45.9088
327|45.9088|45.9088
328|45.9088|45.9088
329|45.9088|45.9088
330|45.9088|45.9088
331|45.9088|45.9088
332|45.9088|45.9088
333|45.9088|45.9088
334|45.9088|45.9088
335|45.9088|45.9088
336|45.9088|45.9088
337|45.9088|45.9088
338|45.9088|45.9088
EARLY STOP: TARGET FOUND
3874560ms
