1|503.57|503.57
2|473.375|473.375
3|446.349|446.349
4|419.613|419.613
5|394.166|394.166
6|369.027|369.027
7|343.947|343.947
8|323.84|323.84
9|303.782|303.782
10|284.532|284.532
11|265.381|265.381
12|247.423|247.423
13|232.515|232.515
14|218.996|218.996
15|206.914|206.914
16|196.109|196.109
17|185.536|185.536
18|176.575|176.575
19|168.597|168.597
20|157.861|157.861
21|150.628|150.628
22|143.402|143.402
23|136.499|136.499
24|130.602|130.602
25|126.153|126.153
26|121.797|121.797
27|117.973|117.973
28|114.318|114.318
29|111.386|111.386
30|108.81|108.81
31|106.372|106.372
32|97.472|97.472
33|95.4782|95.4782
34|93.4949|93.4949
35|91.7071|91.7071
36|90.1191|90.1191
37|88.5737|88.5737
38|87.2269|87.2269
39|85.9121|85.9121
40|84.8058|84.8058
41|83.9543|83.9543
42|83.1171|83.1171
43|82.3043|82.3043
44|81.4676|81.4676
45|80.7176|80.7176
46|80.0066|80.0066
47|79.3107|79.3107
48|78.7011|78.7011
49|78.1661|78.1661
50|77.6333|77.6333
51|77.1663|77.1663
52|76.7542|76.7542
53|76.3469|76.3469
54|75.9511|75.9511
55|75.5682|75.5682
56|75.2589|75.2589
57|74.9513|74.9513
58|74.6518|74.6518
59|74.3592|74.3592
60|74.0927|74.0927
61|73.8956|73.8956
62|73.7007|73.7007
63|73.5073|73.5073
64|73.3148|73.3148
65|73.1255|73.1255
66|72.9391|72.9391
67|72.761|72.761
68|72.5968|72.5968
69|72.4535|72.4535
70|72.3115|72.3115
71|72.1703|72.1703
72|72.0333|72.0333
73|71.8963|71.8963
74|71.7753|71.7753
75|71.6572|71.6572
76|71.5452|71.5452
77|71.4647|71.4647
78|71.3856|71.3856
79|71.3102|71.3102
80|71.2354|71.2354
81|71.1675|71.1675
82|71.0997|71.0997
83|71.0324|71.0324
84|70.9815|70.9815
85|70.9343|70.9343
86|70.8873|70.8873
87|70.8411|70.8411
88|70.8027|70.8027
89|70.7654|70.7654
90|70.7288|70.7288
91|70.6928|70.6928
92|70.6569|70.6569
93|70.6216|70.6216
94|70.5879|70.5879
95|70.5645|70.5645
96|70.5411|70.5411
97|70.5233|70.5233
98|70.5056|70.5056
99|70.4881|70.4881
100|70.4715|70.4715
101|70.4549|70.4549
102|70.4383|70.4383
103|70.4266|70.4266
104|70.415|70.415
105|70.4039|70.4039
106|70.3938|70.3938
107|70.3842|70.3842
108|70.3755|70.3755
109|70.3668|70.3668
110|70.3581|70.3581
111|70.3495|70.3495
112|70.3412|70.3412
113|70.333|70.333
114|70.3257|70.3257
115|70.3192|70.3192
116|70.313|70.313
117|70.3071|70.3071
118|70.3016|70.3016
119|70.2973|70.2973
120|70.293|70.293
121|70.2888|70.2888
122|70.2852|70.2852
123|70.2818|70.2818
124|70.2789|70.2789
125|70.276|70.276
126|70.2733|70.2733
127|70.2706|70.2706
128|70.2685|70.2685
129|70.2663|70.2663
130|70.2642|70.2642
131|70.262|70.262
132|70.2599|70.2599
133|70.2577|70.2577
134|70.2557|70.2557
135|70.2536|70.2536
136|70.2515|70.2515
137|70.2495|70.2495
138|70.2476|70.2476
139|70.2459|70.2459
140|70.2444|70.2444
141|70.2432|70.2432
142|70.2421|70.2421
143|70.241|70.241
144|70.24|70.24
145|70.239|70.239
146|70.2381|70.2381
147|70.2372|70.2372
148|70.2363|70.2363
149|70.2356|70.2356
150|70.2348|70.2348
151|70.2342|70.2342
152|70.2336|70.2336
153|70.2331|70.2331
154|70.2326|70.2326
155|70.2321|70.2321
156|70.2316|70.2316
157|70.2311|70.2311
158|70.2307|70.2307
159|70.2304|70.2304
160|70.2301|70.2301
161|70.2299|70.2299
162|70.2296|70.2296
163|70.2293|70.2293
164|70.2291|70.2291
165|70.2289|70.2289
166|70.2287|70.2287
167|70.2285|70.2285
168|70.2284|70.2284
169|70.2282|70.2282
170|70.2281|70.2281
171|70.2279|70.2279
172|70.2278|70.2278
173|70.2277|70.2277
174|70.2276|70.2276
175|70.2275|70.2275
176|70.2274|70.2274
177|70.2274|70.2274
178|70.2273|70.2273
179|70.2273|70.2273
180|70.2273|70.2273
181|70.2272|70.2272
182|70.2272|70.2272
183|70.2272|70.2272
184|70.2271|70.2271
185|70.2271|70.2271
186|70.2271|70.2271
187|70.2271|70.2271
188|70.2271|70.2271
189|70.2271|70.2271
190|70.2271|70.2271
191|70.2271|70.2271
192|70.2271|70.2271
193|70.227|70.227
194|70.227|70.227
195|70.227|70.227
196|70.227|70.227
197|70.227|70.227
198|70.227|70.227
199|70.227|70.227
200|70.227|70.227
201|70.227|70.227
202|70.227|70.227
203|70.227|70.227
204|70.227|70.227
205|70.227|70.227
206|70.227|70.227
207|70.227|70.227
208|70.227|70.227
209|70.227|70.227
210|70.227|70.227
211|70.227|70.227
212|70.227|70.227
213|70.227|70.227
214|70.227|70.227
215|70.227|70.227
216|70.227|70.227
217|70.227|70.227
218|70.227|70.227
219|70.227|70.227
220|70.227|70.227
221|70.227|70.227
222|70.227|70.227
223|70.227|70.227
224|70.227|70.227
225|70.227|70.227
226|70.227|70.227
227|70.227|70.227
228|70.227|70.227
229|70.227|70.227
230|70.227|70.227
231|70.227|70.227
232|70.227|70.227
233|70.227|70.227
234|70.227|70.227
235|70.227|70.227
236|70.227|70.227
237|70.227|70.227
238|70.227|70.227
239|70.227|70.227
240|70.227|70.227
241|70.227|70.227
242|70.227|70.227
243|70.227|70.227
244|70.227|70.227
245|70.227|70.227
246|70.227|70.227
247|70.227|70.227
248|70.227|70.227
249|70.227|70.227
250|70.227|70.227
251|70.227|70.227
252|70.227|70.227
253|70.227|70.227
254|70.227|70.227
255|70.227|70.227
256|70.227|70.227
257|70.227|70.227
258|70.227|70.227
259|70.227|70.227
260|70.227|70.227
261|70.227|70.227
262|70.227|70.227
263|70.227|70.227
264|70.227|70.227
265|70.227|70.227
266|70.227|70.227
267|70.227|70.227
268|70.227|70.227
269|70.227|70.227
270|70.227|70.227
271|70.227|70.227
272|70.227|70.227
273|70.227|70.227
274|70.227|70.227
275|70.227|70.227
276|70.227|70.227
277|70.227|70.227
278|70.227|70.227
279|70.227|70.227
280|70.227|70.227
281|70.227|70.227
282|70.227|70.227
283|70.227|70.227
284|70.227|70.227
285|70.227|70.227
286|70.227|70.227
287|70.227|70.227
288|70.227|70.227
289|70.227|70.227
290|70.227|70.227
291|70.227|70.227
292|70.227|70.227
293|70.227|70.227
294|70.227|70.227
295|70.227|70.227
296|70.227|70.227
297|70.227|70.227
298|70.227|70.227
299|70.227|70.227
300|70.227|70.227
301|70.227|70.227
302|70.227|70.227
303|70.227|70.227
304|70.227|70.227
305|70.227|70.227
306|70.227|70.227
307|70.227|70.227
308|70.227|70.227
309|70.227|70.227
310|70.227|70.227
311|70.227|70.227
312|70.227|70.227
313|70.227|70.227
314|70.227|70.227
315|70.227|70.227
316|70.227|70.227
317|70.227|70.227
318|70.227|70.227
319|70.227|70.227
320|70.227|70.227
321|70.227|70.227
322|70.227|70.227
323|70.227|70.227
324|70.227|70.227
325|70.227|70.227
326|70.227|70.227
327|70.227|70.227
328|70.227|70.227
329|70.227|70.227
330|70.227|70.227
331|70.227|70.227
332|70.227|70.227
333|70.227|70.227
334|70.227|70.227
335|70.227|70.227
336|70.227|70.227
337|70.227|70.227
338|70.227|70.227
339|70.227|70.227
340|70.227|70.227
341|70.227|70.227
342|70.227|70.227
343|70.227|70.227
344|70.227|70.227
EARLY STOP: TARGET FOUND
3940863ms
