1|-622.565|-622.565
2|-1084.16|-1084.16
3|-1545.64|-1545.64
4|-1750.44|-1750.44
5|-1950.38|-1950.38
6|-2297.56|-2297.56
7|-2480.62|-2480.62
8|-2562.77|-2562.77
9|-2660.62|-2660.62
10|-2900.05|-2900.05
11|-2947.25|-2947.25
12|-2993.25|-2993.25
13|-3038.59|-3038.59
14|-3068.49|-3068.49
15|-3096.89|-3096.89
16|-3132.35|-3132.35
17|-3157.98|-3157.98
18|-3193.55|-3193.55
19|-3218.54|-3218.54
20|-3240.83|-3240.83
21|-3261.03|-3261.03
22|-3278.88|-3278.88
23|-3295.15|-3295.15
24|-3306.9|-3306.9
25|-3317.89|-3317.89
26|-3342.75|-3342.75
27|-3351.57|-3351.57
28|-3355.94|-3355.94
29|-3358.13|-3358.13
30|-3360.31|-3360.31
31|-3361.9|-3361.9
32|-3362.99|-3362.99
33|-3363.82|-3363.82
34|-3364.6|-3364.6
35|-3365.17|-3365.17
36|-3365.72|-3365.72
37|-3366.15|-3366.15
38|-3366.54|-3366.54
39|-3366.79|-3366.79
40|-3366.94|-3366.94
41|-3367.08|-3367.08
42|-3367.21|-3367.21
43|-3367.29|-3367.29
44|-3367.36|-3367.36
45|-3367.44|-3367.44
46|-3367.5|-3367.5
47|-3367.57|-3367.57
48|-3367.63|-3367.63
49|-3367.66|-3367.66
50|-3367.7|-3367.7
51|-3367.73|-3367.73
52|-3367.77|-3367.77
53|-3367.8|-3367.8
54|-3367.82|-3367.82
55|-3367.84|-3367.84
56|-3367.86|-3367.86
57|-3367.88|-3367.88
58|-3367.89|-3367.89
59|-3367.91|-3367.91
60|-3367.92|-3367.92
61|-3367.92|-3367.92
62|-3367.93|-3367.93
63|-3367.94|-3367.94
64|-3367.94|-3367.94
65|-3367.95|-3367.95
66|-3367.95|-3367.95
67|-3367.96|-3367.96
68|-3367.96|-3367.96
69|-3367.96|-3367.96
70|-3367.97|-3367.97
71|-3367.97|-3367.97
72|-3367.97|-3367.97
73|-3367.97|-3367.97
74|-3367.98|-3367.98
75|-3367.98|-3367.98
76|-3367.98|-3367.98
77|-3367.98|-3367.98
78|-3367.98|-3367.98
79|-3367.98|-3367.98
80|-3367.99|-3367.99
81|-3367.99|-3367.99
82|-3367.99|-3367.99
83|-3367.99|-3367.99
84|-3367.99|-3367.99
85|-3367.99|-3367.99
86|-3367.99|-3367.99
87|-3367.99|-3367.99
88|-3367.99|-3367.99
89|-3367.99|-3367.99
90|-3367.99|-3367.99
91|-3367.99|-3367.99
92|-3367.99|-3367.99
93|-3367.99|-3367.99
94|-3367.99|-3367.99
95|-3367.99|-3367.99
96|-3367.99|-3367.99
97|-3367.99|-3367.99
98|-3367.99|-3367.99
99|-3367.99|-3367.99
100|-3367.99|-3367.99
101|-3367.99|-3367.99
102|-3367.99|-3367.99
103|-3367.99|-3367.99
104|-3367.99|-3367.99
105|-3367.99|-3367.99
106|-3367.99|-3367.99
107|-3367.99|-3367.99
108|-3367.99|-3367.99
109|-3367.99|-3367.99
110|-3367.99|-3367.99
111|-3367.99|-3367.99
112|-3367.99|-3367.99
113|-3367.99|-3367.99
114|-3367.99|-3367.99
115|-3367.99|-3367.99
116|-3367.99|-3367.99
117|-3367.99|-3367.99
118|-3367.99|-3367.99
119|-3367.99|-3367.99
120|-3367.99|-3367.99
121|-3367.99|-3367.99
122|-3367.99|-3367.99
123|-3367.99|-3367.99
124|-3367.99|-3367.99
125|-3367.99|-3367.99
126|-3367.99|-3367.99
127|-3367.99|-3367.99
128|-3367.99|-3367.99
129|-3367.99|-3367.99
130|-3367.99|-3367.99
131|-3367.99|-3367.99
132|-3367.99|-3367.99
133|-3367.99|-3367.99
134|-3367.99|-3367.99
135|-3367.99|-3367.99
136|-3367.99|-3367.99
137|-3367.99|-3367.99
138|-3367.99|-3367.99
139|-3367.99|-3367.99
140|-3367.99|-3367.99
141|-3367.99|-3367.99
142|-3367.99|-3367.99
143|-3367.99|-3367.99
144|-3367.99|-3367.99
145|-3367.99|-3367.99
146|-3367.99|-3367.99
147|-3367.99|-3367.99
148|-3367.99|-3367.99
149|-3367.99|-3367.99
150|-3367.99|-3367.99
151|-3367.99|-3367.99
152|-3367.99|-3367.99
153|-3367.99|-3367.99
154|-3367.99|-3367.99
155|-3367.99|-3367.99
156|-3367.99|-3367.99
157|-3367.99|-3367.99
158|-3367.99|-3367.99
159|-3367.99|-3367.99
160|-3367.99|-3367.99
161|-3367.99|-3367.99
162|-3367.99|-3367.99
163|-3367.99|-3367.99
164|-3367.99|-3367.99
165|-3367.99|-3367.99
166|-3367.99|-3367.99
167|-3367.99|-3367.99
168|-3367.99|-3367.99
169|-3367.99|-3367.99
170|-3367.99|-3367.99
171|-3367.99|-3367.99
172|-3367.99|-3367.99
173|-3367.99|-3367.99
174|-3367.99|-3367.99
175|-3367.99|-3367.99
176|-3367.99|-3367.99
177|-3367.99|-3367.99
178|-3367.99|-3367.99
179|-3367.99|-3367.99
180|-3367.99|-3367.99
181|-3367.99|-3367.99
182|-3367.99|-3367.99
183|-3367.99|-3367.99
184|-3367.99|-3367.99
185|-3367.99|-3367.99
186|-3367.99|-3367.99
187|-3367.99|-3367.99
188|-3367.99|-3367.99
189|-3367.99|-3367.99
190|-3367.99|-3367.99
191|-3367.99|-3367.99
192|-3367.99|-3367.99
193|-3367.99|-3367.99
194|-3367.99|-3367.99
195|-3367.99|-3367.99
196|-3367.99|-3367.99
197|-3367.99|-3367.99
198|-3367.99|-3367.99
199|-3367.99|-3367.99
200|-3367.99|-3367.99
201|-3367.99|-3367.99
202|-3367.99|-3367.99
203|-3367.99|-3367.99
204|-3367.99|-3367.99
205|-3367.99|-3367.99
206|-3367.99|-3367.99
207|-3367.99|-3367.99
208|-3367.99|-3367.99
209|-3367.99|-3367.99
210|-3367.99|-3367.99
211|-3367.99|-3367.99
212|-3367.99|-3367.99
213|-3367.99|-3367.99
214|-3367.99|-3367.99
215|-3367.99|-3367.99
216|-3367.99|-3367.99
217|-3367.99|-3367.99
218|-3367.99|-3367.99
219|-3367.99|-3367.99
220|-3367.99|-3367.99
221|-3367.99|-3367.99
222|-3367.99|-3367.99
223|-3367.99|-3367.99
224|-3367.99|-3367.99
225|-3367.99|-3367.99
226|-3367.99|-3367.99
227|-3367.99|-3367.99
228|-3367.99|-3367.99
229|-3367.99|-3367.99
230|-3367.99|-3367.99
231|-3367.99|-3367.99
232|-3367.99|-3367.99
233|-3367.99|-3367.99
234|-3367.99|-3367.99
235|-3367.99|-3367.99
236|-3367.99|-3367.99
EARLY STOP: TARGET FOUND
479541ms
