1|-3.29038|-3.29038
2|-4.27196|-4.27196
3|-5.22927|-5.22927
4|-6.1382|-6.1382
5|-6.93673|-6.93673
6|-7.72743|-7.72743
7|-8.47773|-8.47773
8|-9.21824|-9.21824
9|-9.9227|-9.9227
10|-10.6083|-10.6083
11|-11.2921|-11.2921
12|-11.9695|-11.9695
13|-12.5124|-12.5124
14|-13.0312|-13.0312
15|-13.2485|-13.2485
16|-13.4624|-13.4624
17|-13.6607|-13.6607
18|-13.8452|-13.8452
19|-14.3599|-14.3599
20|-14.597|-14.597
21|-14.7795|-14.7795
22|-14.9614|-14.9614
23|-15.4561|-15.4561
24|-15.6371|-15.6371
25|-15.9321|-15.9321
26|-16.0994|-16.0994
27|-16.892|-16.892
28|-17.0044|-17.0044
29|-17.6554|-17.6554
30|-17.7512|-17.7512
31|-18.3667|-18.3667
32|-18.6329|-18.6329
33|-18.7268|-18.7268
34|-18.8195|-18.8195
35|-18.9323|-18.9323
36|-19.0173|-19.0173
37|-19.5721|-19.5721
38|-19.7648|-19.7648
39|-19.8435|-19.8435
40|-19.9109|-19.9109
41|-20.7525|-20.7525
42|-20.8382|-20.8382
43|-20.9008|-20.9008
44|-20.9528|-20.9528
45|-20.9983|-20.9983
46|-21.0435|-21.0435
47|-21.0886|-21.0886
48|-21.7488|-21.7488
49|-21.8721|-21.8721
50|-21.9159|-21.9159
51|-21.9538|-21.9538
52|-21.9887|-21.9887
53|-22.022|-22.022
54|-22.0527|-22.0527
55|-22.6483|-22.6483
56|-22.7295|-22.7295
57|-22.7584|-22.7584
58|-22.7862|-22.7862
59|-22.8072|-22.8072
60|-22.826|-22.826
61|-22.8447|-22.8447
62|-22.86|-22.86
63|-22.8745|-22.8745
64|-22.8864|-22.8864
65|-22.8975|-22.8975
66|-22.9079|-22.9079
67|-22.9174|-22.9174
68|-22.9265|-22.9265
69|-22.9356|-22.9356
70|-22.9443|-22.9443
71|-22.9515|-22.9515
72|-22.9582|-22.9582
73|-22.9642|-22.9642
74|-22.9696|-22.9696
75|-22.9738|-22.9738
76|-22.978|-22.978
77|-22.982|-22.982
78|-22.9857|-22.9857
79|-22.9893|-22.9893
80|-22.9926|-22.9926
81|-22.9958|-22.9958
82|-22.9985|-22.9985
83|-23.0006|-23.0006
84|-23.0024|-23.0024
85|-23.0036|-23.0036
86|-23.0047|-23.0047
87|-23.0058|-23.0058
88|-23.0068|-23.0068
89|-23.0078|-23.0078
90|-23.0086|-23.0086
91|-23.0094|-23.0094
92|-23.0101|-23.0101
93|-23.0155|-23.0155
94|-23.0163|-23.0163
95|-23.017|-23.017
96|-23.0177|-23.0177
97|-23.0184|-23.0184
98|-23.0191|-23.0191
99|-23.0197|-23.0197
100|-23.0202|-23.0202
101|-23.0207|-23.0207
102|-23.0212|-23.0212
103|-23.0216|-23.0216
104|-23.0219|-23.0219
105|-23.0223|-23.0223
106|-23.0226|-23.0226
107|-23.023|-23.023
108|-23.0233|-23.0233
109|-23.0236|-23.0236
110|-23.0238|-23.0238
111|-23.0241|-23.0241
112|-23.0243|-23.0243
113|-23.0245|-23.0245
114|-23.0247|-23.0247
115|-23.0249|-23.0249
116|-23.025|-23.025
117|-23.0252|-23.0252
118|-23.0253|-23.0253
119|-23.0255|-23.0255
120|-23.0256|-23.0256
121|-23.0257|-23.0257
122|-23.0258|-23.0258
123|-23.0259|-23.0259
124|-23.026|-23.026
125|-23.026|-23.026
126|-23.0261|-23.0261
127|-23.0262|-23.0262
128|-23.0263|-23.0263
129|-23.0263|-23.0263
130|-23.0263|-23.0263
131|-23.0264|-23.0264
132|-23.0264|-23.0264
133|-23.0265|-23.0265
134|-23.0265|-23.0265
135|-23.0265|-23.0265
136|-23.0266|-23.0266
137|-23.0266|-23.0266
138|-23.0266|-23.0266
139|-23.0267|-23.0267
140|-23.0267|-23.0267
141|-23.0267|-23.0267
142|-23.0267|-23.0267
143|-23.0268|-23.0268
144|-23.0268|-23.0268
145|-23.0268|-23.0268
146|-23.0268|-23.0268
147|-23.0268|-23.0268
148|-23.0268|-23.0268
149|-23.0268|-23.0268
150|-23.0268|-23.0268
151|-23.0269|-23.0269
152|-23.0269|-23.0269
153|-23.0269|-23.0269
154|-23.0269|-23.0269
155|-23.0269|-23.0269
156|-23.0269|-23.0269
157|-23.0269|-23.0269
158|-23.0269|-23.0269
159|-23.0269|-23.0269
160|-23.0269|-23.0269
161|-23.0269|-23.0269
162|-23.0269|-23.0269
163|-23.0269|-23.0269
164|-23.0269|-23.0269
165|-23.0269|-23.0269
166|-23.0269|-23.0269
167|-23.0269|-23.0269
168|-23.0269|-23.0269
169|-23.0269|-23.0269
170|-23.0269|-23.0269
171|-23.0269|-23.0269
172|-23.0269|-23.0269
173|-23.0269|-23.0269
174|-23.0269|-23.0269
175|-23.0269|-23.0269
176|-23.0269|-23.0269
177|-23.0269|-23.0269
178|-23.0269|-23.0269
179|-23.0269|-23.0269
180|-23.0269|-23.0269
181|-23.0269|-23.0269
182|-23.0269|-23.0269
183|-23.0269|-23.0269
184|-23.0269|-23.0269
185|-23.0269|-23.0269
186|-23.0269|-23.0269
187|-23.0269|-23.0269
188|-23.0269|-23.0269
189|-23.0269|-23.0269
190|-23.0269|-23.0269
191|-23.0269|-23.0269
192|-23.0269|-23.0269
193|-23.0269|-23.0269
194|-23.0269|-23.0269
195|-23.0269|-23.0269
196|-23.0269|-23.0269
197|-23.0269|-23.0269
198|-23.0269|-23.0269
199|-23.0269|-23.0269
200|-23.0269|-23.0269
201|-23.0269|-23.0269
202|-23.0269|-23.0269
203|-23.0269|-23.0269
204|-23.0269|-23.0269
205|-23.0269|-23.0269
206|-23.0269|-23.0269
207|-23.0269|-23.0269
208|-23.0269|-23.0269
209|-23.0269|-23.0269
210|-23.0269|-23.0269
211|-23.0269|-23.0269
212|-23.0269|-23.0269
213|-23.0269|-23.0269
214|-23.0269|-23.0269
215|-23.0269|-23.0269
216|-23.0269|-23.0269
217|-23.0269|-23.0269
218|-23.0269|-23.0269
219|-23.0269|-23.0269
220|-23.0269|-23.0269
221|-23.0269|-23.0269
222|-23.0269|-23.0269
223|-23.0269|-23.0269
224|-23.0269|-23.0269
225|-23.0269|-23.0269
226|-23.0269|-23.0269
227|-23.0269|-23.0269
228|-23.0269|-23.0269
229|-23.0269|-23.0269
230|-23.0269|-23.0269
231|-23.0269|-23.0269
232|-23.0269|-23.0269
233|-23.0269|-23.0269
234|-23.0269|-23.0269
235|-23.0269|-23.0269
236|-23.0269|-23.0269
237|-23.0269|-23.0269
238|-23.0269|-23.0269
239|-23.0269|-23.0269
240|-23.0269|-23.0269
241|-23.0269|-23.0269
242|-23.0269|-23.0269
243|-23.0269|-23.0269
244|-23.0269|-23.0269
245|-23.0269|-23.0269
246|-23.0269|-23.0269
247|-23.0269|-23.0269
248|-23.0269|-23.0269
249|-23.0269|-23.0269
250|-23.0269|-23.0269
251|-23.0269|-23.0269
252|-23.0269|-23.0269
253|-23.0269|-23.0269
254|-23.0269|-23.0269
255|-23.0269|-23.0269
256|-23.0269|-23.0269
257|-23.0269|-23.0269
258|-23.0269|-23.0269
259|-23.0269|-23.0269
260|-23.0269|-23.0269
261|-23.0269|-23.0269
262|-23.0269|-23.0269
263|-23.0269|-23.0269
264|-23.0269|-23.0269
265|-23.0269|-23.0269
266|-23.0269|-23.0269
267|-23.0269|-23.0269
268|-23.0269|-23.0269
269|-23.0269|-23.0269
270|-23.0269|-23.0269
271|-23.0269|-23.0269
272|-23.0269|-23.0269
273|-23.0269|-23.0269
274|-23.0269|-23.0269
275|-23.0269|-23.0269
276|-23.0269|-23.0269
277|-23.0269|-23.0269
278|-23.0269|-23.0269
279|-23.0269|-23.0269
280|-23.0269|-23.0269
281|-23.0269|-23.0269
282|-23.0269|-23.0269
283|-23.0269|-23.0269
284|-23.0269|-23.0269
285|-23.0269|-23.0269
286|-23.0269|-23.0269
287|-23.0269|-23.0269
288|-23.0269|-23.0269
289|-23.0269|-23.0269
290|-23.0269|-23.0269
291|-23.0269|-23.0269
292|-23.0269|-23.0269
293|-23.0269|-23.0269
294|-23.0269|-23.0269
295|-23.0269|-23.0269
296|-23.0269|-23.0269
297|-23.0269|-23.0269
298|-23.0269|-23.0269
299|-23.0269|-23.0269
300|-23.0269|-23.0269
301|-23.0269|-23.0269
302|-23.0269|-23.0269
303|-23.0269|-23.0269
304|-23.0269|-23.0269
305|-23.0269|-23.0269
306|-23.0269|-23.0269
307|-23.0269|-23.0269
308|-23.0269|-23.0269
309|-23.0269|-23.0269
310|-23.0269|-23.0269
EARLY STOP: TARGET FOUND
3547009ms
