1|-1.01564|-1.01564
2|-1.63031|-1.63031
3|-2.12406|-2.12406
4|-2.40008|-2.40008
5|-2.96573|-2.96573
6|-3.23298|-3.23298
7|-3.4895|-3.4895
8|-3.64383|-3.64383
9|-3.77478|-3.77478
10|-3.85213|-3.85213
11|-3.92357|-3.92357
12|-3.9834|-3.9834
13|-4.29301|-4.29301
14|-4.3592|-4.3592
15|-4.41324|-4.41324
16|-4.45433|-4.45433
17|-4.95766|-4.95766
18|-5.33871|-5.33871
19|-5.37353|-5.37353
20|-5.4003|-5.4003
21|-6.13895|-6.13895
22|-6.15672|-6.15672
23|-6.17018|-6.17018
24|-6.18203|-6.18203
25|-6.19138|-6.19138
26|-6.20034|-6.20034
27|-6.20886|-6.20886
28|-6.21558|-6.21558
29|-6.22008|-6.22008
30|-6.22439|-6.22439
31|-6.2283|-6.2283
32|-6.23175|-6.23175
33|-6.23718|-6.23718
34|-6.24197|-6.24197
35|-6.2451|-6.2451
36|-6.24818|-6.24818
37|-6.25072|-6.25072
38|-6.25303|-6.25303
39|-6.2552|-6.2552
40|-6.25726|-6.25726
41|-6.25871|-6.25871
42|-6.25939|-6.25939
43|-6.26005|-6.26005
44|-6.26064|-6.26064
45|-6.26122|-6.26122
46|-6.26178|-6.26178
47|-6.26224|-6.26224
48|-6.26267|-6.26267
49|-6.2631|-6.2631
50|-6.2635|-6.2635
51|-6.26383|-6.26383
52|-6.26412|-6.26412
53|-6.26437|-6.26437
54|-6.26459|-6.26459
55|-6.26478|-6.26478
56|-6.26496|-6.26496
57|-6.26511|-6.26511
58|-6.26523|-6.26523
59|-6.26534|-6.26534
60|-6.26543|-6.26543
61|-6.26551|-6.26551
62|-6.26558|-6.26558
63|-6.26564|-6.26564
64|-6.26569|-6.26569
65|-6.26573|-6.26573
66|-6.26577|-6.26577
67|-6.26579|-6.26579
68|-6.26581|-6.26581
69|-6.26583|-6.26583
70|-6.26585|-6.26585
71|-6.26586|-6.26586
72|-6.26586|-6.26586
73|-6.26587|-6.26587
74|-6.26587|-6.26587
75|-6.26587|-6.26587
76|-6.26587|-6.26587
77|-6.26587|-6.26587
78|-6.26587|-6.26587
79|-6.26587|-6.26587
80|-6.26587|-6.26587
81|-6.26587|-6.26587
82|-6.26587|-6.26587
83|-6.26587|-6.26587
84|-6.26587|-6.26587
85|-6.26587|-6.26587
86|-6.26587|-6.26587
87|-6.26587|-6.26587
88|-6.26587|-6.26587
89|-6.26587|-6.26587
90|-6.26587|-6.26587
91|-6.26587|-6.26587
92|-6.26587|-6.26587
93|-6.26587|-6.26587
94|-6.26587|-6.26587
95|-6.26587|-6.26587
96|-6.26587|-6.26587
97|-6.26587|-6.26587
98|-6.26587|-6.26587
99|-6.26587|-6.26587
100|-6.26587|-6.26587
101|-6.26587|-6.26587
102|-6.26587|-6.26587
103|-6.26587|-6.26587
104|-6.26587|-6.26587
105|-6.26587|-6.26587
106|-6.26587|-6.26587
107|-6.26587|-6.26587
108|-6.26587|-6.26587
109|-6.26587|-6.26587
110|-6.26587|-6.26587
111|-6.26587|-6.26587
112|-6.26587|-6.26587
113|-6.26587|-6.26587
114|-6.26587|-6.26587
115|-6.26587|-6.26587
116|-6.26587|-6.26587
117|-6.26587|-6.26587
118|-6.26587|-6.26587
119|-6.26587|-6.26587
120|-6.26587|-6.26587
121|-6.26587|-6.26587
122|-6.26587|-6.26587
123|-6.26587|-6.26587
124|-6.26587|-6.26587
125|-6.26587|-6.26587
126|-6.26587|-6.26587
127|-6.26587|-6.26587
128|-6.26587|-6.26587
129|-6.26587|-6.26587
130|-6.26587|-6.26587
131|-6.26587|-6.26587
132|-6.26587|-6.26587
133|-6.26587|-6.26587
134|-6.26587|-6.26587
135|-6.26587|-6.26587
136|-6.26587|-6.26587
137|-6.26587|-6.26587
138|-6.26587|-6.26587
139|-6.26587|-6.26587
140|-6.26587|-6.26587
141|-6.26587|-6.26587
142|-6.26587|-6.26587
143|-6.26587|-6.26587
144|-6.26587|-6.26587
145|-6.26587|-6.26587
146|-6.26587|-6.26587
147|-6.26587|-6.26587
148|-6.26587|-6.26587
149|-6.26587|-6.26587
150|-6.26587|-6.26587
151|-6.26587|-6.26587
152|-6.26587|-6.26587
153|-6.26587|-6.26587
154|-6.26587|-6.26587
155|-6.26587|-6.26587
156|-6.26587|-6.26587
157|-6.26587|-6.26587
158|-6.26587|-6.26587
159|-6.26587|-6.26587
160|-6.26587|-6.26587
161|-6.26587|-6.26587
162|-6.26587|-6.26587
163|-6.26587|-6.26587
164|-6.26587|-6.26587
165|-6.26587|-6.26587
166|-6.26587|-6.26587
167|-6.26587|-6.26587
168|-6.26587|-6.26587
169|-6.26587|-6.26587
170|-6.26587|-6.26587
171|-6.26587|-6.26587
172|-6.26587|-6.26587
173|-6.26587|-6.26587
174|-6.26587|-6.26587
175|-6.26587|-6.26587
176|-6.26587|-6.26587
177|-6.26587|-6.26587
178|-6.26587|-6.26587
179|-6.26587|-6.26587
180|-6.26587|-6.26587
181|-6.26587|-6.26587
182|-6.26587|-6.26587
183|-6.26587|-6.26587
184|-6.26587|-6.26587
185|-6.26587|-6.26587
186|-6.26587|-6.26587
187|-6.26587|-6.26587
188|-6.26587|-6.26587
189|-6.26587|-6.26587
190|-6.26587|-6.26587
191|-6.26587|-6.26587
192|-6.26587|-6.26587
193|-6.26587|-6.26587
194|-6.26587|-6.26587
195|-6.26587|-6.26587
196|-6.26587|-6.26587
197|-6.26587|-6.26587
198|-6.26587|-6.26587
199|-6.26587|-6.26587
200|-6.26587|-6.26587
201|-6.26587|-6.26587
202|-6.26587|-6.26587
203|-6.26587|-6.26587
204|-6.26587|-6.26587
205|-6.26587|-6.26587
206|-6.26587|-6.26587
207|-6.26587|-6.26587
208|-6.26587|-6.26587
209|-6.26587|-6.26587
210|-6.26587|-6.26587
211|-6.26587|-6.26587
212|-6.26587|-6.26587
213|-6.26587|-6.26587
214|-6.26587|-6.26587
215|-6.26587|-6.26587
216|-6.26587|-6.26587
217|-6.26587|-6.26587
218|-6.26587|-6.26587
219|-6.26587|-6.26587
220|-6.26587|-6.26587
221|-6.26587|-6.26587
222|-6.26587|-6.26587
223|-6.26587|-6.26587
224|-6.26587|-6.26587
225|-6.26587|-6.26587
226|-6.26587|-6.26587
227|-6.26587|-6.26587
EARLY STOP: TARGET FOUND
311137ms
