1|408.677|408.677
2|383.816|383.816
3|360.222|360.222
4|337.171|337.171
5|314.291|314.291
6|293.985|293.985
7|274.162|274.162
8|254.338|254.338
9|237.106|237.106
10|220.953|220.953
11|205.067|205.067
12|189.935|189.935
13|177.196|177.196
14|165.232|165.232
15|154.299|154.299
16|143.378|143.378
17|133.761|133.761
18|124.541|124.541
19|116.431|116.431
20|110.56|110.56
21|105.363|105.363
22|100.965|100.965
23|97.5366|97.5366
24|94.2319|94.2319
25|90.938|90.938
26|87.6557|87.6557
27|84.8417|84.8417
28|82.6401|82.6401
29|80.6742|80.6742
30|79.1704|79.1704
31|77.9406|77.9406
32|76.7247|76.7247
33|75.5562|75.5562
34|74.5044|74.5044
35|73.5503|73.5503
36|72.6816|72.6816
37|71.8223|71.8223
38|71.0997|71.0997
39|70.4266|70.4266
40|69.7694|69.7694
41|69.1362|69.1362
42|68.5847|68.5847
43|68.0886|68.0886
44|67.6533|67.6533
45|67.2441|67.2441
46|66.8417|66.8417
47|66.4518|66.4518
48|66.0925|66.0925
49|65.7829|65.7829
50|65.4854|65.4854
51|65.1981|65.1981
52|64.9927|64.9927
53|64.7983|64.7983
54|64.6085|64.6085
55|64.4273|64.4273
56|64.2534|64.2534
57|64.0918|64.0918
58|63.9499|63.9499
59|63.8127|63.8127
60|63.6837|63.6837
61|63.5629|63.5629
62|63.4435|63.4435
63|63.3408|63.3408
64|63.2463|63.2463
65|63.1686|63.1686
66|63.0914|63.0914
67|63.0151|63.0151
68|62.9403|62.9403
69|62.8712|62.8712
70|62.8033|62.8033
71|62.7596|62.7596
72|62.7182|62.7182
73|62.6781|62.6781
74|62.6442|62.6442
75|62.6105|62.6105
76|62.577|62.577
77|62.5447|62.5447
78|62.5187|62.5187
79|62.4954|62.4954
80|62.4728|62.4728
81|62.4526|62.4526
82|62.4335|62.4335
83|62.4156|62.4156
84|62.3978|62.3978
85|62.3802|62.3802
86|62.3627|62.3627
87|62.346|62.346
88|62.3328|62.3328
89|62.3204|62.3204
90|62.3085|62.3085
91|62.2997|62.2997
92|62.291|62.291
93|62.2823|62.2823
94|62.2736|62.2736
95|62.2653|62.2653
96|62.257|62.257
97|62.2487|62.2487
98|62.2408|62.2408
99|62.2332|62.2332
100|62.2256|62.2256
101|62.2181|62.2181
102|62.2111|62.2111
103|62.2045|62.2045
104|62.1989|62.1989
105|62.1933|62.1933
106|62.188|62.188
107|62.1837|62.1837
108|62.1794|62.1794
109|62.1751|62.1751
110|62.1716|62.1716
111|62.1684|62.1684
112|62.1655|62.1655
113|62.1626|62.1626
114|62.1597|62.1597
115|62.157|62.157
116|62.1544|62.1544
117|62.1521|62.1521
118|62.15|62.15
119|62.1478|62.1478
120|62.1457|62.1457
121|62.1436|62.1436
122|62.1415|62.1415
123|62.1398|62.1398
124|62.1384|62.1384
125|62.1371|62.1371
126|62.1359|62.1359
127|62.1315|62.1315
128|62.1305|62.1305
129|62.1294|62.1294
130|62.1283|62.1283
131|62.1273|62.1273
132|62.1263|62.1263
133|62.1255|62.1255
134|62.1248|62.1248
135|62.1241|62.1241
136|62.1235|62.1235
137|62.1229|62.1229
138|62.1223|62.1223
139|62.1218|62.1218
140|62.1213|62.1213
141|62.1208|62.1208
142|62.1203|62.1203
143|62.1199|62.1199
144|62.1194|62.1194
145|62.1147|62.1147
146|62.1143|62.1143
147|62.114|62.114
148|62.1137|62.1137
149|62.1134|62.1134
150|62.113|62.113
151|62.1127|62.1127
152|62.1124|62.1124
153|62.1122|62.1122
154|62.1119|62.1119
155|62.1117|62.1117
156|62.1114|62.1114
157|62.1112|62.1112
158|62.111|62.111
159|62.1109|62.1109
160|62.1107|62.1107
161|62.1106|62.1106
162|62.1104|62.1104
163|62.1103|62.1103
164|62.1102|62.1102
165|62.1101|62.1101
166|62.11|62.11
167|62.1099|62.1099
168|62.1098|62.1098
169|62.1098|62.1098
170|62.1098|62.1098
171|62.1097|62.1097
172|62.1097|62.1097
173|62.1096|62.1096
174|62.1096|62.1096
175|62.1096|62.1096
176|62.1096|62.1096
177|62.1095|62.1095
178|62.1095|62.1095
179|62.1095|62.1095
180|62.1095|62.1095
181|62.1095|62.1095
182|62.1095|62.1095
183|62.1095|62.1095
184|62.1094|62.1094
185|62.1094|62.1094
186|62.1094|62.1094
187|62.1094|62.1094
188|62.1094|62.1094
189|62.1094|62.1094
190|62.1094|62.1094
191|62.1094|62.1094
192|62.1094|62.1094
193|62.1094|62.1094
194|62.1094|62.1094
195|62.1094|62.1094
196|62.1094|62.1094
197|62.1094|62.1094
198|62.1094|62.1094
199|62.1094|62.1094
200|62.1094|62.1094
201|62.1094|62.1094
202|62.1094|62.1094
203|62.1094|62.1094
204|62.1094|62.1094
205|62.1094|62.1094
206|62.1094|62.1094
207|62.1094|62.1094
208|62.1094|62.1094
209|62.1094|62.1094
210|62.1094|62.1094
211|62.1094|62.1094
212|62.1094|62.1094
213|62.1094|62.1094
214|62.1094|62.1094
215|62.1094|62.1094
216|62.1094|62.1094
217|62.1094|62.1094
218|62.1094|62.1094
219|62.1094|62.1094
220|62.1094|62.1094
221|62.1094|62.1094
222|62.1094|62.1094
223|62.1094|62.1094
224|62.1094|62.1094
225|62.1094|62.1094
226|62.1094|62.1094
227|62.1094|62.1094
228|62.1094|62.1094
229|62.1094|62.1094
230|62.1094|62.1094
231|62.1094|62.1094
232|62.1094|62.1094
233|62.1094|62.1094
234|62.1094|62.1094
235|62.1094|62.1094
236|62.1094|62.1094
237|62.1094|62.1094
238|62.1094|62.1094
239|62.1094|62.1094
240|62.1094|62.1094
241|62.1094|62.1094
242|62.1094|62.1094
243|62.1094|62.1094
244|62.1094|62.1094
245|62.1094|62.1094
246|62.1094|62.1094
247|62.1094|62.1094
248|62.1094|62.1094
249|62.1094|62.1094
250|62.1094|62.1094
251|62.1094|62.1094
252|62.1094|62.1094
253|62.1094|62.1094
254|62.1094|62.1094
255|62.1094|62.1094
256|62.1094|62.1094
257|62.1094|62.1094
258|62.1094|62.1094
259|62.1094|62.1094
260|62.1094|62.1094
261|62.1094|62.1094
262|62.1094|62.1094
263|62.1094|62.1094
264|62.1094|62.1094
265|62.1094|62.1094
266|62.1094|62.1094
267|62.1094|62.1094
268|62.1094|62.1094
269|62.1094|62.1094
270|62.1094|62.1094
271|62.1094|62.1094
272|62.1094|62.1094
273|62.1094|62.1094
274|62.1094|62.1094
275|62.1094|62.1094
276|62.1094|62.1094
277|62.1094|62.1094
278|62.1094|62.1094
279|62.1094|62.1094
280|62.1094|62.1094
281|62.1094|62.1094
282|62.1094|62.1094
283|62.1094|62.1094
284|62.1094|62.1094
285|62.1094|62.1094
286|62.1094|62.1094
287|62.1094|62.1094
288|62.1094|62.1094
289|62.1094|62.1094
290|62.1094|62.1094
291|62.1094|62.1094
292|62.1094|62.1094
293|62.1094|62.1094
294|62.1094|62.1094
295|62.1094|62.1094
296|62.1094|62.1094
297|62.1094|62.1094
298|62.1094|62.1094
299|62.1094|62.1094
300|62.1094|62.1094
301|62.1094|62.1094
302|62.1094|62.1094
303|62.1094|62.1094
304|62.1094|62.1094
305|62.1094|62.1094
306|62.1094|62.1094
307|62.1094|62.1094
308|62.1094|62.1094
309|62.1094|62.1094
310|62.1094|62.1094
311|62.1094|62.1094
312|62.1094|62.1094
313|62.1094|62.1094
314|62.1094|62.1094
315|62.1094|62.1094
316|62.1094|62.1094
317|62.1094|62.1094
318|62.1094|62.1094
319|62.1094|62.1094
320|62.1094|62.1094
321|62.1094|62.1094
322|62.1094|62.1094
323|62.1094|62.1094
324|62.1094|62.1094
325|62.1094|62.1094
326|62.1094|62.1094
327|62.1094|62.1094
328|62.1094|62.1094
329|62.1094|62.1094
330|62.1094|62.1094
331|62.1094|62.1094
332|62.1094|62.1094
333|62.1094|62.1094
334|62.1094|62.1094
335|62.1094|62.1094
EARLY STOP: TARGET FOUND
3825649ms
