1|194.762|194.762
2|173.933|173.933
3|154.549|154.549
4|136.956|136.956
5|122.208|122.208
6|108.626|108.626
7|96.8571|96.8571
8|85.3733|85.3733
9|76.4071|76.4071
10|67.799|67.799
11|59.4617|59.4617
12|52.6161|52.6161
13|47.9738|47.9738
14|43.4847|43.4847
15|39.4944|39.4944
16|35.5618|35.5618
17|31.7089|31.7089
18|28.1322|28.1322
19|24.9375|24.9375
20|21.7562|21.7562
21|19.0263|19.0263
22|17.8568|17.8568
23|16.6968|16.6968
24|15.6044|15.6044
25|14.5758|14.5758
26|13.552|13.552
27|12.5363|12.5363
28|11.6419|11.6419
29|10.811|10.811
30|9.98804|9.98804
31|9.20986|9.20986
32|8.44351|8.44351
33|7.70604|7.70604
34|7.00836|7.00836
35|6.32891|6.32891
36|5.66089|5.66089
37|5.10137|5.10137
38|4.65722|4.65722
39|4.35754|4.35754
40|4.07087|4.07087
41|3.78755|3.78755
42|3.51|3.51
43|3.23719|3.23719
44|2.99822|2.99822
45|2.76398|2.76398
46|2.55686|2.55686
47|2.35217|2.35217
48|2.15149|2.15149
49|1.95232|1.95232
50|1.78184|1.78184
51|1.62742|1.62742
52|1.48746|1.48746
53|1.3669|1.3669
54|1.25862|1.25862
55|1.15435|1.15435
56|1.08131|1.08131
57|1.01477|1.01477
58|0.94823|0.94823
59|0.883372|0.883372
60|0.819786|0.819786
61|0.757813|0.757813
62|0.697089|0.697089
63|0.637481|0.637481
64|0.581114|0.581114
65|0.534694|0.534694
66|0.492011|0.492011
67|0.45015|0.45015
68|0.409829|0.409829
69|0.370824|0.370824
70|0.334285|0.334285
71|0.298687|0.298687
72|0.271926|0.271926
73|0.252755|0.252755
74|0.234584|0.234584
75|0.216792|0.216792
76|0.199473|0.199473
77|0.1854|0.1854
78|0.171332|0.171332
79|0.158103|0.158103
80|0.14496|0.14496
81|0.132367|0.132367
82|0.120027|0.120027
83|0.10824|0.10824
84|0.0970786|0.0970786
85|0.0864575|0.0864575
86|0.0758536|0.0758536
87|0.06687|0.06687
88|0.060266|0.060266
89|0.0554805|0.0554805
90|0.0511949|0.0511949
91|0.0470992|0.0470992
92|0.0432395|0.0432395
93|0.0396344|0.0396344
94|0.0365394|0.0365394
95|0.0335773|0.0335773
96|0.0309066|0.0309066
97|0.0284414|0.0284414
98|0.026205|0.026205
99|0.0239711|0.0239711
100|0.021891|0.021891
101|0.0200765|0.0200765
102|0.018305|0.018305
103|0.0165539|0.0165539
104|0.0153611|0.0153611
105|0.0142128|0.0142128
106|0.0131279|0.0131279
107|0.0121605|0.0121605
108|0.0112138|0.0112138
109|0.010271|0.010271
110|0.00942123|0.00942123
EARLY STOP: TARGET FOUND
1249009ms
