1|-1327.53|-1327.53
2|-2024.73|-2024.73
3|-2556.82|-2556.82
4|-2951.96|-2951.96
5|-3314.76|-3314.76
6|-3615.42|-3615.42
7|-3871.31|-3871.31
8|-4117.68|-4117.68
9|-4318.04|-4318.04
10|-4520.22|-4520.22
11|-4713.78|-4713.78
12|-4904.26|-4904.26
13|-5094.59|-5094.59
14|-5379.96|-5379.96
15|-5566.84|-5566.84
16|-5753.32|-5753.32
17|-5938.88|-5938.88
18|-6110.2|-6110.2
19|-6281.17|-6281.17
20|-6458.12|-6458.12
21|-6610.83|-6610.83
22|-6745.98|-6745.98
23|-6872.52|-6872.52
24|-6998.72|-6998.72
25|-7158.59|-7158.59
26|-7284.46|-7284.46
27|-7452.36|-7452.36
28|-7572.06|-7572.06
29|-7686.56|-7686.56
30|-7779.21|-7779.21
31|-7867.38|-7867.38
32|-7941.94|-7941.94
33|-8005.35|-8005.35
34|-8068.33|-8068.33
35|-8168.6|-8168.6
36|-8229.79|-8229.79
37|-8277.22|-8277.22
38|-8322.78|-8322.78
39|-8366.34|-8366.34
40|-8407.67|-8407.67
41|-8446.15|-8446.15
42|-8480.23|-8480.23
43|-8509.62|-8509.62
44|-8534.55|-8534.55
45|-8554.17|-8554.17
46|-8572.99|-8572.99
47|-8591.64|-8591.64
48|-8609.5|-8609.5
49|-8627.15|-8627.15
50|-8644.02|-8644.02
51|-8660.47|-8660.47
52|-8696.36|-8696.36
53|-8711.94|-8711.94
54|-8725.97|-8725.97
55|-8739.71|-8739.71
56|-8750.56|-8750.56
57|-8800.9|-8800.9
58|-8810.33|-8810.33
59|-8866.83|-8866.83
60|-8875.65|-8875.65
61|-8884.48|-8884.48
62|-8893.27|-8893.27
63|-8902.05|-8902.05
64|-8910.55|-8910.55
65|-8918.38|-8918.38
66|-8924.36|-8924.36
67|-8930|-8930
68|-8935.28|-8935.28
69|-8940.56|-8940.56
70|-8944.94|-8944.94
71|-8949.31|-8949.31
72|-8953.68|-8953.68
73|-8957.43|-8957.43
74|-8960.86|-8960.86
75|-8963.62|-8963.62
76|-8966.26|-8966.26
77|-8968.9|-8968.9
78|-8971.49|-8971.49
79|-8973.68|-8973.68
80|-8975.87|-8975.87
81|-8978.05|-8978.05
82|-8980.23|-8980.23
83|-8982.31|-8982.31
84|-8984.05|-8984.05
85|-8985.69|-8985.69
86|-8987.28|-8987.28
87|-8988.77|-8988.77
88|-8990.08|-8990.08
89|-8991.35|-8991.35
90|-8992.52|-8992.52
91|-8993.61|-8993.61
92|-8994.7|-8994.7
93|-8995.79|-8995.79
94|-8996.81|-8996.81
95|-8997.72|-8997.72
96|-8998.56|-8998.56
97|-8999.38|-8999.38
98|-9000.16|-9000.16
99|-9000.9|-9000.9
100|-9001.55|-9001.55
101|-9002.21|-9002.21
102|-9002.84|-9002.84
103|-9003.47|-9003.47
104|-9004.01|-9004.01
105|-9004.51|-9004.51
106|-9005.01|-9005.01
107|-9005.48|-9005.48
108|-9005.84|-9005.84
109|-9006.21|-9006.21
110|-9006.57|-9006.57
111|-9006.9|-9006.9
112|-9007.22|-9007.22
113|-9007.49|-9007.49
114|-9007.76|-9007.76
115|-9008.03|-9008.03
116|-9008.28|-9008.28
117|-9008.53|-9008.53
118|-9008.75|-9008.75
119|-9008.93|-9008.93
120|-9009.11|-9009.11
121|-9009.27|-9009.27
122|-9009.42|-9009.42
123|-9009.58|-9009.58
124|-9009.73|-9009.73
125|-9009.89|-9009.89
126|-9010.03|-9010.03
127|-9010.17|-9010.17
128|-9010.31|-9010.31
129|-9010.44|-9010.44
130|-9010.58|-9010.58
131|-9010.71|-9010.71
132|-9010.82|-9010.82
133|-9010.93|-9010.93
134|-9011.03|-9011.03
135|-9011.12|-9011.12
136|-9011.2|-9011.2
137|-9011.29|-9011.29
138|-9011.37|-9011.37
139|-9011.45|-9011.45
140|-9011.53|-9011.53
141|-9011.6|-9011.6
142|-9011.67|-9011.67
143|-9011.74|-9011.74
144|-9011.8|-9011.8
145|-9011.87|-9011.87
146|-9011.94|-9011.94
147|-9012|-9012
148|-9012.05|-9012.05
149|-9012.09|-9012.09
150|-9012.13|-9012.13
151|-9012.18|-9012.18
152|-9012.22|-9012.22
153|-9012.26|-9012.26
154|-9012.29|-9012.29
155|-9012.32|-9012.32
156|-9012.36|-9012.36
157|-9012.39|-9012.39
158|-9012.43|-9012.43
159|-9012.46|-9012.46
160|-9012.48|-9012.48
161|-9012.5|-9012.5
162|-9012.52|-9012.52
163|-9012.54|-9012.54
164|-9012.56|-9012.56
165|-9012.58|-9012.58
166|-9012.59|-9012.59
167|-9012.61|-9012.61
168|-9012.63|-9012.63
169|-9012.64|-9012.64
170|-9012.65|-9012.65
171|-9012.66|-9012.66
172|-9012.67|-9012.67
173|-9012.68|-9012.68
174|-9012.69|-9012.69
175|-9012.7|-9012.7
176|-9012.71|-9012.71
177|-9012.72|-9012.72
178|-9012.73|-9012.73
179|-9012.74|-9012.74
180|-9012.75|-9012.75
181|-9012.75|-9012.75
182|-9012.76|-9012.76
183|-9012.76|-9012.76
184|-9012.77|-9012.77
185|-9012.77|-9012.77
186|-9012.78|-9012.78
187|-9012.78|-9012.78
188|-9012.79|-9012.79
189|-9012.79|-9012.79
190|-9012.79|-9012.79
191|-9012.8|-9012.8
192|-9012.8|-9012.8
193|-9012.8|-9012.8
194|-9012.81|-9012.81
195|-9012.81|-9012.81
196|-9012.81|-9012.81
197|-9012.81|-9012.81
198|-9012.81|-9012.81
199|-9012.82|-9012.82
200|-9012.82|-9012.82
201|-9012.82|-9012.82
202|-9012.82|-9012.82
203|-9012.83|-9012.83
204|-9012.83|-9012.83
205|-9012.83|-9012.83
206|-9012.83|-9012.83
207|-9012.83|-9012.83
208|-9012.83|-9012.83
209|-9012.83|-9012.83
210|-9012.83|-9012.83
211|-9012.84|-9012.84
212|-9012.84|-9012.84
213|-9012.84|-9012.84
214|-9012.84|-9012.84
215|-9012.84|-9012.84
216|-9012.84|-9012.84
217|-9012.84|-9012.84
218|-9012.84|-9012.84
219|-9012.84|-9012.84
220|-9012.85|-9012.85
221|-9012.85|-9012.85
222|-9012.85|-9012.85
223|-9012.85|-9012.85
224|-9012.85|-9012.85
225|-9012.85|-9012.85
226|-9012.85|-9012.85
227|-9012.85|-9012.85
228|-9012.85|-9012.85
229|-9012.85|-9012.85
230|-9012.85|-9012.85
231|-9012.85|-9012.85
232|-9012.85|-9012.85
233|-9012.85|-9012.85
234|-9012.85|-9012.85
235|-9012.85|-9012.85
236|-9012.85|-9012.85
237|-9012.85|-9012.85
238|-9012.85|-9012.85
239|-9012.85|-9012.85
240|-9012.85|-9012.85
241|-9012.85|-9012.85
242|-9012.85|-9012.85
243|-9012.85|-9012.85
244|-9012.85|-9012.85
245|-9012.85|-9012.85
246|-9012.85|-9012.85
247|-9012.85|-9012.85
248|-9012.85|-9012.85
249|-9012.85|-9012.85
250|-9012.85|-9012.85
251|-9012.85|-9012.85
252|-9012.85|-9012.85
253|-9012.85|-9012.85
254|-9012.85|-9012.85
255|-9012.85|-9012.85
256|-9012.85|-9012.85
257|-9012.85|-9012.85
258|-9012.85|-9012.85
259|-9012.85|-9012.85
260|-9012.85|-9012.85
261|-9012.85|-9012.85
262|-9012.85|-9012.85
263|-9012.85|-9012.85
264|-9012.85|-9012.85
265|-9012.85|-9012.85
266|-9012.85|-9012.85
267|-9012.85|-9012.85
268|-9012.85|-9012.85
269|-9012.85|-9012.85
270|-9012.85|-9012.85
271|-9012.85|-9012.85
272|-9012.85|-9012.85
273|-9012.85|-9012.85
274|-9012.85|-9012.85
275|-9012.85|-9012.85
276|-9012.85|-9012.85
277|-9012.85|-9012.85
278|-9012.85|-9012.85
279|-9012.85|-9012.85
280|-9012.85|-9012.85
281|-9012.85|-9012.85
282|-9012.85|-9012.85
283|-9012.85|-9012.85
284|-9012.85|-9012.85
285|-9012.85|-9012.85
286|-9012.85|-9012.85
287|-9012.85|-9012.85
288|-9012.85|-9012.85
289|-9012.85|-9012.85
290|-9012.85|-9012.85
291|-9012.85|-9012.85
292|-9012.85|-9012.85
293|-9012.85|-9012.85
294|-9012.85|-9012.85
295|-9012.85|-9012.85
296|-9012.85|-9012.85
297|-9012.85|-9012.85
298|-9012.85|-9012.85
299|-9012.85|-9012.85
300|-9012.85|-9012.85
301|-9012.85|-9012.85
302|-9012.85|-9012.85
303|-9012.85|-9012.85
304|-9012.85|-9012.85
305|-9012.85|-9012.85
306|-9012.85|-9012.85
307|-9012.85|-9012.85
308|-9012.85|-9012.85
309|-9012.85|-9012.85
310|-9012.85|-9012.85
311|-9012.85|-9012.85
312|-9012.85|-9012.85
313|-9012.85|-9012.85
314|-9012.85|-9012.85
315|-9012.85|-9012.85
316|-9012.85|-9012.85
317|-9012.85|-9012.85
318|-9012.85|-9012.85
319|-9012.85|-9012.85
320|-9012.85|-9012.85
321|-9012.85|-9012.85
322|-9012.85|-9012.85
323|-9012.85|-9012.85
324|-9012.85|-9012.85
325|-9012.85|-9012.85
326|-9012.85|-9012.85
327|-9012.85|-9012.85
328|-9012.85|-9012.85
329|-9012.85|-9012.85
330|-9012.85|-9012.85
331|-9012.85|-9012.85
332|-9012.85|-9012.85
333|-9012.85|-9012.85
334|-9012.85|-9012.85
335|-9012.85|-9012.85
336|-9012.85|-9012.85
337|-9012.85|-9012.85
338|-9012.85|-9012.85
339|-9012.85|-9012.85
340|-9012.85|-9012.85
341|-9012.85|-9012.85
342|-9012.85|-9012.85
343|-9012.85|-9012.85
344|-9012.85|-9012.85
345|-9012.85|-9012.85
346|-9012.85|-9012.85
347|-9012.85|-9012.85
348|-9012.85|-9012.85
349|-9012.85|-9012.85
350|-9012.85|-9012.85
351|-9012.85|-9012.85
352|-9012.85|-9012.85
353|-9012.85|-9012.85
354|-9012.85|-9012.85
355|-9012.85|-9012.85
356|-9012.85|-9012.85
357|-9012.85|-9012.85
358|-9012.85|-9012.85
359|-9012.85|-9012.85
360|-9012.85|-9012.85
361|-9012.85|-9012.85
362|-9012.85|-9012.85
363|-9012.85|-9012.85
364|-9012.85|-9012.85
365|-9012.85|-9012.85
366|-9012.85|-9012.85
367|-9012.85|-9012.85
368|-9012.85|-9012.85
369|-9012.85|-9012.85
370|-9012.85|-9012.85
371|-9012.85|-9012.85
EARLY STOP: TARGET FOUND
8322347ms
