1|245.851|245.851
2|222.355|222.355
3|200.224|200.224
4|179.124|179.124
5|162.062|162.062
6|149.012|149.012
7|136.108|136.108
8|124.481|124.481
9|112.922|112.922
10|103.003|103.003
11|93.1838|93.1838
12|83.5078|83.5078
13|74.5592|74.5592
14|65.8062|65.8062
15|57.2297|57.2297
16|49.2809|49.2809
17|42.193|42.193
18|37.5845|37.5845
19|33.0587|33.0587
20|29.3594|29.3594
21|25.859|25.859
22|22.7062|22.7062
23|19.7023|19.7023
24|16.7231|16.7231
25|14.8299|14.8299
26|13.6155|13.6155
27|12.4376|12.4376
28|11.3621|11.3621
29|10.3007|10.3007
30|9.26664|9.26664
31|8.40777|8.40777
32|7.56599|7.56599
33|6.83154|6.83154
34|6.21066|6.21066
35|5.68929|5.68929
36|5.19749|5.19749
37|4.76574|4.76574
38|4.45996|4.45996
39|4.16|4.16
40|3.87211|3.87211
41|3.59032|3.59032
42|3.31413|3.31413
43|3.07515|3.07515
44|2.84234|2.84234
45|2.61181|2.61181
46|2.38831|2.38831
47|2.17109|2.17109
48|1.96125|1.96125
49|1.76427|1.76427
50|1.59175|1.59175
51|1.43892|1.43892
52|1.28846|1.28846
53|1.16622|1.16622
54|1.05253|1.05253
55|0.976447|0.976447
56|0.903268|0.903268
57|0.836122|0.836122
58|0.772027|0.772027
59|0.710428|0.710428
60|0.64913|0.64913
61|0.589778|0.589778
62|0.534167|0.534167
63|0.487053|0.487053
64|0.444367|0.444367
65|0.404759|0.404759
66|0.366295|0.366295
67|0.331346|0.331346
68|0.299535|0.299535
69|0.271418|0.271418
70|0.244198|0.244198
71|0.225355|0.225355
72|0.207965|0.207965
73|0.190719|0.190719
74|0.176346|0.176346
75|0.162983|0.162983
76|0.150135|0.150135
77|0.138536|0.138536
78|0.127086|0.127086
79|0.115958|0.115958
80|0.10543|0.10543
81|0.0949544|0.0949544
82|0.0846567|0.0846567
83|0.0751324|0.0751324
84|0.066527|0.066527
85|0.0589559|0.0589559
86|0.0542516|0.0542516
87|0.0496301|0.0496301
88|0.0452226|0.0452226
89|0.0413277|0.0413277
90|0.0375047|0.0375047
91|0.0337261|0.0337261
92|0.030189|0.030189
93|0.0275175|0.0275175
94|0.0251312|0.0251312
95|0.0228355|0.0228355
96|0.0209335|0.0209335
97|0.0190519|0.0190519
98|0.017428|0.017428
99|0.015812|0.015812
100|0.0146599|0.0146599
101|0.0135491|0.0135491
102|0.0125454|0.0125454
103|0.0116456|0.0116456
104|0.0107833|0.0107833
105|0.00994366|0.00994366
EARLY STOP: TARGET FOUND
1193952ms
