1|61.2228|61.2228
2|45.6644|45.6644
3|32.906|32.906
4|26.2862|26.2862
5|21.4257|21.4257
6|16.9903|16.9903
7|12.5796|12.5796
8|8.51039|8.51039
9|7.30896|7.30896
10|6.16736|6.16736
11|5.17848|5.17848
12|4.2019|4.2019
13|3.2795|3.2795
14|2.47372|2.47372
15|1.76957|1.76957
16|1.47606|1.47606
17|1.21246|1.21246
18|0.999245|0.999245
19|0.812004|0.812004
20|0.630913|0.630913
21|0.476916|0.476916
22|0.370737|0.370737
23|0.297292|0.297292
24|0.227334|0.227334
25|0.172335|0.172335
26|0.124299|0.124299
27|0.0944914|0.0944914
28|0.0769688|0.0769688
29|0.0611898|0.0611898
30|0.0463796|0.0463796
31|0.0331069|0.0331069
32|0.0248077|0.0248077
33|0.0183085|0.0183085
34|0.0142995|0.0142995
35|0.0103382|0.0103382
36|0.0072487|0.0072487
EARLY STOP: TARGET FOUND
49852ms
