1|569.774|569.774
2|534.092|534.092
3|503.389|503.389
4|475.392|475.392
5|449.931|449.931
6|425.395|425.395
7|403.893|403.893
8|384.293|384.293
9|366.252|366.252
10|348.608|348.608
11|331.279|331.279
12|313.994|313.994
13|296.872|296.872
14|279.838|279.838
15|262.973|262.973
16|246.487|246.487
17|232.14|232.14
18|217.839|217.839
19|205.648|205.648
20|193.533|193.533
21|181.52|181.52
22|170.779|170.779
23|161.157|161.157
24|152.456|152.456
25|143.871|143.871
26|135.894|135.894
27|128.578|128.578
28|121.386|121.386
29|114.219|114.219
30|107.869|107.869
31|102.741|102.741
32|99.3685|99.3685
33|96.9783|96.9783
34|94.5959|94.5959
35|92.4546|92.4546
36|90.5749|90.5749
37|88.8636|88.8636
38|87.2302|87.2302
39|85.829|85.829
40|84.4665|84.4665
41|83.1249|83.1249
42|81.8538|81.8538
43|80.6948|80.6948
44|79.631|79.631
45|78.72|78.72
46|77.8348|77.8348
47|76.9992|76.9992
48|76.1647|76.1647
49|75.5026|75.5026
50|74.8576|74.8576
51|74.2215|74.2215
52|73.6547|73.6547
53|73.1349|73.1349
54|72.7763|72.7763
55|72.4228|72.4228
56|72.1281|72.1281
57|71.8394|71.8394
58|71.6104|71.6104
59|71.3827|71.3827
60|71.1935|71.1935
61|71.0054|71.0054
62|70.8222|70.8222
63|70.6526|70.6526
64|70.4869|70.4869
65|70.3253|70.3253
66|70.183|70.183
67|70.0443|70.0443
68|69.9061|69.9061
69|69.8173|69.8173
70|69.7399|69.7399
71|69.672|69.672
72|69.6042|69.6042
73|69.5411|69.5411
74|69.4855|69.4855
75|69.4305|69.4305
76|69.3829|69.3829
77|69.3388|69.3388
78|69.3033|69.3033
79|69.2678|69.2678
80|69.2329|69.2329
81|69.1992|69.1992
82|69.1659|69.1659
83|69.1326|69.1326
84|69.1006|69.1006
85|69.0738|69.0738
86|69.0505|69.0505
87|69.0289|69.0289
88|69.0085|69.0085
89|68.9906|68.9906
90|68.9739|68.9739
91|68.9572|68.9572
92|68.9406|68.9406
93|68.9239|68.9239
94|68.9073|68.9073
95|68.8907|68.8907
96|68.8777|68.8777
97|68.8651|68.8651
98|68.8526|68.8526
99|68.8403|68.8403
100|68.8282|68.8282
101|68.8185|68.8185
102|68.8097|68.8097
103|68.801|68.801
104|68.7927|68.7927
105|68.7846|68.7846
106|68.7774|68.7774
107|68.7716|68.7716
108|68.7673|68.7673
109|68.7629|68.7629
110|68.7588|68.7588
111|68.7546|68.7546
112|68.7506|68.7506
113|68.7474|68.7474
114|68.7445|68.7445
115|68.7416|68.7416
116|68.7388|68.7388
117|68.7362|68.7362
118|68.7336|68.7336
119|68.731|68.731
120|68.7285|68.7285
121|68.7263|68.7263
122|68.7242|68.7242
123|68.722|68.722
124|68.72|68.72
125|68.7179|68.7179
126|68.7159|68.7159
127|68.7141|68.7141
128|68.7127|68.7127
129|68.7113|68.7113
130|68.7101|68.7101
131|68.709|68.709
132|68.7079|68.7079
133|68.7069|68.7069
134|68.706|68.706
135|68.7053|68.7053
136|68.7048|68.7048
137|68.7043|68.7043
138|68.7038|68.7038
139|68.7033|68.7033
140|68.7027|68.7027
141|68.7022|68.7022
142|68.7017|68.7017
143|68.7013|68.7013
144|68.7009|68.7009
145|68.7006|68.7006
146|68.7002|68.7002
147|68.6999|68.6999
148|68.6996|68.6996
149|68.6993|68.6993
150|68.699|68.699
151|68.6987|68.6987
152|68.6985|68.6985
153|68.6982|68.6982
154|68.698|68.698
155|68.6977|68.6977
156|68.6974|68.6974
157|68.6972|68.6972
158|68.697|68.697
159|68.6968|68.6968
160|68.6966|68.6966
161|68.6964|68.6964
162|68.6963|68.6963
163|68.6961|68.6961
164|68.696|68.696
165|68.6958|68.6958
166|68.6957|68.6957
167|68.6956|68.6956
168|68.6956|68.6956
169|68.6955|68.6955
170|68.6955|68.6955
171|68.6954|68.6954
172|68.6954|68.6954
173|68.6953|68.6953
174|68.6953|68.6953
175|68.6953|68.6953
176|68.6953|68.6953
177|68.6952|68.6952
178|68.6952|68.6952
179|68.6952|68.6952
180|68.6952|68.6952
181|68.6952|68.6952
182|68.6952|68.6952
183|68.6952|68.6952
184|68.6952|68.6952
185|68.6952|68.6952
186|68.6952|68.6952
187|68.6952|68.6952
188|68.6952|68.6952
189|68.6952|68.6952
190|68.6952|68.6952
191|68.6952|68.6952
192|68.6952|68.6952
193|68.6952|68.6952
194|68.6952|68.6952
195|68.6952|68.6952
196|68.6952|68.6952
197|68.6952|68.6952
198|68.6952|68.6952
199|68.6952|68.6952
200|68.6952|68.6952
201|68.6952|68.6952
202|68.6952|68.6952
203|68.6952|68.6952
204|68.6952|68.6952
205|68.6952|68.6952
206|68.6952|68.6952
207|68.6952|68.6952
208|68.6952|68.6952
209|68.6952|68.6952
210|68.6952|68.6952
211|68.6952|68.6952
212|68.6952|68.6952
213|68.6952|68.6952
214|68.6952|68.6952
215|68.6952|68.6952
216|68.6952|68.6952
217|68.6952|68.6952
218|68.6952|68.6952
219|68.6952|68.6952
220|68.6952|68.6952
221|68.6952|68.6952
222|68.6952|68.6952
223|68.6952|68.6952
224|68.6952|68.6952
225|68.6952|68.6952
226|68.6952|68.6952
227|68.6952|68.6952
228|68.6952|68.6952
229|68.6952|68.6952
230|68.6952|68.6952
231|68.6952|68.6952
232|68.6952|68.6952
233|68.6952|68.6952
234|68.6952|68.6952
235|68.6952|68.6952
236|68.6952|68.6952
237|68.6952|68.6952
238|68.6952|68.6952
239|68.6952|68.6952
240|68.6952|68.6952
241|68.6952|68.6952
242|68.6952|68.6952
243|68.6952|68.6952
244|68.6952|68.6952
245|68.6952|68.6952
246|68.6952|68.6952
247|68.6952|68.6952
248|68.6952|68.6952
249|68.6952|68.6952
250|68.6952|68.6952
251|68.6952|68.6952
252|68.6952|68.6952
253|68.6952|68.6952
254|68.6952|68.6952
255|68.6952|68.6952
256|68.6952|68.6952
257|68.6952|68.6952
258|68.6952|68.6952
259|68.6952|68.6952
260|68.6952|68.6952
261|68.6952|68.6952
262|68.6952|68.6952
263|68.6952|68.6952
264|68.6952|68.6952
265|68.6952|68.6952
266|68.6952|68.6952
267|68.6952|68.6952
268|68.6952|68.6952
269|68.6952|68.6952
270|68.6952|68.6952
271|68.6952|68.6952
272|68.6952|68.6952
273|68.6952|68.6952
274|68.6952|68.6952
275|68.6952|68.6952
276|68.6952|68.6952
277|68.6952|68.6952
278|68.6952|68.6952
279|68.6952|68.6952
280|68.6952|68.6952
281|68.6952|68.6952
282|68.6952|68.6952
283|68.6952|68.6952
284|68.6952|68.6952
285|68.6952|68.6952
286|68.6952|68.6952
287|68.6952|68.6952
288|68.6952|68.6952
289|68.6952|68.6952
290|68.6952|68.6952
291|68.6952|68.6952
292|68.6952|68.6952
293|68.6952|68.6952
294|68.6952|68.6952
295|68.6952|68.6952
296|68.6952|68.6952
297|68.6952|68.6952
298|68.6952|68.6952
299|68.6952|68.6952
300|68.6952|68.6952
301|68.6952|68.6952
302|68.6952|68.6952
303|68.6952|68.6952
304|68.6952|68.6952
305|68.6952|68.6952
306|68.6952|68.6952
307|68.6952|68.6952
308|68.6952|68.6952
309|68.6952|68.6952
310|68.6952|68.6952
311|68.6952|68.6952
312|68.6952|68.6952
313|68.6952|68.6952
314|68.6952|68.6952
315|68.6952|68.6952
316|68.6952|68.6952
317|68.6952|68.6952
318|68.6952|68.6952
319|68.6952|68.6952
320|68.6952|68.6952
321|68.6952|68.6952
322|68.6952|68.6952
323|68.6952|68.6952
324|68.6952|68.6952
325|68.6952|68.6952
326|68.6952|68.6952
327|68.6952|68.6952
328|68.6952|68.6952
329|68.6952|68.6952
330|68.6952|68.6952
331|68.6952|68.6952
EARLY STOP: TARGET FOUND
3776972ms
