1|39.729|39.729
2|29.0651|29.0651
3|18.7051|18.7051
4|9.29267|9.29267
5|7.41783|7.41783
6|5.76229|5.76229
7|4.68446|4.68446
8|3.74201|3.74201
9|3.02589|3.02589
10|2.35325|2.35325
11|1.73529|1.73529
12|1.19329|1.19329
13|0.938341|0.938341
14|0.695888|0.695888
15|0.464171|0.464171
16|0.300149|0.300149
17|0.24912|0.24912
18|0.198443|0.198443
19|0.154016|0.154016
20|0.113855|0.113855
21|0.0747974|0.0747974
22|0.0483082|0.0483082
23|0.038159|0.038159
24|0.0291535|0.0291535
25|0.0207762|0.0207762
26|0.0160187|0.0160187
27|0.0113496|0.0113496
28|0.00824294|0.00824294
EARLY STOP: TARGET FOUND
39243ms
