1|-615.73|-615.73
2|-1028.51|-1028.51
3|-1435.77|-1435.77
4|-1818.57|-1818.57
5|-1844.86|-1844.86
6|-1854.76|-1854.76
7|-1855.85|-1855.85
8|-1856.58|-1856.58
9|-1856.85|-1856.85
10|-1857|-1857
11|-1857.08|-1857.08
12|-1857.17|-1857.17
13|-1857.25|-1857.25
14|-1857.32|-1857.32
15|-1857.4|-1857.4
16|-1857.42|-1857.42
17|-1857.43|-1857.43
18|-1857.43|-1857.43
19|-1857.44|-1857.44
20|-1857.44|-1857.44
21|-1857.44|-1857.44
22|-1857.44|-1857.44
23|-1857.44|-1857.44
24|-1857.44|-1857.44
25|-1857.44|-1857.44
26|-1857.44|-1857.44
27|-1857.44|-1857.44
28|-1857.44|-1857.44
29|-1857.44|-1857.44
30|-1857.44|-1857.44
31|-1857.44|-1857.44
32|-1857.44|-1857.44
33|-1857.44|-1857.44
34|-1857.44|-1857.44
35|-1857.44|-1857.44
36|-1857.44|-1857.44
37|-1857.44|-1857.44
38|-1857.44|-1857.44
39|-1857.44|-1857.44
40|-1857.44|-1857.44
41|-1857.44|-1857.44
42|-1857.44|-1857.44
43|-1857.44|-1857.44
44|-1857.44|-1857.44
45|-1857.44|-1857.44
46|-1857.44|-1857.44
47|-1857.44|-1857.44
48|-1857.44|-1857.44
49|-1857.44|-1857.44
50|-1857.44|-1857.44
51|-1857.44|-1857.44
52|-1857.44|-1857.44
53|-1857.44|-1857.44
54|-1857.44|-1857.44
55|-1857.44|-1857.44
56|-1857.44|-1857.44
57|-1857.44|-1857.44
58|-1857.44|-1857.44
59|-1857.44|-1857.44
60|-1857.44|-1857.44
61|-1857.44|-1857.44
62|-1857.44|-1857.44
63|-1857.44|-1857.44
64|-1857.44|-1857.44
65|-1857.44|-1857.44
66|-1857.44|-1857.44
67|-1857.44|-1857.44
68|-1857.44|-1857.44
69|-1857.44|-1857.44
70|-1857.44|-1857.44
71|-1857.44|-1857.44
72|-1857.44|-1857.44
73|-1857.44|-1857.44
74|-1857.44|-1857.44
75|-1857.44|-1857.44
76|-1857.44|-1857.44
77|-1857.44|-1857.44
78|-1857.44|-1857.44
79|-1857.44|-1857.44
80|-1857.44|-1857.44
81|-1857.44|-1857.44
82|-1857.44|-1857.44
83|-1857.44|-1857.44
84|-1857.44|-1857.44
85|-1857.44|-1857.44
86|-1857.44|-1857.44
87|-1857.44|-1857.44
88|-1857.44|-1857.44
89|-1857.44|-1857.44
90|-1857.44|-1857.44
91|-1857.44|-1857.44
92|-1857.44|-1857.44
93|-1857.44|-1857.44
94|-1857.44|-1857.44
95|-1857.44|-1857.44
96|-1857.44|-1857.44
97|-1857.44|-1857.44
98|-1857.44|-1857.44
99|-1857.44|-1857.44
100|-1857.44|-1857.44
101|-1857.44|-1857.44
102|-1857.44|-1857.44
103|-1857.44|-1857.44
104|-1857.44|-1857.44
105|-1857.44|-1857.44
106|-1857.44|-1857.44
107|-1857.44|-1857.44
108|-1857.44|-1857.44
109|-1857.44|-1857.44
110|-1857.44|-1857.44
111|-1857.44|-1857.44
112|-1857.44|-1857.44
113|-1857.44|-1857.44
114|-1857.44|-1857.44
115|-1857.44|-1857.44
116|-1857.44|-1857.44
117|-1857.44|-1857.44
118|-1857.44|-1857.44
119|-1857.44|-1857.44
120|-1857.44|-1857.44
121|-1857.44|-1857.44
122|-1857.44|-1857.44
123|-1857.44|-1857.44
124|-1857.44|-1857.44
125|-1857.44|-1857.44
126|-1857.44|-1857.44
127|-1857.44|-1857.44
128|-1857.44|-1857.44
129|-1857.44|-1857.44
130|-1857.44|-1857.44
131|-1857.44|-1857.44
132|-1857.44|-1857.44
133|-1857.44|-1857.44
134|-1857.44|-1857.44
135|-1857.44|-1857.44
136|-1857.44|-1857.44
137|-1857.44|-1857.44
138|-1857.44|-1857.44
139|-1857.44|-1857.44
140|-1857.44|-1857.44
141|-1857.44|-1857.44
142|-1857.44|-1857.44
143|-1857.44|-1857.44
144|-1857.44|-1857.44
145|-1857.44|-1857.44
146|-1857.44|-1857.44
147|-1857.44|-1857.44
148|-1857.44|-1857.44
149|-1857.44|-1857.44
150|-1857.44|-1857.44
151|-1857.44|-1857.44
152|-1857.44|-1857.44
153|-1857.44|-1857.44
154|-1857.44|-1857.44
155|-1857.44|-1857.44
156|-1857.44|-1857.44
157|-1857.44|-1857.44
158|-1857.44|-1857.44
159|-1857.44|-1857.44
160|-1857.44|-1857.44
161|-1857.44|-1857.44
162|-1857.44|-1857.44
163|-1857.44|-1857.44
164|-1857.44|-1857.44
165|-1857.44|-1857.44
166|-1857.44|-1857.44
167|-1857.44|-1857.44
168|-1857.44|-1857.44
169|-1857.44|-1857.44
170|-1857.44|-1857.44
171|-1857.44|-1857.44
172|-1857.44|-1857.44
173|-1857.44|-1857.44
174|-1857.44|-1857.44
175|-1857.44|-1857.44
176|-1857.44|-1857.44
177|-1857.44|-1857.44
178|-1857.44|-1857.44
179|-1857.44|-1857.44
180|-1857.44|-1857.44
EARLY STOP: TARGET FOUND
100599ms
