1|256.294|256.294
2|232.953|232.953
3|209.762|209.762
4|189.684|189.684
5|171.431|171.431
6|153.779|153.779
7|136.904|136.904
8|120.618|120.618
9|106.888|106.888
10|94.235|94.235
11|81.6121|81.6121
12|69.7617|69.7617
13|60.0032|60.0032
14|52.5768|52.5768
15|45.1717|45.1717
16|37.8501|37.8501
17|33.0059|33.0059
18|28.659|28.659
19|25.1928|25.1928
20|21.8535|21.8535
21|18.9629|18.9629
22|16.0932|16.0932
23|14.8999|14.8999
24|13.7488|13.7488
25|12.6204|12.6204
26|11.5051|11.5051
27|10.3973|10.3973
28|9.45268|9.45268
29|8.53808|8.53808
30|7.70663|7.70663
31|6.94888|6.94888
32|6.28811|6.28811
33|5.70258|5.70258
34|5.19831|5.19831
35|4.69481|4.69481
36|4.25396|4.25396
37|3.95575|3.95575
38|3.66629|3.66629
39|3.38512|3.38512
40|3.1168|3.1168
41|2.8598|2.8598
42|2.60932|2.60932
43|2.36267|2.36267
44|2.13356|2.13356
45|1.92292|1.92292
46|1.71748|1.71748
47|1.55235|1.55235
48|1.40225|1.40225
49|1.29265|1.29265
50|1.18413|1.18413
51|1.07868|1.07868
52|1.00638|1.00638
53|0.937503|0.937503
54|0.869573|0.869573
55|0.8054|0.8054
56|0.741617|0.741617
57|0.680181|0.680181
58|0.62282|0.62282
59|0.568306|0.568306
60|0.516607|0.516607
61|0.468168|0.468168
62|0.421641|0.421641
63|0.383887|0.383887
64|0.346694|0.346694
65|0.316808|0.316808
66|0.28786|0.28786
67|0.25934|0.25934
68|0.231719|0.231719
69|0.205802|0.205802
70|0.188204|0.188204
71|0.171252|0.171252
72|0.15566|0.15566
73|0.140422|0.140422
74|0.125657|0.125657
75|0.11277|0.11277
76|0.100079|0.100079
77|0.0885611|0.0885611
78|0.0790806|0.0790806
79|0.0697969|0.0697969
80|0.0617399|0.0617399
81|0.0550907|0.0550907
82|0.0507286|0.0507286
83|0.0464117|0.0464117
84|0.0421434|0.0421434
85|0.0380336|0.0380336
86|0.0340348|0.0340348
87|0.0303586|0.0303586
88|0.0267269|0.0267269
89|0.0237312|0.0237312
90|0.0209121|0.0209121
91|0.0183297|0.0183297
92|0.0166863|0.0166863
93|0.0150625|0.0150625
94|0.0138896|0.0138896
95|0.0127703|0.0127703
96|0.0117213|0.0117213
97|0.0107402|0.0107402
98|0.0097818|0.0097818
EARLY STOP: TARGET FOUND
1115937ms
