1|-920.422|-920.422
2|-1281.66|-1281.66
3|-1549.91|-1549.91
4|-1716.43|-1716.43
5|-1834.44|-1834.44
6|-1942.83|-1942.83
7|-2154.37|-2154.37
8|-2253.72|-2253.72
9|-2489.12|-2489.12
10|-2582.71|-2582.71
11|-2675.97|-2675.97
12|-2754.81|-2754.81
13|-2805.08|-2805.08
14|-2829.38|-2829.38
15|-2851.45|-2851.45
16|-2887.14|-2887.14
17|-2905.78|-2905.78
18|-2941.59|-2941.59
19|-2956.75|-2956.75
20|-2971.57|-2971.57
21|-3007.51|-3007.51
22|-3016.32|-3016.32
23|-3025.09|-3025.09
24|-3032.48|-3032.48
25|-3038.7|-3038.7
26|-3044.66|-3044.66
27|-3049.04|-3049.04
28|-3053.41|-3053.41
29|-3056.18|-3056.18
30|-3058.81|-3058.81
31|-3060.99|-3060.99
32|-3063.17|-3063.17
33|-3065.35|-3065.35
34|-3067.38|-3067.38
35|-3068.68|-3068.68
36|-3069.3|-3069.3
37|-3069.92|-3069.92
38|-3070.47|-3070.47
39|-3070.79|-3070.79
40|-3071.11|-3071.11
41|-3071.27|-3071.27
42|-3071.4|-3071.4
43|-3071.54|-3071.54
44|-3071.68|-3071.68
45|-3071.75|-3071.75
46|-3071.79|-3071.79
47|-3071.82|-3071.82
48|-3071.85|-3071.85
49|-3071.89|-3071.89
50|-3071.91|-3071.91
51|-3071.92|-3071.92
52|-3071.94|-3071.94
53|-3071.96|-3071.96
54|-3071.97|-3071.97
55|-3071.98|-3071.98
56|-3071.99|-3071.99
57|-3072|-3072
58|-3072|-3072
59|-3072.01|-3072.01
60|-3072.01|-3072.01
61|-3072.01|-3072.01
62|-3072.01|-3072.01
63|-3072.01|-3072.01
64|-3072.02|-3072.02
65|-3072.02|-3072.02
66|-3072.02|-3072.02
67|-3072.02|-3072.02
68|-3072.02|-3072.02
69|-3072.02|-3072.02
70|-3072.02|-3072.02
71|-3072.03|-3072.03
72|-3072.03|-3072.03
73|-3072.03|-3072.03
74|-3072.03|-3072.03
75|-3072.03|-3072.03
76|-3072.03|-3072.03
77|-3072.03|-3072.03
78|-3072.03|-3072.03
79|-3072.03|-3072.03
80|-3072.03|-3072.03
81|-3072.03|-3072.03
82|-3072.03|-3072.03
83|-3072.03|-3072.03
84|-3072.03|-3072.03
85|-3072.03|-3072.03
86|-3072.03|-3072.03
87|-3072.03|-3072.03
88|-3072.03|-3072.03
89|-3072.03|-3072.03
90|-3072.03|-3072.03
91|-3072.03|-3072.03
92|-3072.03|-3072.03
93|-3072.03|-3072.03
94|-3072.03|-3072.03
95|-3072.03|-3072.03
96|-3072.03|-3072.03
97|-3072.03|-3072.03
98|-3072.03|-3072.03
99|-3072.03|-3072.03
100|-3072.03|-3072.03
101|-3072.03|-3072.03
102|-3072.03|-3072.03
103|-3072.03|-3072.03
104|-3072.03|-3072.03
105|-3072.03|-3072.03
106|-3072.03|-3072.03
107|-3072.03|-3072.03
108|-3072.03|-3072.03
109|-3072.03|-3072.03
110|-3072.03|-3072.03
111|-3072.03|-3072.03
112|-3072.03|-3072.03
113|-3072.03|-3072.03
114|-3072.03|-3072.03
115|-3072.03|-3072.03
116|-3072.03|-3072.03
117|-3072.03|-3072.03
118|-3072.03|-3072.03
119|-3072.03|-3072.03
120|-3072.03|-3072.03
121|-3072.03|-3072.03
122|-3072.03|-3072.03
123|-3072.03|-3072.03
124|-3072.03|-3072.03
125|-3072.03|-3072.03
126|-3072.03|-3072.03
127|-3072.03|-3072.03
128|-3072.03|-3072.03
129|-3072.03|-3072.03
130|-3072.03|-3072.03
131|-3072.03|-3072.03
132|-3072.03|-3072.03
133|-3072.03|-3072.03
134|-3072.03|-3072.03
135|-3072.03|-3072.03
136|-3072.03|-3072.03
137|-3072.03|-3072.03
138|-3072.03|-3072.03
139|-3072.03|-3072.03
140|-3072.03|-3072.03
141|-3072.03|-3072.03
142|-3072.03|-3072.03
143|-3072.03|-3072.03
144|-3072.03|-3072.03
145|-3072.03|-3072.03
146|-3072.03|-3072.03
147|-3072.03|-3072.03
148|-3072.03|-3072.03
149|-3072.03|-3072.03
150|-3072.03|-3072.03
151|-3072.03|-3072.03
152|-3072.03|-3072.03
153|-3072.03|-3072.03
154|-3072.03|-3072.03
155|-3072.03|-3072.03
156|-3072.03|-3072.03
157|-3072.03|-3072.03
158|-3072.03|-3072.03
159|-3072.03|-3072.03
160|-3072.03|-3072.03
161|-3072.03|-3072.03
162|-3072.03|-3072.03
163|-3072.03|-3072.03
164|-3072.03|-3072.03
165|-3072.03|-3072.03
166|-3072.03|-3072.03
167|-3072.03|-3072.03
168|-3072.03|-3072.03
169|-3072.03|-3072.03
170|-3072.03|-3072.03
171|-3072.03|-3072.03
172|-3072.03|-3072.03
173|-3072.03|-3072.03
174|-3072.03|-3072.03
175|-3072.03|-3072.03
176|-3072.03|-3072.03
177|-3072.03|-3072.03
178|-3072.03|-3072.03
179|-3072.03|-3072.03
180|-3072.03|-3072.03
181|-3072.03|-3072.03
182|-3072.03|-3072.03
183|-3072.03|-3072.03
184|-3072.03|-3072.03
185|-3072.03|-3072.03
186|-3072.03|-3072.03
187|-3072.03|-3072.03
188|-3072.03|-3072.03
189|-3072.03|-3072.03
190|-3072.03|-3072.03
191|-3072.03|-3072.03
192|-3072.03|-3072.03
193|-3072.03|-3072.03
194|-3072.03|-3072.03
195|-3072.03|-3072.03
196|-3072.03|-3072.03
197|-3072.03|-3072.03
198|-3072.03|-3072.03
199|-3072.03|-3072.03
200|-3072.03|-3072.03
201|-3072.03|-3072.03
202|-3072.03|-3072.03
203|-3072.03|-3072.03
204|-3072.03|-3072.03
205|-3072.03|-3072.03
206|-3072.03|-3072.03
207|-3072.03|-3072.03
208|-3072.03|-3072.03
209|-3072.03|-3072.03
210|-3072.03|-3072.03
211|-3072.03|-3072.03
212|-3072.03|-3072.03
213|-3072.03|-3072.03
214|-3072.03|-3072.03
215|-3072.03|-3072.03
216|-3072.03|-3072.03
217|-3072.03|-3072.03
218|-3072.03|-3072.03
219|-3072.03|-3072.03
220|-3072.03|-3072.03
221|-3072.03|-3072.03
222|-3072.03|-3072.03
223|-3072.03|-3072.03
224|-3072.03|-3072.03
225|-3072.03|-3072.03
226|-3072.03|-3072.03
227|-3072.03|-3072.03
228|-3072.03|-3072.03
229|-3072.03|-3072.03
EARLY STOP: TARGET FOUND
460104ms
