1|-559.712|-559.712
2|-1243.29|-1243.29
3|-1907.26|-1907.26
4|-2518.48|-2518.48
5|-3077.44|-3077.44
6|-3545.63|-3545.63
7|-3955.52|-3955.52
8|-4291.3|-4291.3
9|-4626.09|-4626.09
10|-4919.6|-4919.6
11|-5212.67|-5212.67
12|-5504.39|-5504.39
13|-5759.23|-5759.23
14|-6009.52|-6009.52
15|-6254.61|-6254.61
16|-6480.67|-6480.67
17|-6674.57|-6674.57
18|-6925.99|-6925.99
19|-7099.9|-7099.9
20|-7272.31|-7272.31
21|-7396.46|-7396.46
22|-7498.63|-7498.63
23|-7595.47|-7595.47
24|-7781.55|-7781.55
25|-7870.33|-7870.33
26|-7956.91|-7956.91
27|-8227.16|-8227.16
28|-8312.89|-8312.89
29|-8398.14|-8398.14
30|-8482.6|-8482.6
31|-8562.5|-8562.5
32|-8635.83|-8635.83
33|-8687.82|-8687.82
34|-8730.89|-8730.89
35|-8771.04|-8771.04
36|-8804.94|-8804.94
37|-8836.53|-8836.53
38|-8898.12|-8898.12
39|-8926.41|-8926.41
40|-8954.42|-8954.42
41|-8980.87|-8980.87
42|-9016.41|-9016.41
43|-9037.76|-9037.76
44|-9059.1|-9059.1
45|-9077.37|-9077.37
46|-9095.18|-9095.18
47|-9112.96|-9112.96
48|-9127.87|-9127.87
49|-9141.53|-9141.53
50|-9154.16|-9154.16
51|-9165.11|-9165.11
52|-9175.72|-9175.72
53|-9186.32|-9186.32
54|-9196.92|-9196.92
55|-9207.5|-9207.5
56|-9217.06|-9217.06
57|-9225.85|-9225.85
58|-9234.63|-9234.63
59|-9243.24|-9243.24
60|-9249.61|-9249.61
61|-9255.7|-9255.7
62|-9260.99|-9260.99
63|-9266.27|-9266.27
64|-9271.55|-9271.55
65|-9276.72|-9276.72
66|-9281|-9281
67|-9284|-9284
68|-9286.7|-9286.7
69|-9289.34|-9289.34
70|-9291.98|-9291.98
71|-9294.61|-9294.61
72|-9297.25|-9297.25
73|-9299.43|-9299.43
74|-9301.62|-9301.62
75|-9303.79|-9303.79
76|-9305.57|-9305.57
77|-9307.32|-9307.32
78|-9309|-9309
79|-9310.62|-9310.62
80|-9312.25|-9312.25
81|-9313.57|-9313.57
82|-9314.89|-9314.89
83|-9316.17|-9316.17
84|-9317.43|-9317.43
85|-9318.56|-9318.56
86|-9319.65|-9319.65
87|-9320.38|-9320.38
88|-9321.04|-9321.04
89|-9321.7|-9321.7
90|-9322.35|-9322.35
91|-9323.01|-9323.01
92|-9323.67|-9323.67
93|-9324.29|-9324.29
94|-9324.84|-9324.84
95|-9325.38|-9325.38
96|-9325.9|-9325.9
97|-9326.37|-9326.37
98|-9326.84|-9326.84
99|-9327.29|-9327.29
100|-9327.74|-9327.74
101|-9328.1|-9328.1
102|-9328.45|-9328.45
103|-9328.78|-9328.78
104|-9329.11|-9329.11
105|-9329.44|-9329.44
106|-9329.77|-9329.77
107|-9330.1|-9330.1
108|-9330.41|-9330.41
109|-9330.68|-9330.68
110|-9330.95|-9330.95
111|-9331.23|-9331.23
112|-9331.47|-9331.47
113|-9331.67|-9331.67
114|-9331.84|-9331.84
115|-9332.02|-9332.02
116|-9332.18|-9332.18
117|-9332.35|-9332.35
118|-9332.51|-9332.51
119|-9332.67|-9332.67
120|-9332.82|-9332.82
121|-9332.98|-9332.98
122|-9333.12|-9333.12
123|-9333.27|-9333.27
124|-9333.4|-9333.4
125|-9333.49|-9333.49
126|-9333.57|-9333.57
127|-9333.65|-9333.65
128|-9333.72|-9333.72
129|-9333.8|-9333.8
130|-9333.88|-9333.88
131|-9333.95|-9333.95
132|-9334.02|-9334.02
133|-9334.09|-9334.09
134|-9334.16|-9334.16
135|-9334.23|-9334.23
136|-9334.3|-9334.3
137|-9334.36|-9334.36
138|-9334.4|-9334.4
139|-9334.43|-9334.43
140|-9334.47|-9334.47
141|-9334.5|-9334.5
142|-9334.53|-9334.53
143|-9334.56|-9334.56
144|-9334.59|-9334.59
145|-9334.62|-9334.62
146|-9334.65|-9334.65
147|-9334.67|-9334.67
148|-9334.69|-9334.69
149|-9334.71|-9334.71
150|-9334.73|-9334.73
151|-9334.75|-9334.75
152|-9334.76|-9334.76
153|-9334.78|-9334.78
154|-9334.79|-9334.79
155|-9334.81|-9334.81
156|-9334.82|-9334.82
157|-9334.83|-9334.83
158|-9334.84|-9334.84
159|-9334.84|-9334.84
160|-9334.85|-9334.85
161|-9334.86|-9334.86
162|-9334.87|-9334.87
163|-9334.88|-9334.88
164|-9334.89|-9334.89
165|-9334.9|-9334.9
166|-9334.9|-9334.9
167|-9334.91|-9334.91
168|-9334.92|-9334.92
169|-9334.92|-9334.92
170|-9334.93|-9334.93
171|-9334.93|-9334.93
172|-9334.94|-9334.94
173|-9334.94|-9334.94
174|-9334.95|-9334.95
175|-9334.95|-9334.95
176|-9334.95|-9334.95
177|-9334.96|-9334.96
178|-9334.96|-9334.96
179|-9334.97|-9334.97
180|-9334.97|-9334.97
181|-9334.97|-9334.97
182|-9334.98|-9334.98
183|-9334.98|-9334.98
184|-9334.98|-9334.98
185|-9334.98|-9334.98
186|-9334.99|-9334.99
187|-9334.99|-9334.99
188|-9334.99|-9334.99
189|-9334.99|-9334.99
190|-9334.99|-9334.99
191|-9335|-9335
192|-9335|-9335
193|-9335|-9335
194|-9335|-9335
195|-9335|-9335
196|-9335.01|-9335.01
197|-9335.01|-9335.01
198|-9335.01|-9335.01
199|-9335.01|-9335.01
200|-9335.01|-9335.01
201|-9335.01|-9335.01
202|-9335.01|-9335.01
203|-9335.01|-9335.01
204|-9335.01|-9335.01
205|-9335.01|-9335.01
206|-9335.01|-9335.01
207|-9335.01|-9335.01
208|-9335.01|-9335.01
209|-9335.01|-9335.01
210|-9335.01|-9335.01
211|-9335.01|-9335.01
212|-9335.01|-9335.01
213|-9335.01|-9335.01
214|-9335.01|-9335.01
215|-9335.01|-9335.01
216|-9335.01|-9335.01
217|-9335.01|-9335.01
218|-9335.01|-9335.01
219|-9335.01|-9335.01
220|-9335.01|-9335.01
221|-9335.01|-9335.01
222|-9335.01|-9335.01
223|-9335.01|-9335.01
224|-9335.01|-9335.01
225|-9335.01|-9335.01
226|-9335.01|-9335.01
227|-9335.01|-9335.01
228|-9335.01|-9335.01
229|-9335.01|-9335.01
230|-9335.01|-9335.01
231|-9335.01|-9335.01
232|-9335.01|-9335.01
233|-9335.01|-9335.01
234|-9335.01|-9335.01
235|-9335.01|-9335.01
236|-9335.01|-9335.01
237|-9335.01|-9335.01
238|-9335.01|-9335.01
239|-9335.01|-9335.01
240|-9335.01|-9335.01
241|-9335.01|-9335.01
242|-9335.01|-9335.01
243|-9335.01|-9335.01
244|-9335.01|-9335.01
245|-9335.01|-9335.01
246|-9335.01|-9335.01
247|-9335.01|-9335.01
248|-9335.01|-9335.01
249|-9335.01|-9335.01
250|-9335.01|-9335.01
251|-9335.01|-9335.01
252|-9335.01|-9335.01
253|-9335.01|-9335.01
254|-9335.01|-9335.01
255|-9335.01|-9335.01
256|-9335.01|-9335.01
257|-9335.01|-9335.01
258|-9335.01|-9335.01
259|-9335.01|-9335.01
260|-9335.01|-9335.01
261|-9335.01|-9335.01
262|-9335.01|-9335.01
263|-9335.01|-9335.01
264|-9335.01|-9335.01
265|-9335.01|-9335.01
266|-9335.01|-9335.01
267|-9335.01|-9335.01
268|-9335.01|-9335.01
269|-9335.01|-9335.01
270|-9335.01|-9335.01
271|-9335.01|-9335.01
272|-9335.01|-9335.01
273|-9335.01|-9335.01
274|-9335.01|-9335.01
275|-9335.01|-9335.01
276|-9335.01|-9335.01
277|-9335.01|-9335.01
278|-9335.01|-9335.01
279|-9335.01|-9335.01
280|-9335.01|-9335.01
281|-9335.01|-9335.01
282|-9335.01|-9335.01
283|-9335.01|-9335.01
284|-9335.01|-9335.01
285|-9335.01|-9335.01
286|-9335.01|-9335.01
287|-9335.01|-9335.01
288|-9335.01|-9335.01
289|-9335.01|-9335.01
290|-9335.01|-9335.01
291|-9335.01|-9335.01
292|-9335.01|-9335.01
293|-9335.01|-9335.01
294|-9335.01|-9335.01
295|-9335.01|-9335.01
296|-9335.01|-9335.01
297|-9335.01|-9335.01
298|-9335.01|-9335.01
299|-9335.01|-9335.01
300|-9335.01|-9335.01
301|-9335.01|-9335.01
302|-9335.01|-9335.01
303|-9335.01|-9335.01
304|-9335.01|-9335.01
305|-9335.01|-9335.01
306|-9335.01|-9335.01
307|-9335.01|-9335.01
308|-9335.01|-9335.01
309|-9335.01|-9335.01
310|-9335.01|-9335.01
311|-9335.01|-9335.01
312|-9335.01|-9335.01
313|-9335.01|-9335.01
314|-9335.01|-9335.01
315|-9335.01|-9335.01
316|-9335.01|-9335.01
317|-9335.01|-9335.01
318|-9335.01|-9335.01
319|-9335.01|-9335.01
320|-9335.01|-9335.01
321|-9335.01|-9335.01
322|-9335.01|-9335.01
323|-9335.01|-9335.01
324|-9335.01|-9335.01
325|-9335.01|-9335.01
326|-9335.01|-9335.01
327|-9335.01|-9335.01
328|-9335.01|-9335.01
329|-9335.01|-9335.01
330|-9335.01|-9335.01
331|-9335.01|-9335.01
332|-9335.01|-9335.01
333|-9335.01|-9335.01
334|-9335.01|-9335.01
335|-9335.01|-9335.01
336|-9335.01|-9335.01
337|-9335.01|-9335.01
338|-9335.01|-9335.01
339|-9335.01|-9335.01
340|-9335.01|-9335.01
341|-9335.01|-9335.01
342|-9335.01|-9335.01
343|-9335.01|-9335.01
344|-9335.01|-9335.01
345|-9335.01|-9335.01
346|-9335.01|-9335.01
347|-9335.01|-9335.01
348|-9335.01|-9335.01
349|-9335.01|-9335.01
EARLY STOP: TARGET FOUND
5844731ms
