1|-818.815|-818.815
2|-1175.75|-1175.75
3|-1529.92|-1529.92
4|-1866.26|-1866.26
5|-2048.93|-2048.93
6|-2203.56|-2203.56
7|-2305|-2305
8|-2389.21|-2389.21
9|-2466.89|-2466.89
10|-2537.82|-2537.82
11|-2623.98|-2623.98
12|-2692.5|-2692.5
13|-2724.21|-2724.21
14|-2755.28|-2755.28
15|-2776.48|-2776.48
16|-2797.13|-2797.13
17|-2815.05|-2815.05
18|-2829.25|-2829.25
19|-2865.14|-2865.14
20|-2882.89|-2882.89
21|-2893.48|-2893.48
22|-2902.32|-2902.32
23|-2938.45|-2938.45
24|-2956.12|-2956.12
25|-2964.88|-2964.88
26|-2970.54|-2970.54
27|-2975.83|-2975.83
28|-2980.19|-2980.19
29|-2983.96|-2983.96
30|-2986.6|-2986.6
31|-2987.92|-2987.92
32|-2989.19|-2989.19
33|-2989.86|-2989.86
34|-2990.52|-2990.52
35|-2991.18|-2991.18
36|-2991.72|-2991.72
37|-2992.17|-2992.17
38|-2992.5|-2992.5
39|-2992.81|-2992.81
40|-2993.08|-2993.08
41|-2993.35|-2993.35
42|-2993.52|-2993.52
43|-2993.68|-2993.68
44|-2993.85|-2993.85
45|-2994|-2994
46|-2994.13|-2994.13
47|-2994.2|-2994.2
48|-2994.24|-2994.24
49|-2994.27|-2994.27
50|-2994.3|-2994.3
51|-2994.32|-2994.32
52|-2994.34|-2994.34
53|-2994.36|-2994.36
54|-2994.37|-2994.37
55|-2994.39|-2994.39
56|-2994.39|-2994.39
57|-2994.4|-2994.4
58|-2994.41|-2994.41
59|-2994.41|-2994.41
60|-2994.42|-2994.42
61|-2994.42|-2994.42
62|-2994.43|-2994.43
63|-2994.43|-2994.43
64|-2994.43|-2994.43
65|-2994.43|-2994.43
66|-2994.44|-2994.44
67|-2994.44|-2994.44
68|-2994.44|-2994.44
69|-2994.44|-2994.44
70|-2994.44|-2994.44
71|-2994.45|-2994.45
72|-2994.45|-2994.45
73|-2994.45|-2994.45
74|-2994.45|-2994.45
75|-2994.45|-2994.45
76|-2994.45|-2994.45
77|-2994.45|-2994.45
78|-2994.45|-2994.45
79|-2994.45|-2994.45
80|-2994.45|-2994.45
81|-2994.45|-2994.45
82|-2994.45|-2994.45
83|-2994.45|-2994.45
84|-2994.45|-2994.45
85|-2994.45|-2994.45
86|-2994.45|-2994.45
87|-2994.45|-2994.45
88|-2994.45|-2994.45
89|-2994.45|-2994.45
90|-2994.45|-2994.45
91|-2994.45|-2994.45
92|-2994.45|-2994.45
93|-2994.45|-2994.45
94|-2994.45|-2994.45
95|-2994.45|-2994.45
96|-2994.45|-2994.45
97|-2994.45|-2994.45
98|-2994.45|-2994.45
99|-2994.45|-2994.45
100|-2994.45|-2994.45
101|-2994.45|-2994.45
102|-2994.45|-2994.45
103|-2994.45|-2994.45
104|-2994.45|-2994.45
105|-2994.45|-2994.45
106|-2994.45|-2994.45
107|-2994.45|-2994.45
108|-2994.45|-2994.45
109|-2994.45|-2994.45
110|-2994.45|-2994.45
111|-2994.45|-2994.45
112|-2994.45|-2994.45
113|-2994.45|-2994.45
114|-2994.45|-2994.45
115|-2994.45|-2994.45
116|-2994.45|-2994.45
117|-2994.45|-2994.45
118|-2994.45|-2994.45
119|-2994.45|-2994.45
120|-2994.45|-2994.45
121|-2994.45|-2994.45
122|-2994.45|-2994.45
123|-2994.45|-2994.45
124|-2994.45|-2994.45
125|-2994.45|-2994.45
126|-2994.45|-2994.45
127|-2994.45|-2994.45
128|-2994.45|-2994.45
129|-2994.45|-2994.45
130|-2994.45|-2994.45
131|-2994.45|-2994.45
132|-2994.45|-2994.45
133|-2994.45|-2994.45
134|-2994.45|-2994.45
135|-2994.45|-2994.45
136|-2994.45|-2994.45
137|-2994.45|-2994.45
138|-2994.45|-2994.45
139|-2994.45|-2994.45
140|-2994.45|-2994.45
141|-2994.45|-2994.45
142|-2994.45|-2994.45
143|-2994.45|-2994.45
144|-2994.45|-2994.45
145|-2994.45|-2994.45
146|-2994.45|-2994.45
147|-2994.45|-2994.45
148|-2994.45|-2994.45
149|-2994.45|-2994.45
150|-2994.45|-2994.45
151|-2994.45|-2994.45
152|-2994.45|-2994.45
153|-2994.45|-2994.45
154|-2994.45|-2994.45
155|-2994.45|-2994.45
156|-2994.45|-2994.45
157|-2994.45|-2994.45
158|-2994.45|-2994.45
159|-2994.45|-2994.45
160|-2994.45|-2994.45
161|-2994.45|-2994.45
162|-2994.45|-2994.45
163|-2994.45|-2994.45
164|-2994.45|-2994.45
165|-2994.45|-2994.45
166|-2994.45|-2994.45
167|-2994.45|-2994.45
168|-2994.45|-2994.45
169|-2994.45|-2994.45
170|-2994.45|-2994.45
171|-2994.45|-2994.45
172|-2994.45|-2994.45
173|-2994.45|-2994.45
174|-2994.45|-2994.45
175|-2994.45|-2994.45
176|-2994.45|-2994.45
177|-2994.45|-2994.45
178|-2994.45|-2994.45
179|-2994.45|-2994.45
180|-2994.45|-2994.45
181|-2994.45|-2994.45
182|-2994.45|-2994.45
183|-2994.45|-2994.45
184|-2994.45|-2994.45
185|-2994.45|-2994.45
186|-2994.45|-2994.45
187|-2994.45|-2994.45
188|-2994.45|-2994.45
189|-2994.45|-2994.45
190|-2994.45|-2994.45
191|-2994.45|-2994.45
192|-2994.45|-2994.45
193|-2994.45|-2994.45
194|-2994.45|-2994.45
195|-2994.45|-2994.45
196|-2994.45|-2994.45
197|-2994.45|-2994.45
198|-2994.45|-2994.45
199|-2994.45|-2994.45
200|-2994.45|-2994.45
201|-2994.45|-2994.45
202|-2994.45|-2994.45
203|-2994.45|-2994.45
204|-2994.45|-2994.45
205|-2994.45|-2994.45
206|-2994.45|-2994.45
207|-2994.45|-2994.45
208|-2994.45|-2994.45
209|-2994.45|-2994.45
210|-2994.45|-2994.45
211|-2994.45|-2994.45
212|-2994.45|-2994.45
213|-2994.45|-2994.45
214|-2994.45|-2994.45
215|-2994.45|-2994.45
216|-2994.45|-2994.45
217|-2994.45|-2994.45
218|-2994.45|-2994.45
219|-2994.45|-2994.45
220|-2994.45|-2994.45
221|-2994.45|-2994.45
222|-2994.45|-2994.45
223|-2994.45|-2994.45
224|-2994.45|-2994.45
225|-2994.45|-2994.45
226|-2994.45|-2994.45
227|-2994.45|-2994.45
228|-2994.45|-2994.45
229|-2994.45|-2994.45
230|-2994.45|-2994.45
231|-2994.45|-2994.45
232|-2994.45|-2994.45
233|-2994.45|-2994.45
EARLY STOP: TARGET FOUND
466579ms
