1|61.6962|61.6962
2|37.0301|37.0301
3|26.5249|26.5249
4|16.3478|16.3478
5|11.618|11.618
6|7.90587|7.90587
7|5.95206|5.95206
8|4.81595|4.81595
9|3.68585|3.68585
10|2.81556|2.81556
11|2.1883|2.1883
12|1.61001|1.61001
13|1.11374|1.11374
14|0.852883|0.852883
15|0.595036|0.595036
16|0.375607|0.375607
17|0.24766|0.24766
18|0.194034|0.194034
19|0.14191|0.14191
20|0.108996|0.108996
21|0.0801818|0.0801818
22|0.0623888|0.0623888
23|0.0477021|0.0477021
24|0.0343888|0.0343888
25|0.0267755|0.0267755
26|0.0199137|0.0199137
27|0.0158173|0.0158173
28|0.0120005|0.0120005
29|0.00891725|0.00891725
EARLY STOP: TARGET FOUND
40511ms
