1|179.037|179.037
2|157.408|157.408
3|141.325|141.325
4|127.096|127.096
5|114.543|114.543
6|103.382|103.382
7|92.2464|92.2464
8|81.8455|81.8455
9|71.6464|71.6464
10|62.1099|62.1099
11|53.6917|53.6917
12|45.6664|45.6664
13|41.0135|41.0135
14|37.0176|37.0176
15|33.5341|33.5341
16|30.1706|30.1706
17|26.8623|26.8623
18|23.6876|23.6876
19|20.8976|20.8976
20|18.561|18.561
21|16.3135|16.3135
22|15.2159|15.2159
23|14.1258|14.1258
24|13.0373|13.0373
25|12.1804|12.1804
26|11.36|11.36
27|10.5615|10.5615
28|9.79235|9.79235
29|9.05002|9.05002
30|8.31096|8.31096
31|7.57508|7.57508
32|6.85084|6.85084
33|6.24383|6.24383
34|5.69162|5.69162
35|5.17868|5.17868
36|4.6769|4.6769
37|4.22395|4.22395
38|3.79856|3.79856
39|3.37657|3.37657
40|3.09492|3.09492
41|2.82446|2.82446
42|2.55821|2.55821
43|2.31659|2.31659
44|2.07875|2.07875
45|1.84168|1.84168
46|1.65617|1.65617
47|1.47198|1.47198
48|1.34131|1.34131
49|1.22008|1.22008
50|1.11706|1.11706
51|1.04544|1.04544
52|0.979057|0.979057
53|0.914774|0.914774
54|0.850747|0.850747
55|0.789077|0.789077
56|0.730647|0.730647
57|0.673064|0.673064
58|0.6163|0.6163
59|0.559976|0.559976
60|0.504006|0.504006
61|0.450945|0.450945
62|0.400409|0.400409
63|0.356398|0.356398
64|0.314277|0.314277
65|0.272544|0.272544
66|0.254269|0.254269
67|0.237457|0.237457
68|0.220847|0.220847
69|0.206469|0.206469
70|0.19242|0.19242
71|0.178429|0.178429
72|0.165487|0.165487
73|0.152674|0.152674
74|0.141039|0.141039
75|0.129613|0.129613
76|0.119295|0.119295
77|0.10928|0.10928
78|0.0996886|0.0996886
79|0.0905066|0.0905066
80|0.0815449|0.0815449
81|0.0727597|0.0727597
82|0.0654292|0.0654292
83|0.0589112|0.0589112
84|0.0524823|0.0524823
85|0.0478483|0.0478483
86|0.0435104|0.0435104
87|0.0393491|0.0393491
88|0.0357432|0.0357432
89|0.0322381|0.0322381
90|0.0292354|0.0292354
91|0.0267053|0.0267053
92|0.0242721|0.0242721
93|0.0218834|0.0218834
94|0.0196588|0.0196588
95|0.0174631|0.0174631
96|0.0155299|0.0155299
97|0.0138592|0.0138592
98|0.0122525|0.0122525
99|0.0111355|0.0111355
100|0.0101666|0.0101666
101|0.0092121|0.0092121
EARLY STOP: TARGET FOUND
1148167ms
