1|540.919|540.919
2|507.773|507.773
3|475.507|475.507
4|444.344|444.344
5|417.889|417.889
6|393.513|393.513
7|369.542|369.542
8|346.553|346.553
9|326.044|326.044
10|306.488|306.488
11|288.275|288.275
12|270.606|270.606
13|253.48|253.48
14|236.427|236.427
15|220.231|220.231
16|204.049|204.049
17|188.087|188.087
18|173.492|173.492
19|159.074|159.074
20|148.28|148.28
21|138.793|138.793
22|130.56|130.56
23|123.111|123.111
24|115.878|115.878
25|108.776|108.776
26|101.828|101.828
27|95.029|95.029
28|88.4303|88.4303
29|82.9388|82.9388
30|77.5693|77.5693
31|73.2505|73.2505
32|69.9547|69.9547
33|67.2875|67.2875
34|64.9467|64.9467
35|63.4531|63.4531
36|62.0457|62.0457
37|60.6633|60.6633
38|59.3649|59.3649
39|58.0784|58.0784
40|56.8681|56.8681
41|55.9595|55.9595
42|55.0915|55.0915
43|54.2288|54.2288
44|53.4918|53.4918
45|52.8142|52.8142
46|50.869|50.869
47|47.9859|47.9859
48|47.4505|47.4505
49|46.9649|46.9649
50|46.5247|46.5247
51|46.096|46.096
52|45.6769|45.6769
53|45.2653|45.2653
54|44.8557|44.8557
55|44.4811|44.4811
56|44.1142|44.1142
57|43.8512|43.8512
58|43.5968|43.5968
59|43.3616|43.3616
60|43.1583|43.1583
61|42.9586|42.9586
62|42.781|42.781
63|42.6116|42.6116
64|42.4474|42.4474
65|42.3078|42.3078
66|42.1713|42.1713
67|42.0375|42.0375
68|41.9585|41.9585
69|41.884|41.884
70|41.816|41.816
71|41.7573|41.7573
72|41.7202|41.7202
73|41.6839|41.6839
74|41.6479|41.6479
75|41.612|41.612
76|41.5785|41.5785
77|41.5487|41.5487
78|41.5236|41.5236
79|41.5003|41.5003
80|41.4809|41.4809
81|41.4631|41.4631
82|41.4454|41.4454
83|41.4279|41.4279
84|41.4134|41.4134
85|41.4023|41.4023
86|41.3929|41.3929
87|41.3834|41.3834
88|41.3741|41.3741
89|41.3652|41.3652
90|41.3565|41.3565
91|41.3478|41.3478
92|41.3392|41.3392
93|41.3306|41.3306
94|41.3223|41.3223
95|41.3142|41.3142
96|41.3062|41.3062
97|41.2985|41.2985
98|41.2928|41.2928
99|41.2885|41.2885
100|41.2842|41.2842
101|41.28|41.28
102|41.2764|41.2764
103|41.2728|41.2728
104|41.2695|41.2695
105|41.2664|41.2664
106|41.2636|41.2636
107|41.261|41.261
108|41.2585|41.2585
109|41.2564|41.2564
110|41.2542|41.2542
111|41.2522|41.2522
112|41.2502|41.2502
113|41.2482|41.2482
114|41.2464|41.2464
115|41.2449|41.2449
116|41.2434|41.2434
117|41.242|41.242
118|41.2407|41.2407
119|41.2396|41.2396
120|41.2385|41.2385
121|41.2375|41.2375
122|41.2366|41.2366
123|41.2358|41.2358
124|41.235|41.235
125|41.2342|41.2342
126|41.2334|41.2334
127|41.2328|41.2328
128|41.2321|41.2321
129|41.2315|41.2315
130|41.2309|41.2309
131|41.2304|41.2304
132|41.2299|41.2299
133|41.2293|41.2293
134|41.2288|41.2288
135|41.2283|41.2283
136|41.2279|41.2279
137|41.2275|41.2275
138|41.2271|41.2271
139|41.2267|41.2267
140|41.2264|41.2264
141|41.2262|41.2262
142|41.2259|41.2259
143|41.2257|41.2257
144|41.2254|41.2254
145|41.2251|41.2251
146|41.2249|41.2249
147|41.2247|41.2247
148|41.2246|41.2246
149|41.2244|41.2244
150|41.2243|41.2243
151|41.2241|41.2241
152|41.224|41.224
153|41.2238|41.2238
154|41.2237|41.2237
155|41.2236|41.2236
156|41.2234|41.2234
157|41.2233|41.2233
158|41.2232|41.2232
159|41.2232|41.2232
160|41.2231|41.2231
161|41.223|41.223
162|41.2229|41.2229
163|41.2229|41.2229
164|41.2228|41.2228
165|41.2228|41.2228
166|41.2228|41.2228
167|41.2227|41.2227
168|41.2227|41.2227
169|41.2227|41.2227
170|41.2226|41.2226
171|41.2226|41.2226
172|41.2226|41.2226
173|41.2225|41.2225
174|41.2225|41.2225
175|41.2225|41.2225
176|41.2225|41.2225
177|41.2225|41.2225
178|41.2225|41.2225
179|41.2225|41.2225
180|41.2225|41.2225
181|41.2225|41.2225
182|41.2225|41.2225
183|41.2225|41.2225
184|41.2225|41.2225
185|41.2225|41.2225
186|41.2225|41.2225
187|41.2225|41.2225
188|41.2225|41.2225
189|41.2225|41.2225
190|41.2225|41.2225
191|41.2225|41.2225
192|41.2225|41.2225
193|41.2225|41.2225
194|41.2225|41.2225
195|41.2225|41.2225
196|41.2225|41.2225
197|41.2225|41.2225
198|41.2225|41.2225
199|41.2225|41.2225
200|41.2225|41.2225
201|41.2225|41.2225
202|41.2225|41.2225
203|41.2225|41.2225
204|41.2225|41.2225
205|41.2225|41.2225
206|41.2225|41.2225
207|41.2225|41.2225
208|41.2225|41.2225
209|41.2225|41.2225
210|41.2225|41.2225
211|41.2225|41.2225
212|41.2225|41.2225
213|41.2225|41.2225
214|41.2225|41.2225
215|41.2225|41.2225
216|41.2225|41.2225
217|41.2225|41.2225
218|41.2225|41.2225
219|41.2225|41.2225
220|41.2225|41.2225
221|41.2225|41.2225
222|41.2225|41.2225
223|41.2225|41.2225
224|41.2225|41.2225
225|41.2225|41.2225
226|41.2225|41.2225
227|41.2225|41.2225
228|41.2225|41.2225
229|41.2225|41.2225
230|41.2225|41.2225
231|41.2225|41.2225
232|41.2225|41.2225
233|41.2225|41.2225
234|41.2225|41.2225
235|41.2225|41.2225
236|41.2225|41.2225
237|41.2225|41.2225
238|41.2225|41.2225
239|41.2225|41.2225
240|41.2225|41.2225
241|41.2225|41.2225
242|41.2225|41.2225
243|41.2225|41.2225
244|41.2225|41.2225
245|41.2225|41.2225
246|41.2225|41.2225
247|41.2225|41.2225
248|41.2225|41.2225
249|41.2225|41.2225
250|41.2225|41.2225
251|41.2225|41.2225
252|41.2225|41.2225
253|41.2225|41.2225
254|41.2225|41.2225
255|41.2225|41.2225
256|41.2225|41.2225
257|41.2225|41.2225
258|41.2225|41.2225
259|41.2225|41.2225
260|41.2225|41.2225
261|41.2225|41.2225
262|41.2225|41.2225
263|41.2225|41.2225
264|41.2225|41.2225
265|41.2225|41.2225
266|41.2225|41.2225
267|41.2225|41.2225
268|41.2225|41.2225
269|41.2225|41.2225
270|41.2225|41.2225
271|41.2225|41.2225
272|41.2225|41.2225
273|41.2225|41.2225
274|41.2225|41.2225
275|41.2225|41.2225
276|41.2225|41.2225
277|41.2225|41.2225
278|41.2225|41.2225
279|41.2225|41.2225
280|41.2225|41.2225
281|41.2225|41.2225
282|41.2225|41.2225
283|41.2225|41.2225
284|41.2225|41.2225
285|41.2225|41.2225
286|41.2225|41.2225
287|41.2225|41.2225
288|41.2225|41.2225
289|41.2225|41.2225
290|41.2225|41.2225
291|41.2225|41.2225
292|41.2225|41.2225
293|41.2225|41.2225
294|41.2225|41.2225
295|41.2225|41.2225
296|41.2225|41.2225
297|41.2225|41.2225
298|41.2225|41.2225
299|41.2225|41.2225
300|41.2225|41.2225
301|41.2225|41.2225
302|41.2225|41.2225
303|41.2225|41.2225
304|41.2225|41.2225
305|41.2225|41.2225
306|41.2225|41.2225
307|41.2225|41.2225
308|41.2225|41.2225
309|41.2225|41.2225
310|41.2225|41.2225
311|41.2225|41.2225
312|41.2225|41.2225
313|41.2225|41.2225
314|41.2225|41.2225
315|41.2225|41.2225
316|41.2225|41.2225
317|41.2225|41.2225
318|41.2225|41.2225
319|41.2225|41.2225
320|41.2225|41.2225
321|41.2225|41.2225
322|41.2225|41.2225
323|41.2225|41.2225
324|41.2225|41.2225
325|41.2225|41.2225
326|41.2225|41.2225
327|41.2225|41.2225
328|41.2225|41.2225
EARLY STOP: TARGET FOUND
3782514ms
