1|268.969|268.969
2|243.104|243.104
3|222.129|222.129
4|203.084|203.084
5|184.092|184.092
6|165.999|165.999
7|150.028|150.028
8|134.905|134.905
9|119.942|119.942
10|107.342|107.342
11|94.745|94.745
12|83.1214|83.1214
13|72.0787|72.0787
14|61.6081|61.6081
15|52.5401|52.5401
16|43.5382|43.5382
17|36.4728|36.4728
18|31.7395|31.7395
19|28.1772|28.1772
20|25.1007|25.1007
21|22.3594|22.3594
22|20.175|20.175
23|18.0517|18.0517
24|15.9403|15.9403
25|14.8024|14.8024
26|13.7005|13.7005
27|12.5992|12.5992
28|11.6024|11.6024
29|10.6257|10.6257
30|9.75485|9.75485
31|8.89695|8.89695
32|8.14599|8.14599
33|7.4155|7.4155
34|6.70281|6.70281
35|6.09718|6.09718
36|5.52754|5.52754
37|4.9752|4.9752
38|4.48202|4.48202
39|3.99544|3.99544
40|3.73371|3.73371
41|3.47658|3.47658
42|3.22185|3.22185
43|2.97808|2.97808
44|2.73467|2.73467
45|2.50508|2.50508
46|2.27998|2.27998
47|2.06807|2.06807
48|1.85875|1.85875
49|1.65512|1.65512
50|1.46391|1.46391
51|1.28274|1.28274
52|1.1094|1.1094
53|0.981192|0.981192
54|0.859444|0.859444
55|0.799705|0.799705
56|0.745082|0.745082
57|0.691014|0.691014
58|0.639253|0.639253
59|0.588686|0.588686
60|0.538516|0.538516
61|0.49343|0.49343
62|0.448528|0.448528
63|0.405883|0.405883
64|0.367887|0.367887
65|0.332136|0.332136
66|0.297122|0.297122
67|0.263595|0.263595
68|0.234443|0.234443
69|0.206582|0.206582
70|0.187675|0.187675
71|0.169571|0.169571
72|0.153767|0.153767
73|0.140162|0.140162
74|0.126869|0.126869
75|0.115428|0.115428
76|0.104094|0.104094
77|0.0934244|0.0934244
78|0.0838314|0.0838314
79|0.0757196|0.0757196
80|0.067886|0.067886
81|0.0612056|0.0612056
82|0.056552|0.056552
83|0.0519102|0.0519102
84|0.0473676|0.0473676
85|0.0431157|0.0431157
86|0.0394918|0.0394918
87|0.0362203|0.0362203
88|0.032995|0.032995
89|0.0297836|0.0297836
90|0.0266817|0.0266817
91|0.0240203|0.0240203
92|0.0220176|0.0220176
93|0.0201711|0.0201711
94|0.0185449|0.0185449
95|0.0173955|0.0173955
96|0.0162688|0.0162688
97|0.0151479|0.0151479
98|0.0140766|0.0140766
99|0.0131127|0.0131127
100|0.0121867|0.0121867
101|0.0113178|0.0113178
102|0.0104574|0.0104574
103|0.00962401|0.00962401
EARLY STOP: TARGET FOUND
1234050ms
