1|193.386|193.386
2|169.737|169.737
3|146.476|146.476
4|123.465|123.465
5|101.486|101.486
6|82.4565|82.4565
7|66.4899|66.4899
8|57.5323|57.5323
9|51.4986|51.4986
10|47.6669|47.6669
11|43.8496|43.8496
12|40.5683|40.5683
13|38.5434|38.5434
14|36.6505|36.6505
15|35.0065|35.0065
16|33.6965|33.6965
17|32.8379|32.8379
18|31.9894|31.9894
19|31.2909|31.2909
20|30.8443|30.8443
21|30.5434|30.5434
22|30.2817|30.2817
23|25.4653|25.4653
24|22.9413|22.9413
25|22.7457|22.7457
26|22.5782|22.5782
27|22.4214|22.4214
28|22.2836|22.2836
29|22.1492|22.1492
30|22.0197|22.0197
31|21.9246|21.9246
32|21.8311|21.8311
33|21.7823|21.7823
34|21.7354|21.7354
35|21.6994|21.6994
36|21.6828|21.6828
37|21.6739|21.6739
38|21.6653|21.6653
39|21.6576|21.6576
40|21.6518|21.6518
41|21.6475|21.6475
42|21.6445|21.6445
43|21.6419|21.6419
44|21.6398|21.6398
45|21.6376|21.6376
46|21.6355|21.6355
47|21.6334|21.6334
48|21.6319|21.6319
49|21.6309|21.6309
50|21.6298|21.6298
51|21.6291|21.6291
52|21.6284|21.6284
53|21.6279|21.6279
54|21.6273|21.6273
55|21.627|21.627
56|21.6266|21.6266
57|21.6264|21.6264
58|21.6262|21.6262
59|21.6261|21.6261
60|21.626|21.626
61|21.6258|21.6258
62|21.6257|21.6257
63|21.6257|21.6257
64|21.6256|21.6256
65|21.6256|21.6256
66|21.6256|21.6256
67|21.6256|21.6256
68|21.6256|21.6256
69|21.6256|21.6256
70|21.6256|21.6256
71|21.6256|21.6256
72|21.6256|21.6256
73|21.6256|21.6256
74|21.6256|21.6256
75|21.6256|21.6256
76|21.6256|21.6256
77|21.6256|21.6256
78|21.6256|21.6256
79|21.6256|21.6256
80|21.6256|21.6256
81|21.6256|21.6256
82|21.6256|21.6256
83|21.6256|21.6256
84|21.6256|21.6256
85|21.6256|21.6256
86|21.6256|21.6256
87|21.6256|21.6256
88|21.6256|21.6256
89|21.6256|21.6256
90|21.6256|21.6256
91|21.6256|21.6256
92|21.6256|21.6256
93|21.6256|21.6256
94|21.6256|21.6256
95|21.6256|21.6256
96|21.6256|21.6256
97|21.6256|21.6256
98|21.6256|21.6256
99|21.6256|21.6256
100|21.6256|21.6256
101|21.6256|21.6256
102|21.6256|21.6256
103|21.6256|21.6256
104|21.6256|21.6256
105|21.6256|21.6256
106|21.6256|21.6256
107|21.6256|21.6256
108|21.6256|21.6256
109|21.6256|21.6256
110|21.6256|21.6256
111|21.6256|21.6256
112|21.6256|21.6256
113|21.6256|21.6256
114|21.6256|21.6256
115|21.6256|21.6256
116|21.6256|21.6256
117|21.6256|21.6256
118|21.6256|21.6256
119|21.6256|21.6256
120|21.6256|21.6256
121|21.6256|21.6256
122|21.6256|21.6256
123|21.6256|21.6256
124|21.6256|21.6256
125|21.6256|21.6256
126|21.6256|21.6256
127|21.6256|21.6256
128|21.6256|21.6256
129|21.6256|21.6256
130|21.6256|21.6256
131|21.6256|21.6256
132|21.6256|21.6256
133|21.6256|21.6256
134|21.6256|21.6256
135|21.6256|21.6256
136|21.6256|21.6256
137|21.6256|21.6256
138|21.6256|21.6256
139|21.6256|21.6256
140|21.6256|21.6256
141|21.6256|21.6256
142|21.6256|21.6256
143|21.6256|21.6256
144|21.6256|21.6256
145|21.6256|21.6256
146|21.6256|21.6256
147|21.6256|21.6256
148|21.6256|21.6256
149|21.6256|21.6256
150|21.6256|21.6256
151|21.6256|21.6256
152|21.6256|21.6256
153|21.6256|21.6256
154|21.6256|21.6256
155|21.6256|21.6256
156|21.6256|21.6256
157|21.6256|21.6256
158|21.6256|21.6256
159|21.6256|21.6256
160|21.6256|21.6256
161|21.6256|21.6256
162|21.6256|21.6256
163|21.6256|21.6256
164|21.6256|21.6256
165|21.6256|21.6256
166|21.6256|21.6256
167|21.6256|21.6256
168|21.6256|21.6256
169|21.6256|21.6256
170|21.6256|21.6256
171|21.6256|21.6256
172|21.6256|21.6256
173|21.6256|21.6256
174|21.6256|21.6256
175|21.6256|21.6256
176|21.6256|21.6256
177|21.6256|21.6256
178|21.6256|21.6256
179|21.6256|21.6256
180|21.6256|21.6256
181|21.6256|21.6256
182|21.6256|21.6256
183|21.6256|21.6256
184|21.6256|21.6256
185|21.6256|21.6256
186|21.6256|21.6256
187|21.6256|21.6256
188|21.6256|21.6256
189|21.6256|21.6256
190|21.6256|21.6256
191|21.6256|21.6256
192|21.6256|21.6256
193|21.6256|21.6256
194|21.6256|21.6256
195|21.6256|21.6256
196|21.6256|21.6256
197|21.6256|21.6256
198|21.6256|21.6256
199|21.6256|21.6256
200|21.6256|21.6256
201|21.6256|21.6256
202|21.6256|21.6256
203|21.6256|21.6256
204|21.6256|21.6256
205|21.6256|21.6256
206|21.6256|21.6256
207|21.6256|21.6256
208|21.6256|21.6256
209|21.6256|21.6256
210|21.6256|21.6256
211|21.6256|21.6256
212|21.6256|21.6256
213|21.6256|21.6256
214|21.6256|21.6256
215|21.6256|21.6256
216|21.6256|21.6256
217|21.6256|21.6256
218|21.6256|21.6256
EARLY STOP: TARGET FOUND
325941ms
