1|44.4893|44.4893
2|31.5954|31.5954
3|27.0394|27.0394
4|22.8989|22.8989
5|18.8412|18.8412
6|14.9582|14.9582
7|11.7964|11.7964
8|8.90132|8.90132
9|7.72587|7.72587
10|6.62033|6.62033
11|5.52517|5.52517
12|4.47594|4.47594
13|3.63448|3.63448
14|2.83446|2.83446
15|2.12174|2.12174
16|1.84121|1.84121
17|1.56279|1.56279
18|1.31722|1.31722
19|1.07684|1.07684
20|0.859425|0.859425
21|0.647646|0.647646
22|0.534118|0.534118
23|0.462113|0.462113
24|0.398649|0.398649
25|0.336235|0.336235
26|0.275043|0.275043
27|0.224863|0.224863
28|0.17888|0.17888
29|0.135491|0.135491
30|0.103583|0.103583
31|0.0744938|0.0744938
32|0.0576914|0.0576914
33|0.0451594|0.0451594
34|0.0331523|0.0331523
35|0.0217562|0.0217562
36|0.0172113|0.0172113
37|0.0136101|0.0136101
38|0.0101144|0.0101144
39|0.00726713|0.00726713
EARLY STOP: TARGET FOUND
53912ms
