1|-428.2|-428.2
2|-783.967|-783.967
3|-1044.39|-1044.39
4|-1218.6|-1218.6
5|-1389.79|-1389.79
6|-1567.26|-1567.26
7|-1734.55|-1734.55
8|-1893.58|-1893.58
9|-2040.11|-2040.11
10|-2174.92|-2174.92
11|-2282.42|-2282.42
12|-2369.39|-2369.39
13|-2432.04|-2432.04
14|-2638.9|-2638.9
15|-2681.82|-2681.82
16|-2713.3|-2713.3
17|-2739.78|-2739.78
18|-2761|-2761
19|-2775.79|-2775.79
20|-2809.16|-2809.16
21|-2826.95|-2826.95
22|-2837.84|-2837.84
23|-2848.44|-2848.44
24|-2857.23|-2857.23
25|-2862.51|-2862.51
26|-2866.88|-2866.88
27|-2870.1|-2870.1
28|-2872.74|-2872.74
29|-2875.37|-2875.37
30|-2877.57|-2877.57
31|-2879.75|-2879.75
32|-2881.5|-2881.5
33|-2882.82|-2882.82
34|-2883.91|-2883.91
35|-2884.8|-2884.8
36|-2885.63|-2885.63
37|-2886.29|-2886.29
38|-2886.95|-2886.95
39|-2887.28|-2887.28
40|-2887.61|-2887.61
41|-2887.88|-2887.88
42|-2888.15|-2888.15
43|-2888.32|-2888.32
44|-2888.48|-2888.48
45|-2888.59|-2888.59
46|-2888.67|-2888.67
47|-2888.75|-2888.75
48|-2888.84|-2888.84
49|-2888.91|-2888.91
50|-2888.95|-2888.95
51|-2888.98|-2888.98
52|-2889.02|-2889.02
53|-2889.05|-2889.05
54|-2889.06|-2889.06
55|-2889.08|-2889.08
56|-2889.09|-2889.09
57|-2889.11|-2889.11
58|-2889.12|-2889.12
59|-2889.13|-2889.13
60|-2889.14|-2889.14
61|-2889.15|-2889.15
62|-2889.15|-2889.15
63|-2889.16|-2889.16
64|-2889.16|-2889.16
65|-2889.17|-2889.17
66|-2889.17|-2889.17
67|-2889.17|-2889.17
68|-2889.17|-2889.17
69|-2889.18|-2889.18
70|-2889.18|-2889.18
71|-2889.18|-2889.18
72|-2889.18|-2889.18
73|-2889.18|-2889.18
74|-2889.18|-2889.18
75|-2889.18|-2889.18
76|-2889.18|-2889.18
77|-2889.18|-2889.18
78|-2889.18|-2889.18
79|-2889.18|-2889.18
80|-2889.18|-2889.18
81|-2889.18|-2889.18
82|-2889.18|-2889.18
83|-2889.18|-2889.18
84|-2889.18|-2889.18
85|-2889.18|-2889.18
86|-2889.18|-2889.18
87|-2889.18|-2889.18
88|-2889.18|-2889.18
89|-2889.18|-2889.18
90|-2889.18|-2889.18
91|-2889.18|-2889.18
92|-2889.18|-2889.18
93|-2889.18|-2889.18
94|-2889.18|-2889.18
95|-2889.18|-2889.18
96|-2889.18|-2889.18
97|-2889.18|-2889.18
98|-2889.18|-2889.18
99|-2889.18|-2889.18
100|-2889.18|-2889.18
101|-2889.18|-2889.18
102|-2889.18|-2889.18
103|-2889.18|-2889.18
104|-2889.18|-2889.18
105|-2889.18|-2889.18
106|-2889.18|-2889.18
107|-2889.18|-2889.18
108|-2889.18|-2889.18
109|-2889.18|-2889.18
110|-2889.18|-2889.18
111|-2889.18|-2889.18
112|-2889.18|-2889.18
113|-2889.18|-2889.18
114|-2889.18|-2889.18
115|-2889.18|-2889.18
116|-2889.18|-2889.18
117|-2889.18|-2889.18
118|-2889.18|-2889.18
119|-2889.18|-2889.18
120|-2889.18|-2889.18
121|-2889.18|-2889.18
122|-2889.18|-2889.18
123|-2889.18|-2889.18
124|-2889.18|-2889.18
125|-2889.18|-2889.18
126|-2889.18|-2889.18
127|-2889.18|-2889.18
128|-2889.18|-2889.18
129|-2889.18|-2889.18
130|-2889.18|-2889.18
131|-2889.18|-2889.18
132|-2889.18|-2889.18
133|-2889.18|-2889.18
134|-2889.18|-2889.18
135|-2889.18|-2889.18
136|-2889.18|-2889.18
137|-2889.18|-2889.18
138|-2889.18|-2889.18
139|-2889.18|-2889.18
140|-2889.18|-2889.18
141|-2889.18|-2889.18
142|-2889.18|-2889.18
143|-2889.18|-2889.18
144|-2889.18|-2889.18
145|-2889.18|-2889.18
146|-2889.18|-2889.18
147|-2889.18|-2889.18
148|-2889.18|-2889.18
149|-2889.18|-2889.18
150|-2889.18|-2889.18
151|-2889.18|-2889.18
152|-2889.18|-2889.18
153|-2889.18|-2889.18
154|-2889.18|-2889.18
155|-2889.18|-2889.18
156|-2889.18|-2889.18
157|-2889.18|-2889.18
158|-2889.18|-2889.18
159|-2889.18|-2889.18
160|-2889.18|-2889.18
161|-2889.18|-2889.18
162|-2889.18|-2889.18
163|-2889.18|-2889.18
164|-2889.18|-2889.18
165|-2889.18|-2889.18
166|-2889.18|-2889.18
167|-2889.18|-2889.18
168|-2889.18|-2889.18
169|-2889.18|-2889.18
170|-2889.18|-2889.18
171|-2889.18|-2889.18
172|-2889.18|-2889.18
173|-2889.18|-2889.18
174|-2889.18|-2889.18
175|-2889.18|-2889.18
176|-2889.18|-2889.18
177|-2889.18|-2889.18
178|-2889.18|-2889.18
179|-2889.18|-2889.18
180|-2889.18|-2889.18
181|-2889.18|-2889.18
182|-2889.18|-2889.18
183|-2889.18|-2889.18
184|-2889.18|-2889.18
185|-2889.18|-2889.18
186|-2889.18|-2889.18
187|-2889.18|-2889.18
188|-2889.18|-2889.18
189|-2889.18|-2889.18
190|-2889.18|-2889.18
191|-2889.18|-2889.18
192|-2889.18|-2889.18
193|-2889.18|-2889.18
194|-2889.18|-2889.18
195|-2889.18|-2889.18
196|-2889.18|-2889.18
197|-2889.18|-2889.18
198|-2889.18|-2889.18
199|-2889.18|-2889.18
200|-2889.18|-2889.18
201|-2889.18|-2889.18
202|-2889.18|-2889.18
203|-2889.18|-2889.18
204|-2889.18|-2889.18
205|-2889.18|-2889.18
206|-2889.18|-2889.18
207|-2889.18|-2889.18
208|-2889.18|-2889.18
209|-2889.18|-2889.18
210|-2889.18|-2889.18
211|-2889.18|-2889.18
212|-2889.18|-2889.18
213|-2889.18|-2889.18
214|-2889.18|-2889.18
215|-2889.18|-2889.18
216|-2889.18|-2889.18
217|-2889.18|-2889.18
218|-2889.18|-2889.18
219|-2889.18|-2889.18
220|-2889.18|-2889.18
221|-2889.18|-2889.18
222|-2889.18|-2889.18
223|-2889.18|-2889.18
224|-2889.18|-2889.18
225|-2889.18|-2889.18
226|-2889.18|-2889.18
227|-2889.18|-2889.18
EARLY STOP: TARGET FOUND
454652ms
