1|64.5913|64.5913
2|46.7516|46.7516
3|36.0994|36.0994
4|27.4488|27.4488
5|19.2319|19.2319
6|11.8575|11.8575
7|4.54391|4.54391
8|2.44794|2.44794
9|1.81071|1.81071
10|1.19567|1.19567
11|0.699468|0.699468
12|0.463876|0.463876
13|0.304154|0.304154
14|0.198638|0.198638
15|0.157643|0.157643
16|0.126048|0.126048
17|0.0947398|0.0947398
18|0.0689819|0.0689819
19|0.0432835|0.0432835
20|0.0259342|0.0259342
21|0.0180037|0.0180037
22|0.0135939|0.0135939
23|0.00971933|0.00971933
EARLY STOP: TARGET FOUND
32264ms
