1|56.0687|56.0687
2|39.7298|39.7298
3|24.232|24.232
4|18.9446|18.9446
5|15.8999|15.8999
6|14.5939|14.5939
7|13.7454|13.7454
8|9.6447|9.6447
9|8.95432|8.95432
10|8.42179|8.42179
11|8.21772|8.21772
12|8.10545|8.10545
13|8.06246|8.06246
14|8.03522|8.03522
15|8.02126|8.02126
16|8.00846|8.00846
17|7.99611|7.99611
18|7.98947|7.98947
19|7.98657|7.98657
20|7.98387|7.98387
21|7.98258|7.98258
22|7.98195|7.98195
23|7.98133|7.98133
24|7.98077|7.98077
25|7.98025|7.98025
26|7.98011|7.98011
27|7.98003|7.98003
28|7.97998|7.97998
29|7.97993|7.97993
30|7.9799|7.9799
31|7.97988|7.97988
32|7.97987|7.97987
33|7.97986|7.97986
34|7.97986|7.97986
35|7.97986|7.97986
36|7.97986|7.97986
37|7.97986|7.97986
38|7.97986|7.97986
39|7.97986|7.97986
40|7.97986|7.97986
41|7.97986|7.97986
42|7.97986|7.97986
43|7.97986|7.97986
44|7.97986|7.97986
45|7.97986|7.97986
46|7.97986|7.97986
47|7.97986|7.97986
48|7.97986|7.97986
49|7.97986|7.97986
50|7.97986|7.97986
51|7.97986|7.97986
52|7.97986|7.97986
53|7.97986|7.97986
54|7.97986|7.97986
55|7.97986|7.97986
56|7.97986|7.97986
57|7.97986|7.97986
58|7.97986|7.97986
59|7.97986|7.97986
60|7.97986|7.97986
61|7.97986|7.97986
62|7.97986|7.97986
63|7.97986|7.97986
64|7.97986|7.97986
65|7.97986|7.97986
66|7.97986|7.97986
67|7.97986|7.97986
68|7.97986|7.97986
69|7.97986|7.97986
70|7.97986|7.97986
71|7.97986|7.97986
72|7.97986|7.97986
73|7.97986|7.97986
74|7.97986|7.97986
75|7.97986|7.97986
76|7.97986|7.97986
77|7.97986|7.97986
78|7.97986|7.97986
79|7.97986|7.97986
80|7.97986|7.97986
81|7.97986|7.97986
82|7.97986|7.97986
83|7.97986|7.97986
84|7.97986|7.97986
85|7.97986|7.97986
86|7.97986|7.97986
87|7.97986|7.97986
88|7.97986|7.97986
89|7.97986|7.97986
90|7.97986|7.97986
91|7.97986|7.97986
92|7.97986|7.97986
93|7.97986|7.97986
94|7.97986|7.97986
95|7.97986|7.97986
96|7.97986|7.97986
97|7.97986|7.97986
98|7.97986|7.97986
99|7.97986|7.97986
100|7.97986|7.97986
101|7.97986|7.97986
102|7.97986|7.97986
103|7.97986|7.97986
104|7.97986|7.97986
105|7.97986|7.97986
106|7.97986|7.97986
107|7.97986|7.97986
108|7.97986|7.97986
109|7.97986|7.97986
110|7.97986|7.97986
111|7.97986|7.97986
112|7.97986|7.97986
113|7.97986|7.97986
114|7.97986|7.97986
115|7.97986|7.97986
116|7.97986|7.97986
117|7.97986|7.97986
118|7.97986|7.97986
119|7.97986|7.97986
120|7.97986|7.97986
121|7.97986|7.97986
122|7.97986|7.97986
123|7.97986|7.97986
124|7.97986|7.97986
125|7.97986|7.97986
126|7.97986|7.97986
127|7.97986|7.97986
128|7.97986|7.97986
129|7.97986|7.97986
130|7.97986|7.97986
131|7.97986|7.97986
132|7.97986|7.97986
133|7.97986|7.97986
134|7.97986|7.97986
135|7.97986|7.97986
136|7.97986|7.97986
137|7.97986|7.97986
138|7.97986|7.97986
139|7.97986|7.97986
140|7.97986|7.97986
141|7.97986|7.97986
142|7.97986|7.97986
143|7.97986|7.97986
144|7.97986|7.97986
145|7.97986|7.97986
146|7.97986|7.97986
147|7.97986|7.97986
148|7.97986|7.97986
149|7.97986|7.97986
150|7.97986|7.97986
151|7.97986|7.97986
152|7.97986|7.97986
153|7.97986|7.97986
154|7.97986|7.97986
155|7.97986|7.97986
156|7.97986|7.97986
157|7.97986|7.97986
158|7.97986|7.97986
159|7.97986|7.97986
160|7.97986|7.97986
161|7.97986|7.97986
162|7.97986|7.97986
163|7.97986|7.97986
164|7.97986|7.97986
165|7.97986|7.97986
166|7.97986|7.97986
167|7.97986|7.97986
168|7.97986|7.97986
169|7.97986|7.97986
170|7.97986|7.97986
171|7.97986|7.97986
172|7.97986|7.97986
173|7.97986|7.97986
174|7.97986|7.97986
175|7.97986|7.97986
176|7.97986|7.97986
177|7.97986|7.97986
178|7.97986|7.97986
179|7.97986|7.97986
180|7.97986|7.97986
181|7.97986|7.97986
182|7.97986|7.97986
183|7.97986|7.97986
184|7.97986|7.97986
185|7.97986|7.97986
EARLY STOP: TARGET FOUND
72608ms
