1|535.12|535.12
2|502.159|502.159
3|473.221|473.221
4|446.937|446.937
5|421.479|421.479
6|397.142|397.142
7|375.582|375.582
8|355.238|355.238
9|337.552|337.552
10|320.133|320.133
11|304.105|304.105
12|288.15|288.15
13|272.333|272.333
14|256.578|256.578
15|242.107|242.107
16|227.949|227.949
17|214.938|214.938
18|202.656|202.656
19|190.815|190.815
20|179.803|179.803
21|169.128|169.128
22|158.689|158.689
23|148.923|148.923
24|140.285|140.285
25|131.764|131.764
26|124.434|124.434
27|117.318|117.318
28|110.664|110.664
29|104.409|104.409
30|98.5076|98.5076
31|93.0905|93.0905
32|90.0308|90.0308
33|87.0044|87.0044
34|85.2354|85.2354
35|83.5176|83.5176
36|81.8863|81.8863
37|80.3269|80.3269
38|79.0071|79.0071
39|78.0003|78.0003
40|77.2178|77.2178
41|76.4828|76.4828
42|75.7749|75.7749
43|75.082|75.082
44|74.396|74.396
45|73.7168|73.7168
46|73.0518|73.0518
47|72.5997|72.5997
48|72.1528|72.1528
49|71.7166|71.7166
50|71.2852|71.2852
51|70.8687|70.8687
52|70.4895|70.4895
53|70.1252|70.1252
54|69.8119|69.8119
55|69.506|69.506
56|69.2062|69.2062
57|68.9083|68.9083
58|68.6141|68.6141
59|68.3227|68.3227
60|68.0397|68.0397
61|67.8489|67.8489
62|67.6665|67.6665
63|67.495|67.495
64|67.3247|67.3247
65|67.157|67.157
66|66.9933|66.9933
67|66.8312|66.8312
68|66.6714|66.6714
69|66.5117|66.5117
70|66.3566|66.3566
71|66.2125|66.2125
72|66.07|66.07
73|65.9297|65.9297
74|65.7925|65.7925
75|65.657|65.657
76|65.5245|65.5245
77|65.418|65.418
78|65.3367|65.3367
79|65.2597|65.2597
80|65.1864|65.1864
81|65.1161|65.1161
82|65.0469|65.0469
83|64.9781|64.9781
84|64.9099|64.9099
85|64.8615|64.8615
86|64.8185|64.8185
87|64.7777|64.7777
88|64.7406|64.7406
89|64.704|64.704
90|64.668|64.668
91|64.6342|64.6342
92|64.6005|64.6005
93|64.5669|64.5669
94|64.5356|64.5356
95|64.509|64.509
96|64.4872|64.4872
97|64.4669|64.4669
98|64.4482|64.4482
99|64.4305|64.4305
100|64.4128|64.4128
101|64.3953|64.3953
102|64.3785|64.3785
103|64.3619|64.3619
104|64.3452|64.3452
105|64.3286|64.3286
106|64.3179|64.3179
107|64.3034|64.3034
108|64.2943|64.2943
109|64.2855|64.2855
110|64.2768|64.2768
111|64.268|64.268
112|64.2594|64.2594
113|64.2511|64.2511
114|64.2428|64.2428
115|64.2345|64.2345
116|64.2262|64.2262
117|64.2179|64.2179
118|64.2108|64.2108
119|64.2037|64.2037
120|64.197|64.197
121|64.1906|64.1906
122|64.1862|64.1862
123|64.1819|64.1819
124|64.1776|64.1776
125|64.1733|64.1733
126|64.169|64.169
127|64.1649|64.1649
128|64.1607|64.1607
129|64.1572|64.1572
130|64.1539|64.1539
131|64.1507|64.1507
132|64.1479|64.1479
133|64.1457|64.1457
134|64.1436|64.1436
135|64.1414|64.1414
136|64.1393|64.1393
137|64.1372|64.1372
138|64.1351|64.1351
139|64.1331|64.1331
140|64.131|64.131
141|64.1291|64.1291
142|64.1272|64.1272
143|64.1256|64.1256
144|64.1242|64.1242
145|64.1228|64.1228
146|64.1215|64.1215
147|64.1204|64.1204
148|64.1193|64.1193
149|64.1183|64.1183
150|64.1172|64.1172
151|64.1162|64.1162
152|64.1152|64.1152
153|64.1143|64.1143
154|64.1136|64.1136
155|64.1129|64.1129
156|64.1122|64.1122
157|64.1116|64.1116
158|64.1109|64.1109
159|64.1104|64.1104
160|64.1098|64.1098
161|64.1093|64.1093
162|64.1088|64.1088
163|64.1083|64.1083
164|64.1078|64.1078
165|64.1072|64.1072
166|64.1067|64.1067
167|64.1063|64.1063
168|64.1058|64.1058
169|64.1054|64.1054
170|64.1051|64.1051
171|64.1048|64.1048
172|64.1045|64.1045
173|64.1042|64.1042
174|64.1039|64.1039
175|64.1037|64.1037
176|64.1034|64.1034
177|64.1032|64.1032
178|64.1029|64.1029
179|64.1028|64.1028
180|64.1026|64.1026
181|64.1024|64.1024
182|64.1023|64.1023
183|64.1021|64.1021
184|64.102|64.102
185|64.1018|64.1018
186|64.1017|64.1017
187|64.1016|64.1016
188|64.1014|64.1014
189|64.1013|64.1013
190|64.1012|64.1012
191|64.1011|64.1011
192|64.101|64.101
193|64.101|64.101
194|64.1009|64.1009
195|64.1009|64.1009
196|64.1008|64.1008
197|64.1008|64.1008
198|64.1008|64.1008
199|64.1007|64.1007
200|64.1007|64.1007
201|64.1007|64.1007
202|64.1007|64.1007
203|64.1007|64.1007
204|64.1006|64.1006
205|64.1006|64.1006
206|64.1006|64.1006
207|64.1006|64.1006
208|64.1006|64.1006
209|64.1006|64.1006
210|64.1006|64.1006
211|64.1006|64.1006
212|64.1006|64.1006
213|64.1006|64.1006
214|64.1006|64.1006
215|64.1006|64.1006
216|64.1006|64.1006
217|64.1006|64.1006
218|64.1006|64.1006
219|64.1006|64.1006
220|64.1006|64.1006
221|64.1006|64.1006
222|64.1006|64.1006
223|64.1006|64.1006
224|64.1006|64.1006
225|64.1006|64.1006
226|64.1006|64.1006
227|64.1006|64.1006
228|64.1006|64.1006
229|64.1006|64.1006
230|64.1006|64.1006
231|64.1006|64.1006
232|64.1006|64.1006
233|64.1006|64.1006
234|64.1006|64.1006
235|64.1006|64.1006
236|64.1006|64.1006
237|64.1006|64.1006
238|64.1006|64.1006
239|64.1006|64.1006
240|64.1006|64.1006
241|64.1006|64.1006
242|64.1006|64.1006
243|64.1006|64.1006
244|64.1006|64.1006
245|64.1006|64.1006
246|64.1006|64.1006
247|64.1006|64.1006
248|64.1006|64.1006
249|64.1006|64.1006
250|64.1006|64.1006
251|64.1006|64.1006
252|64.1006|64.1006
253|64.1006|64.1006
254|64.1006|64.1006
255|64.1006|64.1006
256|64.1006|64.1006
257|64.1006|64.1006
258|64.1006|64.1006
259|64.1006|64.1006
260|64.1006|64.1006
261|64.1006|64.1006
262|64.1006|64.1006
263|64.1006|64.1006
264|64.1006|64.1006
265|64.1006|64.1006
266|64.1006|64.1006
267|64.1006|64.1006
268|64.1006|64.1006
269|64.1006|64.1006
270|64.1006|64.1006
271|64.1006|64.1006
272|64.1006|64.1006
273|64.1006|64.1006
274|64.1006|64.1006
275|64.1006|64.1006
276|64.1006|64.1006
277|64.1006|64.1006
278|64.1006|64.1006
279|64.1006|64.1006
280|64.1006|64.1006
281|64.1006|64.1006
282|64.1006|64.1006
283|64.1006|64.1006
284|64.1006|64.1006
285|64.1006|64.1006
286|64.1006|64.1006
287|64.1006|64.1006
288|64.1006|64.1006
289|64.1006|64.1006
290|64.1006|64.1006
291|64.1006|64.1006
292|64.1006|64.1006
293|64.1006|64.1006
294|64.1006|64.1006
295|64.1006|64.1006
296|64.1006|64.1006
297|64.1006|64.1006
298|64.1006|64.1006
299|64.1006|64.1006
300|64.1006|64.1006
301|64.1006|64.1006
302|64.1006|64.1006
303|64.1006|64.1006
304|64.1006|64.1006
305|64.1006|64.1006
306|64.1006|64.1006
307|64.1006|64.1006
308|64.1006|64.1006
309|64.1006|64.1006
310|64.1006|64.1006
311|64.1006|64.1006
312|64.1006|64.1006
313|64.1006|64.1006
314|64.1006|64.1006
315|64.1006|64.1006
316|64.1006|64.1006
317|64.1006|64.1006
318|64.1006|64.1006
319|64.1006|64.1006
320|64.1006|64.1006
321|64.1006|64.1006
322|64.1006|64.1006
323|64.1006|64.1006
324|64.1006|64.1006
325|64.1006|64.1006
326|64.1006|64.1006
327|64.1006|64.1006
328|64.1006|64.1006
329|64.1006|64.1006
330|64.1006|64.1006
331|64.1006|64.1006
332|64.1006|64.1006
333|64.1006|64.1006
334|64.1006|64.1006
335|64.1006|64.1006
336|64.1006|64.1006
337|64.1006|64.1006
338|64.1006|64.1006
339|64.1006|64.1006
340|64.1006|64.1006
341|64.1006|64.1006
342|64.1006|64.1006
343|64.1006|64.1006
344|64.1006|64.1006
345|64.1006|64.1006
346|64.1006|64.1006
347|64.1006|64.1006
348|64.1006|64.1006
349|64.1006|64.1006
350|64.1006|64.1006
351|64.1006|64.1006
352|64.1006|64.1006
353|64.1006|64.1006
354|64.1006|64.1006
355|64.1006|64.1006
356|64.1006|64.1006
357|64.1006|64.1006
EARLY STOP: TARGET FOUND
4083064ms
