1|-189.186|-189.186
2|-793.895|-793.895
3|-1395.84|-1395.84
4|-1951.15|-1951.15
5|-2490.32|-2490.32
6|-2879.47|-2879.47
7|-3230.16|-3230.16
8|-3577.5|-3577.5
9|-3887.32|-3887.32
10|-4188.03|-4188.03
11|-4476.45|-4476.45
12|-4682.32|-4682.32
13|-4878.91|-4878.91
14|-5145.55|-5145.55
15|-5339.8|-5339.8
16|-5524.9|-5524.9
17|-5694.59|-5694.59
18|-5850.92|-5850.92
19|-6006.82|-6006.82
20|-6151.91|-6151.91
21|-6290.67|-6290.67
22|-6424.07|-6424.07
23|-6556.1|-6556.1
24|-6681.36|-6681.36
25|-6806.23|-6806.23
26|-6929.87|-6929.87
27|-7041.67|-7041.67
28|-7139.5|-7139.5
29|-7234|-7234
30|-7311.97|-7311.97
31|-7605.87|-7605.87
32|-7680.79|-7680.79
33|-7754.81|-7754.81
34|-7828.37|-7828.37
35|-7899.74|-7899.74
36|-7968.2|-7968.2
37|-8028|-8028
38|-8084.05|-8084.05
39|-8236.5|-8236.5
40|-8342.29|-8342.29
41|-8394.34|-8394.34
42|-8445.29|-8445.29
43|-8495.96|-8495.96
44|-8578.46|-8578.46
45|-8859.97|-8859.97
46|-8909.25|-8909.25
47|-8953.89|-8953.89
48|-8997.25|-8997.25
49|-9039.86|-9039.86
50|-9082.25|-9082.25
51|-9122.13|-9122.13
52|-9159.66|-9159.66
53|-9194.94|-9194.94
54|-9215.51|-9215.51
55|-9235.6|-9235.6
56|-9271.36|-9271.36
57|-9291.01|-9291.01
58|-9309.01|-9309.01
59|-9328.88|-9328.88
60|-9364.65|-9364.65
61|-9380.78|-9380.78
62|-9408.45|-9408.45
63|-9443.94|-9443.94
64|-9460.08|-9460.08
65|-9487.75|-9487.75
66|-9523.24|-9523.24
67|-9536.76|-9536.76
68|-9549.06|-9549.06
69|-9560.42|-9560.42
70|-9569.86|-9569.86
71|-9595.51|-9595.51
72|-9604.56|-9604.56
73|-9613.54|-9613.54
74|-9622.31|-9622.31
75|-9631.07|-9631.07
76|-9639.82|-9639.82
77|-9648.51|-9648.51
78|-9657.02|-9657.02
79|-9662.92|-9662.92
80|-9668.74|-9668.74
81|-9674.12|-9674.12
82|-9679.09|-9679.09
83|-9684.06|-9684.06
84|-9688.63|-9688.63
85|-9716.75|-9716.75
86|-9720.97|-9720.97
87|-9725.16|-9725.16
88|-9729.32|-9729.32
89|-9733.17|-9733.17
90|-9736.91|-9736.91
91|-9738.94|-9738.94
92|-9740.96|-9740.96
93|-9742.47|-9742.47
94|-9743.86|-9743.86
95|-9745.19|-9745.19
96|-9746.5|-9746.5
97|-9747.78|-9747.78
98|-9748.87|-9748.87
99|-9749.96|-9749.96
100|-9751|-9751
101|-9752.02|-9752.02
102|-9753.03|-9753.03
103|-9753.72|-9753.72
104|-9754.35|-9754.35
105|-9754.9|-9754.9
106|-9755.44|-9755.44
107|-9755.99|-9755.99
108|-9756.53|-9756.53
109|-9757.08|-9757.08
110|-9757.58|-9757.58
111|-9758.08|-9758.08
112|-9758.54|-9758.54
113|-9758.97|-9758.97
114|-9759.4|-9759.4
115|-9759.79|-9759.79
116|-9760.15|-9760.15
117|-9760.46|-9760.46
118|-9760.77|-9760.77
119|-9761.05|-9761.05
120|-9761.32|-9761.32
121|-9761.59|-9761.59
122|-9761.87|-9761.87
123|-9762.12|-9762.12
124|-9762.37|-9762.37
125|-9762.62|-9762.62
126|-9762.84|-9762.84
127|-9763.02|-9763.02
128|-9763.19|-9763.19
129|-9763.34|-9763.34
130|-9763.49|-9763.49
131|-9763.63|-9763.63
132|-9763.76|-9763.76
133|-9763.9|-9763.9
134|-9764.04|-9764.04
135|-9764.17|-9764.17
136|-9764.31|-9764.31
137|-9764.43|-9764.43
138|-9764.56|-9764.56
139|-9764.63|-9764.63
140|-9764.71|-9764.71
141|-9764.78|-9764.78
142|-9764.85|-9764.85
143|-9764.92|-9764.92
144|-9764.98|-9764.98
145|-9765.05|-9765.05
146|-9765.11|-9765.11
147|-9765.17|-9765.17
148|-9765.23|-9765.23
149|-9765.29|-9765.29
150|-9765.34|-9765.34
151|-9765.38|-9765.38
152|-9765.42|-9765.42
153|-9765.46|-9765.46
154|-9765.49|-9765.49
155|-9765.53|-9765.53
156|-9765.56|-9765.56
157|-9765.6|-9765.6
158|-9765.63|-9765.63
159|-9765.66|-9765.66
160|-9765.69|-9765.69
161|-9765.72|-9765.72
162|-9765.76|-9765.76
163|-9765.79|-9765.79
164|-9765.82|-9765.82
165|-9765.85|-9765.85
166|-9765.88|-9765.88
167|-9765.9|-9765.9
168|-9765.92|-9765.92
169|-9765.95|-9765.95
170|-9765.96|-9765.96
171|-9765.98|-9765.98
172|-9766|-9766
173|-9766.02|-9766.02
174|-9766.03|-9766.03
175|-9766.05|-9766.05
176|-9766.07|-9766.07
177|-9766.08|-9766.08
178|-9766.1|-9766.1
179|-9766.11|-9766.11
180|-9766.13|-9766.13
181|-9766.14|-9766.14
182|-9766.16|-9766.16
183|-9766.17|-9766.17
184|-9766.19|-9766.19
185|-9766.2|-9766.2
186|-9766.21|-9766.21
187|-9766.22|-9766.22
188|-9766.23|-9766.23
189|-9766.23|-9766.23
190|-9766.24|-9766.24
191|-9766.25|-9766.25
192|-9766.26|-9766.26
193|-9766.27|-9766.27
194|-9766.27|-9766.27
195|-9766.28|-9766.28
196|-9766.28|-9766.28
197|-9766.29|-9766.29
198|-9766.29|-9766.29
199|-9766.29|-9766.29
200|-9766.3|-9766.3
201|-9766.3|-9766.3
202|-9766.3|-9766.3
203|-9766.31|-9766.31
204|-9766.31|-9766.31
205|-9766.31|-9766.31
206|-9766.32|-9766.32
207|-9766.32|-9766.32
208|-9766.32|-9766.32
209|-9766.32|-9766.32
210|-9766.33|-9766.33
211|-9766.33|-9766.33
212|-9766.33|-9766.33
213|-9766.33|-9766.33
214|-9766.33|-9766.33
215|-9766.33|-9766.33
216|-9766.34|-9766.34
217|-9766.34|-9766.34
218|-9766.34|-9766.34
219|-9766.34|-9766.34
220|-9766.34|-9766.34
221|-9766.34|-9766.34
222|-9766.34|-9766.34
223|-9766.34|-9766.34
224|-9766.34|-9766.34
225|-9766.34|-9766.34
226|-9766.35|-9766.35
227|-9766.35|-9766.35
228|-9766.35|-9766.35
229|-9766.35|-9766.35
230|-9766.35|-9766.35
231|-9766.35|-9766.35
232|-9766.35|-9766.35
233|-9766.35|-9766.35
234|-9766.35|-9766.35
235|-9766.35|-9766.35
236|-9766.35|-9766.35
237|-9766.35|-9766.35
238|-9766.35|-9766.35
239|-9766.35|-9766.35
240|-9766.35|-9766.35
241|-9766.35|-9766.35
242|-9766.35|-9766.35
243|-9766.35|-9766.35
244|-9766.35|-9766.35
245|-9766.35|-9766.35
246|-9766.35|-9766.35
247|-9766.35|-9766.35
248|-9766.35|-9766.35
249|-9766.35|-9766.35
250|-9766.35|-9766.35
251|-9766.35|-9766.35
252|-9766.35|-9766.35
253|-9766.35|-9766.35
254|-9766.35|-9766.35
255|-9766.35|-9766.35
256|-9766.35|-9766.35
257|-9766.35|-9766.35
258|-9766.35|-9766.35
259|-9766.35|-9766.35
260|-9766.35|-9766.35
261|-9766.35|-9766.35
262|-9766.35|-9766.35
263|-9766.35|-9766.35
264|-9766.35|-9766.35
265|-9766.35|-9766.35
266|-9766.35|-9766.35
267|-9766.35|-9766.35
268|-9766.35|-9766.35
269|-9766.35|-9766.35
270|-9766.35|-9766.35
271|-9766.35|-9766.35
272|-9766.35|-9766.35
273|-9766.35|-9766.35
274|-9766.35|-9766.35
275|-9766.35|-9766.35
276|-9766.35|-9766.35
277|-9766.35|-9766.35
278|-9766.35|-9766.35
279|-9766.35|-9766.35
280|-9766.35|-9766.35
281|-9766.35|-9766.35
282|-9766.35|-9766.35
283|-9766.35|-9766.35
284|-9766.35|-9766.35
285|-9766.35|-9766.35
286|-9766.35|-9766.35
287|-9766.35|-9766.35
288|-9766.35|-9766.35
289|-9766.35|-9766.35
290|-9766.35|-9766.35
291|-9766.35|-9766.35
292|-9766.35|-9766.35
293|-9766.35|-9766.35
294|-9766.35|-9766.35
295|-9766.35|-9766.35
296|-9766.35|-9766.35
297|-9766.35|-9766.35
298|-9766.35|-9766.35
299|-9766.35|-9766.35
300|-9766.35|-9766.35
301|-9766.35|-9766.35
302|-9766.35|-9766.35
303|-9766.35|-9766.35
304|-9766.35|-9766.35
305|-9766.35|-9766.35
306|-9766.35|-9766.35
307|-9766.35|-9766.35
308|-9766.35|-9766.35
309|-9766.35|-9766.35
310|-9766.35|-9766.35
311|-9766.35|-9766.35
312|-9766.35|-9766.35
313|-9766.35|-9766.35
314|-9766.35|-9766.35
315|-9766.35|-9766.35
316|-9766.35|-9766.35
317|-9766.35|-9766.35
318|-9766.35|-9766.35
319|-9766.35|-9766.35
320|-9766.35|-9766.35
321|-9766.35|-9766.35
322|-9766.35|-9766.35
323|-9766.35|-9766.35
324|-9766.35|-9766.35
325|-9766.35|-9766.35
326|-9766.35|-9766.35
327|-9766.35|-9766.35
328|-9766.35|-9766.35
329|-9766.35|-9766.35
330|-9766.35|-9766.35
331|-9766.35|-9766.35
332|-9766.35|-9766.35
333|-9766.35|-9766.35
334|-9766.35|-9766.35
335|-9766.35|-9766.35
336|-9766.35|-9766.35
337|-9766.35|-9766.35
338|-9766.35|-9766.35
339|-9766.35|-9766.35
340|-9766.35|-9766.35
341|-9766.35|-9766.35
342|-9766.35|-9766.35
343|-9766.35|-9766.35
344|-9766.35|-9766.35
345|-9766.35|-9766.35
346|-9766.35|-9766.35
347|-9766.35|-9766.35
348|-9766.35|-9766.35
349|-9766.35|-9766.35
350|-9766.35|-9766.35
351|-9766.35|-9766.35
352|-9766.35|-9766.35
353|-9766.35|-9766.35
354|-9766.35|-9766.35
355|-9766.35|-9766.35
356|-9766.35|-9766.35
357|-9766.35|-9766.35
358|-9766.35|-9766.35
359|-9766.35|-9766.35
360|-9766.35|-9766.35
361|-9766.35|-9766.35
362|-9766.35|-9766.35
363|-9766.35|-9766.35
364|-9766.35|-9766.35
365|-9766.35|-9766.35
366|-9766.35|-9766.35
367|-9766.35|-9766.35
368|-9766.35|-9766.35
369|-9766.35|-9766.35
370|-9766.35|-9766.35
371|-9766.35|-9766.35
372|-9766.35|-9766.35
373|-9766.35|-9766.35
374|-9766.35|-9766.35
375|-9766.35|-9766.35
376|-9766.35|-9766.35
377|-9766.35|-9766.35
378|-9766.35|-9766.35
379|-9766.35|-9766.35
380|-9766.35|-9766.35
381|-9766.35|-9766.35
382|-9766.35|-9766.35
EARLY STOP: TARGET FOUND
6335486ms
