1|69.5834|69.5834
2|48.2584|48.2584
3|35.0102|35.0102
4|23.3558|23.3558
5|15.696|15.696
6|13.9404|13.9404
7|13.2318|13.2318
8|12.9255|12.9255
9|12.7081|12.7081
10|12.5398|12.5398
11|12.3993|12.3993
12|12.3214|12.3214
13|12.2853|12.2853
14|12.2515|12.2515
15|12.2307|12.2307
16|12.214|12.214
17|12.2007|12.2007
18|12.1921|12.1921
19|12.1838|12.1838
20|12.1771|12.1771
21|12.1714|12.1714
22|12.1672|12.1672
23|12.1646|12.1646
24|12.1631|12.1631
25|12.1625|12.1625
26|12.1618|12.1618
27|12.1612|12.1612
28|12.1606|12.1606
29|12.1603|12.1603
30|12.16|12.16
31|12.1597|12.1597
32|12.1595|12.1595
33|12.1594|12.1594
34|12.1593|12.1593
35|12.1593|12.1593
36|12.1593|12.1593
37|12.1593|12.1593
38|12.1593|12.1593
39|12.1593|12.1593
40|12.1593|12.1593
41|12.1593|12.1593
42|12.1593|12.1593
43|12.1593|12.1593
44|12.1593|12.1593
45|12.1593|12.1593
46|12.1593|12.1593
47|12.1593|12.1593
48|12.1593|12.1593
49|12.1593|12.1593
50|12.1593|12.1593
51|12.1593|12.1593
52|12.1593|12.1593
53|12.1593|12.1593
54|12.1593|12.1593
55|12.1593|12.1593
56|12.1593|12.1593
57|12.1593|12.1593
58|12.1593|12.1593
59|12.1593|12.1593
60|12.1593|12.1593
61|12.1593|12.1593
62|12.1593|12.1593
63|12.1593|12.1593
64|12.1593|12.1593
65|12.1593|12.1593
66|12.1593|12.1593
67|12.1593|12.1593
68|12.1593|12.1593
69|12.1593|12.1593
70|12.1593|12.1593
71|12.1593|12.1593
72|12.1593|12.1593
73|12.1593|12.1593
74|12.1593|12.1593
75|12.1593|12.1593
76|12.1593|12.1593
77|12.1593|12.1593
78|12.1593|12.1593
79|12.1593|12.1593
80|12.1593|12.1593
81|12.1593|12.1593
82|12.1593|12.1593
83|12.1593|12.1593
84|12.1593|12.1593
85|12.1593|12.1593
86|12.1593|12.1593
87|12.1593|12.1593
88|12.1593|12.1593
89|12.1593|12.1593
90|12.1593|12.1593
91|12.1593|12.1593
92|12.1593|12.1593
93|12.1593|12.1593
94|12.1593|12.1593
95|12.1593|12.1593
96|12.1593|12.1593
97|12.1593|12.1593
98|12.1593|12.1593
99|12.1593|12.1593
100|12.1593|12.1593
101|12.1593|12.1593
102|12.1593|12.1593
103|12.1593|12.1593
104|12.1593|12.1593
105|12.1593|12.1593
106|12.1593|12.1593
107|12.1593|12.1593
108|12.1593|12.1593
109|12.1593|12.1593
110|12.1593|12.1593
111|12.1593|12.1593
112|12.1593|12.1593
113|12.1593|12.1593
114|12.1593|12.1593
115|12.1593|12.1593
116|12.1593|12.1593
117|12.1593|12.1593
118|12.1593|12.1593
119|12.1593|12.1593
120|12.1593|12.1593
121|12.1593|12.1593
122|12.1593|12.1593
123|12.1593|12.1593
124|12.1593|12.1593
125|12.1593|12.1593
126|12.1593|12.1593
127|12.1593|12.1593
128|12.1593|12.1593
129|12.1593|12.1593
130|12.1593|12.1593
131|12.1593|12.1593
132|12.1593|12.1593
133|12.1593|12.1593
134|12.1593|12.1593
135|12.1593|12.1593
136|12.1593|12.1593
137|12.1593|12.1593
138|12.1593|12.1593
139|12.1593|12.1593
140|12.1593|12.1593
141|12.1593|12.1593
142|12.1593|12.1593
143|12.1593|12.1593
144|12.1593|12.1593
145|12.1593|12.1593
146|12.1593|12.1593
147|12.1593|12.1593
148|12.1593|12.1593
149|12.1593|12.1593
150|12.1593|12.1593
151|12.1593|12.1593
152|12.1593|12.1593
153|12.1593|12.1593
154|12.1593|12.1593
155|12.1593|12.1593
156|12.1593|12.1593
157|12.1593|12.1593
158|12.1593|12.1593
159|12.1593|12.1593
160|12.1593|12.1593
161|12.1593|12.1593
162|12.1593|12.1593
163|12.1593|12.1593
164|12.1593|12.1593
165|12.1593|12.1593
166|12.1593|12.1593
167|12.1593|12.1593
168|12.1593|12.1593
169|12.1593|12.1593
170|12.1593|12.1593
171|12.1593|12.1593
172|12.1593|12.1593
173|12.1593|12.1593
174|12.1593|12.1593
175|12.1593|12.1593
176|12.1593|12.1593
177|12.1593|12.1593
178|12.1593|12.1593
179|12.1593|12.1593
180|12.1593|12.1593
181|12.1593|12.1593
182|12.1593|12.1593
183|12.1593|12.1593
184|12.1593|12.1593
185|12.1593|12.1593
186|12.1593|12.1593
EARLY STOP: TARGET FOUND
78535ms
