1|275.491|275.491
2|250.084|250.084
3|226.416|226.416
4|204.734|204.734
5|183.9|183.9
6|166.014|166.014
7|149.373|149.373
8|133.839|133.839
9|118.729|118.729
10|103.91|103.91
11|89.408|89.408
12|77.352|77.352
13|67.0002|67.0002
14|58.4973|58.4973
15|50.7972|50.7972
16|46.1311|46.1311
17|41.5636|41.5636
18|37.1316|37.1316
19|33.1223|33.1223
20|30.091|30.091
21|27.2463|27.2463
22|24.4389|24.4389
23|21.8128|21.8128
24|19.4246|19.4246
25|17.1444|17.1444
26|16.0401|16.0401
27|14.9852|14.9852
28|13.9307|13.9307
29|12.9159|12.9159
30|11.9287|11.9287
31|10.9503|10.9503
32|9.98428|9.98428
33|9.04737|9.04737
34|8.12184|8.12184
35|7.33484|7.33484
36|6.55897|6.55897
37|5.92745|5.92745
38|5.30091|5.30091
39|4.76096|4.76096
40|4.45532|4.45532
41|4.17737|4.17737
42|3.93156|3.93156
43|3.68663|3.68663
44|3.45274|3.45274
45|3.23247|3.23247
46|3.01244|3.01244
47|2.81222|2.81222
48|2.61304|2.61304
49|2.42319|2.42319
50|2.2368|2.2368
51|2.05479|2.05479
52|1.87392|1.87392
53|1.69813|1.69813
54|1.53687|1.53687
55|1.38131|1.38131
56|1.23678|1.23678
57|1.09552|1.09552
58|1.0195|1.0195
59|0.950756|0.950756
60|0.882635|0.882635
61|0.816668|0.816668
62|0.754494|0.754494
63|0.699867|0.699867
64|0.645913|0.645913
65|0.597889|0.597889
66|0.551781|0.551781
67|0.505723|0.505723
68|0.460059|0.460059
69|0.419917|0.419917
70|0.386578|0.386578
71|0.353364|0.353364
72|0.323484|0.323484
73|0.294848|0.294848
74|0.276038|0.276038
75|0.257984|0.257984
76|0.240189|0.240189
77|0.224726|0.224726
78|0.209552|0.209552
79|0.194692|0.194692
80|0.180095|0.180095
81|0.166312|0.166312
82|0.152808|0.152808
83|0.139591|0.139591
84|0.127642|0.127642
85|0.115755|0.115755
86|0.105862|0.105862
87|0.0975491|0.0975491
88|0.0894359|0.0894359
89|0.0816585|0.0816585
90|0.0747671|0.0747671
91|0.0700557|0.0700557
92|0.0654506|0.0654506
93|0.0612237|0.0612237
94|0.0571264|0.0571264
95|0.0531205|0.0531205
96|0.0494553|0.0494553
97|0.0459283|0.0459283
98|0.0424139|0.0424139
99|0.0389979|0.0389979
100|0.0357404|0.0357404
101|0.0328088|0.0328088
102|0.0300217|0.0300217
103|0.0273416|0.0273416
104|0.0247115|0.0247115
105|0.0222135|0.0222135
106|0.0201217|0.0201217
107|0.0180861|0.0180861
108|0.0161342|0.0161342
109|0.0143259|0.0143259
110|0.0131703|0.0131703
111|0.0120677|0.0120677
112|0.0110804|0.0110804
113|0.0101087|0.0101087
114|0.00919527|0.00919527
EARLY STOP: TARGET FOUND
1296095ms
