1|-4.00629|-4.00629
2|-4.81493|-4.81493
3|-5.6045|-5.6045
4|-6.00803|-6.00803
5|-6.27618|-6.27618
6|-6.45356|-6.45356
7|-6.61282|-6.61282
8|-6.71796|-6.71796
9|-6.78008|-6.78008
10|-6.82733|-6.82733
11|-6.87199|-6.87199
12|-6.90422|-6.90422
13|-6.93607|-6.93607
14|-6.96037|-6.96037
15|-6.98105|-6.98105
16|-7.00917|-7.00917
17|-7.0248|-7.0248
18|-7.03454|-7.03454
19|-7.04253|-7.04253
20|-7.05024|-7.05024
21|-7.057|-7.057
22|-7.06106|-7.06106
23|-7.06489|-7.06489
24|-7.06825|-7.06825
25|-7.07103|-7.07103
26|-7.07256|-7.07256
27|-7.07394|-7.07394
28|-7.07508|-7.07508
29|-7.07584|-7.07584
30|-7.07658|-7.07658
31|-7.07709|-7.07709
32|-7.07733|-7.07733
33|-7.07757|-7.07757
34|-7.07778|-7.07778
35|-7.07797|-7.07797
36|-7.07814|-7.07814
37|-7.07827|-7.07827
38|-7.07839|-7.07839
39|-7.0785|-7.0785
40|-7.07858|-7.07858
41|-7.07865|-7.07865
42|-7.07871|-7.07871
43|-7.07877|-7.07877
44|-7.07882|-7.07882
45|-7.07886|-7.07886
46|-7.07889|-7.07889
47|-7.07891|-7.07891
48|-7.07893|-7.07893
49|-7.07894|-7.07894
50|-7.07896|-7.07896
51|-7.07896|-7.07896
52|-7.07896|-7.07896
53|-7.07896|-7.07896
54|-7.07897|-7.07897
55|-7.07897|-7.07897
56|-7.07897|-7.07897
57|-7.07897|-7.07897
58|-7.07897|-7.07897
59|-7.07897|-7.07897
60|-7.07897|-7.07897
61|-7.07897|-7.07897
62|-7.07897|-7.07897
63|-7.07897|-7.07897
64|-7.07897|-7.07897
65|-7.07897|-7.07897
66|-7.07897|-7.07897
67|-7.07897|-7.07897
68|-7.07897|-7.07897
69|-7.07897|-7.07897
70|-7.07897|-7.07897
71|-7.07897|-7.07897
72|-7.07897|-7.07897
73|-7.07897|-7.07897
74|-7.07897|-7.07897
75|-7.07897|-7.07897
76|-7.07897|-7.07897
77|-7.07897|-7.07897
78|-7.07897|-7.07897
79|-7.07897|-7.07897
80|-7.07897|-7.07897
81|-7.07897|-7.07897
82|-7.07897|-7.07897
83|-7.07897|-7.07897
84|-7.07897|-7.07897
85|-7.07897|-7.07897
86|-7.07897|-7.07897
87|-7.07897|-7.07897
88|-7.07897|-7.07897
89|-7.07897|-7.07897
90|-7.07897|-7.07897
91|-7.07897|-7.07897
92|-7.07897|-7.07897
93|-7.07897|-7.07897
94|-7.07897|-7.07897
95|-7.07897|-7.07897
96|-7.07897|-7.07897
97|-7.07897|-7.07897
98|-7.07897|-7.07897
99|-7.07897|-7.07897
100|-7.07897|-7.07897
101|-7.07897|-7.07897
102|-7.07897|-7.07897
103|-7.07897|-7.07897
104|-7.07897|-7.07897
105|-7.07897|-7.07897
106|-7.07897|-7.07897
107|-7.07897|-7.07897
108|-7.07897|-7.07897
109|-7.07897|-7.07897
110|-7.07897|-7.07897
111|-7.07897|-7.07897
112|-7.07897|-7.07897
113|-7.07897|-7.07897
114|-7.07897|-7.07897
115|-7.07897|-7.07897
116|-7.07897|-7.07897
117|-7.07897|-7.07897
118|-7.07897|-7.07897
119|-7.07897|-7.07897
120|-7.07897|-7.07897
121|-7.07897|-7.07897
122|-7.07897|-7.07897
123|-7.07897|-7.07897
124|-7.07897|-7.07897
125|-7.07897|-7.07897
126|-7.07897|-7.07897
127|-7.07897|-7.07897
128|-7.07897|-7.07897
129|-7.07897|-7.07897
130|-7.07897|-7.07897
131|-7.07897|-7.07897
132|-7.07897|-7.07897
133|-7.07897|-7.07897
134|-7.07897|-7.07897
135|-7.07897|-7.07897
136|-7.07897|-7.07897
137|-7.07897|-7.07897
138|-7.07897|-7.07897
139|-7.07897|-7.07897
140|-7.07897|-7.07897
141|-7.07897|-7.07897
142|-7.07897|-7.07897
143|-7.07897|-7.07897
144|-7.07897|-7.07897
145|-7.07897|-7.07897
146|-7.07897|-7.07897
147|-7.07897|-7.07897
148|-7.07897|-7.07897
149|-7.07897|-7.07897
150|-7.07897|-7.07897
151|-7.07897|-7.07897
152|-7.07897|-7.07897
153|-7.07897|-7.07897
154|-7.07897|-7.07897
155|-7.07897|-7.07897
156|-7.07897|-7.07897
157|-7.07897|-7.07897
158|-7.07897|-7.07897
159|-7.07897|-7.07897
160|-7.07897|-7.07897
161|-7.07897|-7.07897
162|-7.07897|-7.07897
163|-7.07897|-7.07897
164|-7.07897|-7.07897
165|-7.07897|-7.07897
166|-7.07897|-7.07897
167|-7.07897|-7.07897
168|-7.07897|-7.07897
169|-7.07897|-7.07897
170|-7.07897|-7.07897
171|-7.07897|-7.07897
172|-7.07897|-7.07897
173|-7.07897|-7.07897
174|-7.07897|-7.07897
175|-7.07897|-7.07897
176|-7.07897|-7.07897
177|-7.07897|-7.07897
178|-7.07897|-7.07897
179|-7.07897|-7.07897
180|-7.07897|-7.07897
181|-7.07897|-7.07897
182|-7.07897|-7.07897
183|-7.07897|-7.07897
184|-7.07897|-7.07897
185|-7.07897|-7.07897
186|-7.07897|-7.07897
187|-7.07897|-7.07897
188|-7.07897|-7.07897
189|-7.07897|-7.07897
190|-7.07897|-7.07897
191|-7.07897|-7.07897
192|-7.07897|-7.07897
193|-7.07897|-7.07897
194|-7.07897|-7.07897
195|-7.07897|-7.07897
196|-7.07897|-7.07897
197|-7.07897|-7.07897
198|-7.07897|-7.07897
199|-7.07897|-7.07897
200|-7.07897|-7.07897
201|-7.07897|-7.07897
202|-7.07897|-7.07897
203|-7.07897|-7.07897
204|-7.07897|-7.07897
205|-7.07897|-7.07897
206|-7.07897|-7.07897
EARLY STOP: TARGET FOUND
287375ms
