1|281.46|281.46
2|258.482|258.482
3|236.71|236.71
4|215.982|215.982
5|195.454|195.454
6|176.36|176.36
7|157.714|157.714
8|139.745|139.745
9|122.518|122.518
10|105.975|105.975
11|89.5451|89.5451
12|76.5415|76.5415
13|66.4039|66.4039
14|57.859|57.859
15|49.513|49.513
16|41.429|41.429
17|34.1473|34.1473
18|30.3488|30.3488
19|26.8597|26.8597
20|23.9158|23.9158
21|21.379|21.379
22|18.9114|18.9114
23|16.6914|16.6914
24|14.5475|14.5475
25|13.3446|13.3446
26|12.1691|12.1691
27|11.0767|11.0767
28|10.1081|10.1081
29|9.2947|9.2947
30|8.49526|8.49526
31|7.78145|7.78145
32|7.11101|7.11101
33|6.4899|6.4899
34|5.91072|5.91072
35|5.37431|5.37431
36|4.85854|4.85854
37|4.37214|4.37214
38|3.89167|3.89167
39|3.59299|3.59299
40|3.29874|3.29874
41|3.01819|3.01819
42|2.7652|2.7652
43|2.52468|2.52468
44|2.2857|2.2857
45|2.06173|2.06173
46|1.88463|1.88463
47|1.7094|1.7094
48|1.56289|1.56289
49|1.4407|1.4407
50|1.31905|1.31905
51|1.21415|1.21415
52|1.1386|1.1386
53|1.06325|1.06325
54|0.990707|0.990707
55|0.918846|0.918846
56|0.84852|0.84852
57|0.778471|0.778471
58|0.714998|0.714998
59|0.651674|0.651674
60|0.601223|0.601223
61|0.551527|0.551527
62|0.504426|0.504426
63|0.460968|0.460968
64|0.418275|0.418275
65|0.378664|0.378664
66|0.341075|0.341075
67|0.305892|0.305892
68|0.278616|0.278616
69|0.260043|0.260043
70|0.241567|0.241567
71|0.224496|0.224496
72|0.207766|0.207766
73|0.191413|0.191413
74|0.17545|0.17545
75|0.159626|0.159626
76|0.144828|0.144828
77|0.132291|0.132291
78|0.119829|0.119829
79|0.107555|0.107555
80|0.0957466|0.0957466
81|0.0862958|0.0862958
82|0.0794247|0.0794247
83|0.0748118|0.0748118
84|0.0703254|0.0703254
85|0.0658875|0.0658875
86|0.0614637|0.0614637
87|0.05755|0.05755
88|0.0537746|0.0537746
89|0.0500391|0.0500391
90|0.0464738|0.0464738
91|0.0430976|0.0430976
92|0.039898|0.039898
93|0.0367164|0.0367164
94|0.0336043|0.0336043
95|0.0307398|0.0307398
96|0.0279105|0.0279105
97|0.0252375|0.0252375
98|0.0226386|0.0226386
99|0.0207359|0.0207359
100|0.0196017|0.0196017
101|0.0184863|0.0184863
102|0.0173798|0.0173798
103|0.0162812|0.0162812
104|0.0152126|0.0152126
105|0.0141695|0.0141695
106|0.0131505|0.0131505
107|0.0121386|0.0121386
108|0.0111865|0.0111865
109|0.0103495|0.0103495
110|0.00954661|0.00954661
EARLY STOP: TARGET FOUND
1250560ms
