1|-1.96724|-1.96724
2|-2.79209|-2.79209
3|-3.61579|-3.61579
4|-4.43331|-4.43331
5|-5.21472|-5.21472
6|-5.99371|-5.99371
7|-6.74099|-6.74099
8|-7.48181|-7.48181
9|-8.20189|-8.20189
10|-8.86797|-8.86797
11|-9.4516|-9.4516
12|-10.0343|-10.0343
13|-10.6169|-10.6169
14|-11.0872|-11.0872
15|-11.5539|-11.5539
16|-11.9986|-11.9986
17|-12.4426|-12.4426
18|-12.9513|-12.9513
19|-13.3644|-13.3644
20|-13.7691|-13.7691
21|-14.3084|-14.3084
22|-14.6506|-14.6506
23|-15.1662|-15.1662
24|-15.4905|-15.4905
25|-15.8142|-15.8142
26|-16.1278|-16.1278
27|-16.4136|-16.4136
28|-16.8515|-16.8515
29|-17.1086|-17.1086
30|-17.7834|-17.7834
31|-18.0288|-18.0288
32|-18.239|-18.239
33|-18.4295|-18.4295
34|-18.6149|-18.6149
35|-18.7921|-18.7921
36|-18.9252|-18.9252
37|-19.1045|-19.1045
38|-19.2328|-19.2328
39|-19.3958|-19.3958
40|-19.5233|-19.5233
41|-19.6497|-19.6497
42|-19.7651|-19.7651
43|-19.8637|-19.8637
44|-19.9482|-19.9482
45|-20.0976|-20.0976
46|-20.1675|-20.1675
47|-20.2359|-20.2359
48|-21.1394|-21.1394
49|-21.2037|-21.2037
50|-21.2666|-21.2666
51|-21.3196|-21.3196
52|-22.1064|-22.1064
53|-22.1542|-22.1542
54|-22.1987|-22.1987
55|-22.2421|-22.2421
56|-22.283|-22.283
57|-22.318|-22.318
58|-22.3428|-22.3428
59|-22.9988|-22.9988
60|-23.2781|-23.2781
61|-23.3152|-23.3152
62|-23.3381|-23.3381
63|-23.3603|-23.3603
64|-23.3808|-23.3808
65|-23.4012|-23.4012
66|-23.4207|-23.4207
67|-23.4393|-23.4393
68|-23.4573|-23.4573
69|-23.4752|-23.4752
70|-23.4918|-23.4918
71|-23.5067|-23.5067
72|-23.5176|-23.5176
73|-23.5282|-23.5282
74|-23.5388|-23.5388
75|-23.5492|-23.5492
76|-23.5585|-23.5585
77|-23.5677|-23.5677
78|-23.5767|-23.5767
79|-23.585|-23.585
80|-23.5931|-23.5931
81|-23.5996|-23.5996
82|-23.6061|-23.6061
83|-23.6114|-23.6114
84|-23.6165|-23.6165
85|-23.6216|-23.6216
86|-23.6259|-23.6259
87|-23.6299|-23.6299
88|-23.6339|-23.6339
89|-23.6377|-23.6377
90|-23.6415|-23.6415
91|-23.6443|-23.6443
92|-23.6469|-23.6469
93|-23.6495|-23.6495
94|-23.652|-23.652
95|-23.6592|-23.6592
96|-23.6623|-23.6623
97|-23.6646|-23.6646
98|-23.6669|-23.6669
99|-23.669|-23.669
100|-23.6709|-23.6709
101|-23.6725|-23.6725
102|-23.6821|-23.6821
103|-23.9409|-23.9409
104|-24.3958|-24.3958
105|-24.3989|-24.3989
106|-24.4005|-24.4005
107|-24.4019|-24.4019
108|-24.4032|-24.4032
109|-24.4045|-24.4045
110|-24.4069|-24.4069
111|-24.4082|-24.4082
112|-24.4094|-24.4094
113|-24.4105|-24.4105
114|-24.4115|-24.4115
115|-24.4125|-24.4125
116|-24.4134|-24.4134
117|-24.4142|-24.4142
118|-24.4151|-24.4151
119|-24.4157|-24.4157
120|-24.4164|-24.4164
121|-24.417|-24.417
122|-24.4176|-24.4176
123|-24.4181|-24.4181
124|-24.4186|-24.4186
125|-24.4191|-24.4191
126|-24.4196|-24.4196
127|-24.42|-24.42
128|-24.4204|-24.4204
129|-24.4207|-24.4207
130|-24.4211|-24.4211
131|-24.4214|-24.4214
132|-24.4217|-24.4217
133|-24.422|-24.422
134|-24.4223|-24.4223
135|-24.4226|-24.4226
136|-24.4228|-24.4228
137|-24.4231|-24.4231
138|-24.4233|-24.4233
139|-24.4235|-24.4235
140|-24.4237|-24.4237
141|-24.4238|-24.4238
142|-24.424|-24.424
143|-24.4241|-24.4241
144|-24.4242|-24.4242
145|-24.4243|-24.4243
146|-24.4244|-24.4244
147|-24.4245|-24.4245
148|-24.4246|-24.4246
149|-24.4246|-24.4246
150|-24.4247|-24.4247
151|-24.4248|-24.4248
152|-24.4248|-24.4248
153|-24.4249|-24.4249
154|-24.425|-24.425
155|-24.425|-24.425
156|-24.4251|-24.4251
157|-24.4251|-24.4251
158|-24.4252|-24.4252
159|-24.4252|-24.4252
160|-24.4253|-24.4253
161|-24.4253|-24.4253
162|-24.4253|-24.4253
163|-24.4253|-24.4253
164|-24.4254|-24.4254
165|-24.4254|-24.4254
166|-24.4254|-24.4254
167|-24.4254|-24.4254
168|-24.4254|-24.4254
169|-24.4254|-24.4254
170|-24.4255|-24.4255
171|-24.4255|-24.4255
172|-24.4255|-24.4255
173|-24.4255|-24.4255
174|-24.4255|-24.4255
175|-24.4255|-24.4255
176|-24.4255|-24.4255
177|-24.4255|-24.4255
178|-24.4255|-24.4255
179|-24.4255|-24.4255
180|-24.4255|-24.4255
181|-24.4255|-24.4255
182|-24.4255|-24.4255
183|-24.4255|-24.4255
184|-24.4255|-24.4255
185|-24.4255|-24.4255
186|-24.4255|-24.4255
187|-24.4255|-24.4255
188|-24.4255|-24.4255
189|-24.4255|-24.4255
190|-24.4255|-24.4255
191|-24.4255|-24.4255
192|-24.4255|-24.4255
193|-24.4255|-24.4255
194|-24.4255|-24.4255
195|-24.4255|-24.4255
196|-24.4255|-24.4255
197|-24.4255|-24.4255
198|-24.4255|-24.4255
199|-24.4255|-24.4255
200|-24.4255|-24.4255
201|-24.4255|-24.4255
202|-24.4255|-24.4255
203|-24.4255|-24.4255
204|-24.4255|-24.4255
205|-24.4255|-24.4255
206|-24.4255|-24.4255
207|-24.4255|-24.4255
208|-24.4255|-24.4255
209|-24.4255|-24.4255
210|-24.4255|-24.4255
211|-24.4255|-24.4255
212|-24.4255|-24.4255
213|-24.4255|-24.4255
214|-24.4255|-24.4255
215|-24.4255|-24.4255
216|-24.4255|-24.4255
217|-24.4255|-24.4255
218|-24.4255|-24.4255
219|-24.4255|-24.4255
220|-24.4255|-24.4255
221|-24.4255|-24.4255
222|-24.4255|-24.4255
223|-24.4255|-24.4255
224|-24.4255|-24.4255
225|-24.4255|-24.4255
226|-24.4255|-24.4255
227|-24.4255|-24.4255
228|-24.4255|-24.4255
229|-24.4255|-24.4255
230|-24.4255|-24.4255
231|-24.4255|-24.4255
232|-24.4255|-24.4255
233|-24.4255|-24.4255
234|-24.4255|-24.4255
235|-24.4255|-24.4255
236|-24.4255|-24.4255
237|-24.4255|-24.4255
238|-24.4255|-24.4255
239|-24.4255|-24.4255
240|-24.4255|-24.4255
241|-24.4255|-24.4255
242|-24.4255|-24.4255
243|-24.4255|-24.4255
244|-24.4255|-24.4255
245|-24.4255|-24.4255
246|-24.4255|-24.4255
247|-24.4255|-24.4255
248|-24.4255|-24.4255
249|-24.4255|-24.4255
250|-24.4255|-24.4255
251|-24.4255|-24.4255
252|-24.4255|-24.4255
253|-24.4255|-24.4255
254|-24.4255|-24.4255
255|-24.4255|-24.4255
256|-24.4255|-24.4255
257|-24.4255|-24.4255
258|-24.4255|-24.4255
259|-24.4255|-24.4255
260|-24.4255|-24.4255
261|-24.4255|-24.4255
262|-24.4255|-24.4255
263|-24.4255|-24.4255
264|-24.4255|-24.4255
265|-24.4255|-24.4255
266|-24.4255|-24.4255
267|-24.4255|-24.4255
268|-24.4255|-24.4255
269|-24.4255|-24.4255
270|-24.4255|-24.4255
271|-24.4255|-24.4255
272|-24.4255|-24.4255
273|-24.4255|-24.4255
274|-24.4255|-24.4255
275|-24.4255|-24.4255
276|-24.4255|-24.4255
277|-24.4255|-24.4255
278|-24.4255|-24.4255
279|-24.4255|-24.4255
280|-24.4255|-24.4255
281|-24.4255|-24.4255
282|-24.4255|-24.4255
283|-24.4255|-24.4255
284|-24.4255|-24.4255
285|-24.4255|-24.4255
286|-24.4255|-24.4255
287|-24.4255|-24.4255
288|-24.4255|-24.4255
289|-24.4255|-24.4255
290|-24.4255|-24.4255
291|-24.4255|-24.4255
292|-24.4255|-24.4255
293|-24.4255|-24.4255
294|-24.4255|-24.4255
295|-24.4255|-24.4255
296|-24.4255|-24.4255
297|-24.4255|-24.4255
298|-24.4255|-24.4255
299|-24.4255|-24.4255
300|-24.4255|-24.4255
301|-24.4255|-24.4255
302|-24.4255|-24.4255
303|-24.4255|-24.4255
304|-24.4255|-24.4255
305|-24.4255|-24.4255
306|-24.4255|-24.4255
307|-24.4255|-24.4255
308|-24.4255|-24.4255
309|-24.4255|-24.4255
310|-24.4255|-24.4255
311|-24.4255|-24.4255
312|-24.4255|-24.4255
313|-24.4255|-24.4255
314|-24.4255|-24.4255
315|-24.4255|-24.4255
316|-24.4255|-24.4255
317|-24.4255|-24.4255
318|-24.4255|-24.4255
319|-24.4255|-24.4255
320|-24.4255|-24.4255
321|-24.4255|-24.4255
322|-24.4255|-24.4255
323|-24.4255|-24.4255
324|-24.4255|-24.4255
325|-24.4255|-24.4255
326|-24.4255|-24.4255
327|-24.4255|-24.4255
328|-24.4255|-24.4255
329|-24.4255|-24.4255
EARLY STOP: TARGET FOUND
3756868ms
