1|-852.153|-852.153
2|-1049.18|-1049.18
3|-1318.71|-1318.71
4|-1390.16|-1390.16
5|-1458.66|-1458.66
6|-1522.14|-1522.14
7|-1578.23|-1578.23
8|-1594.52|-1594.52
9|-1602.84|-1602.84
10|-1609.16|-1609.16
11|-1613.54|-1613.54
12|-1617.68|-1617.68
13|-1619.86|-1619.86
14|-1621.17|-1621.17
15|-1622.26|-1622.26
16|-1622.81|-1622.81
17|-1623.24|-1623.24
18|-1623.41|-1623.41
19|-1623.48|-1623.48
20|-1623.55|-1623.55
21|-1623.61|-1623.61
22|-1623.62|-1623.62
23|-1623.63|-1623.63
24|-1623.64|-1623.64
25|-1623.64|-1623.64
26|-1623.65|-1623.65
27|-1623.65|-1623.65
28|-1623.66|-1623.66
29|-1623.66|-1623.66
30|-1623.66|-1623.66
31|-1623.66|-1623.66
32|-1623.66|-1623.66
33|-1623.66|-1623.66
34|-1623.66|-1623.66
35|-1623.66|-1623.66
36|-1623.66|-1623.66
37|-1623.66|-1623.66
38|-1623.66|-1623.66
39|-1623.66|-1623.66
40|-1623.66|-1623.66
41|-1623.66|-1623.66
42|-1623.66|-1623.66
43|-1623.66|-1623.66
44|-1623.66|-1623.66
45|-1623.66|-1623.66
46|-1623.66|-1623.66
47|-1623.66|-1623.66
48|-1623.66|-1623.66
49|-1623.66|-1623.66
50|-1623.66|-1623.66
51|-1623.66|-1623.66
52|-1623.66|-1623.66
53|-1623.66|-1623.66
54|-1623.66|-1623.66
55|-1623.66|-1623.66
56|-1623.66|-1623.66
57|-1623.66|-1623.66
58|-1623.66|-1623.66
59|-1623.66|-1623.66
60|-1623.66|-1623.66
61|-1623.66|-1623.66
62|-1623.66|-1623.66
63|-1623.66|-1623.66
64|-1623.66|-1623.66
65|-1623.66|-1623.66
66|-1623.66|-1623.66
67|-1623.66|-1623.66
68|-1623.66|-1623.66
69|-1623.66|-1623.66
70|-1623.66|-1623.66
71|-1623.66|-1623.66
72|-1623.66|-1623.66
73|-1623.66|-1623.66
74|-1623.66|-1623.66
75|-1623.66|-1623.66
76|-1623.66|-1623.66
77|-1623.66|-1623.66
78|-1623.66|-1623.66
79|-1623.66|-1623.66
80|-1623.66|-1623.66
81|-1623.66|-1623.66
82|-1623.66|-1623.66
83|-1623.66|-1623.66
84|-1623.66|-1623.66
85|-1623.66|-1623.66
86|-1623.66|-1623.66
87|-1623.66|-1623.66
88|-1623.66|-1623.66
89|-1623.66|-1623.66
90|-1623.66|-1623.66
91|-1623.66|-1623.66
92|-1623.66|-1623.66
93|-1623.66|-1623.66
94|-1623.66|-1623.66
95|-1623.66|-1623.66
96|-1623.66|-1623.66
97|-1623.66|-1623.66
98|-1623.66|-1623.66
99|-1623.66|-1623.66
100|-1623.66|-1623.66
101|-1623.66|-1623.66
102|-1623.66|-1623.66
103|-1623.66|-1623.66
104|-1623.66|-1623.66
105|-1623.66|-1623.66
106|-1623.66|-1623.66
107|-1623.66|-1623.66
108|-1623.66|-1623.66
109|-1623.66|-1623.66
110|-1623.66|-1623.66
111|-1623.66|-1623.66
112|-1623.66|-1623.66
113|-1623.66|-1623.66
114|-1623.66|-1623.66
115|-1623.66|-1623.66
116|-1623.66|-1623.66
117|-1623.66|-1623.66
118|-1623.66|-1623.66
119|-1623.66|-1623.66
120|-1623.66|-1623.66
121|-1623.66|-1623.66
122|-1623.66|-1623.66
123|-1623.66|-1623.66
124|-1623.66|-1623.66
125|-1623.66|-1623.66
126|-1623.66|-1623.66
127|-1623.66|-1623.66
128|-1623.66|-1623.66
129|-1623.66|-1623.66
130|-1623.66|-1623.66
131|-1623.66|-1623.66
132|-1623.66|-1623.66
133|-1623.66|-1623.66
134|-1623.66|-1623.66
135|-1623.66|-1623.66
136|-1623.66|-1623.66
137|-1623.66|-1623.66
138|-1623.66|-1623.66
139|-1623.66|-1623.66
140|-1623.66|-1623.66
141|-1623.66|-1623.66
142|-1623.66|-1623.66
143|-1623.66|-1623.66
144|-1623.66|-1623.66
145|-1623.66|-1623.66
146|-1623.66|-1623.66
147|-1623.66|-1623.66
148|-1623.66|-1623.66
149|-1623.66|-1623.66
150|-1623.66|-1623.66
151|-1623.66|-1623.66
152|-1623.66|-1623.66
153|-1623.66|-1623.66
154|-1623.66|-1623.66
155|-1623.66|-1623.66
156|-1623.66|-1623.66
157|-1623.66|-1623.66
158|-1623.66|-1623.66
159|-1623.66|-1623.66
160|-1623.66|-1623.66
161|-1623.66|-1623.66
162|-1623.66|-1623.66
163|-1623.66|-1623.66
164|-1623.66|-1623.66
165|-1623.66|-1623.66
166|-1623.66|-1623.66
167|-1623.66|-1623.66
168|-1623.66|-1623.66
169|-1623.66|-1623.66
170|-1623.66|-1623.66
171|-1623.66|-1623.66
172|-1623.66|-1623.66
173|-1623.66|-1623.66
174|-1623.66|-1623.66
175|-1623.66|-1623.66
176|-1623.66|-1623.66
177|-1623.66|-1623.66
178|-1623.66|-1623.66
179|-1623.66|-1623.66
180|-1623.66|-1623.66
181|-1623.66|-1623.66
182|-1623.66|-1623.66
183|-1623.66|-1623.66
184|-1623.66|-1623.66
EARLY STOP: TARGET FOUND
102434ms
