1|647.259|647.259
2|613.487|613.487
3|582.78|582.78
4|556.336|556.336
5|530.51|530.51
6|504.735|504.735
7|479.058|479.058
8|453.602|453.602
9|428.193|428.193
10|402.98|402.98
11|378.461|378.461
12|354.827|354.827
13|334.482|334.482
14|314.236|314.236
15|294.3|294.3
16|277.749|277.749
17|262.088|262.088
18|248.166|248.166
19|234.316|234.316
20|221.807|221.807
21|210.081|210.081
22|200.183|200.183
23|190.481|190.481
24|180.867|180.867
25|172.092|172.092
26|163.865|163.865
27|156.154|156.154
28|148.929|148.929
29|141.825|141.825
30|134.761|134.761
31|128.19|128.19
32|123.079|123.079
33|118.062|118.062
34|114.224|114.224
35|110.456|110.456
36|107.036|107.036
37|104.162|104.162
38|101.492|101.492
39|99.539|99.539
40|96.664|96.664
41|94.825|94.825
42|93.0991|93.0991
43|91.4662|91.4662
44|90.0466|90.0466
45|88.7649|88.7649
46|87.5794|87.5794
47|86.4349|86.4349
48|85.3053|85.3053
49|81.5175|81.5175
50|80.5692|80.5692
51|79.6659|79.6659
52|78.8101|78.8101
53|77.9867|77.9867
54|77.2624|77.2624
55|76.5618|76.5618
56|75.871|75.871
57|75.1939|75.1939
58|74.5582|74.5582
59|73.9486|73.9486
60|73.4538|73.4538
61|72.9673|72.9673
62|72.5889|72.5889
63|72.2108|72.2108
64|71.8459|71.8459
65|71.5253|71.5253
66|71.2233|71.2233
67|70.9266|70.9266
68|70.7246|70.7246
69|70.5321|70.5321
70|70.3463|70.3463
71|70.1683|70.1683
72|70.027|70.027
73|69.8887|69.8887
74|69.7507|69.7507
75|69.6294|69.6294
76|69.5089|69.5089
77|69.4137|69.4137
78|69.3315|69.3315
79|69.2518|69.2518
80|69.173|69.173
81|69.0961|69.0961
82|69.021|69.021
83|68.9463|68.9463
84|68.8774|68.8774
85|68.81|68.81
86|68.7508|68.7508
87|68.6936|68.6936
88|68.6386|68.6386
89|68.5916|68.5916
90|68.5541|68.5541
91|68.5174|68.5174
92|68.4808|68.4808
93|68.4445|68.4445
94|68.4087|68.4087
95|68.3751|68.3751
96|68.3415|68.3415
97|68.3104|68.3104
98|68.2869|68.2869
99|68.2691|68.2691
100|68.2513|68.2513
101|68.2336|68.2336
102|68.2161|68.2161
103|68.1995|68.1995
104|68.1828|68.1828
105|68.1662|68.1662
106|68.1496|68.1496
107|68.1348|68.1348
108|68.123|68.123
109|68.1114|68.1114
110|68.1011|68.1011
111|68.0864|68.0864
112|68.0772|68.0772
113|68.0684|68.0684
114|68.0597|68.0597
115|68.051|68.051
116|68.0423|68.0423
117|68.0336|68.0336
118|68.025|68.025
119|68.0163|68.0163
120|68.008|68.008
121|67.9998|67.9998
122|67.994|67.994
123|67.9897|67.9897
124|67.9853|67.9853
125|67.981|67.981
126|67.9769|67.9769
127|67.9728|67.9728
128|67.9691|67.9691
129|67.9658|67.9658
130|67.9636|67.9636
131|67.9615|67.9615
132|67.9593|67.9593
133|67.9572|67.9572
134|67.955|67.955
135|67.9529|67.9529
136|67.9509|67.9509
137|67.9488|67.9488
138|67.9467|67.9467
139|67.9447|67.9447
140|67.9429|67.9429
141|67.9414|67.9414
142|67.94|67.94
143|67.9386|67.9386
144|67.9343|67.9343
145|67.933|67.933
146|67.932|67.932
147|67.9309|67.9309
148|67.9298|67.9298
149|67.9287|67.9287
150|67.9277|67.9277
151|67.9266|67.9266
152|67.9255|67.9255
153|67.9245|67.9245
154|67.9235|67.9235
155|67.9224|67.9224
156|67.9214|67.9214
157|67.9204|67.9204
158|67.9159|67.9159
159|67.915|67.915
160|67.9143|67.9143
161|67.9136|67.9136
162|67.9129|67.9129
163|67.9123|67.9123
164|67.9117|67.9117
165|67.9112|67.9112
166|67.9107|67.9107
167|67.9101|67.9101
168|67.9096|67.9096
169|67.9093|67.9093
170|67.9089|67.9089
171|67.9086|67.9086
172|67.9083|67.9083
173|67.9081|67.9081
174|67.9078|67.9078
175|67.9076|67.9076
176|67.9073|67.9073
177|67.9071|67.9071
178|67.9068|67.9068
179|67.9067|67.9067
180|67.9065|67.9065
181|67.9064|67.9064
182|67.9062|67.9062
183|67.9061|67.9061
184|67.9059|67.9059
185|67.9058|67.9058
186|67.9056|67.9056
187|67.9055|67.9055
188|67.9053|67.9053
189|67.9052|67.9052
190|67.9051|67.9051
191|67.9049|67.9049
192|67.9049|67.9049
193|67.9048|67.9048
194|67.9047|67.9047
195|67.9047|67.9047
196|67.9047|67.9047
197|67.9046|67.9046
198|67.9046|67.9046
199|67.9046|67.9046
200|67.9046|67.9046
201|67.9046|67.9046
202|67.9045|67.9045
203|67.9045|67.9045
204|67.9045|67.9045
205|67.9045|67.9045
206|67.9045|67.9045
207|67.9045|67.9045
208|67.9045|67.9045
209|67.9045|67.9045
210|67.9045|67.9045
211|67.9045|67.9045
212|67.9045|67.9045
213|67.9045|67.9045
214|67.9045|67.9045
215|67.9045|67.9045
216|67.9045|67.9045
217|67.9045|67.9045
218|67.9045|67.9045
219|67.9045|67.9045
220|67.9045|67.9045
221|67.9045|67.9045
222|67.9045|67.9045
223|67.9045|67.9045
224|67.9045|67.9045
225|67.9045|67.9045
226|67.9045|67.9045
227|67.9045|67.9045
228|67.9045|67.9045
229|67.9045|67.9045
230|67.9045|67.9045
231|67.9045|67.9045
232|67.9045|67.9045
233|67.9045|67.9045
234|67.9045|67.9045
235|67.9045|67.9045
236|67.9045|67.9045
237|67.9045|67.9045
238|67.9045|67.9045
239|67.9045|67.9045
240|67.9045|67.9045
241|67.9045|67.9045
242|67.9045|67.9045
243|67.9045|67.9045
244|67.9045|67.9045
245|67.9045|67.9045
246|67.9045|67.9045
247|67.9045|67.9045
248|67.9045|67.9045
249|67.9045|67.9045
250|67.9045|67.9045
251|67.9045|67.9045
252|67.9045|67.9045
253|67.9045|67.9045
254|67.9045|67.9045
255|67.9045|67.9045
256|67.9045|67.9045
257|67.9045|67.9045
258|67.9045|67.9045
259|67.9045|67.9045
260|67.9045|67.9045
261|67.9045|67.9045
262|67.9045|67.9045
263|67.9045|67.9045
264|67.9045|67.9045
265|67.9045|67.9045
266|67.9045|67.9045
267|67.9045|67.9045
268|67.9045|67.9045
269|67.9045|67.9045
270|67.9045|67.9045
271|67.9045|67.9045
272|67.9045|67.9045
273|67.9045|67.9045
274|67.9045|67.9045
275|67.9045|67.9045
276|67.9045|67.9045
277|67.9045|67.9045
278|67.9045|67.9045
279|67.9045|67.9045
280|67.9045|67.9045
281|67.9045|67.9045
282|67.9045|67.9045
283|67.9045|67.9045
284|67.9045|67.9045
285|67.9045|67.9045
286|67.9045|67.9045
287|67.9045|67.9045
288|67.9045|67.9045
289|67.9045|67.9045
290|67.9045|67.9045
291|67.9045|67.9045
292|67.9045|67.9045
293|67.9045|67.9045
294|67.9045|67.9045
295|67.9045|67.9045
296|67.9045|67.9045
297|67.9045|67.9045
298|67.9045|67.9045
299|67.9045|67.9045
300|67.9045|67.9045
301|67.9045|67.9045
302|67.9045|67.9045
303|67.9045|67.9045
304|67.9045|67.9045
305|67.9045|67.9045
306|67.9045|67.9045
307|67.9045|67.9045
308|67.9045|67.9045
309|67.9045|67.9045
310|67.9045|67.9045
311|67.9045|67.9045
312|67.9045|67.9045
313|67.9045|67.9045
314|67.9045|67.9045
315|67.9045|67.9045
316|67.9045|67.9045
317|67.9045|67.9045
318|67.9045|67.9045
319|67.9045|67.9045
320|67.9045|67.9045
321|67.9045|67.9045
322|67.9045|67.9045
323|67.9045|67.9045
324|67.9045|67.9045
325|67.9045|67.9045
326|67.9045|67.9045
327|67.9045|67.9045
328|67.9045|67.9045
329|67.9045|67.9045
330|67.9045|67.9045
331|67.9045|67.9045
332|67.9045|67.9045
333|67.9045|67.9045
334|67.9045|67.9045
335|67.9045|67.9045
336|67.9045|67.9045
337|67.9045|67.9045
338|67.9045|67.9045
339|67.9045|67.9045
340|67.9045|67.9045
341|67.9045|67.9045
342|67.9045|67.9045
343|67.9045|67.9045
344|67.9045|67.9045
345|67.9045|67.9045
346|67.9045|67.9045
347|67.9045|67.9045
348|67.9045|67.9045
349|67.9045|67.9045
350|67.9045|67.9045
351|67.9045|67.9045
352|67.9045|67.9045
353|67.9045|67.9045
354|67.9045|67.9045
355|67.9045|67.9045
356|67.9045|67.9045
357|67.9045|67.9045
EARLY STOP: TARGET FOUND
4135635ms
