1|75.278|75.278
2|45.6077|45.6077
3|35.4366|35.4366
4|29.3984|29.3984
5|17.7715|17.7715
6|12.9662|12.9662
7|11.5403|11.5403
8|10.6035|10.6035
9|10.1939|10.1939
10|10.0518|10.0518
11|9.97249|9.97249
12|9.89353|9.89353
13|9.81809|9.81809
14|9.75023|9.75023
15|9.71415|9.71415
16|9.67825|9.67825
17|9.66163|9.66163
18|9.65287|9.65287
19|9.64423|9.64423
20|9.63991|9.63991
21|9.63559|9.63559
22|9.63145|9.63145
23|9.6293|9.6293
24|9.62823|9.62823
25|9.62769|9.62769
26|9.62718|9.62718
27|9.62667|9.62667
28|9.62641|9.62641
29|9.62615|9.62615
30|9.62601|9.62601
31|9.62588|9.62588
32|9.62585|9.62585
33|9.62585|9.62585
34|9.62585|9.62585
35|9.62585|9.62585
36|9.62585|9.62585
37|9.62585|9.62585
38|9.62585|9.62585
39|9.62585|9.62585
40|9.62585|9.62585
41|9.62585|9.62585
42|9.62585|9.62585
43|9.62585|9.62585
44|9.62585|9.62585
45|9.62585|9.62585
46|9.62585|9.62585
47|9.62585|9.62585
48|9.62585|9.62585
49|9.62585|9.62585
50|9.62585|9.62585
51|9.62585|9.62585
52|9.62585|9.62585
53|9.62585|9.62585
54|9.62585|9.62585
55|9.62585|9.62585
56|9.62585|9.62585
57|9.62585|9.62585
58|9.62585|9.62585
59|9.62585|9.62585
60|9.62585|9.62585
61|9.62585|9.62585
62|9.62585|9.62585
63|9.62585|9.62585
64|9.62585|9.62585
65|9.62585|9.62585
66|9.62585|9.62585
67|9.62585|9.62585
68|9.62585|9.62585
69|9.62585|9.62585
70|9.62585|9.62585
71|9.62585|9.62585
72|9.62585|9.62585
73|9.62585|9.62585
74|9.62585|9.62585
75|9.62585|9.62585
76|9.62585|9.62585
77|9.62585|9.62585
78|9.62585|9.62585
79|9.62585|9.62585
80|9.62585|9.62585
81|9.62585|9.62585
82|9.62585|9.62585
83|9.62585|9.62585
84|9.62585|9.62585
85|9.62585|9.62585
86|9.62585|9.62585
87|9.62585|9.62585
88|9.62585|9.62585
89|9.62585|9.62585
90|9.62585|9.62585
91|9.62585|9.62585
92|9.62585|9.62585
93|9.62585|9.62585
94|9.62585|9.62585
95|9.62585|9.62585
96|9.62585|9.62585
97|9.62585|9.62585
98|9.62585|9.62585
99|9.62585|9.62585
100|9.62585|9.62585
101|9.62585|9.62585
102|9.62585|9.62585
103|9.62585|9.62585
104|9.62585|9.62585
105|9.62585|9.62585
106|9.62585|9.62585
107|9.62585|9.62585
108|9.62585|9.62585
109|9.62585|9.62585
110|9.62585|9.62585
111|9.62585|9.62585
112|9.62585|9.62585
113|9.62585|9.62585
114|9.62585|9.62585
115|9.62585|9.62585
116|9.62585|9.62585
117|9.62585|9.62585
118|9.62585|9.62585
119|9.62585|9.62585
120|9.62585|9.62585
121|9.62585|9.62585
122|9.62585|9.62585
123|9.62585|9.62585
124|9.62585|9.62585
125|9.62585|9.62585
126|9.62585|9.62585
127|9.62585|9.62585
128|9.62585|9.62585
129|9.62585|9.62585
130|9.62585|9.62585
131|9.62585|9.62585
132|9.62585|9.62585
133|9.62585|9.62585
134|9.62585|9.62585
135|9.62585|9.62585
136|9.62585|9.62585
137|9.62585|9.62585
138|9.62585|9.62585
139|9.62585|9.62585
140|9.62585|9.62585
141|9.62585|9.62585
142|9.62585|9.62585
143|9.62585|9.62585
144|9.62585|9.62585
145|9.62585|9.62585
146|9.62585|9.62585
147|9.62585|9.62585
148|9.62585|9.62585
149|9.62585|9.62585
150|9.62585|9.62585
151|9.62585|9.62585
152|9.62585|9.62585
153|9.62585|9.62585
154|9.62585|9.62585
155|9.62585|9.62585
156|9.62585|9.62585
157|9.62585|9.62585
158|9.62585|9.62585
159|9.62585|9.62585
160|9.62585|9.62585
161|9.62585|9.62585
162|9.62585|9.62585
163|9.62585|9.62585
164|9.62585|9.62585
165|9.62585|9.62585
166|9.62585|9.62585
167|9.62585|9.62585
168|9.62585|9.62585
169|9.62585|9.62585
170|9.62585|9.62585
171|9.62585|9.62585
172|9.62585|9.62585
173|9.62585|9.62585
174|9.62585|9.62585
175|9.62585|9.62585
176|9.62585|9.62585
177|9.62585|9.62585
178|9.62585|9.62585
179|9.62585|9.62585
180|9.62585|9.62585
181|9.62585|9.62585
182|9.62585|9.62585
183|9.62585|9.62585
EARLY STOP: TARGET FOUND
71228ms
