1|-5.22738|-5.22738
2|-5.97112|-5.97112
3|-6.69311|-6.69311
4|-7.37754|-7.37754
5|-7.94899|-7.94899
6|-8.51111|-8.51111
7|-9.06534|-9.06534
8|-9.60021|-9.60021
9|-10.096|-10.096
10|-10.588|-10.588
11|-11.0382|-11.0382
12|-11.4252|-11.4252
13|-11.7937|-11.7937
14|-12.2808|-12.2808
15|-12.6439|-12.6439
16|-13.0056|-13.0056
17|-13.3649|-13.3649
18|-14.0038|-14.0038
19|-14.3594|-14.3594
20|-14.6956|-14.6956
21|-14.9751|-14.9751
22|-15.2303|-15.2303
23|-15.4752|-15.4752
24|-15.8659|-15.8659
25|-16.1026|-16.1026
26|-16.3341|-16.3341
27|-16.8519|-16.8519
28|-17.072|-17.072
29|-17.2851|-17.2851
30|-17.4749|-17.4749
31|-17.655|-17.655
32|-17.8311|-17.8311
33|-18.0033|-18.0033
34|-18.1708|-18.1708
35|-18.3241|-18.3241
36|-18.4754|-18.4754
37|-18.6067|-18.6067
38|-18.7147|-18.7147
39|-18.8178|-18.8178
40|-18.9205|-18.9205
41|-19.0199|-19.0199
42|-19.8795|-19.8795
43|-19.9784|-19.9784
44|-20.0656|-20.0656
45|-20.1409|-20.1409
46|-20.2127|-20.2127
47|-20.2743|-20.2743
48|-20.4338|-20.4338
49|-20.5661|-20.5661
50|-20.6179|-20.6179
51|-20.6637|-20.6637
52|-20.7052|-20.7052
53|-21.6406|-21.6406
54|-21.6821|-21.6821
55|-21.7185|-21.7185
56|-21.752|-21.752
57|-21.7804|-21.7804
58|-22.2534|-22.2534
59|-22.276|-22.276
60|-22.298|-22.298
61|-22.3163|-22.3163
62|-22.3343|-22.3343
63|-22.3498|-22.3498
64|-22.3616|-22.3616
65|-22.3728|-22.3728
66|-22.3831|-22.3831
67|-22.3935|-22.3935
68|-22.4034|-22.4034
69|-22.4131|-22.4131
70|-22.4211|-22.4211
71|-22.4286|-22.4286
72|-22.4356|-22.4356
73|-22.4426|-22.4426
74|-22.4476|-22.4476
75|-22.4525|-22.4525
76|-22.4572|-22.4572
77|-22.4618|-22.4618
78|-22.4661|-22.4661
79|-22.4694|-22.4694
80|-22.4727|-22.4727
81|-22.4754|-22.4754
82|-22.4779|-22.4779
83|-22.4804|-22.4804
84|-22.4828|-22.4828
85|-22.4852|-22.4852
86|-22.4874|-22.4874
87|-22.4894|-22.4894
88|-22.4913|-22.4913
89|-22.493|-22.493
90|-22.4946|-22.4946
91|-22.4963|-22.4963
92|-22.4978|-22.4978
93|-22.4994|-22.4994
94|-22.5009|-22.5009
95|-22.5023|-22.5023
96|-22.5036|-22.5036
97|-22.5048|-22.5048
98|-22.506|-22.506
99|-22.5072|-22.5072
100|-22.5082|-22.5082
101|-22.5092|-22.5092
102|-22.5102|-22.5102
103|-22.511|-22.511
104|-22.5117|-22.5117
105|-22.5123|-22.5123
106|-22.5129|-22.5129
107|-22.5135|-22.5135
108|-22.514|-22.514
109|-22.5145|-22.5145
110|-22.515|-22.515
111|-22.5154|-22.5154
112|-22.5159|-22.5159
113|-22.5162|-22.5162
114|-22.5166|-22.5166
115|-22.517|-22.517
116|-22.5173|-22.5173
117|-22.5176|-22.5176
118|-22.5179|-22.5179
119|-22.5181|-22.5181
120|-22.5184|-22.5184
121|-22.5186|-22.5186
122|-22.5188|-22.5188
123|-22.519|-22.519
124|-22.5192|-22.5192
125|-22.5194|-22.5194
126|-22.5195|-22.5195
127|-22.5197|-22.5197
128|-22.5198|-22.5198
129|-22.5201|-22.5201
130|-22.5204|-22.5204
131|-22.5206|-22.5206
132|-22.5207|-22.5207
133|-22.5209|-22.5209
134|-22.521|-22.521
135|-22.5211|-22.5211
136|-22.5212|-22.5212
137|-22.5213|-22.5213
138|-22.5214|-22.5214
139|-22.5215|-22.5215
140|-22.5216|-22.5216
141|-22.5216|-22.5216
142|-22.5217|-22.5217
143|-22.5218|-22.5218
144|-22.5218|-22.5218
145|-22.5219|-22.5219
146|-22.5219|-22.5219
147|-22.522|-22.522
148|-22.522|-22.522
149|-22.5221|-22.5221
150|-22.5221|-22.5221
151|-22.5222|-22.5222
152|-22.5222|-22.5222
153|-22.5222|-22.5222
154|-22.5223|-22.5223
155|-22.5223|-22.5223
156|-22.5223|-22.5223
157|-22.5223|-22.5223
158|-22.5223|-22.5223
159|-22.5223|-22.5223
160|-22.5224|-22.5224
161|-22.5224|-22.5224
162|-22.5224|-22.5224
163|-22.5224|-22.5224
164|-22.5224|-22.5224
165|-22.5224|-22.5224
166|-22.5224|-22.5224
167|-22.5224|-22.5224
168|-22.5224|-22.5224
169|-22.5224|-22.5224
170|-22.5224|-22.5224
171|-22.5224|-22.5224
172|-22.5224|-22.5224
173|-22.5224|-22.5224
174|-22.5224|-22.5224
175|-22.5224|-22.5224
176|-22.5224|-22.5224
177|-22.5224|-22.5224
178|-22.5224|-22.5224
179|-22.5224|-22.5224
180|-22.5224|-22.5224
181|-22.5224|-22.5224
182|-22.5224|-22.5224
183|-22.5224|-22.5224
184|-22.5224|-22.5224
185|-22.5224|-22.5224
186|-22.5224|-22.5224
187|-22.5224|-22.5224
188|-22.5224|-22.5224
189|-22.5224|-22.5224
190|-22.5224|-22.5224
191|-22.5224|-22.5224
192|-22.5224|-22.5224
193|-22.5224|-22.5224
194|-22.5224|-22.5224
195|-22.5224|-22.5224
196|-22.5224|-22.5224
197|-22.5224|-22.5224
198|-22.5224|-22.5224
199|-22.5224|-22.5224
200|-22.5224|-22.5224
201|-22.5224|-22.5224
202|-22.5224|-22.5224
203|-22.5224|-22.5224
204|-22.5224|-22.5224
205|-22.5224|-22.5224
206|-22.5224|-22.5224
207|-22.5224|-22.5224
208|-22.5224|-22.5224
209|-22.5224|-22.5224
210|-22.5224|-22.5224
211|-22.5224|-22.5224
212|-22.5224|-22.5224
213|-22.5224|-22.5224
214|-22.5224|-22.5224
215|-22.5224|-22.5224
216|-22.5224|-22.5224
217|-22.5224|-22.5224
218|-22.5224|-22.5224
219|-22.5224|-22.5224
220|-22.5224|-22.5224
221|-22.5224|-22.5224
222|-22.5224|-22.5224
223|-22.5224|-22.5224
224|-22.5224|-22.5224
225|-22.5224|-22.5224
226|-22.5224|-22.5224
227|-22.5224|-22.5224
228|-22.5224|-22.5224
229|-22.5224|-22.5224
230|-22.5224|-22.5224
231|-22.5224|-22.5224
232|-22.5224|-22.5224
233|-22.5224|-22.5224
234|-22.5224|-22.5224
235|-22.5224|-22.5224
236|-22.5224|-22.5224
237|-22.5224|-22.5224
238|-22.5224|-22.5224
239|-22.5224|-22.5224
240|-22.5224|-22.5224
241|-22.5224|-22.5224
242|-22.5224|-22.5224
243|-22.5224|-22.5224
244|-22.5224|-22.5224
245|-22.5224|-22.5224
246|-22.5224|-22.5224
247|-22.5224|-22.5224
248|-22.5224|-22.5224
249|-22.5224|-22.5224
250|-22.5224|-22.5224
251|-22.5224|-22.5224
252|-22.5224|-22.5224
253|-22.5224|-22.5224
254|-22.5224|-22.5224
255|-22.5224|-22.5224
256|-22.5224|-22.5224
257|-22.5224|-22.5224
258|-22.5224|-22.5224
259|-22.5224|-22.5224
260|-22.5224|-22.5224
261|-22.5224|-22.5224
262|-22.5224|-22.5224
263|-22.5224|-22.5224
264|-22.5224|-22.5224
265|-22.5224|-22.5224
266|-22.5224|-22.5224
267|-22.5224|-22.5224
268|-22.5224|-22.5224
269|-22.5224|-22.5224
270|-22.5224|-22.5224
271|-22.5224|-22.5224
272|-22.5224|-22.5224
273|-22.5224|-22.5224
274|-22.5224|-22.5224
275|-22.5224|-22.5224
276|-22.5224|-22.5224
277|-22.5224|-22.5224
278|-22.5224|-22.5224
279|-22.5224|-22.5224
280|-22.5224|-22.5224
281|-22.5224|-22.5224
282|-22.5224|-22.5224
283|-22.5224|-22.5224
284|-22.5224|-22.5224
285|-22.5224|-22.5224
286|-22.5224|-22.5224
287|-22.5224|-22.5224
288|-22.5224|-22.5224
289|-22.5224|-22.5224
290|-22.5224|-22.5224
291|-22.5224|-22.5224
292|-22.5224|-22.5224
293|-22.5224|-22.5224
294|-22.5224|-22.5224
295|-22.5224|-22.5224
296|-22.5224|-22.5224
297|-22.5224|-22.5224
298|-22.5224|-22.5224
299|-22.5224|-22.5224
300|-22.5224|-22.5224
301|-22.5224|-22.5224
302|-22.5224|-22.5224
303|-22.5224|-22.5224
304|-22.5224|-22.5224
305|-22.5224|-22.5224
306|-22.5224|-22.5224
307|-22.5224|-22.5224
308|-22.5224|-22.5224
309|-22.5224|-22.5224
310|-22.5224|-22.5224
311|-22.5224|-22.5224
312|-22.5224|-22.5224
313|-22.5224|-22.5224
314|-22.5224|-22.5224
315|-22.5224|-22.5224
316|-22.5224|-22.5224
317|-22.5224|-22.5224
318|-22.5224|-22.5224
319|-22.5224|-22.5224
320|-22.5224|-22.5224
321|-22.5224|-22.5224
322|-22.5224|-22.5224
323|-22.5224|-22.5224
EARLY STOP: TARGET FOUND
3717231ms
