1|48.1155|48.1155
2|36.0049|36.0049
3|28.2829|28.2829
4|23.7766|23.7766
5|20.0244|20.0244
6|17.2041|17.2041
7|14.6741|14.6741
8|13.9406|13.9406
9|13.27|13.27
10|12.8964|12.8964
11|12.5343|12.5343
12|12.2483|12.2483
13|12.1955|12.1955
14|12.1622|12.1622
15|12.1446|12.1446
16|12.1403|12.1403
17|12.137|12.137
18|12.1346|12.1346
19|12.1326|12.1326
20|12.1315|12.1315
21|12.1308|12.1308
22|12.1303|12.1303
23|12.1298|12.1298
24|12.1295|12.1295
25|12.1293|12.1293
26|12.1292|12.1292
27|12.1291|12.1291
28|12.129|12.129
29|12.129|12.129
30|12.129|12.129
31|12.129|12.129
32|12.129|12.129
33|12.129|12.129
34|12.129|12.129
35|12.129|12.129
36|12.129|12.129
37|12.129|12.129
38|12.129|12.129
39|12.129|12.129
40|12.129|12.129
41|12.129|12.129
42|12.129|12.129
43|12.129|12.129
44|12.129|12.129
45|12.129|12.129
46|12.129|12.129
47|12.129|12.129
48|12.129|12.129
49|12.129|12.129
50|12.129|12.129
51|12.129|12.129
52|12.129|12.129
53|12.129|12.129
54|12.129|12.129
55|12.129|12.129
56|12.129|12.129
57|12.129|12.129
58|12.129|12.129
59|12.129|12.129
60|12.129|12.129
61|12.129|12.129
62|12.129|12.129
63|12.129|12.129
64|12.129|12.129
65|12.129|12.129
66|12.129|12.129
67|12.129|12.129
68|12.129|12.129
69|12.129|12.129
70|12.129|12.129
71|12.129|12.129
72|12.129|12.129
73|12.129|12.129
74|12.129|12.129
75|12.129|12.129
76|12.129|12.129
77|12.129|12.129
78|12.129|12.129
79|12.129|12.129
80|12.129|12.129
81|12.129|12.129
82|12.129|12.129
83|12.129|12.129
84|12.129|12.129
85|12.129|12.129
86|12.129|12.129
87|12.129|12.129
88|12.129|12.129
89|12.129|12.129
90|12.129|12.129
91|12.129|12.129
92|12.129|12.129
93|12.129|12.129
94|12.129|12.129
95|12.129|12.129
96|12.129|12.129
97|12.129|12.129
98|12.129|12.129
99|12.129|12.129
100|12.129|12.129
101|12.129|12.129
102|12.129|12.129
103|12.129|12.129
104|12.129|12.129
105|12.129|12.129
106|12.129|12.129
107|12.129|12.129
108|12.129|12.129
109|12.129|12.129
110|12.129|12.129
111|12.129|12.129
112|12.129|12.129
113|12.129|12.129
114|12.129|12.129
115|12.129|12.129
116|12.129|12.129
117|12.129|12.129
118|12.129|12.129
119|12.129|12.129
120|12.129|12.129
121|12.129|12.129
122|12.129|12.129
123|12.129|12.129
124|12.129|12.129
125|12.129|12.129
126|12.129|12.129
127|12.129|12.129
128|12.129|12.129
129|12.129|12.129
130|12.129|12.129
131|12.129|12.129
132|12.129|12.129
133|12.129|12.129
134|12.129|12.129
135|12.129|12.129
136|12.129|12.129
137|12.129|12.129
138|12.129|12.129
139|12.129|12.129
140|12.129|12.129
141|12.129|12.129
142|12.129|12.129
143|12.129|12.129
144|12.129|12.129
145|12.129|12.129
146|12.129|12.129
147|12.129|12.129
148|12.129|12.129
149|12.129|12.129
150|12.129|12.129
151|12.129|12.129
152|12.129|12.129
153|12.129|12.129
154|12.129|12.129
155|12.129|12.129
156|12.129|12.129
157|12.129|12.129
158|12.129|12.129
159|12.129|12.129
160|12.129|12.129
161|12.129|12.129
162|12.129|12.129
163|12.129|12.129
164|12.129|12.129
165|12.129|12.129
166|12.129|12.129
167|12.129|12.129
168|12.129|12.129
169|12.129|12.129
170|12.129|12.129
171|12.129|12.129
172|12.129|12.129
173|12.129|12.129
174|12.129|12.129
175|12.129|12.129
176|12.129|12.129
177|12.129|12.129
178|12.129|12.129
179|12.129|12.129
180|12.129|12.129
181|12.129|12.129
EARLY STOP: TARGET FOUND
70802ms
