1|223.652|223.652
2|202.78|202.78
3|184.341|184.341
4|167.308|167.308
5|151.206|151.206
6|136.202|136.202
7|124.456|124.456
8|112.777|112.777
9|102.291|102.291
10|92.1473|92.1473
11|82.2242|82.2242
12|72.5139|72.5139
13|63.4536|63.4536
14|54.5101|54.5101
15|46.8064|46.8064
16|39.9664|39.9664
17|35.2718|35.2718
18|31.2146|31.2146
19|27.4243|27.4243
20|24.4916|24.4916
21|21.651|21.651
22|18.8897|18.8897
23|17.6673|17.6673
24|16.5488|16.5488
25|15.4527|15.4527
26|14.4026|14.4026
27|13.4109|13.4109
28|12.486|12.486
29|11.5976|11.5976
30|10.7258|10.7258
31|9.87134|9.87134
32|9.07153|9.07153
33|8.33349|8.33349
34|7.66712|7.66712
35|7.09377|7.09377
36|6.53144|6.53144
37|5.9807|5.9807
38|5.49065|5.49065
39|5.00267|5.00267
40|4.5699|4.5699
41|4.26591|4.26591
42|3.97372|3.97372
43|3.72166|3.72166
44|3.4808|3.4808
45|3.24927|3.24927
46|3.0209|3.0209
47|2.79974|2.79974
48|2.58191|2.58191
49|2.37097|2.37097
50|2.17281|2.17281
51|1.97647|1.97647
52|1.78784|1.78784
53|1.60952|1.60952
54|1.45427|1.45427
55|1.31726|1.31726
56|1.18855|1.18855
57|1.06554|1.06554
58|0.945524|0.945524
59|0.870328|0.870328
60|0.798376|0.798376
61|0.728547|0.728547
62|0.659251|0.659251
63|0.60274|0.60274
64|0.553513|0.553513
65|0.507234|0.507234
66|0.463601|0.463601
67|0.424637|0.424637
68|0.386044|0.386044
69|0.348658|0.348658
70|0.314882|0.314882
71|0.282765|0.282765
72|0.254097|0.254097
73|0.2357|0.2357
74|0.218158|0.218158
75|0.201074|0.201074
76|0.184299|0.184299
77|0.168584|0.168584
78|0.153136|0.153136
79|0.137978|0.137978
80|0.12391|0.12391
81|0.111218|0.111218
82|0.0986376|0.0986376
83|0.0873946|0.0873946
84|0.0783392|0.0783392
85|0.0715274|0.0715274
86|0.0671286|0.0671286
87|0.0628219|0.0628219
88|0.0588512|0.0588512
89|0.0551094|0.0551094
90|0.0515215|0.0515215
91|0.0479516|0.0479516
92|0.0445238|0.0445238
93|0.041225|0.041225
94|0.0381676|0.0381676
95|0.0352437|0.0352437
96|0.0323355|0.0323355
97|0.0294617|0.0294617
98|0.0266824|0.0266824
99|0.023957|0.023957
100|0.021723|0.021723
101|0.019982|0.019982
102|0.0182926|0.0182926
103|0.0166445|0.0166445
104|0.0154716|0.0154716
105|0.0143265|0.0143265
106|0.0132533|0.0132533
107|0.0122539|0.0122539
108|0.0113005|0.0113005
109|0.0104125|0.0104125
110|0.00960172|0.00960172
EARLY STOP: TARGET FOUND
1250077ms
