1|-6.12206|-6.12206
2|-7.03471|-7.03471
3|-7.9371|-7.9371
4|-8.79221|-8.79221
5|-9.56142|-9.56142
6|-10.2975|-10.2975
7|-10.9602|-10.9602
8|-11.6026|-11.6026
9|-12.228|-12.228
10|-12.8382|-12.8382
11|-13.4062|-13.4062
12|-13.9548|-13.9548
13|-14.4545|-14.4545
14|-14.9473|-14.9473
15|-15.4374|-15.4374
16|-15.8723|-15.8723
17|-16.2957|-16.2957
18|-16.7072|-16.7072
19|-17.0985|-17.0985
20|-17.4512|-17.4512
21|-17.7833|-17.7833
22|-18.2361|-18.2361
23|-18.566|-18.566
24|-18.8905|-18.8905
25|-19.197|-19.197
26|-19.4999|-19.4999
27|-19.7831|-19.7831
28|-20.0556|-20.0556
29|-20.3353|-20.3353
30|-20.593|-20.593
31|-20.8488|-20.8488
32|-21.0625|-21.0625
33|-21.2741|-21.2741
34|-21.4801|-21.4801
35|-21.6649|-21.6649
36|-21.849|-21.849
37|-22.0212|-22.0212
38|-22.1423|-22.1423
39|-22.2492|-22.2492
40|-22.3555|-22.3555
41|-22.4598|-22.4598
42|-22.5633|-22.5633
43|-22.6624|-22.6624
44|-22.7573|-22.7573
45|-22.8181|-22.8181
46|-22.8696|-22.8696
47|-23.1993|-23.1993
48|-23.2417|-23.2417
49|-23.2803|-23.2803
50|-23.3141|-23.3141
51|-23.3452|-23.3452
52|-23.3701|-23.3701
53|-23.3931|-23.3931
54|-23.4108|-23.4108
55|-23.4276|-23.4276
56|-23.4429|-23.4429
57|-23.4536|-23.4536
58|-23.4632|-23.4632
59|-23.4728|-23.4728
60|-23.4819|-23.4819
61|-23.4892|-23.4892
62|-23.4963|-23.4963
63|-23.5016|-23.5016
64|-23.5063|-23.5063
65|-23.5109|-23.5109
66|-23.5154|-23.5154
67|-23.5196|-23.5196
68|-23.5234|-23.5234
69|-23.5265|-23.5265
70|-23.5296|-23.5296
71|-23.5325|-23.5325
72|-23.5353|-23.5353
73|-23.5378|-23.5378
74|-23.5402|-23.5402
75|-23.5426|-23.5426
76|-23.5449|-23.5449
77|-23.547|-23.547
78|-23.5489|-23.5489
79|-24.056|-24.056
80|-24.3141|-24.3141
81|-24.5438|-24.5438
82|-24.5463|-24.5463
83|-24.5482|-24.5482
84|-24.55|-24.55
85|-24.5517|-24.5517
86|-24.5531|-24.5531
87|-24.5544|-24.5544
88|-24.5553|-24.5553
89|-24.556|-24.556
90|-24.5566|-24.5566
91|-24.5572|-24.5572
92|-24.5577|-24.5577
93|-24.5582|-24.5582
94|-24.5586|-24.5586
95|-24.559|-24.559
96|-24.5594|-24.5594
97|-24.5597|-24.5597
98|-24.5601|-24.5601
99|-24.5604|-24.5604
100|-24.5607|-24.5607
101|-24.5611|-24.5611
102|-24.5614|-24.5614
103|-24.5617|-24.5617
104|-24.5619|-24.5619
105|-24.5622|-24.5622
106|-24.5624|-24.5624
107|-24.5626|-24.5626
108|-24.5628|-24.5628
109|-24.563|-24.563
110|-24.5631|-24.5631
111|-24.5633|-24.5633
112|-24.5634|-24.5634
113|-24.5636|-24.5636
114|-24.5637|-24.5637
115|-24.5639|-24.5639
116|-24.5642|-24.5642
117|-24.5643|-24.5643
118|-24.5644|-24.5644
119|-24.5645|-24.5645
120|-24.5646|-24.5646
121|-24.5647|-24.5647
122|-24.5648|-24.5648
123|-24.5649|-24.5649
124|-24.565|-24.565
125|-24.5651|-24.5651
126|-24.5651|-24.5651
127|-24.5652|-24.5652
128|-24.5652|-24.5652
129|-24.5653|-24.5653
130|-24.5653|-24.5653
131|-24.5654|-24.5654
132|-24.5654|-24.5654
133|-24.5655|-24.5655
134|-24.5655|-24.5655
135|-24.5656|-24.5656
136|-24.5656|-24.5656
137|-24.5656|-24.5656
138|-24.5657|-24.5657
139|-24.5657|-24.5657
140|-24.5657|-24.5657
141|-24.5657|-24.5657
142|-24.5657|-24.5657
143|-24.5658|-24.5658
144|-24.5658|-24.5658
145|-24.5658|-24.5658
146|-24.5658|-24.5658
147|-24.5658|-24.5658
148|-24.5658|-24.5658
149|-24.5658|-24.5658
150|-24.5658|-24.5658
151|-24.5658|-24.5658
152|-24.5658|-24.5658
153|-24.5658|-24.5658
154|-24.5658|-24.5658
155|-24.5659|-24.5659
156|-24.5659|-24.5659
157|-24.5659|-24.5659
158|-24.5659|-24.5659
159|-24.5659|-24.5659
160|-24.5659|-24.5659
161|-24.5659|-24.5659
162|-24.5659|-24.5659
163|-24.5659|-24.5659
164|-24.5659|-24.5659
165|-24.5659|-24.5659
166|-24.5659|-24.5659
167|-24.5659|-24.5659
168|-24.5659|-24.5659
169|-24.5659|-24.5659
170|-24.5659|-24.5659
171|-24.5659|-24.5659
172|-24.5659|-24.5659
173|-24.5659|-24.5659
174|-24.5659|-24.5659
175|-24.5659|-24.5659
176|-24.5659|-24.5659
177|-24.5659|-24.5659
178|-24.5659|-24.5659
179|-24.5659|-24.5659
180|-24.5659|-24.5659
181|-24.5659|-24.5659
182|-24.5659|-24.5659
183|-24.5659|-24.5659
184|-24.5659|-24.5659
185|-24.5659|-24.5659
186|-24.5659|-24.5659
187|-24.5659|-24.5659
188|-24.5659|-24.5659
189|-24.5659|-24.5659
190|-24.5659|-24.5659
191|-24.5659|-24.5659
192|-24.5659|-24.5659
193|-24.5659|-24.5659
194|-24.5659|-24.5659
195|-24.5659|-24.5659
196|-24.5659|-24.5659
197|-24.5659|-24.5659
198|-24.5659|-24.5659
199|-24.5659|-24.5659
200|-24.5659|-24.5659
201|-24.5659|-24.5659
202|-24.5659|-24.5659
203|-24.5659|-24.5659
204|-24.5659|-24.5659
205|-24.5659|-24.5659
206|-24.5659|-24.5659
207|-24.5659|-24.5659
208|-24.5659|-24.5659
209|-24.5659|-24.5659
210|-24.5659|-24.5659
211|-24.5659|-24.5659
212|-24.5659|-24.5659
213|-24.5659|-24.5659
214|-24.5659|-24.5659
215|-24.5659|-24.5659
216|-24.5659|-24.5659
217|-24.5659|-24.5659
218|-24.5659|-24.5659
219|-24.5659|-24.5659
220|-24.5659|-24.5659
221|-24.5659|-24.5659
222|-24.5659|-24.5659
223|-24.5659|-24.5659
224|-24.5659|-24.5659
225|-24.5659|-24.5659
226|-24.5659|-24.5659
227|-24.5659|-24.5659
228|-24.5659|-24.5659
229|-24.5659|-24.5659
230|-24.5659|-24.5659
231|-24.5659|-24.5659
232|-24.5659|-24.5659
233|-24.5659|-24.5659
234|-24.5659|-24.5659
235|-24.5659|-24.5659
236|-24.5659|-24.5659
237|-24.5659|-24.5659
238|-24.5659|-24.5659
239|-24.5659|-24.5659
240|-24.5659|-24.5659
241|-24.5659|-24.5659
242|-24.5659|-24.5659
243|-24.5659|-24.5659
244|-24.5659|-24.5659
245|-24.5659|-24.5659
246|-24.5659|-24.5659
247|-24.5659|-24.5659
248|-24.5659|-24.5659
249|-24.5659|-24.5659
250|-24.5659|-24.5659
251|-24.5659|-24.5659
252|-24.5659|-24.5659
253|-24.5659|-24.5659
254|-24.5659|-24.5659
255|-24.5659|-24.5659
256|-24.5659|-24.5659
257|-24.5659|-24.5659
258|-24.5659|-24.5659
259|-24.5659|-24.5659
260|-24.5659|-24.5659
261|-24.5659|-24.5659
262|-24.5659|-24.5659
263|-24.5659|-24.5659
264|-24.5659|-24.5659
265|-24.5659|-24.5659
266|-24.5659|-24.5659
267|-24.5659|-24.5659
268|-24.5659|-24.5659
269|-24.5659|-24.5659
270|-24.5659|-24.5659
271|-24.5659|-24.5659
272|-24.5659|-24.5659
273|-24.5659|-24.5659
274|-24.5659|-24.5659
275|-24.5659|-24.5659
276|-24.5659|-24.5659
277|-24.5659|-24.5659
278|-24.5659|-24.5659
279|-24.5659|-24.5659
280|-24.5659|-24.5659
281|-24.5659|-24.5659
282|-24.5659|-24.5659
283|-24.5659|-24.5659
284|-24.5659|-24.5659
285|-24.5659|-24.5659
286|-24.5659|-24.5659
287|-24.5659|-24.5659
288|-24.5659|-24.5659
289|-24.5659|-24.5659
290|-24.5659|-24.5659
291|-24.5659|-24.5659
292|-24.5659|-24.5659
293|-24.5659|-24.5659
294|-24.5659|-24.5659
295|-24.5659|-24.5659
296|-24.5659|-24.5659
297|-24.5659|-24.5659
298|-24.5659|-24.5659
299|-24.5659|-24.5659
300|-24.5659|-24.5659
301|-24.5659|-24.5659
302|-24.5659|-24.5659
303|-24.5659|-24.5659
304|-24.5659|-24.5659
305|-24.5659|-24.5659
306|-24.5659|-24.5659
307|-24.5659|-24.5659
308|-24.5659|-24.5659
309|-24.5659|-24.5659
310|-24.5659|-24.5659
EARLY STOP: TARGET FOUND
3555004ms
