1|-688.297|-688.297
2|-1050.12|-1050.12
3|-1247.28|-1247.28
4|-1411.1|-1411.1
5|-1511.23|-1511.23
6|-1584.16|-1584.16
7|-1717.34|-1717.34
8|-1760.75|-1760.75
9|-1791.64|-1791.64
10|-1817.87|-1817.87
11|-1837.95|-1837.95
12|-1855.02|-1855.02
13|-1865.68|-1865.68
14|-1874.41|-1874.41
15|-1883.1|-1883.1
16|-1888.56|-1888.56
17|-1890.6|-1890.6
18|-1892.63|-1892.63
19|-1894.12|-1894.12
20|-1894.43|-1894.43
21|-1894.68|-1894.68
22|-1894.84|-1894.84
23|-1894.96|-1894.96
24|-1895.09|-1895.09
25|-1895.17|-1895.17
26|-1895.2|-1895.2
27|-1895.23|-1895.23
28|-1895.25|-1895.25
29|-1895.27|-1895.27
30|-1895.29|-1895.29
31|-1895.3|-1895.3
32|-1895.3|-1895.3
33|-1895.31|-1895.31
34|-1895.31|-1895.31
35|-1895.31|-1895.31
36|-1895.32|-1895.32
37|-1895.32|-1895.32
38|-1895.32|-1895.32
39|-1895.32|-1895.32
40|-1895.32|-1895.32
41|-1895.32|-1895.32
42|-1895.32|-1895.32
43|-1895.32|-1895.32
44|-1895.32|-1895.32
45|-1895.32|-1895.32
46|-1895.32|-1895.32
47|-1895.32|-1895.32
48|-1895.32|-1895.32
49|-1895.32|-1895.32
50|-1895.32|-1895.32
51|-1895.32|-1895.32
52|-1895.32|-1895.32
53|-1895.32|-1895.32
54|-1895.32|-1895.32
55|-1895.32|-1895.32
56|-1895.32|-1895.32
57|-1895.32|-1895.32
58|-1895.32|-1895.32
59|-1895.32|-1895.32
60|-1895.32|-1895.32
61|-1895.32|-1895.32
62|-1895.32|-1895.32
63|-1895.32|-1895.32
64|-1895.32|-1895.32
65|-1895.32|-1895.32
66|-1895.32|-1895.32
67|-1895.32|-1895.32
68|-1895.32|-1895.32
69|-1895.32|-1895.32
70|-1895.32|-1895.32
71|-1895.32|-1895.32
72|-1895.32|-1895.32
73|-1895.32|-1895.32
74|-1895.32|-1895.32
75|-1895.32|-1895.32
76|-1895.32|-1895.32
77|-1895.32|-1895.32
78|-1895.32|-1895.32
79|-1895.32|-1895.32
80|-1895.32|-1895.32
81|-1895.32|-1895.32
82|-1895.32|-1895.32
83|-1895.32|-1895.32
84|-1895.32|-1895.32
85|-1895.32|-1895.32
86|-1895.32|-1895.32
87|-1895.32|-1895.32
88|-1895.32|-1895.32
89|-1895.32|-1895.32
90|-1895.32|-1895.32
91|-1895.32|-1895.32
92|-1895.32|-1895.32
93|-1895.32|-1895.32
94|-1895.32|-1895.32
95|-1895.32|-1895.32
96|-1895.32|-1895.32
97|-1895.32|-1895.32
98|-1895.32|-1895.32
99|-1895.32|-1895.32
100|-1895.32|-1895.32
101|-1895.32|-1895.32
102|-1895.32|-1895.32
103|-1895.32|-1895.32
104|-1895.32|-1895.32
105|-1895.32|-1895.32
106|-1895.32|-1895.32
107|-1895.32|-1895.32
108|-1895.32|-1895.32
109|-1895.32|-1895.32
110|-1895.32|-1895.32
111|-1895.32|-1895.32
112|-1895.32|-1895.32
113|-1895.32|-1895.32
114|-1895.32|-1895.32
115|-1895.32|-1895.32
116|-1895.32|-1895.32
117|-1895.32|-1895.32
118|-1895.32|-1895.32
119|-1895.32|-1895.32
120|-1895.32|-1895.32
121|-1895.32|-1895.32
122|-1895.32|-1895.32
123|-1895.32|-1895.32
124|-1895.32|-1895.32
125|-1895.32|-1895.32
126|-1895.32|-1895.32
127|-1895.32|-1895.32
128|-1895.32|-1895.32
129|-1895.32|-1895.32
130|-1895.32|-1895.32
131|-1895.32|-1895.32
132|-1895.32|-1895.32
133|-1895.32|-1895.32
134|-1895.32|-1895.32
135|-1895.32|-1895.32
136|-1895.32|-1895.32
137|-1895.32|-1895.32
138|-1895.32|-1895.32
139|-1895.32|-1895.32
140|-1895.32|-1895.32
141|-1895.32|-1895.32
142|-1895.32|-1895.32
143|-1895.32|-1895.32
144|-1895.32|-1895.32
145|-1895.32|-1895.32
146|-1895.32|-1895.32
147|-1895.32|-1895.32
148|-1895.32|-1895.32
149|-1895.32|-1895.32
150|-1895.32|-1895.32
151|-1895.32|-1895.32
152|-1895.32|-1895.32
153|-1895.32|-1895.32
154|-1895.32|-1895.32
155|-1895.32|-1895.32
156|-1895.32|-1895.32
157|-1895.32|-1895.32
158|-1895.32|-1895.32
159|-1895.32|-1895.32
160|-1895.32|-1895.32
161|-1895.32|-1895.32
162|-1895.32|-1895.32
163|-1895.32|-1895.32
164|-1895.32|-1895.32
165|-1895.32|-1895.32
166|-1895.32|-1895.32
167|-1895.32|-1895.32
168|-1895.32|-1895.32
169|-1895.32|-1895.32
170|-1895.32|-1895.32
171|-1895.32|-1895.32
172|-1895.32|-1895.32
173|-1895.32|-1895.32
174|-1895.32|-1895.32
175|-1895.32|-1895.32
176|-1895.32|-1895.32
177|-1895.32|-1895.32
178|-1895.32|-1895.32
179|-1895.32|-1895.32
180|-1895.32|-1895.32
181|-1895.32|-1895.32
182|-1895.32|-1895.32
183|-1895.32|-1895.32
184|-1895.32|-1895.32
185|-1895.32|-1895.32
186|-1895.32|-1895.32
187|-1895.32|-1895.32
188|-1895.32|-1895.32
189|-1895.32|-1895.32
190|-1895.32|-1895.32
191|-1895.32|-1895.32
192|-1895.32|-1895.32
193|-1895.32|-1895.32
194|-1895.32|-1895.32
EARLY STOP: TARGET FOUND
107749ms
