1|474.797|474.797
2|442.584|442.584
3|415.987|415.987
4|389.627|389.627
5|363.34|363.34
6|337.642|337.642
7|312.384|312.384
8|293.003|293.003
9|274.356|274.356
10|257.439|257.439
11|240.669|240.669
12|224.488|224.488
13|208.471|208.471
14|193.564|193.564
15|180.346|180.346
16|169.043|169.043
17|160.403|160.403
18|152.232|152.232
19|144.985|144.985
20|137.939|137.939
21|131.118|131.118
22|125.003|125.003
23|119.246|119.246
24|114.762|114.762
25|110.351|110.351
26|106.156|106.156
27|102.322|102.322
28|98.7811|98.7811
29|95.2743|95.2743
30|92.2057|92.2057
31|89.4678|89.4678
32|87.7013|87.7013
33|86.139|86.139
34|84.5862|84.5862
35|83.0732|83.0732
36|81.8027|81.8027
37|80.7119|80.7119
38|79.8979|79.8979
39|79.1535|79.1535
40|78.2824|78.2824
41|77.5775|77.5775
42|76.8781|76.8781
43|76.265|76.265
44|75.6652|75.6652
45|75.1979|75.1979
46|74.7593|74.7593
47|74.3411|74.3411
48|73.9718|73.9718
49|73.6273|73.6273
50|73.3107|73.3107
51|72.9993|72.9993
52|72.6889|72.6889
53|72.3875|72.3875
54|72.0874|72.0874
55|71.8512|71.8512
56|71.6178|71.6178
57|71.3926|71.3926
58|71.1894|71.1894
59|70.9912|70.9912
60|70.7993|70.7993
61|70.6513|70.6513
62|70.5082|70.5082
63|70.3655|70.3655
64|70.2275|70.2275
65|70.0902|70.0902
66|69.9704|69.9704
67|69.8505|69.8505
68|69.7521|69.7521
69|69.665|69.665
70|69.5897|69.5897
71|69.5213|69.5213
72|69.4532|69.4532
73|69.3943|69.3943
74|69.3391|69.3391
75|69.2866|69.2866
76|69.2397|69.2397
77|69.1997|69.1997
78|69.1642|69.1642
79|69.1298|69.1298
80|69.0964|69.0964
81|69.0743|69.0743
82|69.0576|69.0576
83|69.041|69.041
84|69.0275|69.0275
85|69.0152|69.0152
86|69.0029|69.0029
87|68.9915|68.9915
88|68.9809|68.9809
89|68.9723|68.9723
90|68.964|68.964
91|68.9557|68.9557
92|68.9477|68.9477
93|68.9401|68.9401
94|68.9327|68.9327
95|68.9268|68.9268
96|68.921|68.921
97|68.9155|68.9155
98|68.91|68.91
99|68.9048|68.9048
100|68.8996|68.8996
101|68.8947|68.8947
102|68.8906|68.8906
103|68.8864|68.8864
104|68.8823|68.8823
105|68.8785|68.8785
106|68.8752|68.8752
107|68.872|68.872
108|68.8691|68.8691
109|68.8664|68.8664
110|68.8637|68.8637
111|68.8613|68.8613
112|68.8592|68.8592
113|68.8572|68.8572
114|68.8552|68.8552
115|68.8536|68.8536
116|68.8522|68.8522
117|68.8507|68.8507
118|68.8493|68.8493
119|68.848|68.848
120|68.8468|68.8468
121|68.8455|68.8455
122|68.8445|68.8445
123|68.8434|68.8434
124|68.8425|68.8425
125|68.8418|68.8418
126|68.8411|68.8411
127|68.8365|68.8365
128|68.8359|68.8359
129|68.8353|68.8353
130|68.8348|68.8348
131|68.8342|68.8342
132|68.8337|68.8337
133|68.8333|68.8333
134|68.8329|68.8329
135|68.8326|68.8326
136|68.8323|68.8323
137|68.832|68.832
138|68.8317|68.8317
139|68.8315|68.8315
140|68.8313|68.8313
141|68.831|68.831
142|68.8309|68.8309
143|68.8307|68.8307
144|68.8305|68.8305
145|68.8304|68.8304
146|68.8302|68.8302
147|68.83|68.83
148|68.8299|68.8299
149|68.8298|68.8298
150|68.8296|68.8296
151|68.8295|68.8295
152|68.8295|68.8295
153|68.8294|68.8294
154|68.8293|68.8293
155|68.8292|68.8292
156|68.8292|68.8292
157|68.8291|68.8291
158|68.8291|68.8291
159|68.829|68.829
160|68.829|68.829
161|68.8289|68.8289
162|68.8289|68.8289
163|68.8289|68.8289
164|68.8288|68.8288
165|68.8288|68.8288
166|68.8288|68.8288
167|68.8287|68.8287
168|68.8287|68.8287
169|68.8287|68.8287
170|68.8286|68.8286
171|68.8286|68.8286
172|68.8286|68.8286
173|68.8286|68.8286
174|68.8286|68.8286
175|68.8286|68.8286
176|68.8286|68.8286
177|68.8285|68.8285
178|68.8285|68.8285
179|68.8285|68.8285
180|68.8285|68.8285
181|68.8285|68.8285
182|68.8285|68.8285
183|68.8285|68.8285
184|68.8285|68.8285
185|68.8285|68.8285
186|68.8285|68.8285
187|68.8285|68.8285
188|68.8285|68.8285
189|68.8285|68.8285
190|68.8285|68.8285
191|68.8285|68.8285
192|68.8285|68.8285
193|68.8285|68.8285
194|68.8285|68.8285
195|68.8285|68.8285
196|68.8285|68.8285
197|68.8285|68.8285
198|68.8285|68.8285
199|68.8285|68.8285
200|68.8285|68.8285
201|68.8285|68.8285
202|68.8285|68.8285
203|68.8285|68.8285
204|68.8285|68.8285
205|68.8285|68.8285
206|68.8285|68.8285
207|68.8285|68.8285
208|68.8285|68.8285
209|68.8285|68.8285
210|68.8285|68.8285
211|68.8285|68.8285
212|68.8285|68.8285
213|68.8285|68.8285
214|68.8285|68.8285
215|68.8285|68.8285
216|68.8285|68.8285
217|68.8285|68.8285
218|68.8285|68.8285
219|68.8285|68.8285
220|68.8285|68.8285
221|68.8285|68.8285
222|68.8285|68.8285
223|68.8285|68.8285
224|68.8285|68.8285
225|68.8285|68.8285
226|68.8285|68.8285
227|68.8285|68.8285
228|68.8285|68.8285
229|68.8285|68.8285
230|68.8285|68.8285
231|68.8285|68.8285
232|68.8285|68.8285
233|68.8285|68.8285
234|68.8285|68.8285
235|68.8285|68.8285
236|68.8285|68.8285
237|68.8285|68.8285
238|68.8285|68.8285
239|68.8285|68.8285
240|68.8285|68.8285
241|68.8285|68.8285
242|68.8285|68.8285
243|68.8285|68.8285
244|68.8285|68.8285
245|68.8285|68.8285
246|68.8285|68.8285
247|68.8285|68.8285
248|68.8285|68.8285
249|68.8285|68.8285
250|68.8285|68.8285
251|68.8285|68.8285
252|68.8285|68.8285
253|68.8285|68.8285
254|68.8285|68.8285
255|68.8285|68.8285
256|68.8285|68.8285
257|68.8285|68.8285
258|68.8285|68.8285
259|68.8285|68.8285
260|68.8285|68.8285
261|68.8285|68.8285
262|68.8285|68.8285
263|68.8285|68.8285
264|68.8285|68.8285
265|68.8285|68.8285
266|68.8285|68.8285
267|68.8285|68.8285
268|68.8285|68.8285
269|68.8285|68.8285
270|68.8285|68.8285
271|68.8285|68.8285
272|68.8285|68.8285
273|68.8285|68.8285
274|68.8285|68.8285
275|68.8285|68.8285
276|68.8285|68.8285
277|68.8285|68.8285
278|68.8285|68.8285
279|68.8285|68.8285
280|68.8285|68.8285
281|68.8285|68.8285
282|68.8285|68.8285
283|68.8285|68.8285
284|68.8285|68.8285
285|68.8285|68.8285
286|68.8285|68.8285
287|68.8285|68.8285
288|68.8285|68.8285
289|68.8285|68.8285
290|68.8285|68.8285
291|68.8285|68.8285
292|68.8285|68.8285
293|68.8285|68.8285
294|68.8285|68.8285
295|68.8285|68.8285
296|68.8285|68.8285
297|68.8285|68.8285
298|68.8285|68.8285
299|68.8285|68.8285
300|68.8285|68.8285
301|68.8285|68.8285
302|68.8285|68.8285
303|68.8285|68.8285
304|68.8285|68.8285
305|68.8285|68.8285
306|68.8285|68.8285
307|68.8285|68.8285
308|68.8285|68.8285
309|68.8285|68.8285
310|68.8285|68.8285
311|68.8285|68.8285
312|68.8285|68.8285
313|68.8285|68.8285
314|68.8285|68.8285
315|68.8285|68.8285
316|68.8285|68.8285
317|68.8285|68.8285
318|68.8285|68.8285
319|68.8285|68.8285
320|68.8285|68.8285
321|68.8285|68.8285
322|68.8285|68.8285
323|68.8285|68.8285
324|68.8285|68.8285
325|68.8285|68.8285
326|68.8285|68.8285
327|68.8285|68.8285
EARLY STOP: TARGET FOUND
3741501ms
