1|-838.997|-838.997
2|-1245.64|-1245.64
3|-1480.39|-1480.39
4|-1646.6|-1646.6
5|-1759.76|-1759.76
6|-1855.93|-1855.93
7|-1949.26|-1949.26
8|-1973.98|-1973.98
9|-1975.06|-1975.06
10|-1975.62|-1975.62
11|-1975.81|-1975.81
12|-1975.95|-1975.95
13|-1976.03|-1976.03
14|-1976.09|-1976.09
15|-1976.12|-1976.12
16|-1976.14|-1976.14
17|-1976.14|-1976.14
18|-1976.15|-1976.15
19|-1976.15|-1976.15
20|-1976.16|-1976.16
21|-1976.16|-1976.16
22|-1976.16|-1976.16
23|-1976.16|-1976.16
24|-1976.16|-1976.16
25|-1976.16|-1976.16
26|-1976.16|-1976.16
27|-1976.16|-1976.16
28|-1976.16|-1976.16
29|-1976.16|-1976.16
30|-1976.16|-1976.16
31|-1976.16|-1976.16
32|-1976.16|-1976.16
33|-1976.16|-1976.16
34|-1976.16|-1976.16
35|-1976.16|-1976.16
36|-1976.16|-1976.16
37|-1976.16|-1976.16
38|-1976.16|-1976.16
39|-1976.16|-1976.16
40|-1976.16|-1976.16
41|-1976.16|-1976.16
42|-1976.16|-1976.16
43|-1976.16|-1976.16
44|-1976.16|-1976.16
45|-1976.16|-1976.16
46|-1976.16|-1976.16
47|-1976.16|-1976.16
48|-1976.16|-1976.16
49|-1976.16|-1976.16
50|-1976.16|-1976.16
51|-1976.16|-1976.16
52|-1976.16|-1976.16
53|-1976.16|-1976.16
54|-1976.16|-1976.16
55|-1976.16|-1976.16
56|-1976.16|-1976.16
57|-1976.16|-1976.16
58|-1976.16|-1976.16
59|-1976.16|-1976.16
60|-1976.16|-1976.16
61|-1976.16|-1976.16
62|-1976.16|-1976.16
63|-1976.16|-1976.16
64|-1976.16|-1976.16
65|-1976.16|-1976.16
66|-1976.16|-1976.16
67|-1976.16|-1976.16
68|-1976.16|-1976.16
69|-1976.16|-1976.16
70|-1976.16|-1976.16
71|-1976.16|-1976.16
72|-1976.16|-1976.16
73|-1976.16|-1976.16
74|-1976.16|-1976.16
75|-1976.16|-1976.16
76|-1976.16|-1976.16
77|-1976.16|-1976.16
78|-1976.16|-1976.16
79|-1976.16|-1976.16
80|-1976.16|-1976.16
81|-1976.16|-1976.16
82|-1976.16|-1976.16
83|-1976.16|-1976.16
84|-1976.16|-1976.16
85|-1976.16|-1976.16
86|-1976.16|-1976.16
87|-1976.16|-1976.16
88|-1976.16|-1976.16
89|-1976.16|-1976.16
90|-1976.16|-1976.16
91|-1976.16|-1976.16
92|-1976.16|-1976.16
93|-1976.16|-1976.16
94|-1976.16|-1976.16
95|-1976.16|-1976.16
96|-1976.16|-1976.16
97|-1976.16|-1976.16
98|-1976.16|-1976.16
99|-1976.16|-1976.16
100|-1976.16|-1976.16
101|-1976.16|-1976.16
102|-1976.16|-1976.16
103|-1976.16|-1976.16
104|-1976.16|-1976.16
105|-1976.16|-1976.16
106|-1976.16|-1976.16
107|-1976.16|-1976.16
108|-1976.16|-1976.16
109|-1976.16|-1976.16
110|-1976.16|-1976.16
111|-1976.16|-1976.16
112|-1976.16|-1976.16
113|-1976.16|-1976.16
114|-1976.16|-1976.16
115|-1976.16|-1976.16
116|-1976.16|-1976.16
117|-1976.16|-1976.16
118|-1976.16|-1976.16
119|-1976.16|-1976.16
120|-1976.16|-1976.16
121|-1976.16|-1976.16
122|-1976.16|-1976.16
123|-1976.16|-1976.16
124|-1976.16|-1976.16
125|-1976.16|-1976.16
126|-1976.16|-1976.16
127|-1976.16|-1976.16
128|-1976.16|-1976.16
129|-1976.16|-1976.16
130|-1976.16|-1976.16
131|-1976.16|-1976.16
132|-1976.16|-1976.16
133|-1976.16|-1976.16
134|-1976.16|-1976.16
135|-1976.16|-1976.16
136|-1976.16|-1976.16
137|-1976.16|-1976.16
138|-1976.16|-1976.16
139|-1976.16|-1976.16
140|-1976.16|-1976.16
141|-1976.16|-1976.16
142|-1976.16|-1976.16
143|-1976.16|-1976.16
144|-1976.16|-1976.16
145|-1976.16|-1976.16
146|-1976.16|-1976.16
147|-1976.16|-1976.16
148|-1976.16|-1976.16
149|-1976.16|-1976.16
150|-1976.16|-1976.16
151|-1976.16|-1976.16
152|-1976.16|-1976.16
153|-1976.16|-1976.16
154|-1976.16|-1976.16
155|-1976.16|-1976.16
156|-1976.16|-1976.16
157|-1976.16|-1976.16
158|-1976.16|-1976.16
159|-1976.16|-1976.16
160|-1976.16|-1976.16
161|-1976.16|-1976.16
162|-1976.16|-1976.16
163|-1976.16|-1976.16
164|-1976.16|-1976.16
165|-1976.16|-1976.16
166|-1976.16|-1976.16
167|-1976.16|-1976.16
168|-1976.16|-1976.16
169|-1976.16|-1976.16
170|-1976.16|-1976.16
171|-1976.16|-1976.16
172|-1976.16|-1976.16
173|-1976.16|-1976.16
174|-1976.16|-1976.16
175|-1976.16|-1976.16
176|-1976.16|-1976.16
177|-1976.16|-1976.16
178|-1976.16|-1976.16
EARLY STOP: TARGET FOUND
99027ms
