1|74.0142|74.0142
2|45.8172|45.8172
3|35.5677|35.5677
4|27.4233|27.4233
5|21.7322|21.7322
6|13.6509|13.6509
7|12.0674|12.0674
8|11.1587|11.1587
9|10.2778|10.2778
10|9.6709|9.6709
11|9.44432|9.44432
12|9.23246|9.23246
13|9.11207|9.11207
14|9.05769|9.05769
15|9.01076|9.01076
16|8.97705|8.97705
17|8.94361|8.94361
18|8.93126|8.93126
19|8.92265|8.92265
20|8.91714|8.91714
21|8.913|8.913
22|8.91054|8.91054
23|8.90831|8.90831
24|8.90624|8.90624
25|8.9052|8.9052
26|8.9046|8.9046
27|8.90409|8.90409
28|8.90383|8.90383
29|8.9036|8.9036
30|8.90343|8.90343
31|8.90338|8.90338
32|8.90332|8.90332
33|8.90329|8.90329
34|8.90328|8.90328
35|8.90327|8.90327
36|8.90325|8.90325
37|8.90325|8.90325
38|8.90325|8.90325
39|8.90325|8.90325
40|8.90325|8.90325
41|8.90325|8.90325
42|8.90325|8.90325
43|8.90325|8.90325
44|8.90325|8.90325
45|8.90325|8.90325
46|8.90325|8.90325
47|8.90325|8.90325
48|8.90325|8.90325
49|8.90325|8.90325
50|8.90325|8.90325
51|8.90325|8.90325
52|8.90325|8.90325
53|8.90325|8.90325
54|8.90325|8.90325
55|8.90325|8.90325
56|8.90325|8.90325
57|8.90325|8.90325
58|8.90325|8.90325
59|8.90325|8.90325
60|8.90325|8.90325
61|8.90325|8.90325
62|8.90325|8.90325
63|8.90325|8.90325
64|8.90325|8.90325
65|8.90325|8.90325
66|8.90325|8.90325
67|8.90325|8.90325
68|8.90325|8.90325
69|8.90325|8.90325
70|8.90325|8.90325
71|8.90325|8.90325
72|8.90325|8.90325
73|8.90325|8.90325
74|8.90325|8.90325
75|8.90325|8.90325
76|8.90325|8.90325
77|8.90325|8.90325
78|8.90325|8.90325
79|8.90325|8.90325
80|8.90325|8.90325
81|8.90325|8.90325
82|8.90325|8.90325
83|8.90325|8.90325
84|8.90325|8.90325
85|8.90325|8.90325
86|8.90325|8.90325
87|8.90325|8.90325
88|8.90325|8.90325
89|8.90325|8.90325
90|8.90325|8.90325
91|8.90325|8.90325
92|8.90325|8.90325
93|8.90325|8.90325
94|8.90325|8.90325
95|8.90325|8.90325
96|8.90325|8.90325
97|8.90325|8.90325
98|8.90325|8.90325
99|8.90325|8.90325
100|8.90325|8.90325
101|8.90325|8.90325
102|8.90325|8.90325
103|8.90325|8.90325
104|8.90325|8.90325
105|8.90325|8.90325
106|8.90325|8.90325
107|8.90325|8.90325
108|8.90325|8.90325
109|8.90325|8.90325
110|8.90325|8.90325
111|8.90325|8.90325
112|8.90325|8.90325
113|8.90325|8.90325
114|8.90325|8.90325
115|8.90325|8.90325
116|8.90325|8.90325
117|8.90325|8.90325
118|8.90325|8.90325
119|8.90325|8.90325
120|8.90325|8.90325
121|8.90325|8.90325
122|8.90325|8.90325
123|8.90325|8.90325
124|8.90325|8.90325
125|8.90325|8.90325
126|8.90325|8.90325
127|8.90325|8.90325
128|8.90325|8.90325
129|8.90325|8.90325
130|8.90325|8.90325
131|8.90325|8.90325
132|8.90325|8.90325
133|8.90325|8.90325
134|8.90325|8.90325
135|8.90325|8.90325
136|8.90325|8.90325
137|8.90325|8.90325
138|8.90325|8.90325
139|8.90325|8.90325
140|8.90325|8.90325
141|8.90325|8.90325
142|8.90325|8.90325
143|8.90325|8.90325
144|8.90325|8.90325
145|8.90325|8.90325
146|8.90325|8.90325
147|8.90325|8.90325
148|8.90325|8.90325
149|8.90325|8.90325
150|8.90325|8.90325
151|8.90325|8.90325
152|8.90325|8.90325
153|8.90325|8.90325
154|8.90325|8.90325
155|8.90325|8.90325
156|8.90325|8.90325
157|8.90325|8.90325
158|8.90325|8.90325
159|8.90325|8.90325
160|8.90325|8.90325
161|8.90325|8.90325
162|8.90325|8.90325
163|8.90325|8.90325
164|8.90325|8.90325
165|8.90325|8.90325
166|8.90325|8.90325
167|8.90325|8.90325
168|8.90325|8.90325
169|8.90325|8.90325
170|8.90325|8.90325
171|8.90325|8.90325
172|8.90325|8.90325
173|8.90325|8.90325
174|8.90325|8.90325
175|8.90325|8.90325
176|8.90325|8.90325
177|8.90325|8.90325
178|8.90325|8.90325
179|8.90325|8.90325
180|8.90325|8.90325
181|8.90325|8.90325
182|8.90325|8.90325
183|8.90325|8.90325
184|8.90325|8.90325
185|8.90325|8.90325
186|8.90325|8.90325
187|8.90325|8.90325
188|8.90325|8.90325
EARLY STOP: TARGET FOUND
72983ms
