1|325.035|325.035
2|-328.497|-328.497
3|-930.476|-930.476
4|-1490.82|-1490.82
5|-1959.72|-1959.72
6|-2419.48|-2419.48
7|-2877.63|-2877.63
8|-3324.98|-3324.98
9|-3719.74|-3719.74
10|-4062.81|-4062.81
11|-4374.17|-4374.17
12|-4679.2|-4679.2
13|-4957.75|-4957.75
14|-5217.47|-5217.47
15|-5457.66|-5457.66
16|-5684.88|-5684.88
17|-5901.51|-5901.51
18|-6106.56|-6106.56
19|-6293.49|-6293.49
20|-6476.23|-6476.23
21|-6653.95|-6653.95
22|-6820.08|-6820.08
23|-6982.9|-6982.9
24|-7121.5|-7121.5
25|-7244.9|-7244.9
26|-7418.81|-7418.81
27|-7522.83|-7522.83
28|-7609.58|-7609.58
29|-7696.14|-7696.14
30|-7778.15|-7778.15
31|-7849.82|-7849.82
32|-7984.37|-7984.37
33|-8053.03|-8053.03
34|-8119.49|-8119.49
35|-8196|-8196
36|-8261.18|-8261.18
37|-8315.26|-8315.26
38|-8475.21|-8475.21
39|-8569.29|-8569.29
40|-8622.1|-8622.1
41|-8672.91|-8672.91
42|-8753.28|-8753.28
43|-9040.64|-9040.64
44|-9088.03|-9088.03
45|-9131.14|-9131.14
46|-9174.21|-9174.21
47|-9214.07|-9214.07
48|-9245.36|-9245.36
49|-9270.54|-9270.54
50|-9294.17|-9294.17
51|-9316.96|-9316.96
52|-9339.24|-9339.24
53|-9360.64|-9360.64
54|-9396.36|-9396.36
55|-9417.69|-9417.69
56|-9437.07|-9437.07
57|-9456.41|-9456.41
58|-9475.36|-9475.36
59|-9494|-9494
60|-9511.75|-9511.75
61|-9526.04|-9526.04
62|-9561.55|-9561.55
63|-9579.31|-9579.31
64|-9593.46|-9593.46
65|-9629.54|-9629.54
66|-9647.28|-9647.28
67|-9660.96|-9660.96
68|-9674.22|-9674.22
69|-9686.79|-9686.79
70|-9698.78|-9698.78
71|-9744.14|-9744.14
72|-9755.09|-9755.09
73|-9765.68|-9765.68
74|-9775.02|-9775.02
75|-9784.22|-9784.22
76|-9793.04|-9793.04
77|-9801.81|-9801.81
78|-9810.57|-9810.57
79|-9819.33|-9819.33
80|-9827.94|-9827.94
81|-9833.22|-9833.22
82|-9838.34|-9838.34
83|-9843.17|-9843.17
84|-9847.55|-9847.55
85|-9851.93|-9851.93
86|-9856.27|-9856.27
87|-9860.46|-9860.46
88|-9863.22|-9863.22
89|-9865.96|-9865.96
90|-9868.14|-9868.14
91|-9870.32|-9870.32
92|-9872.41|-9872.41
93|-9874.49|-9874.49
94|-9876.01|-9876.01
95|-9877.39|-9877.39
96|-9878.7|-9878.7
97|-9879.99|-9879.99
98|-9881.1|-9881.1
99|-9882.19|-9882.19
100|-9883.28|-9883.28
101|-9884.37|-9884.37
102|-9885.46|-9885.46
103|-9886.48|-9886.48
104|-9887.5|-9887.5
105|-9888.52|-9888.52
106|-9889.54|-9889.54
107|-9890.55|-9890.55
108|-9891.56|-9891.56
109|-9892.33|-9892.33
110|-9892.99|-9892.99
111|-9893.57|-9893.57
112|-9894.14|-9894.14
113|-9894.7|-9894.7
114|-9895.25|-9895.25
115|-9895.79|-9895.79
116|-9896.34|-9896.34
117|-9896.84|-9896.84
118|-9897.35|-9897.35
119|-9897.85|-9897.85
120|-9898.33|-9898.33
121|-9898.73|-9898.73
122|-9899.09|-9899.09
123|-9899.45|-9899.45
124|-9899.81|-9899.81
125|-9900.12|-9900.12
126|-9900.44|-9900.44
127|-9900.71|-9900.71
128|-9900.98|-9900.98
129|-9901.23|-9901.23
130|-9901.48|-9901.48
131|-9901.73|-9901.73
132|-9901.98|-9901.98
133|-9902.24|-9902.24
134|-9902.48|-9902.48
135|-9902.7|-9902.7
136|-9902.9|-9902.9
137|-9903.08|-9903.08
138|-9903.23|-9903.23
139|-9903.37|-9903.37
140|-9903.5|-9903.5
141|-9903.63|-9903.63
142|-9903.75|-9903.75
143|-9903.83|-9903.83
144|-9903.91|-9903.91
145|-9903.98|-9903.98
146|-9904.05|-9904.05
147|-9904.12|-9904.12
148|-9904.19|-9904.19
149|-9904.26|-9904.26
150|-9904.33|-9904.33
151|-9904.39|-9904.39
152|-9904.45|-9904.45
153|-9904.51|-9904.51
154|-9904.58|-9904.58
155|-9904.62|-9904.62
156|-9904.66|-9904.66
157|-9904.7|-9904.7
158|-9904.74|-9904.74
159|-9904.78|-9904.78
160|-9904.81|-9904.81
161|-9904.84|-9904.84
162|-9904.88|-9904.88
163|-9904.91|-9904.91
164|-9904.94|-9904.94
165|-9904.97|-9904.97
166|-9905|-9905
167|-9905.04|-9905.04
168|-9905.07|-9905.07
169|-9905.09|-9905.09
170|-9905.11|-9905.11
171|-9905.13|-9905.13
172|-9905.14|-9905.14
173|-9905.16|-9905.16
174|-9905.18|-9905.18
175|-9905.19|-9905.19
176|-9905.21|-9905.21
177|-9905.22|-9905.22
178|-9905.24|-9905.24
179|-9905.25|-9905.25
180|-9905.26|-9905.26
181|-9905.27|-9905.27
182|-9905.28|-9905.28
183|-9905.28|-9905.28
184|-9905.29|-9905.29
185|-9905.3|-9905.3
186|-9905.31|-9905.31
187|-9905.31|-9905.31
188|-9905.32|-9905.32
189|-9905.33|-9905.33
190|-9905.33|-9905.33
191|-9905.34|-9905.34
192|-9905.34|-9905.34
193|-9905.35|-9905.35
194|-9905.35|-9905.35
195|-9905.35|-9905.35
196|-9905.36|-9905.36
197|-9905.36|-9905.36
198|-9905.37|-9905.37
199|-9905.37|-9905.37
200|-9905.37|-9905.37
201|-9905.38|-9905.38
202|-9905.38|-9905.38
203|-9905.38|-9905.38
204|-9905.38|-9905.38
205|-9905.38|-9905.38
206|-9905.39|-9905.39
207|-9905.39|-9905.39
208|-9905.39|-9905.39
209|-9905.39|-9905.39
210|-9905.39|-9905.39
211|-9905.4|-9905.4
212|-9905.4|-9905.4
213|-9905.4|-9905.4
214|-9905.4|-9905.4
215|-9905.4|-9905.4
216|-9905.4|-9905.4
217|-9905.4|-9905.4
218|-9905.4|-9905.4
219|-9905.4|-9905.4
220|-9905.4|-9905.4
221|-9905.4|-9905.4
222|-9905.4|-9905.4
223|-9905.4|-9905.4
224|-9905.4|-9905.4
225|-9905.4|-9905.4
226|-9905.4|-9905.4
227|-9905.4|-9905.4
228|-9905.4|-9905.4
229|-9905.4|-9905.4
230|-9905.4|-9905.4
231|-9905.4|-9905.4
232|-9905.4|-9905.4
233|-9905.4|-9905.4
234|-9905.4|-9905.4
235|-9905.4|-9905.4
236|-9905.4|-9905.4
237|-9905.4|-9905.4
238|-9905.4|-9905.4
239|-9905.4|-9905.4
240|-9905.4|-9905.4
241|-9905.4|-9905.4
242|-9905.4|-9905.4
243|-9905.4|-9905.4
244|-9905.4|-9905.4
245|-9905.4|-9905.4
246|-9905.4|-9905.4
247|-9905.4|-9905.4
248|-9905.4|-9905.4
249|-9905.4|-9905.4
250|-9905.4|-9905.4
251|-9905.4|-9905.4
252|-9905.4|-9905.4
253|-9905.4|-9905.4
254|-9905.4|-9905.4
255|-9905.4|-9905.4
256|-9905.4|-9905.4
257|-9905.4|-9905.4
258|-9905.4|-9905.4
259|-9905.4|-9905.4
260|-9905.4|-9905.4
261|-9905.4|-9905.4
262|-9905.4|-9905.4
263|-9905.4|-9905.4
264|-9905.4|-9905.4
265|-9905.4|-9905.4
266|-9905.4|-9905.4
267|-9905.4|-9905.4
268|-9905.4|-9905.4
269|-9905.4|-9905.4
270|-9905.4|-9905.4
271|-9905.4|-9905.4
272|-9905.4|-9905.4
273|-9905.4|-9905.4
274|-9905.4|-9905.4
275|-9905.4|-9905.4
276|-9905.4|-9905.4
277|-9905.4|-9905.4
278|-9905.4|-9905.4
279|-9905.4|-9905.4
280|-9905.4|-9905.4
281|-9905.4|-9905.4
282|-9905.4|-9905.4
283|-9905.4|-9905.4
284|-9905.4|-9905.4
285|-9905.4|-9905.4
286|-9905.4|-9905.4
287|-9905.4|-9905.4
288|-9905.4|-9905.4
289|-9905.4|-9905.4
290|-9905.4|-9905.4
291|-9905.4|-9905.4
292|-9905.4|-9905.4
293|-9905.4|-9905.4
294|-9905.4|-9905.4
295|-9905.4|-9905.4
296|-9905.4|-9905.4
297|-9905.4|-9905.4
298|-9905.4|-9905.4
299|-9905.4|-9905.4
300|-9905.4|-9905.4
301|-9905.4|-9905.4
302|-9905.4|-9905.4
303|-9905.4|-9905.4
304|-9905.4|-9905.4
305|-9905.4|-9905.4
306|-9905.4|-9905.4
307|-9905.4|-9905.4
308|-9905.4|-9905.4
309|-9905.4|-9905.4
310|-9905.4|-9905.4
311|-9905.4|-9905.4
312|-9905.4|-9905.4
313|-9905.4|-9905.4
314|-9905.4|-9905.4
315|-9905.4|-9905.4
316|-9905.4|-9905.4
317|-9905.4|-9905.4
318|-9905.4|-9905.4
319|-9905.4|-9905.4
320|-9905.4|-9905.4
321|-9905.4|-9905.4
322|-9905.4|-9905.4
323|-9905.4|-9905.4
324|-9905.4|-9905.4
325|-9905.4|-9905.4
326|-9905.4|-9905.4
327|-9905.4|-9905.4
328|-9905.4|-9905.4
329|-9905.4|-9905.4
330|-9905.4|-9905.4
331|-9905.4|-9905.4
332|-9905.4|-9905.4
333|-9905.4|-9905.4
334|-9905.4|-9905.4
335|-9905.4|-9905.4
336|-9905.4|-9905.4
337|-9905.4|-9905.4
338|-9905.4|-9905.4
339|-9905.4|-9905.4
340|-9905.4|-9905.4
341|-9905.4|-9905.4
342|-9905.4|-9905.4
343|-9905.4|-9905.4
344|-9905.4|-9905.4
345|-9905.4|-9905.4
346|-9905.4|-9905.4
347|-9905.4|-9905.4
348|-9905.4|-9905.4
349|-9905.4|-9905.4
350|-9905.4|-9905.4
351|-9905.4|-9905.4
352|-9905.4|-9905.4
353|-9905.4|-9905.4
354|-9905.4|-9905.4
355|-9905.4|-9905.4
356|-9905.4|-9905.4
357|-9905.4|-9905.4
358|-9905.4|-9905.4
359|-9905.4|-9905.4
360|-9905.4|-9905.4
361|-9905.4|-9905.4
EARLY STOP: TARGET FOUND
5976159ms
