1|68.0736|68.0736
2|51.6908|51.6908
3|40.037|40.037
4|31.0851|31.0851
5|24.5017|24.5017
6|18.5075|18.5075
7|14.1177|14.1177
8|12.072|12.072
9|10.342|10.342
10|9.0416|9.0416
11|8.33117|8.33117
12|7.63792|7.63792
13|7.19661|7.19661
14|6.89854|6.89854
15|6.73378|6.73378
16|6.59854|6.59854
17|6.47071|6.47071
18|6.34803|6.34803
19|6.2788|6.2788
20|6.245|6.245
21|6.22708|6.22708
22|6.21038|6.21038
23|6.20129|6.20129
24|6.19256|6.19256
25|6.18426|6.18426
26|6.17702|6.17702
27|6.17109|6.17109
28|6.16678|6.16678
29|6.16264|6.16264
30|6.16161|6.16161
31|6.16088|6.16088
32|6.16035|6.16035
33|6.16008|6.16008
34|6.15982|6.15982
35|6.15961|6.15961
36|6.15948|6.15948
37|6.15935|6.15935
38|6.1593|6.1593
39|6.15926|6.15926
40|6.15925|6.15925
41|6.15925|6.15925
42|6.15924|6.15924
43|6.15924|6.15924
44|6.15924|6.15924
45|6.15924|6.15924
46|6.15924|6.15924
47|6.15924|6.15924
48|6.15924|6.15924
49|6.15924|6.15924
50|6.15924|6.15924
51|6.15924|6.15924
52|6.15924|6.15924
53|6.15924|6.15924
54|6.15924|6.15924
55|6.15924|6.15924
56|6.15924|6.15924
57|6.15924|6.15924
58|6.15924|6.15924
59|6.15924|6.15924
60|6.15924|6.15924
61|6.15924|6.15924
62|6.15924|6.15924
63|6.15924|6.15924
64|6.15924|6.15924
65|6.15924|6.15924
66|6.15924|6.15924
67|6.15924|6.15924
68|6.15924|6.15924
69|6.15924|6.15924
70|6.15924|6.15924
71|6.15924|6.15924
72|6.15924|6.15924
73|6.15924|6.15924
74|6.15924|6.15924
75|6.15924|6.15924
76|6.15924|6.15924
77|6.15924|6.15924
78|6.15924|6.15924
79|6.15924|6.15924
80|6.15924|6.15924
81|6.15924|6.15924
82|6.15924|6.15924
83|6.15924|6.15924
84|6.15924|6.15924
85|6.15924|6.15924
86|6.15924|6.15924
87|6.15924|6.15924
88|6.15924|6.15924
89|6.15924|6.15924
90|6.15924|6.15924
91|6.15924|6.15924
92|6.15924|6.15924
93|6.15924|6.15924
94|6.15924|6.15924
95|6.15924|6.15924
96|6.15924|6.15924
97|6.15924|6.15924
98|6.15924|6.15924
99|6.15924|6.15924
100|6.15924|6.15924
101|6.15924|6.15924
102|6.15924|6.15924
103|6.15924|6.15924
104|6.15924|6.15924
105|6.15924|6.15924
106|6.15924|6.15924
107|6.15924|6.15924
108|6.15924|6.15924
109|6.15924|6.15924
110|6.15924|6.15924
111|6.15924|6.15924
112|6.15924|6.15924
113|6.15924|6.15924
114|6.15924|6.15924
115|6.15924|6.15924
116|6.15924|6.15924
117|6.15924|6.15924
118|6.15924|6.15924
119|6.15924|6.15924
120|6.15924|6.15924
121|6.15924|6.15924
122|6.15924|6.15924
123|6.15924|6.15924
124|6.15924|6.15924
125|6.15924|6.15924
126|6.15924|6.15924
127|6.15924|6.15924
128|6.15924|6.15924
129|6.15924|6.15924
130|6.15924|6.15924
131|6.15924|6.15924
132|6.15924|6.15924
133|6.15924|6.15924
134|6.15924|6.15924
135|6.15924|6.15924
136|6.15924|6.15924
137|6.15924|6.15924
138|6.15924|6.15924
139|6.15924|6.15924
140|6.15924|6.15924
141|6.15924|6.15924
142|6.15924|6.15924
143|6.15924|6.15924
144|6.15924|6.15924
145|6.15924|6.15924
146|6.15924|6.15924
147|6.15924|6.15924
148|6.15924|6.15924
149|6.15924|6.15924
150|6.15924|6.15924
151|6.15924|6.15924
152|6.15924|6.15924
153|6.15924|6.15924
154|6.15924|6.15924
155|6.15924|6.15924
156|6.15924|6.15924
157|6.15924|6.15924
158|6.15924|6.15924
159|6.15924|6.15924
160|6.15924|6.15924
161|6.15924|6.15924
162|6.15924|6.15924
163|6.15924|6.15924
164|6.15924|6.15924
165|6.15924|6.15924
166|6.15924|6.15924
167|6.15924|6.15924
168|6.15924|6.15924
169|6.15924|6.15924
170|6.15924|6.15924
171|6.15924|6.15924
172|6.15924|6.15924
173|6.15924|6.15924
174|6.15924|6.15924
175|6.15924|6.15924
176|6.15924|6.15924
177|6.15924|6.15924
178|6.15924|6.15924
179|6.15924|6.15924
180|6.15924|6.15924
181|6.15924|6.15924
182|6.15924|6.15924
183|6.15924|6.15924
184|6.15924|6.15924
185|6.15924|6.15924
186|6.15924|6.15924
187|6.15924|6.15924
188|6.15924|6.15924
189|6.15924|6.15924
190|6.15924|6.15924
191|6.15924|6.15924
192|6.15924|6.15924
193|6.15924|6.15924
EARLY STOP: TARGET FOUND
74949ms
