1|60.8345|60.8345
2|46.2717|46.2717
3|36.1706|36.1706
4|26.2917|26.2917
5|17.8162|17.8162
6|13.7643|13.7643
7|10.6955|10.6955
8|8.10433|8.10433
9|5.55836|5.55836
10|4.51151|4.51151
11|3.47574|3.47574
12|2.67857|2.67857
13|2.20084|2.20084
14|1.72358|1.72358
15|1.30185|1.30185
16|1.04665|1.04665
17|0.830423|0.830423
18|0.619739|0.619739
19|0.48191|0.48191
20|0.346125|0.346125
21|0.221635|0.221635
22|0.150342|0.150342
23|0.0995406|0.0995406
24|0.0682296|0.0682296
25|0.0396874|0.0396874
26|0.0232413|0.0232413
27|0.0185409|0.0185409
28|0.0151178|0.0151178
29|0.0122893|0.0122893
30|0.00963109|0.00963109
EARLY STOP: TARGET FOUND
41732ms
