1|-2.56411|-2.56411
2|-3.44334|-3.44334
3|-4.31999|-4.31999
4|-5.04204|-5.04204
5|-5.57193|-5.57193
6|-5.99026|-5.99026
7|-6.57184|-6.57184
8|-6.97525|-6.97525
9|-7.30193|-7.30193
10|-7.60103|-7.60103
11|-8.14|-8.14
12|-8.3554|-8.3554
13|-8.56872|-8.56872
14|-8.73038|-8.73038
15|-8.82543|-8.82543
16|-8.86211|-8.86211
17|-8.87988|-8.87988
18|-8.88678|-8.88678
19|-8.89111|-8.89111
20|-8.89315|-8.89315
21|-8.89411|-8.89411
22|-8.89464|-8.89464
23|-8.89514|-8.89514
24|-8.89564|-8.89564
25|-8.89608|-8.89608
26|-8.89645|-8.89645
27|-8.8966|-8.8966
28|-8.89675|-8.89675
29|-8.89688|-8.89688
30|-8.897|-8.897
31|-8.89709|-8.89709
32|-8.89718|-8.89718
33|-8.89726|-8.89726
34|-8.89732|-8.89732
35|-8.89738|-8.89738
36|-8.8974|-8.8974
37|-8.89741|-8.89741
38|-8.89743|-8.89743
39|-8.89744|-8.89744
40|-8.89745|-8.89745
41|-8.89746|-8.89746
42|-8.89747|-8.89747
43|-8.89747|-8.89747
44|-8.89748|-8.89748
45|-8.89748|-8.89748
46|-8.89748|-8.89748
47|-8.89748|-8.89748
48|-8.89748|-8.89748
49|-8.89748|-8.89748
50|-8.89748|-8.89748
51|-8.89748|-8.89748
52|-8.89748|-8.89748
53|-8.89748|-8.89748
54|-8.89748|-8.89748
55|-8.89748|-8.89748
56|-8.89748|-8.89748
57|-8.89748|-8.89748
58|-8.89748|-8.89748
59|-8.89748|-8.89748
60|-8.89748|-8.89748
61|-8.89748|-8.89748
62|-8.89748|-8.89748
63|-8.89748|-8.89748
64|-8.89748|-8.89748
65|-8.89748|-8.89748
66|-8.89748|-8.89748
67|-8.89748|-8.89748
68|-8.89748|-8.89748
69|-8.89748|-8.89748
70|-8.89748|-8.89748
71|-8.89748|-8.89748
72|-8.89748|-8.89748
73|-8.89748|-8.89748
74|-8.89748|-8.89748
75|-8.89748|-8.89748
76|-8.89748|-8.89748
77|-8.89748|-8.89748
78|-8.89748|-8.89748
79|-8.89748|-8.89748
80|-8.89748|-8.89748
81|-8.89748|-8.89748
82|-8.89748|-8.89748
83|-8.89748|-8.89748
84|-8.89748|-8.89748
85|-8.89748|-8.89748
86|-8.89748|-8.89748
87|-8.89748|-8.89748
88|-8.89748|-8.89748
89|-8.89748|-8.89748
90|-8.89748|-8.89748
91|-8.89748|-8.89748
92|-8.89748|-8.89748
93|-8.89748|-8.89748
94|-8.89748|-8.89748
95|-8.89748|-8.89748
96|-8.89748|-8.89748
97|-8.89748|-8.89748
98|-8.89748|-8.89748
99|-8.89748|-8.89748
100|-8.89748|-8.89748
101|-8.89748|-8.89748
102|-8.89748|-8.89748
103|-8.89748|-8.89748
104|-8.89748|-8.89748
105|-8.89748|-8.89748
106|-8.89748|-8.89748
107|-8.89748|-8.89748
108|-8.89748|-8.89748
109|-8.89748|-8.89748
110|-8.89748|-8.89748
111|-8.89748|-8.89748
112|-8.89748|-8.89748
113|-8.89748|-8.89748
114|-8.89748|-8.89748
115|-8.89748|-8.89748
116|-8.89748|-8.89748
117|-8.89748|-8.89748
118|-8.89748|-8.89748
119|-8.89748|-8.89748
120|-8.89748|-8.89748
121|-8.89748|-8.89748
122|-8.89748|-8.89748
123|-8.89748|-8.89748
124|-8.89748|-8.89748
125|-8.89748|-8.89748
126|-8.89748|-8.89748
127|-8.89748|-8.89748
128|-8.89748|-8.89748
129|-8.89748|-8.89748
130|-8.89748|-8.89748
131|-8.89748|-8.89748
132|-8.89748|-8.89748
133|-8.89748|-8.89748
134|-8.89748|-8.89748
135|-8.89748|-8.89748
136|-8.89748|-8.89748
137|-8.89748|-8.89748
138|-8.89748|-8.89748
139|-8.89748|-8.89748
140|-8.89748|-8.89748
141|-8.89748|-8.89748
142|-8.89748|-8.89748
143|-8.89748|-8.89748
144|-8.89748|-8.89748
145|-8.89748|-8.89748
146|-8.89748|-8.89748
147|-8.89748|-8.89748
148|-8.89748|-8.89748
149|-8.89748|-8.89748
150|-8.89748|-8.89748
151|-8.89748|-8.89748
152|-8.89748|-8.89748
153|-8.89748|-8.89748
154|-8.89748|-8.89748
155|-8.89748|-8.89748
156|-8.89748|-8.89748
157|-8.89748|-8.89748
158|-8.89748|-8.89748
159|-8.89748|-8.89748
160|-8.89748|-8.89748
161|-8.89748|-8.89748
162|-8.89748|-8.89748
163|-8.89748|-8.89748
164|-8.89748|-8.89748
165|-8.89748|-8.89748
166|-8.89748|-8.89748
167|-8.89748|-8.89748
168|-8.89748|-8.89748
169|-8.89748|-8.89748
170|-8.89748|-8.89748
171|-8.89748|-8.89748
172|-8.89748|-8.89748
173|-8.89748|-8.89748
174|-8.89748|-8.89748
175|-8.89748|-8.89748
176|-8.89748|-8.89748
177|-8.89748|-8.89748
178|-8.89748|-8.89748
179|-8.89748|-8.89748
180|-8.89748|-8.89748
181|-8.89748|-8.89748
182|-8.89748|-8.89748
183|-8.89748|-8.89748
184|-8.89748|-8.89748
185|-8.89748|-8.89748
186|-8.89748|-8.89748
187|-8.89748|-8.89748
188|-8.89748|-8.89748
189|-8.89748|-8.89748
190|-8.89748|-8.89748
191|-8.89748|-8.89748
192|-8.89748|-8.89748
193|-8.89748|-8.89748
194|-8.89748|-8.89748
195|-8.89748|-8.89748
196|-8.89748|-8.89748
197|-8.89748|-8.89748
198|-8.89748|-8.89748
199|-8.89748|-8.89748
EARLY STOP: TARGET FOUND
272685ms
