1|42.6259|42.6259
2|31.0185|31.0185
3|22.5915|22.5915
4|15.6146|15.6146
5|11.9298|11.9298
6|8.66461|8.66461
7|5.51436|5.51436
8|4.32473|4.32473
9|3.21355|3.21355
10|2.35969|2.35969
11|1.74606|1.74606
12|1.44176|1.44176
13|1.15415|1.15415
14|0.878588|0.878588
15|0.630197|0.630197
16|0.498432|0.498432
17|0.378703|0.378703
18|0.303358|0.303358
19|0.23635|0.23635
20|0.17537|0.17537
21|0.127975|0.127975
22|0.0967762|0.0967762
23|0.0776723|0.0776723
24|0.0591996|0.0591996
25|0.0448956|0.0448956
26|0.0336058|0.0336058
27|0.0267784|0.0267784
28|0.0220264|0.0220264
29|0.0175901|0.0175901
30|0.0137413|0.0137413
31|0.0105307|0.0105307
32|0.00817876|0.00817876
EARLY STOP: TARGET FOUND
44471ms
