1|124.92|124.92
2|105.001|105.001
3|85.8385|85.8385
4|70.088|70.088
5|58.2141|58.2141
6|48.716|48.716
7|40.2746|40.2746
8|33.531|33.531
9|27.0324|27.0324
10|21.9963|21.9963
11|17.9596|17.9596
12|16.5362|16.5362
13|15.5945|15.5945
14|14.8617|14.8617
15|14.5394|14.5394
16|14.3289|14.3289
17|14.148|14.148
18|13.9792|13.9792
19|13.8374|13.8374
20|13.7219|13.7219
21|13.6457|13.6457
22|13.578|13.578
23|13.5251|13.5251
24|13.488|13.488
25|13.4683|13.4683
26|13.4507|13.4507
27|13.4331|13.4331
28|13.4242|13.4242
29|13.4159|13.4159
30|13.4079|13.4079
31|13.4035|13.4035
32|13.3993|13.3993
33|13.3952|13.3952
34|13.3921|13.3921
35|13.3892|13.3892
36|13.387|13.387
37|13.3849|13.3849
38|13.3829|13.3829
39|13.3818|13.3818
40|13.3807|13.3807
41|13.3797|13.3797
42|13.379|13.379
43|13.3783|13.3783
44|13.3777|13.3777
45|13.3771|13.3771
46|13.3766|13.3766
47|13.3761|13.3761
48|13.3758|13.3758
49|13.3755|13.3755
50|13.3754|13.3754
51|13.3753|13.3753
52|13.3751|13.3751
53|13.3751|13.3751
54|13.375|13.375
55|13.375|13.375
56|13.3749|13.3749
57|13.3749|13.3749
58|13.3749|13.3749
59|13.3749|13.3749
60|13.3749|13.3749
61|13.3749|13.3749
62|13.3749|13.3749
63|13.3749|13.3749
64|13.3749|13.3749
65|13.3749|13.3749
66|13.3749|13.3749
67|13.3749|13.3749
68|13.3749|13.3749
69|13.3749|13.3749
70|13.3749|13.3749
71|13.3749|13.3749
72|13.3749|13.3749
73|13.3749|13.3749
74|13.3749|13.3749
75|13.3749|13.3749
76|13.3749|13.3749
77|13.3749|13.3749
78|13.3749|13.3749
79|13.3749|13.3749
80|13.3749|13.3749
81|13.3749|13.3749
82|13.3749|13.3749
83|13.3749|13.3749
84|13.3749|13.3749
85|13.3749|13.3749
86|13.3749|13.3749
87|13.3749|13.3749
88|13.3749|13.3749
89|13.3749|13.3749
90|13.3749|13.3749
91|13.3749|13.3749
92|13.3749|13.3749
93|13.3749|13.3749
94|13.3749|13.3749
95|13.3749|13.3749
96|13.3749|13.3749
97|13.3749|13.3749
98|13.3749|13.3749
99|13.3749|13.3749
100|13.3749|13.3749
101|13.3749|13.3749
102|13.3749|13.3749
103|13.3749|13.3749
104|13.3749|13.3749
105|13.3749|13.3749
106|13.3749|13.3749
107|13.3749|13.3749
108|13.3749|13.3749
109|13.3749|13.3749
110|13.3749|13.3749
111|13.3749|13.3749
112|13.3749|13.3749
113|13.3749|13.3749
114|13.3749|13.3749
115|13.3749|13.3749
116|13.3749|13.3749
117|13.3749|13.3749
118|13.3749|13.3749
119|13.3749|13.3749
120|13.3749|13.3749
121|13.3749|13.3749
122|13.3749|13.3749
123|13.3749|13.3749
124|13.3749|13.3749
125|13.3749|13.3749
126|13.3749|13.3749
127|13.3749|13.3749
128|13.3749|13.3749
129|13.3749|13.3749
130|13.3749|13.3749
131|13.3749|13.3749
132|13.3749|13.3749
133|13.3749|13.3749
134|13.3749|13.3749
135|13.3749|13.3749
136|13.3749|13.3749
137|13.3749|13.3749
138|13.3749|13.3749
139|13.3749|13.3749
140|13.3749|13.3749
141|13.3749|13.3749
142|13.3749|13.3749
143|13.3749|13.3749
144|13.3749|13.3749
145|13.3749|13.3749
146|13.3749|13.3749
147|13.3749|13.3749
148|13.3749|13.3749
149|13.3749|13.3749
150|13.3749|13.3749
151|13.3749|13.3749
152|13.3749|13.3749
153|13.3749|13.3749
154|13.3749|13.3749
155|13.3749|13.3749
156|13.3749|13.3749
157|13.3749|13.3749
158|13.3749|13.3749
159|13.3749|13.3749
160|13.3749|13.3749
161|13.3749|13.3749
162|13.3749|13.3749
163|13.3749|13.3749
164|13.3749|13.3749
165|13.3749|13.3749
166|13.3749|13.3749
167|13.3749|13.3749
168|13.3749|13.3749
169|13.3749|13.3749
170|13.3749|13.3749
171|13.3749|13.3749
172|13.3749|13.3749
173|13.3749|13.3749
174|13.3749|13.3749
175|13.3749|13.3749
176|13.3749|13.3749
177|13.3749|13.3749
178|13.3749|13.3749
179|13.3749|13.3749
180|13.3749|13.3749
181|13.3749|13.3749
182|13.3749|13.3749
183|13.3749|13.3749
184|13.3749|13.3749
185|13.3749|13.3749
186|13.3749|13.3749
187|13.3749|13.3749
188|13.3749|13.3749
189|13.3749|13.3749
190|13.3749|13.3749
191|13.3749|13.3749
192|13.3749|13.3749
193|13.3749|13.3749
194|13.3749|13.3749
195|13.3749|13.3749
196|13.3749|13.3749
197|13.3749|13.3749
198|13.3749|13.3749
199|13.3749|13.3749
200|13.3749|13.3749
201|13.3749|13.3749
202|13.3749|13.3749
203|13.3749|13.3749
204|13.3749|13.3749
205|13.3749|13.3749
206|13.3749|13.3749
EARLY STOP: TARGET FOUND
289071ms
