1|-45.0907|-45.0907
2|-410.955|-410.955
3|-747.566|-747.566
4|-950.463|-950.463
5|-1139.28|-1139.28
6|-1293.09|-1293.09
7|-1347.41|-1347.41
8|-1385.52|-1385.52
9|-1409.17|-1409.17
10|-1422.33|-1422.33
11|-1431.74|-1431.74
12|-1467.85|-1467.85
13|-1485.51|-1485.51
14|-1492.42|-1492.42
15|-1497.7|-1497.7
16|-1499.88|-1499.88
17|-1500.97|-1500.97
18|-1501.54|-1501.54
19|-1502.09|-1502.09
20|-1502.41|-1502.41
21|-1502.69|-1502.69
22|-1502.88|-1502.88
23|-1503.06|-1503.06
24|-1503.23|-1503.23
25|-1503.31|-1503.31
26|-1503.38|-1503.38
27|-1503.45|-1503.45
28|-1503.52|-1503.52
29|-1503.56|-1503.56
30|-1503.59|-1503.59
31|-1503.63|-1503.63
32|-1503.65|-1503.65
33|-1503.66|-1503.66
34|-1503.68|-1503.68
35|-1503.69|-1503.69
36|-1503.69|-1503.69
37|-1503.7|-1503.7
38|-1503.7|-1503.7
39|-1503.7|-1503.7
40|-1503.71|-1503.71
41|-1503.71|-1503.71
42|-1503.71|-1503.71
43|-1503.71|-1503.71
44|-1503.71|-1503.71
45|-1503.71|-1503.71
46|-1503.71|-1503.71
47|-1503.71|-1503.71
48|-1503.71|-1503.71
49|-1503.71|-1503.71
50|-1503.71|-1503.71
51|-1503.71|-1503.71
52|-1503.71|-1503.71
53|-1503.71|-1503.71
54|-1503.71|-1503.71
55|-1503.71|-1503.71
56|-1503.71|-1503.71
57|-1503.71|-1503.71
58|-1503.71|-1503.71
59|-1503.71|-1503.71
60|-1503.71|-1503.71
61|-1503.71|-1503.71
62|-1503.71|-1503.71
63|-1503.71|-1503.71
64|-1503.71|-1503.71
65|-1503.71|-1503.71
66|-1503.71|-1503.71
67|-1503.71|-1503.71
68|-1503.71|-1503.71
69|-1503.71|-1503.71
70|-1503.71|-1503.71
71|-1503.71|-1503.71
72|-1503.71|-1503.71
73|-1503.71|-1503.71
74|-1503.71|-1503.71
75|-1503.71|-1503.71
76|-1503.71|-1503.71
77|-1503.71|-1503.71
78|-1503.71|-1503.71
79|-1503.71|-1503.71
80|-1503.71|-1503.71
81|-1503.71|-1503.71
82|-1503.71|-1503.71
83|-1503.71|-1503.71
84|-1503.71|-1503.71
85|-1503.71|-1503.71
86|-1503.71|-1503.71
87|-1503.71|-1503.71
88|-1503.71|-1503.71
89|-1503.71|-1503.71
90|-1503.71|-1503.71
91|-1503.71|-1503.71
92|-1503.71|-1503.71
93|-1503.71|-1503.71
94|-1503.71|-1503.71
95|-1503.71|-1503.71
96|-1503.71|-1503.71
97|-1503.71|-1503.71
98|-1503.71|-1503.71
99|-1503.71|-1503.71
100|-1503.71|-1503.71
101|-1503.71|-1503.71
102|-1503.71|-1503.71
103|-1503.71|-1503.71
104|-1503.71|-1503.71
105|-1503.71|-1503.71
106|-1503.71|-1503.71
107|-1503.71|-1503.71
108|-1503.71|-1503.71
109|-1503.71|-1503.71
110|-1503.71|-1503.71
111|-1503.71|-1503.71
112|-1503.71|-1503.71
113|-1503.71|-1503.71
114|-1503.71|-1503.71
115|-1503.71|-1503.71
116|-1503.71|-1503.71
117|-1503.71|-1503.71
118|-1503.71|-1503.71
119|-1503.71|-1503.71
120|-1503.71|-1503.71
121|-1503.71|-1503.71
122|-1503.71|-1503.71
123|-1503.71|-1503.71
124|-1503.71|-1503.71
125|-1503.71|-1503.71
126|-1503.71|-1503.71
127|-1503.71|-1503.71
128|-1503.71|-1503.71
129|-1503.71|-1503.71
130|-1503.71|-1503.71
131|-1503.71|-1503.71
132|-1503.71|-1503.71
133|-1503.71|-1503.71
134|-1503.71|-1503.71
135|-1503.71|-1503.71
136|-1503.71|-1503.71
137|-1503.71|-1503.71
138|-1503.71|-1503.71
139|-1503.71|-1503.71
140|-1503.71|-1503.71
141|-1503.71|-1503.71
142|-1503.71|-1503.71
143|-1503.71|-1503.71
144|-1503.71|-1503.71
145|-1503.71|-1503.71
146|-1503.71|-1503.71
147|-1503.71|-1503.71
148|-1503.71|-1503.71
149|-1503.71|-1503.71
150|-1503.71|-1503.71
151|-1503.71|-1503.71
152|-1503.71|-1503.71
153|-1503.71|-1503.71
154|-1503.71|-1503.71
155|-1503.71|-1503.71
156|-1503.71|-1503.71
157|-1503.71|-1503.71
158|-1503.71|-1503.71
159|-1503.71|-1503.71
160|-1503.71|-1503.71
161|-1503.71|-1503.71
162|-1503.71|-1503.71
163|-1503.71|-1503.71
164|-1503.71|-1503.71
165|-1503.71|-1503.71
166|-1503.71|-1503.71
167|-1503.71|-1503.71
168|-1503.71|-1503.71
169|-1503.71|-1503.71
170|-1503.71|-1503.71
171|-1503.71|-1503.71
172|-1503.71|-1503.71
173|-1503.71|-1503.71
174|-1503.71|-1503.71
175|-1503.71|-1503.71
176|-1503.71|-1503.71
177|-1503.71|-1503.71
178|-1503.71|-1503.71
179|-1503.71|-1503.71
180|-1503.71|-1503.71
181|-1503.71|-1503.71
182|-1503.71|-1503.71
183|-1503.71|-1503.71
184|-1503.71|-1503.71
185|-1503.71|-1503.71
186|-1503.71|-1503.71
187|-1503.71|-1503.71
188|-1503.71|-1503.71
189|-1503.71|-1503.71
190|-1503.71|-1503.71
191|-1503.71|-1503.71
192|-1503.71|-1503.71
193|-1503.71|-1503.71
194|-1503.71|-1503.71
195|-1503.71|-1503.71
196|-1503.71|-1503.71
197|-1503.71|-1503.71
198|-1503.71|-1503.71
EARLY STOP: TARGET FOUND
110807ms
