1|56.0896|56.0896
2|40.7025|40.7025
3|27.9295|27.9295
4|20.8436|20.8436
5|14.2371|14.2371
6|10.4059|10.4059
7|7.70367|7.70367
8|5.42368|5.42368
9|4.27844|4.27844
10|3.33461|3.33461
11|2.41549|2.41549
12|1.72869|1.72869
13|1.28359|1.28359
14|1.01817|1.01817
15|0.754841|0.754841
16|0.590131|0.590131
17|0.426572|0.426572
18|0.274212|0.274212
19|0.218301|0.218301
20|0.163437|0.163437
21|0.108838|0.108838
22|0.0651367|0.0651367
23|0.0549015|0.0549015
24|0.0457241|0.0457241
25|0.0368343|0.0368343
26|0.0280788|0.0280788
27|0.0198467|0.0198467
28|0.0117475|0.0117475
29|0.00710258|0.00710258
EARLY STOP: TARGET FOUND
40527ms
