1|52.6889|52.6889
2|38.9573|38.9573
3|27.5453|27.5453
4|18.4567|18.4567
5|14.4515|14.4515
6|10.5634|10.5634
7|7.57151|7.57151
8|6.38318|6.38318
9|5.23243|5.23243
10|4.22775|4.22775
11|3.42275|3.42275
12|2.64896|2.64896
13|1.9337|1.9337
14|1.64674|1.64674
15|1.37856|1.37856
16|1.1426|1.1426
17|0.923325|0.923325
18|0.708853|0.708853
19|0.513712|0.513712
20|0.440463|0.440463
21|0.37378|0.37378
22|0.308331|0.308331
23|0.251045|0.251045
24|0.200231|0.200231
25|0.159052|0.159052
26|0.126212|0.126212
27|0.0957764|0.0957764
28|0.0783522|0.0783522
29|0.061567|0.061567
30|0.0474255|0.0474255
31|0.0339013|0.0339013
32|0.0244583|0.0244583
33|0.0197548|0.0197548
34|0.0158427|0.0158427
35|0.0122501|0.0122501
36|0.00995516|0.00995516
EARLY STOP: TARGET FOUND
50764ms
