1|-466.486|-466.486
2|-832.705|-832.705
3|-980.133|-980.133
4|-1105.51|-1105.51
5|-1214.84|-1214.84
6|-1287.47|-1287.47
7|-1330.53|-1330.53
8|-1354.84|-1354.84
9|-1372.45|-1372.45
10|-1381.25|-1381.25
11|-1385.62|-1385.62
12|-1386.71|-1386.71
13|-1387.46|-1387.46
14|-1388.01|-1388.01
15|-1388.55|-1388.55
16|-1388.82|-1388.82
17|-1389.1|-1389.1
18|-1389.27|-1389.27
19|-1389.43|-1389.43
20|-1389.47|-1389.47
21|-1389.5|-1389.5
22|-1389.53|-1389.53
23|-1389.54|-1389.54
24|-1389.56|-1389.56
25|-1389.57|-1389.57
26|-1389.57|-1389.57
27|-1389.58|-1389.58
28|-1389.59|-1389.59
29|-1389.59|-1389.59
30|-1389.59|-1389.59
31|-1389.59|-1389.59
32|-1389.59|-1389.59
33|-1389.59|-1389.59
34|-1389.59|-1389.59
35|-1389.59|-1389.59
36|-1389.59|-1389.59
37|-1389.59|-1389.59
38|-1389.59|-1389.59
39|-1389.59|-1389.59
40|-1389.59|-1389.59
41|-1389.59|-1389.59
42|-1389.59|-1389.59
43|-1389.59|-1389.59
44|-1389.59|-1389.59
45|-1389.59|-1389.59
46|-1389.59|-1389.59
47|-1389.59|-1389.59
48|-1389.59|-1389.59
49|-1389.59|-1389.59
50|-1389.59|-1389.59
51|-1389.59|-1389.59
52|-1389.59|-1389.59
53|-1389.59|-1389.59
54|-1389.59|-1389.59
55|-1389.59|-1389.59
56|-1389.59|-1389.59
57|-1389.59|-1389.59
58|-1389.59|-1389.59
59|-1389.59|-1389.59
60|-1389.59|-1389.59
61|-1389.59|-1389.59
62|-1389.59|-1389.59
63|-1389.59|-1389.59
64|-1389.59|-1389.59
65|-1389.59|-1389.59
66|-1389.59|-1389.59
67|-1389.59|-1389.59
68|-1389.59|-1389.59
69|-1389.59|-1389.59
70|-1389.59|-1389.59
71|-1389.59|-1389.59
72|-1389.59|-1389.59
73|-1389.59|-1389.59
74|-1389.59|-1389.59
75|-1389.59|-1389.59
76|-1389.59|-1389.59
77|-1389.59|-1389.59
78|-1389.59|-1389.59
79|-1389.59|-1389.59
80|-1389.59|-1389.59
81|-1389.59|-1389.59
82|-1389.59|-1389.59
83|-1389.59|-1389.59
84|-1389.59|-1389.59
85|-1389.59|-1389.59
86|-1389.59|-1389.59
87|-1389.59|-1389.59
88|-1389.59|-1389.59
89|-1389.59|-1389.59
90|-1389.59|-1389.59
91|-1389.59|-1389.59
92|-1389.59|-1389.59
93|-1389.59|-1389.59
94|-1389.59|-1389.59
95|-1389.59|-1389.59
96|-1389.59|-1389.59
97|-1389.59|-1389.59
98|-1389.59|-1389.59
99|-1389.59|-1389.59
100|-1389.59|-1389.59
101|-1389.59|-1389.59
102|-1389.59|-1389.59
103|-1389.59|-1389.59
104|-1389.59|-1389.59
105|-1389.59|-1389.59
106|-1389.59|-1389.59
107|-1389.59|-1389.59
108|-1389.59|-1389.59
109|-1389.59|-1389.59
110|-1389.59|-1389.59
111|-1389.59|-1389.59
112|-1389.59|-1389.59
113|-1389.59|-1389.59
114|-1389.59|-1389.59
115|-1389.59|-1389.59
116|-1389.59|-1389.59
117|-1389.59|-1389.59
118|-1389.59|-1389.59
119|-1389.59|-1389.59
120|-1389.59|-1389.59
121|-1389.59|-1389.59
122|-1389.59|-1389.59
123|-1389.59|-1389.59
124|-1389.59|-1389.59
125|-1389.59|-1389.59
126|-1389.59|-1389.59
127|-1389.59|-1389.59
128|-1389.59|-1389.59
129|-1389.59|-1389.59
130|-1389.59|-1389.59
131|-1389.59|-1389.59
132|-1389.59|-1389.59
133|-1389.59|-1389.59
134|-1389.59|-1389.59
135|-1389.59|-1389.59
136|-1389.59|-1389.59
137|-1389.59|-1389.59
138|-1389.59|-1389.59
139|-1389.59|-1389.59
140|-1389.59|-1389.59
141|-1389.59|-1389.59
142|-1389.59|-1389.59
143|-1389.59|-1389.59
144|-1389.59|-1389.59
145|-1389.59|-1389.59
146|-1389.59|-1389.59
147|-1389.59|-1389.59
148|-1389.59|-1389.59
149|-1389.59|-1389.59
150|-1389.59|-1389.59
151|-1389.59|-1389.59
152|-1389.59|-1389.59
153|-1389.59|-1389.59
154|-1389.59|-1389.59
155|-1389.59|-1389.59
156|-1389.59|-1389.59
157|-1389.59|-1389.59
158|-1389.59|-1389.59
159|-1389.59|-1389.59
160|-1389.59|-1389.59
161|-1389.59|-1389.59
162|-1389.59|-1389.59
163|-1389.59|-1389.59
164|-1389.59|-1389.59
165|-1389.59|-1389.59
166|-1389.59|-1389.59
167|-1389.59|-1389.59
168|-1389.59|-1389.59
169|-1389.59|-1389.59
170|-1389.59|-1389.59
171|-1389.59|-1389.59
172|-1389.59|-1389.59
173|-1389.59|-1389.59
174|-1389.59|-1389.59
175|-1389.59|-1389.59
176|-1389.59|-1389.59
177|-1389.59|-1389.59
178|-1389.59|-1389.59
179|-1389.59|-1389.59
180|-1389.59|-1389.59
181|-1389.59|-1389.59
182|-1389.59|-1389.59
183|-1389.59|-1389.59
184|-1389.59|-1389.59
185|-1389.59|-1389.59
186|-1389.59|-1389.59
EARLY STOP: TARGET FOUND
103253ms
