1|-0.906032|-0.906032
2|-1.66197|-1.66197
3|-2.07068|-2.07068
4|-2.40243|-2.40243
5|-2.59611|-2.59611
6|-2.64112|-2.64112
7|-2.6736|-2.6736
8|-2.67778|-2.67778
9|-2.67954|-2.67954
10|-2.81623|-2.81623
11|-3.37454|-3.37454
12|-3.4746|-3.4746
13|-3.47877|-3.47877
14|-3.48045|-3.48045
15|-3.48142|-3.48142
16|-3.48226|-3.48226
17|-3.4829|-3.4829
18|-3.54185|-3.54185
19|-4.23709|-4.23709
20|-4.42823|-4.42823
21|-4.43665|-4.43665
22|-4.43694|-4.43694
23|-4.43714|-4.43714
24|-4.43734|-4.43734
25|-4.43738|-4.43738
26|-4.43741|-4.43741
27|-4.43744|-4.43744
28|-4.43745|-4.43745
29|-4.43745|-4.43745
30|-4.43745|-4.43745
31|-4.43745|-4.43745
32|-4.43745|-4.43745
33|-4.43745|-4.43745
34|-4.43745|-4.43745
35|-4.43745|-4.43745
36|-4.43745|-4.43745
37|-4.43745|-4.43745
38|-4.43745|-4.43745
39|-4.43745|-4.43745
40|-4.43745|-4.43745
41|-4.43745|-4.43745
42|-4.43745|-4.43745
43|-4.43745|-4.43745
44|-4.43745|-4.43745
45|-4.43745|-4.43745
46|-4.43745|-4.43745
47|-4.43745|-4.43745
48|-4.43745|-4.43745
49|-4.43745|-4.43745
50|-4.43745|-4.43745
51|-4.43745|-4.43745
52|-4.43745|-4.43745
53|-4.43745|-4.43745
54|-4.43745|-4.43745
55|-4.43745|-4.43745
56|-4.43745|-4.43745
57|-4.43745|-4.43745
58|-4.43745|-4.43745
59|-4.43745|-4.43745
60|-4.43745|-4.43745
61|-4.43745|-4.43745
62|-4.43745|-4.43745
63|-4.43745|-4.43745
64|-4.43745|-4.43745
65|-4.43745|-4.43745
66|-4.43745|-4.43745
67|-4.43745|-4.43745
68|-4.43745|-4.43745
69|-4.43745|-4.43745
70|-4.43745|-4.43745
71|-4.43745|-4.43745
72|-4.43745|-4.43745
73|-4.43745|-4.43745
74|-4.43745|-4.43745
75|-4.43745|-4.43745
76|-4.43745|-4.43745
77|-4.43745|-4.43745
78|-4.43745|-4.43745
79|-4.43745|-4.43745
80|-4.43745|-4.43745
81|-4.43745|-4.43745
82|-4.43745|-4.43745
83|-4.43745|-4.43745
84|-4.43745|-4.43745
85|-4.43745|-4.43745
86|-4.43745|-4.43745
87|-4.43745|-4.43745
88|-4.43745|-4.43745
89|-4.43745|-4.43745
90|-4.43745|-4.43745
91|-4.43745|-4.43745
92|-4.43745|-4.43745
93|-4.43745|-4.43745
94|-4.43745|-4.43745
95|-4.43745|-4.43745
96|-4.43745|-4.43745
97|-4.43745|-4.43745
98|-4.43745|-4.43745
99|-4.43745|-4.43745
100|-4.43745|-4.43745
101|-4.43745|-4.43745
102|-4.43745|-4.43745
103|-4.43745|-4.43745
104|-4.43745|-4.43745
105|-4.43745|-4.43745
106|-4.43745|-4.43745
107|-4.43745|-4.43745
108|-4.43745|-4.43745
109|-4.43745|-4.43745
110|-4.43745|-4.43745
111|-4.43745|-4.43745
112|-4.43745|-4.43745
113|-4.43745|-4.43745
114|-4.43745|-4.43745
115|-4.43745|-4.43745
116|-4.43745|-4.43745
117|-4.43745|-4.43745
118|-4.43745|-4.43745
119|-4.43745|-4.43745
120|-4.43745|-4.43745
121|-4.43745|-4.43745
122|-4.43745|-4.43745
123|-4.43745|-4.43745
124|-4.43745|-4.43745
125|-4.43745|-4.43745
126|-4.43745|-4.43745
127|-4.43745|-4.43745
128|-4.43745|-4.43745
129|-4.43745|-4.43745
130|-4.43745|-4.43745
131|-4.43745|-4.43745
132|-4.43745|-4.43745
133|-4.43745|-4.43745
134|-4.43745|-4.43745
135|-4.43745|-4.43745
136|-4.43745|-4.43745
137|-4.43745|-4.43745
138|-4.43745|-4.43745
139|-4.43745|-4.43745
140|-4.43745|-4.43745
141|-4.43745|-4.43745
142|-4.43745|-4.43745
143|-4.43745|-4.43745
144|-4.43745|-4.43745
145|-4.43745|-4.43745
146|-4.43745|-4.43745
147|-4.43745|-4.43745
148|-4.43745|-4.43745
149|-4.43745|-4.43745
150|-4.43745|-4.43745
151|-4.43745|-4.43745
152|-4.43745|-4.43745
153|-4.43745|-4.43745
154|-4.43745|-4.43745
155|-4.43745|-4.43745
156|-4.43745|-4.43745
157|-4.43745|-4.43745
158|-4.43745|-4.43745
159|-4.43745|-4.43745
160|-4.43745|-4.43745
161|-4.43745|-4.43745
162|-4.43745|-4.43745
163|-4.43745|-4.43745
164|-4.43745|-4.43745
165|-4.43745|-4.43745
166|-4.43745|-4.43745
167|-4.43745|-4.43745
168|-4.43745|-4.43745
169|-4.43745|-4.43745
170|-4.43745|-4.43745
171|-4.43745|-4.43745
172|-4.43745|-4.43745
173|-4.43745|-4.43745
174|-4.43745|-4.43745
175|-4.43745|-4.43745
176|-4.43745|-4.43745
177|-4.43745|-4.43745
178|-4.43745|-4.43745
179|-4.43745|-4.43745
180|-4.43745|-4.43745
EARLY STOP: TARGET FOUND
70480ms
