1|-2.84647|-2.84647
2|-3.75826|-3.75826
3|-4.63779|-4.63779
4|-5.49649|-5.49649
5|-6.3508|-6.3508
6|-7.09481|-7.09481
7|-7.77495|-7.77495
8|-8.44615|-8.44615
9|-9.07263|-9.07263
10|-9.66915|-9.66915
11|-10.1804|-10.1804
12|-10.6677|-10.6677
13|-11.1323|-11.1323
14|-11.5339|-11.5339
15|-11.9575|-11.9575
16|-12.3566|-12.3566
17|-12.7233|-12.7233
18|-13.349|-13.349
19|-13.7154|-13.7154
20|-13.9493|-13.9493
21|-14.1611|-14.1611
22|-14.3639|-14.3639
23|-14.5534|-14.5534
24|-14.7409|-14.7409
25|-14.912|-14.912
26|-15.0815|-15.0815
27|-15.4471|-15.4471
28|-15.738|-15.738
29|-15.9052|-15.9052
30|-16.0613|-16.0613
31|-16.2102|-16.2102
32|-16.7333|-16.7333
33|-16.9886|-16.9886
34|-17.1169|-17.1169
35|-17.3161|-17.3161
36|-17.4402|-17.4402
37|-17.5488|-17.5488
38|-17.6313|-17.6313
39|-17.7065|-17.7065
40|-17.7799|-17.7799
41|-18.3068|-18.3068
42|-18.391|-18.391
43|-18.457|-18.457
44|-18.5065|-18.5065
45|-18.5477|-18.5477
46|-18.5858|-18.5858
47|-18.6216|-18.6216
48|-18.6563|-18.6563
49|-18.6868|-18.6868
50|-18.7143|-18.7143
51|-18.7364|-18.7364
52|-18.757|-18.757
53|-18.7748|-18.7748
54|-18.7908|-18.7908
55|-18.8068|-18.8068
56|-18.8214|-18.8214
57|-18.9425|-18.9425
58|-18.957|-18.957
59|-19.174|-19.174
60|-19.5667|-19.5667
61|-19.581|-19.581
62|-19.5946|-19.5946
63|-19.6083|-19.6083
64|-19.6189|-19.6189
65|-19.6288|-19.6288
66|-19.6387|-19.6387
67|-19.6477|-19.6477
68|-19.6566|-19.6566
69|-19.6652|-19.6652
70|-19.7062|-19.7062
71|-20.4052|-20.4052
72|-20.6464|-20.6464
73|-20.6541|-20.6541
74|-20.6617|-20.6617
75|-21.2388|-21.2388
76|-21.3806|-21.3806
77|-21.4414|-21.4414
78|-21.455|-21.455
79|-21.4623|-21.4623
80|-21.4695|-21.4695
81|-21.4763|-21.4763
82|-21.483|-21.483
83|-21.4895|-21.4895
84|-21.871|-21.871
85|-21.8797|-21.8797
86|-21.8846|-21.8846
87|-21.8893|-21.8893
88|-22.7259|-22.7259
89|-22.7802|-22.7802
90|-22.7848|-22.7848
91|-22.7893|-22.7893
92|-22.7933|-22.7933
93|-22.7973|-22.7973
94|-22.8008|-22.8008
95|-22.804|-22.804
96|-22.8072|-22.8072
97|-22.8104|-22.8104
98|-22.8134|-22.8134
99|-22.8159|-22.8159
100|-22.8183|-22.8183
101|-22.8206|-22.8206
102|-22.8224|-22.8224
103|-22.8241|-22.8241
104|-22.8258|-22.8258
105|-22.8275|-22.8275
106|-22.8291|-22.8291
107|-22.8307|-22.8307
108|-22.8323|-22.8323
109|-22.8338|-22.8338
110|-22.8353|-22.8353
111|-22.8367|-22.8367
112|-22.838|-22.838
113|-22.8393|-22.8393
114|-22.8406|-22.8406
115|-22.8418|-22.8418
116|-22.8431|-22.8431
117|-22.8442|-22.8442
118|-22.8453|-22.8453
119|-22.8463|-22.8463
120|-22.847|-22.847
121|-22.8478|-22.8478
122|-22.8484|-22.8484
123|-22.849|-22.849
124|-22.8497|-22.8497
125|-22.8502|-22.8502
126|-22.8506|-22.8506
127|-22.851|-22.851
128|-22.8515|-22.8515
129|-22.8518|-22.8518
130|-22.8522|-22.8522
131|-22.8526|-22.8526
132|-22.853|-22.853
133|-22.8533|-22.8533
134|-22.8537|-22.8537
135|-22.854|-22.854
136|-22.8543|-22.8543
137|-22.8546|-22.8546
138|-22.8549|-22.8549
139|-23.2524|-23.2524
140|-23.5932|-23.5932
141|-23.6505|-23.6505
142|-23.6508|-23.6508
143|-23.6511|-23.6511
144|-23.6513|-23.6513
145|-23.6516|-23.6516
146|-23.6519|-23.6519
147|-23.6521|-23.6521
148|-23.6523|-23.6523
149|-23.6525|-23.6525
150|-23.6527|-23.6527
151|-23.6529|-23.6529
152|-23.6531|-23.6531
153|-23.6532|-23.6532
154|-23.6534|-23.6534
155|-23.6535|-23.6535
156|-23.6536|-23.6536
157|-23.6537|-23.6537
158|-23.6538|-23.6538
159|-23.6539|-23.6539
160|-23.654|-23.654
161|-23.6541|-23.6541
162|-23.6542|-23.6542
163|-23.6543|-23.6543
164|-23.6544|-23.6544
165|-23.6544|-23.6544
166|-23.6545|-23.6545
167|-23.6545|-23.6545
168|-23.6546|-23.6546
169|-23.6546|-23.6546
170|-23.6546|-23.6546
171|-23.6547|-23.6547
172|-23.6547|-23.6547
173|-23.6547|-23.6547
174|-23.6547|-23.6547
175|-23.6548|-23.6548
176|-23.6548|-23.6548
177|-23.6548|-23.6548
178|-23.6548|-23.6548
179|-23.6548|-23.6548
180|-23.6548|-23.6548
181|-23.6549|-23.6549
182|-23.6549|-23.6549
183|-23.6549|-23.6549
184|-23.6549|-23.6549
185|-23.6549|-23.6549
186|-23.6549|-23.6549
187|-23.6549|-23.6549
188|-23.6549|-23.6549
189|-23.6549|-23.6549
190|-23.6549|-23.6549
191|-23.6549|-23.6549
192|-23.6549|-23.6549
193|-23.6549|-23.6549
194|-23.6549|-23.6549
195|-23.6549|-23.6549
196|-23.6549|-23.6549
197|-23.6549|-23.6549
198|-23.6549|-23.6549
199|-23.6549|-23.6549
200|-23.6549|-23.6549
201|-23.6549|-23.6549
202|-23.6549|-23.6549
203|-23.6549|-23.6549
204|-23.6549|-23.6549
205|-23.6549|-23.6549
206|-23.6549|-23.6549
207|-23.6549|-23.6549
208|-23.6549|-23.6549
209|-23.6549|-23.6549
210|-23.6549|-23.6549
211|-23.6549|-23.6549
212|-23.6549|-23.6549
213|-23.6549|-23.6549
214|-23.6549|-23.6549
215|-23.6549|-23.6549
216|-23.6549|-23.6549
217|-23.6549|-23.6549
218|-23.6549|-23.6549
219|-23.6549|-23.6549
220|-23.6549|-23.6549
221|-23.6549|-23.6549
222|-23.6549|-23.6549
223|-23.6549|-23.6549
224|-23.6549|-23.6549
225|-23.6549|-23.6549
226|-23.6549|-23.6549
227|-23.6549|-23.6549
228|-23.6549|-23.6549
229|-23.6549|-23.6549
230|-23.6549|-23.6549
231|-23.6549|-23.6549
232|-23.6549|-23.6549
233|-23.6549|-23.6549
234|-23.6549|-23.6549
235|-23.6549|-23.6549
236|-23.6549|-23.6549
237|-23.6549|-23.6549
238|-23.6549|-23.6549
239|-23.6549|-23.6549
240|-23.6549|-23.6549
241|-23.6549|-23.6549
242|-23.6549|-23.6549
243|-23.6549|-23.6549
244|-23.6549|-23.6549
245|-23.6549|-23.6549
246|-23.6549|-23.6549
247|-23.6549|-23.6549
248|-23.6549|-23.6549
249|-23.6549|-23.6549
250|-23.6549|-23.6549
251|-23.6549|-23.6549
252|-23.6549|-23.6549
253|-23.6549|-23.6549
254|-23.6549|-23.6549
255|-23.6549|-23.6549
256|-23.6549|-23.6549
257|-23.6549|-23.6549
258|-23.6549|-23.6549
259|-23.6549|-23.6549
260|-23.6549|-23.6549
261|-23.6549|-23.6549
262|-23.6549|-23.6549
263|-23.6549|-23.6549
264|-23.6549|-23.6549
265|-23.6549|-23.6549
266|-23.6549|-23.6549
267|-23.6549|-23.6549
268|-23.6549|-23.6549
269|-23.6549|-23.6549
270|-23.6549|-23.6549
271|-23.6549|-23.6549
272|-23.6549|-23.6549
273|-23.6549|-23.6549
274|-23.6549|-23.6549
275|-23.6549|-23.6549
276|-23.6549|-23.6549
277|-23.6549|-23.6549
278|-23.6549|-23.6549
279|-23.6549|-23.6549
280|-23.6549|-23.6549
281|-23.6549|-23.6549
282|-23.6549|-23.6549
283|-23.6549|-23.6549
284|-23.6549|-23.6549
285|-23.6549|-23.6549
286|-23.6549|-23.6549
287|-23.6549|-23.6549
288|-23.6549|-23.6549
289|-23.6549|-23.6549
290|-23.6549|-23.6549
291|-23.6549|-23.6549
292|-23.6549|-23.6549
293|-23.6549|-23.6549
294|-23.6549|-23.6549
295|-23.6549|-23.6549
296|-23.6549|-23.6549
297|-23.6549|-23.6549
298|-23.6549|-23.6549
299|-23.6549|-23.6549
300|-23.6549|-23.6549
301|-23.6549|-23.6549
302|-23.6549|-23.6549
303|-23.6549|-23.6549
304|-23.6549|-23.6549
305|-23.6549|-23.6549
306|-23.6549|-23.6549
307|-23.6549|-23.6549
308|-23.6549|-23.6549
309|-23.6549|-23.6549
310|-23.6549|-23.6549
311|-23.6549|-23.6549
312|-23.6549|-23.6549
313|-23.6549|-23.6549
314|-23.6549|-23.6549
315|-23.6549|-23.6549
316|-23.6549|-23.6549
317|-23.6549|-23.6549
318|-23.6549|-23.6549
319|-23.6549|-23.6549
320|-23.6549|-23.6549
321|-23.6549|-23.6549
322|-23.6549|-23.6549
323|-23.6549|-23.6549
324|-23.6549|-23.6549
325|-23.6549|-23.6549
326|-23.6549|-23.6549
327|-23.6549|-23.6549
328|-23.6549|-23.6549
329|-23.6549|-23.6549
330|-23.6549|-23.6549
331|-23.6549|-23.6549
332|-23.6549|-23.6549
333|-23.6549|-23.6549
334|-23.6549|-23.6549
335|-23.6549|-23.6549
336|-23.6549|-23.6549
337|-23.6549|-23.6549
338|-23.6549|-23.6549
339|-23.6549|-23.6549
340|-23.6549|-23.6549
EARLY STOP: TARGET FOUND
3942944ms
