1|-1.83495|-1.83495
2|-2.68486|-2.68486
3|-3.37375|-3.37375
4|-3.95975|-3.95975
5|-4.27045|-4.27045
6|-4.57274|-4.57274
7|-4.74525|-4.74525
8|-4.91487|-4.91487
9|-5.34533|-5.34533
10|-5.47294|-5.47294
11|-5.58101|-5.58101
12|-5.67025|-5.67025
13|-5.75233|-5.75233
14|-5.82222|-5.82222
15|-6.54515|-6.54515
16|-6.58844|-6.58844
17|-6.98059|-6.98059
18|-7.00918|-7.00918
19|-7.03488|-7.03488
20|-7.05871|-7.05871
21|-7.35878|-7.35878
22|-7.75591|-7.75591
23|-7.96868|-7.96868
24|-7.98944|-7.98944
25|-8.00902|-8.00902
26|-8.02748|-8.02748
27|-8.04509|-8.04509
28|-8.0542|-8.0542
29|-8.06268|-8.06268
30|-8.07041|-8.07041
31|-8.07708|-8.07708
32|-8.08092|-8.08092
33|-8.08399|-8.08399
34|-8.08686|-8.08686
35|-8.08912|-8.08912
36|-8.09086|-8.09086
37|-8.0923|-8.0923
38|-8.09366|-8.09366
39|-8.0948|-8.0948
40|-8.09575|-8.09575
41|-8.09665|-8.09665
42|-8.09721|-8.09721
43|-8.09759|-8.09759
44|-8.09787|-8.09787
45|-8.09811|-8.09811
46|-8.09835|-8.09835
47|-8.09857|-8.09857
48|-8.09878|-8.09878
49|-8.09896|-8.09896
50|-8.09908|-8.09908
51|-8.09918|-8.09918
52|-8.09928|-8.09928
53|-8.09936|-8.09936
54|-8.0994|-8.0994
55|-8.09944|-8.09944
56|-8.09946|-8.09946
57|-8.09949|-8.09949
58|-8.0995|-8.0995
59|-8.09952|-8.09952
60|-8.09953|-8.09953
61|-8.09954|-8.09954
62|-8.09955|-8.09955
63|-8.09955|-8.09955
64|-8.09956|-8.09956
65|-8.09956|-8.09956
66|-8.09957|-8.09957
67|-8.09957|-8.09957
68|-8.09957|-8.09957
69|-8.09957|-8.09957
70|-8.09957|-8.09957
71|-8.09958|-8.09958
72|-8.09958|-8.09958
73|-8.09958|-8.09958
74|-8.09958|-8.09958
75|-8.09958|-8.09958
76|-8.09958|-8.09958
77|-8.09958|-8.09958
78|-8.09958|-8.09958
79|-8.09958|-8.09958
80|-8.09958|-8.09958
81|-8.09958|-8.09958
82|-8.09958|-8.09958
83|-8.09958|-8.09958
84|-8.09958|-8.09958
85|-8.09958|-8.09958
86|-8.09958|-8.09958
87|-8.09958|-8.09958
88|-8.09958|-8.09958
89|-8.09958|-8.09958
90|-8.09958|-8.09958
91|-8.09958|-8.09958
92|-8.09958|-8.09958
93|-8.09958|-8.09958
94|-8.09958|-8.09958
95|-8.09958|-8.09958
96|-8.09958|-8.09958
97|-8.09958|-8.09958
98|-8.09958|-8.09958
99|-8.09958|-8.09958
100|-8.09958|-8.09958
101|-8.09958|-8.09958
102|-8.09958|-8.09958
103|-8.09958|-8.09958
104|-8.09958|-8.09958
105|-8.09958|-8.09958
106|-8.09958|-8.09958
107|-8.09958|-8.09958
108|-8.09958|-8.09958
109|-8.09958|-8.09958
110|-8.09958|-8.09958
111|-8.09958|-8.09958
112|-8.09958|-8.09958
113|-8.09958|-8.09958
114|-8.09958|-8.09958
115|-8.09958|-8.09958
116|-8.09958|-8.09958
117|-8.09958|-8.09958
118|-8.09958|-8.09958
119|-8.09958|-8.09958
120|-8.09958|-8.09958
121|-8.09958|-8.09958
122|-8.09958|-8.09958
123|-8.09958|-8.09958
124|-8.09958|-8.09958
125|-8.09958|-8.09958
126|-8.09958|-8.09958
127|-8.09958|-8.09958
128|-8.09958|-8.09958
129|-8.09958|-8.09958
130|-8.09958|-8.09958
131|-8.09958|-8.09958
132|-8.09958|-8.09958
133|-8.09958|-8.09958
134|-8.09958|-8.09958
135|-8.09958|-8.09958
136|-8.09958|-8.09958
137|-8.09958|-8.09958
138|-8.09958|-8.09958
139|-8.09958|-8.09958
140|-8.09958|-8.09958
141|-8.09958|-8.09958
142|-8.09958|-8.09958
143|-8.09958|-8.09958
144|-8.09958|-8.09958
145|-8.09958|-8.09958
146|-8.09958|-8.09958
147|-8.09958|-8.09958
148|-8.09958|-8.09958
149|-8.09958|-8.09958
150|-8.09958|-8.09958
151|-8.09958|-8.09958
152|-8.09958|-8.09958
153|-8.09958|-8.09958
154|-8.09958|-8.09958
155|-8.09958|-8.09958
156|-8.09958|-8.09958
157|-8.09958|-8.09958
158|-8.09958|-8.09958
159|-8.09958|-8.09958
160|-8.09958|-8.09958
161|-8.09958|-8.09958
162|-8.09958|-8.09958
163|-8.09958|-8.09958
164|-8.09958|-8.09958
165|-8.09958|-8.09958
166|-8.09958|-8.09958
167|-8.09958|-8.09958
168|-8.09958|-8.09958
169|-8.09958|-8.09958
170|-8.09958|-8.09958
171|-8.09958|-8.09958
172|-8.09958|-8.09958
173|-8.09958|-8.09958
174|-8.09958|-8.09958
175|-8.09958|-8.09958
176|-8.09958|-8.09958
177|-8.09958|-8.09958
178|-8.09958|-8.09958
179|-8.09958|-8.09958
180|-8.09958|-8.09958
181|-8.09958|-8.09958
182|-8.09958|-8.09958
183|-8.09958|-8.09958
184|-8.09958|-8.09958
185|-8.09958|-8.09958
186|-8.09958|-8.09958
187|-8.09958|-8.09958
188|-8.09958|-8.09958
189|-8.09958|-8.09958
190|-8.09958|-8.09958
191|-8.09958|-8.09958
192|-8.09958|-8.09958
193|-8.09958|-8.09958
194|-8.09958|-8.09958
195|-8.09958|-8.09958
196|-8.09958|-8.09958
197|-8.09958|-8.09958
198|-8.09958|-8.09958
199|-8.09958|-8.09958
200|-8.09958|-8.09958
201|-8.09958|-8.09958
202|-8.09958|-8.09958
203|-8.09958|-8.09958
204|-8.09958|-8.09958
205|-8.09958|-8.09958
206|-8.09958|-8.09958
207|-8.09958|-8.09958
208|-8.09958|-8.09958
209|-8.09958|-8.09958
210|-8.09958|-8.09958
211|-8.09958|-8.09958
212|-8.09958|-8.09958
213|-8.09958|-8.09958
214|-8.09958|-8.09958
215|-8.09958|-8.09958
216|-8.09958|-8.09958
217|-8.09958|-8.09958
218|-8.09958|-8.09958
219|-8.09958|-8.09958
220|-8.09958|-8.09958
221|-8.09958|-8.09958
EARLY STOP: TARGET FOUND
325267ms
