1|-421.018|-421.018
2|-579.651|-579.651
3|-711.966|-711.966
4|-864.475|-864.475
5|-957.876|-957.876
6|-1035|-1035
7|-1101.33|-1101.33
8|-1187.58|-1187.58
9|-1226.73|-1226.73
10|-1247.98|-1247.98
11|-1268.22|-1268.22
12|-1278.76|-1278.76
13|-1314.84|-1314.84
14|-1332.47|-1332.47
15|-1337.75|-1337.75
16|-1339.93|-1339.93
17|-1341.61|-1341.61
18|-1342.93|-1342.93
19|-1343.68|-1343.68
20|-1344.34|-1344.34
21|-1344.89|-1344.89
22|-1345.24|-1345.24
23|-1345.57|-1345.57
24|-1345.9|-1345.9
25|-1346.06|-1346.06
26|-1346.2|-1346.2
27|-1346.34|-1346.34
28|-1346.47|-1346.47
29|-1346.53|-1346.53
30|-1346.56|-1346.56
31|-1346.58|-1346.58
32|-1346.6|-1346.6
33|-1346.61|-1346.61
34|-1346.61|-1346.61
35|-1346.61|-1346.61
36|-1346.62|-1346.62
37|-1346.62|-1346.62
38|-1346.62|-1346.62
39|-1346.63|-1346.63
40|-1346.63|-1346.63
41|-1346.63|-1346.63
42|-1346.63|-1346.63
43|-1346.63|-1346.63
44|-1346.63|-1346.63
45|-1346.63|-1346.63
46|-1346.63|-1346.63
47|-1346.63|-1346.63
48|-1346.63|-1346.63
49|-1346.63|-1346.63
50|-1346.63|-1346.63
51|-1346.63|-1346.63
52|-1346.63|-1346.63
53|-1346.63|-1346.63
54|-1346.63|-1346.63
55|-1346.63|-1346.63
56|-1346.63|-1346.63
57|-1346.63|-1346.63
58|-1346.63|-1346.63
59|-1346.63|-1346.63
60|-1346.63|-1346.63
61|-1346.63|-1346.63
62|-1346.63|-1346.63
63|-1346.63|-1346.63
64|-1346.63|-1346.63
65|-1346.63|-1346.63
66|-1346.63|-1346.63
67|-1346.63|-1346.63
68|-1346.63|-1346.63
69|-1346.63|-1346.63
70|-1346.63|-1346.63
71|-1346.63|-1346.63
72|-1346.63|-1346.63
73|-1346.63|-1346.63
74|-1346.63|-1346.63
75|-1346.63|-1346.63
76|-1346.63|-1346.63
77|-1346.63|-1346.63
78|-1346.63|-1346.63
79|-1346.63|-1346.63
80|-1346.63|-1346.63
81|-1346.63|-1346.63
82|-1346.63|-1346.63
83|-1346.63|-1346.63
84|-1346.63|-1346.63
85|-1346.63|-1346.63
86|-1346.63|-1346.63
87|-1346.63|-1346.63
88|-1346.63|-1346.63
89|-1346.63|-1346.63
90|-1346.63|-1346.63
91|-1346.63|-1346.63
92|-1346.63|-1346.63
93|-1346.63|-1346.63
94|-1346.63|-1346.63
95|-1346.63|-1346.63
96|-1346.63|-1346.63
97|-1346.63|-1346.63
98|-1346.63|-1346.63
99|-1346.63|-1346.63
100|-1346.63|-1346.63
101|-1346.63|-1346.63
102|-1346.63|-1346.63
103|-1346.63|-1346.63
104|-1346.63|-1346.63
105|-1346.63|-1346.63
106|-1346.63|-1346.63
107|-1346.63|-1346.63
108|-1346.63|-1346.63
109|-1346.63|-1346.63
110|-1346.63|-1346.63
111|-1346.63|-1346.63
112|-1346.63|-1346.63
113|-1346.63|-1346.63
114|-1346.63|-1346.63
115|-1346.63|-1346.63
116|-1346.63|-1346.63
117|-1346.63|-1346.63
118|-1346.63|-1346.63
119|-1346.63|-1346.63
120|-1346.63|-1346.63
121|-1346.63|-1346.63
122|-1346.63|-1346.63
123|-1346.63|-1346.63
124|-1346.63|-1346.63
125|-1346.63|-1346.63
126|-1346.63|-1346.63
127|-1346.63|-1346.63
128|-1346.63|-1346.63
129|-1346.63|-1346.63
130|-1346.63|-1346.63
131|-1346.63|-1346.63
132|-1346.63|-1346.63
133|-1346.63|-1346.63
134|-1346.63|-1346.63
135|-1346.63|-1346.63
136|-1346.63|-1346.63
137|-1346.63|-1346.63
138|-1346.63|-1346.63
139|-1346.63|-1346.63
140|-1346.63|-1346.63
141|-1346.63|-1346.63
142|-1346.63|-1346.63
143|-1346.63|-1346.63
144|-1346.63|-1346.63
145|-1346.63|-1346.63
146|-1346.63|-1346.63
147|-1346.63|-1346.63
148|-1346.63|-1346.63
149|-1346.63|-1346.63
150|-1346.63|-1346.63
151|-1346.63|-1346.63
152|-1346.63|-1346.63
153|-1346.63|-1346.63
154|-1346.63|-1346.63
155|-1346.63|-1346.63
156|-1346.63|-1346.63
157|-1346.63|-1346.63
158|-1346.63|-1346.63
159|-1346.63|-1346.63
160|-1346.63|-1346.63
161|-1346.63|-1346.63
162|-1346.63|-1346.63
163|-1346.63|-1346.63
164|-1346.63|-1346.63
165|-1346.63|-1346.63
166|-1346.63|-1346.63
167|-1346.63|-1346.63
168|-1346.63|-1346.63
169|-1346.63|-1346.63
170|-1346.63|-1346.63
171|-1346.63|-1346.63
172|-1346.63|-1346.63
173|-1346.63|-1346.63
174|-1346.63|-1346.63
175|-1346.63|-1346.63
176|-1346.63|-1346.63
177|-1346.63|-1346.63
178|-1346.63|-1346.63
179|-1346.63|-1346.63
180|-1346.63|-1346.63
181|-1346.63|-1346.63
182|-1346.63|-1346.63
183|-1346.63|-1346.63
184|-1346.63|-1346.63
185|-1346.63|-1346.63
186|-1346.63|-1346.63
187|-1346.63|-1346.63
188|-1346.63|-1346.63
189|-1346.63|-1346.63
190|-1346.63|-1346.63
191|-1346.63|-1346.63
192|-1346.63|-1346.63
193|-1346.63|-1346.63
194|-1346.63|-1346.63
195|-1346.63|-1346.63
EARLY STOP: TARGET FOUND
108532ms
