1|-817.874|-817.874
2|-999.105|-999.105
3|-1203.06|-1203.06
4|-1349.4|-1349.4
5|-1466.61|-1466.61
6|-1578.77|-1578.77
7|-1619.29|-1619.29
8|-1639.44|-1639.44
9|-1657.04|-1657.04
10|-1665.8|-1665.8
11|-1667.87|-1667.87
12|-1669.92|-1669.92
13|-1670.93|-1670.93
14|-1671.48|-1671.48
15|-1671.98|-1671.98
16|-1672.25|-1672.25
17|-1672.5|-1672.5
18|-1672.65|-1672.65
19|-1672.79|-1672.79
20|-1672.92|-1672.92
21|-1673.04|-1673.04
22|-1673.11|-1673.11
23|-1673.17|-1673.17
24|-1673.2|-1673.2
25|-1673.22|-1673.22
26|-1673.23|-1673.23
27|-1673.23|-1673.23
28|-1673.24|-1673.24
29|-1673.24|-1673.24
30|-1673.24|-1673.24
31|-1673.24|-1673.24
32|-1673.24|-1673.24
33|-1673.24|-1673.24
34|-1673.24|-1673.24
35|-1673.25|-1673.25
36|-1673.25|-1673.25
37|-1673.25|-1673.25
38|-1673.25|-1673.25
39|-1673.25|-1673.25
40|-1673.25|-1673.25
41|-1673.25|-1673.25
42|-1673.25|-1673.25
43|-1673.25|-1673.25
44|-1673.25|-1673.25
45|-1673.25|-1673.25
46|-1673.25|-1673.25
47|-1673.25|-1673.25
48|-1673.25|-1673.25
49|-1673.25|-1673.25
50|-1673.25|-1673.25
51|-1673.25|-1673.25
52|-1673.25|-1673.25
53|-1673.25|-1673.25
54|-1673.25|-1673.25
55|-1673.25|-1673.25
56|-1673.25|-1673.25
57|-1673.25|-1673.25
58|-1673.25|-1673.25
59|-1673.25|-1673.25
60|-1673.25|-1673.25
61|-1673.25|-1673.25
62|-1673.25|-1673.25
63|-1673.25|-1673.25
64|-1673.25|-1673.25
65|-1673.25|-1673.25
66|-1673.25|-1673.25
67|-1673.25|-1673.25
68|-1673.25|-1673.25
69|-1673.25|-1673.25
70|-1673.25|-1673.25
71|-1673.25|-1673.25
72|-1673.25|-1673.25
73|-1673.25|-1673.25
74|-1673.25|-1673.25
75|-1673.25|-1673.25
76|-1673.25|-1673.25
77|-1673.25|-1673.25
78|-1673.25|-1673.25
79|-1673.25|-1673.25
80|-1673.25|-1673.25
81|-1673.25|-1673.25
82|-1673.25|-1673.25
83|-1673.25|-1673.25
84|-1673.25|-1673.25
85|-1673.25|-1673.25
86|-1673.25|-1673.25
87|-1673.25|-1673.25
88|-1673.25|-1673.25
89|-1673.25|-1673.25
90|-1673.25|-1673.25
91|-1673.25|-1673.25
92|-1673.25|-1673.25
93|-1673.25|-1673.25
94|-1673.25|-1673.25
95|-1673.25|-1673.25
96|-1673.25|-1673.25
97|-1673.25|-1673.25
98|-1673.25|-1673.25
99|-1673.25|-1673.25
100|-1673.25|-1673.25
101|-1673.25|-1673.25
102|-1673.25|-1673.25
103|-1673.25|-1673.25
104|-1673.25|-1673.25
105|-1673.25|-1673.25
106|-1673.25|-1673.25
107|-1673.25|-1673.25
108|-1673.25|-1673.25
109|-1673.25|-1673.25
110|-1673.25|-1673.25
111|-1673.25|-1673.25
112|-1673.25|-1673.25
113|-1673.25|-1673.25
114|-1673.25|-1673.25
115|-1673.25|-1673.25
116|-1673.25|-1673.25
117|-1673.25|-1673.25
118|-1673.25|-1673.25
119|-1673.25|-1673.25
120|-1673.25|-1673.25
121|-1673.25|-1673.25
122|-1673.25|-1673.25
123|-1673.25|-1673.25
124|-1673.25|-1673.25
125|-1673.25|-1673.25
126|-1673.25|-1673.25
127|-1673.25|-1673.25
128|-1673.25|-1673.25
129|-1673.25|-1673.25
130|-1673.25|-1673.25
131|-1673.25|-1673.25
132|-1673.25|-1673.25
133|-1673.25|-1673.25
134|-1673.25|-1673.25
135|-1673.25|-1673.25
136|-1673.25|-1673.25
137|-1673.25|-1673.25
138|-1673.25|-1673.25
139|-1673.25|-1673.25
140|-1673.25|-1673.25
141|-1673.25|-1673.25
142|-1673.25|-1673.25
143|-1673.25|-1673.25
144|-1673.25|-1673.25
145|-1673.25|-1673.25
146|-1673.25|-1673.25
147|-1673.25|-1673.25
148|-1673.25|-1673.25
149|-1673.25|-1673.25
150|-1673.25|-1673.25
151|-1673.25|-1673.25
152|-1673.25|-1673.25
153|-1673.25|-1673.25
154|-1673.25|-1673.25
155|-1673.25|-1673.25
156|-1673.25|-1673.25
157|-1673.25|-1673.25
158|-1673.25|-1673.25
159|-1673.25|-1673.25
160|-1673.25|-1673.25
161|-1673.25|-1673.25
162|-1673.25|-1673.25
163|-1673.25|-1673.25
164|-1673.25|-1673.25
165|-1673.25|-1673.25
166|-1673.25|-1673.25
167|-1673.25|-1673.25
168|-1673.25|-1673.25
169|-1673.25|-1673.25
170|-1673.25|-1673.25
171|-1673.25|-1673.25
172|-1673.25|-1673.25
173|-1673.25|-1673.25
174|-1673.25|-1673.25
175|-1673.25|-1673.25
176|-1673.25|-1673.25
177|-1673.25|-1673.25
178|-1673.25|-1673.25
179|-1673.25|-1673.25
180|-1673.25|-1673.25
181|-1673.25|-1673.25
182|-1673.25|-1673.25
183|-1673.25|-1673.25
184|-1673.25|-1673.25
185|-1673.25|-1673.25
186|-1673.25|-1673.25
187|-1673.25|-1673.25
188|-1673.25|-1673.25
189|-1673.25|-1673.25
EARLY STOP: TARGET FOUND
105274ms
