1|78.1957|78.1957
2|59.8435|59.8435
3|48.3158|48.3158
4|36.943|36.943
5|26.0441|26.0441
6|15.9016|15.9016
7|11.027|11.027
8|6.6518|6.6518
9|5.44332|5.44332
10|4.48451|4.48451
11|3.65059|3.65059
12|2.85538|2.85538
13|2.17867|2.17867
14|1.60549|1.60549
15|1.11786|1.11786
16|0.820819|0.820819
17|0.603759|0.603759
18|0.431555|0.431555
19|0.321796|0.321796
20|0.250075|0.250075
21|0.179274|0.179274
22|0.138097|0.138097
23|0.106367|0.106367
24|0.0884711|0.0884711
25|0.071811|0.071811
26|0.0556102|0.0556102
27|0.0415625|0.0415625
28|0.0305117|0.0305117
29|0.0228077|0.0228077
30|0.0186597|0.0186597
31|0.0151296|0.0151296
32|0.0118292|0.0118292
33|0.00855225|0.00855225
EARLY STOP: TARGET FOUND
46001ms
