1|-1503.62|-1503.62
2|-1757.26|-1757.26
3|-1962.3|-1962.3
4|-2237.64|-2237.64
5|-2416.1|-2416.1
6|-2557.3|-2557.3
7|-2665.96|-2665.96
8|-2738.22|-2738.22
9|-2809.53|-2809.53
10|-3121.09|-3121.09
11|-3170.78|-3170.78
12|-3257.83|-3257.83
13|-3526.79|-3526.79
14|-3569.7|-3569.7
15|-3590.91|-3590.91
16|-3609.56|-3609.56
17|-3626.95|-3626.95
18|-3648.55|-3648.55
19|-3663.77|-3663.77
20|-3675.11|-3675.11
21|-3686.4|-3686.4
22|-3697.58|-3697.58
23|-3701.51|-3701.51
24|-3704.15|-3704.15
25|-3705.9|-3705.9
26|-3707.35|-3707.35
27|-3708.69|-3708.69
28|-3710.01|-3710.01
29|-3710.67|-3710.67
30|-3711.12|-3711.12
31|-3711.53|-3711.53
32|-3711.89|-3711.89
33|-3712.24|-3712.24
34|-3712.43|-3712.43
35|-3712.62|-3712.62
36|-3712.76|-3712.76
37|-3712.85|-3712.85
38|-3712.92|-3712.92
39|-3712.99|-3712.99
40|-3713.05|-3713.05
41|-3713.08|-3713.08
42|-3713.11|-3713.11
43|-3713.13|-3713.13
44|-3713.15|-3713.15
45|-3713.17|-3713.17
46|-3713.18|-3713.18
47|-3713.2|-3713.2
48|-3713.21|-3713.21
49|-3713.22|-3713.22
50|-3713.23|-3713.23
51|-3713.23|-3713.23
52|-3713.24|-3713.24
53|-3713.24|-3713.24
54|-3713.25|-3713.25
55|-3713.25|-3713.25
56|-3713.25|-3713.25
57|-3713.26|-3713.26
58|-3713.26|-3713.26
59|-3713.26|-3713.26
60|-3713.26|-3713.26
61|-3713.26|-3713.26
62|-3713.26|-3713.26
63|-3713.26|-3713.26
64|-3713.26|-3713.26
65|-3713.26|-3713.26
66|-3713.27|-3713.27
67|-3713.27|-3713.27
68|-3713.27|-3713.27
69|-3713.27|-3713.27
70|-3713.27|-3713.27
71|-3713.27|-3713.27
72|-3713.27|-3713.27
73|-3713.27|-3713.27
74|-3713.27|-3713.27
75|-3713.27|-3713.27
76|-3713.27|-3713.27
77|-3713.27|-3713.27
78|-3713.27|-3713.27
79|-3713.27|-3713.27
80|-3713.27|-3713.27
81|-3713.27|-3713.27
82|-3713.27|-3713.27
83|-3713.27|-3713.27
84|-3713.27|-3713.27
85|-3713.27|-3713.27
86|-3713.27|-3713.27
87|-3713.27|-3713.27
88|-3713.27|-3713.27
89|-3713.27|-3713.27
90|-3713.27|-3713.27
91|-3713.27|-3713.27
92|-3713.27|-3713.27
93|-3713.27|-3713.27
94|-3713.27|-3713.27
95|-3713.27|-3713.27
96|-3713.27|-3713.27
97|-3713.27|-3713.27
98|-3713.27|-3713.27
99|-3713.27|-3713.27
100|-3713.27|-3713.27
101|-3713.27|-3713.27
102|-3713.27|-3713.27
103|-3713.27|-3713.27
104|-3713.27|-3713.27
105|-3713.27|-3713.27
106|-3713.27|-3713.27
107|-3713.27|-3713.27
108|-3713.27|-3713.27
109|-3713.27|-3713.27
110|-3713.27|-3713.27
111|-3713.27|-3713.27
112|-3713.27|-3713.27
113|-3713.27|-3713.27
114|-3713.27|-3713.27
115|-3713.27|-3713.27
116|-3713.27|-3713.27
117|-3713.27|-3713.27
118|-3713.27|-3713.27
119|-3713.27|-3713.27
120|-3713.27|-3713.27
121|-3713.27|-3713.27
122|-3713.27|-3713.27
123|-3713.27|-3713.27
124|-3713.27|-3713.27
125|-3713.27|-3713.27
126|-3713.27|-3713.27
127|-3713.27|-3713.27
128|-3713.27|-3713.27
129|-3713.27|-3713.27
130|-3713.27|-3713.27
131|-3713.27|-3713.27
132|-3713.27|-3713.27
133|-3713.27|-3713.27
134|-3713.27|-3713.27
135|-3713.27|-3713.27
136|-3713.27|-3713.27
137|-3713.27|-3713.27
138|-3713.27|-3713.27
139|-3713.27|-3713.27
140|-3713.27|-3713.27
141|-3713.27|-3713.27
142|-3713.27|-3713.27
143|-3713.27|-3713.27
144|-3713.27|-3713.27
145|-3713.27|-3713.27
146|-3713.27|-3713.27
147|-3713.27|-3713.27
148|-3713.27|-3713.27
149|-3713.27|-3713.27
150|-3713.27|-3713.27
151|-3713.27|-3713.27
152|-3713.27|-3713.27
153|-3713.27|-3713.27
154|-3713.27|-3713.27
155|-3713.27|-3713.27
156|-3713.27|-3713.27
157|-3713.27|-3713.27
158|-3713.27|-3713.27
159|-3713.27|-3713.27
160|-3713.27|-3713.27
161|-3713.27|-3713.27
162|-3713.27|-3713.27
163|-3713.27|-3713.27
164|-3713.27|-3713.27
165|-3713.27|-3713.27
166|-3713.27|-3713.27
167|-3713.27|-3713.27
168|-3713.27|-3713.27
169|-3713.27|-3713.27
170|-3713.27|-3713.27
171|-3713.27|-3713.27
172|-3713.27|-3713.27
173|-3713.27|-3713.27
174|-3713.27|-3713.27
175|-3713.27|-3713.27
176|-3713.27|-3713.27
177|-3713.27|-3713.27
178|-3713.27|-3713.27
179|-3713.27|-3713.27
180|-3713.27|-3713.27
181|-3713.27|-3713.27
182|-3713.27|-3713.27
183|-3713.27|-3713.27
184|-3713.27|-3713.27
185|-3713.27|-3713.27
186|-3713.27|-3713.27
187|-3713.27|-3713.27
188|-3713.27|-3713.27
189|-3713.27|-3713.27
190|-3713.27|-3713.27
191|-3713.27|-3713.27
192|-3713.27|-3713.27
193|-3713.27|-3713.27
194|-3713.27|-3713.27
195|-3713.27|-3713.27
196|-3713.27|-3713.27
197|-3713.27|-3713.27
198|-3713.27|-3713.27
199|-3713.27|-3713.27
200|-3713.27|-3713.27
201|-3713.27|-3713.27
202|-3713.27|-3713.27
203|-3713.27|-3713.27
204|-3713.27|-3713.27
205|-3713.27|-3713.27
206|-3713.27|-3713.27
207|-3713.27|-3713.27
208|-3713.27|-3713.27
209|-3713.27|-3713.27
210|-3713.27|-3713.27
211|-3713.27|-3713.27
212|-3713.27|-3713.27
213|-3713.27|-3713.27
214|-3713.27|-3713.27
215|-3713.27|-3713.27
216|-3713.27|-3713.27
217|-3713.27|-3713.27
218|-3713.27|-3713.27
219|-3713.27|-3713.27
220|-3713.27|-3713.27
221|-3713.27|-3713.27
222|-3713.27|-3713.27
EARLY STOP: TARGET FOUND
457092ms
