1|898.121|898.121
2|269.589|269.589
3|-315.348|-315.348
4|-857.999|-857.999
5|-1358.53|-1358.53
6|-1814.31|-1814.31
7|-2212.93|-2212.93
8|-2603.74|-2603.74
9|-2958.47|-2958.47
10|-3271.64|-3271.64
11|-3557.55|-3557.55
12|-3831.68|-3831.68
13|-4070.15|-4070.15
14|-4303.51|-4303.51
15|-4526.25|-4526.25
16|-4739.18|-4739.18
17|-4945.73|-4945.73
18|-5146.5|-5146.5
19|-5459.17|-5459.17
20|-5659.09|-5659.09
21|-6006.57|-6006.57
22|-6202.36|-6202.36
23|-6392.84|-6392.84
24|-6576.83|-6576.83
25|-6759.3|-6759.3
26|-6940.93|-6940.93
27|-7114.96|-7114.96
28|-7286.32|-7286.32
29|-7453.42|-7453.42
30|-7621.51|-7621.51
31|-7770.88|-7770.88
32|-7911.82|-7911.82
33|-8048.72|-8048.72
34|-8165.68|-8165.68
35|-8270.13|-8270.13
36|-8370.55|-8370.55
37|-8603.06|-8603.06
38|-8690.12|-8690.12
39|-8767.43|-8767.43
40|-8843.27|-8843.27
41|-8907.73|-8907.73
42|-8956.37|-8956.37
43|-9003.07|-9003.07
44|-9046.15|-9046.15
45|-9085.16|-9085.16
46|-9120.36|-9120.36
47|-9173.57|-9173.57
48|-9208.04|-9208.04
49|-9241.71|-9241.71
50|-9298.47|-9298.47
51|-9325.28|-9325.28
52|-9360.8|-9360.8
53|-9387.06|-9387.06
54|-9412.79|-9412.79
55|-9434.13|-9434.13
56|-9453.44|-9453.44
57|-9472.74|-9472.74
58|-9487.18|-9487.18
59|-9523.13|-9523.13
60|-9537.23|-9537.23
61|-9551.05|-9551.05
62|-9563.98|-9563.98
63|-9575.62|-9575.62
64|-9611.67|-9611.67
65|-9629.28|-9629.28
66|-9640.8|-9640.8
67|-9688.2|-9688.2
68|-9698.94|-9698.94
69|-9723.93|-9723.93
70|-9734.58|-9734.58
71|-9745.18|-9745.18
72|-9754.73|-9754.73
73|-9763.55|-9763.55
74|-9772.36|-9772.36
75|-9781.11|-9781.11
76|-9789.44|-9789.44
77|-9797.13|-9797.13
78|-9803.38|-9803.38
79|-9808.66|-9808.66
80|-9813.04|-9813.04
81|-9817.41|-9817.41
82|-9821.78|-9821.78
83|-9826.06|-9826.06
84|-9829.7|-9829.7
85|-9833.2|-9833.2
86|-9836.39|-9836.39
87|-9839.02|-9839.02
88|-9841.64|-9841.64
89|-9844.18|-9844.18
90|-9846.5|-9846.5
91|-9848.68|-9848.68
92|-9850.73|-9850.73
93|-9852.45|-9852.45
94|-9854.13|-9854.13
95|-9855.34|-9855.34
96|-9856.47|-9856.47
97|-9857.59|-9857.59
98|-9858.68|-9858.68
99|-9859.77|-9859.77
100|-9860.86|-9860.86
101|-9861.64|-9861.64
102|-9862.3|-9862.3
103|-9862.88|-9862.88
104|-9863.42|-9863.42
105|-9863.97|-9863.97
106|-9864.51|-9864.51
107|-9865.06|-9865.06
108|-9865.59|-9865.59
109|-9866.1|-9866.1
110|-9866.58|-9866.58
111|-9867.02|-9867.02
112|-9867.35|-9867.35
113|-9867.66|-9867.66
114|-9867.93|-9867.93
115|-9868.21|-9868.21
116|-9868.48|-9868.48
117|-9868.73|-9868.73
118|-9868.96|-9868.96
119|-9869.18|-9869.18
120|-9869.38|-9869.38
121|-9869.58|-9869.58
122|-9869.76|-9869.76
123|-9870.15|-9870.15
124|-9870.33|-9870.33
125|-9870.5|-9870.5
126|-9870.66|-9870.66
127|-9870.82|-9870.82
128|-9870.96|-9870.96
129|-9871.1|-9871.1
130|-9871.24|-9871.24
131|-9871.38|-9871.38
132|-9871.51|-9871.51
133|-9871.64|-9871.64
134|-9871.76|-9871.76
135|-9871.87|-9871.87
136|-9871.98|-9871.98
137|-9872.07|-9872.07
138|-9872.15|-9872.15
139|-9872.23|-9872.23
140|-9872.31|-9872.31
141|-9872.38|-9872.38
142|-9872.45|-9872.45
143|-9872.51|-9872.51
144|-9872.58|-9872.58
145|-9872.64|-9872.64
146|-9872.7|-9872.7
147|-9872.75|-9872.75
148|-9872.8|-9872.8
149|-9872.84|-9872.84
150|-9872.87|-9872.87
151|-9872.91|-9872.91
152|-9872.94|-9872.94
153|-9872.97|-9872.97
154|-9873.01|-9873.01
155|-9873.04|-9873.04
156|-9873.07|-9873.07
157|-9873.1|-9873.1
158|-9873.13|-9873.13
159|-9873.15|-9873.15
160|-9873.17|-9873.17
161|-9873.18|-9873.18
162|-9873.2|-9873.2
163|-9873.22|-9873.22
164|-9873.23|-9873.23
165|-9873.25|-9873.25
166|-9873.26|-9873.26
167|-9873.28|-9873.28
168|-9873.29|-9873.29
169|-9873.3|-9873.3
170|-9873.31|-9873.31
171|-9873.32|-9873.32
172|-9873.32|-9873.32
173|-9873.33|-9873.33
174|-9873.34|-9873.34
175|-9873.34|-9873.34
176|-9873.35|-9873.35
177|-9873.36|-9873.36
178|-9873.36|-9873.36
179|-9873.37|-9873.37
180|-9873.37|-9873.37
181|-9873.38|-9873.38
182|-9873.38|-9873.38
183|-9873.39|-9873.39
184|-9873.39|-9873.39
185|-9873.4|-9873.4
186|-9873.4|-9873.4
187|-9873.4|-9873.4
188|-9873.41|-9873.41
189|-9873.41|-9873.41
190|-9873.42|-9873.42
191|-9873.42|-9873.42
192|-9873.42|-9873.42
193|-9873.43|-9873.43
194|-9873.43|-9873.43
195|-9873.43|-9873.43
196|-9873.43|-9873.43
197|-9873.44|-9873.44
198|-9873.44|-9873.44
199|-9873.44|-9873.44
200|-9873.44|-9873.44
201|-9873.44|-9873.44
202|-9873.44|-9873.44
203|-9873.44|-9873.44
204|-9873.45|-9873.45
205|-9873.45|-9873.45
206|-9873.45|-9873.45
207|-9873.45|-9873.45
208|-9873.45|-9873.45
209|-9873.45|-9873.45
210|-9873.45|-9873.45
211|-9873.45|-9873.45
212|-9873.45|-9873.45
213|-9873.45|-9873.45
214|-9873.46|-9873.46
215|-9873.46|-9873.46
216|-9873.46|-9873.46
217|-9873.46|-9873.46
218|-9873.46|-9873.46
219|-9873.46|-9873.46
220|-9873.46|-9873.46
221|-9873.46|-9873.46
222|-9873.46|-9873.46
223|-9873.46|-9873.46
224|-9873.46|-9873.46
225|-9873.46|-9873.46
226|-9873.46|-9873.46
227|-9873.46|-9873.46
228|-9873.46|-9873.46
229|-9873.46|-9873.46
230|-9873.46|-9873.46
231|-9873.46|-9873.46
232|-9873.46|-9873.46
233|-9873.46|-9873.46
234|-9873.46|-9873.46
235|-9873.46|-9873.46
236|-9873.46|-9873.46
237|-9873.46|-9873.46
238|-9873.46|-9873.46
239|-9873.46|-9873.46
240|-9873.46|-9873.46
241|-9873.46|-9873.46
242|-9873.46|-9873.46
243|-9873.46|-9873.46
244|-9873.46|-9873.46
245|-9873.46|-9873.46
246|-9873.46|-9873.46
247|-9873.46|-9873.46
248|-9873.46|-9873.46
249|-9873.46|-9873.46
250|-9873.46|-9873.46
251|-9873.46|-9873.46
252|-9873.46|-9873.46
253|-9873.46|-9873.46
254|-9873.46|-9873.46
255|-9873.46|-9873.46
256|-9873.46|-9873.46
257|-9873.46|-9873.46
258|-9873.46|-9873.46
259|-9873.46|-9873.46
260|-9873.46|-9873.46
261|-9873.46|-9873.46
262|-9873.46|-9873.46
263|-9873.46|-9873.46
264|-9873.46|-9873.46
265|-9873.46|-9873.46
266|-9873.46|-9873.46
267|-9873.46|-9873.46
268|-9873.46|-9873.46
269|-9873.46|-9873.46
270|-9873.46|-9873.46
271|-9873.46|-9873.46
272|-9873.46|-9873.46
273|-9873.46|-9873.46
274|-9873.46|-9873.46
275|-9873.46|-9873.46
276|-9873.46|-9873.46
277|-9873.46|-9873.46
278|-9873.46|-9873.46
279|-9873.46|-9873.46
280|-9873.46|-9873.46
281|-9873.46|-9873.46
282|-9873.46|-9873.46
283|-9873.46|-9873.46
284|-9873.46|-9873.46
285|-9873.46|-9873.46
286|-9873.46|-9873.46
287|-9873.46|-9873.46
288|-9873.46|-9873.46
289|-9873.46|-9873.46
290|-9873.46|-9873.46
291|-9873.46|-9873.46
292|-9873.46|-9873.46
293|-9873.46|-9873.46
294|-9873.46|-9873.46
295|-9873.46|-9873.46
296|-9873.46|-9873.46
297|-9873.46|-9873.46
298|-9873.46|-9873.46
299|-9873.46|-9873.46
300|-9873.46|-9873.46
301|-9873.46|-9873.46
302|-9873.46|-9873.46
303|-9873.46|-9873.46
304|-9873.46|-9873.46
305|-9873.46|-9873.46
306|-9873.46|-9873.46
307|-9873.46|-9873.46
308|-9873.46|-9873.46
309|-9873.46|-9873.46
310|-9873.46|-9873.46
311|-9873.46|-9873.46
312|-9873.46|-9873.46
313|-9873.46|-9873.46
314|-9873.46|-9873.46
315|-9873.46|-9873.46
316|-9873.46|-9873.46
317|-9873.46|-9873.46
318|-9873.46|-9873.46
319|-9873.46|-9873.46
320|-9873.46|-9873.46
321|-9873.46|-9873.46
322|-9873.46|-9873.46
323|-9873.46|-9873.46
324|-9873.46|-9873.46
325|-9873.46|-9873.46
326|-9873.46|-9873.46
327|-9873.46|-9873.46
328|-9873.46|-9873.46
329|-9873.46|-9873.46
330|-9873.46|-9873.46
331|-9873.46|-9873.46
332|-9873.46|-9873.46
333|-9873.46|-9873.46
334|-9873.46|-9873.46
335|-9873.46|-9873.46
336|-9873.46|-9873.46
337|-9873.46|-9873.46
338|-9873.46|-9873.46
339|-9873.46|-9873.46
340|-9873.46|-9873.46
341|-9873.46|-9873.46
342|-9873.46|-9873.46
343|-9873.46|-9873.46
344|-9873.46|-9873.46
345|-9873.46|-9873.46
346|-9873.46|-9873.46
347|-9873.46|-9873.46
348|-9873.46|-9873.46
349|-9873.46|-9873.46
350|-9873.46|-9873.46
351|-9873.46|-9873.46
352|-9873.46|-9873.46
353|-9873.46|-9873.46
354|-9873.46|-9873.46
355|-9873.46|-9873.46
356|-9873.46|-9873.46
357|-9873.46|-9873.46
358|-9873.46|-9873.46
359|-9873.46|-9873.46
360|-9873.46|-9873.46
361|-9873.46|-9873.46
362|-9873.46|-9873.46
363|-9873.46|-9873.46
364|-9873.46|-9873.46
EARLY STOP: TARGET FOUND
6273995ms
