1|-1160.11|-1160.11
2|-1658.11|-1658.11
3|-2148.23|-2148.23
4|-2395.23|-2395.23
5|-2492.17|-2492.17
6|-2578.34|-2578.34
7|-2658.96|-2658.96
8|-2945.64|-2945.64
9|-3009.96|-3009.96
10|-3088.78|-3088.78
11|-3380.36|-3380.36
12|-3422.98|-3422.98
13|-3455.41|-3455.41
14|-3478.91|-3478.91
15|-3500.12|-3500.12
16|-3515.06|-3515.06
17|-3522.48|-3522.48
18|-3528.45|-3528.45
19|-3533.65|-3533.65
20|-3538.19|-3538.19
21|-3542.47|-3542.47
22|-3545.11|-3545.11
23|-3547.75|-3547.75
24|-3549.8|-3549.8
25|-3551.59|-3551.59
26|-3553.13|-3553.13
27|-3554.45|-3554.45
28|-3555.61|-3555.61
29|-3556.27|-3556.27
30|-3556.8|-3556.8
31|-3557.3|-3557.3
32|-3557.72|-3557.72
33|-3558.04|-3558.04
34|-3558.37|-3558.37
35|-3558.63|-3558.63
36|-3558.81|-3558.81
37|-3558.99|-3558.99
38|-3559.15|-3559.15
39|-3559.28|-3559.28
40|-3559.36|-3559.36
41|-3559.44|-3559.44
42|-3559.51|-3559.51
43|-3559.57|-3559.57
44|-3559.64|-3559.64
45|-3559.7|-3559.7
46|-3559.74|-3559.74
47|-3559.78|-3559.78
48|-3559.82|-3559.82
49|-3559.84|-3559.84
50|-3559.86|-3559.86
51|-3559.87|-3559.87
52|-3559.89|-3559.89
53|-3559.9|-3559.9
54|-3559.9|-3559.9
55|-3559.91|-3559.91
56|-3559.92|-3559.92
57|-3559.92|-3559.92
58|-3559.93|-3559.93
59|-3559.93|-3559.93
60|-3559.93|-3559.93
61|-3559.93|-3559.93
62|-3559.94|-3559.94
63|-3559.94|-3559.94
64|-3559.94|-3559.94
65|-3559.94|-3559.94
66|-3559.94|-3559.94
67|-3559.95|-3559.95
68|-3559.95|-3559.95
69|-3559.95|-3559.95
70|-3559.95|-3559.95
71|-3559.95|-3559.95
72|-3559.95|-3559.95
73|-3559.95|-3559.95
74|-3559.95|-3559.95
75|-3559.95|-3559.95
76|-3559.95|-3559.95
77|-3559.95|-3559.95
78|-3559.95|-3559.95
79|-3559.95|-3559.95
80|-3559.95|-3559.95
81|-3559.95|-3559.95
82|-3559.95|-3559.95
83|-3559.95|-3559.95
84|-3559.95|-3559.95
85|-3559.95|-3559.95
86|-3559.95|-3559.95
87|-3559.95|-3559.95
88|-3559.95|-3559.95
89|-3559.95|-3559.95
90|-3559.95|-3559.95
91|-3559.95|-3559.95
92|-3559.95|-3559.95
93|-3559.95|-3559.95
94|-3559.95|-3559.95
95|-3559.95|-3559.95
96|-3559.95|-3559.95
97|-3559.95|-3559.95
98|-3559.95|-3559.95
99|-3559.95|-3559.95
100|-3559.95|-3559.95
101|-3559.95|-3559.95
102|-3559.95|-3559.95
103|-3559.95|-3559.95
104|-3559.95|-3559.95
105|-3559.95|-3559.95
106|-3559.95|-3559.95
107|-3559.95|-3559.95
108|-3559.95|-3559.95
109|-3559.95|-3559.95
110|-3559.95|-3559.95
111|-3559.95|-3559.95
112|-3559.95|-3559.95
113|-3559.95|-3559.95
114|-3559.95|-3559.95
115|-3559.95|-3559.95
116|-3559.95|-3559.95
117|-3559.95|-3559.95
118|-3559.95|-3559.95
119|-3559.95|-3559.95
120|-3559.95|-3559.95
121|-3559.95|-3559.95
122|-3559.95|-3559.95
123|-3559.95|-3559.95
124|-3559.95|-3559.95
125|-3559.95|-3559.95
126|-3559.95|-3559.95
127|-3559.95|-3559.95
128|-3559.95|-3559.95
129|-3559.95|-3559.95
130|-3559.95|-3559.95
131|-3559.95|-3559.95
132|-3559.95|-3559.95
133|-3559.95|-3559.95
134|-3559.95|-3559.95
135|-3559.95|-3559.95
136|-3559.95|-3559.95
137|-3559.95|-3559.95
138|-3559.95|-3559.95
139|-3559.95|-3559.95
140|-3559.95|-3559.95
141|-3559.95|-3559.95
142|-3559.95|-3559.95
143|-3559.95|-3559.95
144|-3559.95|-3559.95
145|-3559.95|-3559.95
146|-3559.95|-3559.95
147|-3559.95|-3559.95
148|-3559.95|-3559.95
149|-3559.95|-3559.95
150|-3559.95|-3559.95
151|-3559.95|-3559.95
152|-3559.95|-3559.95
153|-3559.95|-3559.95
154|-3559.95|-3559.95
155|-3559.95|-3559.95
156|-3559.95|-3559.95
157|-3559.95|-3559.95
158|-3559.95|-3559.95
159|-3559.95|-3559.95
160|-3559.95|-3559.95
161|-3559.95|-3559.95
162|-3559.95|-3559.95
163|-3559.95|-3559.95
164|-3559.95|-3559.95
165|-3559.95|-3559.95
166|-3559.95|-3559.95
167|-3559.95|-3559.95
168|-3559.95|-3559.95
169|-3559.95|-3559.95
170|-3559.95|-3559.95
171|-3559.95|-3559.95
172|-3559.95|-3559.95
173|-3559.95|-3559.95
174|-3559.95|-3559.95
175|-3559.95|-3559.95
176|-3559.95|-3559.95
177|-3559.95|-3559.95
178|-3559.95|-3559.95
179|-3559.95|-3559.95
180|-3559.95|-3559.95
181|-3559.95|-3559.95
182|-3559.95|-3559.95
183|-3559.95|-3559.95
184|-3559.95|-3559.95
185|-3559.95|-3559.95
186|-3559.95|-3559.95
187|-3559.95|-3559.95
188|-3559.95|-3559.95
189|-3559.95|-3559.95
190|-3559.95|-3559.95
191|-3559.95|-3559.95
192|-3559.95|-3559.95
193|-3559.95|-3559.95
194|-3559.95|-3559.95
195|-3559.95|-3559.95
196|-3559.95|-3559.95
197|-3559.95|-3559.95
198|-3559.95|-3559.95
199|-3559.95|-3559.95
200|-3559.95|-3559.95
201|-3559.95|-3559.95
202|-3559.95|-3559.95
203|-3559.95|-3559.95
204|-3559.95|-3559.95
205|-3559.95|-3559.95
206|-3559.95|-3559.95
207|-3559.95|-3559.95
208|-3559.95|-3559.95
209|-3559.95|-3559.95
210|-3559.95|-3559.95
211|-3559.95|-3559.95
212|-3559.95|-3559.95
213|-3559.95|-3559.95
214|-3559.95|-3559.95
215|-3559.95|-3559.95
216|-3559.95|-3559.95
217|-3559.95|-3559.95
218|-3559.95|-3559.95
219|-3559.95|-3559.95
220|-3559.95|-3559.95
221|-3559.95|-3559.95
222|-3559.95|-3559.95
223|-3559.95|-3559.95
224|-3559.95|-3559.95
225|-3559.95|-3559.95
226|-3559.95|-3559.95
227|-3559.95|-3559.95
228|-3559.95|-3559.95
229|-3559.95|-3559.95
EARLY STOP: TARGET FOUND
458958ms
