1|430.681|430.681
2|401.454|401.454
3|373.345|373.345
4|346.127|346.127
5|319.176|319.176
6|293.711|293.711
7|271.308|271.308
8|251.111|251.111
9|234.837|234.837
10|218.932|218.932
11|203.286|203.286
12|188.448|188.448
13|177.5|177.5
14|167.043|167.043
15|157.319|157.319
16|148.29|148.29
17|139.302|139.302
18|130.361|130.361
19|122.639|122.639
20|116.493|116.493
21|111.876|111.876
22|107.823|107.823
23|104.054|104.054
24|100.393|100.393
25|96.942|96.942
26|93.5354|93.5354
27|90.2592|90.2592
28|87.1086|87.1086
29|84.204|84.204
30|81.3749|81.3749
31|78.8725|78.8725
32|77.4025|77.4025
33|76.0105|76.0105
34|74.7814|74.7814
35|73.6935|73.6935
36|72.6112|72.6112
37|71.5997|71.5997
38|70.6389|70.6389
39|69.7284|69.7284
40|69.0519|69.0519
41|68.3897|68.3897
42|67.7395|67.7395
43|67.1004|67.1004
44|66.4738|66.4738
45|65.9609|65.9609
46|65.4686|65.4686
47|64.9826|64.9826
48|64.5163|64.5163
49|64.1083|64.1083
50|63.7435|63.7435
51|63.4492|63.4492
52|63.16|63.16
53|62.8785|62.8785
54|62.599|62.599
55|62.4049|62.4049
56|62.2137|62.2137
57|62.0258|62.0258
58|61.8443|61.8443
59|61.6666|61.6666
60|61.4907|61.4907
61|61.3227|61.3227
62|61.1563|61.1563
63|60.992|60.992
64|60.8389|60.8389
65|60.6978|60.6978
66|60.5588|60.5588
67|60.4772|60.4772
68|60.3957|60.3957
69|60.3144|60.3144
70|60.2346|60.2346
71|60.156|60.156
72|60.0774|60.0774
73|60.0008|60.0008
74|59.9262|59.9262
75|59.8524|59.8524
76|59.7842|59.7842
77|59.7169|59.7169
78|59.6731|59.6731
79|59.6358|59.6358
80|59.5987|59.5987
81|59.5616|59.5616
82|59.5252|59.5252
83|59.4895|59.4895
84|59.4538|59.4538
85|59.4196|59.4196
86|59.3858|59.3858
87|59.3522|59.3522
88|59.3188|59.3188
89|59.2855|59.2855
90|59.2552|59.2552
91|59.2305|59.2305
92|59.2065|59.2065
93|59.1828|59.1828
94|59.165|59.165
95|59.1472|59.1472
96|59.1294|59.1294
97|59.1118|59.1118
98|59.0941|59.0941
99|59.0765|59.0765
100|59.0598|59.0598
101|59.0432|59.0432
102|59.0296|59.0296
103|59.0161|59.0161
104|59.0054|59.0054
105|58.9949|58.9949
106|58.985|58.985
107|58.9763|58.9763
108|58.9676|58.9676
109|58.9589|58.9589
110|58.9503|58.9503
111|58.942|58.942
112|58.9344|58.9344
113|58.9274|58.9274
114|58.9214|58.9214
115|58.9156|58.9156
116|58.9113|58.9113
117|58.9069|58.9069
118|58.9026|58.9026
119|58.8983|58.8983
120|58.8942|58.8942
121|58.89|58.89
122|58.8859|58.8859
123|58.8828|58.8828
124|58.88|58.88
125|58.8773|58.8773
126|58.8752|58.8752
127|58.873|58.873
128|58.8709|58.8709
129|58.8687|58.8687
130|58.8666|58.8666
131|58.8644|58.8644
132|58.863|58.863
133|58.8619|58.8619
134|58.8609|58.8609
135|58.8598|58.8598
136|58.8587|58.8587
137|58.8576|58.8576
138|58.8566|58.8566
139|58.8555|58.8555
140|58.8544|58.8544
141|58.8534|58.8534
142|58.8524|58.8524
143|58.8515|58.8515
144|58.8506|58.8506
145|58.8498|58.8498
146|58.8492|58.8492
147|58.8486|58.8486
148|58.848|58.848
149|58.8474|58.8474
150|58.8469|58.8469
151|58.8464|58.8464
152|58.8458|58.8458
153|58.8453|58.8453
154|58.8448|58.8448
155|58.8442|58.8442
156|58.8437|58.8437
157|58.8434|58.8434
158|58.8431|58.8431
159|58.8429|58.8429
160|58.8426|58.8426
161|58.8424|58.8424
162|58.8421|58.8421
163|58.8418|58.8418
164|58.8416|58.8416
165|58.8413|58.8413
166|58.8411|58.8411
167|58.8408|58.8408
168|58.8406|58.8406
169|58.8405|58.8405
170|58.8403|58.8403
171|58.8401|58.8401
172|58.8399|58.8399
173|58.8398|58.8398
174|58.8396|58.8396
175|58.8395|58.8395
176|58.8394|58.8394
177|58.8392|58.8392
178|58.8391|58.8391
179|58.839|58.839
180|58.8389|58.8389
181|58.8388|58.8388
182|58.8388|58.8388
183|58.8387|58.8387
184|58.8387|58.8387
185|58.8386|58.8386
186|58.8386|58.8386
187|58.8386|58.8386
188|58.8385|58.8385
189|58.8385|58.8385
190|58.8385|58.8385
191|58.8384|58.8384
192|58.8384|58.8384
193|58.8384|58.8384
194|58.8384|58.8384
195|58.8383|58.8383
196|58.8383|58.8383
197|58.8383|58.8383
198|58.8383|58.8383
199|58.8383|58.8383
200|58.8383|58.8383
201|58.8383|58.8383
202|58.8383|58.8383
203|58.8383|58.8383
204|58.8383|58.8383
205|58.8383|58.8383
206|58.8383|58.8383
207|58.8383|58.8383
208|58.8383|58.8383
209|58.8383|58.8383
210|58.8383|58.8383
211|58.8383|58.8383
212|58.8383|58.8383
213|58.8383|58.8383
214|58.8383|58.8383
215|58.8383|58.8383
216|58.8383|58.8383
217|58.8383|58.8383
218|58.8383|58.8383
219|58.8383|58.8383
220|58.8383|58.8383
221|58.8383|58.8383
222|58.8383|58.8383
223|58.8383|58.8383
224|58.8383|58.8383
225|58.8383|58.8383
226|58.8383|58.8383
227|58.8383|58.8383
228|58.8383|58.8383
229|58.8383|58.8383
230|58.8383|58.8383
231|58.8383|58.8383
232|58.8383|58.8383
233|58.8383|58.8383
234|58.8383|58.8383
235|58.8383|58.8383
236|58.8383|58.8383
237|58.8383|58.8383
238|58.8383|58.8383
239|58.8383|58.8383
240|58.8383|58.8383
241|58.8383|58.8383
242|58.8383|58.8383
243|58.8383|58.8383
244|58.8383|58.8383
245|58.8383|58.8383
246|58.8383|58.8383
247|58.8383|58.8383
248|58.8383|58.8383
249|58.8383|58.8383
250|58.8383|58.8383
251|58.8383|58.8383
252|58.8383|58.8383
253|58.8383|58.8383
254|58.8383|58.8383
255|58.8383|58.8383
256|58.8383|58.8383
257|58.8383|58.8383
258|58.8383|58.8383
259|58.8383|58.8383
260|58.8383|58.8383
261|58.8383|58.8383
262|58.8383|58.8383
263|58.8383|58.8383
264|58.8383|58.8383
265|58.8383|58.8383
266|58.8383|58.8383
267|58.8383|58.8383
268|58.8383|58.8383
269|58.8383|58.8383
270|58.8383|58.8383
271|58.8383|58.8383
272|58.8383|58.8383
273|58.8383|58.8383
274|58.8383|58.8383
275|58.8383|58.8383
276|58.8383|58.8383
277|58.8383|58.8383
278|58.8383|58.8383
279|58.8383|58.8383
280|58.8383|58.8383
281|58.8383|58.8383
282|58.8383|58.8383
283|58.8383|58.8383
284|58.8383|58.8383
285|58.8383|58.8383
286|58.8383|58.8383
287|58.8383|58.8383
288|58.8383|58.8383
289|58.8383|58.8383
290|58.8383|58.8383
291|58.8383|58.8383
292|58.8383|58.8383
293|58.8383|58.8383
294|58.8383|58.8383
295|58.8383|58.8383
296|58.8383|58.8383
297|58.8383|58.8383
298|58.8383|58.8383
299|58.8383|58.8383
300|58.8383|58.8383
301|58.8383|58.8383
302|58.8383|58.8383
303|58.8383|58.8383
304|58.8383|58.8383
305|58.8383|58.8383
306|58.8383|58.8383
307|58.8383|58.8383
308|58.8383|58.8383
309|58.8383|58.8383
310|58.8383|58.8383
311|58.8383|58.8383
312|58.8383|58.8383
313|58.8383|58.8383
314|58.8383|58.8383
315|58.8383|58.8383
316|58.8383|58.8383
317|58.8383|58.8383
318|58.8383|58.8383
319|58.8383|58.8383
320|58.8383|58.8383
321|58.8383|58.8383
322|58.8383|58.8383
323|58.8383|58.8383
324|58.8383|58.8383
325|58.8383|58.8383
326|58.8383|58.8383
327|58.8383|58.8383
328|58.8383|58.8383
329|58.8383|58.8383
330|58.8383|58.8383
331|58.8383|58.8383
332|58.8383|58.8383
333|58.8383|58.8383
334|58.8383|58.8383
335|58.8383|58.8383
336|58.8383|58.8383
337|58.8383|58.8383
338|58.8383|58.8383
339|58.8383|58.8383
340|58.8383|58.8383
341|58.8383|58.8383
342|58.8383|58.8383
343|58.8383|58.8383
344|58.8383|58.8383
345|58.8383|58.8383
346|58.8383|58.8383
347|58.8383|58.8383
348|58.8383|58.8383
349|58.8383|58.8383
350|58.8383|58.8383
EARLY STOP: TARGET FOUND
4096369ms
