1|-675.368|-675.368
2|-1065.4|-1065.4
3|-1265.16|-1265.16
4|-1457.55|-1457.55
5|-1549.01|-1549.01
6|-1662.05|-1662.05
7|-1743.5|-1743.5
8|-1819.15|-1819.15
9|-1866.89|-1866.89
10|-1897.26|-1897.26
11|-1916.08|-1916.08
12|-1929.49|-1929.49
13|-1933.64|-1933.64
14|-1937.22|-1937.22
15|-1939.1|-1939.1
16|-1940.08|-1940.08
17|-1940.66|-1940.66
18|-1941.16|-1941.16
19|-1941.36|-1941.36
20|-1941.54|-1941.54
21|-1941.67|-1941.67
22|-1941.79|-1941.79
23|-1941.87|-1941.87
24|-1941.93|-1941.93
25|-1941.97|-1941.97
26|-1942|-1942
27|-1942.01|-1942.01
28|-1942.02|-1942.02
29|-1942.03|-1942.03
30|-1942.03|-1942.03
31|-1942.03|-1942.03
32|-1942.03|-1942.03
33|-1942.03|-1942.03
34|-1942.03|-1942.03
35|-1942.03|-1942.03
36|-1942.03|-1942.03
37|-1942.03|-1942.03
38|-1942.03|-1942.03
39|-1942.03|-1942.03
40|-1942.03|-1942.03
41|-1942.03|-1942.03
42|-1942.03|-1942.03
43|-1942.03|-1942.03
44|-1942.03|-1942.03
45|-1942.03|-1942.03
46|-1942.03|-1942.03
47|-1942.03|-1942.03
48|-1942.03|-1942.03
49|-1942.03|-1942.03
50|-1942.03|-1942.03
51|-1942.03|-1942.03
52|-1942.03|-1942.03
53|-1942.03|-1942.03
54|-1942.03|-1942.03
55|-1942.03|-1942.03
56|-1942.03|-1942.03
57|-1942.03|-1942.03
58|-1942.03|-1942.03
59|-1942.03|-1942.03
60|-1942.03|-1942.03
61|-1942.03|-1942.03
62|-1942.03|-1942.03
63|-1942.03|-1942.03
64|-1942.03|-1942.03
65|-1942.03|-1942.03
66|-1942.03|-1942.03
67|-1942.03|-1942.03
68|-1942.03|-1942.03
69|-1942.03|-1942.03
70|-1942.03|-1942.03
71|-1942.03|-1942.03
72|-1942.03|-1942.03
73|-1942.03|-1942.03
74|-1942.03|-1942.03
75|-1942.03|-1942.03
76|-1942.03|-1942.03
77|-1942.03|-1942.03
78|-1942.03|-1942.03
79|-1942.03|-1942.03
80|-1942.03|-1942.03
81|-1942.03|-1942.03
82|-1942.03|-1942.03
83|-1942.03|-1942.03
84|-1942.03|-1942.03
85|-1942.03|-1942.03
86|-1942.03|-1942.03
87|-1942.03|-1942.03
88|-1942.03|-1942.03
89|-1942.03|-1942.03
90|-1942.03|-1942.03
91|-1942.03|-1942.03
92|-1942.03|-1942.03
93|-1942.03|-1942.03
94|-1942.03|-1942.03
95|-1942.03|-1942.03
96|-1942.03|-1942.03
97|-1942.03|-1942.03
98|-1942.03|-1942.03
99|-1942.03|-1942.03
100|-1942.03|-1942.03
101|-1942.03|-1942.03
102|-1942.03|-1942.03
103|-1942.03|-1942.03
104|-1942.03|-1942.03
105|-1942.03|-1942.03
106|-1942.03|-1942.03
107|-1942.03|-1942.03
108|-1942.03|-1942.03
109|-1942.03|-1942.03
110|-1942.03|-1942.03
111|-1942.03|-1942.03
112|-1942.03|-1942.03
113|-1942.03|-1942.03
114|-1942.03|-1942.03
115|-1942.03|-1942.03
116|-1942.03|-1942.03
117|-1942.03|-1942.03
118|-1942.03|-1942.03
119|-1942.03|-1942.03
120|-1942.03|-1942.03
121|-1942.03|-1942.03
122|-1942.03|-1942.03
123|-1942.03|-1942.03
124|-1942.03|-1942.03
125|-1942.03|-1942.03
126|-1942.03|-1942.03
127|-1942.03|-1942.03
128|-1942.03|-1942.03
129|-1942.03|-1942.03
130|-1942.03|-1942.03
131|-1942.03|-1942.03
132|-1942.03|-1942.03
133|-1942.03|-1942.03
134|-1942.03|-1942.03
135|-1942.03|-1942.03
136|-1942.03|-1942.03
137|-1942.03|-1942.03
138|-1942.03|-1942.03
139|-1942.03|-1942.03
140|-1942.03|-1942.03
141|-1942.03|-1942.03
142|-1942.03|-1942.03
143|-1942.03|-1942.03
144|-1942.03|-1942.03
145|-1942.03|-1942.03
146|-1942.03|-1942.03
147|-1942.03|-1942.03
148|-1942.03|-1942.03
149|-1942.03|-1942.03
150|-1942.03|-1942.03
151|-1942.03|-1942.03
152|-1942.03|-1942.03
153|-1942.03|-1942.03
154|-1942.03|-1942.03
155|-1942.03|-1942.03
156|-1942.03|-1942.03
157|-1942.03|-1942.03
158|-1942.03|-1942.03
159|-1942.03|-1942.03
160|-1942.03|-1942.03
161|-1942.03|-1942.03
162|-1942.03|-1942.03
163|-1942.03|-1942.03
164|-1942.03|-1942.03
165|-1942.03|-1942.03
166|-1942.03|-1942.03
167|-1942.03|-1942.03
168|-1942.03|-1942.03
169|-1942.03|-1942.03
170|-1942.03|-1942.03
171|-1942.03|-1942.03
172|-1942.03|-1942.03
173|-1942.03|-1942.03
174|-1942.03|-1942.03
175|-1942.03|-1942.03
176|-1942.03|-1942.03
177|-1942.03|-1942.03
178|-1942.03|-1942.03
179|-1942.03|-1942.03
180|-1942.03|-1942.03
181|-1942.03|-1942.03
182|-1942.03|-1942.03
183|-1942.03|-1942.03
184|-1942.03|-1942.03
185|-1942.03|-1942.03
186|-1942.03|-1942.03
187|-1942.03|-1942.03
188|-1942.03|-1942.03
189|-1942.03|-1942.03
190|-1942.03|-1942.03
191|-1942.03|-1942.03
EARLY STOP: TARGET FOUND
106263ms
