1|-1.02604|-1.02604
2|-1.80544|-1.80544
3|-2.30974|-2.30974
4|-2.68828|-2.68828
5|-3.00364|-3.00364
6|-3.03412|-3.03412
7|-3.83687|-3.83687
8|-3.86128|-3.86128
9|-3.88079|-3.88079
10|-3.89065|-3.89065
11|-3.89469|-3.89469
12|-3.89664|-3.89664
13|-3.8977|-3.8977
14|-3.89871|-3.89871
15|-3.89912|-3.89912
16|-3.89952|-3.89952
17|-3.89974|-3.89974
18|-3.89992|-3.89992
19|-3.90009|-3.90009
20|-3.90021|-3.90021
21|-3.90029|-3.90029
22|-3.90033|-3.90033
23|-3.90037|-3.90037
24|-3.9004|-3.9004
25|-3.90042|-3.90042
26|-3.90043|-3.90043
27|-3.90043|-3.90043
28|-3.90044|-3.90044
29|-3.90044|-3.90044
30|-3.90044|-3.90044
31|-3.90044|-3.90044
32|-3.90044|-3.90044
33|-3.90044|-3.90044
34|-3.90044|-3.90044
35|-3.90044|-3.90044
36|-3.90044|-3.90044
37|-3.90044|-3.90044
38|-3.90044|-3.90044
39|-3.90044|-3.90044
40|-3.90044|-3.90044
41|-3.90044|-3.90044
42|-3.90044|-3.90044
43|-3.90044|-3.90044
44|-3.90044|-3.90044
45|-3.90044|-3.90044
46|-3.90044|-3.90044
47|-3.90044|-3.90044
48|-3.90044|-3.90044
49|-3.90044|-3.90044
50|-3.90044|-3.90044
51|-3.90044|-3.90044
52|-3.90044|-3.90044
53|-3.90044|-3.90044
54|-3.90044|-3.90044
55|-3.90044|-3.90044
56|-3.90044|-3.90044
57|-3.90044|-3.90044
58|-3.90044|-3.90044
59|-3.90044|-3.90044
60|-3.90044|-3.90044
61|-3.90044|-3.90044
62|-3.90044|-3.90044
63|-3.90044|-3.90044
64|-3.90044|-3.90044
65|-3.90044|-3.90044
66|-3.90044|-3.90044
67|-3.90044|-3.90044
68|-3.90044|-3.90044
69|-3.90044|-3.90044
70|-3.90044|-3.90044
71|-3.90044|-3.90044
72|-3.90044|-3.90044
73|-3.90044|-3.90044
74|-3.90044|-3.90044
75|-3.90044|-3.90044
76|-3.90044|-3.90044
77|-3.90044|-3.90044
78|-3.90044|-3.90044
79|-3.90044|-3.90044
80|-3.90044|-3.90044
81|-3.90044|-3.90044
82|-3.90044|-3.90044
83|-3.90044|-3.90044
84|-3.90044|-3.90044
85|-3.90044|-3.90044
86|-3.90044|-3.90044
87|-3.90044|-3.90044
88|-3.90044|-3.90044
89|-3.90044|-3.90044
90|-3.90044|-3.90044
91|-3.90044|-3.90044
92|-3.90044|-3.90044
93|-3.90044|-3.90044
94|-3.90044|-3.90044
95|-3.90044|-3.90044
96|-3.90044|-3.90044
97|-3.90044|-3.90044
98|-3.90044|-3.90044
99|-3.90044|-3.90044
100|-3.90044|-3.90044
101|-3.90044|-3.90044
102|-3.90044|-3.90044
103|-3.90044|-3.90044
104|-3.90044|-3.90044
105|-3.90044|-3.90044
106|-3.90044|-3.90044
107|-3.90044|-3.90044
108|-3.90044|-3.90044
109|-3.90044|-3.90044
110|-3.90044|-3.90044
111|-3.90044|-3.90044
112|-3.90044|-3.90044
113|-3.90044|-3.90044
114|-3.90044|-3.90044
115|-3.90044|-3.90044
116|-3.90044|-3.90044
117|-3.90044|-3.90044
118|-3.90044|-3.90044
119|-3.90044|-3.90044
120|-3.90044|-3.90044
121|-3.90044|-3.90044
122|-3.90044|-3.90044
123|-3.90044|-3.90044
124|-3.90044|-3.90044
125|-3.90044|-3.90044
126|-3.90044|-3.90044
127|-3.90044|-3.90044
128|-3.90044|-3.90044
129|-3.90044|-3.90044
130|-3.90044|-3.90044
131|-3.90044|-3.90044
132|-3.90044|-3.90044
133|-3.90044|-3.90044
134|-3.90044|-3.90044
135|-3.90044|-3.90044
136|-3.90044|-3.90044
137|-3.90044|-3.90044
138|-3.90044|-3.90044
139|-3.90044|-3.90044
140|-3.90044|-3.90044
141|-3.90044|-3.90044
142|-3.90044|-3.90044
143|-3.90044|-3.90044
144|-3.90044|-3.90044
145|-3.90044|-3.90044
146|-3.90044|-3.90044
147|-3.90044|-3.90044
148|-3.90044|-3.90044
149|-3.90044|-3.90044
150|-3.90044|-3.90044
151|-3.90044|-3.90044
152|-3.90044|-3.90044
153|-3.90044|-3.90044
154|-3.90044|-3.90044
155|-3.90044|-3.90044
156|-3.90044|-3.90044
157|-3.90044|-3.90044
158|-3.90044|-3.90044
159|-3.90044|-3.90044
160|-3.90044|-3.90044
161|-3.90044|-3.90044
162|-3.90044|-3.90044
163|-3.90044|-3.90044
164|-3.90044|-3.90044
165|-3.90044|-3.90044
166|-3.90044|-3.90044
167|-3.90044|-3.90044
168|-3.90044|-3.90044
169|-3.90044|-3.90044
170|-3.90044|-3.90044
171|-3.90044|-3.90044
172|-3.90044|-3.90044
173|-3.90044|-3.90044
174|-3.90044|-3.90044
175|-3.90044|-3.90044
176|-3.90044|-3.90044
177|-3.90044|-3.90044
178|-3.90044|-3.90044
179|-3.90044|-3.90044
180|-3.90044|-3.90044
181|-3.90044|-3.90044
EARLY STOP: TARGET FOUND
69820ms
