1|51.4113|51.4113
2|35.7539|35.7539
3|22.275|22.275
4|14.4868|14.4868
5|8.34052|8.34052
6|5.59871|5.59871
7|4.54513|4.54513
8|3.75898|3.75898
9|3.24935|3.24935
10|2.74062|2.74062
11|2.56828|2.56828
12|2.4152|2.4152
13|2.37583|2.37583
14|2.33868|2.33868
15|2.30927|2.30927
16|2.28009|2.28009
17|2.26241|2.26241
18|2.24882|2.24882
19|2.24381|2.24381
20|2.23948|2.23948
21|2.23641|2.23641
22|2.23426|2.23426
23|2.23337|2.23337
24|2.23251|2.23251
25|2.2319|2.2319
26|2.23137|2.23137
27|2.23116|2.23116
28|2.23096|2.23096
29|2.2309|2.2309
30|2.23085|2.23085
31|2.23082|2.23082
32|2.2308|2.2308
33|2.2308|2.2308
34|2.23079|2.23079
35|2.23079|2.23079
36|2.23078|2.23078
37|2.23078|2.23078
38|2.23078|2.23078
39|2.23078|2.23078
40|2.23078|2.23078
41|2.23078|2.23078
42|2.23078|2.23078
43|2.23078|2.23078
44|2.23078|2.23078
45|2.23078|2.23078
46|2.23078|2.23078
47|2.23078|2.23078
48|2.23078|2.23078
49|2.23078|2.23078
50|2.23078|2.23078
51|2.23078|2.23078
52|2.23078|2.23078
53|2.23078|2.23078
54|2.23078|2.23078
55|2.23078|2.23078
56|2.23078|2.23078
57|2.23078|2.23078
58|2.23078|2.23078
59|2.23078|2.23078
60|2.23078|2.23078
61|2.23078|2.23078
62|2.23078|2.23078
63|2.23078|2.23078
64|2.23078|2.23078
65|2.23078|2.23078
66|2.23078|2.23078
67|2.23078|2.23078
68|2.23078|2.23078
69|2.23078|2.23078
70|2.23078|2.23078
71|2.23078|2.23078
72|2.23078|2.23078
73|2.23078|2.23078
74|2.23078|2.23078
75|2.23078|2.23078
76|2.23078|2.23078
77|2.23078|2.23078
78|2.23078|2.23078
79|2.23078|2.23078
80|2.23078|2.23078
81|2.23078|2.23078
82|2.23078|2.23078
83|2.23078|2.23078
84|2.23078|2.23078
85|2.23078|2.23078
86|2.23078|2.23078
87|2.23078|2.23078
88|2.23078|2.23078
89|2.23078|2.23078
90|2.23078|2.23078
91|2.23078|2.23078
92|2.23078|2.23078
93|2.23078|2.23078
94|2.23078|2.23078
95|2.23078|2.23078
96|2.23078|2.23078
97|2.23078|2.23078
98|2.23078|2.23078
99|2.23078|2.23078
100|2.23078|2.23078
101|2.23078|2.23078
102|2.23078|2.23078
103|2.23078|2.23078
104|2.23078|2.23078
105|2.23078|2.23078
106|2.23078|2.23078
107|2.23078|2.23078
108|2.23078|2.23078
109|2.23078|2.23078
110|2.23078|2.23078
111|2.23078|2.23078
112|2.23078|2.23078
113|2.23078|2.23078
114|2.23078|2.23078
115|2.23078|2.23078
116|2.23078|2.23078
117|2.23078|2.23078
118|2.23078|2.23078
119|2.23078|2.23078
120|2.23078|2.23078
121|2.23078|2.23078
122|2.23078|2.23078
123|2.23078|2.23078
124|2.23078|2.23078
125|2.23078|2.23078
126|2.23078|2.23078
127|2.23078|2.23078
128|2.23078|2.23078
129|2.23078|2.23078
130|2.23078|2.23078
131|2.23078|2.23078
132|2.23078|2.23078
133|2.23078|2.23078
134|2.23078|2.23078
135|2.23078|2.23078
136|2.23078|2.23078
137|2.23078|2.23078
138|2.23078|2.23078
139|2.23078|2.23078
140|2.23078|2.23078
141|2.23078|2.23078
142|2.23078|2.23078
143|2.23078|2.23078
144|2.23078|2.23078
145|2.23078|2.23078
146|2.23078|2.23078
147|2.23078|2.23078
148|2.23078|2.23078
149|2.23078|2.23078
150|2.23078|2.23078
151|2.23078|2.23078
152|2.23078|2.23078
153|2.23078|2.23078
154|2.23078|2.23078
155|2.23078|2.23078
156|2.23078|2.23078
157|2.23078|2.23078
158|2.23078|2.23078
159|2.23078|2.23078
160|2.23078|2.23078
161|2.23078|2.23078
162|2.23078|2.23078
163|2.23078|2.23078
164|2.23078|2.23078
165|2.23078|2.23078
166|2.23078|2.23078
167|2.23078|2.23078
168|2.23078|2.23078
169|2.23078|2.23078
170|2.23078|2.23078
171|2.23078|2.23078
172|2.23078|2.23078
173|2.23078|2.23078
174|2.23078|2.23078
175|2.23078|2.23078
176|2.23078|2.23078
177|2.23078|2.23078
178|2.23078|2.23078
179|2.23078|2.23078
180|2.23078|2.23078
181|2.23078|2.23078
182|2.23078|2.23078
183|2.23078|2.23078
184|2.23078|2.23078
185|2.23078|2.23078
186|2.23078|2.23078
187|2.23078|2.23078
EARLY STOP: TARGET FOUND
73079ms
