1|51.797|51.797
2|38.4752|38.4752
3|26.7338|26.7338
4|15.9902|15.9902
5|11.8656|11.8656
6|7.95498|7.95498
7|6.753|6.753
8|5.58101|5.58101
9|4.52571|4.52571
10|3.63837|3.63837
11|2.80485|2.80485
12|2.07834|2.07834
13|1.44045|1.44045
14|1.14666|1.14666
15|0.867867|0.867867
16|0.647413|0.647413
17|0.510948|0.510948
18|0.401388|0.401388
19|0.331293|0.331293
20|0.268697|0.268697
21|0.215071|0.215071
22|0.167047|0.167047
23|0.11938|0.11938
24|0.0859531|0.0859531
25|0.0544796|0.0544796
26|0.0386319|0.0386319
27|0.0265343|0.0265343
28|0.018921|0.018921
29|0.0149151|0.0149151
30|0.0109983|0.0109983
31|0.00787445|0.00787445
EARLY STOP: TARGET FOUND
43234ms
