1|-0.818734|-0.818734
2|-1.11576|-1.11576
3|-1.3282|-1.3282
4|-1.8013|-1.8013
5|-2.00903|-2.00903
6|-2.11204|-2.11204
7|-2.1964|-2.1964
8|-2.94865|-2.94865
9|-3.09824|-3.09824
10|-3.11184|-3.11184
11|-3.12473|-3.12473
12|-3.1369|-3.1369
13|-3.14374|-3.14374
14|-3.15013|-3.15013
15|-3.15356|-3.15356
16|-3.15594|-3.15594
17|-3.15758|-3.15758
18|-3.29791|-3.29791
19|-3.84694|-3.84694
20|-3.95393|-3.95393
21|-3.95718|-3.95718
22|-3.9588|-3.9588
23|-3.95966|-3.95966
24|-3.96045|-3.96045
25|-3.96083|-3.96083
26|-3.9609|-3.9609
27|-3.96092|-3.96092
28|-3.96092|-3.96092
29|-3.96092|-3.96092
30|-3.96093|-3.96093
31|-3.96093|-3.96093
32|-3.96093|-3.96093
33|-3.96093|-3.96093
34|-3.96093|-3.96093
35|-3.96093|-3.96093
36|-3.96093|-3.96093
37|-3.96093|-3.96093
38|-3.96093|-3.96093
39|-3.96093|-3.96093
40|-3.96093|-3.96093
41|-3.96093|-3.96093
42|-3.96093|-3.96093
43|-3.96093|-3.96093
44|-3.96093|-3.96093
45|-3.96093|-3.96093
46|-3.96093|-3.96093
47|-3.96093|-3.96093
48|-3.96093|-3.96093
49|-3.96093|-3.96093
50|-3.96093|-3.96093
51|-3.96093|-3.96093
52|-3.96093|-3.96093
53|-3.96093|-3.96093
54|-3.96093|-3.96093
55|-3.96093|-3.96093
56|-3.96093|-3.96093
57|-3.96093|-3.96093
58|-3.96093|-3.96093
59|-3.96093|-3.96093
60|-3.96093|-3.96093
61|-3.96093|-3.96093
62|-3.96093|-3.96093
63|-3.96093|-3.96093
64|-3.96093|-3.96093
65|-3.96093|-3.96093
66|-3.96093|-3.96093
67|-3.96093|-3.96093
68|-3.96093|-3.96093
69|-3.96093|-3.96093
70|-3.96093|-3.96093
71|-3.96093|-3.96093
72|-3.96093|-3.96093
73|-3.96093|-3.96093
74|-3.96093|-3.96093
75|-3.96093|-3.96093
76|-3.96093|-3.96093
77|-3.96093|-3.96093
78|-3.96093|-3.96093
79|-3.96093|-3.96093
80|-3.96093|-3.96093
81|-3.96093|-3.96093
82|-3.96093|-3.96093
83|-3.96093|-3.96093
84|-3.96093|-3.96093
85|-3.96093|-3.96093
86|-3.96093|-3.96093
87|-3.96093|-3.96093
88|-3.96093|-3.96093
89|-3.96093|-3.96093
90|-3.96093|-3.96093
91|-3.96093|-3.96093
92|-3.96093|-3.96093
93|-3.96093|-3.96093
94|-3.96093|-3.96093
95|-3.96093|-3.96093
96|-3.96093|-3.96093
97|-3.96093|-3.96093
98|-3.96093|-3.96093
99|-3.96093|-3.96093
100|-3.96093|-3.96093
101|-3.96093|-3.96093
102|-3.96093|-3.96093
103|-3.96093|-3.96093
104|-3.96093|-3.96093
105|-3.96093|-3.96093
106|-3.96093|-3.96093
107|-3.96093|-3.96093
108|-3.96093|-3.96093
109|-3.96093|-3.96093
110|-3.96093|-3.96093
111|-3.96093|-3.96093
112|-3.96093|-3.96093
113|-3.96093|-3.96093
114|-3.96093|-3.96093
115|-3.96093|-3.96093
116|-3.96093|-3.96093
117|-3.96093|-3.96093
118|-3.96093|-3.96093
119|-3.96093|-3.96093
120|-3.96093|-3.96093
121|-3.96093|-3.96093
122|-3.96093|-3.96093
123|-3.96093|-3.96093
124|-3.96093|-3.96093
125|-3.96093|-3.96093
126|-3.96093|-3.96093
127|-3.96093|-3.96093
128|-3.96093|-3.96093
129|-3.96093|-3.96093
130|-3.96093|-3.96093
131|-3.96093|-3.96093
132|-3.96093|-3.96093
133|-3.96093|-3.96093
134|-3.96093|-3.96093
135|-3.96093|-3.96093
136|-3.96093|-3.96093
137|-3.96093|-3.96093
138|-3.96093|-3.96093
139|-3.96093|-3.96093
140|-3.96093|-3.96093
141|-3.96093|-3.96093
142|-3.96093|-3.96093
143|-3.96093|-3.96093
144|-3.96093|-3.96093
145|-3.96093|-3.96093
146|-3.96093|-3.96093
147|-3.96093|-3.96093
148|-3.96093|-3.96093
149|-3.96093|-3.96093
150|-3.96093|-3.96093
151|-3.96093|-3.96093
152|-3.96093|-3.96093
153|-3.96093|-3.96093
154|-3.96093|-3.96093
155|-3.96093|-3.96093
156|-3.96093|-3.96093
157|-3.96093|-3.96093
158|-3.96093|-3.96093
159|-3.96093|-3.96093
160|-3.96093|-3.96093
161|-3.96093|-3.96093
162|-3.96093|-3.96093
163|-3.96093|-3.96093
164|-3.96093|-3.96093
165|-3.96093|-3.96093
166|-3.96093|-3.96093
167|-3.96093|-3.96093
168|-3.96093|-3.96093
169|-3.96093|-3.96093
170|-3.96093|-3.96093
171|-3.96093|-3.96093
172|-3.96093|-3.96093
173|-3.96093|-3.96093
174|-3.96093|-3.96093
175|-3.96093|-3.96093
176|-3.96093|-3.96093
177|-3.96093|-3.96093
178|-3.96093|-3.96093
179|-3.96093|-3.96093
180|-3.96093|-3.96093
181|-3.96093|-3.96093
182|-3.96093|-3.96093
EARLY STOP: TARGET FOUND
72756ms
