1|-719.916|-719.916
2|-848.374|-848.374
3|-919.094|-919.094
4|-968.796|-968.796
5|-1007.26|-1007.26
6|-1043.03|-1043.03
7|-1075.23|-1075.23
8|-1096.5|-1096.5
9|-1114.2|-1114.2
10|-1124.22|-1124.22
11|-1132.98|-1132.98
12|-1138.27|-1138.27
13|-1142.65|-1142.65
14|-1145.29|-1145.29
15|-1147.47|-1147.47
16|-1148.78|-1148.78
17|-1149.44|-1149.44
18|-1149.99|-1149.99
19|-1150.32|-1150.32
20|-1150.59|-1150.59
21|-1150.86|-1150.86
22|-1150.97|-1150.97
23|-1151.06|-1151.06
24|-1151.12|-1151.12
25|-1151.17|-1151.17
26|-1151.2|-1151.2
27|-1151.24|-1151.24
28|-1151.25|-1151.25
29|-1151.27|-1151.27
30|-1151.28|-1151.28
31|-1151.29|-1151.29
32|-1151.29|-1151.29
33|-1151.29|-1151.29
34|-1151.3|-1151.3
35|-1151.3|-1151.3
36|-1151.3|-1151.3
37|-1151.31|-1151.31
38|-1151.31|-1151.31
39|-1151.31|-1151.31
40|-1151.31|-1151.31
41|-1151.31|-1151.31
42|-1151.31|-1151.31
43|-1151.31|-1151.31
44|-1151.31|-1151.31
45|-1151.31|-1151.31
46|-1151.31|-1151.31
47|-1151.31|-1151.31
48|-1151.31|-1151.31
49|-1151.31|-1151.31
50|-1151.31|-1151.31
51|-1151.31|-1151.31
52|-1151.31|-1151.31
53|-1151.31|-1151.31
54|-1151.31|-1151.31
55|-1151.31|-1151.31
56|-1151.31|-1151.31
57|-1151.31|-1151.31
58|-1151.31|-1151.31
59|-1151.31|-1151.31
60|-1151.31|-1151.31
61|-1151.31|-1151.31
62|-1151.31|-1151.31
63|-1151.31|-1151.31
64|-1151.31|-1151.31
65|-1151.31|-1151.31
66|-1151.31|-1151.31
67|-1151.31|-1151.31
68|-1151.31|-1151.31
69|-1151.31|-1151.31
70|-1151.31|-1151.31
71|-1151.31|-1151.31
72|-1151.31|-1151.31
73|-1151.31|-1151.31
74|-1151.31|-1151.31
75|-1151.31|-1151.31
76|-1151.31|-1151.31
77|-1151.31|-1151.31
78|-1151.31|-1151.31
79|-1151.31|-1151.31
80|-1151.31|-1151.31
81|-1151.31|-1151.31
82|-1151.31|-1151.31
83|-1151.31|-1151.31
84|-1151.31|-1151.31
85|-1151.31|-1151.31
86|-1151.31|-1151.31
87|-1151.31|-1151.31
88|-1151.31|-1151.31
89|-1151.31|-1151.31
90|-1151.31|-1151.31
91|-1151.31|-1151.31
92|-1151.31|-1151.31
93|-1151.31|-1151.31
94|-1151.31|-1151.31
95|-1151.31|-1151.31
96|-1151.31|-1151.31
97|-1151.31|-1151.31
98|-1151.31|-1151.31
99|-1151.31|-1151.31
100|-1151.31|-1151.31
101|-1151.31|-1151.31
102|-1151.31|-1151.31
103|-1151.31|-1151.31
104|-1151.31|-1151.31
105|-1151.31|-1151.31
106|-1151.31|-1151.31
107|-1151.31|-1151.31
108|-1151.31|-1151.31
109|-1151.31|-1151.31
110|-1151.31|-1151.31
111|-1151.31|-1151.31
112|-1151.31|-1151.31
113|-1151.31|-1151.31
114|-1151.31|-1151.31
115|-1151.31|-1151.31
116|-1151.31|-1151.31
117|-1151.31|-1151.31
118|-1151.31|-1151.31
119|-1151.31|-1151.31
120|-1151.31|-1151.31
121|-1151.31|-1151.31
122|-1151.31|-1151.31
123|-1151.31|-1151.31
124|-1151.31|-1151.31
125|-1151.31|-1151.31
126|-1151.31|-1151.31
127|-1151.31|-1151.31
128|-1151.31|-1151.31
129|-1151.31|-1151.31
130|-1151.31|-1151.31
131|-1151.31|-1151.31
132|-1151.31|-1151.31
133|-1151.31|-1151.31
134|-1151.31|-1151.31
135|-1151.31|-1151.31
136|-1151.31|-1151.31
137|-1151.31|-1151.31
138|-1151.31|-1151.31
139|-1151.31|-1151.31
140|-1151.31|-1151.31
141|-1151.31|-1151.31
142|-1151.31|-1151.31
143|-1151.31|-1151.31
144|-1151.31|-1151.31
145|-1151.31|-1151.31
146|-1151.31|-1151.31
147|-1151.31|-1151.31
148|-1151.31|-1151.31
149|-1151.31|-1151.31
150|-1151.31|-1151.31
151|-1151.31|-1151.31
152|-1151.31|-1151.31
153|-1151.31|-1151.31
154|-1151.31|-1151.31
155|-1151.31|-1151.31
156|-1151.31|-1151.31
157|-1151.31|-1151.31
158|-1151.31|-1151.31
159|-1151.31|-1151.31
160|-1151.31|-1151.31
161|-1151.31|-1151.31
162|-1151.31|-1151.31
163|-1151.31|-1151.31
164|-1151.31|-1151.31
165|-1151.31|-1151.31
166|-1151.31|-1151.31
167|-1151.31|-1151.31
168|-1151.31|-1151.31
169|-1151.31|-1151.31
170|-1151.31|-1151.31
171|-1151.31|-1151.31
172|-1151.31|-1151.31
173|-1151.31|-1151.31
174|-1151.31|-1151.31
175|-1151.31|-1151.31
176|-1151.31|-1151.31
177|-1151.31|-1151.31
178|-1151.31|-1151.31
179|-1151.31|-1151.31
180|-1151.31|-1151.31
181|-1151.31|-1151.31
182|-1151.31|-1151.31
183|-1151.31|-1151.31
184|-1151.31|-1151.31
185|-1151.31|-1151.31
186|-1151.31|-1151.31
187|-1151.31|-1151.31
188|-1151.31|-1151.31
189|-1151.31|-1151.31
190|-1151.31|-1151.31
191|-1151.31|-1151.31
192|-1151.31|-1151.31
193|-1151.31|-1151.31
EARLY STOP: TARGET FOUND
107417ms
