1|-0.612253|-0.612253
2|-1.07741|-1.07741
3|-1.40159|-1.40159
4|-1.58397|-1.58397
5|-1.76205|-1.76205
6|-2.43571|-2.43571
7|-2.54117|-2.54117
8|-2.57803|-2.57803
9|-3.16584|-3.16584
10|-3.53431|-3.53431
11|-3.55727|-3.55727
12|-4.35528|-4.35528
13|-4.42532|-4.42532
14|-4.43371|-4.43371
15|-4.44054|-4.44054
16|-4.44568|-4.44568
17|-4.44803|-4.44803
18|-4.44992|-4.44992
19|-4.45118|-4.45118
20|-4.45172|-4.45172
21|-4.45212|-4.45212
22|-4.45228|-4.45228
23|-4.45232|-4.45232
24|-4.45235|-4.45235
25|-4.45237|-4.45237
26|-4.45238|-4.45238
27|-4.45239|-4.45239
28|-4.45239|-4.45239
29|-4.4524|-4.4524
30|-4.4524|-4.4524
31|-4.4524|-4.4524
32|-4.4524|-4.4524
33|-4.4524|-4.4524
34|-4.4524|-4.4524
35|-4.4524|-4.4524
36|-4.4524|-4.4524
37|-4.4524|-4.4524
38|-4.4524|-4.4524
39|-4.4524|-4.4524
40|-4.4524|-4.4524
41|-4.4524|-4.4524
42|-4.4524|-4.4524
43|-4.4524|-4.4524
44|-4.4524|-4.4524
45|-4.4524|-4.4524
46|-4.4524|-4.4524
47|-4.4524|-4.4524
48|-4.4524|-4.4524
49|-4.4524|-4.4524
50|-4.4524|-4.4524
51|-4.4524|-4.4524
52|-4.4524|-4.4524
53|-4.4524|-4.4524
54|-4.4524|-4.4524
55|-4.4524|-4.4524
56|-4.4524|-4.4524
57|-4.4524|-4.4524
58|-4.4524|-4.4524
59|-4.4524|-4.4524
60|-4.4524|-4.4524
61|-4.4524|-4.4524
62|-4.4524|-4.4524
63|-4.4524|-4.4524
64|-4.4524|-4.4524
65|-4.4524|-4.4524
66|-4.4524|-4.4524
67|-4.4524|-4.4524
68|-4.4524|-4.4524
69|-4.4524|-4.4524
70|-4.4524|-4.4524
71|-4.4524|-4.4524
72|-4.4524|-4.4524
73|-4.4524|-4.4524
74|-4.4524|-4.4524
75|-4.4524|-4.4524
76|-4.4524|-4.4524
77|-4.4524|-4.4524
78|-4.4524|-4.4524
79|-4.4524|-4.4524
80|-4.4524|-4.4524
81|-4.4524|-4.4524
82|-4.4524|-4.4524
83|-4.4524|-4.4524
84|-4.4524|-4.4524
85|-4.4524|-4.4524
86|-4.4524|-4.4524
87|-4.4524|-4.4524
88|-4.4524|-4.4524
89|-4.4524|-4.4524
90|-4.4524|-4.4524
91|-4.4524|-4.4524
92|-4.4524|-4.4524
93|-4.4524|-4.4524
94|-4.4524|-4.4524
95|-4.4524|-4.4524
96|-4.4524|-4.4524
97|-4.4524|-4.4524
98|-4.4524|-4.4524
99|-4.4524|-4.4524
100|-4.4524|-4.4524
101|-4.4524|-4.4524
102|-4.4524|-4.4524
103|-4.4524|-4.4524
104|-4.4524|-4.4524
105|-4.4524|-4.4524
106|-4.4524|-4.4524
107|-4.4524|-4.4524
108|-4.4524|-4.4524
109|-4.4524|-4.4524
110|-4.4524|-4.4524
111|-4.4524|-4.4524
112|-4.4524|-4.4524
113|-4.4524|-4.4524
114|-4.4524|-4.4524
115|-4.4524|-4.4524
116|-4.4524|-4.4524
117|-4.4524|-4.4524
118|-4.4524|-4.4524
119|-4.4524|-4.4524
120|-4.4524|-4.4524
121|-4.4524|-4.4524
122|-4.4524|-4.4524
123|-4.4524|-4.4524
124|-4.4524|-4.4524
125|-4.4524|-4.4524
126|-4.4524|-4.4524
127|-4.4524|-4.4524
128|-4.4524|-4.4524
129|-4.4524|-4.4524
130|-4.4524|-4.4524
131|-4.4524|-4.4524
132|-4.4524|-4.4524
133|-4.4524|-4.4524
134|-4.4524|-4.4524
135|-4.4524|-4.4524
136|-4.4524|-4.4524
137|-4.4524|-4.4524
138|-4.4524|-4.4524
139|-4.4524|-4.4524
140|-4.4524|-4.4524
141|-4.4524|-4.4524
142|-4.4524|-4.4524
143|-4.4524|-4.4524
144|-4.4524|-4.4524
145|-4.4524|-4.4524
146|-4.4524|-4.4524
147|-4.4524|-4.4524
148|-4.4524|-4.4524
149|-4.4524|-4.4524
150|-4.4524|-4.4524
151|-4.4524|-4.4524
152|-4.4524|-4.4524
153|-4.4524|-4.4524
154|-4.4524|-4.4524
155|-4.4524|-4.4524
156|-4.4524|-4.4524
157|-4.4524|-4.4524
158|-4.4524|-4.4524
159|-4.4524|-4.4524
160|-4.4524|-4.4524
161|-4.4524|-4.4524
162|-4.4524|-4.4524
163|-4.4524|-4.4524
164|-4.4524|-4.4524
165|-4.4524|-4.4524
166|-4.4524|-4.4524
167|-4.4524|-4.4524
168|-4.4524|-4.4524
169|-4.4524|-4.4524
170|-4.4524|-4.4524
171|-4.4524|-4.4524
172|-4.4524|-4.4524
173|-4.4524|-4.4524
174|-4.4524|-4.4524
175|-4.4524|-4.4524
176|-4.4524|-4.4524
177|-4.4524|-4.4524
178|-4.4524|-4.4524
179|-4.4524|-4.4524
180|-4.4524|-4.4524
181|-4.4524|-4.4524
EARLY STOP: TARGET FOUND
69429ms
