1|-0.918624|-0.918624
2|-1.24032|-1.24032
3|-1.48571|-1.48571
4|-1.68484|-1.68484
5|-1.84659|-1.84659
6|-1.99528|-1.99528
7|-2.20441|-2.20441
8|-2.41952|-2.41952
9|-2.44771|-2.44771
10|-2.47078|-2.47078
11|-2.47973|-2.47973
12|-2.48745|-2.48745
13|-2.49204|-2.49204
14|-2.68821|-2.68821
15|-2.82637|-2.82637
16|-2.90587|-2.90587
17|-2.94679|-2.94679
18|-2.95705|-2.95705
19|-2.96218|-2.96218
20|-2.96667|-2.96667
21|-2.96958|-2.96958
22|-2.97215|-2.97215
23|-2.9744|-2.9744
24|-2.97568|-2.97568
25|-2.97681|-2.97681
26|-2.97754|-2.97754
27|-2.97819|-2.97819
28|-2.97883|-2.97883
29|-2.97915|-2.97915
30|-2.97943|-2.97943
31|-2.97966|-2.97966
32|-2.97985|-2.97985
33|-2.98|-2.98
34|-2.98014|-2.98014
35|-2.98023|-2.98023
36|-2.98031|-2.98031
37|-2.98039|-2.98039
38|-2.98046|-2.98046
39|-2.9805|-2.9805
40|-2.98054|-2.98054
41|-2.98058|-2.98058
42|-2.9806|-2.9806
43|-2.9806|-2.9806
44|-2.98061|-2.98061
45|-2.98061|-2.98061
46|-2.98061|-2.98061
47|-2.98061|-2.98061
48|-2.98061|-2.98061
49|-2.98061|-2.98061
50|-2.98061|-2.98061
51|-2.98061|-2.98061
52|-2.98061|-2.98061
53|-2.98061|-2.98061
54|-2.98061|-2.98061
55|-2.98061|-2.98061
56|-2.98061|-2.98061
57|-2.98061|-2.98061
58|-2.98061|-2.98061
59|-2.98061|-2.98061
60|-2.98061|-2.98061
61|-2.98061|-2.98061
62|-2.98061|-2.98061
63|-2.98061|-2.98061
64|-2.98061|-2.98061
65|-2.98061|-2.98061
66|-2.98061|-2.98061
67|-2.98061|-2.98061
68|-2.98061|-2.98061
69|-2.98061|-2.98061
70|-2.98061|-2.98061
71|-2.98061|-2.98061
72|-2.98061|-2.98061
73|-2.98061|-2.98061
74|-2.98061|-2.98061
75|-2.98061|-2.98061
76|-2.98061|-2.98061
77|-2.98061|-2.98061
78|-2.98061|-2.98061
79|-2.98061|-2.98061
80|-2.98061|-2.98061
81|-2.98061|-2.98061
82|-2.98061|-2.98061
83|-2.98061|-2.98061
84|-2.98061|-2.98061
85|-2.98061|-2.98061
86|-2.98061|-2.98061
87|-2.98061|-2.98061
88|-2.98061|-2.98061
89|-2.98061|-2.98061
90|-2.98061|-2.98061
91|-2.98061|-2.98061
92|-2.98061|-2.98061
93|-2.98061|-2.98061
94|-2.98061|-2.98061
95|-2.98061|-2.98061
96|-2.98061|-2.98061
97|-2.98061|-2.98061
98|-2.98061|-2.98061
99|-2.98061|-2.98061
100|-2.98061|-2.98061
101|-2.98061|-2.98061
102|-2.98061|-2.98061
103|-2.98061|-2.98061
104|-2.98061|-2.98061
105|-2.98061|-2.98061
106|-2.98061|-2.98061
107|-2.98061|-2.98061
108|-2.98061|-2.98061
109|-2.98061|-2.98061
110|-2.98061|-2.98061
111|-2.98061|-2.98061
112|-2.98061|-2.98061
113|-2.98061|-2.98061
114|-2.98061|-2.98061
115|-2.98061|-2.98061
116|-2.98061|-2.98061
117|-2.98061|-2.98061
118|-2.98061|-2.98061
119|-2.98061|-2.98061
120|-2.98061|-2.98061
121|-2.98061|-2.98061
122|-2.98061|-2.98061
123|-2.98061|-2.98061
124|-2.98061|-2.98061
125|-2.98061|-2.98061
126|-2.98061|-2.98061
127|-2.98061|-2.98061
128|-2.98061|-2.98061
129|-2.98061|-2.98061
130|-2.98061|-2.98061
131|-2.98061|-2.98061
132|-2.98061|-2.98061
133|-2.98061|-2.98061
134|-2.98061|-2.98061
135|-2.98061|-2.98061
136|-2.98061|-2.98061
137|-2.98061|-2.98061
138|-2.98061|-2.98061
139|-2.98061|-2.98061
140|-2.98061|-2.98061
141|-2.98061|-2.98061
142|-2.98061|-2.98061
143|-2.98061|-2.98061
144|-2.98061|-2.98061
145|-2.98061|-2.98061
146|-2.98061|-2.98061
147|-2.98061|-2.98061
148|-2.98061|-2.98061
149|-2.98061|-2.98061
150|-2.98061|-2.98061
151|-2.98061|-2.98061
152|-2.98061|-2.98061
153|-2.98061|-2.98061
154|-2.98061|-2.98061
155|-2.98061|-2.98061
156|-2.98061|-2.98061
157|-2.98061|-2.98061
158|-2.98061|-2.98061
159|-2.98061|-2.98061
160|-2.98061|-2.98061
161|-2.98061|-2.98061
162|-2.98061|-2.98061
163|-2.98061|-2.98061
164|-2.98061|-2.98061
165|-2.98061|-2.98061
166|-2.98061|-2.98061
167|-2.98061|-2.98061
168|-2.98061|-2.98061
169|-2.98061|-2.98061
170|-2.98061|-2.98061
171|-2.98061|-2.98061
172|-2.98061|-2.98061
173|-2.98061|-2.98061
174|-2.98061|-2.98061
175|-2.98061|-2.98061
176|-2.98061|-2.98061
177|-2.98061|-2.98061
178|-2.98061|-2.98061
179|-2.98061|-2.98061
180|-2.98061|-2.98061
181|-2.98061|-2.98061
182|-2.98061|-2.98061
183|-2.98061|-2.98061
184|-2.98061|-2.98061
185|-2.98061|-2.98061
186|-2.98061|-2.98061
187|-2.98061|-2.98061
188|-2.98061|-2.98061
189|-2.98061|-2.98061
190|-2.98061|-2.98061
191|-2.98061|-2.98061
192|-2.98061|-2.98061
193|-2.98061|-2.98061
194|-2.98061|-2.98061
195|-2.98061|-2.98061
EARLY STOP: TARGET FOUND
75314ms
