1|218.274|218.274
2|194.037|194.037
3|170.429|170.429
4|153.707|153.707
5|137.556|137.556
6|124.61|124.61
7|112.881|112.881
8|102.085|102.085
9|91.9373|91.9373
10|82.0497|82.0497
11|72.2319|72.2319
12|62.6085|62.6085
13|53.0929|53.0929
14|44.7146|44.7146
15|36.8443|36.8443
16|32.26|32.26
17|27.7239|27.7239
18|23.5542|23.5542
19|20.8864|20.8864
20|18.6618|18.6618
21|16.6317|16.6317
22|14.6322|14.6322
23|13.4437|13.4437
24|12.3183|12.3183
25|11.255|11.255
26|10.2157|10.2157
27|9.3315|9.3315
28|8.47544|8.47544
29|7.627|7.627
30|6.85011|6.85011
31|6.19906|6.19906
32|5.65496|5.65496
33|5.13875|5.13875
34|4.64978|4.64978
35|4.22588|4.22588
36|3.80855|3.80855
37|3.50293|3.50293
38|3.21588|3.21588
39|2.93455|2.93455
40|2.6667|2.6667
41|2.40061|2.40061
42|2.14512|2.14512
43|1.92066|1.92066
44|1.70823|1.70823
45|1.55329|1.55329
46|1.41838|1.41838
47|1.2927|1.2927
48|1.17187|1.17187
49|1.05485|1.05485
50|0.950703|0.950703
51|0.874695|0.874695
52|0.807968|0.807968
53|0.741748|0.741748
54|0.677887|0.677887
55|0.62076|0.62076
56|0.564065|0.564065
57|0.507822|0.507822
58|0.451977|0.451977
59|0.401032|0.401032
60|0.353352|0.353352
61|0.317144|0.317144
62|0.281711|0.281711
63|0.246947|0.246947
64|0.217533|0.217533
65|0.198729|0.198729
66|0.180647|0.180647
67|0.16448|0.16448
68|0.150317|0.150317
69|0.136407|0.136407
70|0.123676|0.123676
71|0.112227|0.112227
72|0.101815|0.101815
73|0.0924521|0.0924521
74|0.0833044|0.0833044
75|0.0743833|0.0743833
76|0.0656606|0.0656606
77|0.0587349|0.0587349
78|0.0520013|0.0520013
79|0.0472649|0.0472649
80|0.042663|0.042663
81|0.0384219|0.0384219
82|0.034502|0.034502
83|0.030593|0.030593
84|0.0272325|0.0272325
85|0.0239493|0.0239493
86|0.0214848|0.0214848
87|0.0192032|0.0192032
88|0.0170481|0.0170481
89|0.0158655|0.0158655
90|0.0146973|0.0146973
91|0.0135963|0.0135963
92|0.0125414|0.0125414
93|0.0116154|0.0116154
94|0.0106949|0.0106949
95|0.00983263|0.00983263
EARLY STOP: TARGET FOUND
1079201ms
