1|-1396.58|-1396.58
2|-1570.88|-1570.88
3|-1720.47|-1720.47
4|-1828.66|-1828.66
5|-1924.01|-1924.01
6|-2011.73|-2011.73
7|-2091.41|-2091.41
8|-2177.37|-2177.37
9|-2255.54|-2255.54
10|-2329.18|-2329.18
11|-2375.29|-2375.29
12|-2417.44|-2417.44
13|-2457.24|-2457.24
14|-2483.93|-2483.93
15|-2504.95|-2504.95
16|-2522.08|-2522.08
17|-2545.55|-2545.55
18|-2581.19|-2581.19
19|-2591.77|-2591.77
20|-2600.71|-2600.71
21|-2608.05|-2608.05
22|-2644.23|-2644.23
23|-2661.93|-2661.93
24|-2667.21|-2667.21
25|-2671.58|-2671.58
26|-2675.95|-2675.95
27|-2680.25|-2680.25
28|-2683.51|-2683.51
29|-2686.69|-2686.69
30|-2689.33|-2689.33
31|-2691.67|-2691.67
32|-2693.85|-2693.85
33|-2695.91|-2695.91
34|-2697|-2697
35|-2698.02|-2698.02
36|-2699.03|-2699.03
37|-2699.53|-2699.53
38|-2699.88|-2699.88
39|-2700.21|-2700.21
40|-2700.54|-2700.54
41|-2700.85|-2700.85
42|-2701.06|-2701.06
43|-2701.23|-2701.23
44|-2701.39|-2701.39
45|-2701.53|-2701.53
46|-2701.65|-2701.65
47|-2701.78|-2701.78
48|-2701.86|-2701.86
49|-2701.94|-2701.94
50|-2702.02|-2702.02
51|-2702.09|-2702.09
52|-2702.16|-2702.16
53|-2702.22|-2702.22
54|-2702.27|-2702.27
55|-2702.3|-2702.3
56|-2702.32|-2702.32
57|-2702.34|-2702.34
58|-2702.36|-2702.36
59|-2702.37|-2702.37
60|-2702.39|-2702.39
61|-2702.4|-2702.4
62|-2702.41|-2702.41
63|-2702.42|-2702.42
64|-2702.43|-2702.43
65|-2702.44|-2702.44
66|-2702.44|-2702.44
67|-2702.45|-2702.45
68|-2702.45|-2702.45
69|-2702.46|-2702.46
70|-2702.46|-2702.46
71|-2702.46|-2702.46
72|-2702.47|-2702.47
73|-2702.47|-2702.47
74|-2702.47|-2702.47
75|-2702.47|-2702.47
76|-2702.47|-2702.47
77|-2702.47|-2702.47
78|-2702.48|-2702.48
79|-2702.48|-2702.48
80|-2702.48|-2702.48
81|-2702.48|-2702.48
82|-2702.48|-2702.48
83|-2702.48|-2702.48
84|-2702.48|-2702.48
85|-2702.48|-2702.48
86|-2702.48|-2702.48
87|-2702.48|-2702.48
88|-2702.48|-2702.48
89|-2702.48|-2702.48
90|-2702.48|-2702.48
91|-2702.48|-2702.48
92|-2702.48|-2702.48
93|-2702.48|-2702.48
94|-2702.48|-2702.48
95|-2702.48|-2702.48
96|-2702.48|-2702.48
97|-2702.48|-2702.48
98|-2702.48|-2702.48
99|-2702.48|-2702.48
100|-2702.48|-2702.48
101|-2702.48|-2702.48
102|-2702.48|-2702.48
103|-2702.48|-2702.48
104|-2702.48|-2702.48
105|-2702.48|-2702.48
106|-2702.48|-2702.48
107|-2702.48|-2702.48
108|-2702.48|-2702.48
109|-2702.48|-2702.48
110|-2702.48|-2702.48
111|-2702.48|-2702.48
112|-2702.48|-2702.48
113|-2702.48|-2702.48
114|-2702.48|-2702.48
115|-2702.48|-2702.48
116|-2702.48|-2702.48
117|-2702.48|-2702.48
118|-2702.48|-2702.48
119|-2702.48|-2702.48
120|-2702.48|-2702.48
121|-2702.48|-2702.48
122|-2702.48|-2702.48
123|-2702.48|-2702.48
124|-2702.48|-2702.48
125|-2702.48|-2702.48
126|-2702.48|-2702.48
127|-2702.48|-2702.48
128|-2702.48|-2702.48
129|-2702.48|-2702.48
130|-2702.48|-2702.48
131|-2702.48|-2702.48
132|-2702.48|-2702.48
133|-2702.48|-2702.48
134|-2702.48|-2702.48
135|-2702.48|-2702.48
136|-2702.48|-2702.48
137|-2702.48|-2702.48
138|-2702.48|-2702.48
139|-2702.48|-2702.48
140|-2702.48|-2702.48
141|-2702.48|-2702.48
142|-2702.48|-2702.48
143|-2702.48|-2702.48
144|-2702.48|-2702.48
145|-2702.48|-2702.48
146|-2702.48|-2702.48
147|-2702.48|-2702.48
148|-2702.48|-2702.48
149|-2702.48|-2702.48
150|-2702.48|-2702.48
151|-2702.48|-2702.48
152|-2702.48|-2702.48
153|-2702.48|-2702.48
154|-2702.48|-2702.48
155|-2702.48|-2702.48
156|-2702.48|-2702.48
157|-2702.48|-2702.48
158|-2702.48|-2702.48
159|-2702.48|-2702.48
160|-2702.48|-2702.48
161|-2702.48|-2702.48
162|-2702.48|-2702.48
163|-2702.48|-2702.48
164|-2702.48|-2702.48
165|-2702.48|-2702.48
166|-2702.48|-2702.48
167|-2702.48|-2702.48
168|-2702.48|-2702.48
169|-2702.48|-2702.48
170|-2702.48|-2702.48
171|-2702.48|-2702.48
172|-2702.48|-2702.48
173|-2702.48|-2702.48
174|-2702.48|-2702.48
175|-2702.48|-2702.48
176|-2702.48|-2702.48
177|-2702.48|-2702.48
178|-2702.48|-2702.48
179|-2702.48|-2702.48
180|-2702.48|-2702.48
181|-2702.48|-2702.48
182|-2702.48|-2702.48
183|-2702.48|-2702.48
184|-2702.48|-2702.48
185|-2702.48|-2702.48
186|-2702.48|-2702.48
187|-2702.48|-2702.48
188|-2702.48|-2702.48
189|-2702.48|-2702.48
190|-2702.48|-2702.48
191|-2702.48|-2702.48
192|-2702.48|-2702.48
193|-2702.48|-2702.48
194|-2702.48|-2702.48
195|-2702.48|-2702.48
196|-2702.48|-2702.48
197|-2702.48|-2702.48
198|-2702.48|-2702.48
199|-2702.48|-2702.48
200|-2702.48|-2702.48
201|-2702.48|-2702.48
202|-2702.48|-2702.48
203|-2702.48|-2702.48
204|-2702.48|-2702.48
205|-2702.48|-2702.48
206|-2702.48|-2702.48
207|-2702.48|-2702.48
208|-2702.48|-2702.48
209|-2702.48|-2702.48
210|-2702.48|-2702.48
211|-2702.48|-2702.48
212|-2702.48|-2702.48
213|-2702.48|-2702.48
214|-2702.48|-2702.48
215|-2702.48|-2702.48
216|-2702.48|-2702.48
217|-2702.48|-2702.48
218|-2702.48|-2702.48
219|-2702.48|-2702.48
220|-2702.48|-2702.48
221|-2702.48|-2702.48
222|-2702.48|-2702.48
223|-2702.48|-2702.48
224|-2702.48|-2702.48
225|-2702.48|-2702.48
226|-2702.48|-2702.48
227|-2702.48|-2702.48
228|-2702.48|-2702.48
229|-2702.48|-2702.48
230|-2702.48|-2702.48
231|-2702.48|-2702.48
232|-2702.48|-2702.48
233|-2702.48|-2702.48
234|-2702.48|-2702.48
235|-2702.48|-2702.48
236|-2702.48|-2702.48
237|-2702.48|-2702.48
EARLY STOP: TARGET FOUND
475711ms
