1|-2.15638|-2.15638
2|-2.64166|-2.64166
3|-2.94917|-2.94917
4|-3.24238|-3.24238
5|-3.6517|-3.6517
6|-3.86088|-3.86088
7|-3.97658|-3.97658
8|-4.05499|-4.05499
9|-4.09569|-4.09569
10|-4.11619|-4.11619
11|-4.12934|-4.12934
12|-4.14107|-4.14107
13|-4.15134|-4.15134
14|-4.15647|-4.15647
15|-4.1608|-4.1608
16|-4.16337|-4.16337
17|-4.16558|-4.16558
18|-4.16736|-4.16736
19|-4.16816|-4.16816
20|-4.1688|-4.1688
21|-4.16921|-4.16921
22|-4.16952|-4.16952
23|-4.16971|-4.16971
24|-4.16978|-4.16978
25|-4.1698|-4.1698
26|-4.16983|-4.16983
27|-4.16984|-4.16984
28|-4.16985|-4.16985
29|-4.16986|-4.16986
30|-4.16986|-4.16986
31|-4.16986|-4.16986
32|-4.16986|-4.16986
33|-4.16986|-4.16986
34|-4.16986|-4.16986
35|-4.16986|-4.16986
36|-4.16986|-4.16986
37|-4.16986|-4.16986
38|-4.16986|-4.16986
39|-4.16986|-4.16986
40|-4.16986|-4.16986
41|-4.16986|-4.16986
42|-4.16986|-4.16986
43|-4.16986|-4.16986
44|-4.16986|-4.16986
45|-4.16986|-4.16986
46|-4.16986|-4.16986
47|-4.16986|-4.16986
48|-4.16986|-4.16986
49|-4.16986|-4.16986
50|-4.16986|-4.16986
51|-4.16986|-4.16986
52|-4.16986|-4.16986
53|-4.16986|-4.16986
54|-4.16986|-4.16986
55|-4.16986|-4.16986
56|-4.16986|-4.16986
57|-4.16986|-4.16986
58|-4.16986|-4.16986
59|-4.16986|-4.16986
60|-4.16986|-4.16986
61|-4.16986|-4.16986
62|-4.16986|-4.16986
63|-4.16986|-4.16986
64|-4.16986|-4.16986
65|-4.16986|-4.16986
66|-4.16986|-4.16986
67|-4.16986|-4.16986
68|-4.16986|-4.16986
69|-4.16986|-4.16986
70|-4.16986|-4.16986
71|-4.16986|-4.16986
72|-4.16986|-4.16986
73|-4.16986|-4.16986
74|-4.16986|-4.16986
75|-4.16986|-4.16986
76|-4.16986|-4.16986
77|-4.16986|-4.16986
78|-4.16986|-4.16986
79|-4.16986|-4.16986
80|-4.16986|-4.16986
81|-4.16986|-4.16986
82|-4.16986|-4.16986
83|-4.16986|-4.16986
84|-4.16986|-4.16986
85|-4.16986|-4.16986
86|-4.16986|-4.16986
87|-4.16986|-4.16986
88|-4.16986|-4.16986
89|-4.16986|-4.16986
90|-4.16986|-4.16986
91|-4.16986|-4.16986
92|-4.16986|-4.16986
93|-4.16986|-4.16986
94|-4.16986|-4.16986
95|-4.16986|-4.16986
96|-4.16986|-4.16986
97|-4.16986|-4.16986
98|-4.16986|-4.16986
99|-4.16986|-4.16986
100|-4.16986|-4.16986
101|-4.16986|-4.16986
102|-4.16986|-4.16986
103|-4.16986|-4.16986
104|-4.16986|-4.16986
105|-4.16986|-4.16986
106|-4.16986|-4.16986
107|-4.16986|-4.16986
108|-4.16986|-4.16986
109|-4.16986|-4.16986
110|-4.16986|-4.16986
111|-4.16986|-4.16986
112|-4.16986|-4.16986
113|-4.16986|-4.16986
114|-4.16986|-4.16986
115|-4.16986|-4.16986
116|-4.16986|-4.16986
117|-4.16986|-4.16986
118|-4.16986|-4.16986
119|-4.16986|-4.16986
120|-4.16986|-4.16986
121|-4.16986|-4.16986
122|-4.16986|-4.16986
123|-4.16986|-4.16986
124|-4.16986|-4.16986
125|-4.16986|-4.16986
126|-4.16986|-4.16986
127|-4.16986|-4.16986
128|-4.16986|-4.16986
129|-4.16986|-4.16986
130|-4.16986|-4.16986
131|-4.16986|-4.16986
132|-4.16986|-4.16986
133|-4.16986|-4.16986
134|-4.16986|-4.16986
135|-4.16986|-4.16986
136|-4.16986|-4.16986
137|-4.16986|-4.16986
138|-4.16986|-4.16986
139|-4.16986|-4.16986
140|-4.16986|-4.16986
141|-4.16986|-4.16986
142|-4.16986|-4.16986
143|-4.16986|-4.16986
144|-4.16986|-4.16986
145|-4.16986|-4.16986
146|-4.16986|-4.16986
147|-4.16986|-4.16986
148|-4.16986|-4.16986
149|-4.16986|-4.16986
150|-4.16986|-4.16986
151|-4.16986|-4.16986
152|-4.16986|-4.16986
153|-4.16986|-4.16986
154|-4.16986|-4.16986
155|-4.16986|-4.16986
156|-4.16986|-4.16986
157|-4.16986|-4.16986
158|-4.16986|-4.16986
159|-4.16986|-4.16986
160|-4.16986|-4.16986
161|-4.16986|-4.16986
162|-4.16986|-4.16986
163|-4.16986|-4.16986
164|-4.16986|-4.16986
165|-4.16986|-4.16986
166|-4.16986|-4.16986
167|-4.16986|-4.16986
168|-4.16986|-4.16986
169|-4.16986|-4.16986
170|-4.16986|-4.16986
171|-4.16986|-4.16986
172|-4.16986|-4.16986
173|-4.16986|-4.16986
174|-4.16986|-4.16986
175|-4.16986|-4.16986
176|-4.16986|-4.16986
177|-4.16986|-4.16986
178|-4.16986|-4.16986
179|-4.16986|-4.16986
180|-4.16986|-4.16986
181|-4.16986|-4.16986
182|-4.16986|-4.16986
EARLY STOP: TARGET FOUND
70936ms
