1|-2.89275|-2.89275
2|-3.8055|-3.8055
3|-4.69123|-4.69123
4|-5.51189|-5.51189
5|-6.25833|-6.25833
6|-6.93532|-6.93532
7|-7.59641|-7.59641
8|-8.21091|-8.21091
9|-8.80846|-8.80846
10|-9.39664|-9.39664
11|-9.94065|-9.94065
12|-10.4347|-10.4347
13|-10.9219|-10.9219
14|-11.3769|-11.3769
15|-11.7829|-11.7829
16|-12.1497|-12.1497
17|-12.7454|-12.7454
18|-13.1027|-13.1027
19|-13.5304|-13.5304
20|-13.8623|-13.8623
21|-14.3519|-14.3519
22|-14.6747|-14.6747
23|-14.9832|-14.9832
24|-15.2837|-15.2837
25|-15.5663|-15.5663
26|-15.8391|-15.8391
27|-16.2699|-16.2699
28|-16.5421|-16.5421
29|-16.7828|-16.7828
30|-17.1658|-17.1658
31|-17.3943|-17.3943
32|-17.6205|-17.6205
33|-17.8271|-17.8271
34|-18.0131|-18.0131
35|-18.1693|-18.1693
36|-18.325|-18.325
37|-18.4763|-18.4763
38|-18.6272|-18.6272
39|-18.7713|-18.7713
40|-18.9082|-18.9082
41|-19.0426|-19.0426
42|-19.1535|-19.1535
43|-19.4111|-19.4111
44|-19.512|-19.512
45|-19.5983|-19.5983
46|-20.2691|-20.2691
47|-20.4038|-20.4038
48|-20.4655|-20.4655
49|-21.0507|-21.0507
50|-21.1103|-21.1103
51|-21.1637|-21.1637
52|-21.9123|-21.9123
53|-21.9644|-21.9644
54|-22.0161|-22.0161
55|-22.0676|-22.0676
56|-22.1131|-22.1131
57|-22.7223|-22.7223
58|-22.7669|-22.7669
59|-22.8085|-22.8085
60|-22.8496|-22.8496
61|-22.8866|-22.8866
62|-23.1229|-23.1229
63|-23.2423|-23.2423
64|-23.3102|-23.3102
65|-23.3458|-23.3458
66|-23.38|-23.38
67|-23.4106|-23.4106
68|-23.4403|-23.4403
69|-23.468|-23.468
70|-23.4942|-23.4942
71|-23.5187|-23.5187
72|-23.5405|-23.5405
73|-23.8726|-23.8726
74|-24.0278|-24.0278
75|-24.4432|-24.4432
76|-24.4644|-24.4644
77|-24.4816|-24.4816
78|-24.4978|-24.4978
79|-24.5139|-24.5139
80|-24.5292|-24.5292
81|-24.5426|-24.5426
82|-24.5552|-24.5552
83|-24.5673|-24.5673
84|-24.5779|-24.5779
85|-24.5883|-24.5883
86|-24.597|-24.597
87|-24.6026|-24.6026
88|-24.6076|-24.6076
89|-24.6125|-24.6125
90|-24.6173|-24.6173
91|-24.6219|-24.6219
92|-24.6266|-24.6266
93|-24.6311|-24.6311
94|-24.6355|-24.6355
95|-24.6397|-24.6397
96|-24.6433|-24.6433
97|-24.6462|-24.6462
98|-24.6489|-24.6489
99|-24.6513|-24.6513
100|-24.6537|-24.6537
101|-24.6558|-24.6558
102|-24.6577|-24.6577
103|-24.6591|-24.6591
104|-24.6604|-24.6604
105|-24.6617|-24.6617
106|-24.6628|-24.6628
107|-24.6639|-24.6639
108|-24.6649|-24.6649
109|-24.666|-24.666
110|-24.6669|-24.6669
111|-24.6678|-24.6678
112|-24.6686|-24.6686
113|-24.6694|-24.6694
114|-24.6701|-24.6701
115|-24.6709|-24.6709
116|-24.6715|-24.6715
117|-24.672|-24.672
118|-24.6726|-24.6726
119|-24.6731|-24.6731
120|-24.6735|-24.6735
121|-24.674|-24.674
122|-24.6744|-24.6744
123|-24.6748|-24.6748
124|-24.6752|-24.6752
125|-24.6755|-24.6755
126|-24.6759|-24.6759
127|-24.6762|-24.6762
128|-24.6765|-24.6765
129|-24.6768|-24.6768
130|-24.6771|-24.6771
131|-24.6774|-24.6774
132|-24.6776|-24.6776
133|-24.6779|-24.6779
134|-24.6781|-24.6781
135|-24.6783|-24.6783
136|-24.6785|-24.6785
137|-24.6788|-24.6788
138|-24.679|-24.679
139|-24.6791|-24.6791
140|-24.6793|-24.6793
141|-24.6794|-24.6794
142|-24.6796|-24.6796
143|-24.6798|-24.6798
144|-24.6799|-24.6799
145|-24.6801|-24.6801
146|-24.6802|-24.6802
147|-24.6803|-24.6803
148|-24.6804|-24.6804
149|-24.6805|-24.6805
150|-24.6806|-24.6806
151|-24.6807|-24.6807
152|-24.6808|-24.6808
153|-24.6809|-24.6809
154|-24.6809|-24.6809
155|-24.681|-24.681
156|-24.6811|-24.6811
157|-24.6811|-24.6811
158|-24.6812|-24.6812
159|-24.6812|-24.6812
160|-24.6813|-24.6813
161|-24.6813|-24.6813
162|-24.6814|-24.6814
163|-24.6814|-24.6814
164|-24.6815|-24.6815
165|-24.6815|-24.6815
166|-24.6815|-24.6815
167|-24.6816|-24.6816
168|-24.6816|-24.6816
169|-24.6816|-24.6816
170|-24.6816|-24.6816
171|-24.6817|-24.6817
172|-24.6817|-24.6817
173|-24.6817|-24.6817
174|-24.6817|-24.6817
175|-24.6817|-24.6817
176|-24.6817|-24.6817
177|-24.6818|-24.6818
178|-24.6818|-24.6818
179|-24.6818|-24.6818
180|-24.6818|-24.6818
181|-24.6818|-24.6818
182|-24.6818|-24.6818
183|-24.6818|-24.6818
184|-24.6818|-24.6818
185|-24.6818|-24.6818
186|-24.6818|-24.6818
187|-24.6818|-24.6818
188|-24.6818|-24.6818
189|-24.6818|-24.6818
190|-24.6818|-24.6818
191|-24.6818|-24.6818
192|-24.6818|-24.6818
193|-24.6818|-24.6818
194|-24.6818|-24.6818
195|-24.6818|-24.6818
196|-24.6818|-24.6818
197|-24.6818|-24.6818
198|-24.6818|-24.6818
199|-24.6818|-24.6818
200|-24.6818|-24.6818
201|-24.6818|-24.6818
202|-24.6818|-24.6818
203|-24.6818|-24.6818
204|-24.6818|-24.6818
205|-24.6818|-24.6818
206|-24.6818|-24.6818
207|-24.6818|-24.6818
208|-24.6818|-24.6818
209|-24.6818|-24.6818
210|-24.6818|-24.6818
211|-24.6818|-24.6818
212|-24.6818|-24.6818
213|-24.6818|-24.6818
214|-24.6818|-24.6818
215|-24.6818|-24.6818
216|-24.6818|-24.6818
217|-24.6818|-24.6818
218|-24.6818|-24.6818
219|-24.6818|-24.6818
220|-24.6818|-24.6818
221|-24.6818|-24.6818
222|-24.6818|-24.6818
223|-24.6818|-24.6818
224|-24.6818|-24.6818
225|-24.6818|-24.6818
226|-24.6818|-24.6818
227|-24.6818|-24.6818
228|-24.6818|-24.6818
229|-24.6818|-24.6818
230|-24.6818|-24.6818
231|-24.6818|-24.6818
232|-24.6818|-24.6818
233|-24.6818|-24.6818
234|-24.6818|-24.6818
235|-24.6818|-24.6818
236|-24.6818|-24.6818
237|-24.6818|-24.6818
238|-24.6818|-24.6818
239|-24.6818|-24.6818
240|-24.6818|-24.6818
241|-24.6818|-24.6818
242|-24.6818|-24.6818
243|-24.6818|-24.6818
244|-24.6818|-24.6818
245|-24.6818|-24.6818
246|-24.6818|-24.6818
247|-24.6818|-24.6818
248|-24.6818|-24.6818
249|-24.6818|-24.6818
250|-24.6818|-24.6818
251|-24.6818|-24.6818
252|-24.6818|-24.6818
253|-24.6818|-24.6818
254|-24.6818|-24.6818
255|-24.6818|-24.6818
256|-24.6818|-24.6818
257|-24.6818|-24.6818
258|-24.6818|-24.6818
259|-24.6818|-24.6818
260|-24.6818|-24.6818
261|-24.6818|-24.6818
262|-24.6818|-24.6818
263|-24.6818|-24.6818
264|-24.6818|-24.6818
265|-24.6818|-24.6818
266|-24.6818|-24.6818
267|-24.6818|-24.6818
268|-24.6818|-24.6818
269|-24.6818|-24.6818
270|-24.6818|-24.6818
271|-24.6818|-24.6818
272|-24.6818|-24.6818
273|-24.6818|-24.6818
274|-24.6818|-24.6818
275|-24.6818|-24.6818
276|-24.6818|-24.6818
277|-24.6818|-24.6818
278|-24.6818|-24.6818
279|-24.6818|-24.6818
280|-24.6818|-24.6818
281|-24.6818|-24.6818
282|-24.6818|-24.6818
283|-24.6818|-24.6818
284|-24.6818|-24.6818
285|-24.6818|-24.6818
286|-24.6818|-24.6818
287|-24.6818|-24.6818
288|-24.6818|-24.6818
289|-24.6818|-24.6818
290|-24.6818|-24.6818
291|-24.6818|-24.6818
292|-24.6818|-24.6818
293|-24.6818|-24.6818
294|-24.6818|-24.6818
295|-24.6818|-24.6818
296|-24.6818|-24.6818
297|-24.6818|-24.6818
298|-24.6818|-24.6818
299|-24.6818|-24.6818
300|-24.6818|-24.6818
301|-24.6818|-24.6818
302|-24.6818|-24.6818
303|-24.6818|-24.6818
304|-24.6818|-24.6818
305|-24.6818|-24.6818
306|-24.6818|-24.6818
307|-24.6818|-24.6818
308|-24.6818|-24.6818
309|-24.6818|-24.6818
310|-24.6818|-24.6818
311|-24.6818|-24.6818
312|-24.6818|-24.6818
313|-24.6818|-24.6818
314|-24.6818|-24.6818
315|-24.6818|-24.6818
316|-24.6818|-24.6818
317|-24.6818|-24.6818
318|-24.6818|-24.6818
319|-24.6818|-24.6818
320|-24.6818|-24.6818
321|-24.6818|-24.6818
322|-24.6818|-24.6818
323|-24.6818|-24.6818
324|-24.6818|-24.6818
325|-24.6818|-24.6818
326|-24.6818|-24.6818
327|-24.6818|-24.6818
328|-24.6818|-24.6818
329|-24.6818|-24.6818
330|-24.6818|-24.6818
331|-24.6818|-24.6818
332|-24.6818|-24.6818
333|-24.6818|-24.6818
334|-24.6818|-24.6818
EARLY STOP: TARGET FOUND
3786777ms
