1|513.169|513.169
2|484.694|484.694
3|456.258|456.258
4|430.795|430.795
5|405.51|405.51
6|381.036|381.036
7|357.222|357.222
8|333.413|333.413
9|312.808|312.808
10|295.491|295.491
11|278.458|278.458
12|262.64|262.64
13|248.091|248.091
14|233.68|233.68
15|220.576|220.576
16|209.13|209.13
17|198.067|198.067
18|189.031|189.031
19|180.017|180.017
20|172.638|172.638
21|165.916|165.916
22|158.142|158.142
23|151.992|151.992
24|146.109|146.109
25|140.272|140.272
26|134.683|134.683
27|129.709|129.709
28|125.705|125.705
29|122.068|122.068
30|118.69|118.69
31|115.323|115.323
32|112.003|112.003
33|108.752|108.752
34|105.665|105.665
35|102.72|102.72
36|99.8162|99.8162
37|97.3501|97.3501
38|95.0364|95.0364
39|92.9172|92.9172
40|90.2264|90.2264
41|88.5184|88.5184
42|86.8214|86.8214
43|85.4236|85.4236
44|84.0652|84.0652
45|83.0378|83.0378
46|82.1162|82.1162
47|81.2985|81.2985
48|80.5486|80.5486
49|79.8324|79.8324
50|79.1206|79.1206
51|78.4404|78.4404
52|77.7668|77.7668
53|77.1358|77.1358
54|76.505|76.505
55|75.8754|75.8754
56|75.2701|75.2701
57|74.6926|74.6926
58|74.1602|74.1602
59|73.6866|73.6866
60|73.2246|73.2246
61|72.8291|72.8291
62|72.4654|72.4654
63|72.1114|72.1114
64|71.7629|71.7629
65|71.4272|71.4272
66|71.1361|71.1361
67|70.8485|70.8485
68|70.598|70.598
69|70.4165|70.4165
70|70.2379|70.2379
71|70.0624|70.0624
72|69.9179|69.9179
73|69.7747|69.7747
74|69.6364|69.6364
75|69.4996|69.4996
76|69.3628|69.3628
77|69.2371|69.2371
78|69.1137|69.1137
79|68.9995|68.9995
80|68.8995|68.8995
81|68.0381|68.0381
82|63.9519|63.9519
83|63.8711|63.8711
84|63.7946|63.7946
85|63.7192|63.7192
86|63.6457|63.6457
87|63.5723|63.5723
88|63.5032|63.5032
89|63.4358|63.4358
90|63.3706|63.3706
91|63.3166|63.3166
92|63.2814|63.2814
93|63.2477|63.2477
94|63.2141|63.2141
95|63.184|63.184
96|63.1561|63.1561
97|63.1381|63.1381
98|63.1204|63.1204
99|63.1027|63.1027
100|63.085|63.085
101|63.0683|63.0683
102|63.0517|63.0517
103|63.0357|63.0357
104|63.0236|63.0236
105|63.0118|63.0118
106|63.0007|63.0007
107|62.9912|62.9912
108|62.9824|62.9824
109|62.9736|62.9736
110|62.9653|62.9653
111|62.9571|62.9571
112|62.9488|62.9488
113|62.9405|62.9405
114|62.9338|62.9338
115|62.9277|62.9277
116|62.9223|62.9223
117|62.9179|62.9179
118|62.9136|62.9136
119|62.9093|62.9093
120|62.905|62.905
121|62.9008|62.9008
122|62.8967|62.8967
123|62.8925|62.8925
124|62.8893|62.8893
125|62.8864|62.8864
126|62.8837|62.8837
127|62.881|62.881
128|62.8787|62.8787
129|62.8765|62.8765
130|62.8744|62.8744
131|62.8723|62.8723
132|62.8705|62.8705
133|62.8691|62.8691
134|62.8678|62.8678
135|62.8667|62.8667
136|62.8657|62.8657
137|62.8646|62.8646
138|62.8635|62.8635
139|62.8625|62.8625
140|62.8615|62.8615
141|62.8606|62.8606
142|62.8599|62.8599
143|62.8592|62.8592
144|62.8586|62.8586
145|62.8579|62.8579
146|62.8574|62.8574
147|62.8568|62.8568
148|62.8563|62.8563
149|62.8558|62.8558
150|62.8553|62.8553
151|62.8548|62.8548
152|62.8543|62.8543
153|62.854|62.854
154|62.8536|62.8536
155|62.8533|62.8533
156|62.8531|62.8531
157|62.8528|62.8528
158|62.8525|62.8525
159|62.8523|62.8523
160|62.852|62.852
161|62.8518|62.8518
162|62.8516|62.8516
163|62.8514|62.8514
164|62.8513|62.8513
165|62.8512|62.8512
166|62.851|62.851
167|62.8509|62.8509
168|62.8508|62.8508
169|62.8506|62.8506
170|62.8505|62.8505
171|62.8504|62.8504
172|62.8503|62.8503
173|62.8502|62.8502
174|62.8501|62.8501
175|62.85|62.85
176|62.8499|62.8499
177|62.8498|62.8498
178|62.8498|62.8498
179|62.8498|62.8498
180|62.8497|62.8497
181|62.8497|62.8497
182|62.8497|62.8497
183|62.8497|62.8497
184|62.8496|62.8496
185|62.8496|62.8496
186|62.8496|62.8496
187|62.8496|62.8496
188|62.8496|62.8496
189|62.8496|62.8496
190|62.8496|62.8496
191|62.8496|62.8496
192|62.8496|62.8496
193|62.8496|62.8496
194|62.8496|62.8496
195|62.8496|62.8496
196|62.8496|62.8496
197|62.8496|62.8496
198|62.8496|62.8496
199|62.8496|62.8496
200|62.8496|62.8496
201|62.8496|62.8496
202|62.8496|62.8496
203|62.8496|62.8496
204|62.8496|62.8496
205|62.8496|62.8496
206|62.8496|62.8496
207|62.8496|62.8496
208|62.8496|62.8496
209|62.8496|62.8496
210|62.8496|62.8496
211|62.8496|62.8496
212|62.8496|62.8496
213|62.8496|62.8496
214|62.8496|62.8496
215|62.8496|62.8496
216|62.8496|62.8496
217|62.8496|62.8496
218|62.8496|62.8496
219|62.8496|62.8496
220|62.8496|62.8496
221|62.8496|62.8496
222|62.8496|62.8496
223|62.8496|62.8496
224|62.8496|62.8496
225|62.8496|62.8496
226|62.8496|62.8496
227|62.8496|62.8496
228|62.8496|62.8496
229|62.8496|62.8496
230|62.8496|62.8496
231|62.8496|62.8496
232|62.8496|62.8496
233|62.8496|62.8496
234|62.8496|62.8496
235|62.8496|62.8496
236|62.8496|62.8496
237|62.8496|62.8496
238|62.8496|62.8496
239|62.8496|62.8496
240|62.8496|62.8496
241|62.8496|62.8496
242|62.8496|62.8496
243|62.8496|62.8496
244|62.8496|62.8496
245|62.8496|62.8496
246|62.8496|62.8496
247|62.8496|62.8496
248|62.8496|62.8496
249|62.8496|62.8496
250|62.8496|62.8496
251|62.8496|62.8496
252|62.8496|62.8496
253|62.8496|62.8496
254|62.8496|62.8496
255|62.8496|62.8496
256|62.8496|62.8496
257|62.8496|62.8496
258|62.8496|62.8496
259|62.8496|62.8496
260|62.8496|62.8496
261|62.8496|62.8496
262|62.8496|62.8496
263|62.8496|62.8496
264|62.8496|62.8496
265|62.8496|62.8496
266|62.8496|62.8496
267|62.8496|62.8496
268|62.8496|62.8496
269|62.8496|62.8496
270|62.8496|62.8496
271|62.8496|62.8496
272|62.8496|62.8496
273|62.8496|62.8496
274|62.8496|62.8496
275|62.8496|62.8496
276|62.8496|62.8496
277|62.8496|62.8496
278|62.8496|62.8496
279|62.8496|62.8496
280|62.8496|62.8496
281|62.8496|62.8496
282|62.8496|62.8496
283|62.8496|62.8496
284|62.8496|62.8496
285|62.8496|62.8496
286|62.8496|62.8496
287|62.8496|62.8496
288|62.8496|62.8496
289|62.8496|62.8496
290|62.8496|62.8496
291|62.8496|62.8496
292|62.8496|62.8496
293|62.8496|62.8496
294|62.8496|62.8496
295|62.8496|62.8496
296|62.8496|62.8496
297|62.8496|62.8496
298|62.8496|62.8496
299|62.8496|62.8496
300|62.8496|62.8496
301|62.8496|62.8496
302|62.8496|62.8496
303|62.8496|62.8496
304|62.8496|62.8496
305|62.8496|62.8496
306|62.8496|62.8496
307|62.8496|62.8496
308|62.8496|62.8496
309|62.8496|62.8496
310|62.8496|62.8496
311|62.8496|62.8496
312|62.8496|62.8496
313|62.8496|62.8496
314|62.8496|62.8496
315|62.8496|62.8496
316|62.8496|62.8496
317|62.8496|62.8496
318|62.8496|62.8496
319|62.8496|62.8496
320|62.8496|62.8496
321|62.8496|62.8496
322|62.8496|62.8496
323|62.8496|62.8496
324|62.8496|62.8496
325|62.8496|62.8496
326|62.8496|62.8496
327|62.8496|62.8496
328|62.8496|62.8496
329|62.8496|62.8496
330|62.8496|62.8496
331|62.8496|62.8496
332|62.8496|62.8496
333|62.8496|62.8496
334|62.8496|62.8496
335|62.8496|62.8496
336|62.8496|62.8496
337|62.8496|62.8496
338|62.8496|62.8496
339|62.8496|62.8496
340|62.8496|62.8496
EARLY STOP: TARGET FOUND
3891816ms
