1|-2.26034|-2.26034
2|-2.90766|-2.90766
3|-3.52308|-3.52308
4|-3.7384|-3.7384
5|-4.30531|-4.30531
6|-4.47379|-4.47379
7|-4.62309|-4.62309
8|-4.73753|-4.73753
9|-4.82492|-4.82492
10|-5.46108|-5.46108
11|-5.56443|-5.56443
12|-5.6513|-5.6513
13|-5.70894|-5.70894
14|-5.75478|-5.75478
15|-5.78721|-5.78721
16|-6.34738|-6.34738
17|-6.73991|-6.73991
18|-6.77061|-6.77061
19|-7.00789|-7.00789
20|-7.51561|-7.51561
21|-7.69169|-7.69169
22|-7.71177|-7.71177
23|-7.72929|-7.72929
24|-7.74214|-7.74214
25|-7.75381|-7.75381
26|-7.76539|-7.76539
27|-7.774|-7.774
28|-7.77835|-7.77835
29|-7.7826|-7.7826
30|-7.78481|-7.78481
31|-7.78679|-7.78679
32|-7.78864|-7.78864
33|-7.79044|-7.79044
34|-7.79207|-7.79207
35|-7.79366|-7.79366
36|-7.79467|-7.79467
37|-7.79549|-7.79549
38|-7.79611|-7.79611
39|-7.79667|-7.79667
40|-7.79717|-7.79717
41|-7.79743|-7.79743
42|-7.79769|-7.79769
43|-7.79789|-7.79789
44|-7.79803|-7.79803
45|-7.79813|-7.79813
46|-7.7982|-7.7982
47|-7.79825|-7.79825
48|-7.79834|-7.79834
49|-7.79839|-7.79839
50|-7.79843|-7.79843
51|-7.79844|-7.79844
52|-7.79845|-7.79845
53|-7.79845|-7.79845
54|-7.79845|-7.79845
55|-7.79846|-7.79846
56|-7.79846|-7.79846
57|-7.79846|-7.79846
58|-7.79846|-7.79846
59|-7.79846|-7.79846
60|-7.79846|-7.79846
61|-7.79846|-7.79846
62|-7.79846|-7.79846
63|-7.79846|-7.79846
64|-7.79846|-7.79846
65|-7.79846|-7.79846
66|-7.79846|-7.79846
67|-7.79846|-7.79846
68|-7.79846|-7.79846
69|-7.79846|-7.79846
70|-7.79846|-7.79846
71|-7.79846|-7.79846
72|-7.79846|-7.79846
73|-7.79846|-7.79846
74|-7.79846|-7.79846
75|-7.79846|-7.79846
76|-7.79846|-7.79846
77|-7.79846|-7.79846
78|-7.79846|-7.79846
79|-7.79846|-7.79846
80|-7.79846|-7.79846
81|-7.79846|-7.79846
82|-7.79846|-7.79846
83|-7.79846|-7.79846
84|-7.79846|-7.79846
85|-7.79846|-7.79846
86|-7.79846|-7.79846
87|-7.79846|-7.79846
88|-7.79846|-7.79846
89|-7.79846|-7.79846
90|-7.79846|-7.79846
91|-7.79846|-7.79846
92|-7.79846|-7.79846
93|-7.79846|-7.79846
94|-7.79846|-7.79846
95|-7.79846|-7.79846
96|-7.79846|-7.79846
97|-7.79846|-7.79846
98|-7.79846|-7.79846
99|-7.79846|-7.79846
100|-7.79846|-7.79846
101|-7.79846|-7.79846
102|-7.79846|-7.79846
103|-7.79846|-7.79846
104|-7.79846|-7.79846
105|-7.79846|-7.79846
106|-7.79846|-7.79846
107|-7.79846|-7.79846
108|-7.79846|-7.79846
109|-7.79846|-7.79846
110|-7.79846|-7.79846
111|-7.79846|-7.79846
112|-7.79846|-7.79846
113|-7.79846|-7.79846
114|-7.79846|-7.79846
115|-7.79846|-7.79846
116|-7.79846|-7.79846
117|-7.79846|-7.79846
118|-7.79846|-7.79846
119|-7.79846|-7.79846
120|-7.79846|-7.79846
121|-7.79846|-7.79846
122|-7.79846|-7.79846
123|-7.79846|-7.79846
124|-7.79846|-7.79846
125|-7.79846|-7.79846
126|-7.79846|-7.79846
127|-7.79846|-7.79846
128|-7.79846|-7.79846
129|-7.79846|-7.79846
130|-7.79846|-7.79846
131|-7.79846|-7.79846
132|-7.79846|-7.79846
133|-7.79846|-7.79846
134|-7.79846|-7.79846
135|-7.79846|-7.79846
136|-7.79846|-7.79846
137|-7.79846|-7.79846
138|-7.79846|-7.79846
139|-7.79846|-7.79846
140|-7.79846|-7.79846
141|-7.79846|-7.79846
142|-7.79846|-7.79846
143|-7.79846|-7.79846
144|-7.79846|-7.79846
145|-7.79846|-7.79846
146|-7.79846|-7.79846
147|-7.79846|-7.79846
148|-7.79846|-7.79846
149|-7.79846|-7.79846
150|-7.79846|-7.79846
151|-7.79846|-7.79846
152|-7.79846|-7.79846
153|-7.79846|-7.79846
154|-7.79846|-7.79846
155|-7.79846|-7.79846
156|-7.79846|-7.79846
157|-7.79846|-7.79846
158|-7.79846|-7.79846
159|-7.79846|-7.79846
160|-7.79846|-7.79846
161|-7.79846|-7.79846
162|-7.79846|-7.79846
163|-7.79846|-7.79846
164|-7.79846|-7.79846
165|-7.79846|-7.79846
166|-7.79846|-7.79846
167|-7.79846|-7.79846
168|-7.79846|-7.79846
169|-7.79846|-7.79846
170|-7.79846|-7.79846
171|-7.79846|-7.79846
172|-7.79846|-7.79846
173|-7.79846|-7.79846
174|-7.79846|-7.79846
175|-7.79846|-7.79846
176|-7.79846|-7.79846
177|-7.79846|-7.79846
178|-7.79846|-7.79846
179|-7.79846|-7.79846
180|-7.79846|-7.79846
181|-7.79846|-7.79846
182|-7.79846|-7.79846
183|-7.79846|-7.79846
184|-7.79846|-7.79846
185|-7.79846|-7.79846
186|-7.79846|-7.79846
187|-7.79846|-7.79846
188|-7.79846|-7.79846
189|-7.79846|-7.79846
190|-7.79846|-7.79846
191|-7.79846|-7.79846
192|-7.79846|-7.79846
193|-7.79846|-7.79846
194|-7.79846|-7.79846
195|-7.79846|-7.79846
196|-7.79846|-7.79846
197|-7.79846|-7.79846
198|-7.79846|-7.79846
199|-7.79846|-7.79846
200|-7.79846|-7.79846
201|-7.79846|-7.79846
202|-7.79846|-7.79846
203|-7.79846|-7.79846
204|-7.79846|-7.79846
205|-7.79846|-7.79846
206|-7.79846|-7.79846
207|-7.79846|-7.79846
208|-7.79846|-7.79846
209|-7.79846|-7.79846
210|-7.79846|-7.79846
211|-7.79846|-7.79846
EARLY STOP: TARGET FOUND
288915ms
