1|-4.52788|-4.52788
2|-5.44083|-5.44083
3|-6.32651|-6.32651
4|-7.17021|-7.17021
5|-7.98364|-7.98364
6|-8.79134|-8.79134
7|-9.5846|-9.5846
8|-10.272|-10.272
9|-10.9435|-10.9435
10|-11.4865|-11.4865
11|-11.972|-11.972
12|-12.4444|-12.4444
13|-12.893|-12.893
14|-13.3034|-13.3034
15|-13.7107|-13.7107
16|-14.1135|-14.1135
17|-14.4858|-14.4858
18|-14.848|-14.848
19|-15.1861|-15.1861
20|-15.5009|-15.5009
21|-15.7583|-15.7583
22|-15.96|-15.96
23|-16.16|-16.16
24|-16.3541|-16.3541
25|-16.5307|-16.5307
26|-17.0517|-17.0517
27|-17.214|-17.214
28|-17.3937|-17.3937
29|-17.6486|-17.6486
30|-18.0485|-18.0485
31|-18.1946|-18.1946
32|-18.3347|-18.3347
33|-18.451|-18.451
34|-18.5532|-18.5532
35|-18.7893|-18.7893
36|-18.8819|-18.8819
37|-19.6973|-19.6973
38|-19.7831|-19.7831
39|-19.8685|-19.8685
40|-19.9538|-19.9538
41|-20.0338|-20.0338
42|-20.1132|-20.1132
43|-20.1818|-20.1818
44|-20.2365|-20.2365
45|-20.2911|-20.2911
46|-20.3402|-20.3402
47|-20.3874|-20.3874
48|-20.4283|-20.4283
49|-20.4638|-20.4638
50|-20.4986|-20.4986
51|-20.5306|-20.5306
52|-20.5596|-20.5596
53|-20.5872|-20.5872
54|-20.675|-20.675
55|-21.0051|-21.0051
56|-21.1131|-21.1131
57|-21.1455|-21.1455
58|-21.1703|-21.1703
59|-21.9823|-21.9823
60|-22.0038|-22.0038
61|-22.0244|-22.0244
62|-22.0448|-22.0448
63|-22.0646|-22.0646
64|-22.0829|-22.0829
65|-22.1|-22.1
66|-22.1144|-22.1144
67|-22.1257|-22.1257
68|-22.1364|-22.1364
69|-22.145|-22.145
70|-22.1535|-22.1535
71|-22.1614|-22.1614
72|-22.1684|-22.1684
73|-22.1755|-22.1755
74|-22.1825|-22.1825
75|-22.1893|-22.1893
76|-22.1961|-22.1961
77|-22.202|-22.202
78|-22.2078|-22.2078
79|-22.2126|-22.2126
80|-22.7392|-22.7392
81|-23.1888|-23.1888
82|-23.2042|-23.2042
83|-23.2089|-23.2089
84|-23.2132|-23.2132
85|-23.2172|-23.2172
86|-23.221|-23.221
87|-23.2246|-23.2246
88|-23.228|-23.228
89|-23.2313|-23.2313
90|-23.2345|-23.2345
91|-23.2375|-23.2375
92|-23.2404|-23.2404
93|-23.2431|-23.2431
94|-23.2457|-23.2457
95|-23.2483|-23.2483
96|-23.2505|-23.2505
97|-23.252|-23.252
98|-23.2534|-23.2534
99|-23.2545|-23.2545
100|-23.2555|-23.2555
101|-23.2566|-23.2566
102|-24.1628|-24.1628
103|-24.1712|-24.1712
104|-24.1832|-24.1832
105|-24.184|-24.184
106|-24.1849|-24.1849
107|-24.1856|-24.1856
108|-24.1863|-24.1863
109|-24.1869|-24.1869
110|-24.1875|-24.1875
111|-24.1881|-24.1881
112|-24.1886|-24.1886
113|-24.189|-24.189
114|-24.1895|-24.1895
115|-24.1899|-24.1899
116|-24.1903|-24.1903
117|-24.1907|-24.1907
118|-24.1911|-24.1911
119|-24.1914|-24.1914
120|-24.1917|-24.1917
121|-24.192|-24.192
122|-24.1923|-24.1923
123|-24.1926|-24.1926
124|-24.1928|-24.1928
125|-24.193|-24.193
126|-24.1932|-24.1932
127|-24.1934|-24.1934
128|-24.1936|-24.1936
129|-24.1938|-24.1938
130|-24.194|-24.194
131|-24.1942|-24.1942
132|-24.1944|-24.1944
133|-24.1945|-24.1945
134|-24.1946|-24.1946
135|-24.1947|-24.1947
136|-24.1948|-24.1948
137|-24.1948|-24.1948
138|-24.1949|-24.1949
139|-24.195|-24.195
140|-24.1951|-24.1951
141|-24.1951|-24.1951
142|-24.1952|-24.1952
143|-24.1953|-24.1953
144|-24.1953|-24.1953
145|-24.1954|-24.1954
146|-24.1954|-24.1954
147|-24.1955|-24.1955
148|-24.1955|-24.1955
149|-24.1956|-24.1956
150|-24.1956|-24.1956
151|-24.1956|-24.1956
152|-24.1956|-24.1956
153|-24.1956|-24.1956
154|-24.1957|-24.1957
155|-24.1957|-24.1957
156|-24.1957|-24.1957
157|-24.1957|-24.1957
158|-24.1957|-24.1957
159|-24.1957|-24.1957
160|-24.1957|-24.1957
161|-24.1957|-24.1957
162|-24.1957|-24.1957
163|-24.1957|-24.1957
164|-24.1957|-24.1957
165|-24.1957|-24.1957
166|-24.1957|-24.1957
167|-24.1957|-24.1957
168|-24.1957|-24.1957
169|-24.1957|-24.1957
170|-24.1957|-24.1957
171|-24.1957|-24.1957
172|-24.1957|-24.1957
173|-24.1957|-24.1957
174|-24.1957|-24.1957
175|-24.1957|-24.1957
176|-24.1957|-24.1957
177|-24.1957|-24.1957
178|-24.1957|-24.1957
179|-24.1957|-24.1957
180|-24.1957|-24.1957
181|-24.1957|-24.1957
182|-24.1957|-24.1957
183|-24.1957|-24.1957
184|-24.1957|-24.1957
185|-24.1957|-24.1957
186|-24.1957|-24.1957
187|-24.1957|-24.1957
188|-24.1957|-24.1957
189|-24.1957|-24.1957
190|-24.1957|-24.1957
191|-24.1957|-24.1957
192|-24.1957|-24.1957
193|-24.1957|-24.1957
194|-24.1957|-24.1957
195|-24.1957|-24.1957
196|-24.1957|-24.1957
197|-24.1957|-24.1957
198|-24.1957|-24.1957
199|-24.1957|-24.1957
200|-24.1957|-24.1957
201|-24.1957|-24.1957
202|-24.1957|-24.1957
203|-24.1957|-24.1957
204|-24.1957|-24.1957
205|-24.1957|-24.1957
206|-24.1957|-24.1957
207|-24.1957|-24.1957
208|-24.1957|-24.1957
209|-24.1957|-24.1957
210|-24.1957|-24.1957
211|-24.1957|-24.1957
212|-24.1957|-24.1957
213|-24.1957|-24.1957
214|-24.1957|-24.1957
215|-24.1957|-24.1957
216|-24.1957|-24.1957
217|-24.1957|-24.1957
218|-24.1957|-24.1957
219|-24.1957|-24.1957
220|-24.1957|-24.1957
221|-24.1957|-24.1957
222|-24.1957|-24.1957
223|-24.1957|-24.1957
224|-24.1957|-24.1957
225|-24.1957|-24.1957
226|-24.1957|-24.1957
227|-24.1957|-24.1957
228|-24.1957|-24.1957
229|-24.1957|-24.1957
230|-24.1957|-24.1957
231|-24.1957|-24.1957
232|-24.1957|-24.1957
233|-24.1957|-24.1957
234|-24.1957|-24.1957
235|-24.1957|-24.1957
236|-24.1957|-24.1957
237|-24.1957|-24.1957
238|-24.1957|-24.1957
239|-24.1957|-24.1957
240|-24.1957|-24.1957
241|-24.1957|-24.1957
242|-24.1957|-24.1957
243|-24.1957|-24.1957
244|-24.1957|-24.1957
245|-24.1957|-24.1957
246|-24.1957|-24.1957
247|-24.1957|-24.1957
248|-24.1957|-24.1957
249|-24.1957|-24.1957
250|-24.1957|-24.1957
251|-24.1957|-24.1957
252|-24.1957|-24.1957
253|-24.1957|-24.1957
254|-24.1957|-24.1957
255|-24.1957|-24.1957
256|-24.1957|-24.1957
257|-24.1957|-24.1957
258|-24.1957|-24.1957
259|-24.1957|-24.1957
260|-24.1957|-24.1957
261|-24.1957|-24.1957
262|-24.1957|-24.1957
263|-24.1957|-24.1957
264|-24.1957|-24.1957
265|-24.1957|-24.1957
266|-24.1957|-24.1957
267|-24.1957|-24.1957
268|-24.1957|-24.1957
269|-24.1957|-24.1957
270|-24.1957|-24.1957
271|-24.1957|-24.1957
272|-24.1957|-24.1957
273|-24.1957|-24.1957
274|-24.1957|-24.1957
275|-24.1957|-24.1957
276|-24.1957|-24.1957
277|-24.1957|-24.1957
278|-24.1957|-24.1957
279|-24.1957|-24.1957
280|-24.1957|-24.1957
281|-24.1957|-24.1957
282|-24.1957|-24.1957
283|-24.1957|-24.1957
284|-24.1957|-24.1957
285|-24.1957|-24.1957
286|-24.1957|-24.1957
287|-24.1957|-24.1957
288|-24.1957|-24.1957
289|-24.1957|-24.1957
290|-24.1957|-24.1957
291|-24.1957|-24.1957
292|-24.1957|-24.1957
293|-24.1957|-24.1957
294|-24.1957|-24.1957
295|-24.1957|-24.1957
296|-24.1957|-24.1957
297|-24.1957|-24.1957
298|-24.1957|-24.1957
299|-24.1957|-24.1957
300|-24.1957|-24.1957
301|-24.1957|-24.1957
302|-24.1957|-24.1957
303|-24.1957|-24.1957
304|-24.1957|-24.1957
305|-24.1957|-24.1957
306|-24.1957|-24.1957
307|-24.1957|-24.1957
308|-24.1957|-24.1957
309|-24.1957|-24.1957
310|-24.1957|-24.1957
311|-24.1957|-24.1957
312|-24.1957|-24.1957
313|-24.1957|-24.1957
314|-24.1957|-24.1957
EARLY STOP: TARGET FOUND
3610432ms
