1|52.0366|52.0366
2|41.3447|41.3447
3|31.344|31.344
4|22.4416|22.4416
5|17.4456|17.4456
6|13.5231|13.5231
7|12.1884|12.1884
8|11.7728|11.7728
9|11.5107|11.5107
10|11.4093|11.4093
11|11.3288|11.3288
12|11.2569|11.2569
13|11.2203|11.2203
14|11.2028|11.2028
15|11.1861|11.1861
16|11.1744|11.1744
17|11.1661|11.1661
18|11.164|11.164
19|11.1625|11.1625
20|11.1612|11.1612
21|11.1605|11.1605
22|11.16|11.16
23|11.1597|11.1597
24|11.1595|11.1595
25|11.1594|11.1594
26|11.1593|11.1593
27|11.1593|11.1593
28|11.1593|11.1593
29|11.1593|11.1593
30|11.1593|11.1593
31|11.1593|11.1593
32|11.1593|11.1593
33|11.1593|11.1593
34|11.1593|11.1593
35|11.1593|11.1593
36|11.1593|11.1593
37|11.1593|11.1593
38|11.1593|11.1593
39|11.1593|11.1593
40|11.1593|11.1593
41|11.1593|11.1593
42|11.1593|11.1593
43|11.1593|11.1593
44|11.1593|11.1593
45|11.1593|11.1593
46|11.1593|11.1593
47|11.1593|11.1593
48|11.1593|11.1593
49|11.1593|11.1593
50|11.1593|11.1593
51|11.1593|11.1593
52|11.1593|11.1593
53|11.1593|11.1593
54|11.1593|11.1593
55|11.1593|11.1593
56|11.1593|11.1593
57|11.1593|11.1593
58|11.1593|11.1593
59|11.1593|11.1593
60|11.1593|11.1593
61|11.1593|11.1593
62|11.1593|11.1593
63|11.1593|11.1593
64|11.1593|11.1593
65|11.1593|11.1593
66|11.1593|11.1593
67|11.1593|11.1593
68|11.1593|11.1593
69|11.1593|11.1593
70|11.1593|11.1593
71|11.1593|11.1593
72|11.1593|11.1593
73|11.1593|11.1593
74|11.1593|11.1593
75|11.1593|11.1593
76|11.1593|11.1593
77|11.1593|11.1593
78|11.1593|11.1593
79|11.1593|11.1593
80|11.1593|11.1593
81|11.1593|11.1593
82|11.1593|11.1593
83|11.1593|11.1593
84|11.1593|11.1593
85|11.1593|11.1593
86|11.1593|11.1593
87|11.1593|11.1593
88|11.1593|11.1593
89|11.1593|11.1593
90|11.1593|11.1593
91|11.1593|11.1593
92|11.1593|11.1593
93|11.1593|11.1593
94|11.1593|11.1593
95|11.1593|11.1593
96|11.1593|11.1593
97|11.1593|11.1593
98|11.1593|11.1593
99|11.1593|11.1593
100|11.1593|11.1593
101|11.1593|11.1593
102|11.1593|11.1593
103|11.1593|11.1593
104|11.1593|11.1593
105|11.1593|11.1593
106|11.1593|11.1593
107|11.1593|11.1593
108|11.1593|11.1593
109|11.1593|11.1593
110|11.1593|11.1593
111|11.1593|11.1593
112|11.1593|11.1593
113|11.1593|11.1593
114|11.1593|11.1593
115|11.1593|11.1593
116|11.1593|11.1593
117|11.1593|11.1593
118|11.1593|11.1593
119|11.1593|11.1593
120|11.1593|11.1593
121|11.1593|11.1593
122|11.1593|11.1593
123|11.1593|11.1593
124|11.1593|11.1593
125|11.1593|11.1593
126|11.1593|11.1593
127|11.1593|11.1593
128|11.1593|11.1593
129|11.1593|11.1593
130|11.1593|11.1593
131|11.1593|11.1593
132|11.1593|11.1593
133|11.1593|11.1593
134|11.1593|11.1593
135|11.1593|11.1593
136|11.1593|11.1593
137|11.1593|11.1593
138|11.1593|11.1593
139|11.1593|11.1593
140|11.1593|11.1593
141|11.1593|11.1593
142|11.1593|11.1593
143|11.1593|11.1593
144|11.1593|11.1593
145|11.1593|11.1593
146|11.1593|11.1593
147|11.1593|11.1593
148|11.1593|11.1593
149|11.1593|11.1593
150|11.1593|11.1593
151|11.1593|11.1593
152|11.1593|11.1593
153|11.1593|11.1593
154|11.1593|11.1593
155|11.1593|11.1593
156|11.1593|11.1593
157|11.1593|11.1593
158|11.1593|11.1593
159|11.1593|11.1593
160|11.1593|11.1593
161|11.1593|11.1593
162|11.1593|11.1593
163|11.1593|11.1593
164|11.1593|11.1593
165|11.1593|11.1593
166|11.1593|11.1593
167|11.1593|11.1593
168|11.1593|11.1593
169|11.1593|11.1593
170|11.1593|11.1593
171|11.1593|11.1593
172|11.1593|11.1593
173|11.1593|11.1593
174|11.1593|11.1593
175|11.1593|11.1593
176|11.1593|11.1593
177|11.1593|11.1593
178|11.1593|11.1593
179|11.1593|11.1593
180|11.1593|11.1593
EARLY STOP: TARGET FOUND
72733ms
