1|-1.83147|-1.83147
2|-2.80217|-2.80217
3|-3.73981|-3.73981
4|-4.63127|-4.63127
5|-5.29842|-5.29842
6|-5.61375|-5.61375
7|-5.99014|-5.99014
8|-6.21203|-6.21203
9|-6.56786|-6.56786
10|-6.78841|-6.78841
11|-6.9635|-6.9635
12|-7.06716|-7.06716
13|-7.13688|-7.13688
14|-7.18797|-7.18797
15|-7.2|-7.2
16|-7.20731|-7.20731
17|-7.21421|-7.21421
18|-7.21988|-7.21988
19|-7.22499|-7.22499
20|-7.22919|-7.22919
21|-7.23243|-7.23243
22|-7.23555|-7.23555
23|-7.23787|-7.23787
24|-7.23891|-7.23891
25|-7.23969|-7.23969
26|-7.24035|-7.24035
27|-7.24101|-7.24101
28|-7.2415|-7.2415
29|-7.24198|-7.24198
30|-7.24237|-7.24237
31|-7.24272|-7.24272
32|-7.24308|-7.24308
33|-7.24327|-7.24327
34|-7.24346|-7.24346
35|-7.24363|-7.24363
36|-7.24374|-7.24374
37|-7.24384|-7.24384
38|-7.24391|-7.24391
39|-7.24396|-7.24396
40|-7.244|-7.244
41|-7.24404|-7.24404
42|-7.24407|-7.24407
43|-7.2441|-7.2441
44|-7.24412|-7.24412
45|-7.24414|-7.24414
46|-7.24414|-7.24414
47|-7.24415|-7.24415
48|-7.24416|-7.24416
49|-7.24417|-7.24417
50|-7.24417|-7.24417
51|-7.24417|-7.24417
52|-7.24418|-7.24418
53|-7.24418|-7.24418
54|-7.24418|-7.24418
55|-7.24418|-7.24418
56|-7.24418|-7.24418
57|-7.24418|-7.24418
58|-7.24418|-7.24418
59|-7.24418|-7.24418
60|-7.24418|-7.24418
61|-7.24418|-7.24418
62|-7.24418|-7.24418
63|-7.24418|-7.24418
64|-7.24418|-7.24418
65|-7.24418|-7.24418
66|-7.24418|-7.24418
67|-7.24418|-7.24418
68|-7.24418|-7.24418
69|-7.24418|-7.24418
70|-7.24418|-7.24418
71|-7.24418|-7.24418
72|-7.24418|-7.24418
73|-7.24418|-7.24418
74|-7.24418|-7.24418
75|-7.24418|-7.24418
76|-7.24418|-7.24418
77|-7.24418|-7.24418
78|-7.24418|-7.24418
79|-7.24418|-7.24418
80|-7.24418|-7.24418
81|-7.24418|-7.24418
82|-7.24418|-7.24418
83|-7.24418|-7.24418
84|-7.24418|-7.24418
85|-7.24418|-7.24418
86|-7.24418|-7.24418
87|-7.24418|-7.24418
88|-7.24418|-7.24418
89|-7.24418|-7.24418
90|-7.24418|-7.24418
91|-7.24418|-7.24418
92|-7.24418|-7.24418
93|-7.24418|-7.24418
94|-7.24418|-7.24418
95|-7.24418|-7.24418
96|-7.24418|-7.24418
97|-7.24418|-7.24418
98|-7.24418|-7.24418
99|-7.24418|-7.24418
100|-7.24418|-7.24418
101|-7.24418|-7.24418
102|-7.24418|-7.24418
103|-7.24418|-7.24418
104|-7.24418|-7.24418
105|-7.24418|-7.24418
106|-7.24418|-7.24418
107|-7.24418|-7.24418
108|-7.24418|-7.24418
109|-7.24418|-7.24418
110|-7.24418|-7.24418
111|-7.24418|-7.24418
112|-7.24418|-7.24418
113|-7.24418|-7.24418
114|-7.24418|-7.24418
115|-7.24418|-7.24418
116|-7.24418|-7.24418
117|-7.24418|-7.24418
118|-7.24418|-7.24418
119|-7.24418|-7.24418
120|-7.24418|-7.24418
121|-7.24418|-7.24418
122|-7.24418|-7.24418
123|-7.24418|-7.24418
124|-7.24418|-7.24418
125|-7.24418|-7.24418
126|-7.24418|-7.24418
127|-7.24418|-7.24418
128|-7.24418|-7.24418
129|-7.24418|-7.24418
130|-7.24418|-7.24418
131|-7.24418|-7.24418
132|-7.24418|-7.24418
133|-7.24418|-7.24418
134|-7.24418|-7.24418
135|-7.24418|-7.24418
136|-7.24418|-7.24418
137|-7.24418|-7.24418
138|-7.24418|-7.24418
139|-7.24418|-7.24418
140|-7.24418|-7.24418
141|-7.24418|-7.24418
142|-7.24418|-7.24418
143|-7.24418|-7.24418
144|-7.24418|-7.24418
145|-7.24418|-7.24418
146|-7.24418|-7.24418
147|-7.24418|-7.24418
148|-7.24418|-7.24418
149|-7.24418|-7.24418
150|-7.24418|-7.24418
151|-7.24418|-7.24418
152|-7.24418|-7.24418
153|-7.24418|-7.24418
154|-7.24418|-7.24418
155|-7.24418|-7.24418
156|-7.24418|-7.24418
157|-7.24418|-7.24418
158|-7.24418|-7.24418
159|-7.24418|-7.24418
160|-7.24418|-7.24418
161|-7.24418|-7.24418
162|-7.24418|-7.24418
163|-7.24418|-7.24418
164|-7.24418|-7.24418
165|-7.24418|-7.24418
166|-7.24418|-7.24418
167|-7.24418|-7.24418
168|-7.24418|-7.24418
169|-7.24418|-7.24418
170|-7.24418|-7.24418
171|-7.24418|-7.24418
172|-7.24418|-7.24418
173|-7.24418|-7.24418
174|-7.24418|-7.24418
175|-7.24418|-7.24418
176|-7.24418|-7.24418
177|-7.24418|-7.24418
178|-7.24418|-7.24418
179|-7.24418|-7.24418
180|-7.24418|-7.24418
181|-7.24418|-7.24418
182|-7.24418|-7.24418
183|-7.24418|-7.24418
184|-7.24418|-7.24418
185|-7.24418|-7.24418
186|-7.24418|-7.24418
187|-7.24418|-7.24418
188|-7.24418|-7.24418
189|-7.24418|-7.24418
190|-7.24418|-7.24418
191|-7.24418|-7.24418
192|-7.24418|-7.24418
193|-7.24418|-7.24418
194|-7.24418|-7.24418
195|-7.24418|-7.24418
196|-7.24418|-7.24418
197|-7.24418|-7.24418
198|-7.24418|-7.24418
199|-7.24418|-7.24418
200|-7.24418|-7.24418
201|-7.24418|-7.24418
202|-7.24418|-7.24418
203|-7.24418|-7.24418
204|-7.24418|-7.24418
205|-7.24418|-7.24418
206|-7.24418|-7.24418
207|-7.24418|-7.24418
EARLY STOP: TARGET FOUND
286384ms
