1|-1.57278|-1.57278
2|-2.30195|-2.30195
3|-2.98183|-2.98183
4|-3.63677|-3.63677
5|-4.10334|-4.10334
6|-4.48512|-4.48512
7|-4.76293|-4.76293
8|-4.96474|-4.96474
9|-5.13387|-5.13387
10|-5.25057|-5.25057
11|-5.34514|-5.34514
12|-5.41308|-5.41308
13|-5.46489|-5.46489
14|-5.51475|-5.51475
15|-5.90965|-5.90965
16|-6.33481|-6.33481
17|-6.39633|-6.39633
18|-6.43647|-6.43647
19|-6.46206|-6.46206
20|-6.48608|-6.48608
21|-6.50742|-6.50742
22|-6.5262|-6.5262
23|-6.53763|-6.53763
24|-6.54805|-6.54805
25|-6.55721|-6.55721
26|-6.56256|-6.56256
27|-6.56715|-6.56715
28|-6.57113|-6.57113
29|-7.40079|-7.40079
30|-7.44348|-7.44348
31|-7.45317|-7.45317
32|-7.45686|-7.45686
33|-7.45922|-7.45922
34|-7.46135|-7.46135
35|-7.46326|-7.46326
36|-7.46459|-7.46459
37|-7.46576|-7.46576
38|-7.46678|-7.46678
39|-7.46759|-7.46759
40|-7.47333|-7.47333
41|-7.48244|-7.48244
42|-7.48412|-7.48412
43|-7.4847|-7.4847
44|-7.48516|-7.48516
45|-7.48558|-7.48558
46|-7.48598|-7.48598
47|-7.48627|-7.48627
48|-7.48652|-7.48652
49|-7.48674|-7.48674
50|-7.48689|-7.48689
51|-7.487|-7.487
52|-7.4871|-7.4871
53|-7.48717|-7.48717
54|-7.48725|-7.48725
55|-7.4873|-7.4873
56|-7.48735|-7.48735
57|-7.48739|-7.48739
58|-7.48742|-7.48742
59|-7.48745|-7.48745
60|-7.48747|-7.48747
61|-7.4875|-7.4875
62|-7.48751|-7.48751
63|-7.48753|-7.48753
64|-7.48753|-7.48753
65|-7.48754|-7.48754
66|-7.48755|-7.48755
67|-7.48755|-7.48755
68|-7.48755|-7.48755
69|-7.48755|-7.48755
70|-7.48755|-7.48755
71|-7.48755|-7.48755
72|-7.48755|-7.48755
73|-7.48755|-7.48755
74|-7.48755|-7.48755
75|-7.48755|-7.48755
76|-7.48755|-7.48755
77|-7.48755|-7.48755
78|-7.48755|-7.48755
79|-7.48755|-7.48755
80|-7.48755|-7.48755
81|-7.48755|-7.48755
82|-7.48755|-7.48755
83|-7.48755|-7.48755
84|-7.48755|-7.48755
85|-7.48755|-7.48755
86|-7.48755|-7.48755
87|-7.48755|-7.48755
88|-7.48755|-7.48755
89|-7.48755|-7.48755
90|-7.48755|-7.48755
91|-7.48755|-7.48755
92|-7.48755|-7.48755
93|-7.48755|-7.48755
94|-7.48755|-7.48755
95|-7.48755|-7.48755
96|-7.48755|-7.48755
97|-7.48755|-7.48755
98|-7.48755|-7.48755
99|-7.48755|-7.48755
100|-7.48755|-7.48755
101|-7.48755|-7.48755
102|-7.48755|-7.48755
103|-7.48755|-7.48755
104|-7.48755|-7.48755
105|-7.48755|-7.48755
106|-7.48755|-7.48755
107|-7.48755|-7.48755
108|-7.48755|-7.48755
109|-7.48755|-7.48755
110|-7.48755|-7.48755
111|-7.48755|-7.48755
112|-7.48755|-7.48755
113|-7.48755|-7.48755
114|-7.48755|-7.48755
115|-7.48755|-7.48755
116|-7.48755|-7.48755
117|-7.48755|-7.48755
118|-7.48755|-7.48755
119|-7.48755|-7.48755
120|-7.48755|-7.48755
121|-7.48755|-7.48755
122|-7.48755|-7.48755
123|-7.48755|-7.48755
124|-7.48755|-7.48755
125|-7.48755|-7.48755
126|-7.48755|-7.48755
127|-7.48755|-7.48755
128|-7.48755|-7.48755
129|-7.48755|-7.48755
130|-7.48755|-7.48755
131|-7.48755|-7.48755
132|-7.48755|-7.48755
133|-7.48755|-7.48755
134|-7.48755|-7.48755
135|-7.48755|-7.48755
136|-7.48755|-7.48755
137|-7.48755|-7.48755
138|-7.48755|-7.48755
139|-7.48755|-7.48755
140|-7.48755|-7.48755
141|-7.48755|-7.48755
142|-7.48755|-7.48755
143|-7.48755|-7.48755
144|-7.48755|-7.48755
145|-7.48755|-7.48755
146|-7.48755|-7.48755
147|-7.48755|-7.48755
148|-7.48755|-7.48755
149|-7.48755|-7.48755
150|-7.48755|-7.48755
151|-7.48755|-7.48755
152|-7.48755|-7.48755
153|-7.48755|-7.48755
154|-7.48755|-7.48755
155|-7.48755|-7.48755
156|-7.48755|-7.48755
157|-7.48755|-7.48755
158|-7.48755|-7.48755
159|-7.48755|-7.48755
160|-7.48755|-7.48755
161|-7.48755|-7.48755
162|-7.48755|-7.48755
163|-7.48755|-7.48755
164|-7.48755|-7.48755
165|-7.48755|-7.48755
166|-7.48755|-7.48755
167|-7.48755|-7.48755
168|-7.48755|-7.48755
169|-7.48755|-7.48755
170|-7.48755|-7.48755
171|-7.48755|-7.48755
172|-7.48755|-7.48755
173|-7.48755|-7.48755
174|-7.48755|-7.48755
175|-7.48755|-7.48755
176|-7.48755|-7.48755
177|-7.48755|-7.48755
178|-7.48755|-7.48755
179|-7.48755|-7.48755
180|-7.48755|-7.48755
181|-7.48755|-7.48755
182|-7.48755|-7.48755
183|-7.48755|-7.48755
184|-7.48755|-7.48755
185|-7.48755|-7.48755
186|-7.48755|-7.48755
187|-7.48755|-7.48755
188|-7.48755|-7.48755
189|-7.48755|-7.48755
190|-7.48755|-7.48755
191|-7.48755|-7.48755
192|-7.48755|-7.48755
193|-7.48755|-7.48755
194|-7.48755|-7.48755
195|-7.48755|-7.48755
196|-7.48755|-7.48755
197|-7.48755|-7.48755
198|-7.48755|-7.48755
199|-7.48755|-7.48755
200|-7.48755|-7.48755
201|-7.48755|-7.48755
202|-7.48755|-7.48755
203|-7.48755|-7.48755
204|-7.48755|-7.48755
205|-7.48755|-7.48755
206|-7.48755|-7.48755
207|-7.48755|-7.48755
208|-7.48755|-7.48755
209|-7.48755|-7.48755
210|-7.48755|-7.48755
211|-7.48755|-7.48755
212|-7.48755|-7.48755
213|-7.48755|-7.48755
214|-7.48755|-7.48755
215|-7.48755|-7.48755
216|-7.48755|-7.48755
217|-7.48755|-7.48755
EARLY STOP: TARGET FOUND
297119ms
