1|285.661|285.661
2|260.977|260.977
3|237.674|237.674
4|215.592|215.592
5|193.708|193.708
6|174.717|174.717
7|156.721|156.721
8|139.772|139.772
9|123.117|123.117
10|106.999|106.999
11|91.7019|91.7019
12|78.2098|78.2098
13|66.0935|66.0935
14|55.8558|55.8558
15|48.4829|48.4829
16|44.0242|44.0242
17|39.9525|39.9525
18|35.9781|35.9781
19|32.0703|32.0703
20|28.1937|28.1937
21|25.3391|25.3391
22|22.5954|22.5954
23|20.4396|20.4396
24|18.4747|18.4747
25|17.2583|17.2583
26|16.0776|16.0776
27|14.9343|14.9343
28|13.9338|13.9338
29|12.9527|12.9527
30|11.9975|11.9975
31|11.1451|11.1451
32|10.3381|10.3381
33|9.55275|9.55275
34|8.7706|8.7706
35|8.01221|8.01221
36|7.26361|7.26361
37|6.53301|6.53301
38|5.8079|5.8079
39|5.09844|5.09844
40|4.48075|4.48075
41|3.96934|3.96934
42|3.47603|3.47603
43|3.17504|3.17504
44|2.89189|2.89189
45|2.62741|2.62741
46|2.42575|2.42575
47|2.23268|2.23268
48|2.04934|2.04934
49|1.87543|1.87543
50|1.70507|1.70507
51|1.5368|1.5368
52|1.38093|1.38093
53|1.26191|1.26191
54|1.18815|1.18815
55|1.11445|1.11445
56|1.04613|1.04613
57|0.978589|0.978589
58|0.9132|0.9132
59|0.848426|0.848426
60|0.786828|0.786828
61|0.727679|0.727679
62|0.67224|0.67224
63|0.617589|0.617589
64|0.564312|0.564312
65|0.514948|0.514948
66|0.468502|0.468502
67|0.424872|0.424872
68|0.385793|0.385793
69|0.359369|0.359369
70|0.333761|0.333761
71|0.315345|0.315345
72|0.297663|0.297663
73|0.280015|0.280015
74|0.262514|0.262514
75|0.246248|0.246248
76|0.231285|0.231285
77|0.216717|0.216717
78|0.202713|0.202713
79|0.188878|0.188878
80|0.175383|0.175383
81|0.162196|0.162196
82|0.150597|0.150597
83|0.13912|0.13912
84|0.12853|0.12853
85|0.118156|0.118156
86|0.108088|0.108088
87|0.0993227|0.0993227
88|0.0908031|0.0908031
89|0.0826773|0.0826773
90|0.075239|0.075239
91|0.068271|0.068271
92|0.0635081|0.0635081
93|0.0590999|0.0590999
94|0.0547589|0.0547589
95|0.0507179|0.0507179
96|0.0466941|0.0466941
97|0.0427437|0.0427437
98|0.039112|0.039112
99|0.0355007|0.0355007
100|0.0321675|0.0321675
101|0.02926|0.02926
102|0.0265784|0.0265784
103|0.0240944|0.0240944
104|0.0218924|0.0218924
105|0.0197749|0.0197749
106|0.0178276|0.0178276
107|0.0160342|0.0160342
108|0.0142643|0.0142643
109|0.0130829|0.0130829
110|0.0120788|0.0120788
111|0.0111082|0.0111082
112|0.0102084|0.0102084
113|0.0093391|0.0093391
EARLY STOP: TARGET FOUND
1285141ms
