1|155.751|155.751
2|140.015|140.015
3|124.428|124.428
4|109.263|109.263
5|96.9041|96.9041
6|84.933|84.933
7|74.0413|74.0413
8|63.7894|63.7894
9|54.1208|54.1208
10|45.5699|45.5699
11|38.6178|38.6178
12|37.7179|37.7179
13|37.0047|37.0047
14|36.5717|36.5717
15|36.1588|36.1588
16|35.7461|35.7461
17|35.351|35.351
18|35.0422|35.0422
19|34.846|34.846
20|34.6696|34.6696
21|34.5092|34.5092
22|34.3674|34.3674
23|34.2466|34.2466
24|34.1332|34.1332
25|34.0377|34.0377
26|33.9579|33.9579
27|33.884|33.884
28|33.8161|33.8161
29|33.7484|33.7484
30|33.7013|33.7013
31|33.665|33.665
32|33.6372|33.6372
33|33.6138|33.6138
34|33.5972|33.5972
35|33.5885|33.5885
36|33.5797|33.5797
37|33.5714|33.5714
38|33.5635|33.5635
39|33.5577|33.5577
40|33.5521|33.5521
41|33.5472|33.5472
42|33.5428|33.5428
43|33.5385|33.5385
44|33.5344|33.5344
45|33.5302|33.5302
46|33.5272|33.5272
47|33.525|33.525
48|33.5229|33.5229
49|33.5208|33.5208
50|33.5188|33.5188
51|33.5177|33.5177
52|33.5166|33.5166
53|33.5161|33.5161
54|33.5155|33.5155
55|33.515|33.515
56|33.5146|33.5146
57|33.5142|33.5142
58|33.514|33.514
59|33.5138|33.5138
60|33.5138|33.5138
61|33.5138|33.5138
62|33.5137|33.5137
63|33.5137|33.5137
64|33.5137|33.5137
65|33.5137|33.5137
66|33.5137|33.5137
67|33.5137|33.5137
68|33.5137|33.5137
69|33.5137|33.5137
70|33.5137|33.5137
71|33.5137|33.5137
72|33.5137|33.5137
73|33.5137|33.5137
74|33.5137|33.5137
75|33.5137|33.5137
76|33.5137|33.5137
77|33.5137|33.5137
78|33.5137|33.5137
79|33.5137|33.5137
80|33.5137|33.5137
81|33.5137|33.5137
82|33.5137|33.5137
83|33.5137|33.5137
84|33.5137|33.5137
85|33.5137|33.5137
86|33.5137|33.5137
87|33.5137|33.5137
88|33.5137|33.5137
89|33.5137|33.5137
90|33.5137|33.5137
91|33.5137|33.5137
92|33.5137|33.5137
93|33.5137|33.5137
94|33.5137|33.5137
95|33.5137|33.5137
96|33.5137|33.5137
97|33.5137|33.5137
98|33.5137|33.5137
99|33.5137|33.5137
100|33.5137|33.5137
101|33.5137|33.5137
102|33.5137|33.5137
103|33.5137|33.5137
104|33.5137|33.5137
105|33.5137|33.5137
106|33.5137|33.5137
107|33.5137|33.5137
108|33.5137|33.5137
109|33.5137|33.5137
110|33.5137|33.5137
111|33.5137|33.5137
112|33.5137|33.5137
113|33.5137|33.5137
114|33.5137|33.5137
115|33.5137|33.5137
116|33.5137|33.5137
117|33.5137|33.5137
118|33.5137|33.5137
119|33.5137|33.5137
120|33.5137|33.5137
121|33.5137|33.5137
122|33.5137|33.5137
123|33.5137|33.5137
124|33.5137|33.5137
125|33.5137|33.5137
126|33.5137|33.5137
127|33.5137|33.5137
128|33.5137|33.5137
129|33.5137|33.5137
130|33.5137|33.5137
131|33.5137|33.5137
132|33.5137|33.5137
133|33.5137|33.5137
134|33.5137|33.5137
135|33.5137|33.5137
136|33.5137|33.5137
137|33.5137|33.5137
138|33.5137|33.5137
139|33.5137|33.5137
140|33.5137|33.5137
141|33.5137|33.5137
142|33.5137|33.5137
143|33.5137|33.5137
144|33.5137|33.5137
145|33.5137|33.5137
146|33.5137|33.5137
147|33.5137|33.5137
148|33.5137|33.5137
149|33.5137|33.5137
150|33.5137|33.5137
151|33.5137|33.5137
152|33.5137|33.5137
153|33.5137|33.5137
154|33.5137|33.5137
155|33.5137|33.5137
156|33.5137|33.5137
157|33.5137|33.5137
158|33.5137|33.5137
159|33.5137|33.5137
160|33.5137|33.5137
161|33.5137|33.5137
162|33.5137|33.5137
163|33.5137|33.5137
164|33.5137|33.5137
165|33.5137|33.5137
166|33.5137|33.5137
167|33.5137|33.5137
168|33.5137|33.5137
169|33.5137|33.5137
170|33.5137|33.5137
171|33.5137|33.5137
172|33.5137|33.5137
173|33.5137|33.5137
174|33.5137|33.5137
175|33.5137|33.5137
176|33.5137|33.5137
177|33.5137|33.5137
178|33.5137|33.5137
179|33.5137|33.5137
180|33.5137|33.5137
181|33.5137|33.5137
182|33.5137|33.5137
183|33.5137|33.5137
184|33.5137|33.5137
185|33.5137|33.5137
186|33.5137|33.5137
187|33.5137|33.5137
188|33.5137|33.5137
189|33.5137|33.5137
190|33.5137|33.5137
191|33.5137|33.5137
192|33.5137|33.5137
193|33.5137|33.5137
194|33.5137|33.5137
195|33.5137|33.5137
196|33.5137|33.5137
197|33.5137|33.5137
198|33.5137|33.5137
199|33.5137|33.5137
200|33.5137|33.5137
201|33.5137|33.5137
202|33.5137|33.5137
203|33.5137|33.5137
204|33.5137|33.5137
205|33.5137|33.5137
206|33.5137|33.5137
207|33.5137|33.5137
208|33.5137|33.5137
209|33.5137|33.5137
210|33.5137|33.5137
211|33.5137|33.5137
212|33.5137|33.5137
213|33.5137|33.5137
EARLY STOP: TARGET FOUND
297398ms
