1|159.613|159.613
2|134.517|134.517
3|112.327|112.327
4|93.7597|93.7597
5|77.5063|77.5063
6|65.3312|65.3312
7|55.2442|55.2442
8|47.738|47.738
9|42.2045|42.2045
10|37.3052|37.3052
11|33.1896|33.1896
12|29.4896|29.4896
13|26.972|26.972
14|25.9892|25.9892
15|24.5777|24.5777
16|21.1032|21.1032
17|20.489|20.489
18|20.0677|20.0677
19|19.7012|19.7012
20|19.5677|19.5677
21|19.468|19.468
22|19.386|19.386
23|19.3187|19.3187
24|19.2535|19.2535
25|19.212|19.212
26|19.1746|19.1746
27|19.1568|19.1568
28|19.1449|19.1449
29|19.1311|19.1311
30|19.1224|19.1224
31|19.1137|19.1137
32|19.1096|19.1096
33|19.1074|19.1074
34|19.1053|19.1053
35|19.1034|19.1034
36|19.102|19.102
37|19.1014|19.1014
38|19.1007|19.1007
39|19.1002|19.1002
40|19.0997|19.0997
41|19.0994|19.0994
42|19.0992|19.0992
43|19.0991|19.0991
44|19.099|19.099
45|19.0989|19.0989
46|19.0989|19.0989
47|19.0988|19.0988
48|19.0988|19.0988
49|19.0988|19.0988
50|19.0988|19.0988
51|19.0988|19.0988
52|19.0988|19.0988
53|19.0988|19.0988
54|19.0987|19.0987
55|19.0987|19.0987
56|19.0987|19.0987
57|19.0987|19.0987
58|19.0987|19.0987
59|19.0987|19.0987
60|19.0987|19.0987
61|19.0987|19.0987
62|19.0987|19.0987
63|19.0987|19.0987
64|19.0987|19.0987
65|19.0987|19.0987
66|19.0987|19.0987
67|19.0987|19.0987
68|19.0987|19.0987
69|19.0987|19.0987
70|19.0987|19.0987
71|19.0987|19.0987
72|19.0987|19.0987
73|19.0987|19.0987
74|19.0987|19.0987
75|19.0987|19.0987
76|19.0987|19.0987
77|19.0987|19.0987
78|19.0987|19.0987
79|19.0987|19.0987
80|19.0987|19.0987
81|19.0987|19.0987
82|19.0987|19.0987
83|19.0987|19.0987
84|19.0987|19.0987
85|19.0987|19.0987
86|19.0987|19.0987
87|19.0987|19.0987
88|19.0987|19.0987
89|19.0987|19.0987
90|19.0987|19.0987
91|19.0987|19.0987
92|19.0987|19.0987
93|19.0987|19.0987
94|19.0987|19.0987
95|19.0987|19.0987
96|19.0987|19.0987
97|19.0987|19.0987
98|19.0987|19.0987
99|19.0987|19.0987
100|19.0987|19.0987
101|19.0987|19.0987
102|19.0987|19.0987
103|19.0987|19.0987
104|19.0987|19.0987
105|19.0987|19.0987
106|19.0987|19.0987
107|19.0987|19.0987
108|19.0987|19.0987
109|19.0987|19.0987
110|19.0987|19.0987
111|19.0987|19.0987
112|19.0987|19.0987
113|19.0987|19.0987
114|19.0987|19.0987
115|19.0987|19.0987
116|19.0987|19.0987
117|19.0987|19.0987
118|19.0987|19.0987
119|19.0987|19.0987
120|19.0987|19.0987
121|19.0987|19.0987
122|19.0987|19.0987
123|19.0987|19.0987
124|19.0987|19.0987
125|19.0987|19.0987
126|19.0987|19.0987
127|19.0987|19.0987
128|19.0987|19.0987
129|19.0987|19.0987
130|19.0987|19.0987
131|19.0987|19.0987
132|19.0987|19.0987
133|19.0987|19.0987
134|19.0987|19.0987
135|19.0987|19.0987
136|19.0987|19.0987
137|19.0987|19.0987
138|19.0987|19.0987
139|19.0987|19.0987
140|19.0987|19.0987
141|19.0987|19.0987
142|19.0987|19.0987
143|19.0987|19.0987
144|19.0987|19.0987
145|19.0987|19.0987
146|19.0987|19.0987
147|19.0987|19.0987
148|19.0987|19.0987
149|19.0987|19.0987
150|19.0987|19.0987
151|19.0987|19.0987
152|19.0987|19.0987
153|19.0987|19.0987
154|19.0987|19.0987
155|19.0987|19.0987
156|19.0987|19.0987
157|19.0987|19.0987
158|19.0987|19.0987
159|19.0987|19.0987
160|19.0987|19.0987
161|19.0987|19.0987
162|19.0987|19.0987
163|19.0987|19.0987
164|19.0987|19.0987
165|19.0987|19.0987
166|19.0987|19.0987
167|19.0987|19.0987
168|19.0987|19.0987
169|19.0987|19.0987
170|19.0987|19.0987
171|19.0987|19.0987
172|19.0987|19.0987
173|19.0987|19.0987
174|19.0987|19.0987
175|19.0987|19.0987
176|19.0987|19.0987
177|19.0987|19.0987
178|19.0987|19.0987
179|19.0987|19.0987
180|19.0987|19.0987
181|19.0987|19.0987
182|19.0987|19.0987
183|19.0987|19.0987
184|19.0987|19.0987
185|19.0987|19.0987
186|19.0987|19.0987
187|19.0987|19.0987
188|19.0987|19.0987
189|19.0987|19.0987
190|19.0987|19.0987
191|19.0987|19.0987
192|19.0987|19.0987
193|19.0987|19.0987
194|19.0987|19.0987
195|19.0987|19.0987
196|19.0987|19.0987
197|19.0987|19.0987
198|19.0987|19.0987
199|19.0987|19.0987
200|19.0987|19.0987
201|19.0987|19.0987
202|19.0987|19.0987
203|19.0987|19.0987
204|19.0987|19.0987
205|19.0987|19.0987
EARLY STOP: TARGET FOUND
292651ms
