1|-955.367|-955.367
2|-1384.81|-1384.81
3|-1533.75|-1533.75
4|-1616.46|-1616.46
5|-1628.55|-1628.55
6|-1638.86|-1638.86
7|-1664.07|-1664.07
8|-1673.06|-1673.06
9|-1677.22|-1677.22
10|-1680.94|-1680.94
11|-1682.45|-1682.45
12|-1683.08|-1683.08
13|-1683.58|-1683.58
14|-1683.89|-1683.89
15|-1684.14|-1684.14
16|-1684.35|-1684.35
17|-1684.5|-1684.5
18|-1684.56|-1684.56
19|-1684.61|-1684.61
20|-1684.65|-1684.65
21|-1684.68|-1684.68
22|-1684.7|-1684.7
23|-1684.72|-1684.72
24|-1684.72|-1684.72
25|-1684.73|-1684.73
26|-1684.73|-1684.73
27|-1684.73|-1684.73
28|-1684.74|-1684.74
29|-1684.74|-1684.74
30|-1684.74|-1684.74
31|-1684.74|-1684.74
32|-1684.74|-1684.74
33|-1684.74|-1684.74
34|-1684.74|-1684.74
35|-1684.74|-1684.74
36|-1684.74|-1684.74
37|-1684.74|-1684.74
38|-1684.74|-1684.74
39|-1684.74|-1684.74
40|-1684.74|-1684.74
41|-1684.74|-1684.74
42|-1684.74|-1684.74
43|-1684.74|-1684.74
44|-1684.74|-1684.74
45|-1684.74|-1684.74
46|-1684.74|-1684.74
47|-1684.74|-1684.74
48|-1684.74|-1684.74
49|-1684.74|-1684.74
50|-1684.74|-1684.74
51|-1684.74|-1684.74
52|-1684.74|-1684.74
53|-1684.74|-1684.74
54|-1684.74|-1684.74
55|-1684.74|-1684.74
56|-1684.74|-1684.74
57|-1684.74|-1684.74
58|-1684.74|-1684.74
59|-1684.74|-1684.74
60|-1684.74|-1684.74
61|-1684.74|-1684.74
62|-1684.74|-1684.74
63|-1684.74|-1684.74
64|-1684.74|-1684.74
65|-1684.74|-1684.74
66|-1684.74|-1684.74
67|-1684.74|-1684.74
68|-1684.74|-1684.74
69|-1684.74|-1684.74
70|-1684.74|-1684.74
71|-1684.74|-1684.74
72|-1684.74|-1684.74
73|-1684.74|-1684.74
74|-1684.74|-1684.74
75|-1684.74|-1684.74
76|-1684.74|-1684.74
77|-1684.74|-1684.74
78|-1684.74|-1684.74
79|-1684.74|-1684.74
80|-1684.74|-1684.74
81|-1684.74|-1684.74
82|-1684.74|-1684.74
83|-1684.74|-1684.74
84|-1684.74|-1684.74
85|-1684.74|-1684.74
86|-1684.74|-1684.74
87|-1684.74|-1684.74
88|-1684.74|-1684.74
89|-1684.74|-1684.74
90|-1684.74|-1684.74
91|-1684.74|-1684.74
92|-1684.74|-1684.74
93|-1684.74|-1684.74
94|-1684.74|-1684.74
95|-1684.74|-1684.74
96|-1684.74|-1684.74
97|-1684.74|-1684.74
98|-1684.74|-1684.74
99|-1684.74|-1684.74
100|-1684.74|-1684.74
101|-1684.74|-1684.74
102|-1684.74|-1684.74
103|-1684.74|-1684.74
104|-1684.74|-1684.74
105|-1684.74|-1684.74
106|-1684.74|-1684.74
107|-1684.74|-1684.74
108|-1684.74|-1684.74
109|-1684.74|-1684.74
110|-1684.74|-1684.74
111|-1684.74|-1684.74
112|-1684.74|-1684.74
113|-1684.74|-1684.74
114|-1684.74|-1684.74
115|-1684.74|-1684.74
116|-1684.74|-1684.74
117|-1684.74|-1684.74
118|-1684.74|-1684.74
119|-1684.74|-1684.74
120|-1684.74|-1684.74
121|-1684.74|-1684.74
122|-1684.74|-1684.74
123|-1684.74|-1684.74
124|-1684.74|-1684.74
125|-1684.74|-1684.74
126|-1684.74|-1684.74
127|-1684.74|-1684.74
128|-1684.74|-1684.74
129|-1684.74|-1684.74
130|-1684.74|-1684.74
131|-1684.74|-1684.74
132|-1684.74|-1684.74
133|-1684.74|-1684.74
134|-1684.74|-1684.74
135|-1684.74|-1684.74
136|-1684.74|-1684.74
137|-1684.74|-1684.74
138|-1684.74|-1684.74
139|-1684.74|-1684.74
140|-1684.74|-1684.74
141|-1684.74|-1684.74
142|-1684.74|-1684.74
143|-1684.74|-1684.74
144|-1684.74|-1684.74
145|-1684.74|-1684.74
146|-1684.74|-1684.74
147|-1684.74|-1684.74
148|-1684.74|-1684.74
149|-1684.74|-1684.74
150|-1684.74|-1684.74
151|-1684.74|-1684.74
152|-1684.74|-1684.74
153|-1684.74|-1684.74
154|-1684.74|-1684.74
155|-1684.74|-1684.74
156|-1684.74|-1684.74
157|-1684.74|-1684.74
158|-1684.74|-1684.74
159|-1684.74|-1684.74
160|-1684.74|-1684.74
161|-1684.74|-1684.74
162|-1684.74|-1684.74
163|-1684.74|-1684.74
164|-1684.74|-1684.74
165|-1684.74|-1684.74
166|-1684.74|-1684.74
167|-1684.74|-1684.74
168|-1684.74|-1684.74
169|-1684.74|-1684.74
170|-1684.74|-1684.74
171|-1684.74|-1684.74
172|-1684.74|-1684.74
173|-1684.74|-1684.74
174|-1684.74|-1684.74
175|-1684.74|-1684.74
176|-1684.74|-1684.74
177|-1684.74|-1684.74
178|-1684.74|-1684.74
179|-1684.74|-1684.74
180|-1684.74|-1684.74
181|-1684.74|-1684.74
182|-1684.74|-1684.74
183|-1684.74|-1684.74
184|-1684.74|-1684.74
185|-1684.74|-1684.74
186|-1684.74|-1684.74
187|-1684.74|-1684.74
188|-1684.74|-1684.74
EARLY STOP: TARGET FOUND
104761ms
