1|205.357|205.357
2|185.098|185.098
3|165.102|165.102
4|145.167|145.167
5|126.35|126.35
6|108.977|108.977
7|98.9692|98.9692
8|89.251|89.251
9|79.6747|79.6747
10|70.6036|70.6036
11|62.066|62.066
12|53.6525|53.6525
13|46.8146|46.8146
14|40.1969|40.1969
15|35.6556|35.6556
16|31.3309|31.3309
17|27.0678|27.0678
18|23.4236|23.4236
19|20.0893|20.0893
20|16.7844|16.7844
21|13.6183|13.6183
22|11.5859|11.5859
23|10.5441|10.5441
24|9.6105|9.6105
25|8.70777|8.70777
26|8.01219|8.01219
27|7.35211|7.35211
28|6.72005|6.72005
29|6.12678|6.12678
30|5.61172|5.61172
31|5.15785|5.15785
32|4.71946|4.71946
33|4.29583|4.29583
34|4.00266|4.00266
35|3.71257|3.71257
36|3.42637|3.42637
37|3.14684|3.14684
38|2.87141|2.87141
39|2.60159|2.60159
40|2.38789|2.38789
41|2.17496|2.17496
42|1.96267|1.96267
43|1.76083|1.76083
44|1.56348|1.56348
45|1.40389|1.40389
46|1.25829|1.25829
47|1.11413|1.11413
48|0.984043|0.984043
49|0.879627|0.879627
50|0.809841|0.809841
51|0.741599|0.741599
52|0.675297|0.675297
53|0.612336|0.612336
54|0.551419|0.551419
55|0.493311|0.493311
56|0.447415|0.447415
57|0.405235|0.405235
58|0.368215|0.368215
59|0.338163|0.338163
60|0.308149|0.308149
61|0.278485|0.278485
62|0.24914|0.24914
63|0.220707|0.220707
64|0.202247|0.202247
65|0.184023|0.184023
66|0.166686|0.166686
67|0.150127|0.150127
68|0.134434|0.134434
69|0.119513|0.119513
70|0.105562|0.105562
71|0.0932817|0.0932817
72|0.0820231|0.0820231
73|0.0721692|0.0721692
74|0.0642715|0.0642715
75|0.0574895|0.0574895
76|0.0530594|0.0530594
77|0.0487473|0.0487473
78|0.0448789|0.0448789
79|0.0410793|0.0410793
80|0.0374586|0.0374586
81|0.0339793|0.0339793
82|0.0305054|0.0305054
83|0.0274589|0.0274589
84|0.0246171|0.0246171
85|0.0219566|0.0219566
86|0.0194117|0.0194117
87|0.0172363|0.0172363
88|0.0153718|0.0153718
89|0.0135113|0.0135113
90|0.0124411|0.0124411
91|0.0114136|0.0114136
92|0.0103986|0.0103986
93|0.00941515|0.00941515
EARLY STOP: TARGET FOUND
1057184ms
