1|-1.68726|-1.68726
2|-2.2764|-2.2764
3|-2.67135|-2.67135
4|-2.82224|-2.82224
5|-3.09732|-3.09732
6|-3.13829|-3.13829
7|-3.15178|-3.15178
8|-3.16204|-3.16204
9|-3.172|-3.172
10|-4.08125|-4.08125
11|-4.14773|-4.14773
12|-4.15083|-4.15083
13|-4.15391|-4.15391
14|-4.15634|-4.15634
15|-4.15866|-4.15866
16|-4.15994|-4.15994
17|-4.16058|-4.16058
18|-4.1609|-4.1609
19|-4.16114|-4.16114
20|-4.1613|-4.1613
21|-4.16141|-4.16141
22|-4.16149|-4.16149
23|-4.1615|-4.1615
24|-4.1615|-4.1615
25|-4.16151|-4.16151
26|-4.16151|-4.16151
27|-4.16151|-4.16151
28|-4.16151|-4.16151
29|-4.16151|-4.16151
30|-4.16151|-4.16151
31|-4.16151|-4.16151
32|-4.16151|-4.16151
33|-4.16151|-4.16151
34|-4.16151|-4.16151
35|-4.16151|-4.16151
36|-4.16151|-4.16151
37|-4.16151|-4.16151
38|-4.16151|-4.16151
39|-4.16151|-4.16151
40|-4.16151|-4.16151
41|-4.16151|-4.16151
42|-4.16151|-4.16151
43|-4.16151|-4.16151
44|-4.16151|-4.16151
45|-4.16151|-4.16151
46|-4.16151|-4.16151
47|-4.16151|-4.16151
48|-4.16151|-4.16151
49|-4.16151|-4.16151
50|-4.16151|-4.16151
51|-4.16151|-4.16151
52|-4.16151|-4.16151
53|-4.16151|-4.16151
54|-4.16151|-4.16151
55|-4.16151|-4.16151
56|-4.16151|-4.16151
57|-4.16151|-4.16151
58|-4.16151|-4.16151
59|-4.16151|-4.16151
60|-4.16151|-4.16151
61|-4.16151|-4.16151
62|-4.16151|-4.16151
63|-4.16151|-4.16151
64|-4.16151|-4.16151
65|-4.16151|-4.16151
66|-4.16151|-4.16151
67|-4.16151|-4.16151
68|-4.16151|-4.16151
69|-4.16151|-4.16151
70|-4.16151|-4.16151
71|-4.16151|-4.16151
72|-4.16151|-4.16151
73|-4.16151|-4.16151
74|-4.16151|-4.16151
75|-4.16151|-4.16151
76|-4.16151|-4.16151
77|-4.16151|-4.16151
78|-4.16151|-4.16151
79|-4.16151|-4.16151
80|-4.16151|-4.16151
81|-4.16151|-4.16151
82|-4.16151|-4.16151
83|-4.16151|-4.16151
84|-4.16151|-4.16151
85|-4.16151|-4.16151
86|-4.16151|-4.16151
87|-4.16151|-4.16151
88|-4.16151|-4.16151
89|-4.16151|-4.16151
90|-4.16151|-4.16151
91|-4.16151|-4.16151
92|-4.16151|-4.16151
93|-4.16151|-4.16151
94|-4.16151|-4.16151
95|-4.16151|-4.16151
96|-4.16151|-4.16151
97|-4.16151|-4.16151
98|-4.16151|-4.16151
99|-4.16151|-4.16151
100|-4.16151|-4.16151
101|-4.16151|-4.16151
102|-4.16151|-4.16151
103|-4.16151|-4.16151
104|-4.16151|-4.16151
105|-4.16151|-4.16151
106|-4.16151|-4.16151
107|-4.16151|-4.16151
108|-4.16151|-4.16151
109|-4.16151|-4.16151
110|-4.16151|-4.16151
111|-4.16151|-4.16151
112|-4.16151|-4.16151
113|-4.16151|-4.16151
114|-4.16151|-4.16151
115|-4.16151|-4.16151
116|-4.16151|-4.16151
117|-4.16151|-4.16151
118|-4.16151|-4.16151
119|-4.16151|-4.16151
120|-4.16151|-4.16151
121|-4.16151|-4.16151
122|-4.16151|-4.16151
123|-4.16151|-4.16151
124|-4.16151|-4.16151
125|-4.16151|-4.16151
126|-4.16151|-4.16151
127|-4.16151|-4.16151
128|-4.16151|-4.16151
129|-4.16151|-4.16151
130|-4.16151|-4.16151
131|-4.16151|-4.16151
132|-4.16151|-4.16151
133|-4.16151|-4.16151
134|-4.16151|-4.16151
135|-4.16151|-4.16151
136|-4.16151|-4.16151
137|-4.16151|-4.16151
138|-4.16151|-4.16151
139|-4.16151|-4.16151
140|-4.16151|-4.16151
141|-4.16151|-4.16151
142|-4.16151|-4.16151
143|-4.16151|-4.16151
144|-4.16151|-4.16151
145|-4.16151|-4.16151
146|-4.16151|-4.16151
147|-4.16151|-4.16151
148|-4.16151|-4.16151
149|-4.16151|-4.16151
150|-4.16151|-4.16151
151|-4.16151|-4.16151
152|-4.16151|-4.16151
153|-4.16151|-4.16151
154|-4.16151|-4.16151
155|-4.16151|-4.16151
156|-4.16151|-4.16151
157|-4.16151|-4.16151
158|-4.16151|-4.16151
159|-4.16151|-4.16151
160|-4.16151|-4.16151
161|-4.16151|-4.16151
162|-4.16151|-4.16151
163|-4.16151|-4.16151
164|-4.16151|-4.16151
165|-4.16151|-4.16151
166|-4.16151|-4.16151
167|-4.16151|-4.16151
168|-4.16151|-4.16151
169|-4.16151|-4.16151
170|-4.16151|-4.16151
171|-4.16151|-4.16151
172|-4.16151|-4.16151
173|-4.16151|-4.16151
174|-4.16151|-4.16151
175|-4.16151|-4.16151
176|-4.16151|-4.16151
177|-4.16151|-4.16151
178|-4.16151|-4.16151
EARLY STOP: TARGET FOUND
69163ms
