1|-430.416|-430.416
2|-602.846|-602.846
3|-725.046|-725.046
4|-802.353|-802.353
5|-930.806|-930.806
6|-981.435|-981.435
7|-1058.38|-1058.38
8|-1355.05|-1355.05
9|-1399.48|-1399.48
10|-1442.57|-1442.57
11|-1456.28|-1456.28
12|-1492.26|-1492.26
13|-1502.85|-1502.85
14|-1511.82|-1511.82
15|-1520.64|-1520.64
16|-1529.25|-1529.25
17|-1534.53|-1534.53
18|-1538.91|-1538.91
19|-1543.06|-1543.06
20|-1546.9|-1546.9
21|-1549.08|-1549.08
22|-1550.17|-1550.17
23|-1551.19|-1551.19
24|-1551.84|-1551.84
25|-1552.35|-1552.35
26|-1552.71|-1552.71
27|-1552.98|-1552.98
28|-1553.23|-1553.23
29|-1553.39|-1553.39
30|-1553.52|-1553.52
31|-1553.58|-1553.58
32|-1553.62|-1553.62
33|-1553.66|-1553.66
34|-1553.69|-1553.69
35|-1553.7|-1553.7
36|-1553.72|-1553.72
37|-1553.74|-1553.74
38|-1553.75|-1553.75
39|-1553.75|-1553.75
40|-1553.76|-1553.76
41|-1553.77|-1553.77
42|-1553.77|-1553.77
43|-1553.77|-1553.77
44|-1553.77|-1553.77
45|-1553.78|-1553.78
46|-1553.78|-1553.78
47|-1553.78|-1553.78
48|-1553.78|-1553.78
49|-1553.78|-1553.78
50|-1553.78|-1553.78
51|-1553.78|-1553.78
52|-1553.78|-1553.78
53|-1553.78|-1553.78
54|-1553.78|-1553.78
55|-1553.78|-1553.78
56|-1553.78|-1553.78
57|-1553.78|-1553.78
58|-1553.78|-1553.78
59|-1553.78|-1553.78
60|-1553.78|-1553.78
61|-1553.78|-1553.78
62|-1553.78|-1553.78
63|-1553.78|-1553.78
64|-1553.78|-1553.78
65|-1553.78|-1553.78
66|-1553.78|-1553.78
67|-1553.78|-1553.78
68|-1553.78|-1553.78
69|-1553.78|-1553.78
70|-1553.78|-1553.78
71|-1553.78|-1553.78
72|-1553.78|-1553.78
73|-1553.78|-1553.78
74|-1553.78|-1553.78
75|-1553.78|-1553.78
76|-1553.78|-1553.78
77|-1553.78|-1553.78
78|-1553.78|-1553.78
79|-1553.78|-1553.78
80|-1553.78|-1553.78
81|-1553.78|-1553.78
82|-1553.78|-1553.78
83|-1553.78|-1553.78
84|-1553.78|-1553.78
85|-1553.78|-1553.78
86|-1553.78|-1553.78
87|-1553.78|-1553.78
88|-1553.78|-1553.78
89|-1553.78|-1553.78
90|-1553.78|-1553.78
91|-1553.78|-1553.78
92|-1553.78|-1553.78
93|-1553.78|-1553.78
94|-1553.78|-1553.78
95|-1553.78|-1553.78
96|-1553.78|-1553.78
97|-1553.78|-1553.78
98|-1553.78|-1553.78
99|-1553.78|-1553.78
100|-1553.78|-1553.78
101|-1553.78|-1553.78
102|-1553.78|-1553.78
103|-1553.78|-1553.78
104|-1553.78|-1553.78
105|-1553.78|-1553.78
106|-1553.78|-1553.78
107|-1553.78|-1553.78
108|-1553.78|-1553.78
109|-1553.78|-1553.78
110|-1553.78|-1553.78
111|-1553.78|-1553.78
112|-1553.78|-1553.78
113|-1553.78|-1553.78
114|-1553.78|-1553.78
115|-1553.78|-1553.78
116|-1553.78|-1553.78
117|-1553.78|-1553.78
118|-1553.78|-1553.78
119|-1553.78|-1553.78
120|-1553.78|-1553.78
121|-1553.78|-1553.78
122|-1553.78|-1553.78
123|-1553.78|-1553.78
124|-1553.78|-1553.78
125|-1553.78|-1553.78
126|-1553.78|-1553.78
127|-1553.78|-1553.78
128|-1553.78|-1553.78
129|-1553.78|-1553.78
130|-1553.78|-1553.78
131|-1553.78|-1553.78
132|-1553.78|-1553.78
133|-1553.78|-1553.78
134|-1553.78|-1553.78
135|-1553.78|-1553.78
136|-1553.78|-1553.78
137|-1553.78|-1553.78
138|-1553.78|-1553.78
139|-1553.78|-1553.78
140|-1553.78|-1553.78
141|-1553.78|-1553.78
142|-1553.78|-1553.78
143|-1553.78|-1553.78
144|-1553.78|-1553.78
145|-1553.78|-1553.78
146|-1553.78|-1553.78
147|-1553.78|-1553.78
148|-1553.78|-1553.78
149|-1553.78|-1553.78
150|-1553.78|-1553.78
151|-1553.78|-1553.78
152|-1553.78|-1553.78
153|-1553.78|-1553.78
154|-1553.78|-1553.78
155|-1553.78|-1553.78
156|-1553.78|-1553.78
157|-1553.78|-1553.78
158|-1553.78|-1553.78
159|-1553.78|-1553.78
160|-1553.78|-1553.78
161|-1553.78|-1553.78
162|-1553.78|-1553.78
163|-1553.78|-1553.78
164|-1553.78|-1553.78
165|-1553.78|-1553.78
166|-1553.78|-1553.78
167|-1553.78|-1553.78
168|-1553.78|-1553.78
169|-1553.78|-1553.78
170|-1553.78|-1553.78
171|-1553.78|-1553.78
172|-1553.78|-1553.78
173|-1553.78|-1553.78
174|-1553.78|-1553.78
175|-1553.78|-1553.78
176|-1553.78|-1553.78
177|-1553.78|-1553.78
178|-1553.78|-1553.78
179|-1553.78|-1553.78
180|-1553.78|-1553.78
181|-1553.78|-1553.78
182|-1553.78|-1553.78
183|-1553.78|-1553.78
184|-1553.78|-1553.78
185|-1553.78|-1553.78
186|-1553.78|-1553.78
187|-1553.78|-1553.78
188|-1553.78|-1553.78
189|-1553.78|-1553.78
190|-1553.78|-1553.78
191|-1553.78|-1553.78
192|-1553.78|-1553.78
193|-1553.78|-1553.78
194|-1553.78|-1553.78
195|-1553.78|-1553.78
196|-1553.78|-1553.78
197|-1553.78|-1553.78
198|-1553.78|-1553.78
199|-1553.78|-1553.78
200|-1553.78|-1553.78
201|-1553.78|-1553.78
202|-1553.78|-1553.78
203|-1553.78|-1553.78
EARLY STOP: TARGET FOUND
113645ms
