1|-1.16349|-1.16349
2|-2.01818|-2.01818
3|-2.79431|-2.79431
4|-3.53834|-3.53834
5|-4.10022|-4.10022
6|-4.55418|-4.55418
7|-4.80354|-4.80354
8|-5.04041|-5.04041
9|-5.2325|-5.2325
10|-5.38067|-5.38067
11|-5.49098|-5.49098
12|-5.59664|-5.59664
13|-6.09247|-6.09247
14|-6.1499|-6.1499
15|-6.84348|-6.84348
16|-7.03677|-7.03677
17|-7.06807|-7.06807
18|-7.09266|-7.09266
19|-7.11231|-7.11231
20|-7.13111|-7.13111
21|-7.13992|-7.13992
22|-7.14829|-7.14829
23|-7.15584|-7.15584
24|-7.16189|-7.16189
25|-7.16678|-7.16678
26|-7.17152|-7.17152
27|-7.17832|-7.17832
28|-7.18268|-7.18268
29|-7.18481|-7.18481
30|-7.18586|-7.18586
31|-7.18681|-7.18681
32|-7.18762|-7.18762
33|-7.18823|-7.18823
34|-7.1887|-7.1887
35|-7.18916|-7.18916
36|-7.18935|-7.18935
37|-7.18949|-7.18949
38|-7.1896|-7.1896
39|-7.18969|-7.18969
40|-7.18976|-7.18976
41|-7.18984|-7.18984
42|-7.1899|-7.1899
43|-7.18997|-7.18997
44|-7.19047|-7.19047
45|-7.19083|-7.19083
46|-7.19088|-7.19088
47|-7.19091|-7.19091
48|-7.19094|-7.19094
49|-7.19097|-7.19097
50|-7.191|-7.191
51|-7.19103|-7.19103
52|-7.19104|-7.19104
53|-7.19106|-7.19106
54|-7.19107|-7.19107
55|-7.19108|-7.19108
56|-7.19109|-7.19109
57|-7.1911|-7.1911
58|-7.1911|-7.1911
59|-7.1911|-7.1911
60|-7.1911|-7.1911
61|-7.1911|-7.1911
62|-7.1911|-7.1911
63|-7.1911|-7.1911
64|-7.1911|-7.1911
65|-7.1911|-7.1911
66|-7.1911|-7.1911
67|-7.1911|-7.1911
68|-7.1911|-7.1911
69|-7.1911|-7.1911
70|-7.1911|-7.1911
71|-7.1911|-7.1911
72|-7.1911|-7.1911
73|-7.1911|-7.1911
74|-7.1911|-7.1911
75|-7.1911|-7.1911
76|-7.1911|-7.1911
77|-7.1911|-7.1911
78|-7.1911|-7.1911
79|-7.1911|-7.1911
80|-7.1911|-7.1911
81|-7.1911|-7.1911
82|-7.1911|-7.1911
83|-7.1911|-7.1911
84|-7.1911|-7.1911
85|-7.1911|-7.1911
86|-7.1911|-7.1911
87|-7.1911|-7.1911
88|-7.1911|-7.1911
89|-7.1911|-7.1911
90|-7.1911|-7.1911
91|-7.1911|-7.1911
92|-7.1911|-7.1911
93|-7.1911|-7.1911
94|-7.1911|-7.1911
95|-7.1911|-7.1911
96|-7.1911|-7.1911
97|-7.1911|-7.1911
98|-7.1911|-7.1911
99|-7.1911|-7.1911
100|-7.1911|-7.1911
101|-7.1911|-7.1911
102|-7.1911|-7.1911
103|-7.1911|-7.1911
104|-7.1911|-7.1911
105|-7.1911|-7.1911
106|-7.1911|-7.1911
107|-7.1911|-7.1911
108|-7.1911|-7.1911
109|-7.1911|-7.1911
110|-7.1911|-7.1911
111|-7.1911|-7.1911
112|-7.1911|-7.1911
113|-7.1911|-7.1911
114|-7.1911|-7.1911
115|-7.1911|-7.1911
116|-7.1911|-7.1911
117|-7.1911|-7.1911
118|-7.1911|-7.1911
119|-7.1911|-7.1911
120|-7.1911|-7.1911
121|-7.1911|-7.1911
122|-7.1911|-7.1911
123|-7.1911|-7.1911
124|-7.1911|-7.1911
125|-7.1911|-7.1911
126|-7.1911|-7.1911
127|-7.1911|-7.1911
128|-7.1911|-7.1911
129|-7.1911|-7.1911
130|-7.1911|-7.1911
131|-7.1911|-7.1911
132|-7.1911|-7.1911
133|-7.1911|-7.1911
134|-7.1911|-7.1911
135|-7.1911|-7.1911
136|-7.1911|-7.1911
137|-7.1911|-7.1911
138|-7.1911|-7.1911
139|-7.1911|-7.1911
140|-7.1911|-7.1911
141|-7.1911|-7.1911
142|-7.1911|-7.1911
143|-7.1911|-7.1911
144|-7.1911|-7.1911
145|-7.1911|-7.1911
146|-7.1911|-7.1911
147|-7.1911|-7.1911
148|-7.1911|-7.1911
149|-7.1911|-7.1911
150|-7.1911|-7.1911
151|-7.1911|-7.1911
152|-7.1911|-7.1911
153|-7.1911|-7.1911
154|-7.1911|-7.1911
155|-7.1911|-7.1911
156|-7.1911|-7.1911
157|-7.1911|-7.1911
158|-7.1911|-7.1911
159|-7.1911|-7.1911
160|-7.1911|-7.1911
161|-7.1911|-7.1911
162|-7.1911|-7.1911
163|-7.1911|-7.1911
164|-7.1911|-7.1911
165|-7.1911|-7.1911
166|-7.1911|-7.1911
167|-7.1911|-7.1911
168|-7.1911|-7.1911
169|-7.1911|-7.1911
170|-7.1911|-7.1911
171|-7.1911|-7.1911
172|-7.1911|-7.1911
173|-7.1911|-7.1911
174|-7.1911|-7.1911
175|-7.1911|-7.1911
176|-7.1911|-7.1911
177|-7.1911|-7.1911
178|-7.1911|-7.1911
179|-7.1911|-7.1911
180|-7.1911|-7.1911
181|-7.1911|-7.1911
182|-7.1911|-7.1911
183|-7.1911|-7.1911
184|-7.1911|-7.1911
185|-7.1911|-7.1911
186|-7.1911|-7.1911
187|-7.1911|-7.1911
188|-7.1911|-7.1911
189|-7.1911|-7.1911
190|-7.1911|-7.1911
191|-7.1911|-7.1911
192|-7.1911|-7.1911
193|-7.1911|-7.1911
194|-7.1911|-7.1911
195|-7.1911|-7.1911
196|-7.1911|-7.1911
197|-7.1911|-7.1911
198|-7.1911|-7.1911
199|-7.1911|-7.1911
200|-7.1911|-7.1911
201|-7.1911|-7.1911
202|-7.1911|-7.1911
203|-7.1911|-7.1911
204|-7.1911|-7.1911
205|-7.1911|-7.1911
206|-7.1911|-7.1911
207|-7.1911|-7.1911
208|-7.1911|-7.1911
209|-7.1911|-7.1911
210|-7.1911|-7.1911
211|-7.1911|-7.1911
EARLY STOP: TARGET FOUND
287478ms
