1|165.017|165.017
2|-549.03|-549.03
3|-1246.69|-1246.69
4|-1922.6|-1922.6
5|-2569.75|-2569.75
6|-3058.28|-3058.28
7|-3536.04|-3536.04
8|-4006.66|-4006.66
9|-4453.77|-4453.77
10|-4856.02|-4856.02
11|-5255.27|-5255.27
12|-5593.64|-5593.64
13|-5919.5|-5919.5
14|-6223.63|-6223.63
15|-6522.44|-6522.44
16|-6811.24|-6811.24
17|-7042.56|-7042.56
18|-7232.03|-7232.03
19|-7418.31|-7418.31
20|-7582.61|-7582.61
21|-7717.64|-7717.64
22|-7833.14|-7833.14
23|-7940.6|-7940.6
24|-8043.63|-8043.63
25|-8142.57|-8142.57
26|-8233.39|-8233.39
27|-8319.97|-8319.97
28|-8590.24|-8590.24
29|-8676.82|-8676.82
30|-8763.27|-8763.27
31|-8846.89|-8846.89
32|-8921.74|-8921.74
33|-8996.25|-8996.25
34|-9059.38|-9059.38
35|-9158.55|-9158.55
36|-9201.55|-9201.55
37|-9244.33|-9244.33
38|-9286.9|-9286.9
39|-9326.49|-9326.49
40|-9351.98|-9351.98
41|-9374.26|-9374.26
42|-9395.54|-9395.54
43|-9415.89|-9415.89
44|-9435.98|-9435.98
45|-9454.76|-9454.76
46|-9473.12|-9473.12
47|-9494.23|-9494.23
48|-9512.56|-9512.56
49|-9531|-9531
50|-9566.82|-9566.82
51|-9583.29|-9583.29
52|-9599.05|-9599.05
53|-9628.29|-9628.29
54|-9646.15|-9646.15
55|-9660.78|-9660.78
56|-9673.55|-9673.55
57|-9685.9|-9685.9
58|-9696.92|-9696.92
59|-9707.86|-9707.86
60|-9718.43|-9718.43
61|-9727.62|-9727.62
62|-9736.75|-9736.75
63|-9745.58|-9745.58
64|-9754.35|-9754.35
65|-9763.12|-9763.12
66|-9769.06|-9769.06
67|-9774.9|-9774.9
68|-9779.28|-9779.28
69|-9783.54|-9783.54
70|-9787.78|-9787.78
71|-9791.92|-9791.92
72|-9795.46|-9795.46
73|-9798.95|-9798.95
74|-9801.57|-9801.57
75|-9803.75|-9803.75
76|-9805.94|-9805.94
77|-9807.98|-9807.98
78|-9810.02|-9810.02
79|-9811.66|-9811.66
80|-9813.28|-9813.28
81|-9814.76|-9814.76
82|-9816.19|-9816.19
83|-9817.61|-9817.61
84|-9818.93|-9818.93
85|-9820.25|-9820.25
86|-9821.53|-9821.53
87|-9822.62|-9822.62
88|-9823.71|-9823.71
89|-9824.8|-9824.8
90|-9825.65|-9825.65
91|-9826.47|-9826.47
92|-9827.19|-9827.19
93|-9827.91|-9827.91
94|-9828.57|-9828.57
95|-9829.11|-9829.11
96|-9829.62|-9829.62
97|-9830.08|-9830.08
98|-9830.47|-9830.47
99|-9830.85|-9830.85
100|-9831.19|-9831.19
101|-9831.5|-9831.5
102|-9831.82|-9831.82
103|-9832.09|-9832.09
104|-9832.36|-9832.36
105|-9832.63|-9832.63
106|-9832.88|-9832.88
107|-9833.07|-9833.07
108|-9833.24|-9833.24
109|-9833.41|-9833.41
110|-9833.58|-9833.58
111|-9833.74|-9833.74
112|-9833.89|-9833.89
113|-9834.05|-9834.05
114|-9834.19|-9834.19
115|-9834.33|-9834.33
116|-9834.46|-9834.46
117|-9834.59|-9834.59
118|-9834.71|-9834.71
119|-9834.8|-9834.8
120|-9834.88|-9834.88
121|-9834.96|-9834.96
122|-9835.03|-9835.03
123|-9835.11|-9835.11
124|-9835.17|-9835.17
125|-9835.24|-9835.24
126|-9835.3|-9835.3
127|-9835.36|-9835.36
128|-9835.42|-9835.42
129|-9835.47|-9835.47
130|-9835.51|-9835.51
131|-9835.56|-9835.56
132|-9835.59|-9835.59
133|-9835.62|-9835.62
134|-9835.65|-9835.65
135|-9835.69|-9835.69
136|-9835.72|-9835.72
137|-9835.74|-9835.74
138|-9835.76|-9835.76
139|-9835.79|-9835.79
140|-9835.8|-9835.8
141|-9835.82|-9835.82
142|-9835.84|-9835.84
143|-9835.86|-9835.86
144|-9835.87|-9835.87
145|-9835.89|-9835.89
146|-9835.9|-9835.9
147|-9835.92|-9835.92
148|-9835.93|-9835.93
149|-9835.94|-9835.94
150|-9835.95|-9835.95
151|-9835.96|-9835.96
152|-9835.96|-9835.96
153|-9835.97|-9835.97
154|-9835.98|-9835.98
155|-9835.99|-9835.99
156|-9836|-9836
157|-9836|-9836
158|-9836.01|-9836.01
159|-9836.02|-9836.02
160|-9836.02|-9836.02
161|-9836.03|-9836.03
162|-9836.03|-9836.03
163|-9836.04|-9836.04
164|-9836.04|-9836.04
165|-9836.04|-9836.04
166|-9836.05|-9836.05
167|-9836.05|-9836.05
168|-9836.06|-9836.06
169|-9836.06|-9836.06
170|-9836.07|-9836.07
171|-9836.07|-9836.07
172|-9836.07|-9836.07
173|-9836.07|-9836.07
174|-9836.08|-9836.08
175|-9836.08|-9836.08
176|-9836.08|-9836.08
177|-9836.08|-9836.08
178|-9836.08|-9836.08
179|-9836.09|-9836.09
180|-9836.09|-9836.09
181|-9836.09|-9836.09
182|-9836.09|-9836.09
183|-9836.09|-9836.09
184|-9836.1|-9836.1
185|-9836.1|-9836.1
186|-9836.1|-9836.1
187|-9836.1|-9836.1
188|-9836.1|-9836.1
189|-9836.1|-9836.1
190|-9836.1|-9836.1
191|-9836.1|-9836.1
192|-9836.11|-9836.11
193|-9836.11|-9836.11
194|-9836.11|-9836.11
195|-9836.11|-9836.11
196|-9836.11|-9836.11
197|-9836.11|-9836.11
198|-9836.11|-9836.11
199|-9836.11|-9836.11
200|-9836.11|-9836.11
201|-9836.11|-9836.11
202|-9836.11|-9836.11
203|-9836.11|-9836.11
204|-9836.11|-9836.11
205|-9836.11|-9836.11
206|-9836.11|-9836.11
207|-9836.11|-9836.11
208|-9836.11|-9836.11
209|-9836.11|-9836.11
210|-9836.11|-9836.11
211|-9836.11|-9836.11
212|-9836.11|-9836.11
213|-9836.11|-9836.11
214|-9836.11|-9836.11
215|-9836.11|-9836.11
216|-9836.11|-9836.11
217|-9836.11|-9836.11
218|-9836.11|-9836.11
219|-9836.11|-9836.11
220|-9836.11|-9836.11
221|-9836.11|-9836.11
222|-9836.11|-9836.11
223|-9836.11|-9836.11
224|-9836.11|-9836.11
225|-9836.11|-9836.11
226|-9836.11|-9836.11
227|-9836.11|-9836.11
228|-9836.11|-9836.11
229|-9836.11|-9836.11
230|-9836.11|-9836.11
231|-9836.11|-9836.11
232|-9836.11|-9836.11
233|-9836.11|-9836.11
234|-9836.11|-9836.11
235|-9836.11|-9836.11
236|-9836.11|-9836.11
237|-9836.11|-9836.11
238|-9836.11|-9836.11
239|-9836.11|-9836.11
240|-9836.11|-9836.11
241|-9836.11|-9836.11
242|-9836.11|-9836.11
243|-9836.11|-9836.11
244|-9836.11|-9836.11
245|-9836.11|-9836.11
246|-9836.11|-9836.11
247|-9836.11|-9836.11
248|-9836.11|-9836.11
249|-9836.11|-9836.11
250|-9836.11|-9836.11
251|-9836.11|-9836.11
252|-9836.11|-9836.11
253|-9836.11|-9836.11
254|-9836.11|-9836.11
255|-9836.11|-9836.11
256|-9836.11|-9836.11
257|-9836.11|-9836.11
258|-9836.11|-9836.11
259|-9836.11|-9836.11
260|-9836.11|-9836.11
261|-9836.11|-9836.11
262|-9836.11|-9836.11
263|-9836.11|-9836.11
264|-9836.11|-9836.11
265|-9836.11|-9836.11
266|-9836.11|-9836.11
267|-9836.11|-9836.11
268|-9836.11|-9836.11
269|-9836.11|-9836.11
270|-9836.11|-9836.11
271|-9836.11|-9836.11
272|-9836.11|-9836.11
273|-9836.11|-9836.11
274|-9836.11|-9836.11
275|-9836.11|-9836.11
276|-9836.11|-9836.11
277|-9836.11|-9836.11
278|-9836.11|-9836.11
279|-9836.11|-9836.11
280|-9836.11|-9836.11
281|-9836.11|-9836.11
282|-9836.11|-9836.11
283|-9836.11|-9836.11
284|-9836.11|-9836.11
285|-9836.11|-9836.11
286|-9836.11|-9836.11
287|-9836.11|-9836.11
288|-9836.11|-9836.11
289|-9836.11|-9836.11
290|-9836.11|-9836.11
291|-9836.11|-9836.11
292|-9836.11|-9836.11
293|-9836.11|-9836.11
294|-9836.11|-9836.11
295|-9836.11|-9836.11
296|-9836.11|-9836.11
297|-9836.11|-9836.11
298|-9836.11|-9836.11
299|-9836.11|-9836.11
300|-9836.11|-9836.11
301|-9836.11|-9836.11
302|-9836.11|-9836.11
303|-9836.11|-9836.11
304|-9836.11|-9836.11
305|-9836.11|-9836.11
306|-9836.11|-9836.11
307|-9836.11|-9836.11
308|-9836.11|-9836.11
309|-9836.11|-9836.11
310|-9836.11|-9836.11
311|-9836.11|-9836.11
312|-9836.11|-9836.11
313|-9836.11|-9836.11
314|-9836.11|-9836.11
315|-9836.11|-9836.11
316|-9836.11|-9836.11
317|-9836.11|-9836.11
318|-9836.11|-9836.11
319|-9836.11|-9836.11
320|-9836.11|-9836.11
321|-9836.11|-9836.11
322|-9836.11|-9836.11
323|-9836.11|-9836.11
324|-9836.11|-9836.11
325|-9836.11|-9836.11
326|-9836.11|-9836.11
327|-9836.11|-9836.11
328|-9836.11|-9836.11
329|-9836.11|-9836.11
330|-9836.11|-9836.11
331|-9836.11|-9836.11
332|-9836.11|-9836.11
333|-9836.11|-9836.11
334|-9836.11|-9836.11
335|-9836.11|-9836.11
336|-9836.11|-9836.11
337|-9836.11|-9836.11
338|-9836.11|-9836.11
339|-9836.11|-9836.11
340|-9836.11|-9836.11
341|-9836.11|-9836.11
342|-9836.11|-9836.11
343|-9836.11|-9836.11
344|-9836.11|-9836.11
345|-9836.11|-9836.11
346|-9836.11|-9836.11
347|-9836.11|-9836.11
348|-9836.11|-9836.11
349|-9836.11|-9836.11
EARLY STOP: TARGET FOUND
5803227ms
