1|-0.821068|-0.821068
2|-1.24144|-1.24144
3|-1.65964|-1.65964
4|-2.00462|-2.00462
5|-2.16048|-2.16048
6|-2.4402|-2.4402
7|-2.53199|-2.53199
8|-2.60506|-2.60506
9|-2.67012|-2.67012
10|-3.3764|-3.3764
11|-3.56295|-3.56295
12|-3.60877|-3.60877
13|-3.64979|-3.64979
14|-3.68908|-3.68908
15|-3.71169|-3.71169
16|-3.72288|-3.72288
17|-3.72844|-3.72844
18|-3.73182|-3.73182
19|-3.73459|-3.73459
20|-3.73721|-3.73721
21|-3.73973|-3.73973
22|-3.74007|-3.74007
23|-3.74039|-3.74039
24|-3.74062|-3.74062
25|-3.74081|-3.74081
26|-3.74089|-3.74089
27|-3.74093|-3.74093
28|-3.74097|-3.74097
29|-3.74099|-3.74099
30|-3.74101|-3.74101
31|-3.74102|-3.74102
32|-3.74103|-3.74103
33|-3.74103|-3.74103
34|-3.74104|-3.74104
35|-3.74104|-3.74104
36|-3.74104|-3.74104
37|-3.74104|-3.74104
38|-3.74104|-3.74104
39|-3.74104|-3.74104
40|-3.74104|-3.74104
41|-3.74104|-3.74104
42|-3.74104|-3.74104
43|-3.74104|-3.74104
44|-3.74104|-3.74104
45|-3.74104|-3.74104
46|-3.74104|-3.74104
47|-3.74104|-3.74104
48|-3.74104|-3.74104
49|-3.74104|-3.74104
50|-3.74104|-3.74104
51|-3.74104|-3.74104
52|-3.74104|-3.74104
53|-3.74104|-3.74104
54|-3.74104|-3.74104
55|-3.74104|-3.74104
56|-3.74104|-3.74104
57|-3.74104|-3.74104
58|-3.74104|-3.74104
59|-3.74104|-3.74104
60|-3.74104|-3.74104
61|-3.74104|-3.74104
62|-3.74104|-3.74104
63|-3.74104|-3.74104
64|-3.74104|-3.74104
65|-3.74104|-3.74104
66|-3.74104|-3.74104
67|-3.74104|-3.74104
68|-3.74104|-3.74104
69|-3.74104|-3.74104
70|-3.74104|-3.74104
71|-3.74104|-3.74104
72|-3.74104|-3.74104
73|-3.74104|-3.74104
74|-3.74104|-3.74104
75|-3.74104|-3.74104
76|-3.74104|-3.74104
77|-3.74104|-3.74104
78|-3.74104|-3.74104
79|-3.74104|-3.74104
80|-3.74104|-3.74104
81|-3.74104|-3.74104
82|-3.74104|-3.74104
83|-3.74104|-3.74104
84|-3.74104|-3.74104
85|-3.74104|-3.74104
86|-3.74104|-3.74104
87|-3.74104|-3.74104
88|-3.74104|-3.74104
89|-3.74104|-3.74104
90|-3.74104|-3.74104
91|-3.74104|-3.74104
92|-3.74104|-3.74104
93|-3.74104|-3.74104
94|-3.74104|-3.74104
95|-3.74104|-3.74104
96|-3.74104|-3.74104
97|-3.74104|-3.74104
98|-3.74104|-3.74104
99|-3.74104|-3.74104
100|-3.74104|-3.74104
101|-3.74104|-3.74104
102|-3.74104|-3.74104
103|-3.74104|-3.74104
104|-3.74104|-3.74104
105|-3.74104|-3.74104
106|-3.74104|-3.74104
107|-3.74104|-3.74104
108|-3.74104|-3.74104
109|-3.74104|-3.74104
110|-3.74104|-3.74104
111|-3.74104|-3.74104
112|-3.74104|-3.74104
113|-3.74104|-3.74104
114|-3.74104|-3.74104
115|-3.74104|-3.74104
116|-3.74104|-3.74104
117|-3.74104|-3.74104
118|-3.74104|-3.74104
119|-3.74104|-3.74104
120|-3.74104|-3.74104
121|-3.74104|-3.74104
122|-3.74104|-3.74104
123|-3.74104|-3.74104
124|-3.74104|-3.74104
125|-3.74104|-3.74104
126|-3.74104|-3.74104
127|-3.74104|-3.74104
128|-3.74104|-3.74104
129|-3.74104|-3.74104
130|-3.74104|-3.74104
131|-3.74104|-3.74104
132|-3.74104|-3.74104
133|-3.74104|-3.74104
134|-3.74104|-3.74104
135|-3.74104|-3.74104
136|-3.74104|-3.74104
137|-3.74104|-3.74104
138|-3.74104|-3.74104
139|-3.74104|-3.74104
140|-3.74104|-3.74104
141|-3.74104|-3.74104
142|-3.74104|-3.74104
143|-3.74104|-3.74104
144|-3.74104|-3.74104
145|-3.74104|-3.74104
146|-3.74104|-3.74104
147|-3.74104|-3.74104
148|-3.74104|-3.74104
149|-3.74104|-3.74104
150|-3.74104|-3.74104
151|-3.74104|-3.74104
152|-3.74104|-3.74104
153|-3.74104|-3.74104
154|-3.74104|-3.74104
155|-3.74104|-3.74104
156|-3.74104|-3.74104
157|-3.74104|-3.74104
158|-3.74104|-3.74104
159|-3.74104|-3.74104
160|-3.74104|-3.74104
161|-3.74104|-3.74104
162|-3.74104|-3.74104
163|-3.74104|-3.74104
164|-3.74104|-3.74104
165|-3.74104|-3.74104
166|-3.74104|-3.74104
167|-3.74104|-3.74104
168|-3.74104|-3.74104
169|-3.74104|-3.74104
170|-3.74104|-3.74104
171|-3.74104|-3.74104
172|-3.74104|-3.74104
173|-3.74104|-3.74104
174|-3.74104|-3.74104
175|-3.74104|-3.74104
176|-3.74104|-3.74104
177|-3.74104|-3.74104
178|-3.74104|-3.74104
179|-3.74104|-3.74104
180|-3.74104|-3.74104
181|-3.74104|-3.74104
182|-3.74104|-3.74104
183|-3.74104|-3.74104
184|-3.74104|-3.74104
185|-3.74104|-3.74104
186|-3.74104|-3.74104
187|-3.74104|-3.74104
EARLY STOP: TARGET FOUND
72926ms
