1|-384.409|-384.409
2|-755.7|-755.7
3|-990.857|-990.857
4|-1245.13|-1245.13
5|-1434.2|-1434.2
6|-1545.58|-1545.58
7|-1604.74|-1604.74
8|-1652.83|-1652.83
9|-1674.24|-1674.24
10|-1693.25|-1693.25
11|-1702.55|-1702.55
12|-1708.59|-1708.59
13|-1737.38|-1737.38
14|-1755.25|-1755.25
15|-1764.08|-1764.08
16|-1768.46|-1768.46
17|-1772.84|-1772.84
18|-1777.16|-1777.16
19|-1781.36|-1781.36
20|-1783.55|-1783.55
21|-1785.62|-1785.62
22|-1786.71|-1786.71
23|-1787.73|-1787.73
24|-1788.74|-1788.74
25|-1789.5|-1789.5
26|-1790.04|-1790.04
27|-1790.55|-1790.55
28|-1791.05|-1791.05
29|-1791.5|-1791.5
30|-1791.77|-1791.77
31|-1791.84|-1791.84
32|-1791.91|-1791.91
33|-1791.97|-1791.97
34|-1792.01|-1792.01
35|-1792.05|-1792.05
36|-1792.08|-1792.08
37|-1792.11|-1792.11
38|-1792.12|-1792.12
39|-1792.14|-1792.14
40|-1792.15|-1792.15
41|-1792.16|-1792.16
42|-1792.16|-1792.16
43|-1792.16|-1792.16
44|-1792.17|-1792.17
45|-1792.17|-1792.17
46|-1792.17|-1792.17
47|-1792.17|-1792.17
48|-1792.17|-1792.17
49|-1792.17|-1792.17
50|-1792.17|-1792.17
51|-1792.17|-1792.17
52|-1792.17|-1792.17
53|-1792.17|-1792.17
54|-1792.17|-1792.17
55|-1792.17|-1792.17
56|-1792.17|-1792.17
57|-1792.17|-1792.17
58|-1792.17|-1792.17
59|-1792.17|-1792.17
60|-1792.17|-1792.17
61|-1792.17|-1792.17
62|-1792.17|-1792.17
63|-1792.17|-1792.17
64|-1792.17|-1792.17
65|-1792.17|-1792.17
66|-1792.17|-1792.17
67|-1792.17|-1792.17
68|-1792.17|-1792.17
69|-1792.17|-1792.17
70|-1792.17|-1792.17
71|-1792.17|-1792.17
72|-1792.17|-1792.17
73|-1792.17|-1792.17
74|-1792.17|-1792.17
75|-1792.17|-1792.17
76|-1792.17|-1792.17
77|-1792.17|-1792.17
78|-1792.17|-1792.17
79|-1792.17|-1792.17
80|-1792.17|-1792.17
81|-1792.17|-1792.17
82|-1792.17|-1792.17
83|-1792.17|-1792.17
84|-1792.17|-1792.17
85|-1792.17|-1792.17
86|-1792.17|-1792.17
87|-1792.17|-1792.17
88|-1792.17|-1792.17
89|-1792.17|-1792.17
90|-1792.17|-1792.17
91|-1792.17|-1792.17
92|-1792.17|-1792.17
93|-1792.17|-1792.17
94|-1792.17|-1792.17
95|-1792.17|-1792.17
96|-1792.17|-1792.17
97|-1792.17|-1792.17
98|-1792.17|-1792.17
99|-1792.17|-1792.17
100|-1792.17|-1792.17
101|-1792.17|-1792.17
102|-1792.17|-1792.17
103|-1792.17|-1792.17
104|-1792.17|-1792.17
105|-1792.17|-1792.17
106|-1792.17|-1792.17
107|-1792.17|-1792.17
108|-1792.17|-1792.17
109|-1792.17|-1792.17
110|-1792.17|-1792.17
111|-1792.17|-1792.17
112|-1792.17|-1792.17
113|-1792.17|-1792.17
114|-1792.17|-1792.17
115|-1792.17|-1792.17
116|-1792.17|-1792.17
117|-1792.17|-1792.17
118|-1792.17|-1792.17
119|-1792.17|-1792.17
120|-1792.17|-1792.17
121|-1792.17|-1792.17
122|-1792.17|-1792.17
123|-1792.17|-1792.17
124|-1792.17|-1792.17
125|-1792.17|-1792.17
126|-1792.17|-1792.17
127|-1792.17|-1792.17
128|-1792.17|-1792.17
129|-1792.17|-1792.17
130|-1792.17|-1792.17
131|-1792.17|-1792.17
132|-1792.17|-1792.17
133|-1792.17|-1792.17
134|-1792.17|-1792.17
135|-1792.17|-1792.17
136|-1792.17|-1792.17
137|-1792.17|-1792.17
138|-1792.17|-1792.17
139|-1792.17|-1792.17
140|-1792.17|-1792.17
141|-1792.17|-1792.17
142|-1792.17|-1792.17
143|-1792.17|-1792.17
144|-1792.17|-1792.17
145|-1792.17|-1792.17
146|-1792.17|-1792.17
147|-1792.17|-1792.17
148|-1792.17|-1792.17
149|-1792.17|-1792.17
150|-1792.17|-1792.17
151|-1792.17|-1792.17
152|-1792.17|-1792.17
153|-1792.17|-1792.17
154|-1792.17|-1792.17
155|-1792.17|-1792.17
156|-1792.17|-1792.17
157|-1792.17|-1792.17
158|-1792.17|-1792.17
159|-1792.17|-1792.17
160|-1792.17|-1792.17
161|-1792.17|-1792.17
162|-1792.17|-1792.17
163|-1792.17|-1792.17
164|-1792.17|-1792.17
165|-1792.17|-1792.17
166|-1792.17|-1792.17
167|-1792.17|-1792.17
168|-1792.17|-1792.17
169|-1792.17|-1792.17
170|-1792.17|-1792.17
171|-1792.17|-1792.17
172|-1792.17|-1792.17
173|-1792.17|-1792.17
174|-1792.17|-1792.17
175|-1792.17|-1792.17
176|-1792.17|-1792.17
177|-1792.17|-1792.17
178|-1792.17|-1792.17
179|-1792.17|-1792.17
180|-1792.17|-1792.17
181|-1792.17|-1792.17
182|-1792.17|-1792.17
183|-1792.17|-1792.17
184|-1792.17|-1792.17
185|-1792.17|-1792.17
186|-1792.17|-1792.17
187|-1792.17|-1792.17
188|-1792.17|-1792.17
189|-1792.17|-1792.17
190|-1792.17|-1792.17
191|-1792.17|-1792.17
192|-1792.17|-1792.17
193|-1792.17|-1792.17
194|-1792.17|-1792.17
195|-1792.17|-1792.17
196|-1792.17|-1792.17
197|-1792.17|-1792.17
198|-1792.17|-1792.17
199|-1792.17|-1792.17
200|-1792.17|-1792.17
EARLY STOP: TARGET FOUND
111823ms
