1|64.1965|64.1965
2|42.0609|42.0609
3|27.1776|27.1776
4|22.0102|22.0102
5|18.2843|18.2843
6|14.8132|14.8132
7|13.6576|13.6576
8|13.0903|13.0903
9|12.7285|12.7285
10|12.4239|12.4239
11|12.2842|12.2842
12|12.2327|12.2327
13|12.1992|12.1992
14|12.1816|12.1816
15|12.1733|12.1733
16|12.1657|12.1657
17|12.1586|12.1586
18|12.1545|12.1545
19|12.1516|12.1516
20|12.1494|12.1494
21|12.1472|12.1472
22|12.1452|12.1452
23|12.1438|12.1438
24|12.1427|12.1427
25|12.1417|12.1417
26|12.1411|12.1411
27|12.1406|12.1406
28|12.1403|12.1403
29|12.14|12.14
30|12.1398|12.1398
31|12.1396|12.1396
32|12.1395|12.1395
33|12.1393|12.1393
34|12.1392|12.1392
35|12.1392|12.1392
36|12.1392|12.1392
37|12.1391|12.1391
38|12.1391|12.1391
39|12.1391|12.1391
40|12.1391|12.1391
41|12.1391|12.1391
42|12.1391|12.1391
43|12.1391|12.1391
44|12.1391|12.1391
45|12.1391|12.1391
46|12.1391|12.1391
47|12.1391|12.1391
48|12.1391|12.1391
49|12.1391|12.1391
50|12.1391|12.1391
51|12.1391|12.1391
52|12.1391|12.1391
53|12.1391|12.1391
54|12.1391|12.1391
55|12.1391|12.1391
56|12.1391|12.1391
57|12.1391|12.1391
58|12.1391|12.1391
59|12.1391|12.1391
60|12.1391|12.1391
61|12.1391|12.1391
62|12.1391|12.1391
63|12.1391|12.1391
64|12.1391|12.1391
65|12.1391|12.1391
66|12.1391|12.1391
67|12.1391|12.1391
68|12.1391|12.1391
69|12.1391|12.1391
70|12.1391|12.1391
71|12.1391|12.1391
72|12.1391|12.1391
73|12.1391|12.1391
74|12.1391|12.1391
75|12.1391|12.1391
76|12.1391|12.1391
77|12.1391|12.1391
78|12.1391|12.1391
79|12.1391|12.1391
80|12.1391|12.1391
81|12.1391|12.1391
82|12.1391|12.1391
83|12.1391|12.1391
84|12.1391|12.1391
85|12.1391|12.1391
86|12.1391|12.1391
87|12.1391|12.1391
88|12.1391|12.1391
89|12.1391|12.1391
90|12.1391|12.1391
91|12.1391|12.1391
92|12.1391|12.1391
93|12.1391|12.1391
94|12.1391|12.1391
95|12.1391|12.1391
96|12.1391|12.1391
97|12.1391|12.1391
98|12.1391|12.1391
99|12.1391|12.1391
100|12.1391|12.1391
101|12.1391|12.1391
102|12.1391|12.1391
103|12.1391|12.1391
104|12.1391|12.1391
105|12.1391|12.1391
106|12.1391|12.1391
107|12.1391|12.1391
108|12.1391|12.1391
109|12.1391|12.1391
110|12.1391|12.1391
111|12.1391|12.1391
112|12.1391|12.1391
113|12.1391|12.1391
114|12.1391|12.1391
115|12.1391|12.1391
116|12.1391|12.1391
117|12.1391|12.1391
118|12.1391|12.1391
119|12.1391|12.1391
120|12.1391|12.1391
121|12.1391|12.1391
122|12.1391|12.1391
123|12.1391|12.1391
124|12.1391|12.1391
125|12.1391|12.1391
126|12.1391|12.1391
127|12.1391|12.1391
128|12.1391|12.1391
129|12.1391|12.1391
130|12.1391|12.1391
131|12.1391|12.1391
132|12.1391|12.1391
133|12.1391|12.1391
134|12.1391|12.1391
135|12.1391|12.1391
136|12.1391|12.1391
137|12.1391|12.1391
138|12.1391|12.1391
139|12.1391|12.1391
140|12.1391|12.1391
141|12.1391|12.1391
142|12.1391|12.1391
143|12.1391|12.1391
144|12.1391|12.1391
145|12.1391|12.1391
146|12.1391|12.1391
147|12.1391|12.1391
148|12.1391|12.1391
149|12.1391|12.1391
150|12.1391|12.1391
151|12.1391|12.1391
152|12.1391|12.1391
153|12.1391|12.1391
154|12.1391|12.1391
155|12.1391|12.1391
156|12.1391|12.1391
157|12.1391|12.1391
158|12.1391|12.1391
159|12.1391|12.1391
160|12.1391|12.1391
161|12.1391|12.1391
162|12.1391|12.1391
163|12.1391|12.1391
164|12.1391|12.1391
165|12.1391|12.1391
166|12.1391|12.1391
167|12.1391|12.1391
168|12.1391|12.1391
169|12.1391|12.1391
170|12.1391|12.1391
171|12.1391|12.1391
172|12.1391|12.1391
173|12.1391|12.1391
174|12.1391|12.1391
175|12.1391|12.1391
176|12.1391|12.1391
177|12.1391|12.1391
178|12.1391|12.1391
179|12.1391|12.1391
180|12.1391|12.1391
181|12.1391|12.1391
182|12.1391|12.1391
183|12.1391|12.1391
184|12.1391|12.1391
185|12.1391|12.1391
186|12.1391|12.1391
187|12.1391|12.1391
188|12.1391|12.1391
189|12.1391|12.1391
190|12.1391|12.1391
EARLY STOP: TARGET FOUND
73936ms
