1|-2.62844|-2.62844
2|-3.38997|-3.38997
3|-4.04781|-4.04781
4|-4.69812|-4.69812
5|-5.26672|-5.26672
6|-5.63284|-5.63284
7|-5.9444|-5.9444
8|-6.48492|-6.48492
9|-6.78688|-6.78688
10|-7.05569|-7.05569
11|-7.20666|-7.20666
12|-7.35034|-7.35034
13|-7.46035|-7.46035
14|-7.55227|-7.55227
15|-7.62911|-7.62911
16|-7.69972|-7.69972
17|-7.76731|-7.76731
18|-7.81298|-7.81298
19|-7.85676|-7.85676
20|-7.88039|-7.88039
21|-7.90287|-7.90287
22|-7.91683|-7.91683
23|-7.92692|-7.92692
24|-7.93657|-7.93657
25|-7.94375|-7.94375
26|-7.94932|-7.94932
27|-7.95284|-7.95284
28|-7.95562|-7.95562
29|-7.95794|-7.95794
30|-7.95982|-7.95982
31|-7.9612|-7.9612
32|-7.96245|-7.96245
33|-7.9635|-7.9635
34|-7.96413|-7.96413
35|-7.96466|-7.96466
36|-7.96509|-7.96509
37|-7.96543|-7.96543
38|-7.96575|-7.96575
39|-7.96595|-7.96595
40|-7.96606|-7.96606
41|-7.96616|-7.96616
42|-7.96624|-7.96624
43|-7.96628|-7.96628
44|-7.96632|-7.96632
45|-7.96635|-7.96635
46|-7.96636|-7.96636
47|-7.96637|-7.96637
48|-7.96639|-7.96639
49|-7.96639|-7.96639
50|-7.9664|-7.9664
51|-7.9664|-7.9664
52|-7.9664|-7.9664
53|-7.9664|-7.9664
54|-7.9664|-7.9664
55|-7.9664|-7.9664
56|-7.9664|-7.9664
57|-7.9664|-7.9664
58|-7.9664|-7.9664
59|-7.9664|-7.9664
60|-7.9664|-7.9664
61|-7.9664|-7.9664
62|-7.9664|-7.9664
63|-7.9664|-7.9664
64|-7.9664|-7.9664
65|-7.9664|-7.9664
66|-7.9664|-7.9664
67|-7.9664|-7.9664
68|-7.9664|-7.9664
69|-7.9664|-7.9664
70|-7.9664|-7.9664
71|-7.9664|-7.9664
72|-7.9664|-7.9664
73|-7.9664|-7.9664
74|-7.9664|-7.9664
75|-7.9664|-7.9664
76|-7.9664|-7.9664
77|-7.9664|-7.9664
78|-7.9664|-7.9664
79|-7.9664|-7.9664
80|-7.9664|-7.9664
81|-7.9664|-7.9664
82|-7.9664|-7.9664
83|-7.9664|-7.9664
84|-7.9664|-7.9664
85|-7.9664|-7.9664
86|-7.9664|-7.9664
87|-7.9664|-7.9664
88|-7.9664|-7.9664
89|-7.9664|-7.9664
90|-7.9664|-7.9664
91|-7.9664|-7.9664
92|-7.9664|-7.9664
93|-7.9664|-7.9664
94|-7.9664|-7.9664
95|-7.9664|-7.9664
96|-7.9664|-7.9664
97|-7.9664|-7.9664
98|-7.9664|-7.9664
99|-7.9664|-7.9664
100|-7.9664|-7.9664
101|-7.9664|-7.9664
102|-7.9664|-7.9664
103|-7.9664|-7.9664
104|-7.9664|-7.9664
105|-7.9664|-7.9664
106|-7.9664|-7.9664
107|-7.9664|-7.9664
108|-7.9664|-7.9664
109|-7.9664|-7.9664
110|-7.9664|-7.9664
111|-7.9664|-7.9664
112|-7.9664|-7.9664
113|-7.9664|-7.9664
114|-7.9664|-7.9664
115|-7.9664|-7.9664
116|-7.9664|-7.9664
117|-7.9664|-7.9664
118|-7.9664|-7.9664
119|-7.9664|-7.9664
120|-7.9664|-7.9664
121|-7.9664|-7.9664
122|-7.9664|-7.9664
123|-7.9664|-7.9664
124|-7.9664|-7.9664
125|-7.9664|-7.9664
126|-7.9664|-7.9664
127|-7.9664|-7.9664
128|-7.9664|-7.9664
129|-7.9664|-7.9664
130|-7.9664|-7.9664
131|-7.9664|-7.9664
132|-7.9664|-7.9664
133|-7.9664|-7.9664
134|-7.9664|-7.9664
135|-7.9664|-7.9664
136|-7.9664|-7.9664
137|-7.9664|-7.9664
138|-7.9664|-7.9664
139|-7.9664|-7.9664
140|-7.9664|-7.9664
141|-7.9664|-7.9664
142|-7.9664|-7.9664
143|-7.9664|-7.9664
144|-7.9664|-7.9664
145|-7.9664|-7.9664
146|-7.9664|-7.9664
147|-7.9664|-7.9664
148|-7.9664|-7.9664
149|-7.9664|-7.9664
150|-7.9664|-7.9664
151|-7.9664|-7.9664
152|-7.9664|-7.9664
153|-7.9664|-7.9664
154|-7.9664|-7.9664
155|-7.9664|-7.9664
156|-7.9664|-7.9664
157|-7.9664|-7.9664
158|-7.9664|-7.9664
159|-7.9664|-7.9664
160|-7.9664|-7.9664
161|-7.9664|-7.9664
162|-7.9664|-7.9664
163|-7.9664|-7.9664
164|-7.9664|-7.9664
165|-7.9664|-7.9664
166|-7.9664|-7.9664
167|-7.9664|-7.9664
168|-7.9664|-7.9664
169|-7.9664|-7.9664
170|-7.9664|-7.9664
171|-7.9664|-7.9664
172|-7.9664|-7.9664
173|-7.9664|-7.9664
174|-7.9664|-7.9664
175|-7.9664|-7.9664
176|-7.9664|-7.9664
177|-7.9664|-7.9664
178|-7.9664|-7.9664
179|-7.9664|-7.9664
180|-7.9664|-7.9664
181|-7.9664|-7.9664
182|-7.9664|-7.9664
183|-7.9664|-7.9664
184|-7.9664|-7.9664
185|-7.9664|-7.9664
186|-7.9664|-7.9664
187|-7.9664|-7.9664
188|-7.9664|-7.9664
189|-7.9664|-7.9664
190|-7.9664|-7.9664
191|-7.9664|-7.9664
192|-7.9664|-7.9664
193|-7.9664|-7.9664
194|-7.9664|-7.9664
195|-7.9664|-7.9664
196|-7.9664|-7.9664
197|-7.9664|-7.9664
198|-7.9664|-7.9664
199|-7.9664|-7.9664
200|-7.9664|-7.9664
201|-7.9664|-7.9664
202|-7.9664|-7.9664
203|-7.9664|-7.9664
204|-7.9664|-7.9664
205|-7.9664|-7.9664
EARLY STOP: TARGET FOUND
284979ms
