1|-1437.05|-1437.05
2|-2118.71|-2118.71
3|-2794.7|-2794.7
4|-3431.91|-3431.91
5|-3893.39|-3893.39
6|-4214.94|-4214.94
7|-4521.24|-4521.24
8|-4826.46|-4826.46
9|-5061.32|-5061.32
10|-5259.05|-5259.05
11|-5455.62|-5455.62
12|-5619.67|-5619.67
13|-5783.02|-5783.02
14|-5944.55|-5944.55
15|-6089.76|-6089.76
16|-6227.82|-6227.82
17|-6366.83|-6366.83
18|-6488.8|-6488.8
19|-6659.24|-6659.24
20|-6778.08|-6778.08
21|-6950.48|-6950.48
22|-7053.79|-7053.79
23|-7156.76|-7156.76
24|-7382.49|-7382.49
25|-7476.6|-7476.6
26|-7569.61|-7569.61
27|-7657.71|-7657.71
28|-7737.77|-7737.77
29|-7816.16|-7816.16
30|-7894.34|-7894.34
31|-7967.31|-7967.31
32|-8037.27|-8037.27
33|-8173.67|-8173.67
34|-8239.6|-8239.6
35|-8325.86|-8325.86
36|-8376.48|-8376.48
37|-8459.28|-8459.28
38|-8739.98|-8739.98
39|-8787.95|-8787.95
40|-8835.81|-8835.81
41|-8883.61|-8883.61
42|-8926.32|-8926.32
43|-8968.45|-8968.45
44|-9002.21|-9002.21
45|-9031.3|-9031.3
46|-9055.71|-9055.71
47|-9078.16|-9078.16
48|-9099.41|-9099.41
49|-9117.84|-9117.84
50|-9132.29|-9132.29
51|-9167.1|-9167.1
52|-9184.87|-9184.87
53|-9197.79|-9197.79
54|-9239.13|-9239.13
55|-9256.78|-9256.78
56|-9269.47|-9269.47
57|-9311.83|-9311.83
58|-9329.46|-9329.46
59|-9340.53|-9340.53
60|-9349.78|-9349.78
61|-9359.01|-9359.01
62|-9368.19|-9368.19
63|-9376.99|-9376.99
64|-9385.76|-9385.76
65|-9394.38|-9394.38
66|-9402.89|-9402.89
67|-9410.88|-9410.88
68|-9416.89|-9416.89
69|-9422.78|-9422.78
70|-9428.52|-9428.52
71|-9434.15|-9434.15
72|-9466.32|-9466.32
73|-9484.13|-9484.13
74|-9492.93|-9492.93
75|-9498.21|-9498.21
76|-9502.58|-9502.58
77|-9506.95|-9506.95
78|-9511.24|-9511.24
79|-9515.53|-9515.53
80|-9519.19|-9519.19
81|-9522.47|-9522.47
82|-9525.32|-9525.32
83|-9528.13|-9528.13
84|-9530.76|-9530.76
85|-9533.36|-9533.36
86|-9535.71|-9535.71
87|-9537.9|-9537.9
88|-9540.08|-9540.08
89|-9542.14|-9542.14
90|-9544.2|-9544.2
91|-9546.25|-9546.25
92|-9547.98|-9547.98
93|-9549.54|-9549.54
94|-9551.07|-9551.07
95|-9552.36|-9552.36
96|-9553.45|-9553.45
97|-9554.54|-9554.54
98|-9555.63|-9555.63
99|-9556.68|-9556.68
100|-9557.69|-9557.69
101|-9558.7|-9558.7
102|-9559.32|-9559.32
103|-9559.87|-9559.87
104|-9560.37|-9560.37
105|-9560.87|-9560.87
106|-9561.29|-9561.29
107|-9561.68|-9561.68
108|-9562.04|-9562.04
109|-9562.32|-9562.32
110|-9562.59|-9562.59
111|-9562.86|-9562.86
112|-9563.13|-9563.13
113|-9563.39|-9563.39
114|-9563.65|-9563.65
115|-9563.9|-9563.9
116|-9564.12|-9564.12
117|-9564.34|-9564.34
118|-9564.52|-9564.52
119|-9564.69|-9564.69
120|-9564.84|-9564.84
121|-9565|-9565
122|-9565.14|-9565.14
123|-9565.27|-9565.27
124|-9565.41|-9565.41
125|-9565.54|-9565.54
126|-9565.67|-9565.67
127|-9565.79|-9565.79
128|-9565.91|-9565.91
129|-9566.03|-9566.03
130|-9566.14|-9566.14
131|-9566.24|-9566.24
132|-9566.33|-9566.33
133|-9566.41|-9566.41
134|-9566.49|-9566.49
135|-9566.57|-9566.57
136|-9566.64|-9566.64
137|-9566.71|-9566.71
138|-9566.78|-9566.78
139|-9566.84|-9566.84
140|-9566.91|-9566.91
141|-9566.98|-9566.98
142|-9567.04|-9567.04
143|-9567.11|-9567.11
144|-9567.17|-9567.17
145|-9567.23|-9567.23
146|-9567.27|-9567.27
147|-9567.32|-9567.32
148|-9567.35|-9567.35
149|-9567.39|-9567.39
150|-9567.43|-9567.43
151|-9567.46|-9567.46
152|-9567.5|-9567.5
153|-9567.53|-9567.53
154|-9567.56|-9567.56
155|-9567.59|-9567.59
156|-9567.62|-9567.62
157|-9567.65|-9567.65
158|-9567.67|-9567.67
159|-9567.7|-9567.7
160|-9567.72|-9567.72
161|-9567.74|-9567.74
162|-9567.76|-9567.76
163|-9567.78|-9567.78
164|-9567.8|-9567.8
165|-9567.82|-9567.82
166|-9567.84|-9567.84
167|-9567.85|-9567.85
168|-9567.87|-9567.87
169|-9567.89|-9567.89
170|-9567.9|-9567.9
171|-9567.92|-9567.92
172|-9567.93|-9567.93
173|-9567.95|-9567.95
174|-9567.96|-9567.96
175|-9567.97|-9567.97
176|-9567.99|-9567.99
177|-9568|-9568
178|-9568.01|-9568.01
179|-9568.02|-9568.02
180|-9568.02|-9568.02
181|-9568.03|-9568.03
182|-9568.04|-9568.04
183|-9568.04|-9568.04
184|-9568.05|-9568.05
185|-9568.06|-9568.06
186|-9568.06|-9568.06
187|-9568.07|-9568.07
188|-9568.07|-9568.07
189|-9568.07|-9568.07
190|-9568.08|-9568.08
191|-9568.08|-9568.08
192|-9568.09|-9568.09
193|-9568.09|-9568.09
194|-9568.09|-9568.09
195|-9568.1|-9568.1
196|-9568.1|-9568.1
197|-9568.1|-9568.1
198|-9568.1|-9568.1
199|-9568.11|-9568.11
200|-9568.11|-9568.11
201|-9568.11|-9568.11
202|-9568.11|-9568.11
203|-9568.12|-9568.12
204|-9568.12|-9568.12
205|-9568.12|-9568.12
206|-9568.12|-9568.12
207|-9568.12|-9568.12
208|-9568.12|-9568.12
209|-9568.13|-9568.13
210|-9568.13|-9568.13
211|-9568.13|-9568.13
212|-9568.13|-9568.13
213|-9568.13|-9568.13
214|-9568.13|-9568.13
215|-9568.13|-9568.13
216|-9568.13|-9568.13
217|-9568.13|-9568.13
218|-9568.14|-9568.14
219|-9568.14|-9568.14
220|-9568.14|-9568.14
221|-9568.14|-9568.14
222|-9568.14|-9568.14
223|-9568.14|-9568.14
224|-9568.14|-9568.14
225|-9568.14|-9568.14
226|-9568.14|-9568.14
227|-9568.14|-9568.14
228|-9568.14|-9568.14
229|-9568.14|-9568.14
230|-9568.14|-9568.14
231|-9568.14|-9568.14
232|-9568.14|-9568.14
233|-9568.14|-9568.14
234|-9568.14|-9568.14
235|-9568.14|-9568.14
236|-9568.14|-9568.14
237|-9568.14|-9568.14
238|-9568.14|-9568.14
239|-9568.14|-9568.14
240|-9568.14|-9568.14
241|-9568.14|-9568.14
242|-9568.14|-9568.14
243|-9568.14|-9568.14
244|-9568.14|-9568.14
245|-9568.14|-9568.14
246|-9568.14|-9568.14
247|-9568.14|-9568.14
248|-9568.14|-9568.14
249|-9568.14|-9568.14
250|-9568.14|-9568.14
251|-9568.14|-9568.14
252|-9568.14|-9568.14
253|-9568.14|-9568.14
254|-9568.14|-9568.14
255|-9568.14|-9568.14
256|-9568.14|-9568.14
257|-9568.14|-9568.14
258|-9568.14|-9568.14
259|-9568.14|-9568.14
260|-9568.14|-9568.14
261|-9568.14|-9568.14
262|-9568.14|-9568.14
263|-9568.14|-9568.14
264|-9568.14|-9568.14
265|-9568.14|-9568.14
266|-9568.14|-9568.14
267|-9568.14|-9568.14
268|-9568.14|-9568.14
269|-9568.14|-9568.14
270|-9568.14|-9568.14
271|-9568.14|-9568.14
272|-9568.14|-9568.14
273|-9568.14|-9568.14
274|-9568.14|-9568.14
275|-9568.14|-9568.14
276|-9568.14|-9568.14
277|-9568.14|-9568.14
278|-9568.14|-9568.14
279|-9568.14|-9568.14
280|-9568.14|-9568.14
281|-9568.14|-9568.14
282|-9568.14|-9568.14
283|-9568.14|-9568.14
284|-9568.14|-9568.14
285|-9568.14|-9568.14
286|-9568.14|-9568.14
287|-9568.14|-9568.14
288|-9568.14|-9568.14
289|-9568.14|-9568.14
290|-9568.14|-9568.14
291|-9568.14|-9568.14
292|-9568.14|-9568.14
293|-9568.14|-9568.14
294|-9568.14|-9568.14
295|-9568.14|-9568.14
296|-9568.14|-9568.14
297|-9568.14|-9568.14
298|-9568.14|-9568.14
299|-9568.14|-9568.14
300|-9568.14|-9568.14
301|-9568.14|-9568.14
302|-9568.14|-9568.14
303|-9568.14|-9568.14
304|-9568.14|-9568.14
305|-9568.14|-9568.14
306|-9568.14|-9568.14
307|-9568.14|-9568.14
308|-9568.14|-9568.14
309|-9568.14|-9568.14
310|-9568.14|-9568.14
311|-9568.14|-9568.14
312|-9568.14|-9568.14
313|-9568.14|-9568.14
314|-9568.14|-9568.14
315|-9568.14|-9568.14
316|-9568.14|-9568.14
317|-9568.14|-9568.14
318|-9568.14|-9568.14
319|-9568.14|-9568.14
320|-9568.14|-9568.14
321|-9568.14|-9568.14
322|-9568.14|-9568.14
323|-9568.14|-9568.14
324|-9568.14|-9568.14
325|-9568.14|-9568.14
326|-9568.14|-9568.14
327|-9568.14|-9568.14
328|-9568.14|-9568.14
329|-9568.14|-9568.14
330|-9568.14|-9568.14
331|-9568.14|-9568.14
332|-9568.14|-9568.14
333|-9568.14|-9568.14
334|-9568.14|-9568.14
335|-9568.14|-9568.14
336|-9568.14|-9568.14
337|-9568.14|-9568.14
338|-9568.14|-9568.14
339|-9568.14|-9568.14
340|-9568.14|-9568.14
341|-9568.14|-9568.14
342|-9568.14|-9568.14
343|-9568.14|-9568.14
344|-9568.14|-9568.14
345|-9568.14|-9568.14
346|-9568.14|-9568.14
347|-9568.14|-9568.14
348|-9568.14|-9568.14
349|-9568.14|-9568.14
350|-9568.14|-9568.14
351|-9568.14|-9568.14
352|-9568.14|-9568.14
353|-9568.14|-9568.14
354|-9568.14|-9568.14
355|-9568.14|-9568.14
356|-9568.14|-9568.14
357|-9568.14|-9568.14
358|-9568.14|-9568.14
359|-9568.14|-9568.14
360|-9568.14|-9568.14
361|-9568.14|-9568.14
362|-9568.14|-9568.14
363|-9568.14|-9568.14
364|-9568.14|-9568.14
365|-9568.14|-9568.14
366|-9568.14|-9568.14
367|-9568.14|-9568.14
368|-9568.14|-9568.14
369|-9568.14|-9568.14
370|-9568.14|-9568.14
371|-9568.14|-9568.14
372|-9568.14|-9568.14
EARLY STOP: TARGET FOUND
6199884ms
