1|-588.085|-588.085
2|-1249.1|-1249.1
3|-1905.88|-1905.88
4|-2546.58|-2546.58
5|-3146.75|-3146.75
6|-3555.65|-3555.65
7|-3895.52|-3895.52
8|-4233.34|-4233.34
9|-4530.77|-4530.77
10|-4798.72|-4798.72
11|-5048.07|-5048.07
12|-5263.87|-5263.87
13|-5460.26|-5460.26
14|-5836.32|-5836.32
15|-6030.45|-6030.45
16|-6215.73|-6215.73
17|-6393.45|-6393.45
18|-6569.06|-6569.06
19|-6731.74|-6731.74
20|-6894.06|-6894.06
21|-7045.03|-7045.03
22|-7193.01|-7193.01
23|-7340.84|-7340.84
24|-7486.62|-7486.62
25|-7624.56|-7624.56
26|-7760.07|-7760.07
27|-7888.41|-7888.41
28|-8016.52|-8016.52
29|-8179.04|-8179.04
30|-8306.74|-8306.74
31|-8465.04|-8465.04
32|-8555.63|-8555.63
33|-8638.03|-8638.03
34|-8736.83|-8736.83
35|-8973.7|-8973.7
36|-9030.52|-9030.52
37|-9177.7|-9177.7
38|-9295.6|-9295.6
39|-9349.37|-9349.37
40|-9398.31|-9398.31
41|-9469.15|-9469.15
42|-9781.94|-9781.94
43|-9828.65|-9828.65
44|-9868.82|-9868.82
45|-9904.55|-9904.55
46|-9937.34|-9937.34
47|-9962.81|-9962.81
48|-9986.37|-9986.37
49|-10009.6|-10009.6
50|-10032.5|-10032.5
51|-10052.8|-10052.8
52|-10071.5|-10071.5
53|-10089.8|-10089.8
54|-10107.5|-10107.5
55|-10124.7|-10124.7
56|-10141.2|-10141.2
57|-10163.3|-10163.3
58|-10178.6|-10178.6
59|-10209.6|-10209.6
60|-10227.5|-10227.5
61|-10241.6|-10241.6
62|-10255|-10255
63|-10268.4|-10268.4
64|-10280.8|-10280.8
65|-10324.6|-10324.6
66|-10342.2|-10342.2
67|-10354.6|-10354.6
68|-10365.5|-10365.5
69|-10376.1|-10376.1
70|-10385|-10385
71|-10393.8|-10393.8
72|-10402.6|-10402.6
73|-10411.4|-10411.4
74|-10417.5|-10417.5
75|-10421.9|-10421.9
76|-10426.2|-10426.2
77|-10430.5|-10430.5
78|-10434.4|-10434.4
79|-10440.1|-10440.1
80|-10443.7|-10443.7
81|-10446.3|-10446.3
82|-10448.5|-10448.5
83|-10450.6|-10450.6
84|-10452.6|-10452.6
85|-10454.7|-10454.7
86|-10456.7|-10456.7
87|-10458.8|-10458.8
88|-10460.7|-10460.7
89|-10462.3|-10462.3
90|-10463.9|-10463.9
91|-10465.4|-10465.4
92|-10466.8|-10466.8
93|-10468.1|-10468.1
94|-10469.4|-10469.4
95|-10470.5|-10470.5
96|-10471.6|-10471.6
97|-10472.7|-10472.7
98|-10473.8|-10473.8
99|-10474.8|-10474.8
100|-10475.9|-10475.9
101|-10476.8|-10476.8
102|-10477.8|-10477.8
103|-10478.5|-10478.5
104|-10479.3|-10479.3
105|-10479.9|-10479.9
106|-10480.5|-10480.5
107|-10481.1|-10481.1
108|-10481.6|-10481.6
109|-10482.1|-10482.1
110|-10482.6|-10482.6
111|-10483.1|-10483.1
112|-10483.5|-10483.5
113|-10483.9|-10483.9
114|-10484.2|-10484.2
115|-10484.5|-10484.5
116|-10484.8|-10484.8
117|-10485|-10485
118|-10485.2|-10485.2
119|-10485.4|-10485.4
120|-10485.6|-10485.6
121|-10485.8|-10485.8
122|-10485.9|-10485.9
123|-10486|-10486
124|-10486.2|-10486.2
125|-10486.3|-10486.3
126|-10486.4|-10486.4
127|-10486.5|-10486.5
128|-10486.6|-10486.6
129|-10486.6|-10486.6
130|-10486.7|-10486.7
131|-10486.8|-10486.8
132|-10486.9|-10486.9
133|-10486.9|-10486.9
134|-10487|-10487
135|-10487.1|-10487.1
136|-10487.1|-10487.1
137|-10487.2|-10487.2
138|-10487.3|-10487.3
139|-10487.3|-10487.3
140|-10487.4|-10487.4
141|-10487.4|-10487.4
142|-10487.4|-10487.4
143|-10487.5|-10487.5
144|-10487.5|-10487.5
145|-10487.5|-10487.5
146|-10487.6|-10487.6
147|-10487.6|-10487.6
148|-10487.6|-10487.6
149|-10487.7|-10487.7
150|-10487.7|-10487.7
151|-10487.7|-10487.7
152|-10487.7|-10487.7
153|-10487.8|-10487.8
154|-10487.8|-10487.8
155|-10487.8|-10487.8
156|-10487.8|-10487.8
157|-10487.8|-10487.8
158|-10487.9|-10487.9
159|-10487.9|-10487.9
160|-10487.9|-10487.9
161|-10487.9|-10487.9
162|-10487.9|-10487.9
163|-10487.9|-10487.9
164|-10487.9|-10487.9
165|-10487.9|-10487.9
166|-10488|-10488
167|-10488|-10488
168|-10488|-10488
169|-10488|-10488
170|-10488|-10488
171|-10488|-10488
172|-10488|-10488
173|-10488|-10488
174|-10488|-10488
175|-10488|-10488
176|-10488|-10488
177|-10488|-10488
178|-10488.1|-10488.1
179|-10488.1|-10488.1
180|-10488.1|-10488.1
181|-10488.1|-10488.1
182|-10488.1|-10488.1
183|-10488.1|-10488.1
184|-10488.1|-10488.1
185|-10488.1|-10488.1
186|-10488.1|-10488.1
187|-10488.1|-10488.1
188|-10488.1|-10488.1
189|-10488.1|-10488.1
190|-10488.1|-10488.1
191|-10488.1|-10488.1
192|-10488.1|-10488.1
193|-10488.1|-10488.1
194|-10488.1|-10488.1
195|-10488.1|-10488.1
196|-10488.1|-10488.1
197|-10488.1|-10488.1
198|-10488.1|-10488.1
199|-10488.1|-10488.1
200|-10488.1|-10488.1
201|-10488.1|-10488.1
202|-10488.1|-10488.1
203|-10488.1|-10488.1
204|-10488.1|-10488.1
205|-10488.1|-10488.1
206|-10488.1|-10488.1
207|-10488.1|-10488.1
208|-10488.1|-10488.1
209|-10488.1|-10488.1
210|-10488.1|-10488.1
211|-10488.1|-10488.1
212|-10488.1|-10488.1
213|-10488.2|-10488.2
214|-10488.2|-10488.2
215|-10488.2|-10488.2
216|-10488.2|-10488.2
217|-10488.2|-10488.2
218|-10488.2|-10488.2
219|-10488.2|-10488.2
220|-10488.2|-10488.2
221|-10488.2|-10488.2
222|-10488.2|-10488.2
223|-10488.2|-10488.2
224|-10488.2|-10488.2
225|-10488.2|-10488.2
226|-10488.2|-10488.2
227|-10488.2|-10488.2
228|-10488.2|-10488.2
229|-10488.2|-10488.2
230|-10488.2|-10488.2
231|-10488.2|-10488.2
232|-10488.2|-10488.2
233|-10488.2|-10488.2
234|-10488.2|-10488.2
235|-10488.2|-10488.2
236|-10488.2|-10488.2
237|-10488.2|-10488.2
238|-10488.2|-10488.2
239|-10488.2|-10488.2
240|-10488.2|-10488.2
241|-10488.2|-10488.2
242|-10488.2|-10488.2
243|-10488.2|-10488.2
244|-10488.2|-10488.2
245|-10488.2|-10488.2
246|-10488.2|-10488.2
247|-10488.2|-10488.2
248|-10488.2|-10488.2
249|-10488.2|-10488.2
250|-10488.2|-10488.2
251|-10488.2|-10488.2
252|-10488.2|-10488.2
253|-10488.2|-10488.2
254|-10488.2|-10488.2
255|-10488.2|-10488.2
256|-10488.2|-10488.2
257|-10488.2|-10488.2
258|-10488.2|-10488.2
259|-10488.2|-10488.2
260|-10488.2|-10488.2
261|-10488.2|-10488.2
262|-10488.2|-10488.2
263|-10488.2|-10488.2
264|-10488.2|-10488.2
265|-10488.2|-10488.2
266|-10488.2|-10488.2
267|-10488.2|-10488.2
268|-10488.2|-10488.2
269|-10488.2|-10488.2
270|-10488.2|-10488.2
271|-10488.2|-10488.2
272|-10488.2|-10488.2
273|-10488.2|-10488.2
274|-10488.2|-10488.2
275|-10488.2|-10488.2
276|-10488.2|-10488.2
277|-10488.2|-10488.2
278|-10488.2|-10488.2
279|-10488.2|-10488.2
280|-10488.2|-10488.2
281|-10488.2|-10488.2
282|-10488.2|-10488.2
283|-10488.2|-10488.2
284|-10488.2|-10488.2
285|-10488.2|-10488.2
286|-10488.2|-10488.2
287|-10488.2|-10488.2
288|-10488.2|-10488.2
289|-10488.2|-10488.2
290|-10488.2|-10488.2
291|-10488.2|-10488.2
292|-10488.2|-10488.2
293|-10488.2|-10488.2
294|-10488.2|-10488.2
295|-10488.2|-10488.2
296|-10488.2|-10488.2
297|-10488.2|-10488.2
298|-10488.2|-10488.2
299|-10488.2|-10488.2
300|-10488.2|-10488.2
301|-10488.2|-10488.2
302|-10488.2|-10488.2
303|-10488.2|-10488.2
304|-10488.2|-10488.2
305|-10488.2|-10488.2
306|-10488.2|-10488.2
307|-10488.2|-10488.2
308|-10488.2|-10488.2
309|-10488.2|-10488.2
310|-10488.2|-10488.2
311|-10488.2|-10488.2
312|-10488.2|-10488.2
313|-10488.2|-10488.2
314|-10488.2|-10488.2
315|-10488.2|-10488.2
316|-10488.2|-10488.2
317|-10488.2|-10488.2
318|-10488.2|-10488.2
319|-10488.2|-10488.2
320|-10488.2|-10488.2
321|-10488.2|-10488.2
322|-10488.2|-10488.2
323|-10488.2|-10488.2
324|-10488.2|-10488.2
325|-10488.2|-10488.2
326|-10488.2|-10488.2
327|-10488.2|-10488.2
328|-10488.2|-10488.2
329|-10488.2|-10488.2
330|-10488.2|-10488.2
331|-10488.2|-10488.2
332|-10488.2|-10488.2
333|-10488.2|-10488.2
334|-10488.2|-10488.2
335|-10488.2|-10488.2
336|-10488.2|-10488.2
337|-10488.2|-10488.2
338|-10488.2|-10488.2
339|-10488.2|-10488.2
340|-10488.2|-10488.2
341|-10488.2|-10488.2
342|-10488.2|-10488.2
343|-10488.2|-10488.2
344|-10488.2|-10488.2
345|-10488.2|-10488.2
346|-10488.2|-10488.2
347|-10488.2|-10488.2
348|-10488.2|-10488.2
349|-10488.2|-10488.2
350|-10488.2|-10488.2
351|-10488.2|-10488.2
352|-10488.2|-10488.2
353|-10488.2|-10488.2
354|-10488.2|-10488.2
355|-10488.2|-10488.2
356|-10488.2|-10488.2
357|-10488.2|-10488.2
358|-10488.2|-10488.2
359|-10488.2|-10488.2
360|-10488.2|-10488.2
361|-10488.2|-10488.2
362|-10488.2|-10488.2
363|-10488.2|-10488.2
364|-10488.2|-10488.2
365|-10488.2|-10488.2
366|-10488.2|-10488.2
367|-10488.2|-10488.2
368|-10488.2|-10488.2
369|-10488.2|-10488.2
EARLY STOP: TARGET FOUND
6196935ms
