1|-847.004|-847.004
2|-1317.47|-1317.47
3|-1775.25|-1775.25
4|-2197.58|-2197.58
5|-2582.79|-2582.79
6|-2941.48|-2941.48
7|-3257.24|-3257.24
8|-3561.54|-3561.54
9|-3858.26|-3858.26
10|-4152.5|-4152.5
11|-4445.59|-4445.59
12|-4730.6|-4730.6
13|-4965.29|-4965.29
14|-5187.41|-5187.41
15|-5386.5|-5386.5
16|-5582.19|-5582.19
17|-5776.75|-5776.75
18|-5965.6|-5965.6
19|-6139.71|-6139.71
20|-6324.3|-6324.3
21|-6484.88|-6484.88
22|-6632.91|-6632.91
23|-6772.98|-6772.98
24|-6907.31|-6907.31
25|-7037.43|-7037.43
26|-7162.68|-7162.68
27|-7287.57|-7287.57
28|-7457.85|-7457.85
29|-7578.33|-7578.33
30|-7689.6|-7689.6
31|-7774.89|-7774.89
32|-7856.08|-7856.08
33|-7910.7|-7910.7
34|-7964.5|-7964.5
35|-8014.7|-8014.7
36|-8099.86|-8099.86
37|-8374.04|-8374.04
38|-8419.72|-8419.72
39|-8484.59|-8484.59
40|-8812.21|-8812.21
41|-8857.34|-8857.34
42|-8902.11|-8902.11
43|-8945.27|-8945.27
44|-8988.24|-8988.24
45|-9024.4|-9024.4
46|-9050.18|-9050.18
47|-9075.09|-9075.09
48|-9110.69|-9110.69
49|-9135.34|-9135.34
50|-9156.71|-9156.71
51|-9176.6|-9176.6
52|-9195.96|-9195.96
53|-9214.83|-9214.83
54|-9232.9|-9232.9
55|-9250.58|-9250.58
56|-9264.38|-9264.38
57|-9276.98|-9276.98
58|-9289.4|-9289.4
59|-9300.86|-9300.86
60|-9336.91|-9336.91
61|-9354.52|-9354.52
62|-9365.82|-9365.82
63|-9414.18|-9414.18
64|-9425.47|-9425.47
65|-9435.38|-9435.38
66|-9444.53|-9444.53
67|-9453.59|-9453.59
68|-9462.39|-9462.39
69|-9471.12|-9471.12
70|-9507.25|-9507.25
71|-9524.92|-9524.92
72|-9533.55|-9533.55
73|-9542.18|-9542.18
74|-9549.19|-9549.19
75|-9585.38|-9585.38
76|-9603.08|-9603.08
77|-9608.94|-9608.94
78|-9645.17|-9645.17
79|-9662.9|-9662.9
80|-9668.34|-9668.34
81|-9672.72|-9672.72
82|-9677.11|-9677.11
83|-9681.48|-9681.48
84|-9685.86|-9685.86
85|-9690.22|-9690.22
86|-9694.59|-9694.59
87|-9698.88|-9698.88
88|-9703.13|-9703.13
89|-9707.32|-9707.32
90|-9710.11|-9710.11
91|-9712.3|-9712.3
92|-9714.48|-9714.48
93|-9716.66|-9716.66
94|-9718.85|-9718.85
95|-9720.91|-9720.91
96|-9722.94|-9722.94
97|-9724.43|-9724.43
98|-9725.84|-9725.84
99|-9727.14|-9727.14
100|-9728.34|-9728.34
101|-9729.43|-9729.43
102|-9730.52|-9730.52
103|-9731.61|-9731.61
104|-9732.7|-9732.7
105|-9733.79|-9733.79
106|-9734.81|-9734.81
107|-9735.82|-9735.82
108|-9736.84|-9736.84
109|-9737.85|-9737.85
110|-9738.86|-9738.86
111|-9739.84|-9739.84
112|-9740.72|-9740.72
113|-9741.49|-9741.49
114|-9742.22|-9742.22
115|-9742.85|-9742.85
116|-9743.4|-9743.4
117|-9743.95|-9743.95
118|-9744.49|-9744.49
119|-9745.04|-9745.04
120|-9745.58|-9745.58
121|-9746.13|-9746.13
122|-9746.67|-9746.67
123|-9747.17|-9747.17
124|-9747.68|-9747.68
125|-9748.08|-9748.08
126|-9748.44|-9748.44
127|-9748.75|-9748.75
128|-9749.06|-9749.06
129|-9749.33|-9749.33
130|-9749.6|-9749.6
131|-9749.88|-9749.88
132|-9750.15|-9750.15
133|-9750.4|-9750.4
134|-9750.65|-9750.65
135|-9750.85|-9750.85
136|-9751|-9751
137|-9751.16|-9751.16
138|-9751.29|-9751.29
139|-9751.43|-9751.43
140|-9751.57|-9751.57
141|-9751.7|-9751.7
142|-9751.84|-9751.84
143|-9751.96|-9751.96
144|-9752.09|-9752.09
145|-9752.2|-9752.2
146|-9752.28|-9752.28
147|-9752.35|-9752.35
148|-9752.42|-9752.42
149|-9752.49|-9752.49
150|-9752.56|-9752.56
151|-9752.62|-9752.62
152|-9752.69|-9752.69
153|-9752.76|-9752.76
154|-9752.82|-9752.82
155|-9752.89|-9752.89
156|-9752.95|-9752.95
157|-9753.01|-9753.01
158|-9753.06|-9753.06
159|-9753.11|-9753.11
160|-9753.15|-9753.15
161|-9753.18|-9753.18
162|-9753.21|-9753.21
163|-9753.25|-9753.25
164|-9753.28|-9753.28
165|-9753.32|-9753.32
166|-9753.35|-9753.35
167|-9753.38|-9753.38
168|-9753.41|-9753.41
169|-9753.44|-9753.44
170|-9753.47|-9753.47
171|-9753.51|-9753.51
172|-9753.54|-9753.54
173|-9753.56|-9753.56
174|-9753.58|-9753.58
175|-9753.6|-9753.6
176|-9753.62|-9753.62
177|-9753.63|-9753.63
178|-9753.65|-9753.65
179|-9753.66|-9753.66
180|-9753.68|-9753.68
181|-9753.69|-9753.69
182|-9753.71|-9753.71
183|-9753.72|-9753.72
184|-9753.74|-9753.74
185|-9753.75|-9753.75
186|-9753.76|-9753.76
187|-9753.76|-9753.76
188|-9753.77|-9753.77
189|-9753.78|-9753.78
190|-9753.79|-9753.79
191|-9753.8|-9753.8
192|-9753.81|-9753.81
193|-9753.81|-9753.81
194|-9753.82|-9753.82
195|-9753.83|-9753.83
196|-9753.83|-9753.83
197|-9753.84|-9753.84
198|-9753.84|-9753.84
199|-9753.85|-9753.85
200|-9753.85|-9753.85
201|-9753.86|-9753.86
202|-9753.86|-9753.86
203|-9753.87|-9753.87
204|-9753.87|-9753.87
205|-9753.87|-9753.87
206|-9753.88|-9753.88
207|-9753.88|-9753.88
208|-9753.88|-9753.88
209|-9753.89|-9753.89
210|-9753.89|-9753.89
211|-9753.9|-9753.9
212|-9753.9|-9753.9
213|-9753.9|-9753.9
214|-9753.9|-9753.9
215|-9753.9|-9753.9
216|-9753.91|-9753.91
217|-9753.91|-9753.91
218|-9753.91|-9753.91
219|-9753.91|-9753.91
220|-9753.91|-9753.91
221|-9753.92|-9753.92
222|-9753.92|-9753.92
223|-9753.92|-9753.92
224|-9753.92|-9753.92
225|-9753.92|-9753.92
226|-9753.92|-9753.92
227|-9753.92|-9753.92
228|-9753.93|-9753.93
229|-9753.93|-9753.93
230|-9753.93|-9753.93
231|-9753.93|-9753.93
232|-9753.93|-9753.93
233|-9753.93|-9753.93
234|-9753.93|-9753.93
235|-9753.93|-9753.93
236|-9753.93|-9753.93
237|-9753.93|-9753.93
238|-9753.93|-9753.93
239|-9753.93|-9753.93
240|-9753.93|-9753.93
241|-9753.93|-9753.93
242|-9753.93|-9753.93
243|-9753.93|-9753.93
244|-9753.93|-9753.93
245|-9753.93|-9753.93
246|-9753.93|-9753.93
247|-9753.93|-9753.93
248|-9753.93|-9753.93
249|-9753.93|-9753.93
250|-9753.93|-9753.93
251|-9753.93|-9753.93
252|-9753.93|-9753.93
253|-9753.93|-9753.93
254|-9753.93|-9753.93
255|-9753.93|-9753.93
256|-9753.93|-9753.93
257|-9753.93|-9753.93
258|-9753.93|-9753.93
259|-9753.93|-9753.93
260|-9753.93|-9753.93
261|-9753.93|-9753.93
262|-9753.93|-9753.93
263|-9753.93|-9753.93
264|-9753.93|-9753.93
265|-9753.93|-9753.93
266|-9753.93|-9753.93
267|-9753.93|-9753.93
268|-9753.93|-9753.93
269|-9753.93|-9753.93
270|-9753.93|-9753.93
271|-9753.93|-9753.93
272|-9753.93|-9753.93
273|-9753.93|-9753.93
274|-9753.93|-9753.93
275|-9753.93|-9753.93
276|-9753.93|-9753.93
277|-9753.93|-9753.93
278|-9753.93|-9753.93
279|-9753.93|-9753.93
280|-9753.93|-9753.93
281|-9753.93|-9753.93
282|-9753.93|-9753.93
283|-9753.93|-9753.93
284|-9753.93|-9753.93
285|-9753.93|-9753.93
286|-9753.93|-9753.93
287|-9753.93|-9753.93
288|-9753.93|-9753.93
289|-9753.93|-9753.93
290|-9753.93|-9753.93
291|-9753.93|-9753.93
292|-9753.93|-9753.93
293|-9753.93|-9753.93
294|-9753.93|-9753.93
295|-9753.93|-9753.93
296|-9753.93|-9753.93
297|-9753.93|-9753.93
298|-9753.93|-9753.93
299|-9753.93|-9753.93
300|-9753.93|-9753.93
301|-9753.93|-9753.93
302|-9753.93|-9753.93
303|-9753.93|-9753.93
304|-9753.93|-9753.93
305|-9753.93|-9753.93
306|-9753.93|-9753.93
307|-9753.93|-9753.93
308|-9753.93|-9753.93
309|-9753.93|-9753.93
310|-9753.93|-9753.93
311|-9753.93|-9753.93
312|-9753.93|-9753.93
313|-9753.93|-9753.93
314|-9753.93|-9753.93
315|-9753.93|-9753.93
316|-9753.93|-9753.93
317|-9753.93|-9753.93
318|-9753.93|-9753.93
319|-9753.93|-9753.93
320|-9753.93|-9753.93
321|-9753.93|-9753.93
322|-9753.93|-9753.93
323|-9753.93|-9753.93
324|-9753.93|-9753.93
325|-9753.93|-9753.93
326|-9753.93|-9753.93
327|-9753.93|-9753.93
328|-9753.93|-9753.93
329|-9753.93|-9753.93
330|-9753.93|-9753.93
331|-9753.93|-9753.93
332|-9753.93|-9753.93
333|-9753.93|-9753.93
334|-9753.93|-9753.93
335|-9753.93|-9753.93
336|-9753.93|-9753.93
337|-9753.93|-9753.93
338|-9753.93|-9753.93
339|-9753.93|-9753.93
340|-9753.93|-9753.93
341|-9753.93|-9753.93
342|-9753.93|-9753.93
343|-9753.93|-9753.93
344|-9753.93|-9753.93
345|-9753.93|-9753.93
346|-9753.93|-9753.93
347|-9753.93|-9753.93
348|-9753.93|-9753.93
349|-9753.93|-9753.93
350|-9753.93|-9753.93
351|-9753.93|-9753.93
352|-9753.93|-9753.93
353|-9753.93|-9753.93
354|-9753.93|-9753.93
355|-9753.93|-9753.93
356|-9753.93|-9753.93
357|-9753.93|-9753.93
358|-9753.93|-9753.93
359|-9753.93|-9753.93
360|-9753.93|-9753.93
361|-9753.93|-9753.93
362|-9753.93|-9753.93
363|-9753.93|-9753.93
364|-9753.93|-9753.93
365|-9753.93|-9753.93
366|-9753.93|-9753.93
367|-9753.93|-9753.93
368|-9753.93|-9753.93
369|-9753.93|-9753.93
370|-9753.93|-9753.93
371|-9753.93|-9753.93
372|-9753.93|-9753.93
373|-9753.93|-9753.93
374|-9753.93|-9753.93
375|-9753.93|-9753.93
376|-9753.93|-9753.93
377|-9753.93|-9753.93
378|-9753.93|-9753.93
379|-9753.93|-9753.93
380|-9753.93|-9753.93
381|-9753.93|-9753.93
382|-9753.93|-9753.93
383|-9753.93|-9753.93
EARLY STOP: TARGET FOUND
6351040ms
