1|-3.58402|-3.58402
2|-4.4904|-4.4904
3|-5.39379|-5.39379
4|-6.28616|-6.28616
5|-7.17595|-7.17595
6|-8.04649|-8.04649
7|-8.90341|-8.90341
8|-9.74905|-9.74905
9|-10.5816|-10.5816
10|-11.382|-11.382
11|-12.093|-12.093
12|-12.8029|-12.8029
13|-13.5049|-13.5049
14|-14.1849|-14.1849
15|-14.8166|-14.8166
16|-15.446|-15.446
17|-15.9514|-15.9514
18|-16.451|-16.451
19|-16.8889|-16.8889
20|-17.3234|-17.3234
21|-17.673|-17.673
22|-17.9892|-17.9892
23|-18.3162|-18.3162
24|-18.585|-18.585
25|-19.0733|-19.0733
26|-19.2901|-19.2901
27|-19.6903|-19.6903
28|-20.0304|-20.0304
29|-20.2336|-20.2336
30|-20.4172|-20.4172
31|-20.581|-20.581
32|-20.7405|-20.7405
33|-21.5472|-21.5472
34|-21.6776|-21.6776
35|-21.8053|-21.8053
36|-21.9317|-21.9317
37|-22.2617|-22.2617
38|-22.4714|-22.4714
39|-22.5788|-22.5788
40|-22.6862|-22.6862
41|-22.7855|-22.7855
42|-22.8826|-22.8826
43|-23.4302|-23.4302
44|-23.5223|-23.5223
45|-23.6131|-23.6131
46|-23.6966|-23.6966
47|-23.768|-23.768
48|-23.8349|-23.8349
49|-23.8898|-23.8898
50|-23.9359|-23.9359
51|-23.9759|-23.9759
52|-24.0152|-24.0152
53|-24.0537|-24.0537
54|-24.0916|-24.0916
55|-24.1254|-24.1254
56|-24.1592|-24.1592
57|-24.6987|-24.6987
58|-24.9189|-24.9189
59|-25.005|-25.005
60|-25.0379|-25.0379
61|-25.0706|-25.0706
62|-25.0968|-25.0968
63|-25.1207|-25.1207
64|-25.1373|-25.1373
65|-25.1516|-25.1516
66|-25.165|-25.165
67|-25.1781|-25.1781
68|-25.1904|-25.1904
69|-25.1997|-25.1997
70|-25.2085|-25.2085
71|-25.22|-25.22
72|-25.2287|-25.2287
73|-25.2373|-25.2373
74|-25.245|-25.245
75|-25.2527|-25.2527
76|-25.2591|-25.2591
77|-25.265|-25.265
78|-25.2693|-25.2693
79|-25.2734|-25.2734
80|-25.2773|-25.2773
81|-25.2811|-25.2811
82|-25.2849|-25.2849
83|-25.2885|-25.2885
84|-25.2918|-25.2918
85|-25.295|-25.295
86|-25.2982|-25.2982
87|-25.3013|-25.3013
88|-25.304|-25.304
89|-25.3064|-25.3064
90|-25.3087|-25.3087
91|-25.3105|-25.3105
92|-25.3123|-25.3123
93|-25.3141|-25.3141
94|-25.3158|-25.3158
95|-25.3175|-25.3175
96|-25.3192|-25.3192
97|-25.3208|-25.3208
98|-25.3224|-25.3224
99|-25.324|-25.324
100|-25.3254|-25.3254
101|-25.3267|-25.3267
102|-25.3279|-25.3279
103|-25.3289|-25.3289
104|-25.3299|-25.3299
105|-25.3308|-25.3308
106|-25.3316|-25.3316
107|-25.3325|-25.3325
108|-25.3333|-25.3333
109|-25.3342|-25.3342
110|-25.3349|-25.3349
111|-25.3357|-25.3357
112|-25.3364|-25.3364
113|-25.337|-25.337
114|-25.3376|-25.3376
115|-25.3381|-25.3381
116|-25.3385|-25.3385
117|-25.339|-25.339
118|-25.3394|-25.3394
119|-25.3398|-25.3398
120|-25.3402|-25.3402
121|-25.3406|-25.3406
122|-25.3409|-25.3409
123|-25.3413|-25.3413
124|-25.3415|-25.3415
125|-25.3417|-25.3417
126|-25.3419|-25.3419
127|-25.6908|-25.6908
128|-25.8188|-25.8188
129|-25.8821|-25.8821
130|-25.9124|-25.9124
131|-25.9161|-25.9161
132|-25.918|-25.918
133|-25.9182|-25.9182
134|-25.9184|-25.9184
135|-25.9186|-25.9186
136|-25.9188|-25.9188
137|-25.919|-25.919
138|-25.9192|-25.9192
139|-25.9194|-25.9194
140|-25.9195|-25.9195
141|-25.9197|-25.9197
142|-25.9198|-25.9198
143|-25.9199|-25.9199
144|-25.92|-25.92
145|-25.9201|-25.9201
146|-25.9202|-25.9202
147|-25.9203|-25.9203
148|-25.9204|-25.9204
149|-25.9205|-25.9205
150|-25.9206|-25.9206
151|-25.9207|-25.9207
152|-25.9207|-25.9207
153|-25.9208|-25.9208
154|-25.9209|-25.9209
155|-25.9209|-25.9209
156|-25.921|-25.921
157|-25.921|-25.921
158|-25.921|-25.921
159|-25.9211|-25.9211
160|-25.9211|-25.9211
161|-25.9211|-25.9211
162|-25.9212|-25.9212
163|-25.9212|-25.9212
164|-25.9212|-25.9212
165|-25.9212|-25.9212
166|-25.9213|-25.9213
167|-25.9213|-25.9213
168|-25.9213|-25.9213
169|-25.9213|-25.9213
170|-25.9213|-25.9213
171|-25.9213|-25.9213
172|-25.9213|-25.9213
173|-25.9213|-25.9213
174|-25.9214|-25.9214
175|-25.9214|-25.9214
176|-25.9214|-25.9214
177|-25.9214|-25.9214
178|-25.9214|-25.9214
179|-25.9214|-25.9214
180|-25.9214|-25.9214
181|-25.9214|-25.9214
182|-25.9214|-25.9214
183|-25.9214|-25.9214
184|-25.9214|-25.9214
185|-25.9214|-25.9214
186|-25.9214|-25.9214
187|-25.9214|-25.9214
188|-25.9214|-25.9214
189|-25.9214|-25.9214
190|-25.9214|-25.9214
191|-25.9214|-25.9214
192|-25.9214|-25.9214
193|-25.9214|-25.9214
194|-25.9214|-25.9214
195|-25.9214|-25.9214
196|-25.9214|-25.9214
197|-25.9214|-25.9214
198|-25.9214|-25.9214
199|-25.9214|-25.9214
200|-25.9214|-25.9214
201|-25.9214|-25.9214
202|-25.9214|-25.9214
203|-25.9214|-25.9214
204|-25.9214|-25.9214
205|-25.9214|-25.9214
206|-25.9214|-25.9214
207|-25.9214|-25.9214
208|-25.9214|-25.9214
209|-25.9214|-25.9214
210|-25.9214|-25.9214
211|-25.9214|-25.9214
212|-25.9214|-25.9214
213|-25.9214|-25.9214
214|-25.9214|-25.9214
215|-25.9214|-25.9214
216|-25.9214|-25.9214
217|-25.9214|-25.9214
218|-25.9214|-25.9214
219|-25.9214|-25.9214
220|-25.9214|-25.9214
221|-25.9214|-25.9214
222|-25.9214|-25.9214
223|-25.9214|-25.9214
224|-25.9214|-25.9214
225|-25.9214|-25.9214
226|-25.9214|-25.9214
227|-25.9214|-25.9214
228|-25.9214|-25.9214
229|-25.9214|-25.9214
230|-25.9214|-25.9214
231|-25.9214|-25.9214
232|-25.9214|-25.9214
233|-25.9214|-25.9214
234|-25.9214|-25.9214
235|-25.9214|-25.9214
236|-25.9214|-25.9214
237|-25.9214|-25.9214
238|-25.9214|-25.9214
239|-25.9214|-25.9214
240|-25.9214|-25.9214
241|-25.9214|-25.9214
242|-25.9214|-25.9214
243|-25.9214|-25.9214
244|-25.9214|-25.9214
245|-25.9214|-25.9214
246|-25.9214|-25.9214
247|-25.9214|-25.9214
248|-25.9214|-25.9214
249|-25.9214|-25.9214
250|-25.9214|-25.9214
251|-25.9214|-25.9214
252|-25.9214|-25.9214
253|-25.9214|-25.9214
254|-25.9214|-25.9214
255|-25.9214|-25.9214
256|-25.9214|-25.9214
257|-25.9214|-25.9214
258|-25.9214|-25.9214
259|-25.9214|-25.9214
260|-25.9214|-25.9214
261|-25.9214|-25.9214
262|-25.9214|-25.9214
263|-25.9214|-25.9214
264|-25.9214|-25.9214
265|-25.9214|-25.9214
266|-25.9214|-25.9214
267|-25.9214|-25.9214
268|-25.9214|-25.9214
269|-25.9214|-25.9214
270|-25.9214|-25.9214
271|-25.9214|-25.9214
272|-25.9214|-25.9214
273|-25.9214|-25.9214
274|-25.9214|-25.9214
275|-25.9214|-25.9214
276|-25.9214|-25.9214
277|-25.9214|-25.9214
278|-25.9214|-25.9214
279|-25.9214|-25.9214
280|-25.9214|-25.9214
281|-25.9214|-25.9214
282|-25.9214|-25.9214
283|-25.9214|-25.9214
284|-25.9214|-25.9214
285|-25.9214|-25.9214
286|-25.9214|-25.9214
287|-25.9214|-25.9214
288|-25.9214|-25.9214
289|-25.9214|-25.9214
290|-25.9214|-25.9214
291|-25.9214|-25.9214
292|-25.9214|-25.9214
293|-25.9214|-25.9214
294|-25.9214|-25.9214
295|-25.9214|-25.9214
296|-25.9214|-25.9214
297|-25.9214|-25.9214
298|-25.9214|-25.9214
299|-25.9214|-25.9214
300|-25.9214|-25.9214
301|-25.9214|-25.9214
302|-25.9214|-25.9214
303|-25.9214|-25.9214
304|-25.9214|-25.9214
305|-25.9214|-25.9214
306|-25.9214|-25.9214
307|-25.9214|-25.9214
308|-25.9214|-25.9214
309|-25.9214|-25.9214
310|-25.9214|-25.9214
311|-25.9214|-25.9214
312|-25.9214|-25.9214
313|-25.9214|-25.9214
314|-25.9214|-25.9214
315|-25.9214|-25.9214
316|-25.9214|-25.9214
317|-25.9214|-25.9214
318|-25.9214|-25.9214
319|-25.9214|-25.9214
320|-25.9214|-25.9214
321|-25.9214|-25.9214
322|-25.9214|-25.9214
323|-25.9214|-25.9214
324|-25.9214|-25.9214
325|-25.9214|-25.9214
326|-25.9214|-25.9214
327|-25.9214|-25.9214
328|-25.9214|-25.9214
329|-25.9214|-25.9214
330|-25.9214|-25.9214
331|-25.9214|-25.9214
332|-25.9214|-25.9214
333|-25.9214|-25.9214
334|-25.9214|-25.9214
335|-25.9214|-25.9214
336|-25.9214|-25.9214
EARLY STOP: TARGET FOUND
3853739ms
