1|90.0403|90.0403
2|65.4059|65.4059
3|45.5139|45.5139
4|26.6845|26.6845
5|20.9753|20.9753
6|16.829|16.829
7|13.2329|13.2329
8|10.7286|10.7286
9|9.24877|9.24877
10|8.18237|8.18237
11|7.82335|7.82335
12|7.60356|7.60356
13|7.42779|7.42779
14|7.35414|7.35414
15|7.29896|7.29896
16|7.24801|7.24801
17|7.23739|7.23739
18|7.22778|7.22778
19|7.22018|7.22018
20|7.21731|7.21731
21|7.21516|7.21516
22|7.21356|7.21356
23|7.21212|7.21212
24|7.21127|7.21127
25|7.21107|7.21107
26|7.21092|7.21092
27|7.21078|7.21078
28|7.2107|7.2107
29|7.21066|7.21066
30|7.21064|7.21064
31|7.21063|7.21063
32|7.21063|7.21063
33|7.21063|7.21063
34|7.21063|7.21063
35|7.21063|7.21063
36|7.21063|7.21063
37|7.21063|7.21063
38|7.21063|7.21063
39|7.21063|7.21063
40|7.21063|7.21063
41|7.21063|7.21063
42|7.21063|7.21063
43|7.21063|7.21063
44|7.21063|7.21063
45|7.21063|7.21063
46|7.21063|7.21063
47|7.21063|7.21063
48|7.21063|7.21063
49|7.21063|7.21063
50|7.21063|7.21063
51|7.21063|7.21063
52|7.21063|7.21063
53|7.21063|7.21063
54|7.21063|7.21063
55|7.21063|7.21063
56|7.21063|7.21063
57|7.21063|7.21063
58|7.21063|7.21063
59|7.21063|7.21063
60|7.21063|7.21063
61|7.21063|7.21063
62|7.21063|7.21063
63|7.21063|7.21063
64|7.21063|7.21063
65|7.21063|7.21063
66|7.21063|7.21063
67|7.21063|7.21063
68|7.21063|7.21063
69|7.21063|7.21063
70|7.21063|7.21063
71|7.21063|7.21063
72|7.21063|7.21063
73|7.21063|7.21063
74|7.21063|7.21063
75|7.21063|7.21063
76|7.21063|7.21063
77|7.21063|7.21063
78|7.21063|7.21063
79|7.21063|7.21063
80|7.21063|7.21063
81|7.21063|7.21063
82|7.21063|7.21063
83|7.21063|7.21063
84|7.21063|7.21063
85|7.21063|7.21063
86|7.21063|7.21063
87|7.21063|7.21063
88|7.21063|7.21063
89|7.21063|7.21063
90|7.21063|7.21063
91|7.21063|7.21063
92|7.21063|7.21063
93|7.21063|7.21063
94|7.21063|7.21063
95|7.21063|7.21063
96|7.21063|7.21063
97|7.21063|7.21063
98|7.21063|7.21063
99|7.21063|7.21063
100|7.21063|7.21063
101|7.21063|7.21063
102|7.21063|7.21063
103|7.21063|7.21063
104|7.21063|7.21063
105|7.21063|7.21063
106|7.21063|7.21063
107|7.21063|7.21063
108|7.21063|7.21063
109|7.21063|7.21063
110|7.21063|7.21063
111|7.21063|7.21063
112|7.21063|7.21063
113|7.21063|7.21063
114|7.21063|7.21063
115|7.21063|7.21063
116|7.21063|7.21063
117|7.21063|7.21063
118|7.21063|7.21063
119|7.21063|7.21063
120|7.21063|7.21063
121|7.21063|7.21063
122|7.21063|7.21063
123|7.21063|7.21063
124|7.21063|7.21063
125|7.21063|7.21063
126|7.21063|7.21063
127|7.21063|7.21063
128|7.21063|7.21063
129|7.21063|7.21063
130|7.21063|7.21063
131|7.21063|7.21063
132|7.21063|7.21063
133|7.21063|7.21063
134|7.21063|7.21063
135|7.21063|7.21063
136|7.21063|7.21063
137|7.21063|7.21063
138|7.21063|7.21063
139|7.21063|7.21063
140|7.21063|7.21063
141|7.21063|7.21063
142|7.21063|7.21063
143|7.21063|7.21063
144|7.21063|7.21063
145|7.21063|7.21063
146|7.21063|7.21063
147|7.21063|7.21063
148|7.21063|7.21063
149|7.21063|7.21063
150|7.21063|7.21063
151|7.21063|7.21063
152|7.21063|7.21063
153|7.21063|7.21063
154|7.21063|7.21063
155|7.21063|7.21063
156|7.21063|7.21063
157|7.21063|7.21063
158|7.21063|7.21063
159|7.21063|7.21063
160|7.21063|7.21063
161|7.21063|7.21063
162|7.21063|7.21063
163|7.21063|7.21063
164|7.21063|7.21063
165|7.21063|7.21063
166|7.21063|7.21063
167|7.21063|7.21063
168|7.21063|7.21063
169|7.21063|7.21063
170|7.21063|7.21063
171|7.21063|7.21063
172|7.21063|7.21063
173|7.21063|7.21063
174|7.21063|7.21063
175|7.21063|7.21063
176|7.21063|7.21063
177|7.21063|7.21063
178|7.21063|7.21063
179|7.21063|7.21063
180|7.21063|7.21063
181|7.21063|7.21063
182|7.21063|7.21063
EARLY STOP: TARGET FOUND
71612ms
