1|106.574|106.574
2|83.0181|83.0181
3|60.8496|60.8496
4|46.0979|46.0979
5|33.2417|33.2417
6|20.495|20.495
7|9.81472|9.81472
8|6.5662|6.5662
9|5.40017|5.40017
10|4.2615|4.2615
11|3.23827|3.23827
12|2.6162|2.6162
13|2.01735|2.01735
14|1.58827|1.58827
15|1.28814|1.28814
16|1.01232|1.01232
17|0.750189|0.750189
18|0.545773|0.545773
19|0.395301|0.395301
20|0.322036|0.322036
21|0.260928|0.260928
22|0.203461|0.203461
23|0.149194|0.149194
24|0.121677|0.121677
25|0.102573|0.102573
26|0.0851407|0.0851407
27|0.0678851|0.0678851
28|0.0540093|0.0540093
29|0.0426554|0.0426554
30|0.0331218|0.0331218
31|0.0251882|0.0251882
32|0.0204362|0.0204362
33|0.0160272|0.0160272
34|0.0121112|0.0121112
35|0.00828347|0.00828347
EARLY STOP: TARGET FOUND
48836ms
