1|908.461|908.461
2|200.619|200.619
3|-504.435|-504.435
4|-1148.63|-1148.63
5|-1713.36|-1713.36
6|-2202|-2202
7|-2655.62|-2655.62
8|-3106|-3106
9|-3551.21|-3551.21
10|-3948.51|-3948.51
11|-4344.82|-4344.82
12|-4723.2|-4723.2
13|-5094.22|-5094.22
14|-5425.11|-5425.11
15|-5737.86|-5737.86
16|-6046.02|-6046.02
17|-6347.02|-6347.02
18|-6580.1|-6580.1
19|-6810.9|-6810.9
20|-7029.73|-7029.73
21|-7188.8|-7188.8
22|-7340.22|-7340.22
23|-7491.95|-7491.95
24|-7639.98|-7639.98
25|-7787.32|-7787.32
26|-7921.63|-7921.63
27|-8040.99|-8040.99
28|-8138.31|-8138.31
29|-8233.15|-8233.15
30|-8324.68|-8324.68
31|-8398.8|-8398.8
32|-8471.34|-8471.34
33|-8779.71|-8779.71
34|-8841.19|-8841.19
35|-8894.67|-8894.67
36|-8945.02|-8945.02
37|-9020.3|-9020.3
38|-9321.42|-9321.42
39|-9369.46|-9369.46
40|-9412.07|-9412.07
41|-9447.95|-9447.95
42|-9477.56|-9477.56
43|-9506.18|-9506.18
44|-9530.68|-9530.68
45|-9549.24|-9549.24
46|-9567.21|-9567.21
47|-9585.06|-9585.06
48|-9602.56|-9602.56
49|-9638.42|-9638.42
50|-9652.46|-9652.46
51|-9664.67|-9664.67
52|-9674.61|-9674.61
53|-9728.9|-9728.9
54|-9737.72|-9737.72
55|-9746.51|-9746.51
56|-9755.29|-9755.29
57|-9761.54|-9761.54
58|-9767.18|-9767.18
59|-9772.81|-9772.81
60|-9777.66|-9777.66
61|-9782.04|-9782.04
62|-9786.42|-9786.42
63|-9790.8|-9790.8
64|-9795.17|-9795.17
65|-9798.85|-9798.85
66|-9802.19|-9802.19
67|-9805.45|-9805.45
68|-9808.66|-9808.66
69|-9811.53|-9811.53
70|-9814.31|-9814.31
71|-9817.08|-9817.08
72|-9819.75|-9819.75
73|-9822.38|-9822.38
74|-9824.57|-9824.57
75|-9826.75|-9826.75
76|-9828.93|-9828.93
77|-9831.12|-9831.12
78|-9832.69|-9832.69
79|-9834.02|-9834.02
80|-9835.33|-9835.33
81|-9836.63|-9836.63
82|-9837.93|-9837.93
83|-9839.2|-9839.2
84|-9840.29|-9840.29
85|-9841.38|-9841.38
86|-9842.47|-9842.47
87|-9843.56|-9843.56
88|-9844.45|-9844.45
89|-9845.34|-9845.34
90|-9846.11|-9846.11
91|-9846.77|-9846.77
92|-9847.4|-9847.4
93|-9848.02|-9848.02
94|-9848.57|-9848.57
95|-9849.09|-9849.09
96|-9849.61|-9849.61
97|-9850.06|-9850.06
98|-9850.48|-9850.48
99|-9850.84|-9850.84
100|-9851.15|-9851.15
101|-9851.46|-9851.46
102|-9851.73|-9851.73
103|-9852|-9852
104|-9852.27|-9852.27
105|-9852.52|-9852.52
106|-9852.76|-9852.76
107|-9852.99|-9852.99
108|-9853.21|-9853.21
109|-9853.39|-9853.39
110|-9853.56|-9853.56
111|-9853.73|-9853.73
112|-9853.89|-9853.89
113|-9854.05|-9854.05
114|-9854.19|-9854.19
115|-9854.33|-9854.33
116|-9854.46|-9854.46
117|-9854.6|-9854.6
118|-9854.71|-9854.71
119|-9854.82|-9854.82
120|-9854.9|-9854.9
121|-9854.97|-9854.97
122|-9855.04|-9855.04
123|-9855.11|-9855.11
124|-9855.18|-9855.18
125|-9855.24|-9855.24
126|-9855.3|-9855.3
127|-9855.35|-9855.35
128|-9855.4|-9855.4
129|-9855.44|-9855.44
130|-9855.48|-9855.48
131|-9855.52|-9855.52
132|-9855.56|-9855.56
133|-9855.59|-9855.59
134|-9855.62|-9855.62
135|-9855.66|-9855.66
136|-9855.69|-9855.69
137|-9855.72|-9855.72
138|-9855.75|-9855.75
139|-9855.79|-9855.79
140|-9855.82|-9855.82
141|-9855.84|-9855.84
142|-9855.87|-9855.87
143|-9855.89|-9855.89
144|-9855.91|-9855.91
145|-9855.93|-9855.93
146|-9855.95|-9855.95
147|-9855.97|-9855.97
148|-9855.99|-9855.99
149|-9856|-9856
150|-9856.02|-9856.02
151|-9856.03|-9856.03
152|-9856.05|-9856.05
153|-9856.06|-9856.06
154|-9856.08|-9856.08
155|-9856.09|-9856.09
156|-9856.09|-9856.09
157|-9856.1|-9856.1
158|-9856.11|-9856.11
159|-9856.12|-9856.12
160|-9856.13|-9856.13
161|-9856.13|-9856.13
162|-9856.14|-9856.14
163|-9856.15|-9856.15
164|-9856.15|-9856.15
165|-9856.16|-9856.16
166|-9856.17|-9856.17
167|-9856.17|-9856.17
168|-9856.18|-9856.18
169|-9856.19|-9856.19
170|-9856.19|-9856.19
171|-9856.2|-9856.2
172|-9856.2|-9856.2
173|-9856.21|-9856.21
174|-9856.21|-9856.21
175|-9856.21|-9856.21
176|-9856.22|-9856.22
177|-9856.22|-9856.22
178|-9856.22|-9856.22
179|-9856.23|-9856.23
180|-9856.23|-9856.23
181|-9856.23|-9856.23
182|-9856.24|-9856.24
183|-9856.24|-9856.24
184|-9856.24|-9856.24
185|-9856.24|-9856.24
186|-9856.24|-9856.24
187|-9856.25|-9856.25
188|-9856.25|-9856.25
189|-9856.25|-9856.25
190|-9856.25|-9856.25
191|-9856.25|-9856.25
192|-9856.25|-9856.25
193|-9856.26|-9856.26
194|-9856.26|-9856.26
195|-9856.26|-9856.26
196|-9856.26|-9856.26
197|-9856.26|-9856.26
198|-9856.26|-9856.26
199|-9856.26|-9856.26
200|-9856.26|-9856.26
201|-9856.26|-9856.26
202|-9856.26|-9856.26
203|-9856.27|-9856.27
204|-9856.27|-9856.27
205|-9856.27|-9856.27
206|-9856.27|-9856.27
207|-9856.27|-9856.27
208|-9856.27|-9856.27
209|-9856.27|-9856.27
210|-9856.27|-9856.27
211|-9856.27|-9856.27
212|-9856.27|-9856.27
213|-9856.27|-9856.27
214|-9856.27|-9856.27
215|-9856.27|-9856.27
216|-9856.27|-9856.27
217|-9856.27|-9856.27
218|-9856.27|-9856.27
219|-9856.27|-9856.27
220|-9856.27|-9856.27
221|-9856.27|-9856.27
222|-9856.27|-9856.27
223|-9856.27|-9856.27
224|-9856.27|-9856.27
225|-9856.27|-9856.27
226|-9856.27|-9856.27
227|-9856.27|-9856.27
228|-9856.27|-9856.27
229|-9856.27|-9856.27
230|-9856.27|-9856.27
231|-9856.27|-9856.27
232|-9856.27|-9856.27
233|-9856.27|-9856.27
234|-9856.27|-9856.27
235|-9856.27|-9856.27
236|-9856.27|-9856.27
237|-9856.27|-9856.27
238|-9856.27|-9856.27
239|-9856.27|-9856.27
240|-9856.27|-9856.27
241|-9856.27|-9856.27
242|-9856.27|-9856.27
243|-9856.27|-9856.27
244|-9856.27|-9856.27
245|-9856.27|-9856.27
246|-9856.27|-9856.27
247|-9856.27|-9856.27
248|-9856.27|-9856.27
249|-9856.27|-9856.27
250|-9856.27|-9856.27
251|-9856.27|-9856.27
252|-9856.27|-9856.27
253|-9856.27|-9856.27
254|-9856.27|-9856.27
255|-9856.27|-9856.27
256|-9856.27|-9856.27
257|-9856.27|-9856.27
258|-9856.27|-9856.27
259|-9856.27|-9856.27
260|-9856.27|-9856.27
261|-9856.27|-9856.27
262|-9856.27|-9856.27
263|-9856.27|-9856.27
264|-9856.27|-9856.27
265|-9856.27|-9856.27
266|-9856.27|-9856.27
267|-9856.27|-9856.27
268|-9856.27|-9856.27
269|-9856.27|-9856.27
270|-9856.27|-9856.27
271|-9856.27|-9856.27
272|-9856.27|-9856.27
273|-9856.27|-9856.27
274|-9856.27|-9856.27
275|-9856.27|-9856.27
276|-9856.27|-9856.27
277|-9856.27|-9856.27
278|-9856.27|-9856.27
279|-9856.27|-9856.27
280|-9856.27|-9856.27
281|-9856.27|-9856.27
282|-9856.27|-9856.27
283|-9856.27|-9856.27
284|-9856.27|-9856.27
285|-9856.27|-9856.27
286|-9856.27|-9856.27
287|-9856.27|-9856.27
288|-9856.27|-9856.27
289|-9856.27|-9856.27
290|-9856.27|-9856.27
291|-9856.27|-9856.27
292|-9856.27|-9856.27
293|-9856.27|-9856.27
294|-9856.27|-9856.27
295|-9856.27|-9856.27
296|-9856.27|-9856.27
297|-9856.27|-9856.27
298|-9856.27|-9856.27
299|-9856.27|-9856.27
300|-9856.27|-9856.27
301|-9856.27|-9856.27
302|-9856.27|-9856.27
303|-9856.27|-9856.27
304|-9856.27|-9856.27
305|-9856.27|-9856.27
306|-9856.27|-9856.27
307|-9856.27|-9856.27
308|-9856.27|-9856.27
309|-9856.27|-9856.27
310|-9856.27|-9856.27
311|-9856.27|-9856.27
312|-9856.27|-9856.27
313|-9856.27|-9856.27
314|-9856.27|-9856.27
315|-9856.27|-9856.27
316|-9856.27|-9856.27
317|-9856.27|-9856.27
318|-9856.27|-9856.27
319|-9856.27|-9856.27
320|-9856.27|-9856.27
321|-9856.27|-9856.27
322|-9856.27|-9856.27
323|-9856.27|-9856.27
324|-9856.27|-9856.27
325|-9856.27|-9856.27
326|-9856.27|-9856.27
327|-9856.27|-9856.27
328|-9856.27|-9856.27
329|-9856.27|-9856.27
330|-9856.27|-9856.27
331|-9856.27|-9856.27
332|-9856.27|-9856.27
333|-9856.27|-9856.27
334|-9856.27|-9856.27
335|-9856.27|-9856.27
336|-9856.27|-9856.27
337|-9856.27|-9856.27
338|-9856.27|-9856.27
339|-9856.27|-9856.27
340|-9856.27|-9856.27
341|-9856.27|-9856.27
342|-9856.27|-9856.27
343|-9856.27|-9856.27
344|-9856.27|-9856.27
345|-9856.27|-9856.27
346|-9856.27|-9856.27
347|-9856.27|-9856.27
348|-9856.27|-9856.27
349|-9856.27|-9856.27
350|-9856.27|-9856.27
351|-9856.27|-9856.27
352|-9856.27|-9856.27
353|-9856.27|-9856.27
354|-9856.27|-9856.27
355|-9856.27|-9856.27
356|-9856.27|-9856.27
357|-9856.27|-9856.27
358|-9856.27|-9856.27
EARLY STOP: TARGET FOUND
6071062ms
