1|52.9747|52.9747
2|39.6512|39.6512
3|31.8541|31.8541
4|24.424|24.424
5|20.7101|20.7101
6|19.9932|19.9932
7|15.7458|15.7458
8|15.0885|15.0885
9|14.4771|14.4771
10|14.2744|14.2744
11|14.1307|14.1307
12|14.062|14.062
13|14.0065|14.0065
14|13.973|13.973
15|13.9565|13.9565
16|13.9436|13.9436
17|13.9309|13.9309
18|13.9226|13.9226
19|13.9172|13.9172
20|13.9131|13.9131
21|13.9099|13.9099
22|13.9071|13.9071
23|13.9057|13.9057
24|13.9051|13.9051
25|13.9046|13.9046
26|13.9042|13.9042
27|13.9038|13.9038
28|13.9036|13.9036
29|13.9034|13.9034
30|13.9034|13.9034
31|13.9033|13.9033
32|13.9033|13.9033
33|13.9033|13.9033
34|13.9033|13.9033
35|13.9033|13.9033
36|13.9033|13.9033
37|13.9033|13.9033
38|13.9033|13.9033
39|13.9033|13.9033
40|13.9033|13.9033
41|13.9033|13.9033
42|13.9033|13.9033
43|13.9033|13.9033
44|13.9033|13.9033
45|13.9033|13.9033
46|13.9033|13.9033
47|13.9033|13.9033
48|13.9033|13.9033
49|13.9033|13.9033
50|13.9033|13.9033
51|13.9033|13.9033
52|13.9033|13.9033
53|13.9033|13.9033
54|13.9033|13.9033
55|13.9033|13.9033
56|13.9033|13.9033
57|13.9033|13.9033
58|13.9033|13.9033
59|13.9033|13.9033
60|13.9033|13.9033
61|13.9033|13.9033
62|13.9033|13.9033
63|13.9033|13.9033
64|13.9033|13.9033
65|13.9033|13.9033
66|13.9033|13.9033
67|13.9033|13.9033
68|13.9033|13.9033
69|13.9033|13.9033
70|13.9033|13.9033
71|13.9033|13.9033
72|13.9033|13.9033
73|13.9033|13.9033
74|13.9033|13.9033
75|13.9033|13.9033
76|13.9033|13.9033
77|13.9033|13.9033
78|13.9033|13.9033
79|13.9033|13.9033
80|13.9033|13.9033
81|13.9033|13.9033
82|13.9033|13.9033
83|13.9033|13.9033
84|13.9033|13.9033
85|13.9033|13.9033
86|13.9033|13.9033
87|13.9033|13.9033
88|13.9033|13.9033
89|13.9033|13.9033
90|13.9033|13.9033
91|13.9033|13.9033
92|13.9033|13.9033
93|13.9033|13.9033
94|13.9033|13.9033
95|13.9033|13.9033
96|13.9033|13.9033
97|13.9033|13.9033
98|13.9033|13.9033
99|13.9033|13.9033
100|13.9033|13.9033
101|13.9033|13.9033
102|13.9033|13.9033
103|13.9033|13.9033
104|13.9033|13.9033
105|13.9033|13.9033
106|13.9033|13.9033
107|13.9033|13.9033
108|13.9033|13.9033
109|13.9033|13.9033
110|13.9033|13.9033
111|13.9033|13.9033
112|13.9033|13.9033
113|13.9033|13.9033
114|13.9033|13.9033
115|13.9033|13.9033
116|13.9033|13.9033
117|13.9033|13.9033
118|13.9033|13.9033
119|13.9033|13.9033
120|13.9033|13.9033
121|13.9033|13.9033
122|13.9033|13.9033
123|13.9033|13.9033
124|13.9033|13.9033
125|13.9033|13.9033
126|13.9033|13.9033
127|13.9033|13.9033
128|13.9033|13.9033
129|13.9033|13.9033
130|13.9033|13.9033
131|13.9033|13.9033
132|13.9033|13.9033
133|13.9033|13.9033
134|13.9033|13.9033
135|13.9033|13.9033
136|13.9033|13.9033
137|13.9033|13.9033
138|13.9033|13.9033
139|13.9033|13.9033
140|13.9033|13.9033
141|13.9033|13.9033
142|13.9033|13.9033
143|13.9033|13.9033
144|13.9033|13.9033
145|13.9033|13.9033
146|13.9033|13.9033
147|13.9033|13.9033
148|13.9033|13.9033
149|13.9033|13.9033
150|13.9033|13.9033
151|13.9033|13.9033
152|13.9033|13.9033
153|13.9033|13.9033
154|13.9033|13.9033
155|13.9033|13.9033
156|13.9033|13.9033
157|13.9033|13.9033
158|13.9033|13.9033
159|13.9033|13.9033
160|13.9033|13.9033
161|13.9033|13.9033
162|13.9033|13.9033
163|13.9033|13.9033
164|13.9033|13.9033
165|13.9033|13.9033
166|13.9033|13.9033
167|13.9033|13.9033
168|13.9033|13.9033
169|13.9033|13.9033
170|13.9033|13.9033
171|13.9033|13.9033
172|13.9033|13.9033
173|13.9033|13.9033
174|13.9033|13.9033
175|13.9033|13.9033
176|13.9033|13.9033
177|13.9033|13.9033
178|13.9033|13.9033
179|13.9033|13.9033
180|13.9033|13.9033
181|13.9033|13.9033
182|13.9033|13.9033
183|13.9033|13.9033
184|13.9033|13.9033
185|13.9033|13.9033
EARLY STOP: TARGET FOUND
71963ms
