1|-841.91|-841.91
2|-1499.94|-1499.94
3|-2109.87|-2109.87
4|-2695.26|-2695.26
5|-3055.61|-3055.61
6|-3366.67|-3366.67
7|-3673.26|-3673.26
8|-3979.14|-3979.14
9|-4278.06|-4278.06
10|-4570.81|-4570.81
11|-4861.9|-4861.9
12|-5061.73|-5061.73
13|-5356.21|-5356.21
14|-5528.09|-5528.09
15|-5698.63|-5698.63
16|-5862.66|-5862.66
17|-6018.28|-6018.28
18|-6154.14|-6154.14
19|-6286.31|-6286.31
20|-6412.41|-6412.41
21|-6536.9|-6536.9
22|-6637.28|-6637.28
23|-6717.27|-6717.27
24|-6794.16|-6794.16
25|-6868.12|-6868.12
26|-6938.46|-6938.46
27|-7140.7|-7140.7
28|-7206.85|-7206.85
29|-7347.35|-7347.35
30|-7411.98|-7411.98
31|-7472.58|-7472.58
32|-7528.01|-7528.01
33|-7580.98|-7580.98
34|-7631.65|-7631.65
35|-7678.98|-7678.98
36|-7721.6|-7721.6
37|-7763.41|-7763.41
38|-7805.15|-7805.15
39|-7844.41|-7844.41
40|-7880.35|-7880.35
41|-7914.5|-7914.5
42|-7948.07|-7948.07
43|-8005.08|-8005.08
44|-8036.12|-8036.12
45|-8065.05|-8065.05
46|-8092.3|-8092.3
47|-8127.81|-8127.81
48|-8150.99|-8150.99
49|-8171.04|-8171.04
50|-8191.07|-8191.07
51|-8209.26|-8209.26
52|-8226.95|-8226.95
53|-8241.98|-8241.98
54|-8274.3|-8274.3
55|-8292.12|-8292.12
56|-8306.3|-8306.3
57|-8319.79|-8319.79
58|-8358.68|-8358.68
59|-8376.38|-8376.38
60|-8387.81|-8387.81
61|-8423.86|-8423.86
62|-8441.47|-8441.47
63|-8452.12|-8452.12
64|-8460.94|-8460.94
65|-8469.73|-8469.73
66|-8478.45|-8478.45
67|-8486.13|-8486.13
68|-8492.7|-8492.7
69|-8498.71|-8498.71
70|-8504.21|-8504.21
71|-8508.58|-8508.58
72|-8512.96|-8512.96
73|-8517.33|-8517.33
74|-8521.71|-8521.71
75|-8526.08|-8526.08
76|-8530.44|-8530.44
77|-8534.69|-8534.69
78|-8538.51|-8538.51
79|-8542.19|-8542.19
80|-8545.78|-8545.78
81|-8549.19|-8549.19
82|-8552.48|-8552.48
83|-8555.11|-8555.11
84|-8557.3|-8557.3
85|-8559.48|-8559.48
86|-8561.52|-8561.52
87|-8563.56|-8563.56
88|-8565.4|-8565.4
89|-8566.94|-8566.94
90|-8568.26|-8568.26
91|-8569.42|-8569.42
92|-8570.56|-8570.56
93|-8571.65|-8571.65
94|-8572.74|-8572.74
95|-8573.83|-8573.83
96|-8574.92|-8574.92
97|-8576.01|-8576.01
98|-8577.08|-8577.08
99|-8578.05|-8578.05
100|-8578.82|-8578.82
101|-8579.48|-8579.48
102|-8580.1|-8580.1
103|-8580.66|-8580.66
104|-8581.21|-8581.21
105|-8581.75|-8581.75
106|-8582.3|-8582.3
107|-8582.66|-8582.66
108|-8583.02|-8583.02
109|-8583.35|-8583.35
110|-8583.62|-8583.62
111|-8583.89|-8583.89
112|-8584.16|-8584.16
113|-8584.44|-8584.44
114|-8584.71|-8584.71
115|-8584.96|-8584.96
116|-8585.21|-8585.21
117|-8585.46|-8585.46
118|-8585.66|-8585.66
119|-8585.85|-8585.85
120|-8586.02|-8586.02
121|-8586.2|-8586.2
122|-8586.37|-8586.37
123|-8586.52|-8586.52
124|-8586.66|-8586.66
125|-8586.79|-8586.79
126|-8586.93|-8586.93
127|-8587.07|-8587.07
128|-8587.19|-8587.19
129|-8587.29|-8587.29
130|-8587.38|-8587.38
131|-8587.46|-8587.46
132|-8587.54|-8587.54
133|-8587.62|-8587.62
134|-8587.7|-8587.7
135|-8587.77|-8587.77
136|-8587.84|-8587.84
137|-8587.91|-8587.91
138|-8587.97|-8587.97
139|-8588.04|-8588.04
140|-8588.11|-8588.11
141|-8588.18|-8588.18
142|-8588.25|-8588.25
143|-8588.31|-8588.31
144|-8588.38|-8588.38
145|-8588.44|-8588.44
146|-8588.5|-8588.5
147|-8588.56|-8588.56
148|-8588.6|-8588.6
149|-8588.65|-8588.65
150|-8588.69|-8588.69
151|-8588.72|-8588.72
152|-8588.76|-8588.76
153|-8588.79|-8588.79
154|-8588.83|-8588.83
155|-8588.86|-8588.86
156|-8588.89|-8588.89
157|-8588.92|-8588.92
158|-8588.96|-8588.96
159|-8588.98|-8588.98
160|-8589.01|-8589.01
161|-8589.04|-8589.04
162|-8589.06|-8589.06
163|-8589.08|-8589.08
164|-8589.1|-8589.1
165|-8589.12|-8589.12
166|-8589.13|-8589.13
167|-8589.15|-8589.15
168|-8589.17|-8589.17
169|-8589.18|-8589.18
170|-8589.2|-8589.2
171|-8589.21|-8589.21
172|-8589.23|-8589.23
173|-8589.24|-8589.24
174|-8589.26|-8589.26
175|-8589.27|-8589.27
176|-8589.28|-8589.28
177|-8589.29|-8589.29
178|-8589.3|-8589.3
179|-8589.31|-8589.31
180|-8589.31|-8589.31
181|-8589.32|-8589.32
182|-8589.33|-8589.33
183|-8589.34|-8589.34
184|-8589.35|-8589.35
185|-8589.35|-8589.35
186|-8589.36|-8589.36
187|-8589.37|-8589.37
188|-8589.37|-8589.37
189|-8589.38|-8589.38
190|-8589.38|-8589.38
191|-8589.39|-8589.39
192|-8589.39|-8589.39
193|-8589.4|-8589.4
194|-8589.4|-8589.4
195|-8589.41|-8589.41
196|-8589.41|-8589.41
197|-8589.41|-8589.41
198|-8589.42|-8589.42
199|-8589.42|-8589.42
200|-8589.42|-8589.42
201|-8589.43|-8589.43
202|-8589.43|-8589.43
203|-8589.44|-8589.44
204|-8589.44|-8589.44
205|-8589.44|-8589.44
206|-8589.44|-8589.44
207|-8589.44|-8589.44
208|-8589.45|-8589.45
209|-8589.45|-8589.45
210|-8589.45|-8589.45
211|-8589.45|-8589.45
212|-8589.45|-8589.45
213|-8589.46|-8589.46
214|-8589.46|-8589.46
215|-8589.46|-8589.46
216|-8589.46|-8589.46
217|-8589.46|-8589.46
218|-8589.46|-8589.46
219|-8589.46|-8589.46
220|-8589.46|-8589.46
221|-8589.47|-8589.47
222|-8589.47|-8589.47
223|-8589.47|-8589.47
224|-8589.47|-8589.47
225|-8589.47|-8589.47
226|-8589.47|-8589.47
227|-8589.47|-8589.47
228|-8589.47|-8589.47
229|-8589.47|-8589.47
230|-8589.48|-8589.48
231|-8589.48|-8589.48
232|-8589.48|-8589.48
233|-8589.48|-8589.48
234|-8589.48|-8589.48
235|-8589.48|-8589.48
236|-8589.48|-8589.48
237|-8589.48|-8589.48
238|-8589.48|-8589.48
239|-8589.48|-8589.48
240|-8589.48|-8589.48
241|-8589.48|-8589.48
242|-8589.48|-8589.48
243|-8589.48|-8589.48
244|-8589.48|-8589.48
245|-8589.48|-8589.48
246|-8589.48|-8589.48
247|-8589.48|-8589.48
248|-8589.48|-8589.48
249|-8589.48|-8589.48
250|-8589.48|-8589.48
251|-8589.48|-8589.48
252|-8589.48|-8589.48
253|-8589.48|-8589.48
254|-8589.48|-8589.48
255|-8589.48|-8589.48
256|-8589.48|-8589.48
257|-8589.48|-8589.48
258|-8589.48|-8589.48
259|-8589.48|-8589.48
260|-8589.48|-8589.48
261|-8589.48|-8589.48
262|-8589.48|-8589.48
263|-8589.48|-8589.48
264|-8589.48|-8589.48
265|-8589.48|-8589.48
266|-8589.48|-8589.48
267|-8589.48|-8589.48
268|-8589.48|-8589.48
269|-8589.48|-8589.48
270|-8589.48|-8589.48
271|-8589.48|-8589.48
272|-8589.48|-8589.48
273|-8589.48|-8589.48
274|-8589.48|-8589.48
275|-8589.48|-8589.48
276|-8589.48|-8589.48
277|-8589.48|-8589.48
278|-8589.48|-8589.48
279|-8589.48|-8589.48
280|-8589.48|-8589.48
281|-8589.48|-8589.48
282|-8589.48|-8589.48
283|-8589.48|-8589.48
284|-8589.48|-8589.48
285|-8589.48|-8589.48
286|-8589.48|-8589.48
287|-8589.48|-8589.48
288|-8589.48|-8589.48
289|-8589.48|-8589.48
290|-8589.48|-8589.48
291|-8589.48|-8589.48
292|-8589.48|-8589.48
293|-8589.48|-8589.48
294|-8589.48|-8589.48
295|-8589.48|-8589.48
296|-8589.48|-8589.48
297|-8589.48|-8589.48
298|-8589.48|-8589.48
299|-8589.48|-8589.48
300|-8589.48|-8589.48
301|-8589.48|-8589.48
302|-8589.48|-8589.48
303|-8589.48|-8589.48
304|-8589.48|-8589.48
305|-8589.48|-8589.48
306|-8589.48|-8589.48
307|-8589.48|-8589.48
308|-8589.48|-8589.48
309|-8589.48|-8589.48
310|-8589.48|-8589.48
311|-8589.48|-8589.48
312|-8589.48|-8589.48
313|-8589.48|-8589.48
314|-8589.48|-8589.48
315|-8589.48|-8589.48
316|-8589.48|-8589.48
317|-8589.48|-8589.48
318|-8589.48|-8589.48
319|-8589.48|-8589.48
320|-8589.48|-8589.48
321|-8589.48|-8589.48
322|-8589.48|-8589.48
323|-8589.48|-8589.48
324|-8589.48|-8589.48
325|-8589.48|-8589.48
326|-8589.48|-8589.48
327|-8589.48|-8589.48
328|-8589.48|-8589.48
329|-8589.48|-8589.48
330|-8589.48|-8589.48
331|-8589.48|-8589.48
332|-8589.48|-8589.48
333|-8589.48|-8589.48
334|-8589.48|-8589.48
335|-8589.48|-8589.48
336|-8589.48|-8589.48
337|-8589.48|-8589.48
338|-8589.48|-8589.48
339|-8589.48|-8589.48
340|-8589.48|-8589.48
341|-8589.48|-8589.48
342|-8589.48|-8589.48
343|-8589.48|-8589.48
344|-8589.48|-8589.48
345|-8589.48|-8589.48
346|-8589.48|-8589.48
347|-8589.48|-8589.48
348|-8589.48|-8589.48
349|-8589.48|-8589.48
350|-8589.48|-8589.48
351|-8589.48|-8589.48
352|-8589.48|-8589.48
353|-8589.48|-8589.48
354|-8589.48|-8589.48
355|-8589.48|-8589.48
356|-8589.48|-8589.48
357|-8589.48|-8589.48
358|-8589.48|-8589.48
359|-8589.48|-8589.48
360|-8589.48|-8589.48
361|-8589.48|-8589.48
362|-8589.48|-8589.48
363|-8589.48|-8589.48
364|-8589.48|-8589.48
365|-8589.48|-8589.48
366|-8589.48|-8589.48
367|-8589.48|-8589.48
368|-8589.48|-8589.48
369|-8589.48|-8589.48
370|-8589.48|-8589.48
371|-8589.48|-8589.48
372|-8589.48|-8589.48
373|-8589.48|-8589.48
374|-8589.48|-8589.48
375|-8589.48|-8589.48
376|-8589.48|-8589.48
377|-8589.48|-8589.48
378|-8589.48|-8589.48
379|-8589.48|-8589.48
380|-8589.48|-8589.48
EARLY STOP: TARGET FOUND
6298135ms
