1|182.034|182.034
2|152.153|152.153
3|127.525|127.525
4|107.655|107.655
5|92.0316|92.0316
6|77.8494|77.8494
7|64.8464|64.8464
8|53.1809|53.1809
9|46.2398|46.2398
10|37.6811|37.6811
11|34.5659|34.5659
12|31.5536|31.5536
13|28.6257|28.6257
14|26.4922|26.4922
15|24.7599|24.7599
16|23.8706|23.8706
17|23.176|23.176
18|22.6121|22.6121
19|22.1923|22.1923
20|21.8935|21.8935
21|21.7109|21.7109
22|21.534|21.534
23|21.3786|21.3786
24|21.2419|21.2419
25|21.1506|21.1506
26|21.069|21.069
27|20.9948|20.9948
28|20.9451|20.9451
29|20.9079|20.9079
30|20.8721|20.8721
31|20.8544|20.8544
32|20.8367|20.8367
33|20.8284|20.8284
34|20.8201|20.8201
35|20.813|20.813
36|20.8087|20.8087
37|20.8044|20.8044
38|20.8|20.8
39|20.7957|20.7957
40|20.7916|20.7916
41|20.7884|20.7884
42|20.786|20.786
43|20.7838|20.7838
44|20.7817|20.7817
45|20.7796|20.7796
46|20.7782|20.7782
47|20.7768|20.7768
48|20.7757|20.7757
49|20.7747|20.7747
50|20.7741|20.7741
51|20.7736|20.7736
52|20.7731|20.7731
53|20.7726|20.7726
54|20.7721|20.7721
55|20.7718|20.7718
56|20.7715|20.7715
57|20.7712|20.7712
58|20.771|20.771
59|20.7707|20.7707
60|20.7706|20.7706
61|20.7704|20.7704
62|20.7703|20.7703
63|20.7702|20.7702
64|20.7701|20.7701
65|20.7701|20.7701
66|20.77|20.77
67|20.77|20.77
68|20.77|20.77
69|20.77|20.77
70|20.77|20.77
71|20.77|20.77
72|20.77|20.77
73|20.77|20.77
74|20.77|20.77
75|20.77|20.77
76|20.77|20.77
77|20.77|20.77
78|20.77|20.77
79|20.77|20.77
80|20.77|20.77
81|20.77|20.77
82|20.77|20.77
83|20.77|20.77
84|20.77|20.77
85|20.77|20.77
86|20.77|20.77
87|20.77|20.77
88|20.77|20.77
89|20.77|20.77
90|20.77|20.77
91|20.77|20.77
92|20.77|20.77
93|20.77|20.77
94|20.77|20.77
95|20.77|20.77
96|20.77|20.77
97|20.77|20.77
98|20.77|20.77
99|20.77|20.77
100|20.77|20.77
101|20.77|20.77
102|20.77|20.77
103|20.77|20.77
104|20.77|20.77
105|20.77|20.77
106|20.77|20.77
107|20.77|20.77
108|20.77|20.77
109|20.77|20.77
110|20.77|20.77
111|20.77|20.77
112|20.77|20.77
113|20.77|20.77
114|20.77|20.77
115|20.77|20.77
116|20.77|20.77
117|20.77|20.77
118|20.77|20.77
119|20.77|20.77
120|20.77|20.77
121|20.77|20.77
122|20.77|20.77
123|20.77|20.77
124|20.77|20.77
125|20.77|20.77
126|20.77|20.77
127|20.77|20.77
128|20.77|20.77
129|20.77|20.77
130|20.77|20.77
131|20.77|20.77
132|20.77|20.77
133|20.77|20.77
134|20.77|20.77
135|20.77|20.77
136|20.77|20.77
137|20.77|20.77
138|20.77|20.77
139|20.77|20.77
140|20.77|20.77
141|20.77|20.77
142|20.77|20.77
143|20.77|20.77
144|20.77|20.77
145|20.77|20.77
146|20.77|20.77
147|20.77|20.77
148|20.77|20.77
149|20.77|20.77
150|20.77|20.77
151|20.77|20.77
152|20.77|20.77
153|20.77|20.77
154|20.77|20.77
155|20.77|20.77
156|20.77|20.77
157|20.77|20.77
158|20.77|20.77
159|20.77|20.77
160|20.77|20.77
161|20.77|20.77
162|20.77|20.77
163|20.77|20.77
164|20.77|20.77
165|20.77|20.77
166|20.77|20.77
167|20.77|20.77
168|20.77|20.77
169|20.77|20.77
170|20.77|20.77
171|20.77|20.77
172|20.77|20.77
173|20.77|20.77
174|20.77|20.77
175|20.77|20.77
176|20.77|20.77
177|20.77|20.77
178|20.77|20.77
179|20.77|20.77
180|20.77|20.77
181|20.77|20.77
182|20.77|20.77
183|20.77|20.77
184|20.77|20.77
185|20.77|20.77
186|20.77|20.77
187|20.77|20.77
188|20.77|20.77
189|20.77|20.77
190|20.77|20.77
191|20.77|20.77
192|20.77|20.77
193|20.77|20.77
194|20.77|20.77
195|20.77|20.77
196|20.77|20.77
197|20.77|20.77
198|20.77|20.77
199|20.77|20.77
200|20.77|20.77
201|20.77|20.77
202|20.77|20.77
203|20.77|20.77
204|20.77|20.77
205|20.77|20.77
206|20.77|20.77
207|20.77|20.77
208|20.77|20.77
209|20.77|20.77
210|20.77|20.77
211|20.77|20.77
212|20.77|20.77
213|20.77|20.77
214|20.77|20.77
215|20.77|20.77
216|20.77|20.77
217|20.77|20.77
218|20.77|20.77
219|20.77|20.77
EARLY STOP: TARGET FOUND
304713ms
