1|-1.40352|-1.40352
2|-1.84348|-1.84348
3|-2.08652|-2.08652
4|-2.26414|-2.26414
5|-2.35565|-2.35565
6|-2.41773|-2.41773
7|-3.13914|-3.13914
8|-3.19358|-3.19358
9|-3.23721|-3.23721
10|-3.24841|-3.24841
11|-3.25398|-3.25398
12|-3.25778|-3.25778
13|-3.26056|-3.26056
14|-3.26294|-3.26294
15|-3.26433|-3.26433
16|-3.2651|-3.2651
17|-3.26551|-3.26551
18|-3.2657|-3.2657
19|-4.19545|-4.19545
20|-4.21831|-4.21831
21|-4.22001|-4.22001
22|-4.22018|-4.22018
23|-4.22036|-4.22036
24|-4.22046|-4.22046
25|-4.22056|-4.22056
26|-4.22064|-4.22064
27|-4.22072|-4.22072
28|-4.22077|-4.22077
29|-4.22082|-4.22082
30|-4.22086|-4.22086
31|-4.22088|-4.22088
32|-4.2209|-4.2209
33|-4.22091|-4.22091
34|-4.22091|-4.22091
35|-4.22092|-4.22092
36|-4.22092|-4.22092
37|-4.22092|-4.22092
38|-4.22092|-4.22092
39|-4.22092|-4.22092
40|-4.22092|-4.22092
41|-4.22092|-4.22092
42|-4.22092|-4.22092
43|-4.22092|-4.22092
44|-4.22092|-4.22092
45|-4.22092|-4.22092
46|-4.22092|-4.22092
47|-4.22092|-4.22092
48|-4.22092|-4.22092
49|-4.22092|-4.22092
50|-4.22092|-4.22092
51|-4.22092|-4.22092
52|-4.22092|-4.22092
53|-4.22092|-4.22092
54|-4.22092|-4.22092
55|-4.22092|-4.22092
56|-4.22092|-4.22092
57|-4.22092|-4.22092
58|-4.22092|-4.22092
59|-4.22092|-4.22092
60|-4.22092|-4.22092
61|-4.22092|-4.22092
62|-4.22092|-4.22092
63|-4.22092|-4.22092
64|-4.22092|-4.22092
65|-4.22092|-4.22092
66|-4.22092|-4.22092
67|-4.22092|-4.22092
68|-4.22092|-4.22092
69|-4.22092|-4.22092
70|-4.22092|-4.22092
71|-4.22092|-4.22092
72|-4.22092|-4.22092
73|-4.22092|-4.22092
74|-4.22092|-4.22092
75|-4.22092|-4.22092
76|-4.22092|-4.22092
77|-4.22092|-4.22092
78|-4.22092|-4.22092
79|-4.22092|-4.22092
80|-4.22092|-4.22092
81|-4.22092|-4.22092
82|-4.22092|-4.22092
83|-4.22092|-4.22092
84|-4.22092|-4.22092
85|-4.22092|-4.22092
86|-4.22092|-4.22092
87|-4.22092|-4.22092
88|-4.22092|-4.22092
89|-4.22092|-4.22092
90|-4.22092|-4.22092
91|-4.22092|-4.22092
92|-4.22092|-4.22092
93|-4.22092|-4.22092
94|-4.22092|-4.22092
95|-4.22092|-4.22092
96|-4.22092|-4.22092
97|-4.22092|-4.22092
98|-4.22092|-4.22092
99|-4.22092|-4.22092
100|-4.22092|-4.22092
101|-4.22092|-4.22092
102|-4.22092|-4.22092
103|-4.22092|-4.22092
104|-4.22092|-4.22092
105|-4.22092|-4.22092
106|-4.22092|-4.22092
107|-4.22092|-4.22092
108|-4.22092|-4.22092
109|-4.22092|-4.22092
110|-4.22092|-4.22092
111|-4.22092|-4.22092
112|-4.22092|-4.22092
113|-4.22092|-4.22092
114|-4.22092|-4.22092
115|-4.22092|-4.22092
116|-4.22092|-4.22092
117|-4.22092|-4.22092
118|-4.22092|-4.22092
119|-4.22092|-4.22092
120|-4.22092|-4.22092
121|-4.22092|-4.22092
122|-4.22092|-4.22092
123|-4.22092|-4.22092
124|-4.22092|-4.22092
125|-4.22092|-4.22092
126|-4.22092|-4.22092
127|-4.22092|-4.22092
128|-4.22092|-4.22092
129|-4.22092|-4.22092
130|-4.22092|-4.22092
131|-4.22092|-4.22092
132|-4.22092|-4.22092
133|-4.22092|-4.22092
134|-4.22092|-4.22092
135|-4.22092|-4.22092
136|-4.22092|-4.22092
137|-4.22092|-4.22092
138|-4.22092|-4.22092
139|-4.22092|-4.22092
140|-4.22092|-4.22092
141|-4.22092|-4.22092
142|-4.22092|-4.22092
143|-4.22092|-4.22092
144|-4.22092|-4.22092
145|-4.22092|-4.22092
146|-4.22092|-4.22092
147|-4.22092|-4.22092
148|-4.22092|-4.22092
149|-4.22092|-4.22092
150|-4.22092|-4.22092
151|-4.22092|-4.22092
152|-4.22092|-4.22092
153|-4.22092|-4.22092
154|-4.22092|-4.22092
155|-4.22092|-4.22092
156|-4.22092|-4.22092
157|-4.22092|-4.22092
158|-4.22092|-4.22092
159|-4.22092|-4.22092
160|-4.22092|-4.22092
161|-4.22092|-4.22092
162|-4.22092|-4.22092
163|-4.22092|-4.22092
164|-4.22092|-4.22092
165|-4.22092|-4.22092
166|-4.22092|-4.22092
167|-4.22092|-4.22092
168|-4.22092|-4.22092
169|-4.22092|-4.22092
170|-4.22092|-4.22092
171|-4.22092|-4.22092
172|-4.22092|-4.22092
173|-4.22092|-4.22092
174|-4.22092|-4.22092
175|-4.22092|-4.22092
176|-4.22092|-4.22092
177|-4.22092|-4.22092
178|-4.22092|-4.22092
179|-4.22092|-4.22092
180|-4.22092|-4.22092
181|-4.22092|-4.22092
182|-4.22092|-4.22092
183|-4.22092|-4.22092
184|-4.22092|-4.22092
185|-4.22092|-4.22092
186|-4.22092|-4.22092
EARLY STOP: TARGET FOUND
71987ms
