1|64.1047|64.1047
2|48.2283|48.2283
3|36.4786|36.4786
4|26.2133|26.2133
5|17.4983|17.4983
6|10.2575|10.2575
7|6.31392|6.31392
8|4.35161|4.35161
9|3.46218|3.46218
10|2.57952|2.57952
11|1.83652|1.83652
12|1.21324|1.21324
13|0.69492|0.69492
14|0.527148|0.527148
15|0.389632|0.389632
16|0.255504|0.255504
17|0.191212|0.191212
18|0.133463|0.133463
19|0.105643|0.105643
20|0.0873887|0.0873887
21|0.0723144|0.0723144
22|0.0584699|0.0584699
23|0.0455237|0.0455237
24|0.0355807|0.0355807
25|0.0259065|0.0259065
26|0.0187166|0.0187166
27|0.0143897|0.0143897
28|0.0116002|0.0116002
29|0.00886312|0.00886312
EARLY STOP: TARGET FOUND
41020ms
