1|-2.61179|-2.61179
2|-3.55815|-3.55815
3|-4.4814|-4.4814
4|-5.35494|-5.35494
5|-6.20256|-6.20256
6|-7.043|-7.043
7|-7.85743|-7.85743
8|-8.65847|-8.65847
9|-9.45038|-9.45038
10|-10.2401|-10.2401
11|-11.0135|-11.0135
12|-11.7765|-11.7765
13|-12.4736|-12.4736
14|-13.1212|-13.1212
15|-13.6106|-13.6106
16|-14.0934|-14.0934
17|-14.5264|-14.5264
18|-14.9578|-14.9578
19|-15.3208|-15.3208
20|-15.681|-15.681
21|-16.0083|-16.0083
22|-16.3093|-16.3093
23|-16.9843|-16.9843
24|-17.2847|-17.2847
25|-17.5661|-17.5661
26|-17.8322|-17.8322
27|-18.2957|-18.2957
28|-18.524|-18.524
29|-18.7332|-18.7332
30|-18.9346|-18.9346
31|-19.1177|-19.1177
32|-19.2989|-19.2989
33|-19.4317|-19.4317
34|-19.5618|-19.5618
35|-19.6832|-19.6832
36|-20.4804|-20.4804
37|-20.5941|-20.5941
38|-20.6787|-20.6787
39|-20.7624|-20.7624
40|-20.8439|-20.8439
41|-20.9236|-20.9236
42|-21.0027|-21.0027
43|-21.0777|-21.0777
44|-21.4498|-21.4498
45|-21.5236|-21.5236
46|-21.5946|-21.5946
47|-21.6792|-21.6792
48|-21.7453|-21.7453
49|-21.8077|-21.8077
50|-21.8684|-21.8684
51|-21.9234|-21.9234
52|-21.97|-21.97
53|-22.4567|-22.4567
54|-22.6129|-22.6129
55|-22.6584|-22.6584
56|-22.6947|-22.6947
57|-22.7309|-22.7309
58|-22.7638|-22.7638
59|-22.7951|-22.7951
60|-22.8262|-22.8262
61|-22.8571|-22.8571
62|-22.8868|-22.8868
63|-22.9162|-22.9162
64|-22.9456|-22.9456
65|-22.9679|-22.9679
66|-22.9894|-22.9894
67|-23.0099|-23.0099
68|-23.03|-23.03
69|-23.0479|-23.0479
70|-23.0641|-23.0641
71|-23.0793|-23.0793
72|-23.0935|-23.0935
73|-23.1057|-23.1057
74|-23.1153|-23.1153
75|-23.1248|-23.1248
76|-23.1334|-23.1334
77|-23.1414|-23.1414
78|-23.1493|-23.1493
79|-23.1566|-23.1566
80|-23.1628|-23.1628
81|-23.1682|-23.1682
82|-23.1734|-23.1734
83|-23.1786|-23.1786
84|-23.1826|-23.1826
85|-23.1863|-23.1863
86|-23.1898|-23.1898
87|-23.1932|-23.1932
88|-23.1965|-23.1965
89|-23.1997|-23.1997
90|-23.2026|-23.2026
91|-23.2054|-23.2054
92|-23.208|-23.208
93|-23.2104|-23.2104
94|-23.2127|-23.2127
95|-23.2146|-23.2146
96|-23.2165|-23.2165
97|-23.2183|-23.2183
98|-23.2201|-23.2201
99|-23.2218|-23.2218
100|-23.2234|-23.2234
101|-23.2248|-23.2248
102|-23.2261|-23.2261
103|-23.2273|-23.2273
104|-23.2285|-23.2285
105|-23.2295|-23.2295
106|-23.2304|-23.2304
107|-23.2313|-23.2313
108|-23.2321|-23.2321
109|-23.2329|-23.2329
110|-23.2337|-23.2337
111|-23.2344|-23.2344
112|-23.235|-23.235
113|-23.2356|-23.2356
114|-23.2361|-23.2361
115|-23.2365|-23.2365
116|-23.2369|-23.2369
117|-23.2373|-23.2373
118|-23.2377|-23.2377
119|-23.2381|-23.2381
120|-23.2384|-23.2384
121|-23.2387|-23.2387
122|-23.2389|-23.2389
123|-23.2392|-23.2392
124|-23.2394|-23.2394
125|-23.2397|-23.2397
126|-23.2399|-23.2399
127|-23.2401|-23.2401
128|-23.2403|-23.2403
129|-23.2405|-23.2405
130|-23.2407|-23.2407
131|-23.2408|-23.2408
132|-23.241|-23.241
133|-23.2411|-23.2411
134|-23.2413|-23.2413
135|-23.2414|-23.2414
136|-23.2415|-23.2415
137|-23.2416|-23.2416
138|-23.2417|-23.2417
139|-23.2418|-23.2418
140|-23.2418|-23.2418
141|-23.2419|-23.2419
142|-23.242|-23.242
143|-23.2421|-23.2421
144|-23.2422|-23.2422
145|-23.2422|-23.2422
146|-23.2423|-23.2423
147|-23.2424|-23.2424
148|-23.2424|-23.2424
149|-23.2425|-23.2425
150|-23.2425|-23.2425
151|-23.2426|-23.2426
152|-23.2426|-23.2426
153|-23.2427|-23.2427
154|-23.2427|-23.2427
155|-23.2427|-23.2427
156|-23.2427|-23.2427
157|-23.2428|-23.2428
158|-23.2428|-23.2428
159|-23.2428|-23.2428
160|-23.2428|-23.2428
161|-23.2429|-23.2429
162|-23.2429|-23.2429
163|-23.2429|-23.2429
164|-23.2429|-23.2429
165|-23.2429|-23.2429
166|-23.2429|-23.2429
167|-23.2429|-23.2429
168|-23.2429|-23.2429
169|-23.243|-23.243
170|-23.243|-23.243
171|-23.243|-23.243
172|-23.243|-23.243
173|-23.243|-23.243
174|-23.243|-23.243
175|-23.243|-23.243
176|-23.243|-23.243
177|-23.243|-23.243
178|-23.243|-23.243
179|-23.243|-23.243
180|-23.243|-23.243
181|-23.243|-23.243
182|-23.243|-23.243
183|-23.243|-23.243
184|-23.243|-23.243
185|-23.243|-23.243
186|-23.243|-23.243
187|-23.243|-23.243
188|-23.243|-23.243
189|-23.243|-23.243
190|-23.243|-23.243
191|-23.243|-23.243
192|-23.243|-23.243
193|-23.243|-23.243
194|-23.243|-23.243
195|-23.243|-23.243
196|-23.243|-23.243
197|-23.243|-23.243
198|-23.243|-23.243
199|-23.243|-23.243
200|-23.243|-23.243
201|-23.243|-23.243
202|-23.243|-23.243
203|-23.243|-23.243
204|-23.243|-23.243
205|-23.243|-23.243
206|-23.243|-23.243
207|-23.243|-23.243
208|-23.243|-23.243
209|-23.243|-23.243
210|-23.243|-23.243
211|-23.243|-23.243
212|-23.243|-23.243
213|-23.243|-23.243
214|-23.243|-23.243
215|-23.243|-23.243
216|-23.243|-23.243
217|-23.243|-23.243
218|-23.243|-23.243
219|-23.243|-23.243
220|-23.243|-23.243
221|-23.243|-23.243
222|-23.243|-23.243
223|-23.243|-23.243
224|-23.243|-23.243
225|-23.243|-23.243
226|-23.243|-23.243
227|-23.243|-23.243
228|-23.243|-23.243
229|-23.243|-23.243
230|-23.243|-23.243
231|-23.243|-23.243
232|-23.243|-23.243
233|-23.243|-23.243
234|-23.243|-23.243
235|-23.243|-23.243
236|-23.243|-23.243
237|-23.243|-23.243
238|-23.243|-23.243
239|-23.243|-23.243
240|-23.243|-23.243
241|-23.243|-23.243
242|-23.243|-23.243
243|-23.243|-23.243
244|-23.243|-23.243
245|-23.243|-23.243
246|-23.243|-23.243
247|-23.243|-23.243
248|-23.243|-23.243
249|-23.243|-23.243
250|-23.243|-23.243
251|-23.243|-23.243
252|-23.243|-23.243
253|-23.243|-23.243
254|-23.243|-23.243
255|-23.243|-23.243
256|-23.243|-23.243
257|-23.243|-23.243
258|-23.243|-23.243
259|-23.243|-23.243
260|-23.243|-23.243
261|-23.243|-23.243
262|-23.243|-23.243
263|-23.243|-23.243
264|-23.243|-23.243
265|-23.243|-23.243
266|-23.243|-23.243
267|-23.243|-23.243
268|-23.243|-23.243
269|-23.243|-23.243
270|-23.243|-23.243
271|-23.243|-23.243
272|-23.243|-23.243
273|-23.243|-23.243
274|-23.243|-23.243
275|-23.243|-23.243
276|-23.243|-23.243
277|-23.243|-23.243
278|-23.243|-23.243
279|-23.243|-23.243
280|-23.243|-23.243
281|-23.243|-23.243
282|-23.243|-23.243
283|-23.243|-23.243
284|-23.243|-23.243
285|-23.243|-23.243
286|-23.243|-23.243
287|-23.243|-23.243
288|-23.243|-23.243
289|-23.243|-23.243
290|-23.243|-23.243
291|-23.243|-23.243
292|-23.243|-23.243
293|-23.243|-23.243
294|-23.243|-23.243
295|-23.243|-23.243
296|-23.243|-23.243
297|-23.243|-23.243
298|-23.243|-23.243
299|-23.243|-23.243
300|-23.243|-23.243
301|-23.243|-23.243
302|-23.243|-23.243
303|-23.243|-23.243
304|-23.243|-23.243
305|-23.243|-23.243
306|-23.243|-23.243
307|-23.243|-23.243
308|-23.243|-23.243
309|-23.243|-23.243
310|-23.243|-23.243
311|-23.243|-23.243
312|-23.243|-23.243
313|-23.243|-23.243
314|-23.243|-23.243
315|-23.243|-23.243
316|-23.243|-23.243
317|-23.243|-23.243
318|-23.243|-23.243
319|-23.243|-23.243
320|-23.243|-23.243
321|-23.243|-23.243
322|-23.243|-23.243
323|-23.243|-23.243
324|-23.243|-23.243
325|-23.243|-23.243
326|-23.243|-23.243
327|-23.243|-23.243
328|-23.243|-23.243
329|-23.243|-23.243
330|-23.243|-23.243
331|-23.243|-23.243
EARLY STOP: TARGET FOUND
3809001ms
