1|178.846|178.846
2|150.979|150.979
3|124.836|124.836
4|102.913|102.913
5|84.6255|84.6255
6|67.7596|67.7596
7|54.538|54.538
8|42.6052|42.6052
9|30.8373|30.8373
10|22.4015|22.4015
11|16.6474|16.6474
12|15.0274|15.0274
13|13.5445|13.5445
14|12.2287|12.2287
15|11.3126|11.3126
16|10.488|10.488
17|9.85982|9.85982
18|9.38172|9.38172
19|9.19056|9.19056
20|8.97038|8.97038
21|8.78813|8.78813
22|8.60886|8.60886
23|8.53973|8.53973
24|8.48103|8.48103
25|8.42348|8.42348
26|8.38593|8.38593
27|8.35218|8.35218
28|8.32021|8.32021
29|8.28975|8.28975
30|8.26839|8.26839
31|8.25051|8.25051
32|8.23383|8.23383
33|8.2199|8.2199
34|8.20913|8.20913
35|8.20042|8.20042
36|8.19194|8.19194
37|8.18366|8.18366
38|8.18035|8.18035
39|8.1771|8.1771
40|8.17494|8.17494
41|8.17287|8.17287
42|8.17107|8.17107
43|8.16942|8.16942
44|8.16799|8.16799
45|8.16658|8.16658
46|8.16516|8.16516
47|8.16408|8.16408
48|8.16321|8.16321
49|8.16252|8.16252
50|8.16186|8.16186
51|8.16121|8.16121
52|8.16067|8.16067
53|8.16041|8.16041
54|8.16015|8.16015
55|8.15994|8.15994
56|8.15981|8.15981
57|8.15969|8.15969
58|8.15961|8.15961
59|8.15954|8.15954
60|8.15949|8.15949
61|8.15945|8.15945
62|8.1594|8.1594
63|8.15937|8.15937
64|8.15934|8.15934
65|8.15932|8.15932
66|8.1593|8.1593
67|8.15928|8.15928
68|8.15927|8.15927
69|8.15927|8.15927
70|8.15927|8.15927
71|8.15926|8.15926
72|8.15926|8.15926
73|8.15926|8.15926
74|8.15926|8.15926
75|8.15926|8.15926
76|8.15926|8.15926
77|8.15926|8.15926
78|8.15926|8.15926
79|8.15926|8.15926
80|8.15926|8.15926
81|8.15926|8.15926
82|8.15926|8.15926
83|8.15926|8.15926
84|8.15926|8.15926
85|8.15926|8.15926
86|8.15926|8.15926
87|8.15926|8.15926
88|8.15926|8.15926
89|8.15926|8.15926
90|8.15926|8.15926
91|8.15926|8.15926
92|8.15926|8.15926
93|8.15926|8.15926
94|8.15926|8.15926
95|8.15926|8.15926
96|8.15926|8.15926
97|8.15926|8.15926
98|8.15926|8.15926
99|8.15926|8.15926
100|8.15926|8.15926
101|8.15926|8.15926
102|8.15926|8.15926
103|8.15926|8.15926
104|8.15926|8.15926
105|8.15926|8.15926
106|8.15926|8.15926
107|8.15926|8.15926
108|8.15926|8.15926
109|8.15926|8.15926
110|8.15926|8.15926
111|8.15926|8.15926
112|8.15926|8.15926
113|8.15926|8.15926
114|8.15926|8.15926
115|8.15926|8.15926
116|8.15926|8.15926
117|8.15926|8.15926
118|8.15926|8.15926
119|8.15926|8.15926
120|8.15926|8.15926
121|8.15926|8.15926
122|8.15926|8.15926
123|8.15926|8.15926
124|8.15926|8.15926
125|8.15926|8.15926
126|8.15926|8.15926
127|8.15926|8.15926
128|8.15926|8.15926
129|8.15926|8.15926
130|8.15926|8.15926
131|8.15926|8.15926
132|8.15926|8.15926
133|8.15926|8.15926
134|8.15926|8.15926
135|8.15926|8.15926
136|8.15926|8.15926
137|8.15926|8.15926
138|8.15926|8.15926
139|8.15926|8.15926
140|8.15926|8.15926
141|8.15926|8.15926
142|8.15926|8.15926
143|8.15926|8.15926
144|8.15926|8.15926
145|8.15926|8.15926
146|8.15926|8.15926
147|8.15926|8.15926
148|8.15926|8.15926
149|8.15926|8.15926
150|8.15926|8.15926
151|8.15926|8.15926
152|8.15926|8.15926
153|8.15926|8.15926
154|8.15926|8.15926
155|8.15926|8.15926
156|8.15926|8.15926
157|8.15926|8.15926
158|8.15926|8.15926
159|8.15926|8.15926
160|8.15926|8.15926
161|8.15926|8.15926
162|8.15926|8.15926
163|8.15926|8.15926
164|8.15926|8.15926
165|8.15926|8.15926
166|8.15926|8.15926
167|8.15926|8.15926
168|8.15926|8.15926
169|8.15926|8.15926
170|8.15926|8.15926
171|8.15926|8.15926
172|8.15926|8.15926
173|8.15926|8.15926
174|8.15926|8.15926
175|8.15926|8.15926
176|8.15926|8.15926
177|8.15926|8.15926
178|8.15926|8.15926
179|8.15926|8.15926
180|8.15926|8.15926
181|8.15926|8.15926
182|8.15926|8.15926
183|8.15926|8.15926
184|8.15926|8.15926
185|8.15926|8.15926
186|8.15926|8.15926
187|8.15926|8.15926
188|8.15926|8.15926
189|8.15926|8.15926
190|8.15926|8.15926
191|8.15926|8.15926
192|8.15926|8.15926
193|8.15926|8.15926
194|8.15926|8.15926
195|8.15926|8.15926
196|8.15926|8.15926
197|8.15926|8.15926
198|8.15926|8.15926
199|8.15926|8.15926
200|8.15926|8.15926
201|8.15926|8.15926
202|8.15926|8.15926
203|8.15926|8.15926
204|8.15926|8.15926
205|8.15926|8.15926
206|8.15926|8.15926
207|8.15926|8.15926
208|8.15926|8.15926
209|8.15926|8.15926
210|8.15926|8.15926
211|8.15926|8.15926
212|8.15926|8.15926
213|8.15926|8.15926
214|8.15926|8.15926
215|8.15926|8.15926
216|8.15926|8.15926
217|8.15926|8.15926
218|8.15926|8.15926
219|8.15926|8.15926
220|8.15926|8.15926
221|8.15926|8.15926
EARLY STOP: TARGET FOUND
308678ms
