1|-2823.93|-2823.93
2|-3438.29|-3438.29
3|-3970.96|-3970.96
4|-4473.02|-4473.02
5|-4943.64|-4943.64
6|-5395|-5395
7|-5809.06|-5809.06
8|-6185.69|-6185.69
9|-6561.79|-6561.79
10|-6864.25|-6864.25
11|-7076.64|-7076.64
12|-7273.71|-7273.71
13|-7459.49|-7459.49
14|-7747.93|-7747.93
15|-7918.88|-7918.88
16|-8081.99|-8081.99
17|-8240.98|-8240.98
18|-8399.28|-8399.28
19|-8548.82|-8548.82
20|-8695.47|-8695.47
21|-8806.98|-8806.98
22|-8901.49|-8901.49
23|-9149.97|-9149.97
24|-9237.5|-9237.5
25|-9323.7|-9323.7
26|-9409.52|-9409.52
27|-9491.45|-9491.45
28|-9573.02|-9573.02
29|-9645.53|-9645.53
30|-9716.33|-9716.33
31|-9784.34|-9784.34
32|-9842.23|-9842.23
33|-9892.15|-9892.15
34|-9936.26|-9936.26
35|-9979.17|-9979.17
36|-10009.3|-10009.3
37|-10034.7|-10034.7
38|-10059.5|-10059.5
39|-10083.3|-10083.3
40|-10104.5|-10104.5
41|-10125.7|-10125.7
42|-10146.4|-10146.4
43|-10166.4|-10166.4
44|-10184.1|-10184.1
45|-10197.6|-10197.6
46|-10210.9|-10210.9
47|-10224.2|-10224.2
48|-10236.7|-10236.7
49|-10260.8|-10260.8
50|-10271.3|-10271.3
51|-10281.5|-10281.5
52|-10334.7|-10334.7
53|-10344.2|-10344.2
54|-10353.2|-10353.2
55|-10362.1|-10362.1
56|-10370.9|-10370.9
57|-10379.6|-10379.6
58|-10388.2|-10388.2
59|-10394.1|-10394.1
60|-10399.4|-10399.4
61|-10404.5|-10404.5
62|-10408.6|-10408.6
63|-10412.5|-10412.5
64|-10415.5|-10415.5
65|-10418.5|-10418.5
66|-10421.3|-10421.3
67|-10424|-10424
68|-10426.6|-10426.6
69|-10429.3|-10429.3
70|-10431.8|-10431.8
71|-10433.9|-10433.9
72|-10436|-10436
73|-10438|-10438
74|-10439.7|-10439.7
75|-10441.2|-10441.2
76|-10442.5|-10442.5
77|-10443.8|-10443.8
78|-10445.2|-10445.2
79|-10446.5|-10446.5
80|-10447.8|-10447.8
81|-10448.8|-10448.8
82|-10449.8|-10449.8
83|-10450.7|-10450.7
84|-10451.4|-10451.4
85|-10452.1|-10452.1
86|-10452.7|-10452.7
87|-10453.3|-10453.3
88|-10454|-10454
89|-10454.5|-10454.5
90|-10455|-10455
91|-10455.5|-10455.5
92|-10455.9|-10455.9
93|-10456.3|-10456.3
94|-10456.6|-10456.6
95|-10457|-10457
96|-10457.3|-10457.3
97|-10457.6|-10457.6
98|-10457.9|-10457.9
99|-10458.2|-10458.2
100|-10458.4|-10458.4
101|-10458.7|-10458.7
102|-10458.9|-10458.9
103|-10459.1|-10459.1
104|-10459.3|-10459.3
105|-10459.4|-10459.4
106|-10459.6|-10459.6
107|-10459.8|-10459.8
108|-10459.9|-10459.9
109|-10460.1|-10460.1
110|-10460.2|-10460.2
111|-10460.3|-10460.3
112|-10460.5|-10460.5
113|-10460.6|-10460.6
114|-10460.7|-10460.7
115|-10460.8|-10460.8
116|-10460.9|-10460.9
117|-10461|-10461
118|-10461.1|-10461.1
119|-10461.2|-10461.2
120|-10461.3|-10461.3
121|-10461.3|-10461.3
122|-10461.4|-10461.4
123|-10461.5|-10461.5
124|-10461.5|-10461.5
125|-10461.6|-10461.6
126|-10461.7|-10461.7
127|-10461.8|-10461.8
128|-10461.8|-10461.8
129|-10461.8|-10461.8
130|-10461.9|-10461.9
131|-10461.9|-10461.9
132|-10462|-10462
133|-10462|-10462
134|-10462.1|-10462.1
135|-10462.1|-10462.1
136|-10462.1|-10462.1
137|-10462.2|-10462.2
138|-10462.2|-10462.2
139|-10462.2|-10462.2
140|-10462.2|-10462.2
141|-10462.3|-10462.3
142|-10462.3|-10462.3
143|-10462.3|-10462.3
144|-10462.3|-10462.3
145|-10462.3|-10462.3
146|-10462.3|-10462.3
147|-10462.4|-10462.4
148|-10462.4|-10462.4
149|-10462.4|-10462.4
150|-10462.4|-10462.4
151|-10462.4|-10462.4
152|-10462.4|-10462.4
153|-10462.4|-10462.4
154|-10462.4|-10462.4
155|-10462.4|-10462.4
156|-10462.5|-10462.5
157|-10462.5|-10462.5
158|-10462.5|-10462.5
159|-10462.5|-10462.5
160|-10462.5|-10462.5
161|-10462.5|-10462.5
162|-10462.5|-10462.5
163|-10462.5|-10462.5
164|-10462.5|-10462.5
165|-10462.5|-10462.5
166|-10462.5|-10462.5
167|-10462.5|-10462.5
168|-10462.5|-10462.5
169|-10462.5|-10462.5
170|-10462.5|-10462.5
171|-10462.5|-10462.5
172|-10462.5|-10462.5
173|-10462.5|-10462.5
174|-10462.5|-10462.5
175|-10462.6|-10462.6
176|-10462.6|-10462.6
177|-10462.6|-10462.6
178|-10462.6|-10462.6
179|-10462.6|-10462.6
180|-10462.6|-10462.6
181|-10462.6|-10462.6
182|-10462.6|-10462.6
183|-10462.6|-10462.6
184|-10462.6|-10462.6
185|-10462.6|-10462.6
186|-10462.6|-10462.6
187|-10462.6|-10462.6
188|-10462.6|-10462.6
189|-10462.6|-10462.6
190|-10462.6|-10462.6
191|-10462.6|-10462.6
192|-10462.6|-10462.6
193|-10462.6|-10462.6
194|-10462.6|-10462.6
195|-10462.6|-10462.6
196|-10462.6|-10462.6
197|-10462.6|-10462.6
198|-10462.6|-10462.6
199|-10462.6|-10462.6
200|-10462.6|-10462.6
201|-10462.6|-10462.6
202|-10462.6|-10462.6
203|-10462.6|-10462.6
204|-10462.6|-10462.6
205|-10462.6|-10462.6
206|-10462.6|-10462.6
207|-10462.6|-10462.6
208|-10462.6|-10462.6
209|-10462.6|-10462.6
210|-10462.6|-10462.6
211|-10462.6|-10462.6
212|-10462.6|-10462.6
213|-10462.6|-10462.6
214|-10462.6|-10462.6
215|-10462.6|-10462.6
216|-10462.6|-10462.6
217|-10462.6|-10462.6
218|-10462.6|-10462.6
219|-10462.6|-10462.6
220|-10462.6|-10462.6
221|-10462.6|-10462.6
222|-10462.6|-10462.6
223|-10462.6|-10462.6
224|-10462.6|-10462.6
225|-10462.6|-10462.6
226|-10462.6|-10462.6
227|-10462.6|-10462.6
228|-10462.6|-10462.6
229|-10462.6|-10462.6
230|-10462.6|-10462.6
231|-10462.6|-10462.6
232|-10462.6|-10462.6
233|-10462.6|-10462.6
234|-10462.6|-10462.6
235|-10462.6|-10462.6
236|-10462.6|-10462.6
237|-10462.6|-10462.6
238|-10462.6|-10462.6
239|-10462.6|-10462.6
240|-10462.6|-10462.6
241|-10462.6|-10462.6
242|-10462.6|-10462.6
243|-10462.6|-10462.6
244|-10462.6|-10462.6
245|-10462.6|-10462.6
246|-10462.6|-10462.6
247|-10462.6|-10462.6
248|-10462.6|-10462.6
249|-10462.6|-10462.6
250|-10462.6|-10462.6
251|-10462.6|-10462.6
252|-10462.6|-10462.6
253|-10462.6|-10462.6
254|-10462.6|-10462.6
255|-10462.6|-10462.6
256|-10462.6|-10462.6
257|-10462.6|-10462.6
258|-10462.6|-10462.6
259|-10462.6|-10462.6
260|-10462.6|-10462.6
261|-10462.6|-10462.6
262|-10462.6|-10462.6
263|-10462.6|-10462.6
264|-10462.6|-10462.6
265|-10462.6|-10462.6
266|-10462.6|-10462.6
267|-10462.6|-10462.6
268|-10462.6|-10462.6
269|-10462.6|-10462.6
270|-10462.6|-10462.6
271|-10462.6|-10462.6
272|-10462.6|-10462.6
273|-10462.6|-10462.6
274|-10462.6|-10462.6
275|-10462.6|-10462.6
276|-10462.6|-10462.6
277|-10462.6|-10462.6
278|-10462.6|-10462.6
279|-10462.6|-10462.6
280|-10462.6|-10462.6
281|-10462.6|-10462.6
282|-10462.6|-10462.6
283|-10462.6|-10462.6
284|-10462.6|-10462.6
285|-10462.6|-10462.6
286|-10462.6|-10462.6
287|-10462.6|-10462.6
288|-10462.6|-10462.6
289|-10462.6|-10462.6
290|-10462.6|-10462.6
291|-10462.6|-10462.6
292|-10462.6|-10462.6
293|-10462.6|-10462.6
294|-10462.6|-10462.6
295|-10462.6|-10462.6
296|-10462.6|-10462.6
297|-10462.6|-10462.6
298|-10462.6|-10462.6
299|-10462.6|-10462.6
300|-10462.6|-10462.6
301|-10462.6|-10462.6
302|-10462.6|-10462.6
303|-10462.6|-10462.6
304|-10462.6|-10462.6
305|-10462.6|-10462.6
306|-10462.6|-10462.6
307|-10462.6|-10462.6
308|-10462.6|-10462.6
309|-10462.6|-10462.6
310|-10462.6|-10462.6
311|-10462.6|-10462.6
312|-10462.6|-10462.6
313|-10462.6|-10462.6
314|-10462.6|-10462.6
315|-10462.6|-10462.6
316|-10462.6|-10462.6
317|-10462.6|-10462.6
318|-10462.6|-10462.6
319|-10462.6|-10462.6
320|-10462.6|-10462.6
321|-10462.6|-10462.6
322|-10462.6|-10462.6
323|-10462.6|-10462.6
324|-10462.6|-10462.6
325|-10462.6|-10462.6
326|-10462.6|-10462.6
327|-10462.6|-10462.6
328|-10462.6|-10462.6
329|-10462.6|-10462.6
330|-10462.6|-10462.6
331|-10462.6|-10462.6
332|-10462.6|-10462.6
333|-10462.6|-10462.6
334|-10462.6|-10462.6
335|-10462.6|-10462.6
336|-10462.6|-10462.6
337|-10462.6|-10462.6
338|-10462.6|-10462.6
339|-10462.6|-10462.6
340|-10462.6|-10462.6
341|-10462.6|-10462.6
342|-10462.6|-10462.6
343|-10462.6|-10462.6
344|-10462.6|-10462.6
345|-10462.6|-10462.6
EARLY STOP: TARGET FOUND
5742988ms
