1|259.192|259.192
2|235.171|235.171
3|211.661|211.661
4|190.486|190.486
5|171|171
6|152.501|152.501
7|134.963|134.963
8|118.824|118.824
9|105.044|105.044
10|92.5932|92.5932
11|81.0309|81.0309
12|69.5399|69.5399
13|60.0288|60.0288
14|50.8536|50.8536
15|45.9404|45.9404
16|41.5615|41.5615
17|37.189|37.189
18|32.8359|32.8359
19|28.6097|28.6097
20|24.7884|24.7884
21|21.8137|21.8137
22|19.6302|19.6302
23|17.8688|17.8688
24|16.641|16.641
25|15.4964|15.4964
26|14.4317|14.4317
27|13.4195|13.4195
28|12.4588|12.4588
29|11.5014|11.5014
30|10.5536|10.5536
31|9.66932|9.66932
32|8.81943|8.81943
33|7.97685|7.97685
34|7.15211|7.15211
35|6.47029|6.47029
36|5.79539|5.79539
37|5.23941|5.23941
38|4.68453|4.68453
39|4.25301|4.25301
40|3.9463|3.9463
41|3.67902|3.67902
42|3.41389|3.41389
43|3.17774|3.17774
44|2.94605|2.94605
45|2.72075|2.72075
46|2.49561|2.49561
47|2.28306|2.28306
48|2.08416|2.08416
49|1.90162|1.90162
50|1.72849|1.72849
51|1.55698|1.55698
52|1.39031|1.39031
53|1.25535|1.25535
54|1.13761|1.13761
55|1.02352|1.02352
56|0.918349|0.918349
57|0.841797|0.841797
58|0.77462|0.77462
59|0.7157|0.7157
60|0.658858|0.658858
61|0.603093|0.603093
62|0.560164|0.560164
63|0.517634|0.517634
64|0.475179|0.475179
65|0.433902|0.433902
66|0.393179|0.393179
67|0.354134|0.354134
68|0.318285|0.318285
69|0.282515|0.282515
70|0.251922|0.251922
71|0.222449|0.222449
72|0.203373|0.203373
73|0.185647|0.185647
74|0.168961|0.168961
75|0.154572|0.154572
76|0.140939|0.140939
77|0.129041|0.129041
78|0.117281|0.117281
79|0.105999|0.105999
80|0.0951213|0.0951213
81|0.0848612|0.0848612
82|0.0751916|0.0751916
83|0.0659705|0.0659705
84|0.0572884|0.0572884
85|0.0490642|0.0490642
86|0.0443263|0.0443263
87|0.0402634|0.0402634
88|0.0367201|0.0367201
89|0.0339876|0.0339876
90|0.0313552|0.0313552
91|0.0287415|0.0287415
92|0.0262724|0.0262724
93|0.0238782|0.0238782
94|0.0215591|0.0215591
95|0.0193157|0.0193157
96|0.0171349|0.0171349
97|0.0151181|0.0151181
98|0.0133567|0.0133567
99|0.0121878|0.0121878
100|0.0112134|0.0112134
101|0.0102733|0.0102733
102|0.00939227|0.00939227
EARLY STOP: TARGET FOUND
1159408ms
