1|-1.57888|-1.57888
2|-1.62394|-1.62394
3|-1.6446|-1.6446
4|-2.08707|-2.08707
5|-2.2018|-2.2018
6|-2.21593|-2.21593
7|-2.24314|-2.24314
8|-2.28262|-2.28262
9|-2.79853|-2.79853
10|-3.16752|-3.16752
11|-3.18792|-3.18792
12|-3.20165|-3.20165
13|-3.2092|-3.2092
14|-3.78476|-3.78476
15|-3.92931|-3.92931
16|-3.98837|-3.98837
17|-4.00242|-4.00242
18|-4.00919|-4.00919
19|-4.01256|-4.01256
20|-4.01533|-4.01533
21|-4.01701|-4.01701
22|-4.01785|-4.01785
23|-4.01838|-4.01838
24|-4.01873|-4.01873
25|-4.01901|-4.01901
26|-4.01922|-4.01922
27|-4.01939|-4.01939
28|-4.01948|-4.01948
29|-4.01954|-4.01954
30|-4.01958|-4.01958
31|-4.01961|-4.01961
32|-4.01962|-4.01962
33|-4.01962|-4.01962
34|-4.01962|-4.01962
35|-4.01962|-4.01962
36|-4.01962|-4.01962
37|-4.01962|-4.01962
38|-4.01962|-4.01962
39|-4.01962|-4.01962
40|-4.01962|-4.01962
41|-4.01962|-4.01962
42|-4.01962|-4.01962
43|-4.01962|-4.01962
44|-4.01962|-4.01962
45|-4.01962|-4.01962
46|-4.01962|-4.01962
47|-4.01962|-4.01962
48|-4.01962|-4.01962
49|-4.01962|-4.01962
50|-4.01962|-4.01962
51|-4.01962|-4.01962
52|-4.01962|-4.01962
53|-4.01962|-4.01962
54|-4.01962|-4.01962
55|-4.01962|-4.01962
56|-4.01962|-4.01962
57|-4.01962|-4.01962
58|-4.01962|-4.01962
59|-4.01962|-4.01962
60|-4.01962|-4.01962
61|-4.01962|-4.01962
62|-4.01962|-4.01962
63|-4.01962|-4.01962
64|-4.01962|-4.01962
65|-4.01962|-4.01962
66|-4.01962|-4.01962
67|-4.01962|-4.01962
68|-4.01962|-4.01962
69|-4.01962|-4.01962
70|-4.01962|-4.01962
71|-4.01962|-4.01962
72|-4.01962|-4.01962
73|-4.01962|-4.01962
74|-4.01962|-4.01962
75|-4.01962|-4.01962
76|-4.01962|-4.01962
77|-4.01962|-4.01962
78|-4.01962|-4.01962
79|-4.01962|-4.01962
80|-4.01962|-4.01962
81|-4.01962|-4.01962
82|-4.01962|-4.01962
83|-4.01962|-4.01962
84|-4.01962|-4.01962
85|-4.01962|-4.01962
86|-4.01962|-4.01962
87|-4.01962|-4.01962
88|-4.01962|-4.01962
89|-4.01962|-4.01962
90|-4.01962|-4.01962
91|-4.01962|-4.01962
92|-4.01962|-4.01962
93|-4.01962|-4.01962
94|-4.01962|-4.01962
95|-4.01962|-4.01962
96|-4.01962|-4.01962
97|-4.01962|-4.01962
98|-4.01962|-4.01962
99|-4.01962|-4.01962
100|-4.01962|-4.01962
101|-4.01962|-4.01962
102|-4.01962|-4.01962
103|-4.01962|-4.01962
104|-4.01962|-4.01962
105|-4.01962|-4.01962
106|-4.01962|-4.01962
107|-4.01962|-4.01962
108|-4.01962|-4.01962
109|-4.01962|-4.01962
110|-4.01962|-4.01962
111|-4.01962|-4.01962
112|-4.01962|-4.01962
113|-4.01962|-4.01962
114|-4.01962|-4.01962
115|-4.01962|-4.01962
116|-4.01962|-4.01962
117|-4.01962|-4.01962
118|-4.01962|-4.01962
119|-4.01962|-4.01962
120|-4.01962|-4.01962
121|-4.01962|-4.01962
122|-4.01962|-4.01962
123|-4.01962|-4.01962
124|-4.01962|-4.01962
125|-4.01962|-4.01962
126|-4.01962|-4.01962
127|-4.01962|-4.01962
128|-4.01962|-4.01962
129|-4.01962|-4.01962
130|-4.01962|-4.01962
131|-4.01962|-4.01962
132|-4.01962|-4.01962
133|-4.01962|-4.01962
134|-4.01962|-4.01962
135|-4.01962|-4.01962
136|-4.01962|-4.01962
137|-4.01962|-4.01962
138|-4.01962|-4.01962
139|-4.01962|-4.01962
140|-4.01962|-4.01962
141|-4.01962|-4.01962
142|-4.01962|-4.01962
143|-4.01962|-4.01962
144|-4.01962|-4.01962
145|-4.01962|-4.01962
146|-4.01962|-4.01962
147|-4.01962|-4.01962
148|-4.01962|-4.01962
149|-4.01962|-4.01962
150|-4.01962|-4.01962
151|-4.01962|-4.01962
152|-4.01962|-4.01962
153|-4.01962|-4.01962
154|-4.01962|-4.01962
155|-4.01962|-4.01962
156|-4.01962|-4.01962
157|-4.01962|-4.01962
158|-4.01962|-4.01962
159|-4.01962|-4.01962
160|-4.01962|-4.01962
161|-4.01962|-4.01962
162|-4.01962|-4.01962
163|-4.01962|-4.01962
164|-4.01962|-4.01962
165|-4.01962|-4.01962
166|-4.01962|-4.01962
167|-4.01962|-4.01962
168|-4.01962|-4.01962
169|-4.01962|-4.01962
170|-4.01962|-4.01962
171|-4.01962|-4.01962
172|-4.01962|-4.01962
173|-4.01962|-4.01962
174|-4.01962|-4.01962
175|-4.01962|-4.01962
176|-4.01962|-4.01962
177|-4.01962|-4.01962
178|-4.01962|-4.01962
179|-4.01962|-4.01962
180|-4.01962|-4.01962
181|-4.01962|-4.01962
182|-4.01962|-4.01962
183|-4.01962|-4.01962
EARLY STOP: TARGET FOUND
70775ms
