1|574.402|574.402
2|538.691|538.691
3|507.619|507.619
4|476.938|476.938
5|446.514|446.514
6|417.889|417.889
7|391.056|391.056
8|365.264|365.264
9|340.391|340.391
10|318.818|318.818
11|297.898|297.898
12|279.556|279.556
13|262.406|262.406
14|245.445|245.445
15|229.585|229.585
16|215.819|215.819
17|204.047|204.047
18|192.849|192.849
19|183.609|183.609
20|173.838|173.838
21|164.764|164.764
22|155.789|155.789
23|147.551|147.551
24|140.876|140.876
25|134.547|134.547
26|128.981|128.981
27|124.698|124.698
28|120.648|120.648
29|117.344|117.344
30|114.046|114.046
31|110.931|110.931
32|108.32|108.32
33|106.6|106.6
34|104.932|104.932
35|103.279|103.279
36|101.654|101.654
37|100.123|100.123
38|98.6891|98.6891
39|97.5304|97.5304
40|96.4691|96.4691
41|95.1944|95.1944
42|91.568|91.568
43|90.6988|90.6988
44|89.8382|89.8382
45|89.081|89.081
46|88.4244|88.4244
47|87.7767|87.7767
48|87.2522|87.2522
49|86.7872|86.7872
50|86.3645|86.3645
51|85.9706|85.9706
52|85.5846|85.5846
53|85.221|85.221
54|84.9225|84.9225
55|84.7334|84.7334
56|84.5513|84.5513
57|84.3819|84.3819
58|84.2199|84.2199
59|84.0764|84.0764
60|83.9331|83.9331
61|83.7899|83.7899
62|83.6487|83.6487
63|83.5546|83.5546
64|83.4715|83.4715
65|83.3892|83.3892
66|83.3088|83.3088
67|83.2297|83.2297
68|83.1611|83.1611
69|83.0926|83.0926
70|83.0242|83.0242
71|82.9569|82.9569
72|82.9064|82.9064
73|82.8573|82.8573
74|82.8105|82.8105
75|82.7688|82.7688
76|82.7311|82.7311
77|82.6935|82.6935
78|82.6568|82.6568
79|82.6205|82.6205
80|82.587|82.587
81|82.5536|82.5536
82|82.5202|82.5202
83|82.4909|82.4909
84|82.4643|82.4643
85|82.4432|82.4432
86|82.4242|82.4242
87|82.4063|82.4063
88|82.3884|82.3884
89|82.3707|82.3707
90|82.3531|82.3531
91|82.3355|82.3355
92|82.3189|82.3189
93|82.3049|82.3049
94|82.291|82.291
95|82.2771|82.2771
96|82.2645|82.2645
97|82.2548|82.2548
98|82.2452|82.2452
99|82.2364|82.2364
100|82.2277|82.2277
101|82.219|82.219
102|82.2102|82.2102
103|82.2019|82.2019
104|82.1936|82.1936
105|82.1861|82.1861
106|82.1797|82.1797
107|82.1743|82.1743
108|82.17|82.17
109|82.1657|82.1657
110|82.1614|82.1614
111|82.1571|82.1571
112|82.1528|82.1528
113|82.1486|82.1486
114|82.1445|82.1445
115|82.1403|82.1403
116|82.1362|82.1362
117|82.1321|82.1321
118|82.1288|82.1288
119|82.1257|82.1257
120|82.1228|82.1228
121|82.12|82.12
122|82.1174|82.1174
123|82.1152|82.1152
124|82.1131|82.1131
125|82.111|82.111
126|82.1088|82.1088
127|82.1067|82.1067
128|82.1047|82.1047
129|82.1026|82.1026
130|82.1008|82.1008
131|82.0997|82.0997
132|82.0986|82.0986
133|82.0975|82.0975
134|82.0965|82.0965
135|82.0955|82.0955
136|82.0946|82.0946
137|82.0938|82.0938
138|82.0931|82.0931
139|82.0924|82.0924
140|82.0918|82.0918
141|82.0912|82.0912
142|82.0907|82.0907
143|82.0901|82.0901
144|82.0896|82.0896
145|82.0891|82.0891
146|82.0886|82.0886
147|82.0881|82.0881
148|82.0876|82.0876
149|82.0871|82.0871
150|82.0867|82.0867
151|82.0863|82.0863
152|82.0859|82.0859
153|82.0856|82.0856
154|82.0853|82.0853
155|82.085|82.085
156|82.0847|82.0847
157|82.0844|82.0844
158|82.0842|82.0842
159|82.0839|82.0839
160|82.0836|82.0836
161|82.0834|82.0834
162|82.0831|82.0831
163|82.0829|82.0829
164|82.0826|82.0826
165|82.0824|82.0824
166|82.0822|82.0822
167|82.082|82.082
168|82.0818|82.0818
169|82.0816|82.0816
170|82.0815|82.0815
171|82.0813|82.0813
172|82.0812|82.0812
173|82.081|82.081
174|82.0809|82.0809
175|82.0808|82.0808
176|82.0807|82.0807
177|82.0806|82.0806
178|82.0806|82.0806
179|82.0805|82.0805
180|82.0805|82.0805
181|82.0804|82.0804
182|82.0804|82.0804
183|82.0804|82.0804
184|82.0803|82.0803
185|82.0803|82.0803
186|82.0803|82.0803
187|82.0803|82.0803
188|82.0802|82.0802
189|82.0802|82.0802
190|82.0802|82.0802
191|82.0802|82.0802
192|82.0802|82.0802
193|82.0802|82.0802
194|82.0802|82.0802
195|82.0802|82.0802
196|82.0802|82.0802
197|82.0802|82.0802
198|82.0802|82.0802
199|82.0802|82.0802
200|82.0802|82.0802
201|82.0802|82.0802
202|82.0802|82.0802
203|82.0802|82.0802
204|82.0802|82.0802
205|82.0802|82.0802
206|82.0802|82.0802
207|82.0802|82.0802
208|82.0802|82.0802
209|82.0802|82.0802
210|82.0802|82.0802
211|82.0802|82.0802
212|82.0802|82.0802
213|82.0802|82.0802
214|82.0802|82.0802
215|82.0802|82.0802
216|82.0802|82.0802
217|82.0802|82.0802
218|82.0802|82.0802
219|82.0802|82.0802
220|82.0802|82.0802
221|82.0802|82.0802
222|82.0802|82.0802
223|82.0802|82.0802
224|82.0802|82.0802
225|82.0802|82.0802
226|82.0802|82.0802
227|82.0802|82.0802
228|82.0802|82.0802
229|82.0802|82.0802
230|82.0802|82.0802
231|82.0802|82.0802
232|82.0802|82.0802
233|82.0802|82.0802
234|82.0802|82.0802
235|82.0802|82.0802
236|82.0802|82.0802
237|82.0802|82.0802
238|82.0802|82.0802
239|82.0802|82.0802
240|82.0802|82.0802
241|82.0802|82.0802
242|82.0802|82.0802
243|82.0802|82.0802
244|82.0802|82.0802
245|82.0802|82.0802
246|82.0802|82.0802
247|82.0802|82.0802
248|82.0802|82.0802
249|82.0802|82.0802
250|82.0802|82.0802
251|82.0802|82.0802
252|82.0802|82.0802
253|82.0802|82.0802
254|82.0802|82.0802
255|82.0802|82.0802
256|82.0802|82.0802
257|82.0802|82.0802
258|82.0802|82.0802
259|82.0802|82.0802
260|82.0802|82.0802
261|82.0802|82.0802
262|82.0802|82.0802
263|82.0802|82.0802
264|82.0802|82.0802
265|82.0802|82.0802
266|82.0802|82.0802
267|82.0802|82.0802
268|82.0802|82.0802
269|82.0802|82.0802
270|82.0802|82.0802
271|82.0802|82.0802
272|82.0802|82.0802
273|82.0802|82.0802
274|82.0802|82.0802
275|82.0802|82.0802
276|82.0802|82.0802
277|82.0802|82.0802
278|82.0802|82.0802
279|82.0802|82.0802
280|82.0802|82.0802
281|82.0802|82.0802
282|82.0802|82.0802
283|82.0802|82.0802
284|82.0802|82.0802
285|82.0802|82.0802
286|82.0802|82.0802
287|82.0802|82.0802
288|82.0802|82.0802
289|82.0802|82.0802
290|82.0802|82.0802
291|82.0802|82.0802
292|82.0802|82.0802
293|82.0802|82.0802
294|82.0802|82.0802
295|82.0802|82.0802
296|82.0802|82.0802
297|82.0802|82.0802
298|82.0802|82.0802
299|82.0802|82.0802
300|82.0802|82.0802
301|82.0802|82.0802
302|82.0802|82.0802
303|82.0802|82.0802
304|82.0802|82.0802
305|82.0802|82.0802
306|82.0802|82.0802
307|82.0802|82.0802
308|82.0802|82.0802
309|82.0802|82.0802
310|82.0802|82.0802
311|82.0802|82.0802
312|82.0802|82.0802
313|82.0802|82.0802
314|82.0802|82.0802
315|82.0802|82.0802
316|82.0802|82.0802
317|82.0802|82.0802
318|82.0802|82.0802
319|82.0802|82.0802
320|82.0802|82.0802
321|82.0802|82.0802
322|82.0802|82.0802
323|82.0802|82.0802
324|82.0802|82.0802
325|82.0802|82.0802
326|82.0802|82.0802
327|82.0802|82.0802
328|82.0802|82.0802
329|82.0802|82.0802
330|82.0802|82.0802
331|82.0802|82.0802
332|82.0802|82.0802
333|82.0802|82.0802
334|82.0802|82.0802
335|82.0802|82.0802
336|82.0802|82.0802
337|82.0802|82.0802
338|82.0802|82.0802
339|82.0802|82.0802
340|82.0802|82.0802
341|82.0802|82.0802
EARLY STOP: TARGET FOUND
3912893ms
