1|-492.098|-492.098
2|-883.965|-883.965
3|-1262.67|-1262.67
4|-1510.38|-1510.38
5|-1683.85|-1683.85
6|-1811.35|-1811.35
7|-1834.65|-1834.65
8|-1843.52|-1843.52
9|-1851.57|-1851.57
10|-1854.78|-1854.78
11|-1856.04|-1856.04
12|-1856.36|-1856.36
13|-1856.68|-1856.68
14|-1856.92|-1856.92
15|-1857.29|-1857.29
16|-1857.48|-1857.48
17|-1857.64|-1857.64
18|-1857.72|-1857.72
19|-1857.75|-1857.75
20|-1857.78|-1857.78
21|-1857.79|-1857.79
22|-1857.8|-1857.8
23|-1857.81|-1857.81
24|-1857.81|-1857.81
25|-1857.82|-1857.82
26|-1857.82|-1857.82
27|-1857.82|-1857.82
28|-1857.83|-1857.83
29|-1857.83|-1857.83
30|-1857.83|-1857.83
31|-1857.83|-1857.83
32|-1857.83|-1857.83
33|-1857.83|-1857.83
34|-1857.83|-1857.83
35|-1857.83|-1857.83
36|-1857.83|-1857.83
37|-1857.83|-1857.83
38|-1857.83|-1857.83
39|-1857.83|-1857.83
40|-1857.83|-1857.83
41|-1857.83|-1857.83
42|-1857.83|-1857.83
43|-1857.83|-1857.83
44|-1857.83|-1857.83
45|-1857.83|-1857.83
46|-1857.83|-1857.83
47|-1857.83|-1857.83
48|-1857.83|-1857.83
49|-1857.83|-1857.83
50|-1857.83|-1857.83
51|-1857.83|-1857.83
52|-1857.83|-1857.83
53|-1857.83|-1857.83
54|-1857.83|-1857.83
55|-1857.83|-1857.83
56|-1857.83|-1857.83
57|-1857.83|-1857.83
58|-1857.83|-1857.83
59|-1857.83|-1857.83
60|-1857.83|-1857.83
61|-1857.83|-1857.83
62|-1857.83|-1857.83
63|-1857.83|-1857.83
64|-1857.83|-1857.83
65|-1857.83|-1857.83
66|-1857.83|-1857.83
67|-1857.83|-1857.83
68|-1857.83|-1857.83
69|-1857.83|-1857.83
70|-1857.83|-1857.83
71|-1857.83|-1857.83
72|-1857.83|-1857.83
73|-1857.83|-1857.83
74|-1857.83|-1857.83
75|-1857.83|-1857.83
76|-1857.83|-1857.83
77|-1857.83|-1857.83
78|-1857.83|-1857.83
79|-1857.83|-1857.83
80|-1857.83|-1857.83
81|-1857.83|-1857.83
82|-1857.83|-1857.83
83|-1857.83|-1857.83
84|-1857.83|-1857.83
85|-1857.83|-1857.83
86|-1857.83|-1857.83
87|-1857.83|-1857.83
88|-1857.83|-1857.83
89|-1857.83|-1857.83
90|-1857.83|-1857.83
91|-1857.83|-1857.83
92|-1857.83|-1857.83
93|-1857.83|-1857.83
94|-1857.83|-1857.83
95|-1857.83|-1857.83
96|-1857.83|-1857.83
97|-1857.83|-1857.83
98|-1857.83|-1857.83
99|-1857.83|-1857.83
100|-1857.83|-1857.83
101|-1857.83|-1857.83
102|-1857.83|-1857.83
103|-1857.83|-1857.83
104|-1857.83|-1857.83
105|-1857.83|-1857.83
106|-1857.83|-1857.83
107|-1857.83|-1857.83
108|-1857.83|-1857.83
109|-1857.83|-1857.83
110|-1857.83|-1857.83
111|-1857.83|-1857.83
112|-1857.83|-1857.83
113|-1857.83|-1857.83
114|-1857.83|-1857.83
115|-1857.83|-1857.83
116|-1857.83|-1857.83
117|-1857.83|-1857.83
118|-1857.83|-1857.83
119|-1857.83|-1857.83
120|-1857.83|-1857.83
121|-1857.83|-1857.83
122|-1857.83|-1857.83
123|-1857.83|-1857.83
124|-1857.83|-1857.83
125|-1857.83|-1857.83
126|-1857.83|-1857.83
127|-1857.83|-1857.83
128|-1857.83|-1857.83
129|-1857.83|-1857.83
130|-1857.83|-1857.83
131|-1857.83|-1857.83
132|-1857.83|-1857.83
133|-1857.83|-1857.83
134|-1857.83|-1857.83
135|-1857.83|-1857.83
136|-1857.83|-1857.83
137|-1857.83|-1857.83
138|-1857.83|-1857.83
139|-1857.83|-1857.83
140|-1857.83|-1857.83
141|-1857.83|-1857.83
142|-1857.83|-1857.83
143|-1857.83|-1857.83
144|-1857.83|-1857.83
145|-1857.83|-1857.83
146|-1857.83|-1857.83
147|-1857.83|-1857.83
148|-1857.83|-1857.83
149|-1857.83|-1857.83
150|-1857.83|-1857.83
151|-1857.83|-1857.83
152|-1857.83|-1857.83
153|-1857.83|-1857.83
154|-1857.83|-1857.83
155|-1857.83|-1857.83
156|-1857.83|-1857.83
157|-1857.83|-1857.83
158|-1857.83|-1857.83
159|-1857.83|-1857.83
160|-1857.83|-1857.83
161|-1857.83|-1857.83
162|-1857.83|-1857.83
163|-1857.83|-1857.83
164|-1857.83|-1857.83
165|-1857.83|-1857.83
166|-1857.83|-1857.83
167|-1857.83|-1857.83
168|-1857.83|-1857.83
169|-1857.83|-1857.83
170|-1857.83|-1857.83
171|-1857.83|-1857.83
172|-1857.83|-1857.83
173|-1857.83|-1857.83
174|-1857.83|-1857.83
175|-1857.83|-1857.83
176|-1857.83|-1857.83
177|-1857.83|-1857.83
178|-1857.83|-1857.83
179|-1857.83|-1857.83
180|-1857.83|-1857.83
181|-1857.83|-1857.83
182|-1857.83|-1857.83
EARLY STOP: TARGET FOUND
101531ms
