1|83.5113|83.5113
2|56.8239|56.8239
3|37.8887|37.8887
4|21.8414|21.8414
5|18.2891|18.2891
6|14.7388|14.7388
7|14.0209|14.0209
8|13.4186|13.4186
9|12.8169|12.8169
10|12.4111|12.4111
11|12.0841|12.0841
12|11.9488|11.9488
13|11.8921|11.8921
14|11.8755|11.8755
15|11.8589|11.8589
16|11.8504|11.8504
17|11.8463|11.8463
18|11.8442|11.8442
19|11.8422|11.8422
20|11.8405|11.8405
21|11.839|11.839
22|11.8379|11.8379
23|11.8374|11.8374
24|11.8372|11.8372
25|11.8369|11.8369
26|11.8368|11.8368
27|11.8368|11.8368
28|11.8368|11.8368
29|11.8368|11.8368
30|11.8368|11.8368
31|11.8368|11.8368
32|11.8368|11.8368
33|11.8368|11.8368
34|11.8368|11.8368
35|11.8368|11.8368
36|11.8368|11.8368
37|11.8368|11.8368
38|11.8368|11.8368
39|11.8368|11.8368
40|11.8368|11.8368
41|11.8368|11.8368
42|11.8368|11.8368
43|11.8368|11.8368
44|11.8368|11.8368
45|11.8368|11.8368
46|11.8368|11.8368
47|11.8368|11.8368
48|11.8368|11.8368
49|11.8368|11.8368
50|11.8368|11.8368
51|11.8368|11.8368
52|11.8368|11.8368
53|11.8368|11.8368
54|11.8368|11.8368
55|11.8368|11.8368
56|11.8368|11.8368
57|11.8368|11.8368
58|11.8368|11.8368
59|11.8368|11.8368
60|11.8368|11.8368
61|11.8368|11.8368
62|11.8368|11.8368
63|11.8368|11.8368
64|11.8368|11.8368
65|11.8368|11.8368
66|11.8368|11.8368
67|11.8368|11.8368
68|11.8368|11.8368
69|11.8368|11.8368
70|11.8368|11.8368
71|11.8368|11.8368
72|11.8368|11.8368
73|11.8368|11.8368
74|11.8368|11.8368
75|11.8368|11.8368
76|11.8368|11.8368
77|11.8368|11.8368
78|11.8368|11.8368
79|11.8368|11.8368
80|11.8368|11.8368
81|11.8368|11.8368
82|11.8368|11.8368
83|11.8368|11.8368
84|11.8368|11.8368
85|11.8368|11.8368
86|11.8368|11.8368
87|11.8368|11.8368
88|11.8368|11.8368
89|11.8368|11.8368
90|11.8368|11.8368
91|11.8368|11.8368
92|11.8368|11.8368
93|11.8368|11.8368
94|11.8368|11.8368
95|11.8368|11.8368
96|11.8368|11.8368
97|11.8368|11.8368
98|11.8368|11.8368
99|11.8368|11.8368
100|11.8368|11.8368
101|11.8368|11.8368
102|11.8368|11.8368
103|11.8368|11.8368
104|11.8368|11.8368
105|11.8368|11.8368
106|11.8368|11.8368
107|11.8368|11.8368
108|11.8368|11.8368
109|11.8368|11.8368
110|11.8368|11.8368
111|11.8368|11.8368
112|11.8368|11.8368
113|11.8368|11.8368
114|11.8368|11.8368
115|11.8368|11.8368
116|11.8368|11.8368
117|11.8368|11.8368
118|11.8368|11.8368
119|11.8368|11.8368
120|11.8368|11.8368
121|11.8368|11.8368
122|11.8368|11.8368
123|11.8368|11.8368
124|11.8368|11.8368
125|11.8368|11.8368
126|11.8368|11.8368
127|11.8368|11.8368
128|11.8368|11.8368
129|11.8368|11.8368
130|11.8368|11.8368
131|11.8368|11.8368
132|11.8368|11.8368
133|11.8368|11.8368
134|11.8368|11.8368
135|11.8368|11.8368
136|11.8368|11.8368
137|11.8368|11.8368
138|11.8368|11.8368
139|11.8368|11.8368
140|11.8368|11.8368
141|11.8368|11.8368
142|11.8368|11.8368
143|11.8368|11.8368
144|11.8368|11.8368
145|11.8368|11.8368
146|11.8368|11.8368
147|11.8368|11.8368
148|11.8368|11.8368
149|11.8368|11.8368
150|11.8368|11.8368
151|11.8368|11.8368
152|11.8368|11.8368
153|11.8368|11.8368
154|11.8368|11.8368
155|11.8368|11.8368
156|11.8368|11.8368
157|11.8368|11.8368
158|11.8368|11.8368
159|11.8368|11.8368
160|11.8368|11.8368
161|11.8368|11.8368
162|11.8368|11.8368
163|11.8368|11.8368
164|11.8368|11.8368
165|11.8368|11.8368
166|11.8368|11.8368
167|11.8368|11.8368
168|11.8368|11.8368
169|11.8368|11.8368
170|11.8368|11.8368
171|11.8368|11.8368
172|11.8368|11.8368
173|11.8368|11.8368
174|11.8368|11.8368
175|11.8368|11.8368
176|11.8368|11.8368
177|11.8368|11.8368
178|11.8368|11.8368
179|11.8368|11.8368
EARLY STOP: TARGET FOUND
70571ms
