1|85.3671|85.3671
2|64.3751|64.3751
3|49.1488|49.1488
4|36.7727|36.7727
5|27.6738|27.6738
6|20.6686|20.6686
7|9.2091|9.2091
8|8.27259|8.27259
9|8.11574|8.11574
10|7.95911|7.95911
11|7.81764|7.81764
12|7.74224|7.74224
13|7.73158|7.73158
14|7.72282|7.72282
15|7.71567|7.71567
16|7.69946|7.69946
17|7.69514|7.69514
18|7.69299|7.69299
19|7.69138|7.69138
20|7.6903|7.6903
21|7.68923|7.68923
22|7.6887|7.6887
23|7.68816|7.68816
24|7.6879|7.6879
25|7.68763|7.68763
26|7.68748|7.68748
27|7.68735|7.68735
28|7.68732|7.68732
29|7.6873|7.6873
30|7.6873|7.6873
31|7.6873|7.6873
32|7.6873|7.6873
33|7.6873|7.6873
34|7.6873|7.6873
35|7.6873|7.6873
36|7.6873|7.6873
37|7.6873|7.6873
38|7.6873|7.6873
39|7.6873|7.6873
40|7.6873|7.6873
41|7.6873|7.6873
42|7.6873|7.6873
43|7.6873|7.6873
44|7.6873|7.6873
45|7.6873|7.6873
46|7.6873|7.6873
47|7.6873|7.6873
48|7.6873|7.6873
49|7.6873|7.6873
50|7.6873|7.6873
51|7.6873|7.6873
52|7.6873|7.6873
53|7.6873|7.6873
54|7.6873|7.6873
55|7.6873|7.6873
56|7.6873|7.6873
57|7.6873|7.6873
58|7.6873|7.6873
59|7.6873|7.6873
60|7.6873|7.6873
61|7.6873|7.6873
62|7.6873|7.6873
63|7.6873|7.6873
64|7.6873|7.6873
65|7.6873|7.6873
66|7.6873|7.6873
67|7.6873|7.6873
68|7.6873|7.6873
69|7.6873|7.6873
70|7.6873|7.6873
71|7.6873|7.6873
72|7.6873|7.6873
73|7.6873|7.6873
74|7.6873|7.6873
75|7.6873|7.6873
76|7.6873|7.6873
77|7.6873|7.6873
78|7.6873|7.6873
79|7.6873|7.6873
80|7.6873|7.6873
81|7.6873|7.6873
82|7.6873|7.6873
83|7.6873|7.6873
84|7.6873|7.6873
85|7.6873|7.6873
86|7.6873|7.6873
87|7.6873|7.6873
88|7.6873|7.6873
89|7.6873|7.6873
90|7.6873|7.6873
91|7.6873|7.6873
92|7.6873|7.6873
93|7.6873|7.6873
94|7.6873|7.6873
95|7.6873|7.6873
96|7.6873|7.6873
97|7.6873|7.6873
98|7.6873|7.6873
99|7.6873|7.6873
100|7.6873|7.6873
101|7.6873|7.6873
102|7.6873|7.6873
103|7.6873|7.6873
104|7.6873|7.6873
105|7.6873|7.6873
106|7.6873|7.6873
107|7.6873|7.6873
108|7.6873|7.6873
109|7.6873|7.6873
110|7.6873|7.6873
111|7.6873|7.6873
112|7.6873|7.6873
113|7.6873|7.6873
114|7.6873|7.6873
115|7.6873|7.6873
116|7.6873|7.6873
117|7.6873|7.6873
118|7.6873|7.6873
119|7.6873|7.6873
120|7.6873|7.6873
121|7.6873|7.6873
122|7.6873|7.6873
123|7.6873|7.6873
124|7.6873|7.6873
125|7.6873|7.6873
126|7.6873|7.6873
127|7.6873|7.6873
128|7.6873|7.6873
129|7.6873|7.6873
130|7.6873|7.6873
131|7.6873|7.6873
132|7.6873|7.6873
133|7.6873|7.6873
134|7.6873|7.6873
135|7.6873|7.6873
136|7.6873|7.6873
137|7.6873|7.6873
138|7.6873|7.6873
139|7.6873|7.6873
140|7.6873|7.6873
141|7.6873|7.6873
142|7.6873|7.6873
143|7.6873|7.6873
144|7.6873|7.6873
145|7.6873|7.6873
146|7.6873|7.6873
147|7.6873|7.6873
148|7.6873|7.6873
149|7.6873|7.6873
150|7.6873|7.6873
151|7.6873|7.6873
152|7.6873|7.6873
153|7.6873|7.6873
154|7.6873|7.6873
155|7.6873|7.6873
156|7.6873|7.6873
157|7.6873|7.6873
158|7.6873|7.6873
159|7.6873|7.6873
160|7.6873|7.6873
161|7.6873|7.6873
162|7.6873|7.6873
163|7.6873|7.6873
164|7.6873|7.6873
165|7.6873|7.6873
166|7.6873|7.6873
167|7.6873|7.6873
168|7.6873|7.6873
169|7.6873|7.6873
170|7.6873|7.6873
171|7.6873|7.6873
172|7.6873|7.6873
173|7.6873|7.6873
174|7.6873|7.6873
175|7.6873|7.6873
176|7.6873|7.6873
177|7.6873|7.6873
178|7.6873|7.6873
179|7.6873|7.6873
EARLY STOP: TARGET FOUND
69819ms
