1|17.1157|17.1157
2|-669.362|-669.362
3|-1343.03|-1343.03
4|-1968.93|-1968.93
5|-2471.33|-2471.33
6|-2933.72|-2933.72
7|-3332.6|-3332.6
8|-3713.02|-3713.02
9|-4089.45|-4089.45
10|-4453|-4453
11|-4811.65|-4811.65
12|-5117.83|-5117.83
13|-5419.79|-5419.79
14|-5666.41|-5666.41
15|-5911.1|-5911.1
16|-6123.71|-6123.71
17|-6319.76|-6319.76
18|-6515.33|-6515.33
19|-6697.61|-6697.61
20|-6873.99|-6873.99
21|-7036.97|-7036.97
22|-7181.66|-7181.66
23|-7325.3|-7325.3
24|-7455.44|-7455.44
25|-7611.14|-7611.14
26|-7725.21|-7725.21
27|-7838.31|-7838.31
28|-7949.44|-7949.44
29|-8054.36|-8054.36
30|-8157.47|-8157.47
31|-8258.14|-8258.14
32|-8356.5|-8356.5
33|-8429.94|-8429.94
34|-8502.92|-8502.92
35|-8573.63|-8573.63
36|-8633.48|-8633.48
37|-8685.75|-8685.75
38|-8733.71|-8733.71
39|-8774.08|-8774.08
40|-8808.92|-8808.92
41|-8862.96|-8862.96
42|-8897.41|-8897.41
43|-8931.07|-8931.07
44|-8962.29|-8962.29
45|-8983.32|-8983.32
46|-9001.84|-9001.84
47|-9019.89|-9019.89
48|-9037.66|-9037.66
49|-9055.24|-9055.24
50|-9076.86|-9076.86
51|-9112.57|-9112.57
52|-9128.86|-9128.86
53|-9143.98|-9143.98
54|-9179.91|-9179.91
55|-9194.37|-9194.37
56|-9230.33|-9230.33
57|-9242.11|-9242.11
58|-9253.83|-9253.83
59|-9300.38|-9300.38
60|-9310.9|-9310.9
61|-9320.24|-9320.24
62|-9329.44|-9329.44
63|-9338.26|-9338.26
64|-9347.07|-9347.07
65|-9355.88|-9355.88
66|-9364.66|-9364.66
67|-9372.17|-9372.17
68|-9378.45|-9378.45
69|-9384.12|-9384.12
70|-9389.79|-9389.79
71|-9421.66|-9421.66
72|-9439.48|-9439.48
73|-9448.28|-9448.28
74|-9453.82|-9453.82
75|-9458.2|-9458.2
76|-9462.58|-9462.58
77|-9466.96|-9466.96
78|-9471.34|-9471.34
79|-9475.71|-9475.71
80|-9480.08|-9480.08
81|-9484.45|-9484.45
82|-9488.72|-9488.72
83|-9491.57|-9491.57
84|-9493.84|-9493.84
85|-9496.02|-9496.02
86|-9498.21|-9498.21
87|-9500.39|-9500.39
88|-9502.57|-9502.57
89|-9504.75|-9504.75
90|-9506.8|-9506.8
91|-9508.36|-9508.36
92|-9509.75|-9509.75
93|-9511.05|-9511.05
94|-9512.14|-9512.14
95|-9513.23|-9513.23
96|-9514.32|-9514.32
97|-9515.34|-9515.34
98|-9516.35|-9516.35
99|-9517.14|-9517.14
100|-9517.91|-9517.91
101|-9518.64|-9518.64
102|-9519.27|-9519.27
103|-9519.89|-9519.89
104|-9520.46|-9520.46
105|-9521.01|-9521.01
106|-9521.55|-9521.55
107|-9522.09|-9522.09
108|-9522.6|-9522.6
109|-9523.09|-9523.09
110|-9523.45|-9523.45
111|-9523.72|-9523.72
112|-9523.99|-9523.99
113|-9524.27|-9524.27
114|-9524.54|-9524.54
115|-9524.79|-9524.79
116|-9525.03|-9525.03
117|-9525.23|-9525.23
118|-9525.41|-9525.41
119|-9525.56|-9525.56
120|-9525.72|-9525.72
121|-9525.87|-9525.87
122|-9526.03|-9526.03
123|-9526.16|-9526.16
124|-9526.3|-9526.3
125|-9526.41|-9526.41
126|-9526.52|-9526.52
127|-9526.61|-9526.61
128|-9526.69|-9526.69
129|-9526.77|-9526.77
130|-9526.85|-9526.85
131|-9526.92|-9526.92
132|-9526.99|-9526.99
133|-9527.06|-9527.06
134|-9527.13|-9527.13
135|-9527.2|-9527.2
136|-9527.27|-9527.27
137|-9527.33|-9527.33
138|-9527.4|-9527.4
139|-9527.46|-9527.46
140|-9527.52|-9527.52
141|-9527.56|-9527.56
142|-9527.6|-9527.6
143|-9527.64|-9527.64
144|-9527.67|-9527.67
145|-9527.71|-9527.71
146|-9527.74|-9527.74
147|-9527.77|-9527.77
148|-9527.8|-9527.8
149|-9527.83|-9527.83
150|-9527.87|-9527.87
151|-9527.89|-9527.89
152|-9527.91|-9527.91
153|-9527.92|-9527.92
154|-9527.94|-9527.94
155|-9527.96|-9527.96
156|-9527.98|-9527.98
157|-9527.99|-9527.99
158|-9528.01|-9528.01
159|-9528.03|-9528.03
160|-9528.04|-9528.04
161|-9528.06|-9528.06
162|-9528.07|-9528.07
163|-9528.09|-9528.09
164|-9528.11|-9528.11
165|-9528.12|-9528.12
166|-9528.13|-9528.13
167|-9528.15|-9528.15
168|-9528.16|-9528.16
169|-9528.17|-9528.17
170|-9528.17|-9528.17
171|-9528.18|-9528.18
172|-9528.19|-9528.19
173|-9528.2|-9528.2
174|-9528.21|-9528.21
175|-9528.21|-9528.21
176|-9528.22|-9528.22
177|-9528.23|-9528.23
178|-9528.23|-9528.23
179|-9528.24|-9528.24
180|-9528.24|-9528.24
181|-9528.25|-9528.25
182|-9528.25|-9528.25
183|-9528.25|-9528.25
184|-9528.26|-9528.26
185|-9528.26|-9528.26
186|-9528.27|-9528.27
187|-9528.27|-9528.27
188|-9528.27|-9528.27
189|-9528.28|-9528.28
190|-9528.28|-9528.28
191|-9528.29|-9528.29
192|-9528.29|-9528.29
193|-9528.29|-9528.29
194|-9528.29|-9528.29
195|-9528.29|-9528.29
196|-9528.3|-9528.3
197|-9528.3|-9528.3
198|-9528.3|-9528.3
199|-9528.3|-9528.3
200|-9528.3|-9528.3
201|-9528.31|-9528.31
202|-9528.31|-9528.31
203|-9528.31|-9528.31
204|-9528.31|-9528.31
205|-9528.31|-9528.31
206|-9528.32|-9528.32
207|-9528.32|-9528.32
208|-9528.32|-9528.32
209|-9528.32|-9528.32
210|-9528.32|-9528.32
211|-9528.32|-9528.32
212|-9528.32|-9528.32
213|-9528.32|-9528.32
214|-9528.32|-9528.32
215|-9528.32|-9528.32
216|-9528.32|-9528.32
217|-9528.32|-9528.32
218|-9528.32|-9528.32
219|-9528.32|-9528.32
220|-9528.32|-9528.32
221|-9528.32|-9528.32
222|-9528.32|-9528.32
223|-9528.32|-9528.32
224|-9528.32|-9528.32
225|-9528.32|-9528.32
226|-9528.32|-9528.32
227|-9528.32|-9528.32
228|-9528.32|-9528.32
229|-9528.32|-9528.32
230|-9528.32|-9528.32
231|-9528.32|-9528.32
232|-9528.32|-9528.32
233|-9528.32|-9528.32
234|-9528.32|-9528.32
235|-9528.32|-9528.32
236|-9528.32|-9528.32
237|-9528.32|-9528.32
238|-9528.32|-9528.32
239|-9528.32|-9528.32
240|-9528.32|-9528.32
241|-9528.32|-9528.32
242|-9528.32|-9528.32
243|-9528.32|-9528.32
244|-9528.32|-9528.32
245|-9528.32|-9528.32
246|-9528.32|-9528.32
247|-9528.32|-9528.32
248|-9528.32|-9528.32
249|-9528.32|-9528.32
250|-9528.32|-9528.32
251|-9528.32|-9528.32
252|-9528.32|-9528.32
253|-9528.32|-9528.32
254|-9528.32|-9528.32
255|-9528.32|-9528.32
256|-9528.32|-9528.32
257|-9528.32|-9528.32
258|-9528.32|-9528.32
259|-9528.32|-9528.32
260|-9528.32|-9528.32
261|-9528.32|-9528.32
262|-9528.32|-9528.32
263|-9528.32|-9528.32
264|-9528.32|-9528.32
265|-9528.32|-9528.32
266|-9528.32|-9528.32
267|-9528.32|-9528.32
268|-9528.32|-9528.32
269|-9528.32|-9528.32
270|-9528.32|-9528.32
271|-9528.32|-9528.32
272|-9528.32|-9528.32
273|-9528.32|-9528.32
274|-9528.32|-9528.32
275|-9528.32|-9528.32
276|-9528.32|-9528.32
277|-9528.32|-9528.32
278|-9528.32|-9528.32
279|-9528.32|-9528.32
280|-9528.32|-9528.32
281|-9528.32|-9528.32
282|-9528.32|-9528.32
283|-9528.32|-9528.32
284|-9528.32|-9528.32
285|-9528.32|-9528.32
286|-9528.32|-9528.32
287|-9528.32|-9528.32
288|-9528.32|-9528.32
289|-9528.32|-9528.32
290|-9528.32|-9528.32
291|-9528.32|-9528.32
292|-9528.32|-9528.32
293|-9528.32|-9528.32
294|-9528.32|-9528.32
295|-9528.32|-9528.32
296|-9528.32|-9528.32
297|-9528.32|-9528.32
298|-9528.32|-9528.32
299|-9528.32|-9528.32
300|-9528.32|-9528.32
301|-9528.32|-9528.32
302|-9528.32|-9528.32
303|-9528.32|-9528.32
304|-9528.32|-9528.32
305|-9528.32|-9528.32
306|-9528.32|-9528.32
307|-9528.32|-9528.32
308|-9528.32|-9528.32
309|-9528.32|-9528.32
310|-9528.32|-9528.32
311|-9528.32|-9528.32
312|-9528.32|-9528.32
313|-9528.32|-9528.32
314|-9528.32|-9528.32
315|-9528.32|-9528.32
316|-9528.32|-9528.32
317|-9528.32|-9528.32
318|-9528.32|-9528.32
319|-9528.32|-9528.32
320|-9528.32|-9528.32
321|-9528.32|-9528.32
322|-9528.32|-9528.32
323|-9528.32|-9528.32
324|-9528.32|-9528.32
325|-9528.32|-9528.32
326|-9528.32|-9528.32
327|-9528.32|-9528.32
328|-9528.32|-9528.32
329|-9528.32|-9528.32
330|-9528.32|-9528.32
331|-9528.32|-9528.32
332|-9528.32|-9528.32
333|-9528.32|-9528.32
334|-9528.32|-9528.32
335|-9528.32|-9528.32
336|-9528.32|-9528.32
337|-9528.32|-9528.32
338|-9528.32|-9528.32
339|-9528.32|-9528.32
340|-9528.32|-9528.32
341|-9528.32|-9528.32
342|-9528.32|-9528.32
343|-9528.32|-9528.32
344|-9528.32|-9528.32
345|-9528.32|-9528.32
346|-9528.32|-9528.32
347|-9528.32|-9528.32
348|-9528.32|-9528.32
349|-9528.32|-9528.32
350|-9528.32|-9528.32
351|-9528.32|-9528.32
352|-9528.32|-9528.32
353|-9528.32|-9528.32
354|-9528.32|-9528.32
355|-9528.32|-9528.32
356|-9528.32|-9528.32
357|-9528.32|-9528.32
358|-9528.32|-9528.32
359|-9528.32|-9528.32
EARLY STOP: TARGET FOUND
6001501ms
