1|-119.942|-119.942
2|-292.485|-292.485
3|-451.015|-451.015
4|-587.224|-587.224
5|-690.653|-690.653
6|-779.338|-779.338
7|-851.956|-851.956
8|-884.912|-884.912
9|-902.745|-902.745
10|-923.281|-923.281
11|-959.028|-959.028
12|-976.028|-976.028
13|-1000.05|-1000.05
14|-1035.68|-1035.68
15|-1045.97|-1045.97
16|-1098.7|-1098.7
17|-1107.45|-1107.45
18|-1116.2|-1116.2
19|-1122.73|-1122.73
20|-1128.73|-1128.73
21|-1133.13|-1133.13
22|-1137.5|-1137.5
23|-1140.15|-1140.15
24|-1140.77|-1140.77
25|-1141.32|-1141.32
26|-1141.86|-1141.86
27|-1142.21|-1142.21
28|-1142.37|-1142.37
29|-1142.5|-1142.5
30|-1142.64|-1142.64
31|-1142.71|-1142.71
32|-1142.77|-1142.77
33|-1142.81|-1142.81
34|-1142.85|-1142.85
35|-1142.88|-1142.88
36|-1142.9|-1142.9
37|-1142.92|-1142.92
38|-1142.92|-1142.92
39|-1142.93|-1142.93
40|-1142.94|-1142.94
41|-1142.94|-1142.94
42|-1142.95|-1142.95
43|-1142.95|-1142.95
44|-1142.95|-1142.95
45|-1142.95|-1142.95
46|-1142.95|-1142.95
47|-1142.96|-1142.96
48|-1142.96|-1142.96
49|-1142.96|-1142.96
50|-1142.96|-1142.96
51|-1142.96|-1142.96
52|-1142.96|-1142.96
53|-1142.96|-1142.96
54|-1142.96|-1142.96
55|-1142.96|-1142.96
56|-1142.96|-1142.96
57|-1142.96|-1142.96
58|-1142.96|-1142.96
59|-1142.96|-1142.96
60|-1142.96|-1142.96
61|-1142.96|-1142.96
62|-1142.96|-1142.96
63|-1142.96|-1142.96
64|-1142.96|-1142.96
65|-1142.96|-1142.96
66|-1142.96|-1142.96
67|-1142.96|-1142.96
68|-1142.96|-1142.96
69|-1142.96|-1142.96
70|-1142.96|-1142.96
71|-1142.96|-1142.96
72|-1142.96|-1142.96
73|-1142.96|-1142.96
74|-1142.96|-1142.96
75|-1142.96|-1142.96
76|-1142.96|-1142.96
77|-1142.96|-1142.96
78|-1142.96|-1142.96
79|-1142.96|-1142.96
80|-1142.96|-1142.96
81|-1142.96|-1142.96
82|-1142.96|-1142.96
83|-1142.96|-1142.96
84|-1142.96|-1142.96
85|-1142.96|-1142.96
86|-1142.96|-1142.96
87|-1142.96|-1142.96
88|-1142.96|-1142.96
89|-1142.96|-1142.96
90|-1142.96|-1142.96
91|-1142.96|-1142.96
92|-1142.96|-1142.96
93|-1142.96|-1142.96
94|-1142.96|-1142.96
95|-1142.96|-1142.96
96|-1142.96|-1142.96
97|-1142.96|-1142.96
98|-1142.96|-1142.96
99|-1142.96|-1142.96
100|-1142.96|-1142.96
101|-1142.96|-1142.96
102|-1142.96|-1142.96
103|-1142.96|-1142.96
104|-1142.96|-1142.96
105|-1142.96|-1142.96
106|-1142.96|-1142.96
107|-1142.96|-1142.96
108|-1142.96|-1142.96
109|-1142.96|-1142.96
110|-1142.96|-1142.96
111|-1142.96|-1142.96
112|-1142.96|-1142.96
113|-1142.96|-1142.96
114|-1142.96|-1142.96
115|-1142.96|-1142.96
116|-1142.96|-1142.96
117|-1142.96|-1142.96
118|-1142.96|-1142.96
119|-1142.96|-1142.96
120|-1142.96|-1142.96
121|-1142.96|-1142.96
122|-1142.96|-1142.96
123|-1142.96|-1142.96
124|-1142.96|-1142.96
125|-1142.96|-1142.96
126|-1142.96|-1142.96
127|-1142.96|-1142.96
128|-1142.96|-1142.96
129|-1142.96|-1142.96
130|-1142.96|-1142.96
131|-1142.96|-1142.96
132|-1142.96|-1142.96
133|-1142.96|-1142.96
134|-1142.96|-1142.96
135|-1142.96|-1142.96
136|-1142.96|-1142.96
137|-1142.96|-1142.96
138|-1142.96|-1142.96
139|-1142.96|-1142.96
140|-1142.96|-1142.96
141|-1142.96|-1142.96
142|-1142.96|-1142.96
143|-1142.96|-1142.96
144|-1142.96|-1142.96
145|-1142.96|-1142.96
146|-1142.96|-1142.96
147|-1142.96|-1142.96
148|-1142.96|-1142.96
149|-1142.96|-1142.96
150|-1142.96|-1142.96
151|-1142.96|-1142.96
152|-1142.96|-1142.96
153|-1142.96|-1142.96
154|-1142.96|-1142.96
155|-1142.96|-1142.96
156|-1142.96|-1142.96
157|-1142.96|-1142.96
158|-1142.96|-1142.96
159|-1142.96|-1142.96
160|-1142.96|-1142.96
161|-1142.96|-1142.96
162|-1142.96|-1142.96
163|-1142.96|-1142.96
164|-1142.96|-1142.96
165|-1142.96|-1142.96
166|-1142.96|-1142.96
167|-1142.96|-1142.96
168|-1142.96|-1142.96
169|-1142.96|-1142.96
170|-1142.96|-1142.96
171|-1142.96|-1142.96
172|-1142.96|-1142.96
173|-1142.96|-1142.96
174|-1142.96|-1142.96
175|-1142.96|-1142.96
176|-1142.96|-1142.96
177|-1142.96|-1142.96
178|-1142.96|-1142.96
179|-1142.96|-1142.96
180|-1142.96|-1142.96
181|-1142.96|-1142.96
182|-1142.96|-1142.96
183|-1142.96|-1142.96
184|-1142.96|-1142.96
185|-1142.96|-1142.96
186|-1142.96|-1142.96
187|-1142.96|-1142.96
188|-1142.96|-1142.96
189|-1142.96|-1142.96
190|-1142.96|-1142.96
191|-1142.96|-1142.96
192|-1142.96|-1142.96
193|-1142.96|-1142.96
194|-1142.96|-1142.96
195|-1142.96|-1142.96
196|-1142.96|-1142.96
197|-1142.96|-1142.96
198|-1142.96|-1142.96
199|-1142.96|-1142.96
200|-1142.96|-1142.96
201|-1142.96|-1142.96
EARLY STOP: TARGET FOUND
111752ms
