1|64.9654|64.9654
2|47.9223|47.9223
3|33.3894|33.3894
4|20.1822|20.1822
5|13.5769|13.5769
6|12.9356|12.9356
7|12.6715|12.6715
8|12.532|12.532
9|12.4554|12.4554
10|12.3826|12.3826
11|12.3187|12.3187
12|12.2619|12.2619
13|12.2283|12.2283
14|12.2107|12.2107
15|12.1936|12.1936
16|12.1816|12.1816
17|12.1733|12.1733
18|12.169|12.169
19|12.1648|12.1648
20|12.1622|12.1622
21|12.1607|12.1607
22|12.1592|12.1592
23|12.1581|12.1581
24|12.1571|12.1571
25|12.1565|12.1565
26|12.1558|12.1558
27|12.1553|12.1553
28|12.1548|12.1548
29|12.1545|12.1545
30|12.1544|12.1544
31|12.1543|12.1543
32|12.1543|12.1543
33|12.1542|12.1542
34|12.1542|12.1542
35|12.1542|12.1542
36|12.1542|12.1542
37|12.1542|12.1542
38|12.1542|12.1542
39|12.1542|12.1542
40|12.1542|12.1542
41|12.1542|12.1542
42|12.1542|12.1542
43|12.1542|12.1542
44|12.1542|12.1542
45|12.1542|12.1542
46|12.1542|12.1542
47|12.1542|12.1542
48|12.1542|12.1542
49|12.1542|12.1542
50|12.1542|12.1542
51|12.1542|12.1542
52|12.1542|12.1542
53|12.1542|12.1542
54|12.1542|12.1542
55|12.1542|12.1542
56|12.1542|12.1542
57|12.1542|12.1542
58|12.1542|12.1542
59|12.1542|12.1542
60|12.1542|12.1542
61|12.1542|12.1542
62|12.1542|12.1542
63|12.1542|12.1542
64|12.1542|12.1542
65|12.1542|12.1542
66|12.1542|12.1542
67|12.1542|12.1542
68|12.1542|12.1542
69|12.1542|12.1542
70|12.1542|12.1542
71|12.1542|12.1542
72|12.1542|12.1542
73|12.1542|12.1542
74|12.1542|12.1542
75|12.1542|12.1542
76|12.1542|12.1542
77|12.1542|12.1542
78|12.1542|12.1542
79|12.1542|12.1542
80|12.1542|12.1542
81|12.1542|12.1542
82|12.1542|12.1542
83|12.1542|12.1542
84|12.1542|12.1542
85|12.1542|12.1542
86|12.1542|12.1542
87|12.1542|12.1542
88|12.1542|12.1542
89|12.1542|12.1542
90|12.1542|12.1542
91|12.1542|12.1542
92|12.1542|12.1542
93|12.1542|12.1542
94|12.1542|12.1542
95|12.1542|12.1542
96|12.1542|12.1542
97|12.1542|12.1542
98|12.1542|12.1542
99|12.1542|12.1542
100|12.1542|12.1542
101|12.1542|12.1542
102|12.1542|12.1542
103|12.1542|12.1542
104|12.1542|12.1542
105|12.1542|12.1542
106|12.1542|12.1542
107|12.1542|12.1542
108|12.1542|12.1542
109|12.1542|12.1542
110|12.1542|12.1542
111|12.1542|12.1542
112|12.1542|12.1542
113|12.1542|12.1542
114|12.1542|12.1542
115|12.1542|12.1542
116|12.1542|12.1542
117|12.1542|12.1542
118|12.1542|12.1542
119|12.1542|12.1542
120|12.1542|12.1542
121|12.1542|12.1542
122|12.1542|12.1542
123|12.1542|12.1542
124|12.1542|12.1542
125|12.1542|12.1542
126|12.1542|12.1542
127|12.1542|12.1542
128|12.1542|12.1542
129|12.1542|12.1542
130|12.1542|12.1542
131|12.1542|12.1542
132|12.1542|12.1542
133|12.1542|12.1542
134|12.1542|12.1542
135|12.1542|12.1542
136|12.1542|12.1542
137|12.1542|12.1542
138|12.1542|12.1542
139|12.1542|12.1542
140|12.1542|12.1542
141|12.1542|12.1542
142|12.1542|12.1542
143|12.1542|12.1542
144|12.1542|12.1542
145|12.1542|12.1542
146|12.1542|12.1542
147|12.1542|12.1542
148|12.1542|12.1542
149|12.1542|12.1542
150|12.1542|12.1542
151|12.1542|12.1542
152|12.1542|12.1542
153|12.1542|12.1542
154|12.1542|12.1542
155|12.1542|12.1542
156|12.1542|12.1542
157|12.1542|12.1542
158|12.1542|12.1542
159|12.1542|12.1542
160|12.1542|12.1542
161|12.1542|12.1542
162|12.1542|12.1542
163|12.1542|12.1542
164|12.1542|12.1542
165|12.1542|12.1542
166|12.1542|12.1542
167|12.1542|12.1542
168|12.1542|12.1542
169|12.1542|12.1542
170|12.1542|12.1542
171|12.1542|12.1542
172|12.1542|12.1542
173|12.1542|12.1542
174|12.1542|12.1542
175|12.1542|12.1542
176|12.1542|12.1542
177|12.1542|12.1542
178|12.1542|12.1542
179|12.1542|12.1542
180|12.1542|12.1542
181|12.1542|12.1542
182|12.1542|12.1542
183|12.1542|12.1542
184|12.1542|12.1542
185|12.1542|12.1542
EARLY STOP: TARGET FOUND
73474ms
