1|-2.35531|-2.35531
2|-2.48397|-2.48397
3|-2.57618|-2.57618
4|-2.59582|-2.59582
5|-2.60213|-2.60213
6|-3.23536|-3.23536
7|-3.53374|-3.53374
8|-3.54496|-3.54496
9|-3.54985|-3.54985
10|-3.55392|-3.55392
11|-3.55668|-3.55668
12|-3.55793|-3.55793
13|-3.55878|-3.55878
14|-3.55919|-3.55919
15|-3.55949|-3.55949
16|-3.55995|-3.55995
17|-3.56026|-3.56026
18|-3.56045|-3.56045
19|-3.56061|-3.56061
20|-3.56076|-3.56076
21|-3.56084|-3.56084
22|-3.56092|-3.56092
23|-3.56096|-3.56096
24|-3.56097|-3.56097
25|-3.56099|-3.56099
26|-3.561|-3.561
27|-3.561|-3.561
28|-3.56101|-3.56101
29|-3.56101|-3.56101
30|-3.56101|-3.56101
31|-3.56101|-3.56101
32|-3.56101|-3.56101
33|-3.56101|-3.56101
34|-3.56101|-3.56101
35|-3.56101|-3.56101
36|-3.56101|-3.56101
37|-3.56101|-3.56101
38|-3.56101|-3.56101
39|-3.56101|-3.56101
40|-3.56101|-3.56101
41|-3.56101|-3.56101
42|-3.56101|-3.56101
43|-3.56101|-3.56101
44|-3.56101|-3.56101
45|-3.56101|-3.56101
46|-3.56101|-3.56101
47|-3.56101|-3.56101
48|-3.56101|-3.56101
49|-3.56101|-3.56101
50|-3.56101|-3.56101
51|-3.56101|-3.56101
52|-3.56101|-3.56101
53|-3.56101|-3.56101
54|-3.56101|-3.56101
55|-3.56101|-3.56101
56|-3.56101|-3.56101
57|-3.56101|-3.56101
58|-3.56101|-3.56101
59|-3.56101|-3.56101
60|-3.56101|-3.56101
61|-3.56101|-3.56101
62|-3.56101|-3.56101
63|-3.56101|-3.56101
64|-3.56101|-3.56101
65|-3.56101|-3.56101
66|-3.56101|-3.56101
67|-3.56101|-3.56101
68|-3.56101|-3.56101
69|-3.56101|-3.56101
70|-3.56101|-3.56101
71|-3.56101|-3.56101
72|-3.56101|-3.56101
73|-3.56101|-3.56101
74|-3.56101|-3.56101
75|-3.56101|-3.56101
76|-3.56101|-3.56101
77|-3.56101|-3.56101
78|-3.56101|-3.56101
79|-3.56101|-3.56101
80|-3.56101|-3.56101
81|-3.56101|-3.56101
82|-3.56101|-3.56101
83|-3.56101|-3.56101
84|-3.56101|-3.56101
85|-3.56101|-3.56101
86|-3.56101|-3.56101
87|-3.56101|-3.56101
88|-3.56101|-3.56101
89|-3.56101|-3.56101
90|-3.56101|-3.56101
91|-3.56101|-3.56101
92|-3.56101|-3.56101
93|-3.56101|-3.56101
94|-3.56101|-3.56101
95|-3.56101|-3.56101
96|-3.56101|-3.56101
97|-3.56101|-3.56101
98|-3.56101|-3.56101
99|-3.56101|-3.56101
100|-3.56101|-3.56101
101|-3.56101|-3.56101
102|-3.56101|-3.56101
103|-3.56101|-3.56101
104|-3.56101|-3.56101
105|-3.56101|-3.56101
106|-3.56101|-3.56101
107|-3.56101|-3.56101
108|-3.56101|-3.56101
109|-3.56101|-3.56101
110|-3.56101|-3.56101
111|-3.56101|-3.56101
112|-3.56101|-3.56101
113|-3.56101|-3.56101
114|-3.56101|-3.56101
115|-3.56101|-3.56101
116|-3.56101|-3.56101
117|-3.56101|-3.56101
118|-3.56101|-3.56101
119|-3.56101|-3.56101
120|-3.56101|-3.56101
121|-3.56101|-3.56101
122|-3.56101|-3.56101
123|-3.56101|-3.56101
124|-3.56101|-3.56101
125|-3.56101|-3.56101
126|-3.56101|-3.56101
127|-3.56101|-3.56101
128|-3.56101|-3.56101
129|-3.56101|-3.56101
130|-3.56101|-3.56101
131|-3.56101|-3.56101
132|-3.56101|-3.56101
133|-3.56101|-3.56101
134|-3.56101|-3.56101
135|-3.56101|-3.56101
136|-3.56101|-3.56101
137|-3.56101|-3.56101
138|-3.56101|-3.56101
139|-3.56101|-3.56101
140|-3.56101|-3.56101
141|-3.56101|-3.56101
142|-3.56101|-3.56101
143|-3.56101|-3.56101
144|-3.56101|-3.56101
145|-3.56101|-3.56101
146|-3.56101|-3.56101
147|-3.56101|-3.56101
148|-3.56101|-3.56101
149|-3.56101|-3.56101
150|-3.56101|-3.56101
151|-3.56101|-3.56101
152|-3.56101|-3.56101
153|-3.56101|-3.56101
154|-3.56101|-3.56101
155|-3.56101|-3.56101
156|-3.56101|-3.56101
157|-3.56101|-3.56101
158|-3.56101|-3.56101
159|-3.56101|-3.56101
160|-3.56101|-3.56101
161|-3.56101|-3.56101
162|-3.56101|-3.56101
163|-3.56101|-3.56101
164|-3.56101|-3.56101
165|-3.56101|-3.56101
166|-3.56101|-3.56101
167|-3.56101|-3.56101
168|-3.56101|-3.56101
169|-3.56101|-3.56101
170|-3.56101|-3.56101
171|-3.56101|-3.56101
172|-3.56101|-3.56101
173|-3.56101|-3.56101
174|-3.56101|-3.56101
175|-3.56101|-3.56101
176|-3.56101|-3.56101
177|-3.56101|-3.56101
178|-3.56101|-3.56101
179|-3.56101|-3.56101
180|-3.56101|-3.56101
EARLY STOP: TARGET FOUND
70900ms
