1|-5.10053|-5.10053
2|-5.98526|-5.98526
3|-6.79261|-6.79261
4|-7.5418|-7.5418
5|-8.2657|-8.2657
6|-8.95416|-8.95416
7|-9.61738|-9.61738
8|-10.0711|-10.0711
9|-10.5012|-10.5012
10|-10.9182|-10.9182
11|-11.3253|-11.3253
12|-11.7307|-11.7307
13|-12.1333|-12.1333
14|-12.5248|-12.5248
15|-12.8841|-12.8841
16|-13.2276|-13.2276
17|-13.5263|-13.5263
18|-13.8828|-13.8828
19|-14.1715|-14.1715
20|-14.7113|-14.7113
21|-14.9953|-14.9953
22|-15.2764|-15.2764
23|-15.5193|-15.5193
24|-15.7136|-15.7136
25|-16.1246|-16.1246
26|-16.3163|-16.3163
27|-16.5073|-16.5073
28|-16.6888|-16.6888
29|-16.8673|-16.8673
30|-17.0415|-17.0415
31|-17.2004|-17.2004
32|-17.3519|-17.3519
33|-17.4979|-17.4979
34|-17.6262|-17.6262
35|-18.4885|-18.4885
36|-18.6038|-18.6038
37|-18.7109|-18.7109
38|-18.7965|-18.7965
39|-19.3723|-19.3723
40|-19.661|-19.661
41|-19.7394|-19.7394
42|-19.8095|-19.8095
43|-19.8759|-19.8759
44|-19.9411|-19.9411
45|-19.9943|-19.9943
46|-20.0472|-20.0472
47|-20.1423|-20.1423
48|-20.1818|-20.1818
49|-20.2188|-20.2188
50|-20.4003|-20.4003
51|-21.0672|-21.0672
52|-21.158|-21.158
53|-21.192|-21.192
54|-21.9024|-21.9024
55|-21.9537|-21.9537
56|-21.9833|-21.9833
57|-22.0037|-22.0037
58|-22.0215|-22.0215
59|-22.0391|-22.0391
60|-22.0541|-22.0541
61|-22.0691|-22.0691
62|-22.0805|-22.0805
63|-22.0904|-22.0904
64|-22.1|-22.1
65|-22.109|-22.109
66|-22.1177|-22.1177
67|-22.1264|-22.1264
68|-22.135|-22.135
69|-22.1436|-22.1436
70|-22.152|-22.152
71|-22.1592|-22.1592
72|-22.1648|-22.1648
73|-22.1697|-22.1697
74|-22.1744|-22.1744
75|-22.1788|-22.1788
76|-22.1831|-22.1831
77|-22.1873|-22.1873
78|-22.1915|-22.1915
79|-22.1957|-22.1957
80|-22.1996|-22.1996
81|-22.2029|-22.2029
82|-22.2057|-22.2057
83|-22.2083|-22.2083
84|-22.2109|-22.2109
85|-22.2134|-22.2134
86|-22.2155|-22.2155
87|-22.2174|-22.2174
88|-22.9672|-22.9672
89|-23.146|-23.146
90|-23.1596|-23.1596
91|-23.1613|-23.1613
92|-23.163|-23.163
93|-23.1645|-23.1645
94|-23.166|-23.166
95|-23.1675|-23.1675
96|-23.1688|-23.1688
97|-23.1699|-23.1699
98|-23.171|-23.171
99|-23.172|-23.172
100|-23.173|-23.173
101|-23.1738|-23.1738
102|-23.1747|-23.1747
103|-23.1755|-23.1755
104|-23.1763|-23.1763
105|-23.177|-23.177
106|-23.1777|-23.1777
107|-23.1782|-23.1782
108|-23.1787|-23.1787
109|-23.1791|-23.1791
110|-23.1795|-23.1795
111|-23.1799|-23.1799
112|-23.1803|-23.1803
113|-23.1807|-23.1807
114|-23.181|-23.181
115|-23.1813|-23.1813
116|-23.1815|-23.1815
117|-23.1818|-23.1818
118|-23.182|-23.182
119|-23.1822|-23.1822
120|-23.1824|-23.1824
121|-23.1826|-23.1826
122|-23.1828|-23.1828
123|-23.183|-23.183
124|-23.1832|-23.1832
125|-23.1833|-23.1833
126|-23.1834|-23.1834
127|-23.1836|-23.1836
128|-23.1837|-23.1837
129|-23.1838|-23.1838
130|-23.1839|-23.1839
131|-23.184|-23.184
132|-23.1841|-23.1841
133|-23.1842|-23.1842
134|-23.1842|-23.1842
135|-23.1843|-23.1843
136|-23.1843|-23.1843
137|-23.1844|-23.1844
138|-23.1844|-23.1844
139|-23.1845|-23.1845
140|-23.1845|-23.1845
141|-23.1845|-23.1845
142|-23.1846|-23.1846
143|-23.1846|-23.1846
144|-23.1846|-23.1846
145|-23.1847|-23.1847
146|-23.1847|-23.1847
147|-23.1847|-23.1847
148|-23.1847|-23.1847
149|-23.1848|-23.1848
150|-23.1848|-23.1848
151|-23.1848|-23.1848
152|-23.1848|-23.1848
153|-23.1848|-23.1848
154|-23.1848|-23.1848
155|-23.1849|-23.1849
156|-23.1849|-23.1849
157|-23.1849|-23.1849
158|-23.1849|-23.1849
159|-23.1849|-23.1849
160|-23.1849|-23.1849
161|-23.1849|-23.1849
162|-23.1849|-23.1849
163|-23.1849|-23.1849
164|-23.1849|-23.1849
165|-23.1849|-23.1849
166|-23.1849|-23.1849
167|-23.1849|-23.1849
168|-23.1849|-23.1849
169|-23.1849|-23.1849
170|-23.1849|-23.1849
171|-23.1849|-23.1849
172|-23.1849|-23.1849
173|-23.1849|-23.1849
174|-23.1849|-23.1849
175|-23.1849|-23.1849
176|-23.1849|-23.1849
177|-23.1849|-23.1849
178|-23.1849|-23.1849
179|-23.1849|-23.1849
180|-23.1849|-23.1849
181|-23.1849|-23.1849
182|-23.1849|-23.1849
183|-23.1849|-23.1849
184|-23.1849|-23.1849
185|-23.1849|-23.1849
186|-23.1849|-23.1849
187|-23.1849|-23.1849
188|-23.1849|-23.1849
189|-23.1849|-23.1849
190|-23.1849|-23.1849
191|-23.1849|-23.1849
192|-23.1849|-23.1849
193|-23.1849|-23.1849
194|-23.1849|-23.1849
195|-23.1849|-23.1849
196|-23.1849|-23.1849
197|-23.1849|-23.1849
198|-23.1849|-23.1849
199|-23.1849|-23.1849
200|-23.1849|-23.1849
201|-23.1849|-23.1849
202|-23.1849|-23.1849
203|-23.1849|-23.1849
204|-23.1849|-23.1849
205|-23.1849|-23.1849
206|-23.1849|-23.1849
207|-23.1849|-23.1849
208|-23.1849|-23.1849
209|-23.1849|-23.1849
210|-23.1849|-23.1849
211|-23.1849|-23.1849
212|-23.1849|-23.1849
213|-23.1849|-23.1849
214|-23.1849|-23.1849
215|-23.1849|-23.1849
216|-23.1849|-23.1849
217|-23.1849|-23.1849
218|-23.1849|-23.1849
219|-23.1849|-23.1849
220|-23.1849|-23.1849
221|-23.1849|-23.1849
222|-23.1849|-23.1849
223|-23.1849|-23.1849
224|-23.1849|-23.1849
225|-23.1849|-23.1849
226|-23.1849|-23.1849
227|-23.1849|-23.1849
228|-23.1849|-23.1849
229|-23.1849|-23.1849
230|-23.1849|-23.1849
231|-23.1849|-23.1849
232|-23.1849|-23.1849
233|-23.1849|-23.1849
234|-23.1849|-23.1849
235|-23.1849|-23.1849
236|-23.1849|-23.1849
237|-23.1849|-23.1849
238|-23.1849|-23.1849
239|-23.1849|-23.1849
240|-23.1849|-23.1849
241|-23.1849|-23.1849
242|-23.1849|-23.1849
243|-23.1849|-23.1849
244|-23.1849|-23.1849
245|-23.1849|-23.1849
246|-23.1849|-23.1849
247|-23.1849|-23.1849
248|-23.1849|-23.1849
249|-23.1849|-23.1849
250|-23.1849|-23.1849
251|-23.1849|-23.1849
252|-23.1849|-23.1849
253|-23.1849|-23.1849
254|-23.1849|-23.1849
255|-23.1849|-23.1849
256|-23.1849|-23.1849
257|-23.1849|-23.1849
258|-23.1849|-23.1849
259|-23.1849|-23.1849
260|-23.1849|-23.1849
261|-23.1849|-23.1849
262|-23.1849|-23.1849
263|-23.1849|-23.1849
264|-23.1849|-23.1849
265|-23.1849|-23.1849
266|-23.1849|-23.1849
267|-23.1849|-23.1849
268|-23.1849|-23.1849
269|-23.1849|-23.1849
270|-23.1849|-23.1849
271|-23.1849|-23.1849
272|-23.1849|-23.1849
273|-23.1849|-23.1849
274|-23.1849|-23.1849
275|-23.1849|-23.1849
276|-23.1849|-23.1849
277|-23.1849|-23.1849
278|-23.1849|-23.1849
279|-23.1849|-23.1849
280|-23.1849|-23.1849
281|-23.1849|-23.1849
282|-23.1849|-23.1849
283|-23.1849|-23.1849
284|-23.1849|-23.1849
285|-23.1849|-23.1849
286|-23.1849|-23.1849
287|-23.1849|-23.1849
288|-23.1849|-23.1849
289|-23.1849|-23.1849
290|-23.1849|-23.1849
291|-23.1849|-23.1849
292|-23.1849|-23.1849
293|-23.1849|-23.1849
294|-23.1849|-23.1849
295|-23.1849|-23.1849
296|-23.1849|-23.1849
297|-23.1849|-23.1849
298|-23.1849|-23.1849
299|-23.1849|-23.1849
300|-23.1849|-23.1849
301|-23.1849|-23.1849
302|-23.1849|-23.1849
303|-23.1849|-23.1849
304|-23.1849|-23.1849
305|-23.1849|-23.1849
306|-23.1849|-23.1849
307|-23.1849|-23.1849
308|-23.1849|-23.1849
309|-23.1849|-23.1849
310|-23.1849|-23.1849
311|-23.1849|-23.1849
312|-23.1849|-23.1849
313|-23.1849|-23.1849
314|-23.1849|-23.1849
315|-23.1849|-23.1849
316|-23.1849|-23.1849
317|-23.1849|-23.1849
318|-23.1849|-23.1849
319|-23.1849|-23.1849
320|-23.1849|-23.1849
321|-23.1849|-23.1849
322|-23.1849|-23.1849
EARLY STOP: TARGET FOUND
3832955ms
