1|-846.147|-846.147
2|-1421.16|-1421.16
3|-1980.08|-1980.08
4|-2490.53|-2490.53
5|-2916.59|-2916.59
6|-3341.54|-3341.54
7|-3757.58|-3757.58
8|-4112.44|-4112.44
9|-4404.75|-4404.75
10|-4665.01|-4665.01
11|-4911.08|-4911.08
12|-5152.08|-5152.08
13|-5349.82|-5349.82
14|-5542.81|-5542.81
15|-5731.06|-5731.06
16|-5916.63|-5916.63
17|-6123.06|-6123.06
18|-6307.85|-6307.85
19|-6479.08|-6479.08
20|-6630.88|-6630.88
21|-6763.4|-6763.4
22|-6887.94|-6887.94
23|-7000.38|-7000.38
24|-7110.89|-7110.89
25|-7219.02|-7219.02
26|-7326.27|-7326.27
27|-7407.55|-7407.55
28|-7503.08|-7503.08
29|-7748.78|-7748.78
30|-7826.45|-7826.45
31|-7901.01|-7901.01
32|-7975.14|-7975.14
33|-8029.78|-8029.78
34|-8084.4|-8084.4
35|-8137.08|-8137.08
36|-8490.92|-8490.92
37|-8539.36|-8539.36
38|-8629.8|-8629.8
39|-8889.41|-8889.41
40|-8937.18|-8937.18
41|-8984.35|-8984.35
42|-9031.38|-9031.38
43|-9072.73|-9072.73
44|-9108.88|-9108.88
45|-9144.27|-9144.27
46|-9174.75|-9174.75
47|-9199.1|-9199.1
48|-9234.71|-9234.71
49|-9256.2|-9256.2
50|-9276.84|-9276.84
51|-9297.07|-9297.07
52|-9316.74|-9316.74
53|-9335.86|-9335.86
54|-9354.38|-9354.38
55|-9372.75|-9372.75
56|-9391.03|-9391.03
57|-9426.85|-9426.85
58|-9444.53|-9444.53
59|-9461.57|-9461.57
60|-9485.44|-9485.44
61|-9521.07|-9521.07
62|-9534.77|-9534.77
63|-9547.13|-9547.13
64|-9559.46|-9559.46
65|-9571.6|-9571.6
66|-9583.38|-9583.38
67|-9594.11|-9594.11
68|-9604.4|-9604.4
69|-9613.7|-9613.7
70|-9622.58|-9622.58
71|-9658.71|-9658.71
72|-9676.38|-9676.38
73|-9685.23|-9685.23
74|-9694.03|-9694.03
75|-9702.81|-9702.81
76|-9711.48|-9711.48
77|-9747.62|-9747.62
78|-9765.29|-9765.29
79|-9773.8|-9773.8
80|-9780.16|-9780.16
81|-9784.59|-9784.59
82|-9812.78|-9812.78
83|-9817.15|-9817.15
84|-9821.52|-9821.52
85|-9825.89|-9825.89
86|-9830.25|-9830.25
87|-9834.62|-9834.62
88|-9838.94|-9838.94
89|-9842.37|-9842.37
90|-9844.55|-9844.55
91|-9846.63|-9846.63
92|-9848.7|-9848.7
93|-9850.77|-9850.77
94|-9852.83|-9852.83
95|-9854.67|-9854.67
96|-9856.41|-9856.41
97|-9857.7|-9857.7
98|-9858.99|-9858.99
99|-9860.1|-9860.1
100|-9861.19|-9861.19
101|-9862.21|-9862.21
102|-9863.23|-9863.23
103|-9864.25|-9864.25
104|-9865.26|-9865.26
105|-9866.27|-9866.27
106|-9867.24|-9867.24
107|-9867.96|-9867.96
108|-9868.64|-9868.64
109|-9869.32|-9869.32
110|-9869.94|-9869.94
111|-9870.49|-9870.49
112|-9871.03|-9871.03
113|-9871.57|-9871.57
114|-9872.08|-9872.08
115|-9872.59|-9872.59
116|-9873.09|-9873.09
117|-9873.59|-9873.59
118|-9874.05|-9874.05
119|-9874.43|-9874.43
120|-9874.79|-9874.79
121|-9875.1|-9875.1
122|-9875.41|-9875.41
123|-9875.68|-9875.68
124|-9875.95|-9875.95
125|-9876.23|-9876.23
126|-9876.5|-9876.5
127|-9876.75|-9876.75
128|-9876.92|-9876.92
129|-9877.09|-9877.09
130|-9877.24|-9877.24
131|-9877.4|-9877.4
132|-9877.55|-9877.55
133|-9877.69|-9877.69
134|-9877.82|-9877.82
135|-9877.96|-9877.96
136|-9878.08|-9878.08
137|-9878.21|-9878.21
138|-9878.29|-9878.29
139|-9878.37|-9878.37
140|-9878.45|-9878.45
141|-9878.52|-9878.52
142|-9878.6|-9878.6
143|-9878.66|-9878.66
144|-9878.73|-9878.73
145|-9878.79|-9878.79
146|-9878.84|-9878.84
147|-9878.88|-9878.88
148|-9878.93|-9878.93
149|-9878.97|-9878.97
150|-9879|-9879
151|-9879.04|-9879.04
152|-9879.07|-9879.07
153|-9879.11|-9879.11
154|-9879.14|-9879.14
155|-9879.17|-9879.17
156|-9879.21|-9879.21
157|-9879.24|-9879.24
158|-9879.27|-9879.27
159|-9879.31|-9879.31
160|-9879.34|-9879.34
161|-9879.37|-9879.37
162|-9879.4|-9879.4
163|-9879.42|-9879.42
164|-9879.44|-9879.44
165|-9879.46|-9879.46
166|-9879.48|-9879.48
167|-9879.49|-9879.49
168|-9879.51|-9879.51
169|-9879.53|-9879.53
170|-9879.54|-9879.54
171|-9879.56|-9879.56
172|-9879.58|-9879.58
173|-9879.59|-9879.59
174|-9879.61|-9879.61
175|-9879.62|-9879.62
176|-9879.64|-9879.64
177|-9879.65|-9879.65
178|-9879.67|-9879.67
179|-9879.68|-9879.68
180|-9879.69|-9879.69
181|-9879.7|-9879.7
182|-9879.71|-9879.71
183|-9879.71|-9879.71
184|-9879.72|-9879.72
185|-9879.73|-9879.73
186|-9879.74|-9879.74
187|-9879.75|-9879.75
188|-9879.75|-9879.75
189|-9879.76|-9879.76
190|-9879.77|-9879.77
191|-9879.78|-9879.78
192|-9879.78|-9879.78
193|-9879.79|-9879.79
194|-9879.79|-9879.79
195|-9879.8|-9879.8
196|-9879.8|-9879.8
197|-9879.8|-9879.8
198|-9879.81|-9879.81
199|-9879.81|-9879.81
200|-9879.82|-9879.82
201|-9879.82|-9879.82
202|-9879.82|-9879.82
203|-9879.83|-9879.83
204|-9879.83|-9879.83
205|-9879.83|-9879.83
206|-9879.83|-9879.83
207|-9879.84|-9879.84
208|-9879.84|-9879.84
209|-9879.84|-9879.84
210|-9879.84|-9879.84
211|-9879.84|-9879.84
212|-9879.85|-9879.85
213|-9879.85|-9879.85
214|-9879.85|-9879.85
215|-9879.85|-9879.85
216|-9879.85|-9879.85
217|-9879.86|-9879.86
218|-9879.86|-9879.86
219|-9879.86|-9879.86
220|-9879.86|-9879.86
221|-9879.86|-9879.86
222|-9879.86|-9879.86
223|-9879.86|-9879.86
224|-9879.86|-9879.86
225|-9879.86|-9879.86
226|-9879.87|-9879.87
227|-9879.87|-9879.87
228|-9879.87|-9879.87
229|-9879.87|-9879.87
230|-9879.87|-9879.87
231|-9879.87|-9879.87
232|-9879.87|-9879.87
233|-9879.87|-9879.87
234|-9879.87|-9879.87
235|-9879.87|-9879.87
236|-9879.87|-9879.87
237|-9879.87|-9879.87
238|-9879.87|-9879.87
239|-9879.87|-9879.87
240|-9879.87|-9879.87
241|-9879.87|-9879.87
242|-9879.87|-9879.87
243|-9879.87|-9879.87
244|-9879.87|-9879.87
245|-9879.87|-9879.87
246|-9879.87|-9879.87
247|-9879.87|-9879.87
248|-9879.87|-9879.87
249|-9879.87|-9879.87
250|-9879.87|-9879.87
251|-9879.87|-9879.87
252|-9879.87|-9879.87
253|-9879.87|-9879.87
254|-9879.87|-9879.87
255|-9879.87|-9879.87
256|-9879.87|-9879.87
257|-9879.87|-9879.87
258|-9879.87|-9879.87
259|-9879.87|-9879.87
260|-9879.87|-9879.87
261|-9879.87|-9879.87
262|-9879.87|-9879.87
263|-9879.87|-9879.87
264|-9879.87|-9879.87
265|-9879.87|-9879.87
266|-9879.87|-9879.87
267|-9879.87|-9879.87
268|-9879.87|-9879.87
269|-9879.87|-9879.87
270|-9879.87|-9879.87
271|-9879.87|-9879.87
272|-9879.87|-9879.87
273|-9879.87|-9879.87
274|-9879.87|-9879.87
275|-9879.87|-9879.87
276|-9879.87|-9879.87
277|-9879.87|-9879.87
278|-9879.87|-9879.87
279|-9879.87|-9879.87
280|-9879.87|-9879.87
281|-9879.87|-9879.87
282|-9879.87|-9879.87
283|-9879.87|-9879.87
284|-9879.87|-9879.87
285|-9879.87|-9879.87
286|-9879.87|-9879.87
287|-9879.87|-9879.87
288|-9879.87|-9879.87
289|-9879.87|-9879.87
290|-9879.87|-9879.87
291|-9879.87|-9879.87
292|-9879.87|-9879.87
293|-9879.87|-9879.87
294|-9879.87|-9879.87
295|-9879.87|-9879.87
296|-9879.87|-9879.87
297|-9879.87|-9879.87
298|-9879.87|-9879.87
299|-9879.87|-9879.87
300|-9879.87|-9879.87
301|-9879.87|-9879.87
302|-9879.87|-9879.87
303|-9879.87|-9879.87
304|-9879.87|-9879.87
305|-9879.87|-9879.87
306|-9879.87|-9879.87
307|-9879.87|-9879.87
308|-9879.87|-9879.87
309|-9879.87|-9879.87
310|-9879.87|-9879.87
311|-9879.87|-9879.87
312|-9879.87|-9879.87
313|-9879.87|-9879.87
314|-9879.87|-9879.87
315|-9879.87|-9879.87
316|-9879.87|-9879.87
317|-9879.87|-9879.87
318|-9879.87|-9879.87
319|-9879.87|-9879.87
320|-9879.87|-9879.87
321|-9879.87|-9879.87
322|-9879.87|-9879.87
323|-9879.87|-9879.87
324|-9879.87|-9879.87
325|-9879.87|-9879.87
326|-9879.87|-9879.87
327|-9879.87|-9879.87
328|-9879.87|-9879.87
329|-9879.87|-9879.87
330|-9879.87|-9879.87
331|-9879.87|-9879.87
332|-9879.87|-9879.87
333|-9879.87|-9879.87
334|-9879.87|-9879.87
335|-9879.87|-9879.87
336|-9879.87|-9879.87
337|-9879.87|-9879.87
338|-9879.87|-9879.87
339|-9879.87|-9879.87
340|-9879.87|-9879.87
341|-9879.87|-9879.87
342|-9879.87|-9879.87
343|-9879.87|-9879.87
344|-9879.87|-9879.87
345|-9879.87|-9879.87
346|-9879.87|-9879.87
347|-9879.87|-9879.87
348|-9879.87|-9879.87
349|-9879.87|-9879.87
350|-9879.87|-9879.87
351|-9879.87|-9879.87
352|-9879.87|-9879.87
353|-9879.87|-9879.87
354|-9879.87|-9879.87
355|-9879.87|-9879.87
356|-9879.87|-9879.87
357|-9879.87|-9879.87
358|-9879.87|-9879.87
359|-9879.87|-9879.87
360|-9879.87|-9879.87
361|-9879.87|-9879.87
362|-9879.87|-9879.87
363|-9879.87|-9879.87
364|-9879.87|-9879.87
365|-9879.87|-9879.87
366|-9879.87|-9879.87
367|-9879.87|-9879.87
368|-9879.87|-9879.87
369|-9879.87|-9879.87
370|-9879.87|-9879.87
371|-9879.87|-9879.87
372|-9879.87|-9879.87
373|-9879.87|-9879.87
374|-9879.87|-9879.87
375|-9879.87|-9879.87
376|-9879.87|-9879.87
377|-9879.87|-9879.87
378|-9879.87|-9879.87
379|-9879.87|-9879.87
380|-9879.87|-9879.87
381|-9879.87|-9879.87
EARLY STOP: TARGET FOUND
6314899ms
