1|555.702|555.702
2|521.693|521.693
3|490.621|490.621
4|464.435|464.435
5|439.001|439.001
6|416.693|416.693
7|396.862|396.862
8|377.928|377.928
9|360.008|360.008
10|342.766|342.766
11|326.021|326.021
12|309.656|309.656
13|293.406|293.406
14|277.517|277.517
15|263.308|263.308
16|249.38|249.38
17|236.707|236.707
18|224.585|224.585
19|212.574|212.574
20|201.537|201.537
21|190.822|190.822
22|181.185|181.185
23|172.177|172.177
24|163.362|163.362
25|155.504|155.504
26|148.229|148.229
27|141.009|141.009
28|135.164|135.164
29|129.381|129.381
30|121.326|121.326
31|115.923|115.923
32|111.268|111.268
33|106.771|106.771
34|102.349|102.349
35|98.3145|98.3145
36|94.5938|94.5938
37|91.8687|91.8687
38|90.0638|90.0638
39|88.3012|88.3012
40|86.6765|86.6765
41|85.0684|85.0684
42|83.4845|83.4845
43|82.0632|82.0632
44|80.677|80.677
45|79.7915|79.7915
46|78.9222|78.9222
47|78.1446|78.1446
48|77.4318|77.4318
49|76.7721|76.7721
50|76.165|76.165
51|75.5772|75.5772
52|75.0259|75.0259
53|74.5013|74.5013
54|74.0024|74.0024
55|73.5067|73.5067
56|73.0887|73.0887
57|72.6885|72.6885
58|72.3376|72.3376
59|72.0136|72.0136
60|67.3222|67.3222
61|64.7649|64.7649
62|64.4414|64.4414
63|64.1328|64.1328
64|63.8493|63.8493
65|63.6127|63.6127
66|63.3984|63.3984
67|63.1926|63.1926
68|62.9997|62.9997
69|62.8381|62.8381
70|62.6891|62.6891
71|62.5447|62.5447
72|62.403|62.403
73|62.2616|62.2616
74|62.1249|62.1249
75|62.0215|62.0215
76|61.9388|61.9388
77|61.8564|61.8564
78|61.7798|61.7798
79|61.7048|61.7048
80|61.6358|61.6358
81|61.5682|61.5682
82|61.5007|61.5007
83|61.4475|61.4475
84|61.3981|61.3981
85|61.3499|61.3499
86|61.3022|61.3022
87|61.2583|61.2583
88|61.2163|61.2163
89|61.1762|61.1762
90|61.1386|61.1386
91|61.1049|61.1049
92|61.0715|61.0715
93|61.0422|61.0422
94|61.0156|61.0156
95|60.9891|60.9891
96|60.9683|60.9683
97|60.9504|60.9504
98|60.9326|60.9326
99|60.915|60.915
100|60.8975|60.8975
101|60.8809|60.8809
102|60.8655|60.8655
103|60.8556|60.8556
104|60.8464|60.8464
105|60.8374|60.8374
106|60.8286|60.8286
107|60.8199|60.8199
108|60.8113|60.8113
109|60.803|60.803
110|60.7947|60.7947
111|60.7864|60.7864
112|60.7784|60.7784
113|60.7709|60.7709
114|60.7638|60.7638
115|60.7568|60.7568
116|60.7501|60.7501
117|60.7436|60.7436
118|60.7384|60.7384
119|60.734|60.734
120|60.7297|60.7297
121|60.7256|60.7256
122|60.7214|60.7214
123|60.7178|60.7178
124|60.7144|60.7144
125|60.7114|60.7114
126|60.7088|60.7088
127|60.7066|60.7066
128|60.7045|60.7045
129|60.7024|60.7024
130|60.7003|60.7003
131|60.6983|60.6983
132|60.6965|60.6965
133|60.6951|60.6951
134|60.694|60.694
135|60.6929|60.6929
136|60.6919|60.6919
137|60.6908|60.6908
138|60.6898|60.6898
139|60.6888|60.6888
140|60.6879|60.6879
141|60.687|60.687
142|60.6863|60.6863
143|60.6855|60.6855
144|60.6848|60.6848
145|60.6841|60.6841
146|60.6835|60.6835
147|60.6829|60.6829
148|60.6824|60.6824
149|60.6819|60.6819
150|60.6813|60.6813
151|60.6808|60.6808
152|60.6804|60.6804
153|60.6801|60.6801
154|60.6798|60.6798
155|60.6795|60.6795
156|60.6792|60.6792
157|60.679|60.679
158|60.6787|60.6787
159|60.6785|60.6785
160|60.6782|60.6782
161|60.678|60.678
162|60.6778|60.6778
163|60.6776|60.6776
164|60.6775|60.6775
165|60.6773|60.6773
166|60.6772|60.6772
167|60.677|60.677
168|60.6768|60.6768
169|60.6767|60.6767
170|60.6766|60.6766
171|60.6764|60.6764
172|60.6763|60.6763
173|60.6762|60.6762
174|60.6761|60.6761
175|60.6761|60.6761
176|60.676|60.676
177|60.6759|60.6759
178|60.6759|60.6759
179|60.6758|60.6758
180|60.6757|60.6757
181|60.6757|60.6757
182|60.6757|60.6757
183|60.6756|60.6756
184|60.6756|60.6756
185|60.6755|60.6755
186|60.6755|60.6755
187|60.6755|60.6755
188|60.6755|60.6755
189|60.6754|60.6754
190|60.6754|60.6754
191|60.6754|60.6754
192|60.6754|60.6754
193|60.6754|60.6754
194|60.6754|60.6754
195|60.6753|60.6753
196|60.6753|60.6753
197|60.6753|60.6753
198|60.6753|60.6753
199|60.6753|60.6753
200|60.6753|60.6753
201|60.6753|60.6753
202|60.6753|60.6753
203|60.6753|60.6753
204|60.6753|60.6753
205|60.6753|60.6753
206|60.6753|60.6753
207|60.6753|60.6753
208|60.6753|60.6753
209|60.6753|60.6753
210|60.6753|60.6753
211|60.6753|60.6753
212|60.6753|60.6753
213|60.6753|60.6753
214|60.6753|60.6753
215|60.6753|60.6753
216|60.6753|60.6753
217|60.6753|60.6753
218|60.6753|60.6753
219|60.6753|60.6753
220|60.6753|60.6753
221|60.6753|60.6753
222|60.6753|60.6753
223|60.6753|60.6753
224|60.6753|60.6753
225|60.6753|60.6753
226|60.6753|60.6753
227|60.6753|60.6753
228|60.6753|60.6753
229|60.6753|60.6753
230|60.6753|60.6753
231|60.6753|60.6753
232|60.6753|60.6753
233|60.6753|60.6753
234|60.6753|60.6753
235|60.6753|60.6753
236|60.6753|60.6753
237|60.6753|60.6753
238|60.6753|60.6753
239|60.6753|60.6753
240|60.6753|60.6753
241|60.6753|60.6753
242|60.6753|60.6753
243|60.6753|60.6753
244|60.6753|60.6753
245|60.6753|60.6753
246|60.6753|60.6753
247|60.6753|60.6753
248|60.6753|60.6753
249|60.6753|60.6753
250|60.6753|60.6753
251|60.6753|60.6753
252|60.6753|60.6753
253|60.6753|60.6753
254|60.6753|60.6753
255|60.6753|60.6753
256|60.6753|60.6753
257|60.6753|60.6753
258|60.6753|60.6753
259|60.6753|60.6753
260|60.6753|60.6753
261|60.6753|60.6753
262|60.6753|60.6753
263|60.6753|60.6753
264|60.6753|60.6753
265|60.6753|60.6753
266|60.6753|60.6753
267|60.6753|60.6753
268|60.6753|60.6753
269|60.6753|60.6753
270|60.6753|60.6753
271|60.6753|60.6753
272|60.6753|60.6753
273|60.6753|60.6753
274|60.6753|60.6753
275|60.6753|60.6753
276|60.6753|60.6753
277|60.6753|60.6753
278|60.6753|60.6753
279|60.6753|60.6753
280|60.6753|60.6753
281|60.6753|60.6753
282|60.6753|60.6753
283|60.6753|60.6753
284|60.6753|60.6753
285|60.6753|60.6753
286|60.6753|60.6753
287|60.6753|60.6753
288|60.6753|60.6753
289|60.6753|60.6753
290|60.6753|60.6753
291|60.6753|60.6753
292|60.6753|60.6753
293|60.6753|60.6753
294|60.6753|60.6753
295|60.6753|60.6753
296|60.6753|60.6753
297|60.6753|60.6753
298|60.6753|60.6753
299|60.6753|60.6753
300|60.6753|60.6753
301|60.6753|60.6753
302|60.6753|60.6753
303|60.6753|60.6753
304|60.6753|60.6753
305|60.6753|60.6753
306|60.6753|60.6753
307|60.6753|60.6753
308|60.6753|60.6753
309|60.6753|60.6753
310|60.6753|60.6753
311|60.6753|60.6753
312|60.6753|60.6753
313|60.6753|60.6753
314|60.6753|60.6753
315|60.6753|60.6753
316|60.6753|60.6753
317|60.6753|60.6753
318|60.6753|60.6753
319|60.6753|60.6753
320|60.6753|60.6753
321|60.6753|60.6753
322|60.6753|60.6753
323|60.6753|60.6753
324|60.6753|60.6753
325|60.6753|60.6753
326|60.6753|60.6753
327|60.6753|60.6753
328|60.6753|60.6753
329|60.6753|60.6753
330|60.6753|60.6753
331|60.6753|60.6753
332|60.6753|60.6753
333|60.6753|60.6753
334|60.6753|60.6753
335|60.6753|60.6753
336|60.6753|60.6753
337|60.6753|60.6753
338|60.6753|60.6753
339|60.6753|60.6753
340|60.6753|60.6753
341|60.6753|60.6753
342|60.6753|60.6753
343|60.6753|60.6753
344|60.6753|60.6753
345|60.6753|60.6753
346|60.6753|60.6753
347|60.6753|60.6753
348|60.6753|60.6753
349|60.6753|60.6753
350|60.6753|60.6753
EARLY STOP: TARGET FOUND
4011806ms
