1|514.117|514.117
2|487.953|487.953
3|462.118|462.118
4|437.372|437.372
5|413.582|413.582
6|390.001|390.001
7|366.534|366.534
8|345.457|345.457
9|325.011|325.011
10|306.061|306.061
11|287.482|287.482
12|269.722|269.722
13|252.564|252.564
14|236.262|236.262
15|220.64|220.64
16|207.578|207.578
17|194.573|194.573
18|182.695|182.695
19|171.128|171.128
20|159.823|159.823
21|150.289|150.289
22|141.612|141.612
23|135.073|135.073
24|128.89|128.89
25|122.86|122.86
26|116.936|116.936
27|104.859|104.859
28|99.3288|99.3288
29|95.57|95.57
30|92.3369|92.3369
31|89.1279|89.1279
32|85.9613|85.9613
33|82.8069|82.8069
34|81.0837|81.0837
35|79.4158|79.4158
36|77.7747|77.7747
37|76.2284|76.2284
38|74.8445|74.8445
39|73.6044|73.6044
40|72.3689|72.3689
41|71.3054|71.3054
42|70.0348|70.0348
43|66.4038|66.4038
44|65.5138|65.5138
45|64.6453|64.6453
46|63.9724|63.9724
47|63.4351|63.4351
48|62.9717|62.9717
49|62.5346|62.5346
50|62.1265|62.1265
51|61.721|61.721
52|61.4338|61.4338
53|61.1868|61.1868
54|60.9547|60.9547
55|60.7344|60.7344
56|55.8347|55.8347
57|53.333|53.333
58|53.1132|53.1132
59|52.937|52.937
60|52.7777|52.7777
61|52.6367|52.6367
62|52.503|52.503
63|52.3706|52.3706
64|52.2386|52.2386
65|52.157|52.157
66|52.0784|52.0784
67|51.9999|51.9999
68|51.922|51.922
69|51.8481|51.8481
70|51.7788|51.7788
71|51.7279|51.7279
72|51.6843|51.6843
73|51.643|51.643
74|51.6058|51.6058
75|51.5693|51.5693
76|51.5335|51.5335
77|51.4978|51.4978
78|51.4623|51.4623
79|51.4285|51.4285
80|51.395|51.395
81|51.3623|51.3623
82|51.3419|51.3419
83|51.3219|51.3219
84|51.3039|51.3039
85|51.2862|51.2862
86|51.2686|51.2686
87|51.2511|51.2511
88|51.2344|51.2344
89|51.2177|51.2177
90|51.2059|51.2059
91|51.1944|51.1944
92|51.1837|51.1837
93|51.175|51.175
94|51.1662|51.1662
95|51.1575|51.1575
96|51.1488|51.1488
97|51.1404|51.1404
98|51.1321|51.1321
99|51.1238|51.1238
100|51.1164|51.1164
101|51.1095|51.1095
102|51.1025|51.1025
103|51.0982|51.0982
104|51.0939|51.0939
105|51.0895|51.0895
106|51.0852|51.0852
107|51.0811|51.0811
108|51.077|51.077
109|51.074|51.074
110|51.0711|51.0711
111|51.0689|51.0689
112|51.0668|51.0668
113|51.0646|51.0646
114|51.0625|51.0625
115|51.0603|51.0603
116|51.0582|51.0582
117|51.056|51.056
118|51.054|51.054
119|51.0519|51.0519
120|51.0498|51.0498
121|51.0479|51.0479
122|51.0459|51.0459
123|51.0443|51.0443
124|51.0429|51.0429
125|51.0415|51.0415
126|51.0372|51.0372
127|51.0361|51.0361
128|51.0351|51.0351
129|51.034|51.034
130|51.0329|51.0329
131|51.0318|51.0318
132|51.0308|51.0308
133|51.0297|51.0297
134|51.0287|51.0287
135|51.028|51.028
136|51.0273|51.0273
137|51.0266|51.0266
138|51.0259|51.0259
139|51.0253|51.0253
140|51.0247|51.0247
141|51.0242|51.0242
142|51.0236|51.0236
143|51.0231|51.0231
144|51.0225|51.0225
145|51.022|51.022
146|51.0217|51.0217
147|51.0214|51.0214
148|51.0212|51.0212
149|51.0209|51.0209
150|51.0207|51.0207
151|51.0204|51.0204
152|51.0201|51.0201
153|51.0199|51.0199
154|51.0196|51.0196
155|51.0195|51.0195
156|51.0193|51.0193
157|51.0191|51.0191
158|51.019|51.019
159|51.0189|51.0189
160|51.0187|51.0187
161|51.0186|51.0186
162|51.0184|51.0184
163|51.0183|51.0183
164|51.0182|51.0182
165|51.0181|51.0181
166|51.018|51.018
167|51.0179|51.0179
168|51.0178|51.0178
169|51.0178|51.0178
170|51.0177|51.0177
171|51.0177|51.0177
172|51.0177|51.0177
173|51.0176|51.0176
174|51.0176|51.0176
175|51.0176|51.0176
176|51.0176|51.0176
177|51.0176|51.0176
178|51.0176|51.0176
179|51.0176|51.0176
180|51.0176|51.0176
181|51.0176|51.0176
182|51.0176|51.0176
183|51.0176|51.0176
184|51.0176|51.0176
185|51.0176|51.0176
186|51.0176|51.0176
187|51.0176|51.0176
188|51.0176|51.0176
189|51.0176|51.0176
190|51.0176|51.0176
191|51.0176|51.0176
192|51.0176|51.0176
193|51.0176|51.0176
194|51.0176|51.0176
195|51.0176|51.0176
196|51.0176|51.0176
197|51.0176|51.0176
198|51.0176|51.0176
199|51.0176|51.0176
200|51.0176|51.0176
201|51.0176|51.0176
202|51.0176|51.0176
203|51.0176|51.0176
204|51.0176|51.0176
205|51.0176|51.0176
206|51.0176|51.0176
207|51.0176|51.0176
208|51.0176|51.0176
209|51.0176|51.0176
210|51.0176|51.0176
211|51.0176|51.0176
212|51.0176|51.0176
213|51.0176|51.0176
214|51.0176|51.0176
215|51.0176|51.0176
216|51.0176|51.0176
217|51.0176|51.0176
218|51.0176|51.0176
219|51.0176|51.0176
220|51.0176|51.0176
221|51.0176|51.0176
222|51.0176|51.0176
223|51.0176|51.0176
224|51.0176|51.0176
225|51.0176|51.0176
226|51.0176|51.0176
227|51.0176|51.0176
228|51.0176|51.0176
229|51.0176|51.0176
230|51.0176|51.0176
231|51.0176|51.0176
232|51.0176|51.0176
233|51.0176|51.0176
234|51.0176|51.0176
235|51.0176|51.0176
236|51.0176|51.0176
237|51.0176|51.0176
238|51.0176|51.0176
239|51.0176|51.0176
240|51.0176|51.0176
241|51.0176|51.0176
242|51.0176|51.0176
243|51.0176|51.0176
244|51.0176|51.0176
245|51.0176|51.0176
246|51.0176|51.0176
247|51.0176|51.0176
248|51.0176|51.0176
249|51.0176|51.0176
250|51.0176|51.0176
251|51.0176|51.0176
252|51.0176|51.0176
253|51.0176|51.0176
254|51.0176|51.0176
255|51.0176|51.0176
256|51.0176|51.0176
257|51.0176|51.0176
258|51.0176|51.0176
259|51.0176|51.0176
260|51.0176|51.0176
261|51.0176|51.0176
262|51.0176|51.0176
263|51.0176|51.0176
264|51.0176|51.0176
265|51.0176|51.0176
266|51.0176|51.0176
267|51.0176|51.0176
268|51.0176|51.0176
269|51.0176|51.0176
270|51.0176|51.0176
271|51.0176|51.0176
272|51.0176|51.0176
273|51.0176|51.0176
274|51.0176|51.0176
275|51.0176|51.0176
276|51.0176|51.0176
277|51.0176|51.0176
278|51.0176|51.0176
279|51.0176|51.0176
280|51.0176|51.0176
281|51.0176|51.0176
282|51.0176|51.0176
283|51.0176|51.0176
284|51.0176|51.0176
285|51.0176|51.0176
286|51.0176|51.0176
287|51.0176|51.0176
288|51.0176|51.0176
289|51.0176|51.0176
290|51.0176|51.0176
291|51.0176|51.0176
292|51.0176|51.0176
293|51.0176|51.0176
294|51.0176|51.0176
295|51.0176|51.0176
296|51.0176|51.0176
297|51.0176|51.0176
298|51.0176|51.0176
299|51.0176|51.0176
300|51.0176|51.0176
301|51.0176|51.0176
302|51.0176|51.0176
303|51.0176|51.0176
304|51.0176|51.0176
305|51.0176|51.0176
306|51.0176|51.0176
307|51.0176|51.0176
308|51.0176|51.0176
309|51.0176|51.0176
310|51.0176|51.0176
311|51.0176|51.0176
312|51.0176|51.0176
313|51.0176|51.0176
314|51.0176|51.0176
315|51.0176|51.0176
316|51.0176|51.0176
317|51.0176|51.0176
318|51.0176|51.0176
319|51.0176|51.0176
320|51.0176|51.0176
321|51.0176|51.0176
322|51.0176|51.0176
323|51.0176|51.0176
324|51.0176|51.0176
325|51.0176|51.0176
326|51.0176|51.0176
327|51.0176|51.0176
328|51.0176|51.0176
329|51.0176|51.0176
330|51.0176|51.0176
EARLY STOP: TARGET FOUND
4044600ms
