1|-604.307|-604.307
2|-976.112|-976.112
3|-1239.66|-1239.66
4|-1412.01|-1412.01
5|-1448.13|-1448.13
6|-1465.79|-1465.79
7|-1481.33|-1481.33
8|-1486.61|-1486.61
9|-1491.09|-1491.09
10|-1495.46|-1495.46
11|-1498.1|-1498.1
12|-1499.56|-1499.56
13|-1500.87|-1500.87
14|-1501.7|-1501.7
15|-1502.5|-1502.5
16|-1502.83|-1502.83
17|-1502.99|-1502.99
18|-1503.06|-1503.06
19|-1503.13|-1503.13
20|-1503.18|-1503.18
21|-1503.22|-1503.22
22|-1503.25|-1503.25
23|-1503.28|-1503.28
24|-1503.3|-1503.3
25|-1503.31|-1503.31
26|-1503.32|-1503.32
27|-1503.32|-1503.32
28|-1503.32|-1503.32
29|-1503.32|-1503.32
30|-1503.32|-1503.32
31|-1503.32|-1503.32
32|-1503.32|-1503.32
33|-1503.32|-1503.32
34|-1503.32|-1503.32
35|-1503.32|-1503.32
36|-1503.32|-1503.32
37|-1503.32|-1503.32
38|-1503.32|-1503.32
39|-1503.32|-1503.32
40|-1503.32|-1503.32
41|-1503.32|-1503.32
42|-1503.32|-1503.32
43|-1503.32|-1503.32
44|-1503.32|-1503.32
45|-1503.32|-1503.32
46|-1503.32|-1503.32
47|-1503.32|-1503.32
48|-1503.32|-1503.32
49|-1503.32|-1503.32
50|-1503.32|-1503.32
51|-1503.32|-1503.32
52|-1503.32|-1503.32
53|-1503.32|-1503.32
54|-1503.32|-1503.32
55|-1503.32|-1503.32
56|-1503.32|-1503.32
57|-1503.32|-1503.32
58|-1503.32|-1503.32
59|-1503.32|-1503.32
60|-1503.32|-1503.32
61|-1503.32|-1503.32
62|-1503.32|-1503.32
63|-1503.32|-1503.32
64|-1503.32|-1503.32
65|-1503.32|-1503.32
66|-1503.32|-1503.32
67|-1503.32|-1503.32
68|-1503.32|-1503.32
69|-1503.32|-1503.32
70|-1503.32|-1503.32
71|-1503.32|-1503.32
72|-1503.32|-1503.32
73|-1503.32|-1503.32
74|-1503.32|-1503.32
75|-1503.32|-1503.32
76|-1503.32|-1503.32
77|-1503.32|-1503.32
78|-1503.32|-1503.32
79|-1503.32|-1503.32
80|-1503.32|-1503.32
81|-1503.32|-1503.32
82|-1503.32|-1503.32
83|-1503.32|-1503.32
84|-1503.32|-1503.32
85|-1503.32|-1503.32
86|-1503.32|-1503.32
87|-1503.32|-1503.32
88|-1503.32|-1503.32
89|-1503.32|-1503.32
90|-1503.32|-1503.32
91|-1503.32|-1503.32
92|-1503.32|-1503.32
93|-1503.32|-1503.32
94|-1503.32|-1503.32
95|-1503.32|-1503.32
96|-1503.32|-1503.32
97|-1503.32|-1503.32
98|-1503.32|-1503.32
99|-1503.32|-1503.32
100|-1503.32|-1503.32
101|-1503.32|-1503.32
102|-1503.32|-1503.32
103|-1503.32|-1503.32
104|-1503.32|-1503.32
105|-1503.32|-1503.32
106|-1503.32|-1503.32
107|-1503.32|-1503.32
108|-1503.32|-1503.32
109|-1503.32|-1503.32
110|-1503.32|-1503.32
111|-1503.32|-1503.32
112|-1503.32|-1503.32
113|-1503.32|-1503.32
114|-1503.32|-1503.32
115|-1503.32|-1503.32
116|-1503.32|-1503.32
117|-1503.32|-1503.32
118|-1503.32|-1503.32
119|-1503.32|-1503.32
120|-1503.32|-1503.32
121|-1503.32|-1503.32
122|-1503.32|-1503.32
123|-1503.32|-1503.32
124|-1503.32|-1503.32
125|-1503.32|-1503.32
126|-1503.32|-1503.32
127|-1503.32|-1503.32
128|-1503.32|-1503.32
129|-1503.32|-1503.32
130|-1503.32|-1503.32
131|-1503.32|-1503.32
132|-1503.32|-1503.32
133|-1503.32|-1503.32
134|-1503.32|-1503.32
135|-1503.32|-1503.32
136|-1503.32|-1503.32
137|-1503.32|-1503.32
138|-1503.32|-1503.32
139|-1503.32|-1503.32
140|-1503.32|-1503.32
141|-1503.32|-1503.32
142|-1503.32|-1503.32
143|-1503.32|-1503.32
144|-1503.32|-1503.32
145|-1503.32|-1503.32
146|-1503.32|-1503.32
147|-1503.32|-1503.32
148|-1503.32|-1503.32
149|-1503.32|-1503.32
150|-1503.32|-1503.32
151|-1503.32|-1503.32
152|-1503.32|-1503.32
153|-1503.32|-1503.32
154|-1503.32|-1503.32
155|-1503.32|-1503.32
156|-1503.32|-1503.32
157|-1503.32|-1503.32
158|-1503.32|-1503.32
159|-1503.32|-1503.32
160|-1503.32|-1503.32
161|-1503.32|-1503.32
162|-1503.32|-1503.32
163|-1503.32|-1503.32
164|-1503.32|-1503.32
165|-1503.32|-1503.32
166|-1503.32|-1503.32
167|-1503.32|-1503.32
168|-1503.32|-1503.32
169|-1503.32|-1503.32
170|-1503.32|-1503.32
171|-1503.32|-1503.32
172|-1503.32|-1503.32
173|-1503.32|-1503.32
174|-1503.32|-1503.32
175|-1503.32|-1503.32
176|-1503.32|-1503.32
177|-1503.32|-1503.32
178|-1503.32|-1503.32
179|-1503.32|-1503.32
180|-1503.32|-1503.32
181|-1503.32|-1503.32
182|-1503.32|-1503.32
183|-1503.32|-1503.32
EARLY STOP: TARGET FOUND
102350ms
