1|-0.487727|-0.487727
2|-0.938082|-0.938082
3|-1.18142|-1.18142
4|-1.33015|-1.33015
5|-1.41173|-1.41173
6|-1.46385|-1.46385
7|-1.48188|-1.48188
8|-2.28564|-2.28564
9|-2.3023|-2.3023
10|-2.31164|-2.31164
11|-2.31677|-2.31677
12|-2.31741|-2.31741
13|-2.31799|-2.31799
14|-3.27362|-3.27362
15|-3.27559|-3.27559
16|-3.27605|-3.27605
17|-3.27649|-3.27649
18|-3.27682|-3.27682
19|-3.27698|-3.27698
20|-3.27711|-3.27711
21|-3.27719|-3.27719
22|-3.27727|-3.27727
23|-3.27735|-3.27735
24|-3.27739|-3.27739
25|-3.27743|-3.27743
26|-3.27745|-3.27745
27|-3.27747|-3.27747
28|-3.27749|-3.27749
29|-3.2775|-3.2775
30|-3.2775|-3.2775
31|-3.27751|-3.27751
32|-3.27751|-3.27751
33|-3.27751|-3.27751
34|-3.27752|-3.27752
35|-3.27752|-3.27752
36|-3.27752|-3.27752
37|-3.27752|-3.27752
38|-3.27752|-3.27752
39|-3.27752|-3.27752
40|-3.27752|-3.27752
41|-3.27752|-3.27752
42|-3.27752|-3.27752
43|-3.27752|-3.27752
44|-3.27752|-3.27752
45|-3.27752|-3.27752
46|-3.27752|-3.27752
47|-3.27752|-3.27752
48|-3.27752|-3.27752
49|-3.27752|-3.27752
50|-3.27752|-3.27752
51|-3.27752|-3.27752
52|-3.27752|-3.27752
53|-3.27752|-3.27752
54|-3.27752|-3.27752
55|-3.27752|-3.27752
56|-3.27752|-3.27752
57|-3.27752|-3.27752
58|-3.27752|-3.27752
59|-3.27752|-3.27752
60|-3.27752|-3.27752
61|-3.27752|-3.27752
62|-3.27752|-3.27752
63|-3.27752|-3.27752
64|-3.27752|-3.27752
65|-3.27752|-3.27752
66|-3.27752|-3.27752
67|-3.27752|-3.27752
68|-3.27752|-3.27752
69|-3.27752|-3.27752
70|-3.27752|-3.27752
71|-3.27752|-3.27752
72|-3.27752|-3.27752
73|-3.27752|-3.27752
74|-3.27752|-3.27752
75|-3.27752|-3.27752
76|-3.27752|-3.27752
77|-3.27752|-3.27752
78|-3.27752|-3.27752
79|-3.27752|-3.27752
80|-3.27752|-3.27752
81|-3.27752|-3.27752
82|-3.27752|-3.27752
83|-3.27752|-3.27752
84|-3.27752|-3.27752
85|-3.27752|-3.27752
86|-3.27752|-3.27752
87|-3.27752|-3.27752
88|-3.27752|-3.27752
89|-3.27752|-3.27752
90|-3.27752|-3.27752
91|-3.27752|-3.27752
92|-3.27752|-3.27752
93|-3.27752|-3.27752
94|-3.27752|-3.27752
95|-3.27752|-3.27752
96|-3.27752|-3.27752
97|-3.27752|-3.27752
98|-3.27752|-3.27752
99|-3.27752|-3.27752
100|-3.27752|-3.27752
101|-3.27752|-3.27752
102|-3.27752|-3.27752
103|-3.27752|-3.27752
104|-3.27752|-3.27752
105|-3.27752|-3.27752
106|-3.27752|-3.27752
107|-3.27752|-3.27752
108|-3.27752|-3.27752
109|-3.27752|-3.27752
110|-3.27752|-3.27752
111|-3.27752|-3.27752
112|-3.27752|-3.27752
113|-3.27752|-3.27752
114|-3.27752|-3.27752
115|-3.27752|-3.27752
116|-3.27752|-3.27752
117|-3.27752|-3.27752
118|-3.27752|-3.27752
119|-3.27752|-3.27752
120|-3.27752|-3.27752
121|-3.27752|-3.27752
122|-3.27752|-3.27752
123|-3.27752|-3.27752
124|-3.27752|-3.27752
125|-3.27752|-3.27752
126|-3.27752|-3.27752
127|-3.27752|-3.27752
128|-3.27752|-3.27752
129|-3.27752|-3.27752
130|-3.27752|-3.27752
131|-3.27752|-3.27752
132|-3.27752|-3.27752
133|-3.27752|-3.27752
134|-3.27752|-3.27752
135|-3.27752|-3.27752
136|-3.27752|-3.27752
137|-3.27752|-3.27752
138|-3.27752|-3.27752
139|-3.27752|-3.27752
140|-3.27752|-3.27752
141|-3.27752|-3.27752
142|-3.27752|-3.27752
143|-3.27752|-3.27752
144|-3.27752|-3.27752
145|-3.27752|-3.27752
146|-3.27752|-3.27752
147|-3.27752|-3.27752
148|-3.27752|-3.27752
149|-3.27752|-3.27752
150|-3.27752|-3.27752
151|-3.27752|-3.27752
152|-3.27752|-3.27752
153|-3.27752|-3.27752
154|-3.27752|-3.27752
155|-3.27752|-3.27752
156|-3.27752|-3.27752
157|-3.27752|-3.27752
158|-3.27752|-3.27752
159|-3.27752|-3.27752
160|-3.27752|-3.27752
161|-3.27752|-3.27752
162|-3.27752|-3.27752
163|-3.27752|-3.27752
164|-3.27752|-3.27752
165|-3.27752|-3.27752
166|-3.27752|-3.27752
167|-3.27752|-3.27752
168|-3.27752|-3.27752
169|-3.27752|-3.27752
170|-3.27752|-3.27752
171|-3.27752|-3.27752
172|-3.27752|-3.27752
173|-3.27752|-3.27752
174|-3.27752|-3.27752
175|-3.27752|-3.27752
176|-3.27752|-3.27752
177|-3.27752|-3.27752
178|-3.27752|-3.27752
179|-3.27752|-3.27752
180|-3.27752|-3.27752
181|-3.27752|-3.27752
182|-3.27752|-3.27752
183|-3.27752|-3.27752
184|-3.27752|-3.27752
185|-3.27752|-3.27752
186|-3.27752|-3.27752
187|-3.27752|-3.27752
EARLY STOP: TARGET FOUND
73610ms
