1|-3.26139|-3.26139
2|-4.13112|-4.13112
3|-4.82334|-4.82334
4|-5.47797|-5.47797
5|-6.09827|-6.09827
6|-6.43205|-6.43205
7|-6.70619|-6.70619
8|-6.85816|-6.85816
9|-7.05205|-7.05205
10|-7.18533|-7.18533
11|-7.27578|-7.27578
12|-7.3708|-7.3708
13|-7.44578|-7.44578
14|-7.4761|-7.4761
15|-7.50018|-7.50018
16|-7.51805|-7.51805
17|-7.53535|-7.53535
18|-7.55098|-7.55098
19|-7.55928|-7.55928
20|-7.56708|-7.56708
21|-7.57437|-7.57437
22|-7.57886|-7.57886
23|-7.58283|-7.58283
24|-7.58622|-7.58622
25|-7.58958|-7.58958
26|-7.59186|-7.59186
27|-7.59407|-7.59407
28|-7.59554|-7.59554
29|-7.59687|-7.59687
30|-7.598|-7.598
31|-7.59892|-7.59892
32|-7.59966|-7.59966
33|-7.60034|-7.60034
34|-7.60076|-7.60076
35|-7.60094|-7.60094
36|-7.60106|-7.60106
37|-7.60116|-7.60116
38|-7.60124|-7.60124
39|-7.60133|-7.60133
40|-7.6014|-7.6014
41|-7.60146|-7.60146
42|-7.60151|-7.60151
43|-7.60156|-7.60156
44|-7.6016|-7.6016
45|-7.60163|-7.60163
46|-7.60165|-7.60165
47|-7.60167|-7.60167
48|-7.60169|-7.60169
49|-7.60171|-7.60171
50|-7.60172|-7.60172
51|-7.60173|-7.60173
52|-7.60173|-7.60173
53|-7.60174|-7.60174
54|-7.60174|-7.60174
55|-7.60174|-7.60174
56|-7.60174|-7.60174
57|-7.60174|-7.60174
58|-7.60174|-7.60174
59|-7.60174|-7.60174
60|-7.60174|-7.60174
61|-7.60174|-7.60174
62|-7.60174|-7.60174
63|-7.60174|-7.60174
64|-7.60174|-7.60174
65|-7.60174|-7.60174
66|-7.60174|-7.60174
67|-7.60174|-7.60174
68|-7.60174|-7.60174
69|-7.60174|-7.60174
70|-7.60174|-7.60174
71|-7.60174|-7.60174
72|-7.60174|-7.60174
73|-7.60174|-7.60174
74|-7.60174|-7.60174
75|-7.60174|-7.60174
76|-7.60174|-7.60174
77|-7.60174|-7.60174
78|-7.60174|-7.60174
79|-7.60174|-7.60174
80|-7.60174|-7.60174
81|-7.60174|-7.60174
82|-7.60174|-7.60174
83|-7.60174|-7.60174
84|-7.60174|-7.60174
85|-7.60174|-7.60174
86|-7.60174|-7.60174
87|-7.60174|-7.60174
88|-7.60174|-7.60174
89|-7.60174|-7.60174
90|-7.60174|-7.60174
91|-7.60174|-7.60174
92|-7.60174|-7.60174
93|-7.60174|-7.60174
94|-7.60174|-7.60174
95|-7.60174|-7.60174
96|-7.60174|-7.60174
97|-7.60174|-7.60174
98|-7.60174|-7.60174
99|-7.60174|-7.60174
100|-7.60174|-7.60174
101|-7.60174|-7.60174
102|-7.60174|-7.60174
103|-7.60174|-7.60174
104|-7.60174|-7.60174
105|-7.60174|-7.60174
106|-7.60174|-7.60174
107|-7.60174|-7.60174
108|-7.60174|-7.60174
109|-7.60174|-7.60174
110|-7.60174|-7.60174
111|-7.60174|-7.60174
112|-7.60174|-7.60174
113|-7.60174|-7.60174
114|-7.60174|-7.60174
115|-7.60174|-7.60174
116|-7.60174|-7.60174
117|-7.60174|-7.60174
118|-7.60174|-7.60174
119|-7.60174|-7.60174
120|-7.60174|-7.60174
121|-7.60174|-7.60174
122|-7.60174|-7.60174
123|-7.60174|-7.60174
124|-7.60174|-7.60174
125|-7.60174|-7.60174
126|-7.60174|-7.60174
127|-7.60174|-7.60174
128|-7.60174|-7.60174
129|-7.60174|-7.60174
130|-7.60174|-7.60174
131|-7.60174|-7.60174
132|-7.60174|-7.60174
133|-7.60174|-7.60174
134|-7.60174|-7.60174
135|-7.60174|-7.60174
136|-7.60174|-7.60174
137|-7.60174|-7.60174
138|-7.60174|-7.60174
139|-7.60174|-7.60174
140|-7.60174|-7.60174
141|-7.60174|-7.60174
142|-7.60174|-7.60174
143|-7.60174|-7.60174
144|-7.60174|-7.60174
145|-7.60174|-7.60174
146|-7.60174|-7.60174
147|-7.60174|-7.60174
148|-7.60174|-7.60174
149|-7.60174|-7.60174
150|-7.60174|-7.60174
151|-7.60174|-7.60174
152|-7.60174|-7.60174
153|-7.60174|-7.60174
154|-7.60174|-7.60174
155|-7.60174|-7.60174
156|-7.60174|-7.60174
157|-7.60174|-7.60174
158|-7.60174|-7.60174
159|-7.60174|-7.60174
160|-7.60174|-7.60174
161|-7.60174|-7.60174
162|-7.60174|-7.60174
163|-7.60174|-7.60174
164|-7.60174|-7.60174
165|-7.60174|-7.60174
166|-7.60174|-7.60174
167|-7.60174|-7.60174
168|-7.60174|-7.60174
169|-7.60174|-7.60174
170|-7.60174|-7.60174
171|-7.60174|-7.60174
172|-7.60174|-7.60174
173|-7.60174|-7.60174
174|-7.60174|-7.60174
175|-7.60174|-7.60174
176|-7.60174|-7.60174
177|-7.60174|-7.60174
178|-7.60174|-7.60174
179|-7.60174|-7.60174
180|-7.60174|-7.60174
181|-7.60174|-7.60174
182|-7.60174|-7.60174
183|-7.60174|-7.60174
184|-7.60174|-7.60174
185|-7.60174|-7.60174
186|-7.60174|-7.60174
187|-7.60174|-7.60174
188|-7.60174|-7.60174
189|-7.60174|-7.60174
190|-7.60174|-7.60174
191|-7.60174|-7.60174
192|-7.60174|-7.60174
193|-7.60174|-7.60174
194|-7.60174|-7.60174
195|-7.60174|-7.60174
196|-7.60174|-7.60174
197|-7.60174|-7.60174
198|-7.60174|-7.60174
199|-7.60174|-7.60174
200|-7.60174|-7.60174
201|-7.60174|-7.60174
202|-7.60174|-7.60174
203|-7.60174|-7.60174
204|-7.60174|-7.60174
205|-7.60174|-7.60174
EARLY STOP: TARGET FOUND
282159ms
