1|-5.63201|-5.63201
2|-6.54833|-6.54833
3|-7.44183|-7.44183
4|-8.30454|-8.30454
5|-9.16694|-9.16694
6|-9.94983|-9.94983
7|-10.7194|-10.7194
8|-11.436|-11.436
9|-12.1084|-12.1084
10|-12.7697|-12.7697
11|-13.3678|-13.3678
12|-13.9396|-13.9396
13|-14.5087|-14.5087
14|-15.0624|-15.0624
15|-15.6137|-15.6137
16|-16.0892|-16.0892
17|-16.5515|-16.5515
18|-17.0124|-17.0124
19|-17.4502|-17.4502
20|-17.8594|-17.8594
21|-18.2671|-18.2671
22|-18.6381|-18.6381
23|-19.0678|-19.0678
24|-19.4229|-19.4229
25|-19.7368|-19.7368
26|-20.1887|-20.1887
27|-20.493|-20.493
28|-20.7897|-20.7897
29|-21.0846|-21.0846
30|-21.3434|-21.3434
31|-21.5523|-21.5523
32|-22.2774|-22.2774
33|-22.437|-22.437
34|-22.5823|-22.5823
35|-22.7134|-22.7134
36|-22.8424|-22.8424
37|-22.9623|-22.9623
38|-23.0533|-23.0533
39|-23.3112|-23.3112
40|-23.3917|-23.3917
41|-23.4712|-23.4712
42|-23.5481|-23.5481
43|-23.6131|-23.6131
44|-23.6737|-23.6737
45|-23.7299|-23.7299
46|-24.1489|-24.1489
47|-24.2274|-24.2274
48|-24.2721|-24.2721
49|-24.3158|-24.3158
50|-24.3583|-24.3583
51|-24.3941|-24.3941
52|-24.4241|-24.4241
53|-24.4526|-24.4526
54|-24.4756|-24.4756
55|-24.4964|-24.4964
56|-24.5153|-24.5153
57|-24.577|-24.577
58|-24.5916|-24.5916
59|-24.6059|-24.6059
60|-24.6187|-24.6187
61|-24.631|-24.631
62|-24.643|-24.643
63|-24.6517|-24.6517
64|-24.6593|-24.6593
65|-24.6668|-24.6668
66|-24.6733|-24.6733
67|-24.6795|-24.6795
68|-24.6852|-24.6852
69|-24.69|-24.69
70|-24.6943|-24.6943
71|-24.698|-24.698
72|-24.7016|-24.7016
73|-24.7051|-24.7051
74|-24.7084|-24.7084
75|-24.7116|-24.7116
76|-24.7143|-24.7143
77|-24.7169|-24.7169
78|-24.7194|-24.7194
79|-24.7217|-24.7217
80|-24.7236|-24.7236
81|-24.7252|-24.7252
82|-24.7269|-24.7269
83|-24.7284|-24.7284
84|-24.7297|-24.7297
85|-24.7308|-24.7308
86|-24.7318|-24.7318
87|-24.7327|-24.7327
88|-24.7337|-24.7337
89|-24.7345|-24.7345
90|-24.7353|-24.7353
91|-24.736|-24.736
92|-24.7366|-24.7366
93|-24.7373|-24.7373
94|-24.7379|-24.7379
95|-24.7384|-24.7384
96|-24.7388|-24.7388
97|-24.7391|-24.7391
98|-24.7394|-24.7394
99|-24.7397|-24.7397
100|-24.74|-24.74
101|-24.7402|-24.7402
102|-24.7404|-24.7404
103|-24.7406|-24.7406
104|-24.7408|-24.7408
105|-24.741|-24.741
106|-24.7412|-24.7412
107|-24.7413|-24.7413
108|-24.7414|-24.7414
109|-24.7416|-24.7416
110|-24.7417|-24.7417
111|-24.7418|-24.7418
112|-24.7419|-24.7419
113|-24.742|-24.742
114|-24.7421|-24.7421
115|-24.7421|-24.7421
116|-24.7422|-24.7422
117|-24.7422|-24.7422
118|-24.7423|-24.7423
119|-24.7423|-24.7423
120|-24.7424|-24.7424
121|-24.743|-24.743
122|-24.743|-24.743
123|-24.743|-24.743
124|-24.7431|-24.7431
125|-24.7431|-24.7431
126|-24.7431|-24.7431
127|-24.7431|-24.7431
128|-24.7432|-24.7432
129|-24.7432|-24.7432
130|-24.7432|-24.7432
131|-24.7432|-24.7432
132|-24.7432|-24.7432
133|-24.7432|-24.7432
134|-24.7432|-24.7432
135|-24.7433|-24.7433
136|-24.7433|-24.7433
137|-24.7433|-24.7433
138|-24.7433|-24.7433
139|-24.7433|-24.7433
140|-24.7433|-24.7433
141|-24.7433|-24.7433
142|-24.7433|-24.7433
143|-24.7433|-24.7433
144|-24.7433|-24.7433
145|-24.7433|-24.7433
146|-24.7433|-24.7433
147|-24.7433|-24.7433
148|-24.7433|-24.7433
149|-24.7433|-24.7433
150|-24.7433|-24.7433
151|-24.7433|-24.7433
152|-24.7433|-24.7433
153|-24.7433|-24.7433
154|-24.7433|-24.7433
155|-24.7433|-24.7433
156|-24.7433|-24.7433
157|-24.7433|-24.7433
158|-24.7433|-24.7433
159|-24.7433|-24.7433
160|-24.7433|-24.7433
161|-24.7433|-24.7433
162|-24.7433|-24.7433
163|-24.7433|-24.7433
164|-24.7433|-24.7433
165|-24.7433|-24.7433
166|-24.7433|-24.7433
167|-24.7433|-24.7433
168|-24.7433|-24.7433
169|-24.7433|-24.7433
170|-24.7433|-24.7433
171|-24.7433|-24.7433
172|-24.7433|-24.7433
173|-24.7433|-24.7433
174|-24.7433|-24.7433
175|-24.7433|-24.7433
176|-24.7433|-24.7433
177|-24.7433|-24.7433
178|-24.7433|-24.7433
179|-24.7433|-24.7433
180|-24.7433|-24.7433
181|-24.7433|-24.7433
182|-24.7433|-24.7433
183|-24.7433|-24.7433
184|-24.7433|-24.7433
185|-24.7433|-24.7433
186|-24.7433|-24.7433
187|-24.7433|-24.7433
188|-24.7433|-24.7433
189|-24.7433|-24.7433
190|-24.7433|-24.7433
191|-24.7433|-24.7433
192|-24.7433|-24.7433
193|-24.7433|-24.7433
194|-24.7433|-24.7433
195|-24.7433|-24.7433
196|-24.7433|-24.7433
197|-24.7433|-24.7433
198|-24.7433|-24.7433
199|-24.7433|-24.7433
200|-24.7433|-24.7433
201|-24.7433|-24.7433
202|-24.7433|-24.7433
203|-24.7433|-24.7433
204|-24.7433|-24.7433
205|-24.7433|-24.7433
206|-24.7433|-24.7433
207|-24.7433|-24.7433
208|-24.7433|-24.7433
209|-24.7433|-24.7433
210|-24.7433|-24.7433
211|-24.7433|-24.7433
212|-24.7433|-24.7433
213|-24.7433|-24.7433
214|-24.7433|-24.7433
215|-24.7433|-24.7433
216|-24.7433|-24.7433
217|-24.7433|-24.7433
218|-24.7433|-24.7433
219|-24.7433|-24.7433
220|-24.7433|-24.7433
221|-24.7433|-24.7433
222|-24.7433|-24.7433
223|-24.7433|-24.7433
224|-24.7433|-24.7433
225|-24.7433|-24.7433
226|-24.7433|-24.7433
227|-24.7433|-24.7433
228|-24.7433|-24.7433
229|-24.7433|-24.7433
230|-24.7433|-24.7433
231|-24.7433|-24.7433
232|-24.7433|-24.7433
233|-24.7433|-24.7433
234|-24.7433|-24.7433
235|-24.7433|-24.7433
236|-24.7433|-24.7433
237|-24.7433|-24.7433
238|-24.7433|-24.7433
239|-24.7433|-24.7433
240|-24.7433|-24.7433
241|-24.7433|-24.7433
242|-24.7433|-24.7433
243|-24.7433|-24.7433
244|-24.7433|-24.7433
245|-24.7433|-24.7433
246|-24.7433|-24.7433
247|-24.7433|-24.7433
248|-24.7433|-24.7433
249|-24.7433|-24.7433
250|-24.7433|-24.7433
251|-24.7433|-24.7433
252|-24.7433|-24.7433
253|-24.7433|-24.7433
254|-24.7433|-24.7433
255|-24.7433|-24.7433
256|-24.7433|-24.7433
257|-24.7433|-24.7433
258|-24.7433|-24.7433
259|-24.7433|-24.7433
260|-24.7433|-24.7433
261|-24.7433|-24.7433
262|-24.7433|-24.7433
263|-24.7433|-24.7433
264|-24.7433|-24.7433
265|-24.7433|-24.7433
266|-24.7433|-24.7433
267|-24.7433|-24.7433
268|-24.7433|-24.7433
269|-24.7433|-24.7433
270|-24.7433|-24.7433
271|-24.7433|-24.7433
272|-24.7433|-24.7433
273|-24.7433|-24.7433
274|-24.7433|-24.7433
275|-24.7433|-24.7433
276|-24.7433|-24.7433
277|-24.7433|-24.7433
278|-24.7433|-24.7433
279|-24.7433|-24.7433
280|-24.7433|-24.7433
281|-24.7433|-24.7433
282|-24.7433|-24.7433
283|-24.7433|-24.7433
284|-24.7433|-24.7433
285|-24.7433|-24.7433
286|-24.7433|-24.7433
287|-24.7433|-24.7433
288|-24.7433|-24.7433
289|-24.7433|-24.7433
290|-24.7433|-24.7433
291|-24.7433|-24.7433
292|-24.7433|-24.7433
293|-24.7433|-24.7433
294|-24.7433|-24.7433
295|-24.7433|-24.7433
296|-24.7433|-24.7433
297|-24.7433|-24.7433
298|-24.7433|-24.7433
299|-24.7433|-24.7433
EARLY STOP: TARGET FOUND
3387739ms
