1|-111.022|-111.022
2|-813.779|-813.779
3|-1507.57|-1507.57
4|-2178.03|-2178.03
5|-2839.52|-2839.52
6|-3420.71|-3420.71
7|-3994.52|-3994.52
8|-4385.69|-4385.69
9|-4767.5|-4767.5
10|-5131.8|-5131.8
11|-5485.53|-5485.53
12|-5791.03|-5791.03
13|-6070.96|-6070.96
14|-6314.37|-6314.37
15|-6527.17|-6527.17
16|-6687.16|-6687.16
17|-6843.91|-6843.91
18|-7000.45|-7000.45
19|-7141.61|-7141.61
20|-7299.9|-7299.9
21|-7426.31|-7426.31
22|-7585.96|-7585.96
23|-7698.3|-7698.3
24|-7899.71|-7899.71
25|-8003.5|-8003.5
26|-8102.95|-8102.95
27|-8198.82|-8198.82
28|-8282.45|-8282.45
29|-8365.18|-8365.18
30|-8447.13|-8447.13
31|-8730.16|-8730.16
32|-8803.75|-8803.75
33|-8872.53|-8872.53
34|-8934.18|-8934.18
35|-8985.55|-8985.55
36|-9036.16|-9036.16
37|-9086.48|-9086.48
38|-9444.7|-9444.7
39|-9494.6|-9494.6
40|-9543.97|-9543.97
41|-9591.84|-9591.84
42|-9660.39|-9660.39
43|-9979|-9979
44|-10023.6|-10023.6
45|-10067.9|-10067.9
46|-10103.1|-10103.1
47|-10134.5|-10134.5
48|-10156.2|-10156.2
49|-10177|-10177
50|-10197.7|-10197.7
51|-10233.4|-10233.4
52|-10253.8|-10253.8
53|-10274.1|-10274.1
54|-10294.1|-10294.1
55|-10313.5|-10313.5
56|-10331.2|-10331.2
57|-10352.4|-10352.4
58|-10388.1|-10388.1
59|-10402.1|-10402.1
60|-10415.6|-10415.6
61|-10428.8|-10428.8
62|-10468.8|-10468.8
63|-10486.4|-10486.4
64|-10497.9|-10497.9
65|-10507.4|-10507.4
66|-10516.5|-10516.5
67|-10525.4|-10525.4
68|-10534.3|-10534.3
69|-10543|-10543
70|-10551.7|-10551.7
71|-10558.5|-10558.5
72|-10564.6|-10564.6
73|-10570.3|-10570.3
74|-10575.9|-10575.9
75|-10581.3|-10581.3
76|-10609|-10609
77|-10613.4|-10613.4
78|-10617.8|-10617.8
79|-10622.1|-10622.1
80|-10626.4|-10626.4
81|-10630.7|-10630.7
82|-10634.9|-10634.9
83|-10639|-10639
84|-10642.9|-10642.9
85|-10645.6|-10645.6
86|-10647.8|-10647.8
87|-10649.9|-10649.9
88|-10652|-10652
89|-10654|-10654
90|-10655.9|-10655.9
91|-10657.6|-10657.6
92|-10659.2|-10659.2
93|-10660.6|-10660.6
94|-10661.9|-10661.9
95|-10663.2|-10663.2
96|-10664.3|-10664.3
97|-10665.3|-10665.3
98|-10666.3|-10666.3
99|-10667.3|-10667.3
100|-10668.3|-10668.3
101|-10669.3|-10669.3
102|-10670.3|-10670.3
103|-10671.1|-10671.1
104|-10671.8|-10671.8
105|-10672.6|-10672.6
106|-10673.3|-10673.3
107|-10673.9|-10673.9
108|-10674.5|-10674.5
109|-10675|-10675
110|-10675.6|-10675.6
111|-10676.1|-10676.1
112|-10676.6|-10676.6
113|-10677|-10677
114|-10677.4|-10677.4
115|-10677.7|-10677.7
116|-10678.1|-10678.1
117|-10678.4|-10678.4
118|-10678.7|-10678.7
119|-10679|-10679
120|-10679.3|-10679.3
121|-10679.5|-10679.5
122|-10679.8|-10679.8
123|-10680|-10680
124|-10680.3|-10680.3
125|-10680.5|-10680.5
126|-10680.6|-10680.6
127|-10680.8|-10680.8
128|-10680.9|-10680.9
129|-10681.1|-10681.1
130|-10681.2|-10681.2
131|-10681.3|-10681.3
132|-10681.4|-10681.4
133|-10681.4|-10681.4
134|-10681.5|-10681.5
135|-10681.6|-10681.6
136|-10681.7|-10681.7
137|-10681.7|-10681.7
138|-10681.8|-10681.8
139|-10681.9|-10681.9
140|-10681.9|-10681.9
141|-10682|-10682
142|-10682|-10682
143|-10682.1|-10682.1
144|-10682.2|-10682.2
145|-10682.2|-10682.2
146|-10682.3|-10682.3
147|-10682.3|-10682.3
148|-10682.4|-10682.4
149|-10682.4|-10682.4
150|-10682.4|-10682.4
151|-10682.5|-10682.5
152|-10682.5|-10682.5
153|-10682.5|-10682.5
154|-10682.6|-10682.6
155|-10682.6|-10682.6
156|-10682.6|-10682.6
157|-10682.6|-10682.6
158|-10682.7|-10682.7
159|-10682.7|-10682.7
160|-10682.7|-10682.7
161|-10682.7|-10682.7
162|-10682.7|-10682.7
163|-10682.8|-10682.8
164|-10682.8|-10682.8
165|-10682.8|-10682.8
166|-10682.8|-10682.8
167|-10682.8|-10682.8
168|-10682.8|-10682.8
169|-10682.8|-10682.8
170|-10682.9|-10682.9
171|-10682.9|-10682.9
172|-10682.9|-10682.9
173|-10682.9|-10682.9
174|-10682.9|-10682.9
175|-10682.9|-10682.9
176|-10682.9|-10682.9
177|-10682.9|-10682.9
178|-10682.9|-10682.9
179|-10682.9|-10682.9
180|-10682.9|-10682.9
181|-10682.9|-10682.9
182|-10683|-10683
183|-10683|-10683
184|-10683|-10683
185|-10683|-10683
186|-10683|-10683
187|-10683|-10683
188|-10683|-10683
189|-10683|-10683
190|-10683|-10683
191|-10683|-10683
192|-10683|-10683
193|-10683|-10683
194|-10683|-10683
195|-10683|-10683
196|-10683|-10683
197|-10683|-10683
198|-10683|-10683
199|-10683|-10683
200|-10683|-10683
201|-10683|-10683
202|-10683|-10683
203|-10683|-10683
204|-10683|-10683
205|-10683|-10683
206|-10683|-10683
207|-10683|-10683
208|-10683|-10683
209|-10683|-10683
210|-10683|-10683
211|-10683|-10683
212|-10683|-10683
213|-10683.1|-10683.1
214|-10683.1|-10683.1
215|-10683.1|-10683.1
216|-10683.1|-10683.1
217|-10683.1|-10683.1
218|-10683.1|-10683.1
219|-10683.1|-10683.1
220|-10683.1|-10683.1
221|-10683.1|-10683.1
222|-10683.1|-10683.1
223|-10683.1|-10683.1
224|-10683.1|-10683.1
225|-10683.1|-10683.1
226|-10683.1|-10683.1
227|-10683.1|-10683.1
228|-10683.1|-10683.1
229|-10683.1|-10683.1
230|-10683.1|-10683.1
231|-10683.1|-10683.1
232|-10683.1|-10683.1
233|-10683.1|-10683.1
234|-10683.1|-10683.1
235|-10683.1|-10683.1
236|-10683.1|-10683.1
237|-10683.1|-10683.1
238|-10683.1|-10683.1
239|-10683.1|-10683.1
240|-10683.1|-10683.1
241|-10683.1|-10683.1
242|-10683.1|-10683.1
243|-10683.1|-10683.1
244|-10683.1|-10683.1
245|-10683.1|-10683.1
246|-10683.1|-10683.1
247|-10683.1|-10683.1
248|-10683.1|-10683.1
249|-10683.1|-10683.1
250|-10683.1|-10683.1
251|-10683.1|-10683.1
252|-10683.1|-10683.1
253|-10683.1|-10683.1
254|-10683.1|-10683.1
255|-10683.1|-10683.1
256|-10683.1|-10683.1
257|-10683.1|-10683.1
258|-10683.1|-10683.1
259|-10683.1|-10683.1
260|-10683.1|-10683.1
261|-10683.1|-10683.1
262|-10683.1|-10683.1
263|-10683.1|-10683.1
264|-10683.1|-10683.1
265|-10683.1|-10683.1
266|-10683.1|-10683.1
267|-10683.1|-10683.1
268|-10683.1|-10683.1
269|-10683.1|-10683.1
270|-10683.1|-10683.1
271|-10683.1|-10683.1
272|-10683.1|-10683.1
273|-10683.1|-10683.1
274|-10683.1|-10683.1
275|-10683.1|-10683.1
276|-10683.1|-10683.1
277|-10683.1|-10683.1
278|-10683.1|-10683.1
279|-10683.1|-10683.1
280|-10683.1|-10683.1
281|-10683.1|-10683.1
282|-10683.1|-10683.1
283|-10683.1|-10683.1
284|-10683.1|-10683.1
285|-10683.1|-10683.1
286|-10683.1|-10683.1
287|-10683.1|-10683.1
288|-10683.1|-10683.1
289|-10683.1|-10683.1
290|-10683.1|-10683.1
291|-10683.1|-10683.1
292|-10683.1|-10683.1
293|-10683.1|-10683.1
294|-10683.1|-10683.1
295|-10683.1|-10683.1
296|-10683.1|-10683.1
297|-10683.1|-10683.1
298|-10683.1|-10683.1
299|-10683.1|-10683.1
300|-10683.1|-10683.1
301|-10683.1|-10683.1
302|-10683.1|-10683.1
303|-10683.1|-10683.1
304|-10683.1|-10683.1
305|-10683.1|-10683.1
306|-10683.1|-10683.1
307|-10683.1|-10683.1
308|-10683.1|-10683.1
309|-10683.1|-10683.1
310|-10683.1|-10683.1
311|-10683.1|-10683.1
312|-10683.1|-10683.1
313|-10683.1|-10683.1
314|-10683.1|-10683.1
315|-10683.1|-10683.1
316|-10683.1|-10683.1
317|-10683.1|-10683.1
318|-10683.1|-10683.1
319|-10683.1|-10683.1
320|-10683.1|-10683.1
321|-10683.1|-10683.1
322|-10683.1|-10683.1
323|-10683.1|-10683.1
324|-10683.1|-10683.1
325|-10683.1|-10683.1
326|-10683.1|-10683.1
327|-10683.1|-10683.1
328|-10683.1|-10683.1
329|-10683.1|-10683.1
330|-10683.1|-10683.1
331|-10683.1|-10683.1
332|-10683.1|-10683.1
333|-10683.1|-10683.1
334|-10683.1|-10683.1
335|-10683.1|-10683.1
336|-10683.1|-10683.1
337|-10683.1|-10683.1
338|-10683.1|-10683.1
339|-10683.1|-10683.1
340|-10683.1|-10683.1
341|-10683.1|-10683.1
342|-10683.1|-10683.1
343|-10683.1|-10683.1
344|-10683.1|-10683.1
345|-10683.1|-10683.1
346|-10683.1|-10683.1
347|-10683.1|-10683.1
348|-10683.1|-10683.1
349|-10683.1|-10683.1
350|-10683.1|-10683.1
351|-10683.1|-10683.1
352|-10683.1|-10683.1
353|-10683.1|-10683.1
354|-10683.1|-10683.1
355|-10683.1|-10683.1
356|-10683.1|-10683.1
357|-10683.1|-10683.1
358|-10683.1|-10683.1
359|-10683.1|-10683.1
360|-10683.1|-10683.1
361|-10683.1|-10683.1
362|-10683.1|-10683.1
363|-10683.1|-10683.1
364|-10683.1|-10683.1
365|-10683.1|-10683.1
366|-10683.1|-10683.1
367|-10683.1|-10683.1
368|-10683.1|-10683.1
369|-10683.1|-10683.1
370|-10683.1|-10683.1
371|-10683.1|-10683.1
372|-10683.1|-10683.1
373|-10683.1|-10683.1
374|-10683.1|-10683.1
375|-10683.1|-10683.1
376|-10683.1|-10683.1
377|-10683.1|-10683.1
378|-10683.1|-10683.1
379|-10683.1|-10683.1
EARLY STOP: TARGET FOUND
6304146ms
