1|-510.172|-510.172
2|-1050.18|-1050.18
3|-1554.16|-1554.16
4|-1772.74|-1772.74
5|-1972.3|-1972.3
6|-2162.78|-2162.78
7|-2343.18|-2343.18
8|-2478.09|-2478.09
9|-2562.94|-2562.94
10|-2643.07|-2643.07
11|-2685.82|-2685.82
12|-2717.35|-2717.35
13|-2779.08|-2779.08
14|-2808.35|-2808.35
15|-2836.91|-2836.91
16|-2858.27|-2858.27
17|-2878.71|-2878.71
18|-2893.21|-2893.21
19|-2906.19|-2906.19
20|-2930.04|-2930.04
21|-2940.65|-2940.65
22|-2951.22|-2951.22
23|-2957.11|-2957.11
24|-2962.39|-2962.39
25|-2965.03|-2965.03
26|-2967.67|-2967.67
27|-2970.29|-2970.29
28|-2972.88|-2972.88
29|-2974.53|-2974.53
30|-2975.85|-2975.85
31|-2976.66|-2976.66
32|-2977.31|-2977.31
33|-2977.78|-2977.78
34|-2978.15|-2978.15
35|-2978.46|-2978.46
36|-2978.63|-2978.63
37|-2978.79|-2978.79
38|-2978.95|-2978.95
39|-2979.1|-2979.1
40|-2979.24|-2979.24
41|-2979.32|-2979.32
42|-2979.4|-2979.4
43|-2979.47|-2979.47
44|-2979.55|-2979.55
45|-2979.62|-2979.62
46|-2979.67|-2979.67
47|-2979.71|-2979.71
48|-2979.75|-2979.75
49|-2979.77|-2979.77
50|-2979.78|-2979.78
51|-2979.79|-2979.79
52|-2979.8|-2979.8
53|-2979.81|-2979.81
54|-2979.81|-2979.81
55|-2979.82|-2979.82
56|-2979.82|-2979.82
57|-2979.82|-2979.82
58|-2979.83|-2979.83
59|-2979.83|-2979.83
60|-2979.83|-2979.83
61|-2979.83|-2979.83
62|-2979.83|-2979.83
63|-2979.84|-2979.84
64|-2979.84|-2979.84
65|-2979.84|-2979.84
66|-2979.84|-2979.84
67|-2979.84|-2979.84
68|-2979.84|-2979.84
69|-2979.84|-2979.84
70|-2979.84|-2979.84
71|-2979.84|-2979.84
72|-2979.84|-2979.84
73|-2979.84|-2979.84
74|-2979.85|-2979.85
75|-2979.85|-2979.85
76|-2979.85|-2979.85
77|-2979.85|-2979.85
78|-2979.85|-2979.85
79|-2979.85|-2979.85
80|-2979.85|-2979.85
81|-2979.85|-2979.85
82|-2979.85|-2979.85
83|-2979.85|-2979.85
84|-2979.85|-2979.85
85|-2979.85|-2979.85
86|-2979.85|-2979.85
87|-2979.85|-2979.85
88|-2979.85|-2979.85
89|-2979.85|-2979.85
90|-2979.85|-2979.85
91|-2979.85|-2979.85
92|-2979.85|-2979.85
93|-2979.85|-2979.85
94|-2979.85|-2979.85
95|-2979.85|-2979.85
96|-2979.85|-2979.85
97|-2979.85|-2979.85
98|-2979.85|-2979.85
99|-2979.85|-2979.85
100|-2979.85|-2979.85
101|-2979.85|-2979.85
102|-2979.85|-2979.85
103|-2979.85|-2979.85
104|-2979.85|-2979.85
105|-2979.85|-2979.85
106|-2979.85|-2979.85
107|-2979.85|-2979.85
108|-2979.85|-2979.85
109|-2979.85|-2979.85
110|-2979.85|-2979.85
111|-2979.85|-2979.85
112|-2979.85|-2979.85
113|-2979.85|-2979.85
114|-2979.85|-2979.85
115|-2979.85|-2979.85
116|-2979.85|-2979.85
117|-2979.85|-2979.85
118|-2979.85|-2979.85
119|-2979.85|-2979.85
120|-2979.85|-2979.85
121|-2979.85|-2979.85
122|-2979.85|-2979.85
123|-2979.85|-2979.85
124|-2979.85|-2979.85
125|-2979.85|-2979.85
126|-2979.85|-2979.85
127|-2979.85|-2979.85
128|-2979.85|-2979.85
129|-2979.85|-2979.85
130|-2979.85|-2979.85
131|-2979.85|-2979.85
132|-2979.85|-2979.85
133|-2979.85|-2979.85
134|-2979.85|-2979.85
135|-2979.85|-2979.85
136|-2979.85|-2979.85
137|-2979.85|-2979.85
138|-2979.85|-2979.85
139|-2979.85|-2979.85
140|-2979.85|-2979.85
141|-2979.85|-2979.85
142|-2979.85|-2979.85
143|-2979.85|-2979.85
144|-2979.85|-2979.85
145|-2979.85|-2979.85
146|-2979.85|-2979.85
147|-2979.85|-2979.85
148|-2979.85|-2979.85
149|-2979.85|-2979.85
150|-2979.85|-2979.85
151|-2979.85|-2979.85
152|-2979.85|-2979.85
153|-2979.85|-2979.85
154|-2979.85|-2979.85
155|-2979.85|-2979.85
156|-2979.85|-2979.85
157|-2979.85|-2979.85
158|-2979.85|-2979.85
159|-2979.85|-2979.85
160|-2979.85|-2979.85
161|-2979.85|-2979.85
162|-2979.85|-2979.85
163|-2979.85|-2979.85
164|-2979.85|-2979.85
165|-2979.85|-2979.85
166|-2979.85|-2979.85
167|-2979.85|-2979.85
168|-2979.85|-2979.85
169|-2979.85|-2979.85
170|-2979.85|-2979.85
171|-2979.85|-2979.85
172|-2979.85|-2979.85
173|-2979.85|-2979.85
174|-2979.85|-2979.85
175|-2979.85|-2979.85
176|-2979.85|-2979.85
177|-2979.85|-2979.85
178|-2979.85|-2979.85
179|-2979.85|-2979.85
180|-2979.85|-2979.85
181|-2979.85|-2979.85
182|-2979.85|-2979.85
183|-2979.85|-2979.85
184|-2979.85|-2979.85
185|-2979.85|-2979.85
186|-2979.85|-2979.85
187|-2979.85|-2979.85
188|-2979.85|-2979.85
189|-2979.85|-2979.85
190|-2979.85|-2979.85
191|-2979.85|-2979.85
192|-2979.85|-2979.85
193|-2979.85|-2979.85
194|-2979.85|-2979.85
195|-2979.85|-2979.85
196|-2979.85|-2979.85
197|-2979.85|-2979.85
198|-2979.85|-2979.85
199|-2979.85|-2979.85
200|-2979.85|-2979.85
201|-2979.85|-2979.85
202|-2979.85|-2979.85
203|-2979.85|-2979.85
204|-2979.85|-2979.85
205|-2979.85|-2979.85
206|-2979.85|-2979.85
207|-2979.85|-2979.85
208|-2979.85|-2979.85
209|-2979.85|-2979.85
210|-2979.85|-2979.85
211|-2979.85|-2979.85
212|-2979.85|-2979.85
213|-2979.85|-2979.85
214|-2979.85|-2979.85
215|-2979.85|-2979.85
216|-2979.85|-2979.85
217|-2979.85|-2979.85
218|-2979.85|-2979.85
219|-2979.85|-2979.85
220|-2979.85|-2979.85
221|-2979.85|-2979.85
222|-2979.85|-2979.85
223|-2979.85|-2979.85
224|-2979.85|-2979.85
225|-2979.85|-2979.85
EARLY STOP: TARGET FOUND
454056ms
