1|-1.84221|-1.84221
2|-2.45027|-2.45027
3|-2.99204|-2.99204
4|-3.48624|-3.48624
5|-3.78078|-3.78078
6|-4.38933|-4.38933
7|-4.63411|-4.63411
8|-4.87557|-4.87557
9|-5.19369|-5.19369
10|-5.32205|-5.32205
11|-5.39862|-5.39862
12|-5.4707|-5.4707
13|-5.51103|-5.51103
14|-5.54614|-5.54614
15|-5.57343|-5.57343
16|-6.09654|-6.09654
17|-6.51619|-6.51619
18|-6.54575|-6.54575
19|-6.5722|-6.5722
20|-6.59165|-6.59165
21|-6.60984|-6.60984
22|-6.62772|-6.62772
23|-6.64267|-6.64267
24|-6.65706|-6.65706
25|-6.66598|-6.66598
26|-6.67395|-6.67395
27|-7.41056|-7.41056
28|-7.47424|-7.47424
29|-7.49728|-7.49728
30|-7.50635|-7.50635
31|-7.51076|-7.51076
32|-7.51315|-7.51315
33|-7.5154|-7.5154
34|-7.51758|-7.51758
35|-7.51955|-7.51955
36|-7.52136|-7.52136
37|-7.52257|-7.52257
38|-7.52376|-7.52376
39|-7.52489|-7.52489
40|-7.52548|-7.52548
41|-7.52605|-7.52605
42|-7.52659|-7.52659
43|-7.5271|-7.5271
44|-7.52749|-7.52749
45|-7.52777|-7.52777
46|-7.528|-7.528
47|-7.52817|-7.52817
48|-7.52831|-7.52831
49|-7.52845|-7.52845
50|-7.52853|-7.52853
51|-7.5286|-7.5286
52|-7.52865|-7.52865
53|-7.52867|-7.52867
54|-7.5287|-7.5287
55|-7.52872|-7.52872
56|-7.52873|-7.52873
57|-7.52874|-7.52874
58|-7.52874|-7.52874
59|-7.52874|-7.52874
60|-7.52875|-7.52875
61|-7.52875|-7.52875
62|-7.52875|-7.52875
63|-7.52875|-7.52875
64|-7.52875|-7.52875
65|-7.52875|-7.52875
66|-7.52875|-7.52875
67|-7.52875|-7.52875
68|-7.52875|-7.52875
69|-7.52875|-7.52875
70|-7.52875|-7.52875
71|-7.52875|-7.52875
72|-7.52875|-7.52875
73|-7.52875|-7.52875
74|-7.52875|-7.52875
75|-7.52875|-7.52875
76|-7.52875|-7.52875
77|-7.52875|-7.52875
78|-7.52875|-7.52875
79|-7.52875|-7.52875
80|-7.52875|-7.52875
81|-7.52875|-7.52875
82|-7.52875|-7.52875
83|-7.52875|-7.52875
84|-7.52875|-7.52875
85|-7.52875|-7.52875
86|-7.52875|-7.52875
87|-7.52875|-7.52875
88|-7.52875|-7.52875
89|-7.52875|-7.52875
90|-7.52875|-7.52875
91|-7.52875|-7.52875
92|-7.52875|-7.52875
93|-7.52875|-7.52875
94|-7.52875|-7.52875
95|-7.52875|-7.52875
96|-7.52875|-7.52875
97|-7.52875|-7.52875
98|-7.52875|-7.52875
99|-7.52875|-7.52875
100|-7.52875|-7.52875
101|-7.52875|-7.52875
102|-7.52875|-7.52875
103|-7.52875|-7.52875
104|-7.52875|-7.52875
105|-7.52875|-7.52875
106|-7.52875|-7.52875
107|-7.52875|-7.52875
108|-7.52875|-7.52875
109|-7.52875|-7.52875
110|-7.52875|-7.52875
111|-7.52875|-7.52875
112|-7.52875|-7.52875
113|-7.52875|-7.52875
114|-7.52875|-7.52875
115|-7.52875|-7.52875
116|-7.52875|-7.52875
117|-7.52875|-7.52875
118|-7.52875|-7.52875
119|-7.52875|-7.52875
120|-7.52875|-7.52875
121|-7.52875|-7.52875
122|-7.52875|-7.52875
123|-7.52875|-7.52875
124|-7.52875|-7.52875
125|-7.52875|-7.52875
126|-7.52875|-7.52875
127|-7.52875|-7.52875
128|-7.52875|-7.52875
129|-7.52875|-7.52875
130|-7.52875|-7.52875
131|-7.52875|-7.52875
132|-7.52875|-7.52875
133|-7.52875|-7.52875
134|-7.52875|-7.52875
135|-7.52875|-7.52875
136|-7.52875|-7.52875
137|-7.52875|-7.52875
138|-7.52875|-7.52875
139|-7.52875|-7.52875
140|-7.52875|-7.52875
141|-7.52875|-7.52875
142|-7.52875|-7.52875
143|-7.52875|-7.52875
144|-7.52875|-7.52875
145|-7.52875|-7.52875
146|-7.52875|-7.52875
147|-7.52875|-7.52875
148|-7.52875|-7.52875
149|-7.52875|-7.52875
150|-7.52875|-7.52875
151|-7.52875|-7.52875
152|-7.52875|-7.52875
153|-7.52875|-7.52875
154|-7.52875|-7.52875
155|-7.52875|-7.52875
156|-7.52875|-7.52875
157|-7.52875|-7.52875
158|-7.52875|-7.52875
159|-7.52875|-7.52875
160|-7.52875|-7.52875
161|-7.52875|-7.52875
162|-7.52875|-7.52875
163|-7.52875|-7.52875
164|-7.52875|-7.52875
165|-7.52875|-7.52875
166|-7.52875|-7.52875
167|-7.52875|-7.52875
168|-7.52875|-7.52875
169|-7.52875|-7.52875
170|-7.52875|-7.52875
171|-7.52875|-7.52875
172|-7.52875|-7.52875
173|-7.52875|-7.52875
174|-7.52875|-7.52875
175|-7.52875|-7.52875
176|-7.52875|-7.52875
177|-7.52875|-7.52875
178|-7.52875|-7.52875
179|-7.52875|-7.52875
180|-7.52875|-7.52875
181|-7.52875|-7.52875
182|-7.52875|-7.52875
183|-7.52875|-7.52875
184|-7.52875|-7.52875
185|-7.52875|-7.52875
186|-7.52875|-7.52875
187|-7.52875|-7.52875
188|-7.52875|-7.52875
189|-7.52875|-7.52875
190|-7.52875|-7.52875
191|-7.52875|-7.52875
192|-7.52875|-7.52875
193|-7.52875|-7.52875
194|-7.52875|-7.52875
195|-7.52875|-7.52875
196|-7.52875|-7.52875
197|-7.52875|-7.52875
198|-7.52875|-7.52875
199|-7.52875|-7.52875
200|-7.52875|-7.52875
201|-7.52875|-7.52875
202|-7.52875|-7.52875
203|-7.52875|-7.52875
204|-7.52875|-7.52875
205|-7.52875|-7.52875
206|-7.52875|-7.52875
207|-7.52875|-7.52875
208|-7.52875|-7.52875
209|-7.52875|-7.52875
210|-7.52875|-7.52875
211|-7.52875|-7.52875
EARLY STOP: TARGET FOUND
293829ms
