1|-0.878857|-0.878857
2|-1.46802|-1.46802
3|-1.81325|-1.81325
4|-2.03175|-2.03175
5|-2.81053|-2.81053
6|-2.88016|-2.88016
7|-2.9022|-2.9022
8|-3.57228|-3.57228
9|-3.65163|-3.65163
10|-3.67483|-3.67483
11|-3.69144|-3.69144
12|-3.7004|-3.7004
13|-3.7049|-3.7049
14|-3.70743|-3.70743
15|-3.70866|-3.70866
16|-3.70986|-3.70986
17|-3.71043|-3.71043
18|-3.71081|-3.71081
19|-3.71097|-3.71097
20|-3.71113|-3.71113
21|-3.71128|-3.71128
22|-3.71141|-3.71141
23|-3.71143|-3.71143
24|-3.71145|-3.71145
25|-3.71146|-3.71146
26|-3.71146|-3.71146
27|-3.71146|-3.71146
28|-3.71147|-3.71147
29|-3.71147|-3.71147
30|-3.71147|-3.71147
31|-3.71147|-3.71147
32|-3.71147|-3.71147
33|-3.71147|-3.71147
34|-3.71147|-3.71147
35|-3.71147|-3.71147
36|-3.71147|-3.71147
37|-3.71147|-3.71147
38|-3.71147|-3.71147
39|-3.71147|-3.71147
40|-3.71147|-3.71147
41|-3.71147|-3.71147
42|-3.71147|-3.71147
43|-3.71147|-3.71147
44|-3.71147|-3.71147
45|-3.71147|-3.71147
46|-3.71147|-3.71147
47|-3.71147|-3.71147
48|-3.71147|-3.71147
49|-3.71147|-3.71147
50|-3.71147|-3.71147
51|-3.71147|-3.71147
52|-3.71147|-3.71147
53|-3.71147|-3.71147
54|-3.71147|-3.71147
55|-3.71147|-3.71147
56|-3.71147|-3.71147
57|-3.71147|-3.71147
58|-3.71147|-3.71147
59|-3.71147|-3.71147
60|-3.71147|-3.71147
61|-3.71147|-3.71147
62|-3.71147|-3.71147
63|-3.71147|-3.71147
64|-3.71147|-3.71147
65|-3.71147|-3.71147
66|-3.71147|-3.71147
67|-3.71147|-3.71147
68|-3.71147|-3.71147
69|-3.71147|-3.71147
70|-3.71147|-3.71147
71|-3.71147|-3.71147
72|-3.71147|-3.71147
73|-3.71147|-3.71147
74|-3.71147|-3.71147
75|-3.71147|-3.71147
76|-3.71147|-3.71147
77|-3.71147|-3.71147
78|-3.71147|-3.71147
79|-3.71147|-3.71147
80|-3.71147|-3.71147
81|-3.71147|-3.71147
82|-3.71147|-3.71147
83|-3.71147|-3.71147
84|-3.71147|-3.71147
85|-3.71147|-3.71147
86|-3.71147|-3.71147
87|-3.71147|-3.71147
88|-3.71147|-3.71147
89|-3.71147|-3.71147
90|-3.71147|-3.71147
91|-3.71147|-3.71147
92|-3.71147|-3.71147
93|-3.71147|-3.71147
94|-3.71147|-3.71147
95|-3.71147|-3.71147
96|-3.71147|-3.71147
97|-3.71147|-3.71147
98|-3.71147|-3.71147
99|-3.71147|-3.71147
100|-3.71147|-3.71147
101|-3.71147|-3.71147
102|-3.71147|-3.71147
103|-3.71147|-3.71147
104|-3.71147|-3.71147
105|-3.71147|-3.71147
106|-3.71147|-3.71147
107|-3.71147|-3.71147
108|-3.71147|-3.71147
109|-3.71147|-3.71147
110|-3.71147|-3.71147
111|-3.71147|-3.71147
112|-3.71147|-3.71147
113|-3.71147|-3.71147
114|-3.71147|-3.71147
115|-3.71147|-3.71147
116|-3.71147|-3.71147
117|-3.71147|-3.71147
118|-3.71147|-3.71147
119|-3.71147|-3.71147
120|-3.71147|-3.71147
121|-3.71147|-3.71147
122|-3.71147|-3.71147
123|-3.71147|-3.71147
124|-3.71147|-3.71147
125|-3.71147|-3.71147
126|-3.71147|-3.71147
127|-3.71147|-3.71147
128|-3.71147|-3.71147
129|-3.71147|-3.71147
130|-3.71147|-3.71147
131|-3.71147|-3.71147
132|-3.71147|-3.71147
133|-3.71147|-3.71147
134|-3.71147|-3.71147
135|-3.71147|-3.71147
136|-3.71147|-3.71147
137|-3.71147|-3.71147
138|-3.71147|-3.71147
139|-3.71147|-3.71147
140|-3.71147|-3.71147
141|-3.71147|-3.71147
142|-3.71147|-3.71147
143|-3.71147|-3.71147
144|-3.71147|-3.71147
145|-3.71147|-3.71147
146|-3.71147|-3.71147
147|-3.71147|-3.71147
148|-3.71147|-3.71147
149|-3.71147|-3.71147
150|-3.71147|-3.71147
151|-3.71147|-3.71147
152|-3.71147|-3.71147
153|-3.71147|-3.71147
154|-3.71147|-3.71147
155|-3.71147|-3.71147
156|-3.71147|-3.71147
157|-3.71147|-3.71147
158|-3.71147|-3.71147
159|-3.71147|-3.71147
160|-3.71147|-3.71147
161|-3.71147|-3.71147
162|-3.71147|-3.71147
163|-3.71147|-3.71147
164|-3.71147|-3.71147
165|-3.71147|-3.71147
166|-3.71147|-3.71147
167|-3.71147|-3.71147
168|-3.71147|-3.71147
169|-3.71147|-3.71147
170|-3.71147|-3.71147
171|-3.71147|-3.71147
172|-3.71147|-3.71147
173|-3.71147|-3.71147
174|-3.71147|-3.71147
175|-3.71147|-3.71147
176|-3.71147|-3.71147
177|-3.71147|-3.71147
178|-3.71147|-3.71147
179|-3.71147|-3.71147
180|-3.71147|-3.71147
181|-3.71147|-3.71147
182|-3.71147|-3.71147
EARLY STOP: TARGET FOUND
70009ms
