1|-894.859|-894.859
2|-1297.25|-1297.25
3|-1657.39|-1657.39
4|-1994.44|-1994.44
5|-2164.95|-2164.95
6|-2332.56|-2332.56
7|-2466.32|-2466.32
8|-2589.49|-2589.49
9|-2712.51|-2712.51
10|-2832.39|-2832.39
11|-2938.63|-2938.63
12|-3155.77|-3155.77
13|-3261.58|-3261.58
14|-3350.43|-3350.43
15|-3389|-3389
16|-3422.3|-3422.3
17|-3436.38|-3436.38
18|-3444.1|-3444.1
19|-3450.19|-3450.19
20|-3455.85|-3455.85
21|-3460.48|-3460.48
22|-3461.75|-3461.75
23|-3462.56|-3462.56
24|-3463.22|-3463.22
25|-3463.55|-3463.55
26|-3463.84|-3463.84
27|-3464.1|-3464.1
28|-3464.26|-3464.26
29|-3464.4|-3464.4
30|-3464.53|-3464.53
31|-3464.61|-3464.61
32|-3464.67|-3464.67
33|-3464.72|-3464.72
34|-3464.77|-3464.77
35|-3464.86|-3464.86
36|-3464.9|-3464.9
37|-3464.92|-3464.92
38|-3464.93|-3464.93
39|-3464.94|-3464.94
40|-3464.95|-3464.95
41|-3464.96|-3464.96
42|-3464.96|-3464.96
43|-3464.97|-3464.97
44|-3464.97|-3464.97
45|-3464.97|-3464.97
46|-3464.97|-3464.97
47|-3464.98|-3464.98
48|-3464.98|-3464.98
49|-3464.98|-3464.98
50|-3464.98|-3464.98
51|-3464.98|-3464.98
52|-3464.98|-3464.98
53|-3464.98|-3464.98
54|-3464.98|-3464.98
55|-3464.98|-3464.98
56|-3464.98|-3464.98
57|-3464.98|-3464.98
58|-3464.98|-3464.98
59|-3464.98|-3464.98
60|-3464.98|-3464.98
61|-3464.98|-3464.98
62|-3464.98|-3464.98
63|-3464.98|-3464.98
64|-3464.98|-3464.98
65|-3464.98|-3464.98
66|-3464.98|-3464.98
67|-3464.98|-3464.98
68|-3464.98|-3464.98
69|-3464.98|-3464.98
70|-3464.98|-3464.98
71|-3464.98|-3464.98
72|-3464.98|-3464.98
73|-3464.98|-3464.98
74|-3464.98|-3464.98
75|-3464.98|-3464.98
76|-3464.98|-3464.98
77|-3464.98|-3464.98
78|-3464.98|-3464.98
79|-3464.98|-3464.98
80|-3464.98|-3464.98
81|-3464.98|-3464.98
82|-3464.98|-3464.98
83|-3464.98|-3464.98
84|-3464.98|-3464.98
85|-3464.98|-3464.98
86|-3464.98|-3464.98
87|-3464.98|-3464.98
88|-3464.98|-3464.98
89|-3464.98|-3464.98
90|-3464.98|-3464.98
91|-3464.98|-3464.98
92|-3464.98|-3464.98
93|-3464.98|-3464.98
94|-3464.98|-3464.98
95|-3464.98|-3464.98
96|-3464.98|-3464.98
97|-3464.98|-3464.98
98|-3464.98|-3464.98
99|-3464.98|-3464.98
100|-3464.98|-3464.98
101|-3464.98|-3464.98
102|-3464.98|-3464.98
103|-3464.98|-3464.98
104|-3464.98|-3464.98
105|-3464.98|-3464.98
106|-3464.98|-3464.98
107|-3464.98|-3464.98
108|-3464.98|-3464.98
109|-3464.98|-3464.98
110|-3464.98|-3464.98
111|-3464.98|-3464.98
112|-3464.98|-3464.98
113|-3464.98|-3464.98
114|-3464.98|-3464.98
115|-3464.98|-3464.98
116|-3464.98|-3464.98
117|-3464.98|-3464.98
118|-3464.98|-3464.98
119|-3464.98|-3464.98
120|-3464.98|-3464.98
121|-3464.98|-3464.98
122|-3464.98|-3464.98
123|-3464.98|-3464.98
124|-3464.98|-3464.98
125|-3464.98|-3464.98
126|-3464.98|-3464.98
127|-3464.98|-3464.98
128|-3464.98|-3464.98
129|-3464.98|-3464.98
130|-3464.98|-3464.98
131|-3464.98|-3464.98
132|-3464.98|-3464.98
133|-3464.98|-3464.98
134|-3464.98|-3464.98
135|-3464.98|-3464.98
136|-3464.98|-3464.98
137|-3464.98|-3464.98
138|-3464.98|-3464.98
139|-3464.98|-3464.98
140|-3464.98|-3464.98
141|-3464.98|-3464.98
142|-3464.98|-3464.98
143|-3464.98|-3464.98
144|-3464.98|-3464.98
145|-3464.98|-3464.98
146|-3464.98|-3464.98
147|-3464.98|-3464.98
148|-3464.98|-3464.98
149|-3464.98|-3464.98
150|-3464.98|-3464.98
151|-3464.98|-3464.98
152|-3464.98|-3464.98
153|-3464.98|-3464.98
154|-3464.98|-3464.98
155|-3464.98|-3464.98
156|-3464.98|-3464.98
157|-3464.98|-3464.98
158|-3464.98|-3464.98
159|-3464.98|-3464.98
160|-3464.98|-3464.98
161|-3464.98|-3464.98
162|-3464.98|-3464.98
163|-3464.98|-3464.98
164|-3464.98|-3464.98
165|-3464.98|-3464.98
166|-3464.98|-3464.98
167|-3464.98|-3464.98
168|-3464.98|-3464.98
169|-3464.98|-3464.98
170|-3464.98|-3464.98
171|-3464.98|-3464.98
172|-3464.98|-3464.98
173|-3464.98|-3464.98
174|-3464.98|-3464.98
175|-3464.98|-3464.98
176|-3464.98|-3464.98
177|-3464.98|-3464.98
178|-3464.98|-3464.98
179|-3464.98|-3464.98
180|-3464.98|-3464.98
181|-3464.98|-3464.98
182|-3464.98|-3464.98
183|-3464.98|-3464.98
184|-3464.98|-3464.98
185|-3464.98|-3464.98
186|-3464.98|-3464.98
187|-3464.98|-3464.98
188|-3464.98|-3464.98
189|-3464.98|-3464.98
190|-3464.98|-3464.98
191|-3464.98|-3464.98
192|-3464.98|-3464.98
193|-3464.98|-3464.98
194|-3464.98|-3464.98
195|-3464.98|-3464.98
196|-3464.98|-3464.98
197|-3464.98|-3464.98
198|-3464.98|-3464.98
199|-3464.98|-3464.98
200|-3464.98|-3464.98
201|-3464.98|-3464.98
202|-3464.98|-3464.98
203|-3464.98|-3464.98
204|-3464.98|-3464.98
205|-3464.98|-3464.98
206|-3464.98|-3464.98
207|-3464.98|-3464.98
208|-3464.98|-3464.98
209|-3464.98|-3464.98
210|-3464.98|-3464.98
211|-3464.98|-3464.98
EARLY STOP: TARGET FOUND
440039ms
