1|-925.953|-925.953
2|-1328.56|-1328.56
3|-1700.74|-1700.74
4|-2044.7|-2044.7
5|-2335.28|-2335.28
6|-2596.25|-2596.25
7|-2780.32|-2780.32
8|-2962.34|-2962.34
9|-3120.54|-3120.54
10|-3251.01|-3251.01
11|-3285.05|-3285.05
12|-3340.95|-3340.95
13|-3374.22|-3374.22
14|-3400.21|-3400.21
15|-3419.75|-3419.75
16|-3433.1|-3433.1
17|-3445.44|-3445.44
18|-3455.8|-3455.8
19|-3508.27|-3508.27
20|-3517.03|-3517.03
21|-3521.4|-3521.4
22|-3525.74|-3525.74
23|-3527.83|-3527.83
24|-3529.49|-3529.49
25|-3530.58|-3530.58
26|-3531.6|-3531.6
27|-3532.54|-3532.54
28|-3533.28|-3533.28
29|-3533.99|-3533.99
30|-3534.56|-3534.56
31|-3535.11|-3535.11
32|-3535.65|-3535.65
33|-3536.15|-3536.15
34|-3536.43|-3536.43
35|-3536.68|-3536.68
36|-3536.85|-3536.85
37|-3536.98|-3536.98
38|-3537.09|-3537.09
39|-3537.19|-3537.19
40|-3537.26|-3537.26
41|-3537.33|-3537.33
42|-3537.4|-3537.4
43|-3537.46|-3537.46
44|-3537.52|-3537.52
45|-3537.57|-3537.57
46|-3537.61|-3537.61
47|-3537.65|-3537.65
48|-3537.68|-3537.68
49|-3537.7|-3537.7
50|-3537.72|-3537.72
51|-3537.74|-3537.74
52|-3537.75|-3537.75
53|-3537.76|-3537.76
54|-3537.77|-3537.77
55|-3537.77|-3537.77
56|-3537.78|-3537.78
57|-3537.78|-3537.78
58|-3537.79|-3537.79
59|-3537.79|-3537.79
60|-3537.8|-3537.8
61|-3537.8|-3537.8
62|-3537.8|-3537.8
63|-3537.81|-3537.81
64|-3537.81|-3537.81
65|-3537.81|-3537.81
66|-3537.81|-3537.81
67|-3537.81|-3537.81
68|-3537.81|-3537.81
69|-3537.81|-3537.81
70|-3537.81|-3537.81
71|-3537.81|-3537.81
72|-3537.81|-3537.81
73|-3537.81|-3537.81
74|-3537.81|-3537.81
75|-3537.81|-3537.81
76|-3537.81|-3537.81
77|-3537.81|-3537.81
78|-3537.81|-3537.81
79|-3537.81|-3537.81
80|-3537.81|-3537.81
81|-3537.81|-3537.81
82|-3537.81|-3537.81
83|-3537.81|-3537.81
84|-3537.81|-3537.81
85|-3537.81|-3537.81
86|-3537.81|-3537.81
87|-3537.81|-3537.81
88|-3537.81|-3537.81
89|-3537.81|-3537.81
90|-3537.81|-3537.81
91|-3537.81|-3537.81
92|-3537.81|-3537.81
93|-3537.81|-3537.81
94|-3537.81|-3537.81
95|-3537.81|-3537.81
96|-3537.81|-3537.81
97|-3537.81|-3537.81
98|-3537.81|-3537.81
99|-3537.81|-3537.81
100|-3537.81|-3537.81
101|-3537.81|-3537.81
102|-3537.81|-3537.81
103|-3537.81|-3537.81
104|-3537.81|-3537.81
105|-3537.81|-3537.81
106|-3537.81|-3537.81
107|-3537.81|-3537.81
108|-3537.81|-3537.81
109|-3537.81|-3537.81
110|-3537.81|-3537.81
111|-3537.81|-3537.81
112|-3537.81|-3537.81
113|-3537.81|-3537.81
114|-3537.81|-3537.81
115|-3537.81|-3537.81
116|-3537.81|-3537.81
117|-3537.81|-3537.81
118|-3537.81|-3537.81
119|-3537.81|-3537.81
120|-3537.81|-3537.81
121|-3537.81|-3537.81
122|-3537.81|-3537.81
123|-3537.81|-3537.81
124|-3537.81|-3537.81
125|-3537.81|-3537.81
126|-3537.81|-3537.81
127|-3537.81|-3537.81
128|-3537.81|-3537.81
129|-3537.81|-3537.81
130|-3537.81|-3537.81
131|-3537.81|-3537.81
132|-3537.81|-3537.81
133|-3537.81|-3537.81
134|-3537.81|-3537.81
135|-3537.81|-3537.81
136|-3537.81|-3537.81
137|-3537.81|-3537.81
138|-3537.81|-3537.81
139|-3537.81|-3537.81
140|-3537.81|-3537.81
141|-3537.81|-3537.81
142|-3537.81|-3537.81
143|-3537.81|-3537.81
144|-3537.81|-3537.81
145|-3537.81|-3537.81
146|-3537.81|-3537.81
147|-3537.81|-3537.81
148|-3537.81|-3537.81
149|-3537.81|-3537.81
150|-3537.81|-3537.81
151|-3537.81|-3537.81
152|-3537.81|-3537.81
153|-3537.81|-3537.81
154|-3537.81|-3537.81
155|-3537.81|-3537.81
156|-3537.81|-3537.81
157|-3537.81|-3537.81
158|-3537.81|-3537.81
159|-3537.81|-3537.81
160|-3537.81|-3537.81
161|-3537.81|-3537.81
162|-3537.81|-3537.81
163|-3537.81|-3537.81
164|-3537.81|-3537.81
165|-3537.81|-3537.81
166|-3537.81|-3537.81
167|-3537.81|-3537.81
168|-3537.81|-3537.81
169|-3537.81|-3537.81
170|-3537.81|-3537.81
171|-3537.81|-3537.81
172|-3537.81|-3537.81
173|-3537.81|-3537.81
174|-3537.81|-3537.81
175|-3537.81|-3537.81
176|-3537.81|-3537.81
177|-3537.81|-3537.81
178|-3537.81|-3537.81
179|-3537.81|-3537.81
180|-3537.81|-3537.81
181|-3537.81|-3537.81
182|-3537.81|-3537.81
183|-3537.81|-3537.81
184|-3537.81|-3537.81
185|-3537.81|-3537.81
186|-3537.81|-3537.81
187|-3537.81|-3537.81
188|-3537.81|-3537.81
189|-3537.81|-3537.81
190|-3537.81|-3537.81
191|-3537.81|-3537.81
192|-3537.81|-3537.81
193|-3537.81|-3537.81
194|-3537.81|-3537.81
195|-3537.81|-3537.81
196|-3537.81|-3537.81
197|-3537.81|-3537.81
198|-3537.81|-3537.81
199|-3537.81|-3537.81
200|-3537.81|-3537.81
201|-3537.81|-3537.81
202|-3537.81|-3537.81
203|-3537.81|-3537.81
204|-3537.81|-3537.81
205|-3537.81|-3537.81
206|-3537.81|-3537.81
207|-3537.81|-3537.81
208|-3537.81|-3537.81
209|-3537.81|-3537.81
210|-3537.81|-3537.81
211|-3537.81|-3537.81
212|-3537.81|-3537.81
213|-3537.81|-3537.81
214|-3537.81|-3537.81
215|-3537.81|-3537.81
216|-3537.81|-3537.81
217|-3537.81|-3537.81
218|-3537.81|-3537.81
219|-3537.81|-3537.81
220|-3537.81|-3537.81
221|-3537.81|-3537.81
222|-3537.81|-3537.81
223|-3537.81|-3537.81
EARLY STOP: TARGET FOUND
446737ms
