1|-680.366|-680.366
2|-1122.88|-1122.88
3|-1399.1|-1399.1
4|-1586.41|-1586.41
5|-1773.3|-1773.3
6|-1944.49|-1944.49
7|-2090.52|-2090.52
8|-2225|-2225
9|-2372.39|-2372.39
10|-2501.51|-2501.51
11|-2667.45|-2667.45
12|-2755.42|-2755.42
13|-2841.68|-2841.68
14|-2888.65|-2888.65
15|-2928.95|-2928.95
16|-2955.11|-2955.11
17|-2990.66|-2990.66
18|-3008.8|-3008.8
19|-3021.46|-3021.46
20|-3032.94|-3032.94
21|-3040.14|-3040.14
22|-3046.35|-3046.35
23|-3051.64|-3051.64
24|-3055.22|-3055.22
25|-3057.98|-3057.98
26|-3060.61|-3060.61
27|-3062.8|-3062.8
28|-3064.85|-3064.85
29|-3066.77|-3066.77
30|-3068.54|-3068.54
31|-3069.83|-3069.83
32|-3070.91|-3070.91
33|-3071.7|-3071.7
34|-3072.36|-3072.36
35|-3072.98|-3072.98
36|-3073.48|-3073.48
37|-3073.81|-3073.81
38|-3074.12|-3074.12
39|-3074.39|-3074.39
40|-3074.64|-3074.64
41|-3074.81|-3074.81
42|-3074.96|-3074.96
43|-3075.1|-3075.1
44|-3075.24|-3075.24
45|-3075.66|-3075.66
46|-3075.79|-3075.79
47|-3075.87|-3075.87
48|-3075.94|-3075.94
49|-3076.01|-3076.01
50|-3076.07|-3076.07
51|-3076.14|-3076.14
52|-3076.17|-3076.17
53|-3076.21|-3076.21
54|-3076.24|-3076.24
55|-3076.26|-3076.26
56|-3076.28|-3076.28
57|-3076.3|-3076.3
58|-3076.31|-3076.31
59|-3076.32|-3076.32
60|-3076.33|-3076.33
61|-3076.34|-3076.34
62|-3076.34|-3076.34
63|-3076.35|-3076.35
64|-3076.35|-3076.35
65|-3076.36|-3076.36
66|-3076.36|-3076.36
67|-3076.36|-3076.36
68|-3076.37|-3076.37
69|-3076.37|-3076.37
70|-3076.37|-3076.37
71|-3076.37|-3076.37
72|-3076.37|-3076.37
73|-3076.37|-3076.37
74|-3076.37|-3076.37
75|-3076.37|-3076.37
76|-3076.38|-3076.38
77|-3076.38|-3076.38
78|-3076.38|-3076.38
79|-3076.38|-3076.38
80|-3076.38|-3076.38
81|-3076.38|-3076.38
82|-3076.38|-3076.38
83|-3076.38|-3076.38
84|-3076.38|-3076.38
85|-3076.38|-3076.38
86|-3076.38|-3076.38
87|-3076.38|-3076.38
88|-3076.38|-3076.38
89|-3076.38|-3076.38
90|-3076.38|-3076.38
91|-3076.38|-3076.38
92|-3076.38|-3076.38
93|-3076.38|-3076.38
94|-3076.38|-3076.38
95|-3076.38|-3076.38
96|-3076.38|-3076.38
97|-3076.38|-3076.38
98|-3076.38|-3076.38
99|-3076.38|-3076.38
100|-3076.38|-3076.38
101|-3076.38|-3076.38
102|-3076.38|-3076.38
103|-3076.38|-3076.38
104|-3076.38|-3076.38
105|-3076.38|-3076.38
106|-3076.38|-3076.38
107|-3076.38|-3076.38
108|-3076.38|-3076.38
109|-3076.38|-3076.38
110|-3076.38|-3076.38
111|-3076.38|-3076.38
112|-3076.38|-3076.38
113|-3076.38|-3076.38
114|-3076.38|-3076.38
115|-3076.38|-3076.38
116|-3076.38|-3076.38
117|-3076.38|-3076.38
118|-3076.38|-3076.38
119|-3076.38|-3076.38
120|-3076.38|-3076.38
121|-3076.38|-3076.38
122|-3076.38|-3076.38
123|-3076.38|-3076.38
124|-3076.38|-3076.38
125|-3076.38|-3076.38
126|-3076.38|-3076.38
127|-3076.38|-3076.38
128|-3076.38|-3076.38
129|-3076.38|-3076.38
130|-3076.38|-3076.38
131|-3076.38|-3076.38
132|-3076.38|-3076.38
133|-3076.38|-3076.38
134|-3076.38|-3076.38
135|-3076.38|-3076.38
136|-3076.38|-3076.38
137|-3076.38|-3076.38
138|-3076.38|-3076.38
139|-3076.38|-3076.38
140|-3076.38|-3076.38
141|-3076.38|-3076.38
142|-3076.38|-3076.38
143|-3076.38|-3076.38
144|-3076.38|-3076.38
145|-3076.38|-3076.38
146|-3076.38|-3076.38
147|-3076.38|-3076.38
148|-3076.38|-3076.38
149|-3076.38|-3076.38
150|-3076.38|-3076.38
151|-3076.38|-3076.38
152|-3076.38|-3076.38
153|-3076.38|-3076.38
154|-3076.38|-3076.38
155|-3076.38|-3076.38
156|-3076.38|-3076.38
157|-3076.38|-3076.38
158|-3076.38|-3076.38
159|-3076.38|-3076.38
160|-3076.38|-3076.38
161|-3076.38|-3076.38
162|-3076.38|-3076.38
163|-3076.38|-3076.38
164|-3076.38|-3076.38
165|-3076.38|-3076.38
166|-3076.38|-3076.38
167|-3076.38|-3076.38
168|-3076.38|-3076.38
169|-3076.38|-3076.38
170|-3076.38|-3076.38
171|-3076.38|-3076.38
172|-3076.38|-3076.38
173|-3076.38|-3076.38
174|-3076.38|-3076.38
175|-3076.38|-3076.38
176|-3076.38|-3076.38
177|-3076.38|-3076.38
178|-3076.38|-3076.38
179|-3076.38|-3076.38
180|-3076.38|-3076.38
181|-3076.38|-3076.38
182|-3076.38|-3076.38
183|-3076.38|-3076.38
184|-3076.38|-3076.38
185|-3076.38|-3076.38
186|-3076.38|-3076.38
187|-3076.38|-3076.38
188|-3076.38|-3076.38
189|-3076.38|-3076.38
190|-3076.38|-3076.38
191|-3076.38|-3076.38
192|-3076.38|-3076.38
193|-3076.38|-3076.38
194|-3076.38|-3076.38
195|-3076.38|-3076.38
196|-3076.38|-3076.38
197|-3076.38|-3076.38
198|-3076.38|-3076.38
199|-3076.38|-3076.38
200|-3076.38|-3076.38
201|-3076.38|-3076.38
202|-3076.38|-3076.38
203|-3076.38|-3076.38
204|-3076.38|-3076.38
205|-3076.38|-3076.38
206|-3076.38|-3076.38
207|-3076.38|-3076.38
208|-3076.38|-3076.38
209|-3076.38|-3076.38
210|-3076.38|-3076.38
211|-3076.38|-3076.38
212|-3076.38|-3076.38
213|-3076.38|-3076.38
214|-3076.38|-3076.38
215|-3076.38|-3076.38
216|-3076.38|-3076.38
217|-3076.38|-3076.38
218|-3076.38|-3076.38
219|-3076.38|-3076.38
220|-3076.38|-3076.38
221|-3076.38|-3076.38
222|-3076.38|-3076.38
223|-3076.38|-3076.38
224|-3076.38|-3076.38
225|-3076.38|-3076.38
226|-3076.38|-3076.38
227|-3076.38|-3076.38
228|-3076.38|-3076.38
229|-3076.38|-3076.38
230|-3076.38|-3076.38
231|-3076.38|-3076.38
232|-3076.38|-3076.38
233|-3076.38|-3076.38
234|-3076.38|-3076.38
235|-3076.38|-3076.38
EARLY STOP: TARGET FOUND
477880ms
