1|526.592|526.592
2|490.503|490.503
3|461.566|461.566
4|432.652|432.652
5|403.942|403.942
6|382.418|382.418
7|362.855|362.855
8|343.989|343.989
9|325.221|325.221
10|307.913|307.913
11|290.9|290.9
12|273.974|273.974
13|257.24|257.24
14|241.315|241.315
15|226.118|226.118
16|211.687|211.687
17|197.94|197.94
18|185.164|185.164
19|172.583|172.583
20|161.003|161.003
21|150.159|150.159
22|141.093|141.093
23|132.194|132.194
24|125.867|125.867
25|121.801|121.801
26|117.873|117.873
27|114.264|114.264
28|111.072|111.072
29|107.889|107.889
30|104.777|104.777
31|101.716|101.716
32|98.8424|98.8424
33|96.3312|96.3312
34|94.2766|94.2766
35|92.4163|92.4163
36|90.6668|90.6668
37|89.0215|89.0215
38|87.6829|87.6829
39|86.3828|86.3828
40|82.7846|82.7846
41|81.5974|81.5974
42|80.4577|80.4577
43|79.3823|79.3823
44|78.5748|78.5748
45|77.8435|77.8435
46|77.1385|77.1385
47|76.4835|76.4835
48|75.8404|75.8404
49|75.3679|75.3679
50|74.9029|74.9029
51|74.5238|74.5238
52|74.1495|74.1495
53|73.7964|73.7964
54|73.4921|73.4921
55|73.1956|73.1956
56|72.9158|72.9158
57|72.7322|72.7322
58|72.5513|72.5513
59|72.3731|72.3731
60|72.1999|72.1999
61|72.0449|72.0449
62|71.9049|71.9049
63|71.7654|71.7654
64|71.6315|71.6315
65|71.498|71.498
66|71.415|71.415
67|71.3346|71.3346
68|71.2567|71.2567
69|71.1804|71.1804
70|71.1055|71.1055
71|71.033|71.033
72|70.9641|70.9641
73|70.8958|70.8958
74|70.8281|70.8281
75|70.7669|70.7669
76|70.7201|70.7201
77|70.6748|70.6748
78|70.632|70.632
79|70.5952|70.5952
80|70.5585|70.5585
81|70.5249|70.5249
82|70.4913|70.4913
83|70.4577|70.4577
84|70.4244|70.4244
85|70.391|70.391
86|70.3584|70.3584
87|70.331|70.331
88|70.304|70.304
89|70.2771|70.2771
90|70.2504|70.2504
91|70.2313|70.2313
92|70.2127|70.2127
93|70.1947|70.1947
94|70.1772|70.1772
95|70.1597|70.1597
96|70.143|70.143
97|70.1264|70.1264
98|70.1138|70.1138
99|70.1051|70.1051
100|70.0963|70.0963
101|70.0876|70.0876
102|70.0789|70.0789
103|70.0706|70.0706
104|70.0629|70.0629
105|70.0563|70.0563
106|70.0519|70.0519
107|70.0476|70.0476
108|70.0433|70.0433
109|70.0391|70.0391
110|70.035|70.035
111|70.0319|70.0319
112|70.0289|70.0289
113|70.0261|70.0261
114|70.0236|70.0236
115|70.0212|70.0212
116|70.019|70.019
117|70.0169|70.0169
118|70.0147|70.0147
119|70.0126|70.0126
120|70.0105|70.0105
121|70.0085|70.0085
122|70.0065|70.0065
123|70.0054|70.0054
124|70.0043|70.0043
125|70.0033|70.0033
126|70.0022|70.0022
127|70.0012|70.0012
128|70.0001|70.0001
129|69.9991|69.9991
130|69.9984|69.9984
131|69.9977|69.9977
132|69.997|69.997
133|69.9964|69.9964
134|69.9959|69.9959
135|69.9953|69.9953
136|69.9948|69.9948
137|69.9942|69.9942
138|69.9937|69.9937
139|69.9932|69.9932
140|69.9928|69.9928
141|69.9924|69.9924
142|69.992|69.992
143|69.9916|69.9916
144|69.9913|69.9913
145|69.9909|69.9909
146|69.9907|69.9907
147|69.9904|69.9904
148|69.9902|69.9902
149|69.9899|69.9899
150|69.9896|69.9896
151|69.9894|69.9894
152|69.9892|69.9892
153|69.9889|69.9889
154|69.9888|69.9888
155|69.9886|69.9886
156|69.9885|69.9885
157|69.9883|69.9883
158|69.9882|69.9882
159|69.9881|69.9881
160|69.9879|69.9879
161|69.9878|69.9878
162|69.9877|69.9877
163|69.9876|69.9876
164|69.9875|69.9875
165|69.9874|69.9874
166|69.9873|69.9873
167|69.9873|69.9873
168|69.9872|69.9872
169|69.9872|69.9872
170|69.9871|69.9871
171|69.9871|69.9871
172|69.987|69.987
173|69.987|69.987
174|69.987|69.987
175|69.987|69.987
176|69.987|69.987
177|69.987|69.987
178|69.9869|69.9869
179|69.9869|69.9869
180|69.9869|69.9869
181|69.9869|69.9869
182|69.9869|69.9869
183|69.9869|69.9869
184|69.9869|69.9869
185|69.9869|69.9869
186|69.9869|69.9869
187|69.9869|69.9869
188|69.9869|69.9869
189|69.9869|69.9869
190|69.9869|69.9869
191|69.9869|69.9869
192|69.9869|69.9869
193|69.9869|69.9869
194|69.9869|69.9869
195|69.9869|69.9869
196|69.9869|69.9869
197|69.9869|69.9869
198|69.9869|69.9869
199|69.9869|69.9869
200|69.9869|69.9869
201|69.9869|69.9869
202|69.9869|69.9869
203|69.9869|69.9869
204|69.9869|69.9869
205|69.9869|69.9869
206|69.9869|69.9869
207|69.9869|69.9869
208|69.9869|69.9869
209|69.9869|69.9869
210|69.9869|69.9869
211|69.9869|69.9869
212|69.9869|69.9869
213|69.9869|69.9869
214|69.9869|69.9869
215|69.9869|69.9869
216|69.9869|69.9869
217|69.9869|69.9869
218|69.9869|69.9869
219|69.9869|69.9869
220|69.9869|69.9869
221|69.9869|69.9869
222|69.9869|69.9869
223|69.9869|69.9869
224|69.9869|69.9869
225|69.9869|69.9869
226|69.9869|69.9869
227|69.9869|69.9869
228|69.9869|69.9869
229|69.9869|69.9869
230|69.9869|69.9869
231|69.9869|69.9869
232|69.9869|69.9869
233|69.9869|69.9869
234|69.9869|69.9869
235|69.9869|69.9869
236|69.9869|69.9869
237|69.9869|69.9869
238|69.9869|69.9869
239|69.9869|69.9869
240|69.9869|69.9869
241|69.9869|69.9869
242|69.9869|69.9869
243|69.9869|69.9869
244|69.9869|69.9869
245|69.9869|69.9869
246|69.9869|69.9869
247|69.9869|69.9869
248|69.9869|69.9869
249|69.9869|69.9869
250|69.9869|69.9869
251|69.9869|69.9869
252|69.9869|69.9869
253|69.9869|69.9869
254|69.9869|69.9869
255|69.9869|69.9869
256|69.9869|69.9869
257|69.9869|69.9869
258|69.9869|69.9869
259|69.9869|69.9869
260|69.9869|69.9869
261|69.9869|69.9869
262|69.9869|69.9869
263|69.9869|69.9869
264|69.9869|69.9869
265|69.9869|69.9869
266|69.9869|69.9869
267|69.9869|69.9869
268|69.9869|69.9869
269|69.9869|69.9869
270|69.9869|69.9869
271|69.9869|69.9869
272|69.9869|69.9869
273|69.9869|69.9869
274|69.9869|69.9869
275|69.9869|69.9869
276|69.9869|69.9869
277|69.9869|69.9869
278|69.9869|69.9869
279|69.9869|69.9869
280|69.9869|69.9869
281|69.9869|69.9869
282|69.9869|69.9869
283|69.9869|69.9869
284|69.9869|69.9869
285|69.9869|69.9869
286|69.9869|69.9869
287|69.9869|69.9869
288|69.9869|69.9869
289|69.9869|69.9869
290|69.9869|69.9869
291|69.9869|69.9869
292|69.9869|69.9869
293|69.9869|69.9869
294|69.9869|69.9869
295|69.9869|69.9869
296|69.9869|69.9869
297|69.9869|69.9869
298|69.9869|69.9869
299|69.9869|69.9869
300|69.9869|69.9869
301|69.9869|69.9869
302|69.9869|69.9869
303|69.9869|69.9869
304|69.9869|69.9869
305|69.9869|69.9869
306|69.9869|69.9869
307|69.9869|69.9869
308|69.9869|69.9869
309|69.9869|69.9869
310|69.9869|69.9869
311|69.9869|69.9869
312|69.9869|69.9869
313|69.9869|69.9869
314|69.9869|69.9869
315|69.9869|69.9869
316|69.9869|69.9869
317|69.9869|69.9869
318|69.9869|69.9869
319|69.9869|69.9869
320|69.9869|69.9869
321|69.9869|69.9869
322|69.9869|69.9869
323|69.9869|69.9869
324|69.9869|69.9869
325|69.9869|69.9869
326|69.9869|69.9869
327|69.9869|69.9869
328|69.9869|69.9869
329|69.9869|69.9869
330|69.9869|69.9869
331|69.9869|69.9869
332|69.9869|69.9869
333|69.9869|69.9869
334|69.9869|69.9869
335|69.9869|69.9869
EARLY STOP: TARGET FOUND
3825607ms
