1|632.642|632.642
2|600.009|600.009
3|569.48|569.48
4|540.36|540.36
5|512.055|512.055
6|485.011|485.011
7|459.569|459.569
8|434.292|434.292
9|409.449|409.449
10|387.837|387.837
11|368.059|368.059
12|348.444|348.444
13|329.064|329.064
14|310.879|310.879
15|293.591|293.591
16|276.681|276.681
17|260.958|260.958
18|246.013|246.013
19|231.855|231.855
20|218.12|218.12
21|205.017|205.017
22|192.705|192.705
23|180.785|180.785
24|169.34|169.34
25|160.78|160.78
26|153.385|153.385
27|146.507|146.507
28|140.006|140.006
29|133.862|133.862
30|122.634|122.634
31|116.56|116.56
32|111.182|111.182
33|105.813|105.813
34|100.786|100.786
35|96.2424|96.2424
36|91.9922|91.9922
37|88.3871|88.3871
38|84.8221|84.8221
39|81.5609|81.5609
40|78.9692|78.9692
41|76.5436|76.5436
42|74.3338|74.3338
43|72.4921|72.4921
44|70.6825|70.6825
45|69.0814|69.0814
46|67.642|67.642
47|66.2969|66.2969
48|65.4942|65.4942
49|64.6524|64.6524
50|63.96|63.96
51|63.2731|63.2731
52|62.6529|62.6529
53|62.0357|62.0357
54|61.4291|61.4291
55|60.8506|60.8506
56|60.354|60.354
57|59.8655|59.8655
58|59.4446|59.4446
59|59.0461|59.0461
60|58.6623|58.6623
61|58.3101|58.3101
62|57.9955|57.9955
63|57.7008|57.7008
64|57.4613|57.4613
65|57.2404|57.2404
66|57.0469|57.0469
67|56.8663|56.8663
68|56.6979|56.6979
69|56.5304|56.5304
70|56.3892|56.3892
71|56.2747|56.2747
72|56.1806|56.1806
73|56.098|56.098
74|56.0219|56.0219
75|55.9535|55.9535
76|55.8855|55.8855
77|55.8178|55.8178
78|55.7598|55.7598
79|55.706|55.706
80|55.6683|55.6683
81|55.6309|55.6309
82|55.5947|55.5947
83|55.5588|55.5588
84|55.5245|55.5245
85|55.4909|55.4909
86|55.4574|55.4574
87|55.4239|55.4239
88|55.3906|55.3906
89|55.3594|55.3594
90|55.3294|55.3294
91|55.3014|55.3014
92|55.2755|55.2755
93|55.2575|55.2575
94|55.2397|55.2397
95|55.2222|55.2222
96|55.2055|55.2055
97|55.1941|55.1941
98|55.1828|55.1828
99|55.1722|55.1722
100|55.1634|55.1634
101|55.1547|55.1547
102|55.1461|55.1461
103|55.1377|55.1377
104|55.1294|55.1294
105|55.1211|55.1211
106|55.1128|55.1128
107|55.1045|55.1045
108|55.0966|55.0966
109|55.0894|55.0894
110|55.0839|55.0839
111|55.0792|55.0792
112|55.0749|55.0749
113|55.0706|55.0706
114|55.0664|55.0664
115|55.0623|55.0623
116|55.0582|55.0582
117|55.0542|55.0542
118|55.051|55.051
119|55.0484|55.0484
120|55.046|55.046
121|55.0438|55.0438
122|55.0416|55.0416
123|55.0394|55.0394
124|55.0373|55.0373
125|55.0351|55.0351
126|55.0331|55.0331
127|55.031|55.031
128|55.0289|55.0289
129|55.0268|55.0268
130|55.0248|55.0248
131|55.0232|55.0232
132|55.0216|55.0216
133|55.0202|55.0202
134|55.0188|55.0188
135|55.0174|55.0174
136|55.0161|55.0161
137|55.015|55.015
138|55.0139|55.0139
139|55.0128|55.0128
140|55.0118|55.0118
141|55.0108|55.0108
142|55.0097|55.0097
143|55.0091|55.0091
144|55.0084|55.0084
145|55.0078|55.0078
146|55.0072|55.0072
147|55.0066|55.0066
148|55.006|55.006
149|55.0055|55.0055
150|55.005|55.005
151|55.0044|55.0044
152|55.0039|55.0039
153|55.0034|55.0034
154|55.0029|55.0029
155|55.0024|55.0024
156|55.0019|55.0019
157|55.0014|55.0014
158|55.001|55.001
159|55.0006|55.0006
160|55.0003|55.0003
161|55|55
162|54.9997|54.9997
163|54.9995|54.9995
164|54.9992|54.9992
165|54.9989|54.9989
166|54.9987|54.9987
167|54.9985|54.9985
168|54.9983|54.9983
169|54.9982|54.9982
170|54.998|54.998
171|54.9979|54.9979
172|54.9977|54.9977
173|54.9976|54.9976
174|54.9976|54.9976
175|54.9975|54.9975
176|54.9974|54.9974
177|54.9974|54.9974
178|54.9973|54.9973
179|54.9973|54.9973
180|54.9972|54.9972
181|54.9972|54.9972
182|54.9971|54.9971
183|54.9971|54.9971
184|54.9971|54.9971
185|54.997|54.997
186|54.997|54.997
187|54.997|54.997
188|54.997|54.997
189|54.9969|54.9969
190|54.9969|54.9969
191|54.9969|54.9969
192|54.9969|54.9969
193|54.9969|54.9969
194|54.9969|54.9969
195|54.9969|54.9969
196|54.9969|54.9969
197|54.9969|54.9969
198|54.9969|54.9969
199|54.9969|54.9969
200|54.9969|54.9969
201|54.9969|54.9969
202|54.9969|54.9969
203|54.9969|54.9969
204|54.9969|54.9969
205|54.9969|54.9969
206|54.9969|54.9969
207|54.9969|54.9969
208|54.9969|54.9969
209|54.9969|54.9969
210|54.9969|54.9969
211|54.9969|54.9969
212|54.9969|54.9969
213|54.9969|54.9969
214|54.9969|54.9969
215|54.9969|54.9969
216|54.9969|54.9969
217|54.9969|54.9969
218|54.9969|54.9969
219|54.9969|54.9969
220|54.9969|54.9969
221|54.9969|54.9969
222|54.9969|54.9969
223|54.9969|54.9969
224|54.9969|54.9969
225|54.9969|54.9969
226|54.9969|54.9969
227|54.9969|54.9969
228|54.9969|54.9969
229|54.9969|54.9969
230|54.9969|54.9969
231|54.9969|54.9969
232|54.9969|54.9969
233|54.9969|54.9969
234|54.9969|54.9969
235|54.9969|54.9969
236|54.9969|54.9969
237|54.9969|54.9969
238|54.9969|54.9969
239|54.9969|54.9969
240|54.9969|54.9969
241|54.9969|54.9969
242|54.9969|54.9969
243|54.9969|54.9969
244|54.9969|54.9969
245|54.9969|54.9969
246|54.9969|54.9969
247|54.9969|54.9969
248|54.9969|54.9969
249|54.9969|54.9969
250|54.9969|54.9969
251|54.9969|54.9969
252|54.9969|54.9969
253|54.9969|54.9969
254|54.9969|54.9969
255|54.9969|54.9969
256|54.9969|54.9969
257|54.9969|54.9969
258|54.9969|54.9969
259|54.9969|54.9969
260|54.9969|54.9969
261|54.9969|54.9969
262|54.9969|54.9969
263|54.9969|54.9969
264|54.9969|54.9969
265|54.9969|54.9969
266|54.9969|54.9969
267|54.9969|54.9969
268|54.9969|54.9969
269|54.9969|54.9969
270|54.9969|54.9969
271|54.9969|54.9969
272|54.9969|54.9969
273|54.9969|54.9969
274|54.9969|54.9969
275|54.9969|54.9969
276|54.9969|54.9969
277|54.9969|54.9969
278|54.9969|54.9969
279|54.9969|54.9969
280|54.9969|54.9969
281|54.9969|54.9969
282|54.9969|54.9969
283|54.9969|54.9969
284|54.9969|54.9969
285|54.9969|54.9969
286|54.9969|54.9969
287|54.9969|54.9969
288|54.9969|54.9969
289|54.9969|54.9969
290|54.9969|54.9969
291|54.9969|54.9969
292|54.9969|54.9969
293|54.9969|54.9969
294|54.9969|54.9969
295|54.9969|54.9969
296|54.9969|54.9969
297|54.9969|54.9969
298|54.9969|54.9969
299|54.9969|54.9969
300|54.9969|54.9969
301|54.9969|54.9969
302|54.9969|54.9969
303|54.9969|54.9969
304|54.9969|54.9969
305|54.9969|54.9969
306|54.9969|54.9969
307|54.9969|54.9969
308|54.9969|54.9969
309|54.9969|54.9969
310|54.9969|54.9969
311|54.9969|54.9969
312|54.9969|54.9969
313|54.9969|54.9969
314|54.9969|54.9969
315|54.9969|54.9969
316|54.9969|54.9969
317|54.9969|54.9969
318|54.9969|54.9969
319|54.9969|54.9969
320|54.9969|54.9969
321|54.9969|54.9969
322|54.9969|54.9969
323|54.9969|54.9969
324|54.9969|54.9969
325|54.9969|54.9969
326|54.9969|54.9969
327|54.9969|54.9969
328|54.9969|54.9969
329|54.9969|54.9969
330|54.9969|54.9969
331|54.9969|54.9969
332|54.9969|54.9969
333|54.9969|54.9969
334|54.9969|54.9969
335|54.9969|54.9969
336|54.9969|54.9969
337|54.9969|54.9969
338|54.9969|54.9969
339|54.9969|54.9969
340|54.9969|54.9969
341|54.9969|54.9969
342|54.9969|54.9969
343|54.9969|54.9969
344|54.9969|54.9969
345|54.9969|54.9969
EARLY STOP: TARGET FOUND
3945479ms
