1|-1292.77|-1292.77
2|-1853.63|-1853.63
3|-2292.6|-2292.6
4|-2722.49|-2722.49
5|-3101.51|-3101.51
6|-3471.77|-3471.77
7|-3817.91|-3817.91
8|-4161.59|-4161.59
9|-4444.1|-4444.1
10|-4712.23|-4712.23
11|-4972.75|-4972.75
12|-5172.16|-5172.16
13|-5525.57|-5525.57
14|-5723.58|-5723.58
15|-6000.3|-6000.3
16|-6170.33|-6170.33
17|-6318.16|-6318.16
18|-6441.69|-6441.69
19|-6548.55|-6548.55
20|-6647.83|-6647.83
21|-6883.4|-6883.4
22|-6982.05|-6982.05
23|-7080.36|-7080.36
24|-7161.74|-7161.74
25|-7240.97|-7240.97
26|-7332.92|-7332.92
27|-7588.41|-7588.41
28|-7667.59|-7667.59
29|-7745.55|-7745.55
30|-7812.5|-7812.5
31|-7893.05|-7893.05
32|-8179.89|-8179.89
33|-8246.1|-8246.1
34|-8308.6|-8308.6
35|-8412.27|-8412.27
36|-8466.56|-8466.56
37|-8516.73|-8516.73
38|-8565.79|-8565.79
39|-8613.63|-8613.63
40|-8682.12|-8682.12
41|-9000.88|-9000.88
42|-9043.91|-9043.91
43|-9084.76|-9084.76
44|-9124.95|-9124.95
45|-9159.42|-9159.42
46|-9190.49|-9190.49
47|-9220.88|-9220.88
48|-9250.86|-9250.86
49|-9280.14|-9280.14
50|-9307.16|-9307.16
51|-9332.43|-9332.43
52|-9356.64|-9356.64
53|-9377.94|-9377.94
54|-9399.2|-9399.2
55|-9420.23|-9420.23
56|-9455.96|-9455.96
57|-9475.5|-9475.5
58|-9493.37|-9493.37
59|-9511.04|-9511.04
60|-9526.55|-9526.55
61|-9541.31|-9541.31
62|-9553.18|-9553.18
63|-9563.76|-9563.76
64|-9574.16|-9574.16
65|-9584.06|-9584.06
66|-9592.89|-9592.89
67|-9601.68|-9601.68
68|-9610.13|-9610.13
69|-9670.99|-9670.99
70|-9679.17|-9679.17
71|-9684.86|-9684.86
72|-9712.41|-9712.41
73|-9717.69|-9717.69
74|-9722.87|-9722.87
75|-9727.71|-9727.71
76|-9732.09|-9732.09
77|-9736.48|-9736.48
78|-9740.84|-9740.84
79|-9745.18|-9745.18
80|-9749.48|-9749.48
81|-9752.75|-9752.75
82|-9755.47|-9755.47
83|-9758.16|-9758.16
84|-9760.8|-9760.8
85|-9763.44|-9763.44
86|-9765.62|-9765.62
87|-9767.81|-9767.81
88|-9769.89|-9769.89
89|-9771.78|-9771.78
90|-9773.34|-9773.34
91|-9774.66|-9774.66
92|-9775.96|-9775.96
93|-9777.23|-9777.23
94|-9778.38|-9778.38
95|-9779.47|-9779.47
96|-9780.56|-9780.56
97|-9781.65|-9781.65
98|-9782.67|-9782.67
99|-9783.64|-9783.64
100|-9784.36|-9784.36
101|-9784.9|-9784.9
102|-9785.45|-9785.45
103|-9785.99|-9785.99
104|-9786.52|-9786.52
105|-9787.03|-9787.03
106|-9787.4|-9787.4
107|-9787.73|-9787.73
108|-9788.06|-9788.06
109|-9788.37|-9788.37
110|-9788.68|-9788.68
111|-9788.95|-9788.95
112|-9789.2|-9789.2
113|-9789.43|-9789.43
114|-9789.64|-9789.64
115|-9789.84|-9789.84
116|-9790.01|-9790.01
117|-9790.19|-9790.19
118|-9790.35|-9790.35
119|-9790.52|-9790.52
120|-9790.67|-9790.67
121|-9790.81|-9790.81
122|-9790.94|-9790.94
123|-9791.07|-9791.07
124|-9791.17|-9791.17
125|-9791.25|-9791.25
126|-9791.33|-9791.33
127|-9791.4|-9791.4
128|-9791.47|-9791.47
129|-9791.54|-9791.54
130|-9791.61|-9791.61
131|-9791.68|-9791.68
132|-9791.75|-9791.75
133|-9791.81|-9791.81
134|-9791.88|-9791.88
135|-9791.92|-9791.92
136|-9791.96|-9791.96
137|-9791.99|-9791.99
138|-9792.03|-9792.03
139|-9792.06|-9792.06
140|-9792.09|-9792.09
141|-9792.12|-9792.12
142|-9792.16|-9792.16
143|-9792.18|-9792.18
144|-9792.2|-9792.2
145|-9792.22|-9792.22
146|-9792.24|-9792.24
147|-9792.26|-9792.26
148|-9792.28|-9792.28
149|-9792.3|-9792.3
150|-9792.31|-9792.31
151|-9792.33|-9792.33
152|-9792.34|-9792.34
153|-9792.36|-9792.36
154|-9792.37|-9792.37
155|-9792.38|-9792.38
156|-9792.39|-9792.39
157|-9792.4|-9792.4
158|-9792.41|-9792.41
159|-9792.42|-9792.42
160|-9792.43|-9792.43
161|-9792.44|-9792.44
162|-9792.44|-9792.44
163|-9792.45|-9792.45
164|-9792.46|-9792.46
165|-9792.47|-9792.47
166|-9792.47|-9792.47
167|-9792.48|-9792.48
168|-9792.48|-9792.48
169|-9792.49|-9792.49
170|-9792.49|-9792.49
171|-9792.5|-9792.5
172|-9792.5|-9792.5
173|-9792.5|-9792.5
174|-9792.51|-9792.51
175|-9792.51|-9792.51
176|-9792.52|-9792.52
177|-9792.52|-9792.52
178|-9792.52|-9792.52
179|-9792.53|-9792.53
180|-9792.53|-9792.53
181|-9792.53|-9792.53
182|-9792.53|-9792.53
183|-9792.54|-9792.54
184|-9792.54|-9792.54
185|-9792.54|-9792.54
186|-9792.54|-9792.54
187|-9792.54|-9792.54
188|-9792.54|-9792.54
189|-9792.55|-9792.55
190|-9792.55|-9792.55
191|-9792.55|-9792.55
192|-9792.55|-9792.55
193|-9792.55|-9792.55
194|-9792.55|-9792.55
195|-9792.56|-9792.56
196|-9792.56|-9792.56
197|-9792.56|-9792.56
198|-9792.56|-9792.56
199|-9792.56|-9792.56
200|-9792.56|-9792.56
201|-9792.56|-9792.56
202|-9792.56|-9792.56
203|-9792.56|-9792.56
204|-9792.56|-9792.56
205|-9792.56|-9792.56
206|-9792.56|-9792.56
207|-9792.56|-9792.56
208|-9792.56|-9792.56
209|-9792.56|-9792.56
210|-9792.56|-9792.56
211|-9792.56|-9792.56
212|-9792.56|-9792.56
213|-9792.56|-9792.56
214|-9792.56|-9792.56
215|-9792.56|-9792.56
216|-9792.56|-9792.56
217|-9792.56|-9792.56
218|-9792.56|-9792.56
219|-9792.56|-9792.56
220|-9792.56|-9792.56
221|-9792.56|-9792.56
222|-9792.56|-9792.56
223|-9792.56|-9792.56
224|-9792.56|-9792.56
225|-9792.56|-9792.56
226|-9792.56|-9792.56
227|-9792.56|-9792.56
228|-9792.56|-9792.56
229|-9792.56|-9792.56
230|-9792.56|-9792.56
231|-9792.56|-9792.56
232|-9792.56|-9792.56
233|-9792.56|-9792.56
234|-9792.56|-9792.56
235|-9792.56|-9792.56
236|-9792.56|-9792.56
237|-9792.56|-9792.56
238|-9792.56|-9792.56
239|-9792.56|-9792.56
240|-9792.56|-9792.56
241|-9792.56|-9792.56
242|-9792.56|-9792.56
243|-9792.56|-9792.56
244|-9792.56|-9792.56
245|-9792.56|-9792.56
246|-9792.56|-9792.56
247|-9792.56|-9792.56
248|-9792.56|-9792.56
249|-9792.56|-9792.56
250|-9792.56|-9792.56
251|-9792.56|-9792.56
252|-9792.56|-9792.56
253|-9792.56|-9792.56
254|-9792.56|-9792.56
255|-9792.56|-9792.56
256|-9792.56|-9792.56
257|-9792.56|-9792.56
258|-9792.56|-9792.56
259|-9792.56|-9792.56
260|-9792.56|-9792.56
261|-9792.56|-9792.56
262|-9792.56|-9792.56
263|-9792.56|-9792.56
264|-9792.56|-9792.56
265|-9792.56|-9792.56
266|-9792.56|-9792.56
267|-9792.56|-9792.56
268|-9792.56|-9792.56
269|-9792.56|-9792.56
270|-9792.56|-9792.56
271|-9792.56|-9792.56
272|-9792.56|-9792.56
273|-9792.56|-9792.56
274|-9792.56|-9792.56
275|-9792.56|-9792.56
276|-9792.56|-9792.56
277|-9792.56|-9792.56
278|-9792.56|-9792.56
279|-9792.56|-9792.56
280|-9792.56|-9792.56
281|-9792.56|-9792.56
282|-9792.56|-9792.56
283|-9792.56|-9792.56
284|-9792.56|-9792.56
285|-9792.56|-9792.56
286|-9792.56|-9792.56
287|-9792.56|-9792.56
288|-9792.56|-9792.56
289|-9792.56|-9792.56
290|-9792.56|-9792.56
291|-9792.56|-9792.56
292|-9792.56|-9792.56
293|-9792.56|-9792.56
294|-9792.56|-9792.56
295|-9792.56|-9792.56
296|-9792.56|-9792.56
297|-9792.56|-9792.56
298|-9792.56|-9792.56
299|-9792.56|-9792.56
300|-9792.56|-9792.56
301|-9792.56|-9792.56
302|-9792.56|-9792.56
303|-9792.56|-9792.56
304|-9792.56|-9792.56
305|-9792.56|-9792.56
306|-9792.56|-9792.56
307|-9792.56|-9792.56
308|-9792.56|-9792.56
309|-9792.56|-9792.56
310|-9792.56|-9792.56
311|-9792.56|-9792.56
312|-9792.56|-9792.56
313|-9792.56|-9792.56
314|-9792.56|-9792.56
315|-9792.56|-9792.56
316|-9792.56|-9792.56
317|-9792.56|-9792.56
318|-9792.56|-9792.56
319|-9792.56|-9792.56
320|-9792.56|-9792.56
321|-9792.56|-9792.56
322|-9792.56|-9792.56
323|-9792.56|-9792.56
324|-9792.56|-9792.56
325|-9792.56|-9792.56
326|-9792.56|-9792.56
327|-9792.56|-9792.56
328|-9792.56|-9792.56
329|-9792.56|-9792.56
330|-9792.56|-9792.56
331|-9792.56|-9792.56
332|-9792.56|-9792.56
333|-9792.56|-9792.56
334|-9792.56|-9792.56
335|-9792.56|-9792.56
336|-9792.56|-9792.56
337|-9792.56|-9792.56
338|-9792.56|-9792.56
339|-9792.56|-9792.56
340|-9792.56|-9792.56
341|-9792.56|-9792.56
342|-9792.56|-9792.56
343|-9792.56|-9792.56
344|-9792.56|-9792.56
345|-9792.56|-9792.56
346|-9792.56|-9792.56
347|-9792.56|-9792.56
348|-9792.56|-9792.56
349|-9792.56|-9792.56
350|-9792.56|-9792.56
351|-9792.56|-9792.56
EARLY STOP: TARGET FOUND
6135059ms
