1|-475.945|-475.945
2|-1007.73|-1007.73
3|-1410.13|-1410.13
4|-1789.81|-1789.81
5|-2013.06|-2013.06
6|-2210.72|-2210.72
7|-2358.47|-2358.47
8|-2504.15|-2504.15
9|-2639.37|-2639.37
10|-2743.47|-2743.47
11|-2838|-2838
12|-2920.05|-2920.05
13|-3017.57|-3017.57
14|-3257.88|-3257.88
15|-3330.02|-3330.02
16|-3379.81|-3379.81
17|-3418.34|-3418.34
18|-3446.83|-3446.83
19|-3468.67|-3468.67
20|-3488.61|-3488.61
21|-3507.99|-3507.99
22|-3522.04|-3522.04
23|-3530.7|-3530.7
24|-3536.34|-3536.34
25|-3538.77|-3538.77
26|-3540.95|-3540.95
27|-3542.22|-3542.22
28|-3543.31|-3543.31
29|-3544.33|-3544.33
30|-3545.25|-3545.25
31|-3545.87|-3545.87
32|-3546.45|-3546.45
33|-3547|-3547
34|-3547.5|-3547.5
35|-3547.77|-3547.77
36|-3548.02|-3548.02
37|-3548.22|-3548.22
38|-3548.4|-3548.4
39|-3548.57|-3548.57
40|-3548.72|-3548.72
41|-3548.82|-3548.82
42|-3548.9|-3548.9
43|-3548.97|-3548.97
44|-3549.03|-3549.03
45|-3549.07|-3549.07
46|-3549.1|-3549.1
47|-3549.14|-3549.14
48|-3549.16|-3549.16
49|-3549.18|-3549.18
50|-3549.2|-3549.2
51|-3549.21|-3549.21
52|-3549.22|-3549.22
53|-3549.23|-3549.23
54|-3549.24|-3549.24
55|-3549.25|-3549.25
56|-3549.26|-3549.26
57|-3549.26|-3549.26
58|-3549.27|-3549.27
59|-3549.27|-3549.27
60|-3549.28|-3549.28
61|-3549.28|-3549.28
62|-3549.28|-3549.28
63|-3549.28|-3549.28
64|-3549.28|-3549.28
65|-3549.29|-3549.29
66|-3549.29|-3549.29
67|-3549.29|-3549.29
68|-3549.29|-3549.29
69|-3549.29|-3549.29
70|-3549.29|-3549.29
71|-3549.29|-3549.29
72|-3549.29|-3549.29
73|-3549.29|-3549.29
74|-3549.29|-3549.29
75|-3549.29|-3549.29
76|-3549.29|-3549.29
77|-3549.3|-3549.3
78|-3549.3|-3549.3
79|-3549.3|-3549.3
80|-3549.3|-3549.3
81|-3549.3|-3549.3
82|-3549.3|-3549.3
83|-3549.3|-3549.3
84|-3549.3|-3549.3
85|-3549.3|-3549.3
86|-3549.3|-3549.3
87|-3549.3|-3549.3
88|-3549.3|-3549.3
89|-3549.3|-3549.3
90|-3549.3|-3549.3
91|-3549.3|-3549.3
92|-3549.3|-3549.3
93|-3549.3|-3549.3
94|-3549.3|-3549.3
95|-3549.3|-3549.3
96|-3549.3|-3549.3
97|-3549.3|-3549.3
98|-3549.3|-3549.3
99|-3549.3|-3549.3
100|-3549.3|-3549.3
101|-3549.3|-3549.3
102|-3549.3|-3549.3
103|-3549.3|-3549.3
104|-3549.3|-3549.3
105|-3549.3|-3549.3
106|-3549.3|-3549.3
107|-3549.3|-3549.3
108|-3549.3|-3549.3
109|-3549.3|-3549.3
110|-3549.3|-3549.3
111|-3549.3|-3549.3
112|-3549.3|-3549.3
113|-3549.3|-3549.3
114|-3549.3|-3549.3
115|-3549.3|-3549.3
116|-3549.3|-3549.3
117|-3549.3|-3549.3
118|-3549.3|-3549.3
119|-3549.3|-3549.3
120|-3549.3|-3549.3
121|-3549.3|-3549.3
122|-3549.3|-3549.3
123|-3549.3|-3549.3
124|-3549.3|-3549.3
125|-3549.3|-3549.3
126|-3549.3|-3549.3
127|-3549.3|-3549.3
128|-3549.3|-3549.3
129|-3549.3|-3549.3
130|-3549.3|-3549.3
131|-3549.3|-3549.3
132|-3549.3|-3549.3
133|-3549.3|-3549.3
134|-3549.3|-3549.3
135|-3549.3|-3549.3
136|-3549.3|-3549.3
137|-3549.3|-3549.3
138|-3549.3|-3549.3
139|-3549.3|-3549.3
140|-3549.3|-3549.3
141|-3549.3|-3549.3
142|-3549.3|-3549.3
143|-3549.3|-3549.3
144|-3549.3|-3549.3
145|-3549.3|-3549.3
146|-3549.3|-3549.3
147|-3549.3|-3549.3
148|-3549.3|-3549.3
149|-3549.3|-3549.3
150|-3549.3|-3549.3
151|-3549.3|-3549.3
152|-3549.3|-3549.3
153|-3549.3|-3549.3
154|-3549.3|-3549.3
155|-3549.3|-3549.3
156|-3549.3|-3549.3
157|-3549.3|-3549.3
158|-3549.3|-3549.3
159|-3549.3|-3549.3
160|-3549.3|-3549.3
161|-3549.3|-3549.3
162|-3549.3|-3549.3
163|-3549.3|-3549.3
164|-3549.3|-3549.3
165|-3549.3|-3549.3
166|-3549.3|-3549.3
167|-3549.3|-3549.3
168|-3549.3|-3549.3
169|-3549.3|-3549.3
170|-3549.3|-3549.3
171|-3549.3|-3549.3
172|-3549.3|-3549.3
173|-3549.3|-3549.3
174|-3549.3|-3549.3
175|-3549.3|-3549.3
176|-3549.3|-3549.3
177|-3549.3|-3549.3
178|-3549.3|-3549.3
179|-3549.3|-3549.3
180|-3549.3|-3549.3
181|-3549.3|-3549.3
182|-3549.3|-3549.3
183|-3549.3|-3549.3
184|-3549.3|-3549.3
185|-3549.3|-3549.3
186|-3549.3|-3549.3
187|-3549.3|-3549.3
188|-3549.3|-3549.3
189|-3549.3|-3549.3
190|-3549.3|-3549.3
191|-3549.3|-3549.3
192|-3549.3|-3549.3
193|-3549.3|-3549.3
194|-3549.3|-3549.3
195|-3549.3|-3549.3
196|-3549.3|-3549.3
197|-3549.3|-3549.3
198|-3549.3|-3549.3
199|-3549.3|-3549.3
200|-3549.3|-3549.3
201|-3549.3|-3549.3
202|-3549.3|-3549.3
203|-3549.3|-3549.3
204|-3549.3|-3549.3
205|-3549.3|-3549.3
206|-3549.3|-3549.3
207|-3549.3|-3549.3
208|-3549.3|-3549.3
209|-3549.3|-3549.3
210|-3549.3|-3549.3
211|-3549.3|-3549.3
212|-3549.3|-3549.3
213|-3549.3|-3549.3
214|-3549.3|-3549.3
215|-3549.3|-3549.3
216|-3549.3|-3549.3
217|-3549.3|-3549.3
218|-3549.3|-3549.3
219|-3549.3|-3549.3
220|-3549.3|-3549.3
221|-3549.3|-3549.3
222|-3549.3|-3549.3
223|-3549.3|-3549.3
224|-3549.3|-3549.3
225|-3549.3|-3549.3
226|-3549.3|-3549.3
227|-3549.3|-3549.3
228|-3549.3|-3549.3
229|-3549.3|-3549.3
230|-3549.3|-3549.3
231|-3549.3|-3549.3
EARLY STOP: TARGET FOUND
462304ms
