1|-0.808229|-0.808229
2|-1.38983|-1.38983
3|-1.90306|-1.90306
4|-2.341|-2.341
5|-2.55133|-2.55133
6|-2.7385|-2.7385
7|-2.80358|-2.80358
8|-2.86732|-2.86732
9|-3.69959|-3.69959
10|-3.72153|-3.72153
11|-3.7318|-3.7318
12|-3.73894|-3.73894
13|-3.74099|-3.74099
14|-3.74268|-3.74268
15|-3.74392|-3.74392
16|-3.74494|-3.74494
17|-3.74536|-3.74536
18|-3.74575|-3.74575
19|-3.74592|-3.74592
20|-3.74607|-3.74607
21|-3.74615|-3.74615
22|-3.7462|-3.7462
23|-3.74625|-3.74625
24|-3.74628|-3.74628
25|-3.74629|-3.74629
26|-3.7463|-3.7463
27|-3.7463|-3.7463
28|-3.74631|-3.74631
29|-3.74631|-3.74631
30|-3.74631|-3.74631
31|-3.74631|-3.74631
32|-3.74631|-3.74631
33|-3.74631|-3.74631
34|-3.74631|-3.74631
35|-3.74631|-3.74631
36|-3.74631|-3.74631
37|-3.74631|-3.74631
38|-3.74631|-3.74631
39|-3.74631|-3.74631
40|-3.74631|-3.74631
41|-3.74631|-3.74631
42|-3.74631|-3.74631
43|-3.74631|-3.74631
44|-3.74631|-3.74631
45|-3.74631|-3.74631
46|-3.74631|-3.74631
47|-3.74631|-3.74631
48|-3.74631|-3.74631
49|-3.74631|-3.74631
50|-3.74631|-3.74631
51|-3.74631|-3.74631
52|-3.74631|-3.74631
53|-3.74631|-3.74631
54|-3.74631|-3.74631
55|-3.74631|-3.74631
56|-3.74631|-3.74631
57|-3.74631|-3.74631
58|-3.74631|-3.74631
59|-3.74631|-3.74631
60|-3.74631|-3.74631
61|-3.74631|-3.74631
62|-3.74631|-3.74631
63|-3.74631|-3.74631
64|-3.74631|-3.74631
65|-3.74631|-3.74631
66|-3.74631|-3.74631
67|-3.74631|-3.74631
68|-3.74631|-3.74631
69|-3.74631|-3.74631
70|-3.74631|-3.74631
71|-3.74631|-3.74631
72|-3.74631|-3.74631
73|-3.74631|-3.74631
74|-3.74631|-3.74631
75|-3.74631|-3.74631
76|-3.74631|-3.74631
77|-3.74631|-3.74631
78|-3.74631|-3.74631
79|-3.74631|-3.74631
80|-3.74631|-3.74631
81|-3.74631|-3.74631
82|-3.74631|-3.74631
83|-3.74631|-3.74631
84|-3.74631|-3.74631
85|-3.74631|-3.74631
86|-3.74631|-3.74631
87|-3.74631|-3.74631
88|-3.74631|-3.74631
89|-3.74631|-3.74631
90|-3.74631|-3.74631
91|-3.74631|-3.74631
92|-3.74631|-3.74631
93|-3.74631|-3.74631
94|-3.74631|-3.74631
95|-3.74631|-3.74631
96|-3.74631|-3.74631
97|-3.74631|-3.74631
98|-3.74631|-3.74631
99|-3.74631|-3.74631
100|-3.74631|-3.74631
101|-3.74631|-3.74631
102|-3.74631|-3.74631
103|-3.74631|-3.74631
104|-3.74631|-3.74631
105|-3.74631|-3.74631
106|-3.74631|-3.74631
107|-3.74631|-3.74631
108|-3.74631|-3.74631
109|-3.74631|-3.74631
110|-3.74631|-3.74631
111|-3.74631|-3.74631
112|-3.74631|-3.74631
113|-3.74631|-3.74631
114|-3.74631|-3.74631
115|-3.74631|-3.74631
116|-3.74631|-3.74631
117|-3.74631|-3.74631
118|-3.74631|-3.74631
119|-3.74631|-3.74631
120|-3.74631|-3.74631
121|-3.74631|-3.74631
122|-3.74631|-3.74631
123|-3.74631|-3.74631
124|-3.74631|-3.74631
125|-3.74631|-3.74631
126|-3.74631|-3.74631
127|-3.74631|-3.74631
128|-3.74631|-3.74631
129|-3.74631|-3.74631
130|-3.74631|-3.74631
131|-3.74631|-3.74631
132|-3.74631|-3.74631
133|-3.74631|-3.74631
134|-3.74631|-3.74631
135|-3.74631|-3.74631
136|-3.74631|-3.74631
137|-3.74631|-3.74631
138|-3.74631|-3.74631
139|-3.74631|-3.74631
140|-3.74631|-3.74631
141|-3.74631|-3.74631
142|-3.74631|-3.74631
143|-3.74631|-3.74631
144|-3.74631|-3.74631
145|-3.74631|-3.74631
146|-3.74631|-3.74631
147|-3.74631|-3.74631
148|-3.74631|-3.74631
149|-3.74631|-3.74631
150|-3.74631|-3.74631
151|-3.74631|-3.74631
152|-3.74631|-3.74631
153|-3.74631|-3.74631
154|-3.74631|-3.74631
155|-3.74631|-3.74631
156|-3.74631|-3.74631
157|-3.74631|-3.74631
158|-3.74631|-3.74631
159|-3.74631|-3.74631
160|-3.74631|-3.74631
161|-3.74631|-3.74631
162|-3.74631|-3.74631
163|-3.74631|-3.74631
164|-3.74631|-3.74631
165|-3.74631|-3.74631
166|-3.74631|-3.74631
167|-3.74631|-3.74631
168|-3.74631|-3.74631
169|-3.74631|-3.74631
170|-3.74631|-3.74631
171|-3.74631|-3.74631
172|-3.74631|-3.74631
173|-3.74631|-3.74631
174|-3.74631|-3.74631
175|-3.74631|-3.74631
176|-3.74631|-3.74631
177|-3.74631|-3.74631
178|-3.74631|-3.74631
179|-3.74631|-3.74631
180|-3.74631|-3.74631
181|-3.74631|-3.74631
EARLY STOP: TARGET FOUND
69673ms
