1|162.53|162.53
2|137.464|137.464
3|117.321|117.321
4|97.5876|97.5876
5|81.6654|81.6654
6|66.7638|66.7638
7|52.0237|52.0237
8|44.5383|44.5383
9|37.5463|37.5463
10|31.7015|31.7015
11|26.1907|26.1907
12|21.4047|21.4047
13|17.6708|17.6708
14|14.397|14.397
15|12.0616|12.0616
16|11.6445|11.6445
17|11.4655|11.4655
18|11.3247|11.3247
19|11.185|11.185
20|11.0816|11.0816
21|11.0007|11.0007
22|10.9254|10.9254
23|10.8582|10.8582
24|10.7977|10.7977
25|10.7609|10.7609
26|10.7248|10.7248
27|10.6965|10.6965
28|10.679|10.679
29|10.6674|10.6674
30|10.6572|10.6572
31|10.6485|10.6485
32|10.6398|10.6398
33|10.6355|10.6355
34|10.6333|10.6333
35|10.6313|10.6313
36|10.6295|10.6295
37|10.6281|10.6281
38|10.627|10.627
39|10.626|10.626
40|10.6251|10.6251
41|10.6243|10.6243
42|10.6236|10.6236
43|10.623|10.623
44|10.6225|10.6225
45|10.6223|10.6223
46|10.622|10.622
47|10.6218|10.6218
48|10.6216|10.6216
49|10.6215|10.6215
50|10.6214|10.6214
51|10.6212|10.6212
52|10.6211|10.6211
53|10.621|10.621
54|10.6209|10.6209
55|10.6209|10.6209
56|10.6208|10.6208
57|10.6208|10.6208
58|10.6208|10.6208
59|10.6208|10.6208
60|10.6208|10.6208
61|10.6208|10.6208
62|10.6208|10.6208
63|10.6208|10.6208
64|10.6208|10.6208
65|10.6208|10.6208
66|10.6208|10.6208
67|10.6208|10.6208
68|10.6208|10.6208
69|10.6208|10.6208
70|10.6208|10.6208
71|10.6208|10.6208
72|10.6208|10.6208
73|10.6208|10.6208
74|10.6208|10.6208
75|10.6208|10.6208
76|10.6208|10.6208
77|10.6208|10.6208
78|10.6208|10.6208
79|10.6208|10.6208
80|10.6208|10.6208
81|10.6208|10.6208
82|10.6208|10.6208
83|10.6208|10.6208
84|10.6208|10.6208
85|10.6208|10.6208
86|10.6208|10.6208
87|10.6208|10.6208
88|10.6208|10.6208
89|10.6208|10.6208
90|10.6208|10.6208
91|10.6208|10.6208
92|10.6208|10.6208
93|10.6208|10.6208
94|10.6208|10.6208
95|10.6208|10.6208
96|10.6208|10.6208
97|10.6208|10.6208
98|10.6208|10.6208
99|10.6208|10.6208
100|10.6208|10.6208
101|10.6208|10.6208
102|10.6208|10.6208
103|10.6208|10.6208
104|10.6208|10.6208
105|10.6208|10.6208
106|10.6208|10.6208
107|10.6208|10.6208
108|10.6208|10.6208
109|10.6208|10.6208
110|10.6208|10.6208
111|10.6208|10.6208
112|10.6208|10.6208
113|10.6208|10.6208
114|10.6208|10.6208
115|10.6208|10.6208
116|10.6208|10.6208
117|10.6208|10.6208
118|10.6208|10.6208
119|10.6208|10.6208
120|10.6208|10.6208
121|10.6208|10.6208
122|10.6208|10.6208
123|10.6208|10.6208
124|10.6208|10.6208
125|10.6208|10.6208
126|10.6208|10.6208
127|10.6208|10.6208
128|10.6208|10.6208
129|10.6208|10.6208
130|10.6208|10.6208
131|10.6208|10.6208
132|10.6208|10.6208
133|10.6208|10.6208
134|10.6208|10.6208
135|10.6208|10.6208
136|10.6208|10.6208
137|10.6208|10.6208
138|10.6208|10.6208
139|10.6208|10.6208
140|10.6208|10.6208
141|10.6208|10.6208
142|10.6208|10.6208
143|10.6208|10.6208
144|10.6208|10.6208
145|10.6208|10.6208
146|10.6208|10.6208
147|10.6208|10.6208
148|10.6208|10.6208
149|10.6208|10.6208
150|10.6208|10.6208
151|10.6208|10.6208
152|10.6208|10.6208
153|10.6208|10.6208
154|10.6208|10.6208
155|10.6208|10.6208
156|10.6208|10.6208
157|10.6208|10.6208
158|10.6208|10.6208
159|10.6208|10.6208
160|10.6208|10.6208
161|10.6208|10.6208
162|10.6208|10.6208
163|10.6208|10.6208
164|10.6208|10.6208
165|10.6208|10.6208
166|10.6208|10.6208
167|10.6208|10.6208
168|10.6208|10.6208
169|10.6208|10.6208
170|10.6208|10.6208
171|10.6208|10.6208
172|10.6208|10.6208
173|10.6208|10.6208
174|10.6208|10.6208
175|10.6208|10.6208
176|10.6208|10.6208
177|10.6208|10.6208
178|10.6208|10.6208
179|10.6208|10.6208
180|10.6208|10.6208
181|10.6208|10.6208
182|10.6208|10.6208
183|10.6208|10.6208
184|10.6208|10.6208
185|10.6208|10.6208
186|10.6208|10.6208
187|10.6208|10.6208
188|10.6208|10.6208
189|10.6208|10.6208
190|10.6208|10.6208
191|10.6208|10.6208
192|10.6208|10.6208
193|10.6208|10.6208
194|10.6208|10.6208
195|10.6208|10.6208
196|10.6208|10.6208
197|10.6208|10.6208
198|10.6208|10.6208
199|10.6208|10.6208
200|10.6208|10.6208
201|10.6208|10.6208
202|10.6208|10.6208
203|10.6208|10.6208
204|10.6208|10.6208
205|10.6208|10.6208
206|10.6208|10.6208
207|10.6208|10.6208
208|10.6208|10.6208
209|10.6208|10.6208
210|10.6208|10.6208
211|10.6208|10.6208
212|10.6208|10.6208
213|10.6208|10.6208
EARLY STOP: TARGET FOUND
313646ms
