1|-2.12618|-2.12618
2|-2.81554|-2.81554
3|-3.45805|-3.45805
4|-3.94624|-3.94624
5|-4.32759|-4.32759
6|-4.60823|-4.60823
7|-4.83594|-4.83594
8|-5.18735|-5.18735
9|-5.32611|-5.32611
10|-5.45998|-5.45998
11|-5.53011|-5.53011
12|-5.58919|-5.58919
13|-5.63345|-5.63345
14|-5.65938|-5.65938
15|-5.68061|-5.68061
16|-5.92162|-5.92162
17|-6.60607|-6.60607
18|-6.65938|-6.65938
19|-6.66972|-6.66972
20|-6.67426|-6.67426
21|-6.67832|-6.67832
22|-6.68224|-6.68224
23|-6.68546|-6.68546
24|-7.46079|-7.46079
25|-7.63751|-7.63751
26|-7.6403|-7.6403
27|-7.64242|-7.64242
28|-7.64451|-7.64451
29|-7.64605|-7.64605
30|-7.64707|-7.64707
31|-7.64788|-7.64788
32|-7.64864|-7.64864
33|-7.64931|-7.64931
34|-7.64982|-7.64982
35|-7.65013|-7.65013
36|-7.65041|-7.65041
37|-7.65066|-7.65066
38|-7.65083|-7.65083
39|-7.65097|-7.65097
40|-7.6511|-7.6511
41|-7.76338|-7.76338
42|-8.31466|-8.31466
43|-8.48932|-8.48932
44|-8.48972|-8.48972
45|-8.48985|-8.48985
46|-8.48992|-8.48992
47|-8.48999|-8.48999
48|-8.49005|-8.49005
49|-8.49009|-8.49009
50|-8.49012|-8.49012
51|-8.49014|-8.49014
52|-8.49015|-8.49015
53|-8.49016|-8.49016
54|-8.49017|-8.49017
55|-8.49018|-8.49018
56|-8.49019|-8.49019
57|-8.49019|-8.49019
58|-8.4902|-8.4902
59|-8.4902|-8.4902
60|-8.4902|-8.4902
61|-8.4902|-8.4902
62|-8.4902|-8.4902
63|-8.4902|-8.4902
64|-8.4902|-8.4902
65|-8.4902|-8.4902
66|-8.4902|-8.4902
67|-8.4902|-8.4902
68|-8.4902|-8.4902
69|-8.4902|-8.4902
70|-8.4902|-8.4902
71|-8.4902|-8.4902
72|-8.4902|-8.4902
73|-8.4902|-8.4902
74|-8.4902|-8.4902
75|-8.4902|-8.4902
76|-8.4902|-8.4902
77|-8.4902|-8.4902
78|-8.4902|-8.4902
79|-8.4902|-8.4902
80|-8.4902|-8.4902
81|-8.4902|-8.4902
82|-8.4902|-8.4902
83|-8.4902|-8.4902
84|-8.4902|-8.4902
85|-8.4902|-8.4902
86|-8.4902|-8.4902
87|-8.4902|-8.4902
88|-8.4902|-8.4902
89|-8.4902|-8.4902
90|-8.4902|-8.4902
91|-8.4902|-8.4902
92|-8.4902|-8.4902
93|-8.4902|-8.4902
94|-8.4902|-8.4902
95|-8.4902|-8.4902
96|-8.4902|-8.4902
97|-8.4902|-8.4902
98|-8.4902|-8.4902
99|-8.4902|-8.4902
100|-8.4902|-8.4902
101|-8.4902|-8.4902
102|-8.4902|-8.4902
103|-8.4902|-8.4902
104|-8.4902|-8.4902
105|-8.4902|-8.4902
106|-8.4902|-8.4902
107|-8.4902|-8.4902
108|-8.4902|-8.4902
109|-8.4902|-8.4902
110|-8.4902|-8.4902
111|-8.4902|-8.4902
112|-8.4902|-8.4902
113|-8.4902|-8.4902
114|-8.4902|-8.4902
115|-8.4902|-8.4902
116|-8.4902|-8.4902
117|-8.4902|-8.4902
118|-8.4902|-8.4902
119|-8.4902|-8.4902
120|-8.4902|-8.4902
121|-8.4902|-8.4902
122|-8.4902|-8.4902
123|-8.4902|-8.4902
124|-8.4902|-8.4902
125|-8.4902|-8.4902
126|-8.4902|-8.4902
127|-8.4902|-8.4902
128|-8.4902|-8.4902
129|-8.4902|-8.4902
130|-8.4902|-8.4902
131|-8.4902|-8.4902
132|-8.4902|-8.4902
133|-8.4902|-8.4902
134|-8.4902|-8.4902
135|-8.4902|-8.4902
136|-8.4902|-8.4902
137|-8.4902|-8.4902
138|-8.4902|-8.4902
139|-8.4902|-8.4902
140|-8.4902|-8.4902
141|-8.4902|-8.4902
142|-8.4902|-8.4902
143|-8.4902|-8.4902
144|-8.4902|-8.4902
145|-8.4902|-8.4902
146|-8.4902|-8.4902
147|-8.4902|-8.4902
148|-8.4902|-8.4902
149|-8.4902|-8.4902
150|-8.4902|-8.4902
151|-8.4902|-8.4902
152|-8.4902|-8.4902
153|-8.4902|-8.4902
154|-8.4902|-8.4902
155|-8.4902|-8.4902
156|-8.4902|-8.4902
157|-8.4902|-8.4902
158|-8.4902|-8.4902
159|-8.4902|-8.4902
160|-8.4902|-8.4902
161|-8.4902|-8.4902
162|-8.4902|-8.4902
163|-8.4902|-8.4902
164|-8.4902|-8.4902
165|-8.4902|-8.4902
166|-8.4902|-8.4902
167|-8.4902|-8.4902
168|-8.4902|-8.4902
169|-8.4902|-8.4902
170|-8.4902|-8.4902
171|-8.4902|-8.4902
172|-8.4902|-8.4902
173|-8.4902|-8.4902
174|-8.4902|-8.4902
175|-8.4902|-8.4902
176|-8.4902|-8.4902
177|-8.4902|-8.4902
178|-8.4902|-8.4902
179|-8.4902|-8.4902
180|-8.4902|-8.4902
181|-8.4902|-8.4902
182|-8.4902|-8.4902
183|-8.4902|-8.4902
184|-8.4902|-8.4902
185|-8.4902|-8.4902
186|-8.4902|-8.4902
187|-8.4902|-8.4902
188|-8.4902|-8.4902
189|-8.4902|-8.4902
190|-8.4902|-8.4902
191|-8.4902|-8.4902
192|-8.4902|-8.4902
193|-8.4902|-8.4902
194|-8.4902|-8.4902
195|-8.4902|-8.4902
196|-8.4902|-8.4902
197|-8.4902|-8.4902
198|-8.4902|-8.4902
199|-8.4902|-8.4902
200|-8.4902|-8.4902
201|-8.4902|-8.4902
202|-8.4902|-8.4902
203|-8.4902|-8.4902
204|-8.4902|-8.4902
205|-8.4902|-8.4902
206|-8.4902|-8.4902
207|-8.4902|-8.4902
208|-8.4902|-8.4902
209|-8.4902|-8.4902
210|-8.4902|-8.4902
211|-8.4902|-8.4902
212|-8.4902|-8.4902
EARLY STOP: TARGET FOUND
291323ms
