1|-0.996971|-0.996971
2|-1.93261|-1.93261
3|-2.66399|-2.66399
4|-2.80391|-2.80391
5|-3.02966|-3.02966
6|-3.18149|-3.18149
7|-3.2607|-3.2607
8|-3.3091|-3.3091
9|-3.33927|-3.33927
10|-3.36152|-3.36152
11|-3.38119|-3.38119
12|-3.39098|-3.39098
13|-3.39989|-3.39989
14|-3.40382|-3.40382
15|-3.40487|-3.40487
16|-3.40566|-3.40566
17|-3.40612|-3.40612
18|-3.40643|-3.40643
19|-3.40658|-3.40658
20|-3.4067|-3.4067
21|-3.40681|-3.40681
22|-3.40688|-3.40688
23|-3.40694|-3.40694
24|-3.40697|-3.40697
25|-3.40699|-3.40699
26|-3.407|-3.407
27|-3.40701|-3.40701
28|-3.40701|-3.40701
29|-3.40701|-3.40701
30|-3.40702|-3.40702
31|-3.40702|-3.40702
32|-3.40702|-3.40702
33|-3.40702|-3.40702
34|-3.40702|-3.40702
35|-3.40702|-3.40702
36|-3.40702|-3.40702
37|-3.40702|-3.40702
38|-3.40702|-3.40702
39|-3.40702|-3.40702
40|-3.40702|-3.40702
41|-3.40702|-3.40702
42|-3.40702|-3.40702
43|-3.40702|-3.40702
44|-3.40702|-3.40702
45|-3.40702|-3.40702
46|-3.40702|-3.40702
47|-3.40702|-3.40702
48|-3.40702|-3.40702
49|-3.40702|-3.40702
50|-3.40702|-3.40702
51|-3.40702|-3.40702
52|-3.40702|-3.40702
53|-3.40702|-3.40702
54|-3.40702|-3.40702
55|-3.40702|-3.40702
56|-3.40702|-3.40702
57|-3.40702|-3.40702
58|-3.40702|-3.40702
59|-3.40702|-3.40702
60|-3.40702|-3.40702
61|-3.40702|-3.40702
62|-3.40702|-3.40702
63|-3.40702|-3.40702
64|-3.40702|-3.40702
65|-3.40702|-3.40702
66|-3.40702|-3.40702
67|-3.40702|-3.40702
68|-3.40702|-3.40702
69|-3.40702|-3.40702
70|-3.40702|-3.40702
71|-3.40702|-3.40702
72|-3.40702|-3.40702
73|-3.40702|-3.40702
74|-3.40702|-3.40702
75|-3.40702|-3.40702
76|-3.40702|-3.40702
77|-3.40702|-3.40702
78|-3.40702|-3.40702
79|-3.40702|-3.40702
80|-3.40702|-3.40702
81|-3.40702|-3.40702
82|-3.40702|-3.40702
83|-3.40702|-3.40702
84|-3.40702|-3.40702
85|-3.40702|-3.40702
86|-3.40702|-3.40702
87|-3.40702|-3.40702
88|-3.40702|-3.40702
89|-3.40702|-3.40702
90|-3.40702|-3.40702
91|-3.40702|-3.40702
92|-3.40702|-3.40702
93|-3.40702|-3.40702
94|-3.40702|-3.40702
95|-3.40702|-3.40702
96|-3.40702|-3.40702
97|-3.40702|-3.40702
98|-3.40702|-3.40702
99|-3.40702|-3.40702
100|-3.40702|-3.40702
101|-3.40702|-3.40702
102|-3.40702|-3.40702
103|-3.40702|-3.40702
104|-3.40702|-3.40702
105|-3.40702|-3.40702
106|-3.40702|-3.40702
107|-3.40702|-3.40702
108|-3.40702|-3.40702
109|-3.40702|-3.40702
110|-3.40702|-3.40702
111|-3.40702|-3.40702
112|-3.40702|-3.40702
113|-3.40702|-3.40702
114|-3.40702|-3.40702
115|-3.40702|-3.40702
116|-3.40702|-3.40702
117|-3.40702|-3.40702
118|-3.40702|-3.40702
119|-3.40702|-3.40702
120|-3.40702|-3.40702
121|-3.40702|-3.40702
122|-3.40702|-3.40702
123|-3.40702|-3.40702
124|-3.40702|-3.40702
125|-3.40702|-3.40702
126|-3.40702|-3.40702
127|-3.40702|-3.40702
128|-3.40702|-3.40702
129|-3.40702|-3.40702
130|-3.40702|-3.40702
131|-3.40702|-3.40702
132|-3.40702|-3.40702
133|-3.40702|-3.40702
134|-3.40702|-3.40702
135|-3.40702|-3.40702
136|-3.40702|-3.40702
137|-3.40702|-3.40702
138|-3.40702|-3.40702
139|-3.40702|-3.40702
140|-3.40702|-3.40702
141|-3.40702|-3.40702
142|-3.40702|-3.40702
143|-3.40702|-3.40702
144|-3.40702|-3.40702
145|-3.40702|-3.40702
146|-3.40702|-3.40702
147|-3.40702|-3.40702
148|-3.40702|-3.40702
149|-3.40702|-3.40702
150|-3.40702|-3.40702
151|-3.40702|-3.40702
152|-3.40702|-3.40702
153|-3.40702|-3.40702
154|-3.40702|-3.40702
155|-3.40702|-3.40702
156|-3.40702|-3.40702
157|-3.40702|-3.40702
158|-3.40702|-3.40702
159|-3.40702|-3.40702
160|-3.40702|-3.40702
161|-3.40702|-3.40702
162|-3.40702|-3.40702
163|-3.40702|-3.40702
164|-3.40702|-3.40702
165|-3.40702|-3.40702
166|-3.40702|-3.40702
167|-3.40702|-3.40702
168|-3.40702|-3.40702
169|-3.40702|-3.40702
170|-3.40702|-3.40702
171|-3.40702|-3.40702
172|-3.40702|-3.40702
173|-3.40702|-3.40702
174|-3.40702|-3.40702
175|-3.40702|-3.40702
176|-3.40702|-3.40702
177|-3.40702|-3.40702
178|-3.40702|-3.40702
179|-3.40702|-3.40702
180|-3.40702|-3.40702
181|-3.40702|-3.40702
182|-3.40702|-3.40702
183|-3.40702|-3.40702
184|-3.40702|-3.40702
185|-3.40702|-3.40702
EARLY STOP: TARGET FOUND
71250ms
