1|-6.58324|-6.58324
2|-7.4252|-7.4252
3|-8.2547|-8.2547
4|-8.95019|-8.95019
5|-9.6417|-9.6417
6|-10.2778|-10.2778
7|-10.8579|-10.8579
8|-11.4267|-11.4267
9|-11.9882|-11.9882
10|-12.535|-12.535
11|-13.0692|-13.0692
12|-13.5916|-13.5916
13|-14.0831|-14.0831
14|-14.5624|-14.5624
15|-15.0134|-15.0134
16|-15.4256|-15.4256
17|-15.8348|-15.8348
18|-16.219|-16.219
19|-16.632|-16.632
20|-17.0113|-17.0113
21|-17.357|-17.357
22|-17.7004|-17.7004
23|-18.0937|-18.0937
24|-18.423|-18.423
25|-18.7708|-18.7708
26|-19.0915|-19.0915
27|-19.3523|-19.3523
28|-19.5879|-19.5879
29|-19.8154|-19.8154
30|-20.0171|-20.0171
31|-20.217|-20.217
32|-20.4135|-20.4135
33|-20.5997|-20.5997
34|-21.3687|-21.3687
35|-21.5362|-21.5362
36|-21.7035|-21.7035
37|-22.0865|-22.0865
38|-22.2504|-22.2504
39|-22.4041|-22.4041
40|-22.6776|-22.6776
41|-22.8072|-22.8072
42|-22.9315|-22.9315
43|-23.041|-23.041
44|-23.1491|-23.1491
45|-23.2572|-23.2572
46|-23.323|-23.323
47|-23.3882|-23.3882
48|-23.4457|-23.4457
49|-23.4994|-23.4994
50|-23.5507|-23.5507
51|-23.5993|-23.5993
52|-23.6471|-23.6471
53|-23.6919|-23.6919
54|-23.7339|-23.7339
55|-23.7751|-23.7751
56|-23.8145|-23.8145
57|-23.8536|-23.8536
58|-23.8881|-23.8881
59|-23.9222|-23.9222
60|-23.9515|-23.9515
61|-23.9805|-23.9805
62|-24.0021|-24.0021
63|-24.0216|-24.0216
64|-24.0392|-24.0392
65|-24.0537|-24.0537
66|-24.0673|-24.0673
67|-24.0773|-24.0773
68|-24.0867|-24.0867
69|-24.0956|-24.0956
70|-24.1028|-24.1028
71|-24.1096|-24.1096
72|-24.1148|-24.1148
73|-24.1193|-24.1193
74|-24.1238|-24.1238
75|-24.128|-24.128
76|-24.1322|-24.1322
77|-24.1363|-24.1363
78|-24.1404|-24.1404
79|-24.1442|-24.1442
80|-24.148|-24.148
81|-24.1516|-24.1516
82|-24.1551|-24.1551
83|-24.1576|-24.1576
84|-24.16|-24.16
85|-24.162|-24.162
86|-24.1635|-24.1635
87|-24.1648|-24.1648
88|-24.166|-24.166
89|-24.1671|-24.1671
90|-24.1683|-24.1683
91|-24.1693|-24.1693
92|-24.1703|-24.1703
93|-24.1712|-24.1712
94|-24.172|-24.172
95|-24.1727|-24.1727
96|-24.1734|-24.1734
97|-24.1741|-24.1741
98|-24.1747|-24.1747
99|-24.1753|-24.1753
100|-24.1758|-24.1758
101|-24.1763|-24.1763
102|-24.1767|-24.1767
103|-24.1772|-24.1772
104|-24.1775|-24.1775
105|-24.1779|-24.1779
106|-24.1782|-24.1782
107|-24.1785|-24.1785
108|-24.1788|-24.1788
109|-24.179|-24.179
110|-24.1793|-24.1793
111|-24.1795|-24.1795
112|-24.1797|-24.1797
113|-24.1799|-24.1799
114|-24.1801|-24.1801
115|-24.1803|-24.1803
116|-24.1805|-24.1805
117|-24.1806|-24.1806
118|-24.1807|-24.1807
119|-24.1809|-24.1809
120|-24.181|-24.181
121|-24.1811|-24.1811
122|-24.1812|-24.1812
123|-24.1813|-24.1813
124|-24.1814|-24.1814
125|-24.1815|-24.1815
126|-24.1816|-24.1816
127|-24.1821|-24.1821
128|-24.1822|-24.1822
129|-24.1823|-24.1823
130|-24.1823|-24.1823
131|-24.1824|-24.1824
132|-24.1825|-24.1825
133|-24.1826|-24.1826
134|-24.1826|-24.1826
135|-24.1827|-24.1827
136|-24.1827|-24.1827
137|-24.1828|-24.1828
138|-24.1828|-24.1828
139|-24.1828|-24.1828
140|-24.1829|-24.1829
141|-24.1829|-24.1829
142|-24.1829|-24.1829
143|-24.1829|-24.1829
144|-24.183|-24.183
145|-24.183|-24.183
146|-24.183|-24.183
147|-24.183|-24.183
148|-24.183|-24.183
149|-24.183|-24.183
150|-24.183|-24.183
151|-24.183|-24.183
152|-24.183|-24.183
153|-24.183|-24.183
154|-24.183|-24.183
155|-24.183|-24.183
156|-24.183|-24.183
157|-24.183|-24.183
158|-24.183|-24.183
159|-24.183|-24.183
160|-24.183|-24.183
161|-24.183|-24.183
162|-24.183|-24.183
163|-24.183|-24.183
164|-24.183|-24.183
165|-24.183|-24.183
166|-24.183|-24.183
167|-24.183|-24.183
168|-24.183|-24.183
169|-24.183|-24.183
170|-24.183|-24.183
171|-24.183|-24.183
172|-24.183|-24.183
173|-24.183|-24.183
174|-24.183|-24.183
175|-24.183|-24.183
176|-24.183|-24.183
177|-24.183|-24.183
178|-24.183|-24.183
179|-24.183|-24.183
180|-24.183|-24.183
181|-24.183|-24.183
182|-24.183|-24.183
183|-24.183|-24.183
184|-24.183|-24.183
185|-24.183|-24.183
186|-24.183|-24.183
187|-24.183|-24.183
188|-24.183|-24.183
189|-24.183|-24.183
190|-24.183|-24.183
191|-24.183|-24.183
192|-24.183|-24.183
193|-24.183|-24.183
194|-24.183|-24.183
195|-24.183|-24.183
196|-24.183|-24.183
197|-24.183|-24.183
198|-24.183|-24.183
199|-24.183|-24.183
200|-24.183|-24.183
201|-24.183|-24.183
202|-24.183|-24.183
203|-24.183|-24.183
204|-24.183|-24.183
205|-24.183|-24.183
206|-24.183|-24.183
207|-24.183|-24.183
208|-24.183|-24.183
209|-24.183|-24.183
210|-24.183|-24.183
211|-24.183|-24.183
212|-24.183|-24.183
213|-24.183|-24.183
214|-24.183|-24.183
215|-24.183|-24.183
216|-24.183|-24.183
217|-24.183|-24.183
218|-24.183|-24.183
219|-24.183|-24.183
220|-24.183|-24.183
221|-24.183|-24.183
222|-24.183|-24.183
223|-24.183|-24.183
224|-24.183|-24.183
225|-24.183|-24.183
226|-24.183|-24.183
227|-24.183|-24.183
228|-24.183|-24.183
229|-24.183|-24.183
230|-24.183|-24.183
231|-24.183|-24.183
232|-24.183|-24.183
233|-24.183|-24.183
234|-24.183|-24.183
235|-24.183|-24.183
236|-24.183|-24.183
237|-24.183|-24.183
238|-24.183|-24.183
239|-24.183|-24.183
240|-24.183|-24.183
241|-24.183|-24.183
242|-24.183|-24.183
243|-24.183|-24.183
244|-24.183|-24.183
245|-24.183|-24.183
246|-24.183|-24.183
247|-24.183|-24.183
248|-24.183|-24.183
249|-24.183|-24.183
250|-24.183|-24.183
251|-24.183|-24.183
252|-24.183|-24.183
253|-24.183|-24.183
254|-24.183|-24.183
255|-24.183|-24.183
256|-24.183|-24.183
257|-24.183|-24.183
258|-24.183|-24.183
259|-24.183|-24.183
260|-24.183|-24.183
261|-24.183|-24.183
262|-24.183|-24.183
263|-24.183|-24.183
264|-24.183|-24.183
265|-24.183|-24.183
266|-24.183|-24.183
267|-24.183|-24.183
268|-24.183|-24.183
269|-24.183|-24.183
270|-24.183|-24.183
271|-24.183|-24.183
272|-24.183|-24.183
273|-24.183|-24.183
274|-24.183|-24.183
275|-24.183|-24.183
276|-24.183|-24.183
277|-24.183|-24.183
278|-24.183|-24.183
279|-24.183|-24.183
280|-24.183|-24.183
281|-24.183|-24.183
282|-24.183|-24.183
283|-24.183|-24.183
284|-24.183|-24.183
285|-24.183|-24.183
286|-24.183|-24.183
287|-24.183|-24.183
288|-24.183|-24.183
289|-24.183|-24.183
290|-24.183|-24.183
291|-24.183|-24.183
292|-24.183|-24.183
293|-24.183|-24.183
294|-24.183|-24.183
295|-24.183|-24.183
296|-24.183|-24.183
297|-24.183|-24.183
298|-24.183|-24.183
299|-24.183|-24.183
300|-24.183|-24.183
301|-24.183|-24.183
302|-24.183|-24.183
303|-24.183|-24.183
304|-24.183|-24.183
305|-24.183|-24.183
306|-24.183|-24.183
307|-24.183|-24.183
308|-24.183|-24.183
EARLY STOP: TARGET FOUND
3529075ms
