1|-150.425|-150.425
2|-712.779|-712.779
3|-1152.94|-1152.94
4|-1580.82|-1580.82
5|-1909.68|-1909.68
6|-2193.28|-2193.28
7|-2397.48|-2397.48
8|-2583.31|-2583.31
9|-2701.06|-2701.06
10|-2811.23|-2811.23
11|-2884.08|-2884.08
12|-2948.12|-2948.12
13|-3040.93|-3040.93
14|-3102.06|-3102.06
15|-3142.26|-3142.26
16|-3176.51|-3176.51
17|-3202.58|-3202.58
18|-3222.15|-3222.15
19|-3240.63|-3240.63
20|-3258.3|-3258.3
21|-3275.9|-3275.9
22|-3287.65|-3287.65
23|-3296.11|-3296.11
24|-3303.27|-3303.27
25|-3308.77|-3308.77
26|-3313.14|-3313.14
27|-3314.45|-3314.45
28|-3315.54|-3315.54
29|-3316.08|-3316.08
30|-3316.43|-3316.43
31|-3316.77|-3316.77
32|-3316.95|-3316.95
33|-3317.1|-3317.1
34|-3317.25|-3317.25
35|-3317.4|-3317.4
36|-3317.49|-3317.49
37|-3317.57|-3317.57
38|-3317.64|-3317.64
39|-3317.7|-3317.7
40|-3317.77|-3317.77
41|-3317.84|-3317.84
42|-3317.88|-3317.88
43|-3317.91|-3317.91
44|-3317.94|-3317.94
45|-3317.96|-3317.96
46|-3317.98|-3317.98
47|-3317.99|-3317.99
48|-3318|-3318
49|-3318.01|-3318.01
50|-3318.02|-3318.02
51|-3318.03|-3318.03
52|-3318.03|-3318.03
53|-3318.04|-3318.04
54|-3318.05|-3318.05
55|-3318.05|-3318.05
56|-3318.05|-3318.05
57|-3318.06|-3318.06
58|-3318.06|-3318.06
59|-3318.06|-3318.06
60|-3318.06|-3318.06
61|-3318.07|-3318.07
62|-3318.07|-3318.07
63|-3318.07|-3318.07
64|-3318.07|-3318.07
65|-3318.07|-3318.07
66|-3318.07|-3318.07
67|-3318.07|-3318.07
68|-3318.07|-3318.07
69|-3318.07|-3318.07
70|-3318.07|-3318.07
71|-3318.08|-3318.08
72|-3318.08|-3318.08
73|-3318.08|-3318.08
74|-3318.08|-3318.08
75|-3318.08|-3318.08
76|-3318.08|-3318.08
77|-3318.08|-3318.08
78|-3318.08|-3318.08
79|-3318.08|-3318.08
80|-3318.08|-3318.08
81|-3318.08|-3318.08
82|-3318.08|-3318.08
83|-3318.08|-3318.08
84|-3318.08|-3318.08
85|-3318.08|-3318.08
86|-3318.08|-3318.08
87|-3318.08|-3318.08
88|-3318.08|-3318.08
89|-3318.08|-3318.08
90|-3318.08|-3318.08
91|-3318.08|-3318.08
92|-3318.08|-3318.08
93|-3318.08|-3318.08
94|-3318.08|-3318.08
95|-3318.08|-3318.08
96|-3318.08|-3318.08
97|-3318.08|-3318.08
98|-3318.08|-3318.08
99|-3318.08|-3318.08
100|-3318.08|-3318.08
101|-3318.08|-3318.08
102|-3318.08|-3318.08
103|-3318.08|-3318.08
104|-3318.08|-3318.08
105|-3318.08|-3318.08
106|-3318.08|-3318.08
107|-3318.08|-3318.08
108|-3318.08|-3318.08
109|-3318.08|-3318.08
110|-3318.08|-3318.08
111|-3318.08|-3318.08
112|-3318.08|-3318.08
113|-3318.08|-3318.08
114|-3318.08|-3318.08
115|-3318.08|-3318.08
116|-3318.08|-3318.08
117|-3318.08|-3318.08
118|-3318.08|-3318.08
119|-3318.08|-3318.08
120|-3318.08|-3318.08
121|-3318.08|-3318.08
122|-3318.08|-3318.08
123|-3318.08|-3318.08
124|-3318.08|-3318.08
125|-3318.08|-3318.08
126|-3318.08|-3318.08
127|-3318.08|-3318.08
128|-3318.08|-3318.08
129|-3318.08|-3318.08
130|-3318.08|-3318.08
131|-3318.08|-3318.08
132|-3318.08|-3318.08
133|-3318.08|-3318.08
134|-3318.08|-3318.08
135|-3318.08|-3318.08
136|-3318.08|-3318.08
137|-3318.08|-3318.08
138|-3318.08|-3318.08
139|-3318.08|-3318.08
140|-3318.08|-3318.08
141|-3318.08|-3318.08
142|-3318.08|-3318.08
143|-3318.08|-3318.08
144|-3318.08|-3318.08
145|-3318.08|-3318.08
146|-3318.08|-3318.08
147|-3318.08|-3318.08
148|-3318.08|-3318.08
149|-3318.08|-3318.08
150|-3318.08|-3318.08
151|-3318.08|-3318.08
152|-3318.08|-3318.08
153|-3318.08|-3318.08
154|-3318.08|-3318.08
155|-3318.08|-3318.08
156|-3318.08|-3318.08
157|-3318.08|-3318.08
158|-3318.08|-3318.08
159|-3318.08|-3318.08
160|-3318.08|-3318.08
161|-3318.08|-3318.08
162|-3318.08|-3318.08
163|-3318.08|-3318.08
164|-3318.08|-3318.08
165|-3318.08|-3318.08
166|-3318.08|-3318.08
167|-3318.08|-3318.08
168|-3318.08|-3318.08
169|-3318.08|-3318.08
170|-3318.08|-3318.08
171|-3318.08|-3318.08
172|-3318.08|-3318.08
173|-3318.08|-3318.08
174|-3318.08|-3318.08
175|-3318.08|-3318.08
176|-3318.08|-3318.08
177|-3318.08|-3318.08
178|-3318.08|-3318.08
179|-3318.08|-3318.08
180|-3318.08|-3318.08
181|-3318.08|-3318.08
182|-3318.08|-3318.08
183|-3318.08|-3318.08
184|-3318.08|-3318.08
185|-3318.08|-3318.08
186|-3318.08|-3318.08
187|-3318.08|-3318.08
188|-3318.08|-3318.08
189|-3318.08|-3318.08
190|-3318.08|-3318.08
191|-3318.08|-3318.08
192|-3318.08|-3318.08
193|-3318.08|-3318.08
194|-3318.08|-3318.08
195|-3318.08|-3318.08
196|-3318.08|-3318.08
197|-3318.08|-3318.08
198|-3318.08|-3318.08
199|-3318.08|-3318.08
200|-3318.08|-3318.08
201|-3318.08|-3318.08
202|-3318.08|-3318.08
203|-3318.08|-3318.08
204|-3318.08|-3318.08
205|-3318.08|-3318.08
206|-3318.08|-3318.08
207|-3318.08|-3318.08
208|-3318.08|-3318.08
209|-3318.08|-3318.08
210|-3318.08|-3318.08
211|-3318.08|-3318.08
212|-3318.08|-3318.08
213|-3318.08|-3318.08
214|-3318.08|-3318.08
215|-3318.08|-3318.08
216|-3318.08|-3318.08
217|-3318.08|-3318.08
218|-3318.08|-3318.08
219|-3318.08|-3318.08
220|-3318.08|-3318.08
221|-3318.08|-3318.08
222|-3318.08|-3318.08
223|-3318.08|-3318.08
224|-3318.08|-3318.08
225|-3318.08|-3318.08
226|-3318.08|-3318.08
227|-3318.08|-3318.08
EARLY STOP: TARGET FOUND
455353ms
