1|544.718|544.718
2|513.594|513.594
3|482.628|482.628
4|452.673|452.673
5|423.529|423.529
6|396.496|396.496
7|370.408|370.408
8|344.747|344.747
9|319.829|319.829
10|296.266|296.266
11|274.154|274.154
12|252.135|252.135
13|230.665|230.665
14|213.402|213.402
15|196.327|196.327
16|179.699|179.699
17|164.089|164.089
18|149.426|149.426
19|135.087|135.087
20|124.152|124.152
21|117.956|117.956
22|112.075|112.075
23|99.8247|99.8247
24|94.7459|94.7459
25|90.572|90.572
26|86.6193|86.6193
27|82.8243|82.8243
28|79.0754|79.0754
29|75.7217|75.7217
30|72.5466|72.5466
31|69.3763|69.3763
32|66.7053|66.7053
33|64.2518|64.2518
34|62.5525|62.5525
35|61.1412|61.1412
36|59.8667|59.8667
37|58.7385|58.7385
38|57.7117|57.7117
39|56.8061|56.8061
40|56.1367|56.1367
41|55.4712|55.4712
42|54.9779|54.9779
43|54.5107|54.5107
44|54.0766|54.0766
45|53.6497|53.6497
46|53.299|53.299
47|52.9689|52.9689
48|52.6782|52.6782
49|52.3925|52.3925
50|52.1072|52.1072
51|51.8239|51.8239
52|51.5938|51.5938
53|51.4015|51.4015
54|51.2211|51.2211
55|51.0531|51.0531
56|50.8879|50.8879
57|50.7264|50.7264
58|50.5654|50.5654
59|50.4081|50.4081
60|50.268|50.268
61|50.1859|50.1859
62|50.1078|50.1078
63|50.0306|50.0306
64|49.9546|49.9546
65|49.8869|49.8869
66|49.8193|49.8193
67|49.7674|49.7674
68|49.7299|49.7299
69|49.6931|49.6931
70|49.6576|49.6576
71|49.6228|49.6228
72|49.5891|49.5891
73|49.5639|49.5639
74|49.5394|49.5394
75|49.5179|49.5179
76|49.4999|49.4999
77|49.4821|49.4821
78|49.4643|49.4643
79|49.4468|49.4468
80|49.4292|49.4292
81|49.4118|49.4118
82|49.3951|49.3951
83|49.3785|49.3785
84|49.3619|49.3619
85|49.3476|49.3476
86|49.3364|49.3364
87|49.3276|49.3276
88|49.319|49.319
89|49.3103|49.3103
90|49.3017|49.3017
91|49.2934|49.2934
92|49.2851|49.2851
93|49.2769|49.2769
94|49.2688|49.2688
95|49.2645|49.2645
96|49.2602|49.2602
97|49.256|49.256
98|49.2519|49.2519
99|49.2478|49.2478
100|49.244|49.244
101|49.2261|49.2261
102|49.2227|49.2227
103|49.2194|49.2194
104|49.2163|49.2163
105|49.2137|49.2137
106|49.2116|49.2116
107|49.2094|49.2094
108|49.2073|49.2073
109|49.2051|49.2051
110|49.203|49.203
111|49.2008|49.2008
112|49.1987|49.1987
113|49.1966|49.1966
114|49.1946|49.1946
115|49.1926|49.1926
116|49.1907|49.1907
117|49.1888|49.1888
118|49.1848|49.1848
119|49.1834|49.1834
120|49.1823|49.1823
121|49.1812|49.1812
122|49.1801|49.1801
123|49.1791|49.1791
124|49.1781|49.1781
125|49.1773|49.1773
126|49.1766|49.1766
127|49.176|49.176
128|49.1753|49.1753
129|49.1748|49.1748
130|49.1742|49.1742
131|49.1737|49.1737
132|49.1731|49.1731
133|49.1726|49.1726
134|49.1721|49.1721
135|49.1716|49.1716
136|49.1711|49.1711
137|49.1707|49.1707
138|49.1704|49.1704
139|49.1701|49.1701
140|49.1698|49.1698
141|49.1696|49.1696
142|49.1693|49.1693
143|49.1691|49.1691
144|49.1688|49.1688
145|49.1685|49.1685
146|49.1683|49.1683
147|49.1681|49.1681
148|49.1679|49.1679
149|49.1677|49.1677
150|49.1676|49.1676
151|49.1674|49.1674
152|49.1672|49.1672
153|49.1671|49.1671
154|49.167|49.167
155|49.1668|49.1668
156|49.1667|49.1667
157|49.1666|49.1666
158|49.1664|49.1664
159|49.1663|49.1663
160|49.1662|49.1662
161|49.1662|49.1662
162|49.1661|49.1661
163|49.166|49.166
164|49.166|49.166
165|49.166|49.166
166|49.1659|49.1659
167|49.1659|49.1659
168|49.1659|49.1659
169|49.1659|49.1659
170|49.1659|49.1659
171|49.1658|49.1658
172|49.1658|49.1658
173|49.1658|49.1658
174|49.1658|49.1658
175|49.1658|49.1658
176|49.1658|49.1658
177|49.1658|49.1658
178|49.1658|49.1658
179|49.1658|49.1658
180|49.1658|49.1658
181|49.1658|49.1658
182|49.1658|49.1658
183|49.1658|49.1658
184|49.1658|49.1658
185|49.1658|49.1658
186|49.1658|49.1658
187|49.1658|49.1658
188|49.1658|49.1658
189|49.1658|49.1658
190|49.1658|49.1658
191|49.1658|49.1658
192|49.1658|49.1658
193|49.1658|49.1658
194|49.1658|49.1658
195|49.1658|49.1658
196|49.1658|49.1658
197|49.1658|49.1658
198|49.1658|49.1658
199|49.1658|49.1658
200|49.1658|49.1658
201|49.1658|49.1658
202|49.1658|49.1658
203|49.1658|49.1658
204|49.1658|49.1658
205|49.1658|49.1658
206|49.1658|49.1658
207|49.1658|49.1658
208|49.1658|49.1658
209|49.1658|49.1658
210|49.1658|49.1658
211|49.1658|49.1658
212|49.1658|49.1658
213|49.1658|49.1658
214|49.1658|49.1658
215|49.1658|49.1658
216|49.1658|49.1658
217|49.1658|49.1658
218|49.1658|49.1658
219|49.1658|49.1658
220|49.1658|49.1658
221|49.1658|49.1658
222|49.1658|49.1658
223|49.1658|49.1658
224|49.1658|49.1658
225|49.1658|49.1658
226|49.1658|49.1658
227|49.1658|49.1658
228|49.1658|49.1658
229|49.1658|49.1658
230|49.1658|49.1658
231|49.1658|49.1658
232|49.1658|49.1658
233|49.1658|49.1658
234|49.1658|49.1658
235|49.1658|49.1658
236|49.1658|49.1658
237|49.1658|49.1658
238|49.1658|49.1658
239|49.1658|49.1658
240|49.1658|49.1658
241|49.1658|49.1658
242|49.1658|49.1658
243|49.1658|49.1658
244|49.1658|49.1658
245|49.1658|49.1658
246|49.1658|49.1658
247|49.1658|49.1658
248|49.1658|49.1658
249|49.1658|49.1658
250|49.1658|49.1658
251|49.1658|49.1658
252|49.1658|49.1658
253|49.1658|49.1658
254|49.1658|49.1658
255|49.1658|49.1658
256|49.1658|49.1658
257|49.1658|49.1658
258|49.1658|49.1658
259|49.1658|49.1658
260|49.1658|49.1658
261|49.1658|49.1658
262|49.1658|49.1658
263|49.1658|49.1658
264|49.1658|49.1658
265|49.1658|49.1658
266|49.1658|49.1658
267|49.1658|49.1658
268|49.1658|49.1658
269|49.1658|49.1658
270|49.1658|49.1658
271|49.1658|49.1658
272|49.1658|49.1658
273|49.1658|49.1658
274|49.1658|49.1658
275|49.1658|49.1658
276|49.1658|49.1658
277|49.1658|49.1658
278|49.1658|49.1658
279|49.1658|49.1658
280|49.1658|49.1658
281|49.1658|49.1658
282|49.1658|49.1658
283|49.1658|49.1658
284|49.1658|49.1658
285|49.1658|49.1658
286|49.1658|49.1658
287|49.1658|49.1658
288|49.1658|49.1658
289|49.1658|49.1658
290|49.1658|49.1658
291|49.1658|49.1658
292|49.1658|49.1658
293|49.1658|49.1658
294|49.1658|49.1658
295|49.1658|49.1658
296|49.1658|49.1658
297|49.1658|49.1658
298|49.1658|49.1658
299|49.1658|49.1658
300|49.1658|49.1658
301|49.1658|49.1658
302|49.1658|49.1658
303|49.1658|49.1658
304|49.1658|49.1658
305|49.1658|49.1658
306|49.1658|49.1658
307|49.1658|49.1658
308|49.1658|49.1658
309|49.1658|49.1658
310|49.1658|49.1658
311|49.1658|49.1658
312|49.1658|49.1658
313|49.1658|49.1658
314|49.1658|49.1658
315|49.1658|49.1658
316|49.1658|49.1658
317|49.1658|49.1658
318|49.1658|49.1658
319|49.1658|49.1658
320|49.1658|49.1658
321|49.1658|49.1658
322|49.1658|49.1658
323|49.1658|49.1658
324|49.1658|49.1658
EARLY STOP: TARGET FOUND
3730991ms
