1|122.92|122.92
2|97.8551|97.8551
3|80.921|80.921
4|68.9129|68.9129
5|57.568|57.568
6|48.5595|48.5595
7|42.1133|42.1133
8|38.0064|38.0064
9|34.286|34.286
10|30.7377|30.7377
11|27.2425|27.2425
12|24.734|24.734
13|23.254|23.254
14|22.2198|22.2198
15|21.5603|21.5603
16|21.1875|21.1875
17|20.8967|20.8967
18|20.6928|20.6928
19|20.4934|20.4934
20|20.3229|20.3229
21|20.1557|20.1557
22|20.0114|20.0114
23|19.8699|19.8699
24|19.7766|19.7766
25|19.7076|19.7076
26|19.6401|19.6401
27|19.5727|19.5727
28|19.5164|19.5164
29|19.4735|19.4735
30|19.4328|19.4328
31|19.3962|19.3962
32|19.3603|19.3603
33|19.3267|19.3267
34|19.3092|19.3092
35|19.2926|19.2926
36|19.2843|19.2843
37|19.2764|19.2764
38|19.2698|19.2698
39|19.2644|19.2644
40|19.2601|19.2601
41|19.2559|19.2559
42|19.2518|19.2518
43|19.2488|19.2488
44|19.2464|19.2464
45|19.2443|19.2443
46|19.2423|19.2423
47|19.2412|19.2412
48|19.2402|19.2402
49|19.2395|19.2395
50|19.2389|19.2389
51|19.2384|19.2384
52|19.2379|19.2379
53|19.2376|19.2376
54|19.2374|19.2374
55|19.2373|19.2373
56|19.2372|19.2372
57|19.237|19.237
58|19.237|19.237
59|19.2369|19.2369
60|19.2369|19.2369
61|19.2369|19.2369
62|19.2369|19.2369
63|19.2369|19.2369
64|19.2369|19.2369
65|19.2369|19.2369
66|19.2369|19.2369
67|19.2369|19.2369
68|19.2369|19.2369
69|19.2369|19.2369
70|19.2369|19.2369
71|19.2369|19.2369
72|19.2369|19.2369
73|19.2369|19.2369
74|19.2369|19.2369
75|19.2369|19.2369
76|19.2369|19.2369
77|19.2369|19.2369
78|19.2369|19.2369
79|19.2369|19.2369
80|19.2369|19.2369
81|19.2369|19.2369
82|19.2369|19.2369
83|19.2369|19.2369
84|19.2369|19.2369
85|19.2369|19.2369
86|19.2369|19.2369
87|19.2369|19.2369
88|19.2369|19.2369
89|19.2369|19.2369
90|19.2369|19.2369
91|19.2369|19.2369
92|19.2369|19.2369
93|19.2369|19.2369
94|19.2369|19.2369
95|19.2369|19.2369
96|19.2369|19.2369
97|19.2369|19.2369
98|19.2369|19.2369
99|19.2369|19.2369
100|19.2369|19.2369
101|19.2369|19.2369
102|19.2369|19.2369
103|19.2369|19.2369
104|19.2369|19.2369
105|19.2369|19.2369
106|19.2369|19.2369
107|19.2369|19.2369
108|19.2369|19.2369
109|19.2369|19.2369
110|19.2369|19.2369
111|19.2369|19.2369
112|19.2369|19.2369
113|19.2369|19.2369
114|19.2369|19.2369
115|19.2369|19.2369
116|19.2369|19.2369
117|19.2369|19.2369
118|19.2369|19.2369
119|19.2369|19.2369
120|19.2369|19.2369
121|19.2369|19.2369
122|19.2369|19.2369
123|19.2369|19.2369
124|19.2369|19.2369
125|19.2369|19.2369
126|19.2369|19.2369
127|19.2369|19.2369
128|19.2369|19.2369
129|19.2369|19.2369
130|19.2369|19.2369
131|19.2369|19.2369
132|19.2369|19.2369
133|19.2369|19.2369
134|19.2369|19.2369
135|19.2369|19.2369
136|19.2369|19.2369
137|19.2369|19.2369
138|19.2369|19.2369
139|19.2369|19.2369
140|19.2369|19.2369
141|19.2369|19.2369
142|19.2369|19.2369
143|19.2369|19.2369
144|19.2369|19.2369
145|19.2369|19.2369
146|19.2369|19.2369
147|19.2369|19.2369
148|19.2369|19.2369
149|19.2369|19.2369
150|19.2369|19.2369
151|19.2369|19.2369
152|19.2369|19.2369
153|19.2369|19.2369
154|19.2369|19.2369
155|19.2369|19.2369
156|19.2369|19.2369
157|19.2369|19.2369
158|19.2369|19.2369
159|19.2369|19.2369
160|19.2369|19.2369
161|19.2369|19.2369
162|19.2369|19.2369
163|19.2369|19.2369
164|19.2369|19.2369
165|19.2369|19.2369
166|19.2369|19.2369
167|19.2369|19.2369
168|19.2369|19.2369
169|19.2369|19.2369
170|19.2369|19.2369
171|19.2369|19.2369
172|19.2369|19.2369
173|19.2369|19.2369
174|19.2369|19.2369
175|19.2369|19.2369
176|19.2369|19.2369
177|19.2369|19.2369
178|19.2369|19.2369
179|19.2369|19.2369
180|19.2369|19.2369
181|19.2369|19.2369
182|19.2369|19.2369
183|19.2369|19.2369
184|19.2369|19.2369
185|19.2369|19.2369
186|19.2369|19.2369
187|19.2369|19.2369
188|19.2369|19.2369
189|19.2369|19.2369
190|19.2369|19.2369
191|19.2369|19.2369
192|19.2369|19.2369
193|19.2369|19.2369
194|19.2369|19.2369
195|19.2369|19.2369
196|19.2369|19.2369
197|19.2369|19.2369
198|19.2369|19.2369
199|19.2369|19.2369
200|19.2369|19.2369
201|19.2369|19.2369
202|19.2369|19.2369
203|19.2369|19.2369
204|19.2369|19.2369
205|19.2369|19.2369
206|19.2369|19.2369
207|19.2369|19.2369
208|19.2369|19.2369
209|19.2369|19.2369
210|19.2369|19.2369
211|19.2369|19.2369
212|19.2369|19.2369
213|19.2369|19.2369
214|19.2369|19.2369
EARLY STOP: TARGET FOUND
300837ms
