1|-322.184|-322.184
2|-1005.4|-1005.4
3|-1459.41|-1459.41
4|-1870.01|-1870.01
5|-2146.1|-2146.1
6|-2358.95|-2358.95
7|-2434.83|-2434.83
8|-2499.59|-2499.59
9|-2587.49|-2587.49
10|-2644.25|-2644.25
11|-2791.91|-2791.91
12|-2908.71|-2908.71
13|-2955.65|-2955.65
14|-2974.59|-2974.59
15|-2992.99|-2992.99
16|-3010.78|-3010.78
17|-3028.48|-3028.48
18|-3041.39|-3041.39
19|-3050.17|-3050.17
20|-3058.83|-3058.83
21|-3063.2|-3063.2
22|-3066.75|-3066.75
23|-3069.4|-3069.4
24|-3071.58|-3071.58
25|-3073.76|-3073.76
26|-3075.81|-3075.81
27|-3076.9|-3076.9
28|-3077.69|-3077.69
29|-3078.32|-3078.32
30|-3078.82|-3078.82
31|-3079.15|-3079.15
32|-3079.46|-3079.46
33|-3079.73|-3079.73
34|-3079.96|-3079.96
35|-3080.13|-3080.13
36|-3080.29|-3080.29
37|-3080.43|-3080.43
38|-3080.57|-3080.57
39|-3080.69|-3080.69
40|-3080.77|-3080.77
41|-3080.84|-3080.84
42|-3080.9|-3080.9
43|-3080.94|-3080.94
44|-3080.97|-3080.97
45|-3081.01|-3081.01
46|-3081.04|-3081.04
47|-3081.07|-3081.07
48|-3081.09|-3081.09
49|-3081.11|-3081.11
50|-3081.13|-3081.13
51|-3081.14|-3081.14
52|-3081.15|-3081.15
53|-3081.16|-3081.16
54|-3081.16|-3081.16
55|-3081.16|-3081.16
56|-3081.17|-3081.17
57|-3081.17|-3081.17
58|-3081.17|-3081.17
59|-3081.18|-3081.18
60|-3081.18|-3081.18
61|-3081.18|-3081.18
62|-3081.18|-3081.18
63|-3081.18|-3081.18
64|-3081.18|-3081.18
65|-3081.18|-3081.18
66|-3081.18|-3081.18
67|-3081.19|-3081.19
68|-3081.19|-3081.19
69|-3081.19|-3081.19
70|-3081.19|-3081.19
71|-3081.19|-3081.19
72|-3081.19|-3081.19
73|-3081.19|-3081.19
74|-3081.19|-3081.19
75|-3081.19|-3081.19
76|-3081.19|-3081.19
77|-3081.19|-3081.19
78|-3081.19|-3081.19
79|-3081.19|-3081.19
80|-3081.19|-3081.19
81|-3081.19|-3081.19
82|-3081.19|-3081.19
83|-3081.19|-3081.19
84|-3081.19|-3081.19
85|-3081.19|-3081.19
86|-3081.19|-3081.19
87|-3081.19|-3081.19
88|-3081.19|-3081.19
89|-3081.19|-3081.19
90|-3081.19|-3081.19
91|-3081.19|-3081.19
92|-3081.19|-3081.19
93|-3081.19|-3081.19
94|-3081.19|-3081.19
95|-3081.19|-3081.19
96|-3081.19|-3081.19
97|-3081.19|-3081.19
98|-3081.19|-3081.19
99|-3081.19|-3081.19
100|-3081.19|-3081.19
101|-3081.19|-3081.19
102|-3081.19|-3081.19
103|-3081.19|-3081.19
104|-3081.19|-3081.19
105|-3081.19|-3081.19
106|-3081.19|-3081.19
107|-3081.19|-3081.19
108|-3081.19|-3081.19
109|-3081.19|-3081.19
110|-3081.19|-3081.19
111|-3081.19|-3081.19
112|-3081.19|-3081.19
113|-3081.19|-3081.19
114|-3081.19|-3081.19
115|-3081.19|-3081.19
116|-3081.19|-3081.19
117|-3081.19|-3081.19
118|-3081.19|-3081.19
119|-3081.19|-3081.19
120|-3081.19|-3081.19
121|-3081.19|-3081.19
122|-3081.19|-3081.19
123|-3081.19|-3081.19
124|-3081.19|-3081.19
125|-3081.19|-3081.19
126|-3081.19|-3081.19
127|-3081.19|-3081.19
128|-3081.19|-3081.19
129|-3081.19|-3081.19
130|-3081.19|-3081.19
131|-3081.19|-3081.19
132|-3081.19|-3081.19
133|-3081.19|-3081.19
134|-3081.19|-3081.19
135|-3081.19|-3081.19
136|-3081.19|-3081.19
137|-3081.19|-3081.19
138|-3081.19|-3081.19
139|-3081.19|-3081.19
140|-3081.19|-3081.19
141|-3081.19|-3081.19
142|-3081.19|-3081.19
143|-3081.19|-3081.19
144|-3081.19|-3081.19
145|-3081.19|-3081.19
146|-3081.19|-3081.19
147|-3081.19|-3081.19
148|-3081.19|-3081.19
149|-3081.19|-3081.19
150|-3081.19|-3081.19
151|-3081.19|-3081.19
152|-3081.19|-3081.19
153|-3081.19|-3081.19
154|-3081.19|-3081.19
155|-3081.19|-3081.19
156|-3081.19|-3081.19
157|-3081.19|-3081.19
158|-3081.19|-3081.19
159|-3081.19|-3081.19
160|-3081.19|-3081.19
161|-3081.19|-3081.19
162|-3081.19|-3081.19
163|-3081.19|-3081.19
164|-3081.19|-3081.19
165|-3081.19|-3081.19
166|-3081.19|-3081.19
167|-3081.19|-3081.19
168|-3081.19|-3081.19
169|-3081.19|-3081.19
170|-3081.19|-3081.19
171|-3081.19|-3081.19
172|-3081.19|-3081.19
173|-3081.19|-3081.19
174|-3081.19|-3081.19
175|-3081.19|-3081.19
176|-3081.19|-3081.19
177|-3081.19|-3081.19
178|-3081.19|-3081.19
179|-3081.19|-3081.19
180|-3081.19|-3081.19
181|-3081.19|-3081.19
182|-3081.19|-3081.19
183|-3081.19|-3081.19
184|-3081.19|-3081.19
185|-3081.19|-3081.19
186|-3081.19|-3081.19
187|-3081.19|-3081.19
188|-3081.19|-3081.19
189|-3081.19|-3081.19
190|-3081.19|-3081.19
191|-3081.19|-3081.19
192|-3081.19|-3081.19
193|-3081.19|-3081.19
194|-3081.19|-3081.19
195|-3081.19|-3081.19
196|-3081.19|-3081.19
197|-3081.19|-3081.19
198|-3081.19|-3081.19
199|-3081.19|-3081.19
200|-3081.19|-3081.19
201|-3081.19|-3081.19
202|-3081.19|-3081.19
203|-3081.19|-3081.19
204|-3081.19|-3081.19
205|-3081.19|-3081.19
206|-3081.19|-3081.19
207|-3081.19|-3081.19
208|-3081.19|-3081.19
209|-3081.19|-3081.19
210|-3081.19|-3081.19
211|-3081.19|-3081.19
212|-3081.19|-3081.19
213|-3081.19|-3081.19
214|-3081.19|-3081.19
215|-3081.19|-3081.19
216|-3081.19|-3081.19
217|-3081.19|-3081.19
218|-3081.19|-3081.19
219|-3081.19|-3081.19
220|-3081.19|-3081.19
221|-3081.19|-3081.19
222|-3081.19|-3081.19
223|-3081.19|-3081.19
224|-3081.19|-3081.19
225|-3081.19|-3081.19
226|-3081.19|-3081.19
227|-3081.19|-3081.19
EARLY STOP: TARGET FOUND
477114ms
