1|-372.392|-372.392
2|-679.818|-679.818
3|-961.471|-961.471
4|-1207.87|-1207.87
5|-1270.44|-1270.44
6|-1331.62|-1331.62
7|-1354.42|-1354.42
8|-1363.85|-1363.85
9|-1420.37|-1420.37
10|-1426.37|-1426.37
11|-1455.53|-1455.53
12|-1473.39|-1473.39
13|-1482.22|-1482.22
14|-1487.53|-1487.53
15|-1491.92|-1491.92
16|-1496.29|-1496.29
17|-1500.54|-1500.54
18|-1502.73|-1502.73
19|-1503.94|-1503.94
20|-1505.03|-1505.03
21|-1506.12|-1506.12
22|-1506.82|-1506.82
23|-1507.29|-1507.29
24|-1507.56|-1507.56
25|-1507.71|-1507.71
26|-1507.85|-1507.85
27|-1507.92|-1507.92
28|-1507.95|-1507.95
29|-1507.99|-1507.99
30|-1508.01|-1508.01
31|-1508.02|-1508.02
32|-1508.02|-1508.02
33|-1508.03|-1508.03
34|-1508.03|-1508.03
35|-1508.03|-1508.03
36|-1508.03|-1508.03
37|-1508.04|-1508.04
38|-1508.04|-1508.04
39|-1508.04|-1508.04
40|-1508.04|-1508.04
41|-1508.04|-1508.04
42|-1508.04|-1508.04
43|-1508.04|-1508.04
44|-1508.04|-1508.04
45|-1508.04|-1508.04
46|-1508.04|-1508.04
47|-1508.04|-1508.04
48|-1508.04|-1508.04
49|-1508.04|-1508.04
50|-1508.04|-1508.04
51|-1508.04|-1508.04
52|-1508.04|-1508.04
53|-1508.04|-1508.04
54|-1508.04|-1508.04
55|-1508.04|-1508.04
56|-1508.04|-1508.04
57|-1508.04|-1508.04
58|-1508.04|-1508.04
59|-1508.04|-1508.04
60|-1508.04|-1508.04
61|-1508.04|-1508.04
62|-1508.04|-1508.04
63|-1508.04|-1508.04
64|-1508.04|-1508.04
65|-1508.04|-1508.04
66|-1508.04|-1508.04
67|-1508.04|-1508.04
68|-1508.04|-1508.04
69|-1508.04|-1508.04
70|-1508.04|-1508.04
71|-1508.04|-1508.04
72|-1508.04|-1508.04
73|-1508.04|-1508.04
74|-1508.04|-1508.04
75|-1508.04|-1508.04
76|-1508.04|-1508.04
77|-1508.04|-1508.04
78|-1508.04|-1508.04
79|-1508.04|-1508.04
80|-1508.04|-1508.04
81|-1508.04|-1508.04
82|-1508.04|-1508.04
83|-1508.04|-1508.04
84|-1508.04|-1508.04
85|-1508.04|-1508.04
86|-1508.04|-1508.04
87|-1508.04|-1508.04
88|-1508.04|-1508.04
89|-1508.04|-1508.04
90|-1508.04|-1508.04
91|-1508.04|-1508.04
92|-1508.04|-1508.04
93|-1508.04|-1508.04
94|-1508.04|-1508.04
95|-1508.04|-1508.04
96|-1508.04|-1508.04
97|-1508.04|-1508.04
98|-1508.04|-1508.04
99|-1508.04|-1508.04
100|-1508.04|-1508.04
101|-1508.04|-1508.04
102|-1508.04|-1508.04
103|-1508.04|-1508.04
104|-1508.04|-1508.04
105|-1508.04|-1508.04
106|-1508.04|-1508.04
107|-1508.04|-1508.04
108|-1508.04|-1508.04
109|-1508.04|-1508.04
110|-1508.04|-1508.04
111|-1508.04|-1508.04
112|-1508.04|-1508.04
113|-1508.04|-1508.04
114|-1508.04|-1508.04
115|-1508.04|-1508.04
116|-1508.04|-1508.04
117|-1508.04|-1508.04
118|-1508.04|-1508.04
119|-1508.04|-1508.04
120|-1508.04|-1508.04
121|-1508.04|-1508.04
122|-1508.04|-1508.04
123|-1508.04|-1508.04
124|-1508.04|-1508.04
125|-1508.04|-1508.04
126|-1508.04|-1508.04
127|-1508.04|-1508.04
128|-1508.04|-1508.04
129|-1508.04|-1508.04
130|-1508.04|-1508.04
131|-1508.04|-1508.04
132|-1508.04|-1508.04
133|-1508.04|-1508.04
134|-1508.04|-1508.04
135|-1508.04|-1508.04
136|-1508.04|-1508.04
137|-1508.04|-1508.04
138|-1508.04|-1508.04
139|-1508.04|-1508.04
140|-1508.04|-1508.04
141|-1508.04|-1508.04
142|-1508.04|-1508.04
143|-1508.04|-1508.04
144|-1508.04|-1508.04
145|-1508.04|-1508.04
146|-1508.04|-1508.04
147|-1508.04|-1508.04
148|-1508.04|-1508.04
149|-1508.04|-1508.04
150|-1508.04|-1508.04
151|-1508.04|-1508.04
152|-1508.04|-1508.04
153|-1508.04|-1508.04
154|-1508.04|-1508.04
155|-1508.04|-1508.04
156|-1508.04|-1508.04
157|-1508.04|-1508.04
158|-1508.04|-1508.04
159|-1508.04|-1508.04
160|-1508.04|-1508.04
161|-1508.04|-1508.04
162|-1508.04|-1508.04
163|-1508.04|-1508.04
164|-1508.04|-1508.04
165|-1508.04|-1508.04
166|-1508.04|-1508.04
167|-1508.04|-1508.04
168|-1508.04|-1508.04
169|-1508.04|-1508.04
170|-1508.04|-1508.04
171|-1508.04|-1508.04
172|-1508.04|-1508.04
173|-1508.04|-1508.04
174|-1508.04|-1508.04
175|-1508.04|-1508.04
176|-1508.04|-1508.04
177|-1508.04|-1508.04
178|-1508.04|-1508.04
179|-1508.04|-1508.04
180|-1508.04|-1508.04
181|-1508.04|-1508.04
182|-1508.04|-1508.04
183|-1508.04|-1508.04
184|-1508.04|-1508.04
185|-1508.04|-1508.04
186|-1508.04|-1508.04
187|-1508.04|-1508.04
188|-1508.04|-1508.04
189|-1508.04|-1508.04
190|-1508.04|-1508.04
191|-1508.04|-1508.04
192|-1508.04|-1508.04
193|-1508.04|-1508.04
194|-1508.04|-1508.04
EARLY STOP: TARGET FOUND
108168ms
