1|-2.97778|-2.97778
2|-3.77861|-3.77861
3|-4.16959|-4.16959
4|-4.48005|-4.48005
5|-4.65404|-4.65404
6|-5.22265|-5.22265
7|-5.38078|-5.38078
8|-5.49994|-5.49994
9|-5.5873|-5.5873
10|-5.64161|-5.64161
11|-6.00349|-6.00349
12|-6.43611|-6.43611
13|-6.50571|-6.50571
14|-6.55668|-6.55668
15|-6.58855|-6.58855
16|-6.60646|-6.60646
17|-6.62437|-6.62437
18|-7.09502|-7.09502
19|-7.20814|-7.20814
20|-7.22378|-7.22378
21|-7.23623|-7.23623
22|-7.24415|-7.24415
23|-7.25187|-7.25187
24|-7.25728|-7.25728
25|-7.26111|-7.26111
26|-7.26449|-7.26449
27|-7.26754|-7.26754
28|-7.26922|-7.26922
29|-7.27081|-7.27081
30|-7.2721|-7.2721
31|-7.27327|-7.27327
32|-7.27437|-7.27437
33|-7.27533|-7.27533
34|-7.27616|-7.27616
35|-7.27675|-7.27675
36|-7.27734|-7.27734
37|-7.27778|-7.27778
38|-7.2781|-7.2781
39|-7.27839|-7.27839
40|-7.27867|-7.27867
41|-7.27891|-7.27891
42|-7.27912|-7.27912
43|-7.27927|-7.27927
44|-7.27943|-7.27943
45|-7.27958|-7.27958
46|-7.27971|-7.27971
47|-7.27983|-7.27983
48|-7.27995|-7.27995
49|-7.28005|-7.28005
50|-7.28013|-7.28013
51|-7.28021|-7.28021
52|-7.28027|-7.28027
53|-7.28033|-7.28033
54|-7.28037|-7.28037
55|-7.2804|-7.2804
56|-7.28073|-7.28073
57|-7.28097|-7.28097
58|-7.28114|-7.28114
59|-7.28125|-7.28125
60|-7.2813|-7.2813
61|-7.28133|-7.28133
62|-7.28136|-7.28136
63|-7.28139|-7.28139
64|-7.28141|-7.28141
65|-7.28142|-7.28142
66|-7.28143|-7.28143
67|-7.28143|-7.28143
68|-7.28143|-7.28143
69|-7.28144|-7.28144
70|-7.28144|-7.28144
71|-7.28144|-7.28144
72|-7.28144|-7.28144
73|-7.28144|-7.28144
74|-7.28144|-7.28144
75|-7.28144|-7.28144
76|-7.28144|-7.28144
77|-7.28144|-7.28144
78|-7.28144|-7.28144
79|-7.28144|-7.28144
80|-7.28144|-7.28144
81|-7.28144|-7.28144
82|-7.28144|-7.28144
83|-7.28144|-7.28144
84|-7.28144|-7.28144
85|-7.28144|-7.28144
86|-7.28144|-7.28144
87|-7.28144|-7.28144
88|-7.28144|-7.28144
89|-7.28144|-7.28144
90|-7.28144|-7.28144
91|-7.28144|-7.28144
92|-7.28144|-7.28144
93|-7.28144|-7.28144
94|-7.28144|-7.28144
95|-7.28144|-7.28144
96|-7.28144|-7.28144
97|-7.28144|-7.28144
98|-7.28144|-7.28144
99|-7.28144|-7.28144
100|-7.28144|-7.28144
101|-7.28144|-7.28144
102|-7.28144|-7.28144
103|-7.28144|-7.28144
104|-7.28144|-7.28144
105|-7.28144|-7.28144
106|-7.28144|-7.28144
107|-7.28144|-7.28144
108|-7.28144|-7.28144
109|-7.28144|-7.28144
110|-7.28144|-7.28144
111|-7.28144|-7.28144
112|-7.28144|-7.28144
113|-7.28144|-7.28144
114|-7.28144|-7.28144
115|-7.28144|-7.28144
116|-7.28144|-7.28144
117|-7.28144|-7.28144
118|-7.28144|-7.28144
119|-7.28144|-7.28144
120|-7.28144|-7.28144
121|-7.28144|-7.28144
122|-7.28144|-7.28144
123|-7.28144|-7.28144
124|-7.28144|-7.28144
125|-7.28144|-7.28144
126|-7.28144|-7.28144
127|-7.28144|-7.28144
128|-7.28144|-7.28144
129|-7.28144|-7.28144
130|-7.28144|-7.28144
131|-7.28144|-7.28144
132|-7.28144|-7.28144
133|-7.28144|-7.28144
134|-7.28144|-7.28144
135|-7.28144|-7.28144
136|-7.28144|-7.28144
137|-7.28144|-7.28144
138|-7.28144|-7.28144
139|-7.28144|-7.28144
140|-7.28144|-7.28144
141|-7.28144|-7.28144
142|-7.28144|-7.28144
143|-7.28144|-7.28144
144|-7.28144|-7.28144
145|-7.28144|-7.28144
146|-7.28144|-7.28144
147|-7.28144|-7.28144
148|-7.28144|-7.28144
149|-7.28144|-7.28144
150|-7.28144|-7.28144
151|-7.28144|-7.28144
152|-7.28144|-7.28144
153|-7.28144|-7.28144
154|-7.28144|-7.28144
155|-7.28144|-7.28144
156|-7.28144|-7.28144
157|-7.28144|-7.28144
158|-7.28144|-7.28144
159|-7.28144|-7.28144
160|-7.28144|-7.28144
161|-7.28144|-7.28144
162|-7.28144|-7.28144
163|-7.28144|-7.28144
164|-7.28144|-7.28144
165|-7.28144|-7.28144
166|-7.28144|-7.28144
167|-7.28144|-7.28144
168|-7.28144|-7.28144
169|-7.28144|-7.28144
170|-7.28144|-7.28144
171|-7.28144|-7.28144
172|-7.28144|-7.28144
173|-7.28144|-7.28144
174|-7.28144|-7.28144
175|-7.28144|-7.28144
176|-7.28144|-7.28144
177|-7.28144|-7.28144
178|-7.28144|-7.28144
179|-7.28144|-7.28144
180|-7.28144|-7.28144
181|-7.28144|-7.28144
182|-7.28144|-7.28144
183|-7.28144|-7.28144
184|-7.28144|-7.28144
185|-7.28144|-7.28144
186|-7.28144|-7.28144
187|-7.28144|-7.28144
188|-7.28144|-7.28144
189|-7.28144|-7.28144
190|-7.28144|-7.28144
191|-7.28144|-7.28144
192|-7.28144|-7.28144
193|-7.28144|-7.28144
194|-7.28144|-7.28144
195|-7.28144|-7.28144
196|-7.28144|-7.28144
197|-7.28144|-7.28144
198|-7.28144|-7.28144
199|-7.28144|-7.28144
200|-7.28144|-7.28144
201|-7.28144|-7.28144
202|-7.28144|-7.28144
203|-7.28144|-7.28144
204|-7.28144|-7.28144
205|-7.28144|-7.28144
206|-7.28144|-7.28144
207|-7.28144|-7.28144
208|-7.28144|-7.28144
209|-7.28144|-7.28144
210|-7.28144|-7.28144
211|-7.28144|-7.28144
212|-7.28144|-7.28144
213|-7.28144|-7.28144
214|-7.28144|-7.28144
215|-7.28144|-7.28144
216|-7.28144|-7.28144
217|-7.28144|-7.28144
218|-7.28144|-7.28144
219|-7.28144|-7.28144
220|-7.28144|-7.28144
EARLY STOP: TARGET FOUND
320140ms
