1|-522.135|-522.135
2|-947.485|-947.485
3|-1200.1|-1200.1
4|-1451.97|-1451.97
5|-1689.53|-1689.53
6|-1887.53|-1887.53
7|-2078.19|-2078.19
8|-2230.74|-2230.74
9|-2350.95|-2350.95
10|-2443.48|-2443.48
11|-2531.67|-2531.67
12|-2600.13|-2600.13
13|-2738.14|-2738.14
14|-2795.19|-2795.19
15|-2940.03|-2940.03
16|-3063.33|-3063.33
17|-3108.88|-3108.88
18|-3153.21|-3153.21
19|-3195.56|-3195.56
20|-3211.19|-3211.19
21|-3224.86|-3224.86
22|-3234.13|-3234.13
23|-3243.1|-3243.1
24|-3248.83|-3248.83
25|-3280.21|-3280.21
26|-3298.04|-3298.04
27|-3306.84|-3306.84
28|-3312.3|-3312.3
29|-3316.67|-3316.67
30|-3320.99|-3320.99
31|-3325.29|-3325.29
32|-3329.45|-3329.45
33|-3331.86|-3331.86
34|-3333.94|-3333.94
35|-3336.01|-3336.01
36|-3337.86|-3337.86
37|-3339.72|-3339.72
38|-3341.32|-3341.32
39|-3342.64|-3342.64
40|-3343.73|-3343.73
41|-3344.74|-3344.74
42|-3345.75|-3345.75
43|-3346.39|-3346.39
44|-3346.89|-3346.89
45|-3347.4|-3347.4
46|-3347.76|-3347.76
47|-3348.07|-3348.07
48|-3348.38|-3348.38
49|-3348.65|-3348.65
50|-3348.9|-3348.9
51|-3349.08|-3349.08
52|-3349.24|-3349.24
53|-3349.36|-3349.36
54|-3349.49|-3349.49
55|-3349.56|-3349.56
56|-3349.64|-3349.64
57|-3349.7|-3349.7
58|-3349.75|-3349.75
59|-3349.78|-3349.78
60|-3349.82|-3349.82
61|-3349.85|-3349.85
62|-3349.88|-3349.88
63|-3349.91|-3349.91
64|-3349.93|-3349.93
65|-3349.95|-3349.95
66|-3349.96|-3349.96
67|-3349.97|-3349.97
68|-3349.98|-3349.98
69|-3349.99|-3349.99
70|-3350|-3350
71|-3350|-3350
72|-3350.01|-3350.01
73|-3350.01|-3350.01
74|-3350.01|-3350.01
75|-3350.01|-3350.01
76|-3350.02|-3350.02
77|-3350.02|-3350.02
78|-3350.02|-3350.02
79|-3350.02|-3350.02
80|-3350.02|-3350.02
81|-3350.02|-3350.02
82|-3350.02|-3350.02
83|-3350.02|-3350.02
84|-3350.02|-3350.02
85|-3350.02|-3350.02
86|-3350.02|-3350.02
87|-3350.02|-3350.02
88|-3350.02|-3350.02
89|-3350.02|-3350.02
90|-3350.02|-3350.02
91|-3350.02|-3350.02
92|-3350.02|-3350.02
93|-3350.02|-3350.02
94|-3350.02|-3350.02
95|-3350.02|-3350.02
96|-3350.02|-3350.02
97|-3350.02|-3350.02
98|-3350.02|-3350.02
99|-3350.02|-3350.02
100|-3350.02|-3350.02
101|-3350.02|-3350.02
102|-3350.02|-3350.02
103|-3350.02|-3350.02
104|-3350.02|-3350.02
105|-3350.02|-3350.02
106|-3350.02|-3350.02
107|-3350.02|-3350.02
108|-3350.02|-3350.02
109|-3350.02|-3350.02
110|-3350.02|-3350.02
111|-3350.02|-3350.02
112|-3350.02|-3350.02
113|-3350.02|-3350.02
114|-3350.02|-3350.02
115|-3350.02|-3350.02
116|-3350.02|-3350.02
117|-3350.02|-3350.02
118|-3350.02|-3350.02
119|-3350.02|-3350.02
120|-3350.02|-3350.02
121|-3350.02|-3350.02
122|-3350.02|-3350.02
123|-3350.02|-3350.02
124|-3350.02|-3350.02
125|-3350.02|-3350.02
126|-3350.02|-3350.02
127|-3350.02|-3350.02
128|-3350.02|-3350.02
129|-3350.02|-3350.02
130|-3350.02|-3350.02
131|-3350.02|-3350.02
132|-3350.02|-3350.02
133|-3350.02|-3350.02
134|-3350.02|-3350.02
135|-3350.02|-3350.02
136|-3350.02|-3350.02
137|-3350.02|-3350.02
138|-3350.02|-3350.02
139|-3350.02|-3350.02
140|-3350.02|-3350.02
141|-3350.02|-3350.02
142|-3350.02|-3350.02
143|-3350.02|-3350.02
144|-3350.02|-3350.02
145|-3350.02|-3350.02
146|-3350.02|-3350.02
147|-3350.02|-3350.02
148|-3350.02|-3350.02
149|-3350.02|-3350.02
150|-3350.02|-3350.02
151|-3350.02|-3350.02
152|-3350.02|-3350.02
153|-3350.02|-3350.02
154|-3350.02|-3350.02
155|-3350.02|-3350.02
156|-3350.02|-3350.02
157|-3350.02|-3350.02
158|-3350.02|-3350.02
159|-3350.02|-3350.02
160|-3350.02|-3350.02
161|-3350.02|-3350.02
162|-3350.02|-3350.02
163|-3350.02|-3350.02
164|-3350.02|-3350.02
165|-3350.02|-3350.02
166|-3350.02|-3350.02
167|-3350.02|-3350.02
168|-3350.02|-3350.02
169|-3350.02|-3350.02
170|-3350.02|-3350.02
171|-3350.02|-3350.02
172|-3350.02|-3350.02
173|-3350.02|-3350.02
174|-3350.02|-3350.02
175|-3350.02|-3350.02
176|-3350.02|-3350.02
177|-3350.02|-3350.02
178|-3350.02|-3350.02
179|-3350.02|-3350.02
180|-3350.02|-3350.02
181|-3350.02|-3350.02
182|-3350.02|-3350.02
183|-3350.02|-3350.02
184|-3350.02|-3350.02
185|-3350.02|-3350.02
186|-3350.02|-3350.02
187|-3350.02|-3350.02
188|-3350.02|-3350.02
189|-3350.02|-3350.02
190|-3350.02|-3350.02
191|-3350.02|-3350.02
192|-3350.02|-3350.02
193|-3350.02|-3350.02
194|-3350.02|-3350.02
195|-3350.02|-3350.02
196|-3350.02|-3350.02
197|-3350.02|-3350.02
198|-3350.02|-3350.02
199|-3350.02|-3350.02
200|-3350.02|-3350.02
201|-3350.02|-3350.02
202|-3350.02|-3350.02
203|-3350.02|-3350.02
204|-3350.02|-3350.02
205|-3350.02|-3350.02
206|-3350.02|-3350.02
207|-3350.02|-3350.02
208|-3350.02|-3350.02
209|-3350.02|-3350.02
210|-3350.02|-3350.02
211|-3350.02|-3350.02
212|-3350.02|-3350.02
213|-3350.02|-3350.02
214|-3350.02|-3350.02
215|-3350.02|-3350.02
216|-3350.02|-3350.02
217|-3350.02|-3350.02
218|-3350.02|-3350.02
219|-3350.02|-3350.02
220|-3350.02|-3350.02
221|-3350.02|-3350.02
222|-3350.02|-3350.02
223|-3350.02|-3350.02
224|-3350.02|-3350.02
225|-3350.02|-3350.02
226|-3350.02|-3350.02
227|-3350.02|-3350.02
228|-3350.02|-3350.02
229|-3350.02|-3350.02
230|-3350.02|-3350.02
EARLY STOP: TARGET FOUND
541928ms
