1|-0.984543|-0.984543
2|-1.94266|-1.94266
3|-2.78172|-2.78172
4|-3.48537|-3.48537
5|-4.09864|-4.09864
6|-4.54762|-4.54762
7|-5.02472|-5.02472
8|-5.40513|-5.40513
9|-5.62869|-5.62869
10|-5.81027|-5.81027
11|-6.2526|-6.2526
12|-6.42767|-6.42767
13|-6.5255|-6.5255
14|-6.56259|-6.56259
15|-7.39545|-7.39545
16|-7.50679|-7.50679
17|-7.52156|-7.52156
18|-7.53469|-7.53469
19|-7.91265|-7.91265
20|-8.38685|-8.38685
21|-8.516|-8.516
22|-8.52818|-8.52818
23|-8.53986|-8.53986
24|-8.54932|-8.54932
25|-8.55359|-8.55359
26|-8.55694|-8.55694
27|-8.55999|-8.55999
28|-8.56181|-8.56181
29|-8.56334|-8.56334
30|-8.56445|-8.56445
31|-8.56547|-8.56547
32|-8.5663|-8.5663
33|-8.56677|-8.56677
34|-8.567|-8.567
35|-8.56721|-8.56721
36|-8.5674|-8.5674
37|-8.56759|-8.56759
38|-8.56778|-8.56778
39|-8.56794|-8.56794
40|-8.56809|-8.56809
41|-8.56819|-8.56819
42|-8.56828|-8.56828
43|-8.56833|-8.56833
44|-8.56837|-8.56837
45|-8.56842|-8.56842
46|-8.56846|-8.56846
47|-8.56849|-8.56849
48|-8.56851|-8.56851
49|-8.56853|-8.56853
50|-8.56854|-8.56854
51|-8.56854|-8.56854
52|-8.56854|-8.56854
53|-8.56855|-8.56855
54|-8.56855|-8.56855
55|-8.56855|-8.56855
56|-8.56855|-8.56855
57|-8.56855|-8.56855
58|-8.56855|-8.56855
59|-8.56855|-8.56855
60|-8.56855|-8.56855
61|-8.56855|-8.56855
62|-8.56855|-8.56855
63|-8.56855|-8.56855
64|-8.56855|-8.56855
65|-8.56855|-8.56855
66|-8.56855|-8.56855
67|-8.56855|-8.56855
68|-8.56855|-8.56855
69|-8.56855|-8.56855
70|-8.56855|-8.56855
71|-8.56855|-8.56855
72|-8.56855|-8.56855
73|-8.56855|-8.56855
74|-8.56855|-8.56855
75|-8.56855|-8.56855
76|-8.56855|-8.56855
77|-8.56855|-8.56855
78|-8.56855|-8.56855
79|-8.56855|-8.56855
80|-8.56855|-8.56855
81|-8.56855|-8.56855
82|-8.56855|-8.56855
83|-8.56855|-8.56855
84|-8.56855|-8.56855
85|-8.56855|-8.56855
86|-8.56855|-8.56855
87|-8.56855|-8.56855
88|-8.56855|-8.56855
89|-8.56855|-8.56855
90|-8.56855|-8.56855
91|-8.56855|-8.56855
92|-8.56855|-8.56855
93|-8.56855|-8.56855
94|-8.56855|-8.56855
95|-8.56855|-8.56855
96|-8.56855|-8.56855
97|-8.56855|-8.56855
98|-8.56855|-8.56855
99|-8.56855|-8.56855
100|-8.56855|-8.56855
101|-8.56855|-8.56855
102|-8.56855|-8.56855
103|-8.56855|-8.56855
104|-8.56855|-8.56855
105|-8.56855|-8.56855
106|-8.56855|-8.56855
107|-8.56855|-8.56855
108|-8.56855|-8.56855
109|-8.56855|-8.56855
110|-8.56855|-8.56855
111|-8.56855|-8.56855
112|-8.56855|-8.56855
113|-8.56855|-8.56855
114|-8.56855|-8.56855
115|-8.56855|-8.56855
116|-8.56855|-8.56855
117|-8.56855|-8.56855
118|-8.56855|-8.56855
119|-8.56855|-8.56855
120|-8.56855|-8.56855
121|-8.56855|-8.56855
122|-8.56855|-8.56855
123|-8.56855|-8.56855
124|-8.56855|-8.56855
125|-8.56855|-8.56855
126|-8.56855|-8.56855
127|-8.56855|-8.56855
128|-8.56855|-8.56855
129|-8.56855|-8.56855
130|-8.56855|-8.56855
131|-8.56855|-8.56855
132|-8.56855|-8.56855
133|-8.56855|-8.56855
134|-8.56855|-8.56855
135|-8.56855|-8.56855
136|-8.56855|-8.56855
137|-8.56855|-8.56855
138|-8.56855|-8.56855
139|-8.56855|-8.56855
140|-8.56855|-8.56855
141|-8.56855|-8.56855
142|-8.56855|-8.56855
143|-8.56855|-8.56855
144|-8.56855|-8.56855
145|-8.56855|-8.56855
146|-8.56855|-8.56855
147|-8.56855|-8.56855
148|-8.56855|-8.56855
149|-8.56855|-8.56855
150|-8.56855|-8.56855
151|-8.56855|-8.56855
152|-8.56855|-8.56855
153|-8.56855|-8.56855
154|-8.56855|-8.56855
155|-8.56855|-8.56855
156|-8.56855|-8.56855
157|-8.56855|-8.56855
158|-8.56855|-8.56855
159|-8.56855|-8.56855
160|-8.56855|-8.56855
161|-8.56855|-8.56855
162|-8.56855|-8.56855
163|-8.56855|-8.56855
164|-8.56855|-8.56855
165|-8.56855|-8.56855
166|-8.56855|-8.56855
167|-8.56855|-8.56855
168|-8.56855|-8.56855
169|-8.56855|-8.56855
170|-8.56855|-8.56855
171|-8.56855|-8.56855
172|-8.56855|-8.56855
173|-8.56855|-8.56855
174|-8.56855|-8.56855
175|-8.56855|-8.56855
176|-8.56855|-8.56855
177|-8.56855|-8.56855
178|-8.56855|-8.56855
179|-8.56855|-8.56855
180|-8.56855|-8.56855
181|-8.56855|-8.56855
182|-8.56855|-8.56855
183|-8.56855|-8.56855
184|-8.56855|-8.56855
185|-8.56855|-8.56855
186|-8.56855|-8.56855
187|-8.56855|-8.56855
188|-8.56855|-8.56855
189|-8.56855|-8.56855
190|-8.56855|-8.56855
191|-8.56855|-8.56855
192|-8.56855|-8.56855
193|-8.56855|-8.56855
194|-8.56855|-8.56855
195|-8.56855|-8.56855
196|-8.56855|-8.56855
197|-8.56855|-8.56855
198|-8.56855|-8.56855
199|-8.56855|-8.56855
200|-8.56855|-8.56855
201|-8.56855|-8.56855
202|-8.56855|-8.56855
203|-8.56855|-8.56855
204|-8.56855|-8.56855
205|-8.56855|-8.56855
206|-8.56855|-8.56855
207|-8.56855|-8.56855
208|-8.56855|-8.56855
EARLY STOP: TARGET FOUND
283791ms
