1|-5.74696|-5.74696
2|-6.72998|-6.72998
3|-7.62801|-7.62801
4|-8.43396|-8.43396
5|-9.06379|-9.06379
6|-9.59129|-9.59129
7|-10.1117|-10.1117
8|-10.6091|-10.6091
9|-11.1063|-11.1063
10|-11.5827|-11.5827
11|-12.0456|-12.0456
12|-12.5071|-12.5071
13|-12.9394|-12.9394
14|-13.3347|-13.3347
15|-13.7264|-13.7264
16|-14.0732|-14.0732
17|-14.3874|-14.3874
18|-14.6816|-14.6816
19|-14.9666|-14.9666
20|-15.4296|-15.4296
21|-15.7033|-15.7033
22|-15.9633|-15.9633
23|-16.2117|-16.2117
24|-16.4469|-16.4469
25|-17.1227|-17.1227
26|-17.3574|-17.3574
27|-17.5545|-17.5545
28|-17.7515|-17.7515
29|-17.9347|-17.9347
30|-18.1139|-18.1139
31|-18.2714|-18.2714
32|-18.4154|-18.4154
33|-18.541|-18.541
34|-18.6573|-18.6573
35|-18.7675|-18.7675
36|-18.873|-18.873
37|-19.5936|-19.5936
38|-19.6964|-19.6964
39|-19.7794|-19.7794
40|-19.9864|-19.9864
41|-20.0544|-20.0544
42|-20.1261|-20.1261
43|-20.1923|-20.1923
44|-20.2902|-20.2902
45|-20.3558|-20.3558
46|-20.4111|-20.4111
47|-20.4654|-20.4654
48|-20.5197|-20.5197
49|-20.5734|-20.5734
50|-21.1964|-21.1964
51|-21.2443|-21.2443
52|-21.2888|-21.2888
53|-21.326|-21.326
54|-21.3595|-21.3595
55|-21.3909|-21.3909
56|-21.4203|-21.4203
57|-21.444|-21.444
58|-22.3165|-22.3165
59|-22.3394|-22.3394
60|-22.3648|-22.3648
61|-22.3864|-22.3864
62|-22.4072|-22.4072
63|-22.4271|-22.4271
64|-22.4441|-22.4441
65|-22.4603|-22.4603
66|-22.4734|-22.4734
67|-22.4845|-22.4845
68|-22.4952|-22.4952
69|-22.5058|-22.5058
70|-23.1346|-23.1346
71|-23.2436|-23.2436
72|-23.2628|-23.2628
73|-23.2732|-23.2732
74|-23.2834|-23.2834
75|-23.2932|-23.2932
76|-23.3026|-23.3026
77|-23.3115|-23.3115
78|-23.3201|-23.3201
79|-23.3282|-23.3282
80|-23.3353|-23.3353
81|-23.3422|-23.3422
82|-23.3481|-23.3481
83|-23.3624|-23.3624
84|-23.3681|-23.3681
85|-23.373|-23.373
86|-23.3775|-23.3775
87|-23.3816|-23.3816
88|-23.3856|-23.3856
89|-23.3895|-23.3895
90|-23.3929|-23.3929
91|-23.3959|-23.3959
92|-23.398|-23.398
93|-23.4002|-23.4002
94|-23.4023|-23.4023
95|-23.4043|-23.4043
96|-23.4064|-23.4064
97|-23.4083|-23.4083
98|-23.4103|-23.4103
99|-23.412|-23.412
100|-23.4134|-23.4134
101|-23.4147|-23.4147
102|-23.416|-23.416
103|-23.4172|-23.4172
104|-23.4182|-23.4182
105|-23.4192|-23.4192
106|-23.4201|-23.4201
107|-23.421|-23.421
108|-23.4217|-23.4217
109|-23.4224|-23.4224
110|-23.423|-23.423
111|-23.4236|-23.4236
112|-23.4242|-23.4242
113|-23.4247|-23.4247
114|-23.4252|-23.4252
115|-23.4257|-23.4257
116|-23.4262|-23.4262
117|-23.4266|-23.4266
118|-23.427|-23.427
119|-23.4274|-23.4274
120|-23.4277|-23.4277
121|-23.428|-23.428
122|-23.4283|-23.4283
123|-23.4285|-23.4285
124|-23.4288|-23.4288
125|-23.429|-23.429
126|-23.4293|-23.4293
127|-23.4295|-23.4295
128|-23.4297|-23.4297
129|-23.43|-23.43
130|-23.4301|-23.4301
131|-23.4303|-23.4303
132|-23.4304|-23.4304
133|-23.4305|-23.4305
134|-23.4307|-23.4307
135|-23.4308|-23.4308
136|-23.4309|-23.4309
137|-23.431|-23.431
138|-23.4311|-23.4311
139|-23.4312|-23.4312
140|-23.4312|-23.4312
141|-23.4313|-23.4313
142|-23.4314|-23.4314
143|-23.4314|-23.4314
144|-23.4315|-23.4315
145|-23.4315|-23.4315
146|-23.4316|-23.4316
147|-23.4316|-23.4316
148|-23.4316|-23.4316
149|-23.4317|-23.4317
150|-23.4317|-23.4317
151|-23.4317|-23.4317
152|-23.4318|-23.4318
153|-23.4318|-23.4318
154|-23.4318|-23.4318
155|-23.4318|-23.4318
156|-23.4318|-23.4318
157|-23.4318|-23.4318
158|-23.4318|-23.4318
159|-23.4318|-23.4318
160|-23.4319|-23.4319
161|-23.4319|-23.4319
162|-23.4319|-23.4319
163|-23.4319|-23.4319
164|-23.4319|-23.4319
165|-23.4319|-23.4319
166|-23.4319|-23.4319
167|-23.4319|-23.4319
168|-23.4319|-23.4319
169|-23.4319|-23.4319
170|-23.4319|-23.4319
171|-23.4319|-23.4319
172|-23.4319|-23.4319
173|-23.4319|-23.4319
174|-23.4319|-23.4319
175|-23.4319|-23.4319
176|-23.4319|-23.4319
177|-23.4319|-23.4319
178|-23.4319|-23.4319
179|-23.4319|-23.4319
180|-23.4319|-23.4319
181|-23.4319|-23.4319
182|-23.4319|-23.4319
183|-23.4319|-23.4319
184|-23.4319|-23.4319
185|-23.4319|-23.4319
186|-23.4319|-23.4319
187|-23.4319|-23.4319
188|-23.4319|-23.4319
189|-23.4319|-23.4319
190|-23.4319|-23.4319
191|-23.4319|-23.4319
192|-23.4319|-23.4319
193|-23.4319|-23.4319
194|-23.4319|-23.4319
195|-23.4319|-23.4319
196|-23.4319|-23.4319
197|-23.4319|-23.4319
198|-23.4319|-23.4319
199|-23.4319|-23.4319
200|-23.4319|-23.4319
201|-23.4319|-23.4319
202|-23.4319|-23.4319
203|-23.4319|-23.4319
204|-23.4319|-23.4319
205|-23.4319|-23.4319
206|-23.4319|-23.4319
207|-23.4319|-23.4319
208|-23.4319|-23.4319
209|-23.4319|-23.4319
210|-23.4319|-23.4319
211|-23.4319|-23.4319
212|-23.4319|-23.4319
213|-23.4319|-23.4319
214|-23.4319|-23.4319
215|-23.4319|-23.4319
216|-23.4319|-23.4319
217|-23.4319|-23.4319
218|-23.4319|-23.4319
219|-23.4319|-23.4319
220|-23.4319|-23.4319
221|-23.4319|-23.4319
222|-23.4319|-23.4319
223|-23.4319|-23.4319
224|-23.4319|-23.4319
225|-23.4319|-23.4319
226|-23.4319|-23.4319
227|-23.4319|-23.4319
228|-23.4319|-23.4319
229|-23.4319|-23.4319
230|-23.4319|-23.4319
231|-23.4319|-23.4319
232|-23.4319|-23.4319
233|-23.4319|-23.4319
234|-23.4319|-23.4319
235|-23.4319|-23.4319
236|-23.4319|-23.4319
237|-23.4319|-23.4319
238|-23.4319|-23.4319
239|-23.4319|-23.4319
240|-23.4319|-23.4319
241|-23.4319|-23.4319
242|-23.4319|-23.4319
243|-23.4319|-23.4319
244|-23.4319|-23.4319
245|-23.4319|-23.4319
246|-23.4319|-23.4319
247|-23.4319|-23.4319
248|-23.4319|-23.4319
249|-23.4319|-23.4319
250|-23.4319|-23.4319
251|-23.4319|-23.4319
252|-23.4319|-23.4319
253|-23.4319|-23.4319
254|-23.4319|-23.4319
255|-23.4319|-23.4319
256|-23.4319|-23.4319
257|-23.4319|-23.4319
258|-23.4319|-23.4319
259|-23.4319|-23.4319
260|-23.4319|-23.4319
261|-23.4319|-23.4319
262|-23.4319|-23.4319
263|-23.4319|-23.4319
264|-23.4319|-23.4319
265|-23.4319|-23.4319
266|-23.4319|-23.4319
267|-23.4319|-23.4319
268|-23.4319|-23.4319
269|-23.4319|-23.4319
270|-23.4319|-23.4319
271|-23.4319|-23.4319
272|-23.4319|-23.4319
273|-23.4319|-23.4319
274|-23.4319|-23.4319
275|-23.4319|-23.4319
276|-23.4319|-23.4319
277|-23.4319|-23.4319
278|-23.4319|-23.4319
279|-23.4319|-23.4319
280|-23.4319|-23.4319
281|-23.4319|-23.4319
282|-23.4319|-23.4319
283|-23.4319|-23.4319
284|-23.4319|-23.4319
285|-23.4319|-23.4319
286|-23.4319|-23.4319
287|-23.4319|-23.4319
288|-23.4319|-23.4319
289|-23.4319|-23.4319
290|-23.4319|-23.4319
291|-23.4319|-23.4319
292|-23.4319|-23.4319
293|-23.4319|-23.4319
294|-23.4319|-23.4319
295|-23.4319|-23.4319
296|-23.4319|-23.4319
297|-23.4319|-23.4319
298|-23.4319|-23.4319
299|-23.4319|-23.4319
300|-23.4319|-23.4319
301|-23.4319|-23.4319
302|-23.4319|-23.4319
303|-23.4319|-23.4319
304|-23.4319|-23.4319
305|-23.4319|-23.4319
306|-23.4319|-23.4319
307|-23.4319|-23.4319
308|-23.4319|-23.4319
309|-23.4319|-23.4319
310|-23.4319|-23.4319
311|-23.4319|-23.4319
312|-23.4319|-23.4319
313|-23.4319|-23.4319
314|-23.4319|-23.4319
315|-23.4319|-23.4319
316|-23.4319|-23.4319
317|-23.4319|-23.4319
318|-23.4319|-23.4319
EARLY STOP: TARGET FOUND
3650295ms
