1|-3.86142|-3.86142
2|-4.48234|-4.48234
3|-5.02277|-5.02277
4|-5.47397|-5.47397
5|-5.91714|-5.91714
6|-6.32099|-6.32099
7|-6.66233|-6.66233
8|-6.85555|-6.85555
9|-7.03925|-7.03925
10|-7.11281|-7.11281
11|-7.26173|-7.26173
12|-7.33053|-7.33053
13|-7.39895|-7.39895
14|-7.44132|-7.44132
15|-7.46391|-7.46391
16|-7.48443|-7.48443
17|-7.50224|-7.50224
18|-7.51688|-7.51688
19|-7.5308|-7.5308
20|-7.5422|-7.5422
21|-7.55247|-7.55247
22|-7.56145|-7.56145
23|-7.56717|-7.56717
24|-7.56974|-7.56974
25|-7.5721|-7.5721
26|-7.57409|-7.57409
27|-7.57607|-7.57607
28|-7.57724|-7.57724
29|-7.57836|-7.57836
30|-7.57947|-7.57947
31|-7.58046|-7.58046
32|-7.58127|-7.58127
33|-7.58198|-7.58198
34|-7.58262|-7.58262
35|-7.5832|-7.5832
36|-7.5837|-7.5837
37|-7.58419|-7.58419
38|-7.58462|-7.58462
39|-7.58497|-7.58497
40|-7.58533|-7.58533
41|-7.58565|-7.58565
42|-7.58593|-7.58593
43|-7.58614|-7.58614
44|-7.58631|-7.58631
45|-7.58645|-7.58645
46|-7.58658|-7.58658
47|-7.5867|-7.5867
48|-7.58681|-7.58681
49|-7.5869|-7.5869
50|-7.58698|-7.58698
51|-7.58702|-7.58702
52|-7.58706|-7.58706
53|-7.5871|-7.5871
54|-7.58712|-7.58712
55|-7.58714|-7.58714
56|-7.58715|-7.58715
57|-7.58715|-7.58715
58|-7.58716|-7.58716
59|-7.58716|-7.58716
60|-7.58716|-7.58716
61|-7.58716|-7.58716
62|-7.58716|-7.58716
63|-7.58716|-7.58716
64|-7.58716|-7.58716
65|-7.58716|-7.58716
66|-7.58716|-7.58716
67|-7.58716|-7.58716
68|-7.58716|-7.58716
69|-7.58716|-7.58716
70|-7.58716|-7.58716
71|-7.58716|-7.58716
72|-7.58716|-7.58716
73|-7.58716|-7.58716
74|-7.58716|-7.58716
75|-7.58716|-7.58716
76|-7.58716|-7.58716
77|-7.58716|-7.58716
78|-7.58716|-7.58716
79|-7.58716|-7.58716
80|-7.58716|-7.58716
81|-7.58716|-7.58716
82|-7.58716|-7.58716
83|-7.58716|-7.58716
84|-7.58716|-7.58716
85|-7.58716|-7.58716
86|-7.58716|-7.58716
87|-7.58716|-7.58716
88|-7.58716|-7.58716
89|-7.58716|-7.58716
90|-7.58716|-7.58716
91|-7.58716|-7.58716
92|-7.58716|-7.58716
93|-7.58716|-7.58716
94|-7.58716|-7.58716
95|-7.58716|-7.58716
96|-7.58716|-7.58716
97|-7.58716|-7.58716
98|-7.58716|-7.58716
99|-7.58716|-7.58716
100|-7.58716|-7.58716
101|-7.58716|-7.58716
102|-7.58716|-7.58716
103|-7.58716|-7.58716
104|-7.58716|-7.58716
105|-7.58716|-7.58716
106|-7.58716|-7.58716
107|-7.58716|-7.58716
108|-7.58716|-7.58716
109|-7.58716|-7.58716
110|-7.58716|-7.58716
111|-7.58716|-7.58716
112|-7.58716|-7.58716
113|-7.58716|-7.58716
114|-7.58716|-7.58716
115|-7.58716|-7.58716
116|-7.58716|-7.58716
117|-7.58716|-7.58716
118|-7.58716|-7.58716
119|-7.58716|-7.58716
120|-7.58716|-7.58716
121|-7.58716|-7.58716
122|-7.58716|-7.58716
123|-7.58716|-7.58716
124|-7.58716|-7.58716
125|-7.58716|-7.58716
126|-7.58716|-7.58716
127|-7.58716|-7.58716
128|-7.58716|-7.58716
129|-7.58716|-7.58716
130|-7.58716|-7.58716
131|-7.58716|-7.58716
132|-7.58716|-7.58716
133|-7.58716|-7.58716
134|-7.58716|-7.58716
135|-7.58716|-7.58716
136|-7.58716|-7.58716
137|-7.58716|-7.58716
138|-7.58716|-7.58716
139|-7.58716|-7.58716
140|-7.58716|-7.58716
141|-7.58716|-7.58716
142|-7.58716|-7.58716
143|-7.58716|-7.58716
144|-7.58716|-7.58716
145|-7.58716|-7.58716
146|-7.58716|-7.58716
147|-7.58716|-7.58716
148|-7.58716|-7.58716
149|-7.58716|-7.58716
150|-7.58716|-7.58716
151|-7.58716|-7.58716
152|-7.58716|-7.58716
153|-7.58716|-7.58716
154|-7.58716|-7.58716
155|-7.58716|-7.58716
156|-7.58716|-7.58716
157|-7.58716|-7.58716
158|-7.58716|-7.58716
159|-7.58716|-7.58716
160|-7.58716|-7.58716
161|-7.58716|-7.58716
162|-7.58716|-7.58716
163|-7.58716|-7.58716
164|-7.58716|-7.58716
165|-7.58716|-7.58716
166|-7.58716|-7.58716
167|-7.58716|-7.58716
168|-7.58716|-7.58716
169|-7.58716|-7.58716
170|-7.58716|-7.58716
171|-7.58716|-7.58716
172|-7.58716|-7.58716
173|-7.58716|-7.58716
174|-7.58716|-7.58716
175|-7.58716|-7.58716
176|-7.58716|-7.58716
177|-7.58716|-7.58716
178|-7.58716|-7.58716
179|-7.58716|-7.58716
180|-7.58716|-7.58716
181|-7.58716|-7.58716
182|-7.58716|-7.58716
183|-7.58716|-7.58716
184|-7.58716|-7.58716
185|-7.58716|-7.58716
186|-7.58716|-7.58716
187|-7.58716|-7.58716
188|-7.58716|-7.58716
189|-7.58716|-7.58716
190|-7.58716|-7.58716
191|-7.58716|-7.58716
192|-7.58716|-7.58716
193|-7.58716|-7.58716
194|-7.58716|-7.58716
195|-7.58716|-7.58716
196|-7.58716|-7.58716
197|-7.58716|-7.58716
198|-7.58716|-7.58716
199|-7.58716|-7.58716
200|-7.58716|-7.58716
201|-7.58716|-7.58716
202|-7.58716|-7.58716
203|-7.58716|-7.58716
204|-7.58716|-7.58716
205|-7.58716|-7.58716
206|-7.58716|-7.58716
207|-7.58716|-7.58716
208|-7.58716|-7.58716
209|-7.58716|-7.58716
210|-7.58716|-7.58716
211|-7.58716|-7.58716
EARLY STOP: TARGET FOUND
293454ms
