1|76.6183|76.6183
2|58.2704|58.2704
3|45.4123|45.4123
4|36.5089|36.5089
5|27.8556|27.8556
6|20.0861|20.0861
7|13.5798|13.5798
8|12.0057|12.0057
9|11.0513|11.0513
10|10.2801|10.2801
11|9.67857|9.67857
12|9.4372|9.4372
13|9.20187|9.20187
14|9.0038|9.0038
15|8.96065|8.96065
16|8.94258|8.94258
17|8.92596|8.92596
18|8.92149|8.92149
19|8.91742|8.91742
20|8.91404|8.91404
21|8.91197|8.91197
22|8.91051|8.91051
23|8.90948|8.90948
24|8.90881|8.90881
25|8.90849|8.90849
26|8.90841|8.90841
27|8.90838|8.90838
28|8.90834|8.90834
29|8.90833|8.90833
30|8.90832|8.90832
31|8.90831|8.90831
32|8.90831|8.90831
33|8.90831|8.90831
34|8.90831|8.90831
35|8.90831|8.90831
36|8.90831|8.90831
37|8.90831|8.90831
38|8.90831|8.90831
39|8.90831|8.90831
40|8.90831|8.90831
41|8.90831|8.90831
42|8.90831|8.90831
43|8.90831|8.90831
44|8.90831|8.90831
45|8.90831|8.90831
46|8.90831|8.90831
47|8.90831|8.90831
48|8.90831|8.90831
49|8.90831|8.90831
50|8.90831|8.90831
51|8.90831|8.90831
52|8.90831|8.90831
53|8.90831|8.90831
54|8.90831|8.90831
55|8.90831|8.90831
56|8.90831|8.90831
57|8.90831|8.90831
58|8.90831|8.90831
59|8.90831|8.90831
60|8.90831|8.90831
61|8.90831|8.90831
62|8.90831|8.90831
63|8.90831|8.90831
64|8.90831|8.90831
65|8.90831|8.90831
66|8.90831|8.90831
67|8.90831|8.90831
68|8.90831|8.90831
69|8.90831|8.90831
70|8.90831|8.90831
71|8.90831|8.90831
72|8.90831|8.90831
73|8.90831|8.90831
74|8.90831|8.90831
75|8.90831|8.90831
76|8.90831|8.90831
77|8.90831|8.90831
78|8.90831|8.90831
79|8.90831|8.90831
80|8.90831|8.90831
81|8.90831|8.90831
82|8.90831|8.90831
83|8.90831|8.90831
84|8.90831|8.90831
85|8.90831|8.90831
86|8.90831|8.90831
87|8.90831|8.90831
88|8.90831|8.90831
89|8.90831|8.90831
90|8.90831|8.90831
91|8.90831|8.90831
92|8.90831|8.90831
93|8.90831|8.90831
94|8.90831|8.90831
95|8.90831|8.90831
96|8.90831|8.90831
97|8.90831|8.90831
98|8.90831|8.90831
99|8.90831|8.90831
100|8.90831|8.90831
101|8.90831|8.90831
102|8.90831|8.90831
103|8.90831|8.90831
104|8.90831|8.90831
105|8.90831|8.90831
106|8.90831|8.90831
107|8.90831|8.90831
108|8.90831|8.90831
109|8.90831|8.90831
110|8.90831|8.90831
111|8.90831|8.90831
112|8.90831|8.90831
113|8.90831|8.90831
114|8.90831|8.90831
115|8.90831|8.90831
116|8.90831|8.90831
117|8.90831|8.90831
118|8.90831|8.90831
119|8.90831|8.90831
120|8.90831|8.90831
121|8.90831|8.90831
122|8.90831|8.90831
123|8.90831|8.90831
124|8.90831|8.90831
125|8.90831|8.90831
126|8.90831|8.90831
127|8.90831|8.90831
128|8.90831|8.90831
129|8.90831|8.90831
130|8.90831|8.90831
131|8.90831|8.90831
132|8.90831|8.90831
133|8.90831|8.90831
134|8.90831|8.90831
135|8.90831|8.90831
136|8.90831|8.90831
137|8.90831|8.90831
138|8.90831|8.90831
139|8.90831|8.90831
140|8.90831|8.90831
141|8.90831|8.90831
142|8.90831|8.90831
143|8.90831|8.90831
144|8.90831|8.90831
145|8.90831|8.90831
146|8.90831|8.90831
147|8.90831|8.90831
148|8.90831|8.90831
149|8.90831|8.90831
150|8.90831|8.90831
151|8.90831|8.90831
152|8.90831|8.90831
153|8.90831|8.90831
154|8.90831|8.90831
155|8.90831|8.90831
156|8.90831|8.90831
157|8.90831|8.90831
158|8.90831|8.90831
159|8.90831|8.90831
160|8.90831|8.90831
161|8.90831|8.90831
162|8.90831|8.90831
163|8.90831|8.90831
164|8.90831|8.90831
165|8.90831|8.90831
166|8.90831|8.90831
167|8.90831|8.90831
168|8.90831|8.90831
169|8.90831|8.90831
170|8.90831|8.90831
171|8.90831|8.90831
172|8.90831|8.90831
173|8.90831|8.90831
174|8.90831|8.90831
175|8.90831|8.90831
176|8.90831|8.90831
177|8.90831|8.90831
178|8.90831|8.90831
179|8.90831|8.90831
180|8.90831|8.90831
181|8.90831|8.90831
182|8.90831|8.90831
183|8.90831|8.90831
EARLY STOP: TARGET FOUND
71754ms
