1|71.2346|71.2346
2|48.8189|48.8189
3|27.5818|27.5818
4|23.9093|23.9093
5|22.1427|22.1427
6|20.5391|20.5391
7|19.4206|19.4206
8|19.2286|19.2286
9|19.0389|19.0389
10|18.8728|18.8728
11|18.7119|18.7119
12|18.6312|18.6312
13|18.5843|18.5843
14|18.5475|18.5475
15|18.5293|18.5293
16|18.5118|18.5118
17|18.4944|18.4944
18|18.4886|18.4886
19|18.4856|18.4856
20|18.4827|18.4827
21|18.48|18.48
22|18.479|18.479
23|18.4783|18.4783
24|18.4777|18.4777
25|18.4771|18.4771
26|18.4769|18.4769
27|18.4767|18.4767
28|18.4766|18.4766
29|18.4765|18.4765
30|18.4765|18.4765
31|18.4765|18.4765
32|18.4765|18.4765
33|18.4765|18.4765
34|18.4765|18.4765
35|18.4765|18.4765
36|18.4765|18.4765
37|18.4765|18.4765
38|18.4765|18.4765
39|18.4765|18.4765
40|18.4765|18.4765
41|18.4765|18.4765
42|18.4765|18.4765
43|18.4765|18.4765
44|18.4765|18.4765
45|18.4765|18.4765
46|18.4765|18.4765
47|18.4765|18.4765
48|18.4765|18.4765
49|18.4765|18.4765
50|18.4765|18.4765
51|18.4765|18.4765
52|18.4765|18.4765
53|18.4765|18.4765
54|18.4765|18.4765
55|18.4765|18.4765
56|18.4765|18.4765
57|18.4765|18.4765
58|18.4765|18.4765
59|18.4765|18.4765
60|18.4765|18.4765
61|18.4765|18.4765
62|18.4765|18.4765
63|18.4765|18.4765
64|18.4765|18.4765
65|18.4765|18.4765
66|18.4765|18.4765
67|18.4765|18.4765
68|18.4765|18.4765
69|18.4765|18.4765
70|18.4765|18.4765
71|18.4765|18.4765
72|18.4765|18.4765
73|18.4765|18.4765
74|18.4765|18.4765
75|18.4765|18.4765
76|18.4765|18.4765
77|18.4765|18.4765
78|18.4765|18.4765
79|18.4765|18.4765
80|18.4765|18.4765
81|18.4765|18.4765
82|18.4765|18.4765
83|18.4765|18.4765
84|18.4765|18.4765
85|18.4765|18.4765
86|18.4765|18.4765
87|18.4765|18.4765
88|18.4765|18.4765
89|18.4765|18.4765
90|18.4765|18.4765
91|18.4765|18.4765
92|18.4765|18.4765
93|18.4765|18.4765
94|18.4765|18.4765
95|18.4765|18.4765
96|18.4765|18.4765
97|18.4765|18.4765
98|18.4765|18.4765
99|18.4765|18.4765
100|18.4765|18.4765
101|18.4765|18.4765
102|18.4765|18.4765
103|18.4765|18.4765
104|18.4765|18.4765
105|18.4765|18.4765
106|18.4765|18.4765
107|18.4765|18.4765
108|18.4765|18.4765
109|18.4765|18.4765
110|18.4765|18.4765
111|18.4765|18.4765
112|18.4765|18.4765
113|18.4765|18.4765
114|18.4765|18.4765
115|18.4765|18.4765
116|18.4765|18.4765
117|18.4765|18.4765
118|18.4765|18.4765
119|18.4765|18.4765
120|18.4765|18.4765
121|18.4765|18.4765
122|18.4765|18.4765
123|18.4765|18.4765
124|18.4765|18.4765
125|18.4765|18.4765
126|18.4765|18.4765
127|18.4765|18.4765
128|18.4765|18.4765
129|18.4765|18.4765
130|18.4765|18.4765
131|18.4765|18.4765
132|18.4765|18.4765
133|18.4765|18.4765
134|18.4765|18.4765
135|18.4765|18.4765
136|18.4765|18.4765
137|18.4765|18.4765
138|18.4765|18.4765
139|18.4765|18.4765
140|18.4765|18.4765
141|18.4765|18.4765
142|18.4765|18.4765
143|18.4765|18.4765
144|18.4765|18.4765
145|18.4765|18.4765
146|18.4765|18.4765
147|18.4765|18.4765
148|18.4765|18.4765
149|18.4765|18.4765
150|18.4765|18.4765
151|18.4765|18.4765
152|18.4765|18.4765
153|18.4765|18.4765
154|18.4765|18.4765
155|18.4765|18.4765
156|18.4765|18.4765
157|18.4765|18.4765
158|18.4765|18.4765
159|18.4765|18.4765
160|18.4765|18.4765
161|18.4765|18.4765
162|18.4765|18.4765
163|18.4765|18.4765
164|18.4765|18.4765
165|18.4765|18.4765
166|18.4765|18.4765
167|18.4765|18.4765
168|18.4765|18.4765
169|18.4765|18.4765
170|18.4765|18.4765
171|18.4765|18.4765
172|18.4765|18.4765
173|18.4765|18.4765
174|18.4765|18.4765
175|18.4765|18.4765
176|18.4765|18.4765
177|18.4765|18.4765
178|18.4765|18.4765
179|18.4765|18.4765
180|18.4765|18.4765
181|18.4765|18.4765
EARLY STOP: TARGET FOUND
70348ms
