1|557.147|557.147
2|526.924|526.924
3|498.876|498.876
4|472.623|472.623
5|448.084|448.084
6|423.722|423.722
7|399.822|399.822
8|377.544|377.544
9|358.096|358.096
10|338.996|338.996
11|321.881|321.881
12|304.808|304.808
13|289.188|289.188
14|273.759|273.759
15|258.354|258.354
16|243.439|243.439
17|228.757|228.757
18|214.624|214.624
19|201.726|201.726
20|190.869|190.869
21|181.899|181.899
22|173.276|173.276
23|165.112|165.112
24|156.999|156.999
25|148.955|148.955
26|141.63|141.63
27|134.853|134.853
28|128.447|128.447
29|122.468|122.468
30|116.514|116.514
31|111.116|111.116
32|107.373|107.373
33|103.897|103.897
34|100.697|100.697
35|97.8426|97.8426
36|95.1131|95.1131
37|92.8327|92.8327
38|91.1402|91.1402
39|89.4911|89.4911
40|88.0005|88.0005
41|86.5433|86.5433
42|85.217|85.217
43|84.1221|84.1221
44|83.2044|83.2044
45|82.3456|82.3456
46|81.5327|81.5327
47|80.7393|80.7393
48|80.0684|80.0684
49|79.4007|79.4007
50|78.7554|78.7554
51|78.1259|78.1259
52|77.5501|77.5501
53|76.9798|76.9798
54|76.5241|76.5241
55|76.1222|76.1222
56|75.7882|75.7882
57|75.4829|75.4829
58|75.1891|75.1891
59|74.9029|74.9029
60|74.6185|74.6185
61|74.3827|74.3827
62|74.1515|74.1515
63|73.9545|73.9545
64|73.7679|73.7679
65|73.5845|73.5845
66|73.4057|73.4057
67|73.2271|73.2271
68|73.0549|73.0549
69|72.9144|72.9144
70|72.7744|72.7744
71|72.653|72.653
72|72.5367|72.5367
73|72.4576|72.4576
74|72.3801|72.3801
75|72.3031|72.3031
76|72.2266|72.2266
77|72.1515|72.1515
78|72.0822|72.0822
79|72.0136|72.0136
80|71.9454|71.9454
81|71.8864|71.8864
82|71.8296|71.8296
83|71.7833|71.7833
84|71.7383|71.7383
85|71.6989|71.6989
86|71.6609|71.6609
87|71.6238|71.6238
88|71.5878|71.5878
89|71.5539|71.5539
90|71.5201|71.5201
91|71.4865|71.4865
92|71.453|71.453
93|71.4196|71.4196
94|71.3894|71.3894
95|71.3622|71.3622
96|71.3388|71.3388
97|71.3209|71.3209
98|71.303|71.303
99|71.2853|71.2853
100|71.2676|71.2676
101|71.2509|71.2509
102|71.2342|71.2342
103|71.2175|71.2175
104|71.2009|71.2009
105|71.1842|71.1842
106|71.1696|71.1696
107|71.156|71.156
108|71.1433|71.1433
109|71.131|71.131
110|71.1222|71.1222
111|71.1135|71.1135
112|71.1048|71.1048
113|71.0961|71.0961
114|71.0877|71.0877
115|71.0794|71.0794
116|71.0711|71.0711
117|71.0628|71.0628
118|71.0545|71.0545
119|71.0462|71.0462
120|71.0382|71.0382
121|71.0306|71.0306
122|71.0249|71.0249
123|71.0193|71.0193
124|71.014|71.014
125|71.0096|71.0096
126|71.0053|71.0053
127|71.001|71.001
128|70.9967|70.9967
129|70.9925|70.9925
130|70.9884|70.9884
131|70.9843|70.9843
132|70.9801|70.9801
133|70.976|70.976
134|70.9719|70.9719
135|70.9682|70.9682
136|70.9646|70.9646
137|70.9612|70.9612
138|70.9581|70.9581
139|70.955|70.955
140|70.952|70.952
141|70.9489|70.9489
142|70.9462|70.9462
143|70.9436|70.9436
144|70.9414|70.9414
145|70.9392|70.9392
146|70.9371|70.9371
147|70.9349|70.9349
148|70.9329|70.9329
149|70.9308|70.9308
150|70.9287|70.9287
151|70.9272|70.9272
152|70.9258|70.9258
153|70.9245|70.9245
154|70.9235|70.9235
155|70.9224|70.9224
156|70.9214|70.9214
157|70.9204|70.9204
158|70.9193|70.9193
159|70.9185|70.9185
160|70.9176|70.9176
161|70.9168|70.9168
162|70.9161|70.9161
163|70.9155|70.9155
164|70.9148|70.9148
165|70.9142|70.9142
166|70.9136|70.9136
167|70.913|70.913
168|70.9125|70.9125
169|70.9119|70.9119
170|70.9114|70.9114
171|70.9109|70.9109
172|70.9103|70.9103
173|70.9098|70.9098
174|70.9093|70.9093
175|70.9088|70.9088
176|70.9085|70.9085
177|70.9081|70.9081
178|70.9078|70.9078
179|70.9075|70.9075
180|70.9072|70.9072
181|70.9069|70.9069
182|70.9066|70.9066
183|70.9064|70.9064
184|70.9062|70.9062
185|70.906|70.906
186|70.9058|70.9058
187|70.9056|70.9056
188|70.9054|70.9054
189|70.9053|70.9053
190|70.9051|70.9051
191|70.905|70.905
192|70.9049|70.9049
193|70.9048|70.9048
194|70.9048|70.9048
195|70.9047|70.9047
196|70.9047|70.9047
197|70.9046|70.9046
198|70.9046|70.9046
199|70.9045|70.9045
200|70.9045|70.9045
201|70.9045|70.9045
202|70.9044|70.9044
203|70.9044|70.9044
204|70.9044|70.9044
205|70.9044|70.9044
206|70.9044|70.9044
207|70.9044|70.9044
208|70.9044|70.9044
209|70.9043|70.9043
210|70.9043|70.9043
211|70.9043|70.9043
212|70.9043|70.9043
213|70.9043|70.9043
214|70.9043|70.9043
215|70.9043|70.9043
216|70.9043|70.9043
217|70.9043|70.9043
218|70.9043|70.9043
219|70.9043|70.9043
220|70.9043|70.9043
221|70.9043|70.9043
222|70.9043|70.9043
223|70.9043|70.9043
224|70.9043|70.9043
225|70.9043|70.9043
226|70.9043|70.9043
227|70.9043|70.9043
228|70.9043|70.9043
229|70.9043|70.9043
230|70.9043|70.9043
231|70.9043|70.9043
232|70.9043|70.9043
233|70.9043|70.9043
234|70.9043|70.9043
235|70.9043|70.9043
236|70.9043|70.9043
237|70.9043|70.9043
238|70.9043|70.9043
239|70.9043|70.9043
240|70.9043|70.9043
241|70.9043|70.9043
242|70.9043|70.9043
243|70.9043|70.9043
244|70.9043|70.9043
245|70.9043|70.9043
246|70.9043|70.9043
247|70.9043|70.9043
248|70.9043|70.9043
249|70.9043|70.9043
250|70.9043|70.9043
251|70.9043|70.9043
252|70.9043|70.9043
253|70.9043|70.9043
254|70.9043|70.9043
255|70.9043|70.9043
256|70.9043|70.9043
257|70.9043|70.9043
258|70.9043|70.9043
259|70.9043|70.9043
260|70.9043|70.9043
261|70.9043|70.9043
262|70.9043|70.9043
263|70.9043|70.9043
264|70.9043|70.9043
265|70.9043|70.9043
266|70.9043|70.9043
267|70.9043|70.9043
268|70.9043|70.9043
269|70.9043|70.9043
270|70.9043|70.9043
271|70.9043|70.9043
272|70.9043|70.9043
273|70.9043|70.9043
274|70.9043|70.9043
275|70.9043|70.9043
276|70.9043|70.9043
277|70.9043|70.9043
278|70.9043|70.9043
279|70.9043|70.9043
280|70.9043|70.9043
281|70.9043|70.9043
282|70.9043|70.9043
283|70.9043|70.9043
284|70.9043|70.9043
285|70.9043|70.9043
286|70.9043|70.9043
287|70.9043|70.9043
288|70.9043|70.9043
289|70.9043|70.9043
290|70.9043|70.9043
291|70.9043|70.9043
292|70.9043|70.9043
293|70.9043|70.9043
294|70.9043|70.9043
295|70.9043|70.9043
296|70.9043|70.9043
297|70.9043|70.9043
298|70.9043|70.9043
299|70.9043|70.9043
300|70.9043|70.9043
301|70.9043|70.9043
302|70.9043|70.9043
303|70.9043|70.9043
304|70.9043|70.9043
305|70.9043|70.9043
306|70.9043|70.9043
307|70.9043|70.9043
308|70.9043|70.9043
309|70.9043|70.9043
310|70.9043|70.9043
311|70.9043|70.9043
312|70.9043|70.9043
313|70.9043|70.9043
314|70.9043|70.9043
315|70.9043|70.9043
316|70.9043|70.9043
317|70.9043|70.9043
318|70.9043|70.9043
319|70.9043|70.9043
320|70.9043|70.9043
321|70.9043|70.9043
322|70.9043|70.9043
323|70.9043|70.9043
324|70.9043|70.9043
325|70.9043|70.9043
326|70.9043|70.9043
327|70.9043|70.9043
328|70.9043|70.9043
329|70.9043|70.9043
330|70.9043|70.9043
331|70.9043|70.9043
332|70.9043|70.9043
333|70.9043|70.9043
334|70.9043|70.9043
335|70.9043|70.9043
336|70.9043|70.9043
337|70.9043|70.9043
338|70.9043|70.9043
339|70.9043|70.9043
340|70.9043|70.9043
341|70.9043|70.9043
342|70.9043|70.9043
343|70.9043|70.9043
344|70.9043|70.9043
345|70.9043|70.9043
346|70.9043|70.9043
347|70.9043|70.9043
348|70.9043|70.9043
349|70.9043|70.9043
350|70.9043|70.9043
351|70.9043|70.9043
352|70.9043|70.9043
353|70.9043|70.9043
354|70.9043|70.9043
355|70.9043|70.9043
356|70.9043|70.9043
357|70.9043|70.9043
358|70.9043|70.9043
359|70.9043|70.9043
360|70.9043|70.9043
361|70.9043|70.9043
EARLY STOP: TARGET FOUND
4128743ms
