1|140.541|140.541
2|119.637|119.637
3|104.579|104.579
4|92.3717|92.3717
5|80.9876|80.9876
6|71.2694|71.2694
7|62.1|62.1
8|55.2362|55.2362
9|47.506|47.506
10|45.5776|45.5776
11|42.6759|42.6759
12|40.8432|40.8432
13|39.2371|39.2371
14|37.7948|37.7948
15|36.8692|36.8692
16|35.9974|35.9974
17|35.2656|35.2656
18|34.6095|34.6095
19|33.9977|33.9977
20|29.6332|29.6332
21|29.1683|29.1683
22|28.841|28.841
23|24.1564|24.1564
24|21.5972|21.5972
25|21.4023|21.4023
26|21.2405|21.2405
27|21.097|21.097
28|20.9633|20.9633
29|20.8893|20.8893
30|20.8208|20.8208
31|20.7624|20.7624
32|20.729|20.729
33|20.6974|20.6974
34|20.6784|20.6784
35|20.6608|20.6608
36|20.6432|20.6432
37|20.6289|20.6289
38|20.6186|20.6186
39|20.6095|20.6095
40|20.6008|20.6008
41|20.5965|20.5965
42|20.5922|20.5922
43|20.588|20.588
44|20.5846|20.5846
45|20.5824|20.5824
46|20.5804|20.5804
47|20.5786|20.5786
48|20.5776|20.5776
49|20.5765|20.5765
50|20.5755|20.5755
51|20.5746|20.5746
52|20.5738|20.5738
53|20.573|20.573
54|20.5724|20.5724
55|20.5719|20.5719
56|20.5716|20.5716
57|20.5714|20.5714
58|20.5712|20.5712
59|20.571|20.571
60|20.5709|20.5709
61|20.5707|20.5707
62|20.5706|20.5706
63|20.5705|20.5705
64|20.5705|20.5705
65|20.5704|20.5704
66|20.5704|20.5704
67|20.5704|20.5704
68|20.5704|20.5704
69|20.5704|20.5704
70|20.5704|20.5704
71|20.5704|20.5704
72|20.5704|20.5704
73|20.5704|20.5704
74|20.5704|20.5704
75|20.5704|20.5704
76|20.5704|20.5704
77|20.5704|20.5704
78|20.5704|20.5704
79|20.5704|20.5704
80|20.5704|20.5704
81|20.5704|20.5704
82|20.5704|20.5704
83|20.5704|20.5704
84|20.5704|20.5704
85|20.5704|20.5704
86|20.5704|20.5704
87|20.5704|20.5704
88|20.5704|20.5704
89|20.5704|20.5704
90|20.5704|20.5704
91|20.5704|20.5704
92|20.5704|20.5704
93|20.5704|20.5704
94|20.5704|20.5704
95|20.5704|20.5704
96|20.5704|20.5704
97|20.5704|20.5704
98|20.5704|20.5704
99|20.5704|20.5704
100|20.5704|20.5704
101|20.5704|20.5704
102|20.5704|20.5704
103|20.5704|20.5704
104|20.5704|20.5704
105|20.5704|20.5704
106|20.5704|20.5704
107|20.5704|20.5704
108|20.5704|20.5704
109|20.5704|20.5704
110|20.5704|20.5704
111|20.5704|20.5704
112|20.5704|20.5704
113|20.5704|20.5704
114|20.5704|20.5704
115|20.5704|20.5704
116|20.5704|20.5704
117|20.5704|20.5704
118|20.5704|20.5704
119|20.5704|20.5704
120|20.5704|20.5704
121|20.5704|20.5704
122|20.5704|20.5704
123|20.5704|20.5704
124|20.5704|20.5704
125|20.5704|20.5704
126|20.5704|20.5704
127|20.5704|20.5704
128|20.5704|20.5704
129|20.5704|20.5704
130|20.5704|20.5704
131|20.5704|20.5704
132|20.5704|20.5704
133|20.5704|20.5704
134|20.5704|20.5704
135|20.5704|20.5704
136|20.5704|20.5704
137|20.5704|20.5704
138|20.5704|20.5704
139|20.5704|20.5704
140|20.5704|20.5704
141|20.5704|20.5704
142|20.5704|20.5704
143|20.5704|20.5704
144|20.5704|20.5704
145|20.5704|20.5704
146|20.5704|20.5704
147|20.5704|20.5704
148|20.5704|20.5704
149|20.5704|20.5704
150|20.5704|20.5704
151|20.5704|20.5704
152|20.5704|20.5704
153|20.5704|20.5704
154|20.5704|20.5704
155|20.5704|20.5704
156|20.5704|20.5704
157|20.5704|20.5704
158|20.5704|20.5704
159|20.5704|20.5704
160|20.5704|20.5704
161|20.5704|20.5704
162|20.5704|20.5704
163|20.5704|20.5704
164|20.5704|20.5704
165|20.5704|20.5704
166|20.5704|20.5704
167|20.5704|20.5704
168|20.5704|20.5704
169|20.5704|20.5704
170|20.5704|20.5704
171|20.5704|20.5704
172|20.5704|20.5704
173|20.5704|20.5704
174|20.5704|20.5704
175|20.5704|20.5704
176|20.5704|20.5704
177|20.5704|20.5704
178|20.5704|20.5704
179|20.5704|20.5704
180|20.5704|20.5704
181|20.5704|20.5704
182|20.5704|20.5704
183|20.5704|20.5704
184|20.5704|20.5704
185|20.5704|20.5704
186|20.5704|20.5704
187|20.5704|20.5704
188|20.5704|20.5704
189|20.5704|20.5704
190|20.5704|20.5704
191|20.5704|20.5704
192|20.5704|20.5704
193|20.5704|20.5704
194|20.5704|20.5704
195|20.5704|20.5704
196|20.5704|20.5704
197|20.5704|20.5704
198|20.5704|20.5704
199|20.5704|20.5704
200|20.5704|20.5704
201|20.5704|20.5704
202|20.5704|20.5704
203|20.5704|20.5704
204|20.5704|20.5704
205|20.5704|20.5704
206|20.5704|20.5704
207|20.5704|20.5704
208|20.5704|20.5704
209|20.5704|20.5704
210|20.5704|20.5704
211|20.5704|20.5704
212|20.5704|20.5704
213|20.5704|20.5704
214|20.5704|20.5704
215|20.5704|20.5704
216|20.5704|20.5704
217|20.5704|20.5704
218|20.5704|20.5704
219|20.5704|20.5704
220|20.5704|20.5704
221|20.5704|20.5704
222|20.5704|20.5704
EARLY STOP: TARGET FOUND
309841ms
