1|526.511|526.511
2|498.254|498.254
3|471.777|471.777
4|446.925|446.925
5|427.691|427.691
6|409.654|409.654
7|391.689|391.689
8|374.69|374.69
9|358.004|358.004
10|341.84|341.84
11|326.248|326.248
12|311.227|311.227
13|298.226|298.226
14|285.52|285.52
15|273.423|273.423
16|261.583|261.583
17|251.167|251.167
18|241.808|241.808
19|232.961|232.961
20|224.174|224.174
21|215.544|215.544
22|207.17|207.17
23|198.92|198.92
24|188.389|188.389
25|180.235|180.235
26|169.632|169.632
27|162.106|162.106
28|155.382|155.382
29|148.727|148.727
30|142.345|142.345
31|131.968|131.968
32|126.153|126.153
33|121.107|121.107
34|116.631|116.631
35|112.568|112.568
36|109|109
37|105.527|105.527
38|102.528|102.528
39|99.7563|99.7563
40|97.5054|97.5054
41|95.4423|95.4423
42|93.5335|93.5335
43|91.7292|91.7292
44|90.0476|90.0476
45|88.376|88.376
46|86.8283|86.8283
47|85.3336|85.3336
48|83.8889|83.8889
49|83.2303|83.2303
50|82.5722|82.5722
51|81.9231|81.9231
52|81.3969|81.3969
53|80.8963|80.8963
54|80.4003|80.4003
55|79.9175|79.9175
56|79.4383|79.4383
57|78.9825|78.9825
58|78.6106|78.6106
59|78.252|78.252
60|77.8996|77.8996
61|77.5838|77.5838
62|77.2739|77.2739
63|76.9789|76.9789
64|76.6873|76.6873
65|76.4352|76.4352
66|76.2421|76.2421
67|76.0699|76.0699
68|75.9009|75.9009
69|75.7561|75.7561
70|75.612|75.612
71|75.4696|75.4696
72|75.3334|75.3334
73|75.2226|75.2226
74|74.4318|74.4318
75|70.2668|70.2668
76|70.167|70.167
77|70.0714|70.0714
78|69.9806|69.9806
79|69.8971|69.8971
80|69.8147|69.8147
81|69.7455|69.7455
82|69.6767|69.6767
83|69.6082|69.6082
84|69.5402|69.5402
85|69.5022|69.5022
86|69.4645|69.4645
87|69.4274|69.4274
88|69.3915|69.3915
89|69.3578|69.3578
90|69.3241|69.3241
91|69.2905|69.2905
92|69.2571|69.2571
93|69.23|69.23
94|69.2116|69.2116
95|69.1937|69.1937
96|69.176|69.176
97|69.1592|69.1592
98|69.1425|69.1425
99|69.1259|69.1259
100|69.1093|69.1093
101|69.1005|69.1005
102|69.0917|69.0917
103|69.0834|69.0834
104|69.0751|69.0751
105|69.0675|69.0675
106|69.0516|69.0516
107|69.0458|69.0458
108|69.0289|69.0289
109|69.0235|69.0235
110|69.0183|69.0183
111|69.0134|69.0134
112|68.9961|68.9961
113|68.9917|68.9917
114|68.9874|68.9874
115|68.9831|68.9831
116|68.9788|68.9788
117|68.9746|68.9746
118|68.9705|68.9705
119|68.9671|68.9671
120|68.9638|68.9638
121|68.9606|68.9606
122|68.9574|68.9574
123|68.9552|68.9552
124|68.953|68.953
125|68.9509|68.9509
126|68.9487|68.9487
127|68.9473|68.9473
128|68.9459|68.9459
129|68.9445|68.9445
130|68.9434|68.9434
131|68.9423|68.9423
132|68.9413|68.9413
133|68.9402|68.9402
134|68.9392|68.9392
135|68.9384|68.9384
136|68.9377|68.9377
137|68.937|68.937
138|68.9363|68.9363
139|68.9357|68.9357
140|68.9352|68.9352
141|68.9346|68.9346
142|68.9341|68.9341
143|68.9336|68.9336
144|68.9331|68.9331
145|68.9326|68.9326
146|68.9321|68.9321
147|68.9317|68.9317
148|68.9314|68.9314
149|68.9311|68.9311
150|68.9308|68.9308
151|68.9306|68.9306
152|68.9303|68.9303
153|68.9301|68.9301
154|68.9298|68.9298
155|68.9296|68.9296
156|68.9294|68.9294
157|68.9293|68.9293
158|68.9291|68.9291
159|68.929|68.929
160|68.9288|68.9288
161|68.9287|68.9287
162|68.9285|68.9285
163|68.9284|68.9284
164|68.9283|68.9283
165|68.9281|68.9281
166|68.928|68.928
167|68.9279|68.9279
168|68.9278|68.9278
169|68.9277|68.9277
170|68.9276|68.9276
171|68.9276|68.9276
172|68.9275|68.9275
173|68.9274|68.9274
174|68.9274|68.9274
175|68.9274|68.9274
176|68.9273|68.9273
177|68.9273|68.9273
178|68.9273|68.9273
179|68.9273|68.9273
180|68.9272|68.9272
181|68.9272|68.9272
182|68.9272|68.9272
183|68.9272|68.9272
184|68.9272|68.9272
185|68.9272|68.9272
186|68.9271|68.9271
187|68.9271|68.9271
188|68.9271|68.9271
189|68.9271|68.9271
190|68.9271|68.9271
191|68.9271|68.9271
192|68.9271|68.9271
193|68.9271|68.9271
194|68.9271|68.9271
195|68.9271|68.9271
196|68.9271|68.9271
197|68.9271|68.9271
198|68.9271|68.9271
199|68.9271|68.9271
200|68.9271|68.9271
201|68.9271|68.9271
202|68.9271|68.9271
203|68.9271|68.9271
204|68.9271|68.9271
205|68.9271|68.9271
206|68.9271|68.9271
207|68.9271|68.9271
208|68.9271|68.9271
209|68.9271|68.9271
210|68.9271|68.9271
211|68.9271|68.9271
212|68.9271|68.9271
213|68.9271|68.9271
214|68.9271|68.9271
215|68.9271|68.9271
216|68.9271|68.9271
217|68.9271|68.9271
218|68.9271|68.9271
219|68.9271|68.9271
220|68.9271|68.9271
221|68.9271|68.9271
222|68.9271|68.9271
223|68.9271|68.9271
224|68.9271|68.9271
225|68.9271|68.9271
226|68.9271|68.9271
227|68.9271|68.9271
228|68.9271|68.9271
229|68.9271|68.9271
230|68.9271|68.9271
231|68.9271|68.9271
232|68.9271|68.9271
233|68.9271|68.9271
234|68.9271|68.9271
235|68.9271|68.9271
236|68.9271|68.9271
237|68.9271|68.9271
238|68.9271|68.9271
239|68.9271|68.9271
240|68.9271|68.9271
241|68.9271|68.9271
242|68.9271|68.9271
243|68.9271|68.9271
244|68.9271|68.9271
245|68.9271|68.9271
246|68.9271|68.9271
247|68.9271|68.9271
248|68.9271|68.9271
249|68.9271|68.9271
250|68.9271|68.9271
251|68.9271|68.9271
252|68.9271|68.9271
253|68.9271|68.9271
254|68.9271|68.9271
255|68.9271|68.9271
256|68.9271|68.9271
257|68.9271|68.9271
258|68.9271|68.9271
259|68.9271|68.9271
260|68.9271|68.9271
261|68.9271|68.9271
262|68.9271|68.9271
263|68.9271|68.9271
264|68.9271|68.9271
265|68.9271|68.9271
266|68.9271|68.9271
267|68.9271|68.9271
268|68.9271|68.9271
269|68.9271|68.9271
270|68.9271|68.9271
271|68.9271|68.9271
272|68.9271|68.9271
273|68.9271|68.9271
274|68.9271|68.9271
275|68.9271|68.9271
276|68.9271|68.9271
277|68.9271|68.9271
278|68.9271|68.9271
279|68.9271|68.9271
280|68.9271|68.9271
281|68.9271|68.9271
282|68.9271|68.9271
283|68.9271|68.9271
284|68.9271|68.9271
285|68.9271|68.9271
286|68.9271|68.9271
287|68.9271|68.9271
288|68.9271|68.9271
289|68.9271|68.9271
290|68.9271|68.9271
291|68.9271|68.9271
292|68.9271|68.9271
293|68.9271|68.9271
294|68.9271|68.9271
295|68.9271|68.9271
296|68.9271|68.9271
297|68.9271|68.9271
298|68.9271|68.9271
299|68.9271|68.9271
300|68.9271|68.9271
301|68.9271|68.9271
302|68.9271|68.9271
303|68.9271|68.9271
304|68.9271|68.9271
305|68.9271|68.9271
306|68.9271|68.9271
307|68.9271|68.9271
308|68.9271|68.9271
309|68.9271|68.9271
310|68.9271|68.9271
311|68.9271|68.9271
312|68.9271|68.9271
313|68.9271|68.9271
314|68.9271|68.9271
315|68.9271|68.9271
316|68.9271|68.9271
317|68.9271|68.9271
318|68.9271|68.9271
319|68.9271|68.9271
320|68.9271|68.9271
321|68.9271|68.9271
322|68.9271|68.9271
323|68.9271|68.9271
324|68.9271|68.9271
325|68.9271|68.9271
326|68.9271|68.9271
327|68.9271|68.9271
328|68.9271|68.9271
329|68.9271|68.9271
330|68.9271|68.9271
331|68.9271|68.9271
332|68.9271|68.9271
333|68.9271|68.9271
334|68.9271|68.9271
335|68.9271|68.9271
336|68.9271|68.9271
337|68.9271|68.9271
EARLY STOP: TARGET FOUND
3859078ms
