1|-1344.26|-1344.26
2|-1801.26|-1801.26
3|-1951.9|-1951.9
4|-2077.31|-2077.31
5|-2187.25|-2187.25
6|-2274.02|-2274.02
7|-2543.77|-2543.77
8|-2611.75|-2611.75
9|-2678.46|-2678.46
10|-2729.37|-2729.37
11|-2778.69|-2778.69
12|-3138.67|-3138.67
13|-3187.08|-3187.08
14|-3217.7|-3217.7
15|-3236.88|-3236.88
16|-3254.72|-3254.72
17|-3265.8|-3265.8
18|-3275.5|-3275.5
19|-3284.31|-3284.31
20|-3289.76|-3289.76
21|-3294.13|-3294.13
22|-3298.38|-3298.38
23|-3301.15|-3301.15
24|-3303.36|-3303.36
25|-3305.54|-3305.54
26|-3307.58|-3307.58
27|-3308.95|-3308.95
28|-3310.25|-3310.25
29|-3310.88|-3310.88
30|-3311.18|-3311.18
31|-3311.44|-3311.44
32|-3311.63|-3311.63
33|-3311.81|-3311.81
34|-3311.97|-3311.97
35|-3312.06|-3312.06
36|-3312.14|-3312.14
37|-3312.21|-3312.21
38|-3312.24|-3312.24
39|-3312.27|-3312.27
40|-3312.29|-3312.29
41|-3312.31|-3312.31
42|-3312.33|-3312.33
43|-3312.34|-3312.34
44|-3312.35|-3312.35
45|-3312.36|-3312.36
46|-3312.37|-3312.37
47|-3312.38|-3312.38
48|-3312.38|-3312.38
49|-3312.39|-3312.39
50|-3312.39|-3312.39
51|-3312.4|-3312.4
52|-3312.4|-3312.4
53|-3312.4|-3312.4
54|-3312.41|-3312.41
55|-3312.41|-3312.41
56|-3312.41|-3312.41
57|-3312.41|-3312.41
58|-3312.41|-3312.41
59|-3312.41|-3312.41
60|-3312.41|-3312.41
61|-3312.41|-3312.41
62|-3312.41|-3312.41
63|-3312.41|-3312.41
64|-3312.41|-3312.41
65|-3312.41|-3312.41
66|-3312.41|-3312.41
67|-3312.41|-3312.41
68|-3312.41|-3312.41
69|-3312.41|-3312.41
70|-3312.41|-3312.41
71|-3312.41|-3312.41
72|-3312.41|-3312.41
73|-3312.41|-3312.41
74|-3312.41|-3312.41
75|-3312.41|-3312.41
76|-3312.41|-3312.41
77|-3312.41|-3312.41
78|-3312.41|-3312.41
79|-3312.41|-3312.41
80|-3312.41|-3312.41
81|-3312.41|-3312.41
82|-3312.41|-3312.41
83|-3312.41|-3312.41
84|-3312.41|-3312.41
85|-3312.41|-3312.41
86|-3312.41|-3312.41
87|-3312.41|-3312.41
88|-3312.41|-3312.41
89|-3312.41|-3312.41
90|-3312.41|-3312.41
91|-3312.41|-3312.41
92|-3312.41|-3312.41
93|-3312.41|-3312.41
94|-3312.41|-3312.41
95|-3312.41|-3312.41
96|-3312.41|-3312.41
97|-3312.41|-3312.41
98|-3312.41|-3312.41
99|-3312.41|-3312.41
100|-3312.41|-3312.41
101|-3312.41|-3312.41
102|-3312.41|-3312.41
103|-3312.41|-3312.41
104|-3312.41|-3312.41
105|-3312.41|-3312.41
106|-3312.41|-3312.41
107|-3312.41|-3312.41
108|-3312.41|-3312.41
109|-3312.41|-3312.41
110|-3312.41|-3312.41
111|-3312.41|-3312.41
112|-3312.41|-3312.41
113|-3312.41|-3312.41
114|-3312.41|-3312.41
115|-3312.41|-3312.41
116|-3312.41|-3312.41
117|-3312.41|-3312.41
118|-3312.41|-3312.41
119|-3312.41|-3312.41
120|-3312.41|-3312.41
121|-3312.41|-3312.41
122|-3312.41|-3312.41
123|-3312.41|-3312.41
124|-3312.41|-3312.41
125|-3312.41|-3312.41
126|-3312.41|-3312.41
127|-3312.41|-3312.41
128|-3312.41|-3312.41
129|-3312.41|-3312.41
130|-3312.41|-3312.41
131|-3312.41|-3312.41
132|-3312.41|-3312.41
133|-3312.41|-3312.41
134|-3312.41|-3312.41
135|-3312.41|-3312.41
136|-3312.41|-3312.41
137|-3312.41|-3312.41
138|-3312.41|-3312.41
139|-3312.41|-3312.41
140|-3312.41|-3312.41
141|-3312.41|-3312.41
142|-3312.41|-3312.41
143|-3312.41|-3312.41
144|-3312.41|-3312.41
145|-3312.41|-3312.41
146|-3312.41|-3312.41
147|-3312.41|-3312.41
148|-3312.41|-3312.41
149|-3312.41|-3312.41
150|-3312.41|-3312.41
151|-3312.41|-3312.41
152|-3312.41|-3312.41
153|-3312.41|-3312.41
154|-3312.41|-3312.41
155|-3312.41|-3312.41
156|-3312.41|-3312.41
157|-3312.41|-3312.41
158|-3312.41|-3312.41
159|-3312.41|-3312.41
160|-3312.41|-3312.41
161|-3312.41|-3312.41
162|-3312.41|-3312.41
163|-3312.41|-3312.41
164|-3312.41|-3312.41
165|-3312.41|-3312.41
166|-3312.41|-3312.41
167|-3312.41|-3312.41
168|-3312.41|-3312.41
169|-3312.41|-3312.41
170|-3312.41|-3312.41
171|-3312.41|-3312.41
172|-3312.41|-3312.41
173|-3312.41|-3312.41
174|-3312.41|-3312.41
175|-3312.41|-3312.41
176|-3312.41|-3312.41
177|-3312.41|-3312.41
178|-3312.41|-3312.41
179|-3312.41|-3312.41
180|-3312.41|-3312.41
181|-3312.41|-3312.41
182|-3312.41|-3312.41
183|-3312.41|-3312.41
184|-3312.41|-3312.41
185|-3312.41|-3312.41
186|-3312.41|-3312.41
187|-3312.41|-3312.41
188|-3312.41|-3312.41
189|-3312.41|-3312.41
190|-3312.41|-3312.41
191|-3312.41|-3312.41
192|-3312.41|-3312.41
193|-3312.41|-3312.41
194|-3312.41|-3312.41
195|-3312.41|-3312.41
196|-3312.41|-3312.41
197|-3312.41|-3312.41
198|-3312.41|-3312.41
199|-3312.41|-3312.41
200|-3312.41|-3312.41
201|-3312.41|-3312.41
202|-3312.41|-3312.41
203|-3312.41|-3312.41
204|-3312.41|-3312.41
205|-3312.41|-3312.41
206|-3312.41|-3312.41
207|-3312.41|-3312.41
208|-3312.41|-3312.41
209|-3312.41|-3312.41
210|-3312.41|-3312.41
211|-3312.41|-3312.41
212|-3312.41|-3312.41
213|-3312.41|-3312.41
214|-3312.41|-3312.41
215|-3312.41|-3312.41
216|-3312.41|-3312.41
EARLY STOP: TARGET FOUND
438381ms
