1|162.567|162.567
2|133.968|133.968
3|110.058|110.058
4|87.4125|87.4125
5|70.3248|70.3248
6|56.1615|56.1615
7|45.4599|45.4599
8|40.0327|40.0327
9|35.3602|35.3602
10|26.9976|26.9976
11|23.3702|23.3702
12|21.8081|21.8081
13|20.3972|20.3972
14|19.3095|19.3095
15|18.4473|18.4473
16|17.677|17.677
17|17.0036|17.0036
18|16.4989|16.4989
19|16.0697|16.0697
20|15.7557|15.7557
21|15.5229|15.5229
22|15.3209|15.3209
23|15.1394|15.1394
24|14.9809|14.9809
25|14.8364|14.8364
26|14.7599|14.7599
27|14.6908|14.6908
28|14.6229|14.6229
29|14.5795|14.5795
30|14.5375|14.5375
31|14.5038|14.5038
32|14.4757|14.4757
33|14.454|14.454
34|14.4364|14.4364
35|14.4197|14.4197
36|14.4115|14.4115
37|14.4044|14.4044
38|14.3983|14.3983
39|14.3922|14.3922
40|14.3869|14.3869
41|14.3826|14.3826
42|14.3783|14.3783
43|14.3743|14.3743
44|14.3721|14.3721
45|14.3707|14.3707
46|14.3697|14.3697
47|14.3686|14.3686
48|14.3679|14.3679
49|14.3673|14.3673
50|14.3668|14.3668
51|14.3663|14.3663
52|14.3659|14.3659
53|14.3656|14.3656
54|14.3653|14.3653
55|14.3651|14.3651
56|14.365|14.365
57|14.365|14.365
58|14.3649|14.3649
59|14.3649|14.3649
60|14.3649|14.3649
61|14.3649|14.3649
62|14.3648|14.3648
63|14.3648|14.3648
64|14.3648|14.3648
65|14.3648|14.3648
66|14.3648|14.3648
67|14.3648|14.3648
68|14.3648|14.3648
69|14.3648|14.3648
70|14.3648|14.3648
71|14.3648|14.3648
72|14.3648|14.3648
73|14.3648|14.3648
74|14.3648|14.3648
75|14.3648|14.3648
76|14.3648|14.3648
77|14.3648|14.3648
78|14.3648|14.3648
79|14.3648|14.3648
80|14.3648|14.3648
81|14.3648|14.3648
82|14.3648|14.3648
83|14.3648|14.3648
84|14.3648|14.3648
85|14.3648|14.3648
86|14.3648|14.3648
87|14.3648|14.3648
88|14.3648|14.3648
89|14.3648|14.3648
90|14.3648|14.3648
91|14.3648|14.3648
92|14.3648|14.3648
93|14.3648|14.3648
94|14.3648|14.3648
95|14.3648|14.3648
96|14.3648|14.3648
97|14.3648|14.3648
98|14.3648|14.3648
99|14.3648|14.3648
100|14.3648|14.3648
101|14.3648|14.3648
102|14.3648|14.3648
103|14.3648|14.3648
104|14.3648|14.3648
105|14.3648|14.3648
106|14.3648|14.3648
107|14.3648|14.3648
108|14.3648|14.3648
109|14.3648|14.3648
110|14.3648|14.3648
111|14.3648|14.3648
112|14.3648|14.3648
113|14.3648|14.3648
114|14.3648|14.3648
115|14.3648|14.3648
116|14.3648|14.3648
117|14.3648|14.3648
118|14.3648|14.3648
119|14.3648|14.3648
120|14.3648|14.3648
121|14.3648|14.3648
122|14.3648|14.3648
123|14.3648|14.3648
124|14.3648|14.3648
125|14.3648|14.3648
126|14.3648|14.3648
127|14.3648|14.3648
128|14.3648|14.3648
129|14.3648|14.3648
130|14.3648|14.3648
131|14.3648|14.3648
132|14.3648|14.3648
133|14.3648|14.3648
134|14.3648|14.3648
135|14.3648|14.3648
136|14.3648|14.3648
137|14.3648|14.3648
138|14.3648|14.3648
139|14.3648|14.3648
140|14.3648|14.3648
141|14.3648|14.3648
142|14.3648|14.3648
143|14.3648|14.3648
144|14.3648|14.3648
145|14.3648|14.3648
146|14.3648|14.3648
147|14.3648|14.3648
148|14.3648|14.3648
149|14.3648|14.3648
150|14.3648|14.3648
151|14.3648|14.3648
152|14.3648|14.3648
153|14.3648|14.3648
154|14.3648|14.3648
155|14.3648|14.3648
156|14.3648|14.3648
157|14.3648|14.3648
158|14.3648|14.3648
159|14.3648|14.3648
160|14.3648|14.3648
161|14.3648|14.3648
162|14.3648|14.3648
163|14.3648|14.3648
164|14.3648|14.3648
165|14.3648|14.3648
166|14.3648|14.3648
167|14.3648|14.3648
168|14.3648|14.3648
169|14.3648|14.3648
170|14.3648|14.3648
171|14.3648|14.3648
172|14.3648|14.3648
173|14.3648|14.3648
174|14.3648|14.3648
175|14.3648|14.3648
176|14.3648|14.3648
177|14.3648|14.3648
178|14.3648|14.3648
179|14.3648|14.3648
180|14.3648|14.3648
181|14.3648|14.3648
182|14.3648|14.3648
183|14.3648|14.3648
184|14.3648|14.3648
185|14.3648|14.3648
186|14.3648|14.3648
187|14.3648|14.3648
188|14.3648|14.3648
189|14.3648|14.3648
190|14.3648|14.3648
191|14.3648|14.3648
192|14.3648|14.3648
193|14.3648|14.3648
194|14.3648|14.3648
195|14.3648|14.3648
196|14.3648|14.3648
197|14.3648|14.3648
198|14.3648|14.3648
199|14.3648|14.3648
200|14.3648|14.3648
201|14.3648|14.3648
202|14.3648|14.3648
203|14.3648|14.3648
204|14.3648|14.3648
205|14.3648|14.3648
206|14.3648|14.3648
207|14.3648|14.3648
208|14.3648|14.3648
209|14.3648|14.3648
210|14.3648|14.3648
211|14.3648|14.3648
212|14.3648|14.3648
213|14.3648|14.3648
214|14.3648|14.3648
215|14.3648|14.3648
216|14.3648|14.3648
EARLY STOP: TARGET FOUND
315479ms
