1|38.6477|38.6477
2|26.1924|26.1924
3|18.0561|18.0561
4|10.2649|10.2649
5|7.07621|7.07621
6|5.84913|5.84913
7|4.71469|4.71469
8|3.64889|3.64889
9|2.75482|2.75482
10|2.00532|2.00532
11|1.69898|1.69898
12|1.41382|1.41382
13|1.1538|1.1538
14|0.9281|0.9281
15|0.712852|0.712852
16|0.573018|0.573018
17|0.496647|0.496647
18|0.42333|0.42333
19|0.35755|0.35755
20|0.298176|0.298176
21|0.244969|0.244969
22|0.193214|0.193214
23|0.157162|0.157162
24|0.124501|0.124501
25|0.0936777|0.0936777
26|0.0746925|0.0746925
27|0.0572339|0.0572339
28|0.043544|0.043544
29|0.0330572|0.0330572
30|0.0256533|0.0256533
31|0.018976|0.018976
32|0.0142834|0.0142834
33|0.0103541|0.0103541
34|0.00727477|0.00727477
EARLY STOP: TARGET FOUND
47456ms
