1|530.176|530.176
2|508.952|508.952
3|487.844|487.844
4|468.039|468.039
5|448.321|448.321
6|430.594|430.594
7|413.083|413.083
8|395.757|395.757
9|378.949|378.949
10|362.356|362.356
11|346.004|346.004
12|329.836|329.836
13|313.872|313.872
14|298.011|298.011
15|282.773|282.773
16|268.103|268.103
17|253.615|253.615
18|239.21|239.21
19|224.853|224.853
20|213.048|213.048
21|201.805|201.805
22|190.61|190.61
23|180.295|180.295
24|172.102|172.102
25|164.212|164.212
26|156.578|156.578
27|149.089|149.089
28|141.838|141.838
29|134.816|134.816
30|128.078|128.078
31|122.284|122.284
32|117.016|117.016
33|112.279|112.279
34|108.371|108.371
35|104.572|104.572
36|100.964|100.964
37|97.385|97.385
38|94.2011|94.2011
39|91.2567|91.2567
40|88.8482|88.8482
41|86.636|86.636
42|84.4299|84.4299
43|82.6641|82.6641
44|80.9745|80.9745
45|79.6897|79.6897
46|78.4861|78.4861
47|74.7806|74.7806
48|73.6911|73.6911
49|72.8325|72.8325
50|72.1353|72.1353
51|71.4661|71.4661
52|70.8022|70.8022
53|70.1678|70.1678
54|69.5383|69.5383
55|69.0038|69.0038
56|68.5575|68.5575
57|68.1248|68.1248
58|67.7385|67.7385
59|67.3619|67.3619
60|66.9877|66.9877
61|66.6349|66.6349
62|66.3291|66.3291
63|66.0439|66.0439
64|65.8075|65.8075
65|65.5756|65.5756
66|65.3673|65.3673
67|65.1557|65.1557
68|64.96|64.96
69|64.7682|64.7682
70|64.577|64.577
71|64.4096|64.4096
72|64.2493|64.2493
73|64.1062|64.1062
74|63.974|63.974
75|63.8789|63.8789
76|63.7956|63.7956
77|63.7148|63.7148
78|63.6369|63.6369
79|63.5666|63.5666
80|63.4982|63.4982
81|63.4302|63.4302
82|63.3708|63.3708
83|63.3137|63.3137
84|63.2622|63.2622
85|63.2108|63.2108
86|63.164|63.164
87|63.1255|63.1255
88|63.0878|63.0878
89|63.052|63.052
90|63.0176|63.0176
91|62.9879|62.9879
92|62.9621|62.9621
93|62.9387|62.9387
94|62.9207|62.9207
95|62.9041|62.9041
96|62.8874|62.8874
97|62.8725|62.8725
98|62.8588|62.8588
99|62.8464|62.8464
100|62.8347|62.8347
101|62.8242|62.8242
102|62.8155|62.8155
103|62.8067|62.8067
104|62.7981|62.7981
105|62.7898|62.7898
106|62.7815|62.7815
107|62.7753|62.7753
108|62.7694|62.7694
109|62.7651|62.7651
110|62.7607|62.7607
111|62.7564|62.7564
112|62.7523|62.7523
113|62.7486|62.7486
114|62.7452|62.7452
115|62.7421|62.7421
116|62.7391|62.7391
117|62.7361|62.7361
118|62.7332|62.7332
119|62.7304|62.7304
120|62.7277|62.7277
121|62.7254|62.7254
122|62.7232|62.7232
123|62.7211|62.7211
124|62.7197|62.7197
125|62.7184|62.7184
126|62.7173|62.7173
127|62.7162|62.7162
128|62.7152|62.7152
129|62.7141|62.7141
130|62.7132|62.7132
131|62.7123|62.7123
132|62.7115|62.7115
133|62.7107|62.7107
134|62.71|62.71
135|62.7093|62.7093
136|62.7086|62.7086
137|62.708|62.708
138|62.7074|62.7074
139|62.7068|62.7068
140|62.7062|62.7062
141|62.7057|62.7057
142|62.7051|62.7051
143|62.7046|62.7046
144|62.7041|62.7041
145|62.7037|62.7037
146|62.7033|62.7033
147|62.703|62.703
148|62.7026|62.7026
149|62.7024|62.7024
150|62.7021|62.7021
151|62.7019|62.7019
152|62.7016|62.7016
153|62.7014|62.7014
154|62.7012|62.7012
155|62.701|62.701
156|62.7009|62.7009
157|62.7007|62.7007
158|62.7005|62.7005
159|62.7004|62.7004
160|62.7002|62.7002
161|62.7001|62.7001
162|62.7|62.7
163|62.6999|62.6999
164|62.6998|62.6998
165|62.6997|62.6997
166|62.6997|62.6997
167|62.6996|62.6996
168|62.6995|62.6995
169|62.6995|62.6995
170|62.6994|62.6994
171|62.6994|62.6994
172|62.6993|62.6993
173|62.6993|62.6993
174|62.6993|62.6993
175|62.6992|62.6992
176|62.6992|62.6992
177|62.6992|62.6992
178|62.6991|62.6991
179|62.6991|62.6991
180|62.6991|62.6991
181|62.6991|62.6991
182|62.6991|62.6991
183|62.6991|62.6991
184|62.699|62.699
185|62.699|62.699
186|62.699|62.699
187|62.699|62.699
188|62.699|62.699
189|62.699|62.699
190|62.699|62.699
191|62.699|62.699
192|62.6989|62.6989
193|62.6989|62.6989
194|62.6989|62.6989
195|62.6989|62.6989
196|62.6989|62.6989
197|62.6989|62.6989
198|62.6989|62.6989
199|62.6989|62.6989
200|62.6989|62.6989
201|62.6989|62.6989
202|62.6989|62.6989
203|62.6989|62.6989
204|62.6989|62.6989
205|62.6989|62.6989
206|62.6989|62.6989
207|62.6989|62.6989
208|62.6989|62.6989
209|62.6989|62.6989
210|62.6989|62.6989
211|62.6989|62.6989
212|62.6989|62.6989
213|62.6989|62.6989
214|62.6989|62.6989
215|62.6989|62.6989
216|62.6989|62.6989
217|62.6989|62.6989
218|62.6989|62.6989
219|62.6989|62.6989
220|62.6989|62.6989
221|62.6989|62.6989
222|62.6989|62.6989
223|62.6989|62.6989
224|62.6989|62.6989
225|62.6989|62.6989
226|62.6989|62.6989
227|62.6989|62.6989
228|62.6989|62.6989
229|62.6989|62.6989
230|62.6989|62.6989
231|62.6989|62.6989
232|62.6989|62.6989
233|62.6989|62.6989
234|62.6989|62.6989
235|62.6989|62.6989
236|62.6989|62.6989
237|62.6989|62.6989
238|62.6989|62.6989
239|62.6989|62.6989
240|62.6989|62.6989
241|62.6989|62.6989
242|62.6989|62.6989
243|62.6989|62.6989
244|62.6989|62.6989
245|62.6989|62.6989
246|62.6989|62.6989
247|62.6989|62.6989
248|62.6989|62.6989
249|62.6989|62.6989
250|62.6989|62.6989
251|62.6989|62.6989
252|62.6989|62.6989
253|62.6989|62.6989
254|62.6989|62.6989
255|62.6989|62.6989
256|62.6989|62.6989
257|62.6989|62.6989
258|62.6989|62.6989
259|62.6989|62.6989
260|62.6989|62.6989
261|62.6989|62.6989
262|62.6989|62.6989
263|62.6989|62.6989
264|62.6989|62.6989
265|62.6989|62.6989
266|62.6989|62.6989
267|62.6989|62.6989
268|62.6989|62.6989
269|62.6989|62.6989
270|62.6989|62.6989
271|62.6989|62.6989
272|62.6989|62.6989
273|62.6989|62.6989
274|62.6989|62.6989
275|62.6989|62.6989
276|62.6989|62.6989
277|62.6989|62.6989
278|62.6989|62.6989
279|62.6989|62.6989
280|62.6989|62.6989
281|62.6989|62.6989
282|62.6989|62.6989
283|62.6989|62.6989
284|62.6989|62.6989
285|62.6989|62.6989
286|62.6989|62.6989
287|62.6989|62.6989
288|62.6989|62.6989
289|62.6989|62.6989
290|62.6989|62.6989
291|62.6989|62.6989
292|62.6989|62.6989
293|62.6989|62.6989
294|62.6989|62.6989
295|62.6989|62.6989
296|62.6989|62.6989
297|62.6989|62.6989
298|62.6989|62.6989
299|62.6989|62.6989
300|62.6989|62.6989
301|62.6989|62.6989
302|62.6989|62.6989
303|62.6989|62.6989
304|62.6989|62.6989
305|62.6989|62.6989
306|62.6989|62.6989
307|62.6989|62.6989
308|62.6989|62.6989
309|62.6989|62.6989
310|62.6989|62.6989
311|62.6989|62.6989
312|62.6989|62.6989
313|62.6989|62.6989
314|62.6989|62.6989
315|62.6989|62.6989
316|62.6989|62.6989
317|62.6989|62.6989
318|62.6989|62.6989
319|62.6989|62.6989
320|62.6989|62.6989
321|62.6989|62.6989
322|62.6989|62.6989
323|62.6989|62.6989
324|62.6989|62.6989
325|62.6989|62.6989
326|62.6989|62.6989
327|62.6989|62.6989
328|62.6989|62.6989
329|62.6989|62.6989
330|62.6989|62.6989
331|62.6989|62.6989
332|62.6989|62.6989
333|62.6989|62.6989
334|62.6989|62.6989
335|62.6989|62.6989
336|62.6989|62.6989
337|62.6989|62.6989
338|62.6989|62.6989
339|62.6989|62.6989
340|62.6989|62.6989
341|62.6989|62.6989
342|62.6989|62.6989
343|62.6989|62.6989
EARLY STOP: TARGET FOUND
3919566ms
