1|-0.966899|-0.966899
2|-1.56972|-1.56972
3|-2.15702|-2.15702
4|-2.65154|-2.65154
5|-2.79717|-2.79717
6|-2.8489|-2.8489
7|-2.88823|-2.88823
8|-2.92068|-2.92068
9|-2.93904|-2.93904
10|-2.94353|-2.94353
11|-2.94578|-2.94578
12|-2.94691|-2.94691
13|-2.94787|-2.94787
14|-2.94849|-2.94849
15|-2.94905|-2.94905
16|-2.94952|-2.94952
17|-2.94988|-2.94988
18|-2.95017|-2.95017
19|-2.9504|-2.9504
20|-2.95048|-2.95048
21|-2.95051|-2.95051
22|-2.95055|-2.95055
23|-2.95058|-2.95058
24|-2.9506|-2.9506
25|-2.95062|-2.95062
26|-2.95063|-2.95063
27|-2.95064|-2.95064
28|-2.95064|-2.95064
29|-2.95064|-2.95064
30|-2.95064|-2.95064
31|-2.95064|-2.95064
32|-2.95064|-2.95064
33|-2.95064|-2.95064
34|-2.95064|-2.95064
35|-2.95064|-2.95064
36|-2.95064|-2.95064
37|-2.95064|-2.95064
38|-2.95064|-2.95064
39|-2.95064|-2.95064
40|-2.95064|-2.95064
41|-2.95064|-2.95064
42|-2.95064|-2.95064
43|-2.95064|-2.95064
44|-2.95064|-2.95064
45|-2.95064|-2.95064
46|-2.95064|-2.95064
47|-2.95064|-2.95064
48|-2.95064|-2.95064
49|-2.95064|-2.95064
50|-2.95064|-2.95064
51|-2.95064|-2.95064
52|-2.95064|-2.95064
53|-2.95064|-2.95064
54|-2.95064|-2.95064
55|-2.95064|-2.95064
56|-2.95064|-2.95064
57|-2.95064|-2.95064
58|-2.95064|-2.95064
59|-2.95064|-2.95064
60|-2.95064|-2.95064
61|-2.95064|-2.95064
62|-2.95064|-2.95064
63|-2.95064|-2.95064
64|-2.95064|-2.95064
65|-2.95064|-2.95064
66|-2.95064|-2.95064
67|-2.95064|-2.95064
68|-2.95064|-2.95064
69|-2.95064|-2.95064
70|-2.95064|-2.95064
71|-2.95064|-2.95064
72|-2.95064|-2.95064
73|-2.95064|-2.95064
74|-2.95064|-2.95064
75|-2.95064|-2.95064
76|-2.95064|-2.95064
77|-2.95064|-2.95064
78|-2.95064|-2.95064
79|-2.95064|-2.95064
80|-2.95064|-2.95064
81|-2.95064|-2.95064
82|-2.95064|-2.95064
83|-2.95064|-2.95064
84|-2.95064|-2.95064
85|-2.95064|-2.95064
86|-2.95064|-2.95064
87|-2.95064|-2.95064
88|-2.95064|-2.95064
89|-2.95064|-2.95064
90|-2.95064|-2.95064
91|-2.95064|-2.95064
92|-2.95064|-2.95064
93|-2.95064|-2.95064
94|-2.95064|-2.95064
95|-2.95064|-2.95064
96|-2.95064|-2.95064
97|-2.95064|-2.95064
98|-2.95064|-2.95064
99|-2.95064|-2.95064
100|-2.95064|-2.95064
101|-2.95064|-2.95064
102|-2.95064|-2.95064
103|-2.95064|-2.95064
104|-2.95064|-2.95064
105|-2.95064|-2.95064
106|-2.95064|-2.95064
107|-2.95064|-2.95064
108|-2.95064|-2.95064
109|-2.95064|-2.95064
110|-2.95064|-2.95064
111|-2.95064|-2.95064
112|-2.95064|-2.95064
113|-2.95064|-2.95064
114|-2.95064|-2.95064
115|-2.95064|-2.95064
116|-2.95064|-2.95064
117|-2.95064|-2.95064
118|-2.95064|-2.95064
119|-2.95064|-2.95064
120|-2.95064|-2.95064
121|-2.95064|-2.95064
122|-2.95064|-2.95064
123|-2.95064|-2.95064
124|-2.95064|-2.95064
125|-2.95064|-2.95064
126|-2.95064|-2.95064
127|-2.95064|-2.95064
128|-2.95064|-2.95064
129|-2.95064|-2.95064
130|-2.95064|-2.95064
131|-2.95064|-2.95064
132|-2.95064|-2.95064
133|-2.95064|-2.95064
134|-2.95064|-2.95064
135|-2.95064|-2.95064
136|-2.95064|-2.95064
137|-2.95064|-2.95064
138|-2.95064|-2.95064
139|-2.95064|-2.95064
140|-2.95064|-2.95064
141|-2.95064|-2.95064
142|-2.95064|-2.95064
143|-2.95064|-2.95064
144|-2.95064|-2.95064
145|-2.95064|-2.95064
146|-2.95064|-2.95064
147|-2.95064|-2.95064
148|-2.95064|-2.95064
149|-2.95064|-2.95064
150|-2.95064|-2.95064
151|-2.95064|-2.95064
152|-2.95064|-2.95064
153|-2.95064|-2.95064
154|-2.95064|-2.95064
155|-2.95064|-2.95064
156|-2.95064|-2.95064
157|-2.95064|-2.95064
158|-2.95064|-2.95064
159|-2.95064|-2.95064
160|-2.95064|-2.95064
161|-2.95064|-2.95064
162|-2.95064|-2.95064
163|-2.95064|-2.95064
164|-2.95064|-2.95064
165|-2.95064|-2.95064
166|-2.95064|-2.95064
167|-2.95064|-2.95064
168|-2.95064|-2.95064
169|-2.95064|-2.95064
170|-2.95064|-2.95064
171|-2.95064|-2.95064
172|-2.95064|-2.95064
173|-2.95064|-2.95064
174|-2.95064|-2.95064
175|-2.95064|-2.95064
176|-2.95064|-2.95064
177|-2.95064|-2.95064
178|-2.95064|-2.95064
179|-2.95064|-2.95064
180|-2.95064|-2.95064
181|-2.95064|-2.95064
EARLY STOP: TARGET FOUND
90879ms
