1|-1.19286|-1.19286
2|-1.76884|-1.76884
3|-2.04526|-2.04526
4|-2.26948|-2.26948
5|-2.33934|-2.33934
6|-2.35703|-2.35703
7|-2.36601|-2.36601
8|-2.3696|-2.3696
9|-2.37155|-2.37155
10|-2.78142|-2.78142
11|-3.29703|-3.29703
12|-3.35643|-3.35643
13|-3.36828|-3.36828
14|-3.36935|-3.36935
15|-3.83172|-3.83172
16|-3.84198|-3.84198
17|-3.84711|-3.84711
18|-3.84816|-3.84816
19|-3.8488|-3.8488
20|-3.84936|-3.84936
21|-3.84964|-3.84964
22|-3.8499|-3.8499
23|-3.85014|-3.85014
24|-3.8503|-3.8503
25|-3.85044|-3.85044
26|-3.85054|-3.85054
27|-3.85064|-3.85064
28|-3.85069|-3.85069
29|-3.85072|-3.85072
30|-3.85075|-3.85075
31|-3.85076|-3.85076
32|-3.85076|-3.85076
33|-3.85076|-3.85076
34|-3.85077|-3.85077
35|-3.85077|-3.85077
36|-3.85077|-3.85077
37|-3.85077|-3.85077
38|-3.85077|-3.85077
39|-3.85077|-3.85077
40|-3.85077|-3.85077
41|-3.85077|-3.85077
42|-3.85077|-3.85077
43|-3.85077|-3.85077
44|-3.85077|-3.85077
45|-3.85077|-3.85077
46|-3.85077|-3.85077
47|-3.85077|-3.85077
48|-3.85077|-3.85077
49|-3.85077|-3.85077
50|-3.85077|-3.85077
51|-3.85077|-3.85077
52|-3.85077|-3.85077
53|-3.85077|-3.85077
54|-3.85077|-3.85077
55|-3.85077|-3.85077
56|-3.85077|-3.85077
57|-3.85077|-3.85077
58|-3.85077|-3.85077
59|-3.85077|-3.85077
60|-3.85077|-3.85077
61|-3.85077|-3.85077
62|-3.85077|-3.85077
63|-3.85077|-3.85077
64|-3.85077|-3.85077
65|-3.85077|-3.85077
66|-3.85077|-3.85077
67|-3.85077|-3.85077
68|-3.85077|-3.85077
69|-3.85077|-3.85077
70|-3.85077|-3.85077
71|-3.85077|-3.85077
72|-3.85077|-3.85077
73|-3.85077|-3.85077
74|-3.85077|-3.85077
75|-3.85077|-3.85077
76|-3.85077|-3.85077
77|-3.85077|-3.85077
78|-3.85077|-3.85077
79|-3.85077|-3.85077
80|-3.85077|-3.85077
81|-3.85077|-3.85077
82|-3.85077|-3.85077
83|-3.85077|-3.85077
84|-3.85077|-3.85077
85|-3.85077|-3.85077
86|-3.85077|-3.85077
87|-3.85077|-3.85077
88|-3.85077|-3.85077
89|-3.85077|-3.85077
90|-3.85077|-3.85077
91|-3.85077|-3.85077
92|-3.85077|-3.85077
93|-3.85077|-3.85077
94|-3.85077|-3.85077
95|-3.85077|-3.85077
96|-3.85077|-3.85077
97|-3.85077|-3.85077
98|-3.85077|-3.85077
99|-3.85077|-3.85077
100|-3.85077|-3.85077
101|-3.85077|-3.85077
102|-3.85077|-3.85077
103|-3.85077|-3.85077
104|-3.85077|-3.85077
105|-3.85077|-3.85077
106|-3.85077|-3.85077
107|-3.85077|-3.85077
108|-3.85077|-3.85077
109|-3.85077|-3.85077
110|-3.85077|-3.85077
111|-3.85077|-3.85077
112|-3.85077|-3.85077
113|-3.85077|-3.85077
114|-3.85077|-3.85077
115|-3.85077|-3.85077
116|-3.85077|-3.85077
117|-3.85077|-3.85077
118|-3.85077|-3.85077
119|-3.85077|-3.85077
120|-3.85077|-3.85077
121|-3.85077|-3.85077
122|-3.85077|-3.85077
123|-3.85077|-3.85077
124|-3.85077|-3.85077
125|-3.85077|-3.85077
126|-3.85077|-3.85077
127|-3.85077|-3.85077
128|-3.85077|-3.85077
129|-3.85077|-3.85077
130|-3.85077|-3.85077
131|-3.85077|-3.85077
132|-3.85077|-3.85077
133|-3.85077|-3.85077
134|-3.85077|-3.85077
135|-3.85077|-3.85077
136|-3.85077|-3.85077
137|-3.85077|-3.85077
138|-3.85077|-3.85077
139|-3.85077|-3.85077
140|-3.85077|-3.85077
141|-3.85077|-3.85077
142|-3.85077|-3.85077
143|-3.85077|-3.85077
144|-3.85077|-3.85077
145|-3.85077|-3.85077
146|-3.85077|-3.85077
147|-3.85077|-3.85077
148|-3.85077|-3.85077
149|-3.85077|-3.85077
150|-3.85077|-3.85077
151|-3.85077|-3.85077
152|-3.85077|-3.85077
153|-3.85077|-3.85077
154|-3.85077|-3.85077
155|-3.85077|-3.85077
156|-3.85077|-3.85077
157|-3.85077|-3.85077
158|-3.85077|-3.85077
159|-3.85077|-3.85077
160|-3.85077|-3.85077
161|-3.85077|-3.85077
162|-3.85077|-3.85077
163|-3.85077|-3.85077
164|-3.85077|-3.85077
165|-3.85077|-3.85077
166|-3.85077|-3.85077
167|-3.85077|-3.85077
168|-3.85077|-3.85077
169|-3.85077|-3.85077
170|-3.85077|-3.85077
171|-3.85077|-3.85077
172|-3.85077|-3.85077
173|-3.85077|-3.85077
174|-3.85077|-3.85077
175|-3.85077|-3.85077
176|-3.85077|-3.85077
177|-3.85077|-3.85077
178|-3.85077|-3.85077
179|-3.85077|-3.85077
180|-3.85077|-3.85077
181|-3.85077|-3.85077
182|-3.85077|-3.85077
183|-3.85077|-3.85077
184|-3.85077|-3.85077
185|-3.85077|-3.85077
EARLY STOP: TARGET FOUND
71396ms
