1|245.498|245.498
2|222.366|222.366
3|199.275|199.275
4|178.387|178.387
5|159.505|159.505
6|141.012|141.012
7|122.574|122.574
8|105.787|105.787
9|94.2567|94.2567
10|83.224|83.224
11|72.3667|72.3667
12|64.7838|64.7838
13|60.16|60.16
14|55.5689|55.5689
15|50.9786|50.9786
16|46.4262|46.4262
17|42.5186|42.5186
18|38.6688|38.6688
19|35.2645|35.2645
20|31.9018|31.9018
21|28.7383|28.7383
22|25.6269|25.6269
23|23.074|23.074
24|20.6516|20.6516
25|19.4915|19.4915
26|18.3412|18.3412
27|17.2185|17.2185
28|16.1355|16.1355
29|15.0636|15.0636
30|13.9969|13.9969
31|12.9306|12.9306
32|11.8832|11.8832
33|11.0486|11.0486
34|10.2798|10.2798
35|9.55475|9.55475
36|8.84458|8.84458
37|8.14847|8.14847
38|7.48216|7.48216
39|6.9197|6.9197
40|6.36408|6.36408
41|5.8571|5.8571
42|5.38148|5.38148
43|4.90815|4.90815
44|4.45562|4.45562
45|4.17673|4.17673
46|3.90388|3.90388
47|3.63592|3.63592
48|3.37008|3.37008
49|3.11597|3.11597
50|2.86293|2.86293
51|2.62858|2.62858
52|2.39809|2.39809
53|2.16938|2.16938
54|1.94321|1.94321
55|1.71725|1.71725
56|1.50075|1.50075
57|1.37452|1.37452
58|1.26442|1.26442
59|1.19203|1.19203
60|1.12001|1.12001
61|1.0493|1.0493
62|0.985102|0.985102
63|0.922459|0.922459
64|0.862836|0.862836
65|0.805653|0.805653
66|0.749532|0.749532
67|0.696278|0.696278
68|0.646023|0.646023
69|0.596302|0.596302
70|0.54676|0.54676
71|0.500733|0.500733
72|0.46036|0.46036
73|0.421624|0.421624
74|0.383047|0.383047
75|0.344602|0.344602
76|0.307047|0.307047
77|0.270761|0.270761
78|0.234581|0.234581
79|0.203133|0.203133
80|0.186134|0.186134
81|0.169325|0.169325
82|0.153173|0.153173
83|0.140272|0.140272
84|0.127565|0.127565
85|0.115444|0.115444
86|0.103591|0.103591
87|0.0929795|0.0929795
88|0.0835881|0.0835881
89|0.074728|0.074728
90|0.0673006|0.0673006
91|0.0627369|0.0627369
92|0.0582506|0.0582506
93|0.0538205|0.0538205
94|0.0494349|0.0494349
95|0.0457353|0.0457353
96|0.042131|0.042131
97|0.0386244|0.0386244
98|0.0353482|0.0353482
99|0.032822|0.032822
100|0.0304388|0.0304388
101|0.0283455|0.0283455
102|0.0262646|0.0262646
103|0.0245806|0.0245806
104|0.0229302|0.0229302
105|0.0212861|0.0212861
106|0.0196747|0.0196747
107|0.018498|0.018498
108|0.0174036|0.0174036
109|0.0163144|0.0163144
110|0.0152325|0.0152325
111|0.0141894|0.0141894
112|0.0131591|0.0131591
113|0.012144|0.012144
114|0.0111513|0.0111513
115|0.0101882|0.0101882
116|0.00924658|0.00924658
EARLY STOP: TARGET FOUND
1316828ms
