1|155.974|155.974
2|133.337|133.337
3|112.194|112.194
4|94.8083|94.8083
5|80.2054|80.2054
6|67.9712|67.9712
7|56.1105|56.1105
8|49.3325|49.3325
9|40.2644|40.2644
10|34.3065|34.3065
11|26.3025|26.3025
12|22.5223|22.5223
13|19.0765|19.0765
14|16.0916|16.0916
15|14.8897|14.8897
16|14.0193|14.0193
17|13.1721|13.1721
18|12.3643|12.3643
19|11.6209|11.6209
20|10.8958|10.8958
21|10.2417|10.2417
22|9.76293|9.76293
23|9.5688|9.5688
24|9.38462|9.38462
25|9.20766|9.20766
26|9.06781|9.06781
27|8.9375|8.9375
28|8.83735|8.83735
29|8.74392|8.74392
30|8.666|8.666
31|8.59176|8.59176
32|8.55379|8.55379
33|8.53581|8.53581
34|8.5233|8.5233
35|8.51304|8.51304
36|8.50427|8.50427
37|8.49641|8.49641
38|8.48961|8.48961
39|8.48428|8.48428
40|8.47995|8.47995
41|8.47564|8.47564
42|8.47234|8.47234
43|8.47018|8.47018
44|8.46803|8.46803
45|8.46662|8.46662
46|8.46522|8.46522
47|8.4645|8.4645
48|8.46392|8.46392
49|8.46338|8.46338
50|8.46293|8.46293
51|8.46251|8.46251
52|8.46224|8.46224
53|8.46208|8.46208
54|8.46195|8.46195
55|8.46183|8.46183
56|8.46175|8.46175
57|8.4617|8.4617
58|8.46166|8.46166
59|8.46165|8.46165
60|8.46164|8.46164
61|8.46163|8.46163
62|8.46162|8.46162
63|8.46161|8.46161
64|8.46161|8.46161
65|8.4616|8.4616
66|8.46159|8.46159
67|8.46159|8.46159
68|8.46159|8.46159
69|8.46159|8.46159
70|8.46159|8.46159
71|8.46159|8.46159
72|8.46159|8.46159
73|8.46159|8.46159
74|8.46159|8.46159
75|8.46159|8.46159
76|8.46159|8.46159
77|8.46159|8.46159
78|8.46159|8.46159
79|8.46159|8.46159
80|8.46159|8.46159
81|8.46159|8.46159
82|8.46159|8.46159
83|8.46159|8.46159
84|8.46159|8.46159
85|8.46159|8.46159
86|8.46159|8.46159
87|8.46159|8.46159
88|8.46159|8.46159
89|8.46159|8.46159
90|8.46159|8.46159
91|8.46159|8.46159
92|8.46159|8.46159
93|8.46159|8.46159
94|8.46159|8.46159
95|8.46159|8.46159
96|8.46159|8.46159
97|8.46159|8.46159
98|8.46159|8.46159
99|8.46159|8.46159
100|8.46159|8.46159
101|8.46159|8.46159
102|8.46159|8.46159
103|8.46159|8.46159
104|8.46159|8.46159
105|8.46159|8.46159
106|8.46159|8.46159
107|8.46159|8.46159
108|8.46159|8.46159
109|8.46159|8.46159
110|8.46159|8.46159
111|8.46159|8.46159
112|8.46159|8.46159
113|8.46159|8.46159
114|8.46159|8.46159
115|8.46159|8.46159
116|8.46159|8.46159
117|8.46159|8.46159
118|8.46159|8.46159
119|8.46159|8.46159
120|8.46159|8.46159
121|8.46159|8.46159
122|8.46159|8.46159
123|8.46159|8.46159
124|8.46159|8.46159
125|8.46159|8.46159
126|8.46159|8.46159
127|8.46159|8.46159
128|8.46159|8.46159
129|8.46159|8.46159
130|8.46159|8.46159
131|8.46159|8.46159
132|8.46159|8.46159
133|8.46159|8.46159
134|8.46159|8.46159
135|8.46159|8.46159
136|8.46159|8.46159
137|8.46159|8.46159
138|8.46159|8.46159
139|8.46159|8.46159
140|8.46159|8.46159
141|8.46159|8.46159
142|8.46159|8.46159
143|8.46159|8.46159
144|8.46159|8.46159
145|8.46159|8.46159
146|8.46159|8.46159
147|8.46159|8.46159
148|8.46159|8.46159
149|8.46159|8.46159
150|8.46159|8.46159
151|8.46159|8.46159
152|8.46159|8.46159
153|8.46159|8.46159
154|8.46159|8.46159
155|8.46159|8.46159
156|8.46159|8.46159
157|8.46159|8.46159
158|8.46159|8.46159
159|8.46159|8.46159
160|8.46159|8.46159
161|8.46159|8.46159
162|8.46159|8.46159
163|8.46159|8.46159
164|8.46159|8.46159
165|8.46159|8.46159
166|8.46159|8.46159
167|8.46159|8.46159
168|8.46159|8.46159
169|8.46159|8.46159
170|8.46159|8.46159
171|8.46159|8.46159
172|8.46159|8.46159
173|8.46159|8.46159
174|8.46159|8.46159
175|8.46159|8.46159
176|8.46159|8.46159
177|8.46159|8.46159
178|8.46159|8.46159
179|8.46159|8.46159
180|8.46159|8.46159
181|8.46159|8.46159
182|8.46159|8.46159
183|8.46159|8.46159
184|8.46159|8.46159
185|8.46159|8.46159
186|8.46159|8.46159
187|8.46159|8.46159
188|8.46159|8.46159
189|8.46159|8.46159
190|8.46159|8.46159
191|8.46159|8.46159
192|8.46159|8.46159
193|8.46159|8.46159
194|8.46159|8.46159
195|8.46159|8.46159
196|8.46159|8.46159
197|8.46159|8.46159
198|8.46159|8.46159
199|8.46159|8.46159
200|8.46159|8.46159
201|8.46159|8.46159
202|8.46159|8.46159
203|8.46159|8.46159
204|8.46159|8.46159
205|8.46159|8.46159
206|8.46159|8.46159
207|8.46159|8.46159
208|8.46159|8.46159
209|8.46159|8.46159
210|8.46159|8.46159
211|8.46159|8.46159
212|8.46159|8.46159
213|8.46159|8.46159
214|8.46159|8.46159
215|8.46159|8.46159
216|8.46159|8.46159
EARLY STOP: TARGET FOUND
305434ms
