1|180.806|180.806
2|149.632|149.632
3|118.838|118.838
4|99.0162|99.0162
5|80.4472|80.4472
6|62.1005|62.1005
7|44.6394|44.6394
8|36.856|36.856
9|30.5335|30.5335
10|19.949|19.949
11|16.6476|16.6476
12|15.2041|15.2041
13|14.4503|14.4503
14|13.9649|13.9649
15|13.6109|13.6109
16|13.2633|13.2633
17|13.0289|13.0289
18|12.8304|12.8304
19|12.6806|12.6806
20|12.5353|12.5353
21|12.4155|12.4155
22|12.3123|12.3123
23|12.2906|12.2906
24|12.2748|12.2748
25|12.2632|12.2632
26|12.256|12.256
27|12.2517|12.2517
28|12.2484|12.2484
29|12.2451|12.2451
30|12.2422|12.2422
31|12.2401|12.2401
32|12.238|12.238
33|12.2362|12.2362
34|12.2348|12.2348
35|12.2334|12.2334
36|12.232|12.232
37|12.2306|12.2306
38|12.23|12.23
39|12.2293|12.2293
40|12.2247|12.2247
41|12.2241|12.2241
42|12.2235|12.2235
43|12.2232|12.2232
44|12.2229|12.2229
45|12.2226|12.2226
46|12.2222|12.2222
47|12.2221|12.2221
48|12.2219|12.2219
49|12.2217|12.2217
50|12.2216|12.2216
51|12.2215|12.2215
52|12.2213|12.2213
53|12.2212|12.2212
54|12.2212|12.2212
55|12.2211|12.2211
56|12.221|12.221
57|12.221|12.221
58|12.2209|12.2209
59|12.2209|12.2209
60|12.2209|12.2209
61|12.2208|12.2208
62|12.2208|12.2208
63|12.2208|12.2208
64|12.2208|12.2208
65|12.2208|12.2208
66|12.2208|12.2208
67|12.2208|12.2208
68|12.2208|12.2208
69|12.2208|12.2208
70|12.2208|12.2208
71|12.2208|12.2208
72|12.2208|12.2208
73|12.2208|12.2208
74|12.2208|12.2208
75|12.2208|12.2208
76|12.2208|12.2208
77|12.2208|12.2208
78|12.2208|12.2208
79|12.2208|12.2208
80|12.2208|12.2208
81|12.2208|12.2208
82|12.2208|12.2208
83|12.2208|12.2208
84|12.2208|12.2208
85|12.2208|12.2208
86|12.2208|12.2208
87|12.2208|12.2208
88|12.2208|12.2208
89|12.2208|12.2208
90|12.2208|12.2208
91|12.2208|12.2208
92|12.2208|12.2208
93|12.2208|12.2208
94|12.2208|12.2208
95|12.2208|12.2208
96|12.2208|12.2208
97|12.2208|12.2208
98|12.2208|12.2208
99|12.2208|12.2208
100|12.2208|12.2208
101|12.2208|12.2208
102|12.2208|12.2208
103|12.2208|12.2208
104|12.2208|12.2208
105|12.2208|12.2208
106|12.2208|12.2208
107|12.2208|12.2208
108|12.2208|12.2208
109|12.2208|12.2208
110|12.2208|12.2208
111|12.2208|12.2208
112|12.2208|12.2208
113|12.2208|12.2208
114|12.2208|12.2208
115|12.2208|12.2208
116|12.2208|12.2208
117|12.2208|12.2208
118|12.2208|12.2208
119|12.2208|12.2208
120|12.2208|12.2208
121|12.2208|12.2208
122|12.2208|12.2208
123|12.2208|12.2208
124|12.2208|12.2208
125|12.2208|12.2208
126|12.2208|12.2208
127|12.2208|12.2208
128|12.2208|12.2208
129|12.2208|12.2208
130|12.2208|12.2208
131|12.2208|12.2208
132|12.2208|12.2208
133|12.2208|12.2208
134|12.2208|12.2208
135|12.2208|12.2208
136|12.2208|12.2208
137|12.2208|12.2208
138|12.2208|12.2208
139|12.2208|12.2208
140|12.2208|12.2208
141|12.2208|12.2208
142|12.2208|12.2208
143|12.2208|12.2208
144|12.2208|12.2208
145|12.2208|12.2208
146|12.2208|12.2208
147|12.2208|12.2208
148|12.2208|12.2208
149|12.2208|12.2208
150|12.2208|12.2208
151|12.2208|12.2208
152|12.2208|12.2208
153|12.2208|12.2208
154|12.2208|12.2208
155|12.2208|12.2208
156|12.2208|12.2208
157|12.2208|12.2208
158|12.2208|12.2208
159|12.2208|12.2208
160|12.2208|12.2208
161|12.2208|12.2208
162|12.2208|12.2208
163|12.2208|12.2208
164|12.2208|12.2208
165|12.2208|12.2208
166|12.2208|12.2208
167|12.2208|12.2208
168|12.2208|12.2208
169|12.2208|12.2208
170|12.2208|12.2208
171|12.2208|12.2208
172|12.2208|12.2208
173|12.2208|12.2208
174|12.2208|12.2208
175|12.2208|12.2208
176|12.2208|12.2208
177|12.2208|12.2208
178|12.2208|12.2208
179|12.2208|12.2208
180|12.2208|12.2208
181|12.2208|12.2208
182|12.2208|12.2208
183|12.2208|12.2208
184|12.2208|12.2208
185|12.2208|12.2208
186|12.2208|12.2208
187|12.2208|12.2208
188|12.2208|12.2208
189|12.2208|12.2208
190|12.2208|12.2208
191|12.2208|12.2208
192|12.2208|12.2208
193|12.2208|12.2208
194|12.2208|12.2208
195|12.2208|12.2208
196|12.2208|12.2208
197|12.2208|12.2208
198|12.2208|12.2208
199|12.2208|12.2208
200|12.2208|12.2208
201|12.2208|12.2208
202|12.2208|12.2208
203|12.2208|12.2208
204|12.2208|12.2208
205|12.2208|12.2208
206|12.2208|12.2208
207|12.2208|12.2208
208|12.2208|12.2208
209|12.2208|12.2208
210|12.2208|12.2208
211|12.2208|12.2208
212|12.2208|12.2208
213|12.2208|12.2208
214|12.2208|12.2208
215|12.2208|12.2208
216|12.2208|12.2208
EARLY STOP: TARGET FOUND
299983ms
