1|506.729|506.729
2|475.89|475.89
3|452.654|452.654
4|430.177|430.177
5|407.805|407.805
6|386.028|386.028
7|366.461|366.461
8|347.325|347.325
9|330.424|330.424
10|313.625|313.625
11|296.844|296.844
12|280.193|280.193
13|263.667|263.667
14|247.18|247.18
15|231.532|231.532
16|219|219
17|206.927|206.927
18|195.981|195.981
19|185.739|185.739
20|176.711|176.711
21|167.91|167.91
22|159.136|159.136
23|150.685|150.685
24|142.465|142.465
25|134.498|134.498
26|127.263|127.263
27|120.53|120.53
28|114.159|114.159
29|107.877|107.877
30|101.721|101.721
31|95.8064|95.8064
32|91.0805|91.0805
33|86.6539|86.6539
34|82.9899|82.9899
35|79.7811|79.7811
36|77.2307|77.2307
37|75.0798|75.0798
38|73.0833|73.0833
39|71.2138|71.2138
40|69.4473|69.4473
41|67.954|67.954
42|66.5454|66.5454
43|65.1714|65.1714
44|63.9607|63.9607
45|62.8545|62.8545
46|62.0033|62.0033
47|61.1926|61.1926
48|60.4133|60.4133
49|59.6916|59.6916
50|58.9765|58.9765
51|58.3363|58.3363
52|57.7788|57.7788
53|57.3818|57.3818
54|56.9899|56.9899
55|56.6713|56.6713
56|56.358|56.358
57|56.0482|56.0482
58|55.8521|55.8521
59|55.6657|55.6657
60|55.4898|55.4898
61|55.3148|55.3148
62|55.1528|55.1528
63|54.9923|54.9923
64|54.7568|54.7568
65|54.5982|54.5982
66|54.4436|54.4436
67|54.2994|54.2994
68|54.1571|54.1571
69|54.0157|54.0157
70|53.8765|53.8765
71|53.7502|53.7502
72|53.6355|53.6355
73|53.5484|53.5484
74|53.4693|53.4693
75|53.3904|53.3904
76|53.3115|53.3115
77|53.2371|53.2371
78|53.1682|53.1682
79|53.1003|53.1003
80|53.0328|53.0328
81|52.9864|52.9864
82|52.9505|52.9505
83|52.9149|52.9149
84|52.8813|52.8813
85|52.8479|52.8479
86|52.8191|52.8191
87|52.7908|52.7908
88|52.7638|52.7638
89|52.7392|52.7392
90|52.7192|52.7192
91|52.7002|52.7002
92|52.6824|52.6824
93|52.6657|52.6657
94|52.6491|52.6491
95|52.6351|52.6351
96|52.6247|52.6247
97|52.6162|52.6162
98|52.6078|52.6078
99|52.5996|52.5996
100|52.5913|52.5913
101|52.5843|52.5843
102|52.5784|52.5784
103|52.5731|52.5731
104|52.5688|52.5688
105|52.5644|52.5644
106|52.5603|52.5603
107|52.5569|52.5569
108|52.5537|52.5537
109|52.5504|52.5504
110|52.5474|52.5474
111|52.5445|52.5445
112|52.5416|52.5416
113|52.5395|52.5395
114|52.5373|52.5373
115|52.5352|52.5352
116|52.5331|52.5331
117|52.5311|52.5311
118|52.5296|52.5296
119|52.5285|52.5285
120|52.5275|52.5275
121|52.5264|52.5264
122|52.5254|52.5254
123|52.5243|52.5243
124|52.5233|52.5233
125|52.5224|52.5224
126|52.5216|52.5216
127|52.5208|52.5208
128|52.5201|52.5201
129|52.5194|52.5194
130|52.5187|52.5187
131|52.518|52.518
132|52.5174|52.5174
133|52.5168|52.5168
134|52.5163|52.5163
135|52.5158|52.5158
136|52.5153|52.5153
137|52.515|52.515
138|52.5146|52.5146
139|52.5144|52.5144
140|52.5141|52.5141
141|52.5138|52.5138
142|52.5136|52.5136
143|52.5133|52.5133
144|52.5131|52.5131
145|52.5129|52.5129
146|52.5128|52.5128
147|52.5126|52.5126
148|52.5124|52.5124
149|52.5123|52.5123
150|52.5121|52.5121
151|52.512|52.512
152|52.5119|52.5119
153|52.5117|52.5117
154|52.5116|52.5116
155|52.5115|52.5115
156|52.5114|52.5114
157|52.5114|52.5114
158|52.5113|52.5113
159|52.5113|52.5113
160|52.5112|52.5112
161|52.5112|52.5112
162|52.5112|52.5112
163|52.5112|52.5112
164|52.5111|52.5111
165|52.5111|52.5111
166|52.5111|52.5111
167|52.511|52.511
168|52.511|52.511
169|52.511|52.511
170|52.511|52.511
171|52.511|52.511
172|52.511|52.511
173|52.511|52.511
174|52.511|52.511
175|52.511|52.511
176|52.511|52.511
177|52.511|52.511
178|52.511|52.511
179|52.511|52.511
180|52.511|52.511
181|52.511|52.511
182|52.511|52.511
183|52.511|52.511
184|52.511|52.511
185|52.511|52.511
186|52.511|52.511
187|52.511|52.511
188|52.511|52.511
189|52.511|52.511
190|52.511|52.511
191|52.511|52.511
192|52.511|52.511
193|52.511|52.511
194|52.511|52.511
195|52.511|52.511
196|52.511|52.511
197|52.511|52.511
198|52.511|52.511
199|52.511|52.511
200|52.511|52.511
201|52.511|52.511
202|52.511|52.511
203|52.511|52.511
204|52.511|52.511
205|52.511|52.511
206|52.511|52.511
207|52.511|52.511
208|52.511|52.511
209|52.511|52.511
210|52.511|52.511
211|52.511|52.511
212|52.511|52.511
213|52.511|52.511
214|52.511|52.511
215|52.511|52.511
216|52.511|52.511
217|52.511|52.511
218|52.511|52.511
219|52.511|52.511
220|52.511|52.511
221|52.511|52.511
222|52.511|52.511
223|52.511|52.511
224|52.511|52.511
225|52.511|52.511
226|52.511|52.511
227|52.511|52.511
228|52.511|52.511
229|52.511|52.511
230|52.511|52.511
231|52.511|52.511
232|52.511|52.511
233|52.511|52.511
234|52.511|52.511
235|52.511|52.511
236|52.511|52.511
237|52.511|52.511
238|52.511|52.511
239|52.511|52.511
240|52.511|52.511
241|52.511|52.511
242|52.511|52.511
243|52.511|52.511
244|52.511|52.511
245|52.511|52.511
246|52.511|52.511
247|52.511|52.511
248|52.511|52.511
249|52.511|52.511
250|52.511|52.511
251|52.511|52.511
252|52.511|52.511
253|52.511|52.511
254|52.511|52.511
255|52.511|52.511
256|52.511|52.511
257|52.511|52.511
258|52.511|52.511
259|52.511|52.511
260|52.511|52.511
261|52.511|52.511
262|52.511|52.511
263|52.511|52.511
264|52.511|52.511
265|52.511|52.511
266|52.511|52.511
267|52.511|52.511
268|52.511|52.511
269|52.511|52.511
270|52.511|52.511
271|52.511|52.511
272|52.511|52.511
273|52.511|52.511
274|52.511|52.511
275|52.511|52.511
276|52.511|52.511
277|52.511|52.511
278|52.511|52.511
279|52.511|52.511
280|52.511|52.511
281|52.511|52.511
282|52.511|52.511
283|52.511|52.511
284|52.511|52.511
285|52.511|52.511
286|52.511|52.511
287|52.511|52.511
288|52.511|52.511
289|52.511|52.511
290|52.511|52.511
291|52.511|52.511
292|52.511|52.511
293|52.511|52.511
294|52.511|52.511
295|52.511|52.511
296|52.511|52.511
297|52.511|52.511
298|52.511|52.511
299|52.511|52.511
300|52.511|52.511
301|52.511|52.511
302|52.511|52.511
303|52.511|52.511
304|52.511|52.511
305|52.511|52.511
306|52.511|52.511
307|52.511|52.511
308|52.511|52.511
309|52.511|52.511
310|52.511|52.511
311|52.511|52.511
312|52.511|52.511
313|52.511|52.511
314|52.511|52.511
315|52.511|52.511
316|52.511|52.511
317|52.511|52.511
318|52.511|52.511
319|52.511|52.511
320|52.511|52.511
321|52.511|52.511
322|52.511|52.511
323|52.511|52.511
324|52.511|52.511
325|52.511|52.511
EARLY STOP: TARGET FOUND
3878687ms
