1|217.523|217.523
2|200.4|200.4
3|183.793|183.793
4|167.679|167.679
5|151.746|151.746
6|136.932|136.932
7|122.311|122.311
8|109.848|109.848
9|97.7822|97.7822
10|86.5228|86.5228
11|75.8673|75.8673
12|66.7439|66.7439
13|58.2859|58.2859
14|50.3081|50.3081
15|45.5213|45.5213
16|41.2341|41.2341
17|37.4867|37.4867
18|33.7816|33.7816
19|30.6632|30.6632
20|27.891|27.891
21|25.2629|25.2629
22|22.8718|22.8718
23|20.5456|20.5456
24|18.4934|18.4934
25|17.3287|17.3287
26|16.261|16.261
27|15.2214|15.2214
28|14.206|14.206
29|13.2225|13.2225
30|12.2481|12.2481
31|11.2797|11.2797
32|10.3649|10.3649
33|9.48943|9.48943
34|8.63638|8.63638
35|7.84505|7.84505
36|7.07818|7.07818
37|6.3514|6.3514
38|5.70646|5.70646
39|5.08271|5.08271
40|4.46685|4.46685
41|3.88085|3.88085
42|3.60575|3.60575
43|3.33817|3.33817
44|3.11151|3.11151
45|2.89269|2.89269
46|2.6801|2.6801
47|2.47956|2.47956
48|2.29503|2.29503
49|2.11397|2.11397
50|1.93396|1.93396
51|1.75696|1.75696
52|1.60677|1.60677
53|1.46175|1.46175
54|1.3261|1.3261
55|1.19557|1.19557
56|1.07624|1.07624
57|1.00641|1.00641
58|0.937919|0.937919
59|0.874202|0.874202
60|0.810794|0.810794
61|0.750042|0.750042
62|0.689675|0.689675
63|0.632686|0.632686
64|0.578991|0.578991
65|0.526227|0.526227
66|0.473828|0.473828
67|0.437298|0.437298
68|0.404065|0.404065
69|0.371454|0.371454
70|0.341959|0.341959
71|0.31402|0.31402
72|0.287884|0.287884
73|0.26192|0.26192
74|0.243785|0.243785
75|0.228068|0.228068
76|0.212419|0.212419
77|0.197084|0.197084
78|0.182038|0.182038
79|0.167907|0.167907
80|0.154642|0.154642
81|0.141638|0.141638
82|0.12898|0.12898
83|0.116476|0.116476
84|0.104227|0.104227
85|0.0930508|0.0930508
86|0.0820672|0.0820672
87|0.0727726|0.0727726
88|0.0651249|0.0651249
89|0.0579429|0.0579429
90|0.0509437|0.0509437
91|0.0465698|0.0465698
92|0.0423022|0.0423022
93|0.0385753|0.0385753
94|0.0355171|0.0355171
95|0.0324924|0.0324924
96|0.0296249|0.0296249
97|0.0269018|0.0269018
98|0.0243452|0.0243452
99|0.021794|0.021794
100|0.0195288|0.0195288
101|0.017612|0.017612
102|0.0157795|0.0157795
103|0.0140776|0.0140776
104|0.0129129|0.0129129
105|0.0117869|0.0117869
106|0.0107246|0.0107246
107|0.00973772|0.00973772
EARLY STOP: TARGET FOUND
1216258ms
