1|-4.02309|-4.02309
2|-4.93688|-4.93688
3|-5.82818|-5.82818
4|-6.66801|-6.66801
5|-7.42915|-7.42915
6|-8.18724|-8.18724
7|-8.92936|-8.92936
8|-9.65769|-9.65769
9|-10.3544|-10.3544
10|-11.0143|-11.0143
11|-11.596|-11.596
12|-12.1625|-12.1625
13|-12.7279|-12.7279
14|-13.2013|-13.2013
15|-13.6256|-13.6256
16|-14.0474|-14.0474
17|-14.4535|-14.4535
18|-14.8147|-14.8147
19|-15.1626|-15.1626
20|-15.5089|-15.5089
21|-15.8397|-15.8397
22|-16.1611|-16.1611
23|-16.4773|-16.4773
24|-17.0854|-17.0854
25|-17.382|-17.382
26|-17.6653|-17.6653
27|-17.9153|-17.9153
28|-18.1626|-18.1626
29|-18.3805|-18.3805
30|-18.5972|-18.5972
31|-19.1875|-19.1875
32|-19.4038|-19.4038
33|-20.1587|-20.1587
34|-20.3472|-20.3472
35|-20.522|-20.522
36|-20.6958|-20.6958
37|-20.8665|-20.8665
38|-21.0365|-21.0365
39|-21.4896|-21.4896
40|-21.6519|-21.6519
41|-21.8125|-21.8125
42|-21.9726|-21.9726
43|-22.1136|-22.1136
44|-22.219|-22.219
45|-22.3228|-22.3228
46|-22.7785|-22.7785
47|-22.8782|-22.8782
48|-22.9631|-22.9631
49|-23.0466|-23.0466
50|-23.1086|-23.1086
51|-23.4619|-23.4619
52|-23.7942|-23.7942
53|-23.8562|-23.8562
54|-23.9152|-23.9152
55|-23.9723|-23.9723
56|-24.0238|-24.0238
57|-24.0741|-24.0741
58|-24.1229|-24.1229
59|-24.1705|-24.1705
60|-24.2179|-24.2179
61|-24.2567|-24.2567
62|-24.2913|-24.2913
63|-24.3222|-24.3222
64|-25.0698|-25.0698
65|-25.0993|-25.0993
66|-25.1241|-25.1241
67|-25.1487|-25.1487
68|-25.1732|-25.1732
69|-25.194|-25.194
70|-25.2148|-25.2148
71|-25.2321|-25.2321
72|-25.2488|-25.2488
73|-25.262|-25.262
74|-25.2742|-25.2742
75|-25.2862|-25.2862
76|-25.2962|-25.2962
77|-25.3059|-25.3059
78|-25.315|-25.315
79|-25.3239|-25.3239
80|-25.3328|-25.3328
81|-25.3417|-25.3417
82|-25.3496|-25.3496
83|-25.357|-25.357
84|-25.3642|-25.3642
85|-25.371|-25.371
86|-25.3763|-25.3763
87|-25.381|-25.381
88|-25.3855|-25.3855
89|-25.3887|-25.3887
90|-25.391|-25.391
91|-25.3933|-25.3933
92|-25.3954|-25.3954
93|-25.3975|-25.3975
94|-25.3996|-25.3996
95|-25.4016|-25.4016
96|-25.4035|-25.4035
97|-25.4054|-25.4054
98|-25.4073|-25.4073
99|-25.4088|-25.4088
100|-25.4103|-25.4103
101|-25.4118|-25.4118
102|-25.4127|-25.4127
103|-25.4137|-25.4137
104|-25.4146|-25.4146
105|-25.4153|-25.4153
106|-25.4161|-25.4161
107|-25.4168|-25.4168
108|-25.4175|-25.4175
109|-25.4181|-25.4181
110|-25.4186|-25.4186
111|-25.4191|-25.4191
112|-25.4196|-25.4196
113|-25.4201|-25.4201
114|-25.4205|-25.4205
115|-25.4209|-25.4209
116|-25.4213|-25.4213
117|-25.4217|-25.4217
118|-25.4221|-25.4221
119|-25.4224|-25.4224
120|-25.4228|-25.4228
121|-25.4232|-25.4232
122|-25.4235|-25.4235
123|-25.4238|-25.4238
124|-25.4241|-25.4241
125|-25.4243|-25.4243
126|-25.4245|-25.4245
127|-25.4248|-25.4248
128|-25.425|-25.425
129|-25.4252|-25.4252
130|-25.4254|-25.4254
131|-25.4256|-25.4256
132|-25.4257|-25.4257
133|-25.4259|-25.4259
134|-25.4261|-25.4261
135|-25.4262|-25.4262
136|-25.4263|-25.4263
137|-25.4264|-25.4264
138|-25.4265|-25.4265
139|-25.4266|-25.4266
140|-25.4267|-25.4267
141|-25.4268|-25.4268
142|-25.4268|-25.4268
143|-25.4269|-25.4269
144|-25.4269|-25.4269
145|-25.427|-25.427
146|-25.427|-25.427
147|-25.4271|-25.4271
148|-25.4271|-25.4271
149|-25.4272|-25.4272
150|-25.4272|-25.4272
151|-25.4272|-25.4272
152|-25.4272|-25.4272
153|-25.4273|-25.4273
154|-25.4273|-25.4273
155|-25.4273|-25.4273
156|-25.4273|-25.4273
157|-25.4273|-25.4273
158|-25.4274|-25.4274
159|-25.4274|-25.4274
160|-25.4274|-25.4274
161|-25.4274|-25.4274
162|-25.4274|-25.4274
163|-25.4274|-25.4274
164|-25.4274|-25.4274
165|-25.4274|-25.4274
166|-25.4274|-25.4274
167|-25.4274|-25.4274
168|-25.4274|-25.4274
169|-25.4274|-25.4274
170|-25.4274|-25.4274
171|-25.4274|-25.4274
172|-25.4274|-25.4274
173|-25.4274|-25.4274
174|-25.4274|-25.4274
175|-25.4274|-25.4274
176|-25.4274|-25.4274
177|-25.4274|-25.4274
178|-25.4274|-25.4274
179|-25.4274|-25.4274
180|-25.4274|-25.4274
181|-25.4274|-25.4274
182|-25.4274|-25.4274
183|-25.4274|-25.4274
184|-25.4274|-25.4274
185|-25.4274|-25.4274
186|-25.4274|-25.4274
187|-25.4274|-25.4274
188|-25.4274|-25.4274
189|-25.4274|-25.4274
190|-25.4274|-25.4274
191|-25.4274|-25.4274
192|-25.4274|-25.4274
193|-25.4274|-25.4274
194|-25.4274|-25.4274
195|-25.4274|-25.4274
196|-25.4274|-25.4274
197|-25.4274|-25.4274
198|-25.4274|-25.4274
199|-25.4274|-25.4274
200|-25.4274|-25.4274
201|-25.4274|-25.4274
202|-25.4274|-25.4274
203|-25.4274|-25.4274
204|-25.4274|-25.4274
205|-25.4274|-25.4274
206|-25.4274|-25.4274
207|-25.4274|-25.4274
208|-25.4274|-25.4274
209|-25.4274|-25.4274
210|-25.4274|-25.4274
211|-25.4274|-25.4274
212|-25.4274|-25.4274
213|-25.4274|-25.4274
214|-25.4274|-25.4274
215|-25.4274|-25.4274
216|-25.4274|-25.4274
217|-25.4274|-25.4274
218|-25.4274|-25.4274
219|-25.4274|-25.4274
220|-25.4274|-25.4274
221|-25.4274|-25.4274
222|-25.4274|-25.4274
223|-25.4274|-25.4274
224|-25.4274|-25.4274
225|-25.4274|-25.4274
226|-25.4274|-25.4274
227|-25.4274|-25.4274
228|-25.4274|-25.4274
229|-25.4274|-25.4274
230|-25.4274|-25.4274
231|-25.4274|-25.4274
232|-25.4274|-25.4274
233|-25.4274|-25.4274
234|-25.4274|-25.4274
235|-25.4274|-25.4274
236|-25.4274|-25.4274
237|-25.4274|-25.4274
238|-25.4274|-25.4274
239|-25.4274|-25.4274
240|-25.4274|-25.4274
241|-25.4274|-25.4274
242|-25.4274|-25.4274
243|-25.4274|-25.4274
244|-25.4274|-25.4274
245|-25.4274|-25.4274
246|-25.4274|-25.4274
247|-25.4274|-25.4274
248|-25.4274|-25.4274
249|-25.4274|-25.4274
250|-25.4274|-25.4274
251|-25.4274|-25.4274
252|-25.4274|-25.4274
253|-25.4274|-25.4274
254|-25.4274|-25.4274
255|-25.4274|-25.4274
256|-25.4274|-25.4274
257|-25.4274|-25.4274
258|-25.4274|-25.4274
259|-25.4274|-25.4274
260|-25.4274|-25.4274
261|-25.4274|-25.4274
262|-25.4274|-25.4274
263|-25.4274|-25.4274
264|-25.4274|-25.4274
265|-25.4274|-25.4274
266|-25.4274|-25.4274
267|-25.4274|-25.4274
268|-25.4274|-25.4274
269|-25.4274|-25.4274
270|-25.4274|-25.4274
271|-25.4274|-25.4274
272|-25.4274|-25.4274
273|-25.4274|-25.4274
274|-25.4274|-25.4274
275|-25.4274|-25.4274
276|-25.4274|-25.4274
277|-25.4274|-25.4274
278|-25.4274|-25.4274
279|-25.4274|-25.4274
280|-25.4274|-25.4274
281|-25.4274|-25.4274
282|-25.4274|-25.4274
283|-25.4274|-25.4274
284|-25.4274|-25.4274
285|-25.4274|-25.4274
286|-25.4274|-25.4274
287|-25.4274|-25.4274
288|-25.4274|-25.4274
289|-25.4274|-25.4274
290|-25.4274|-25.4274
291|-25.4274|-25.4274
292|-25.4274|-25.4274
293|-25.4274|-25.4274
294|-25.4274|-25.4274
295|-25.4274|-25.4274
296|-25.4274|-25.4274
297|-25.4274|-25.4274
298|-25.4274|-25.4274
299|-25.4274|-25.4274
300|-25.4274|-25.4274
301|-25.4274|-25.4274
302|-25.4274|-25.4274
303|-25.4274|-25.4274
304|-25.4274|-25.4274
305|-25.4274|-25.4274
306|-25.4274|-25.4274
307|-25.4274|-25.4274
308|-25.4274|-25.4274
309|-25.4274|-25.4274
310|-25.4274|-25.4274
311|-25.4274|-25.4274
312|-25.4274|-25.4274
313|-25.4274|-25.4274
314|-25.4274|-25.4274
315|-25.4274|-25.4274
316|-25.4274|-25.4274
317|-25.4274|-25.4274
318|-25.4274|-25.4274
319|-25.4274|-25.4274
320|-25.4274|-25.4274
EARLY STOP: TARGET FOUND
3697040ms
