1|-224.604|-224.604
2|-701.924|-701.924
3|-1035.26|-1035.26
4|-1299.02|-1299.02
5|-1553.48|-1553.48
6|-1658.37|-1658.37
7|-1735.2|-1735.2
8|-1769.08|-1769.08
9|-1784.09|-1784.09
10|-1797.91|-1797.91
11|-1810.54|-1810.54
12|-1816.78|-1816.78
13|-1822.46|-1822.46
14|-1825.23|-1825.23
15|-1826.59|-1826.59
16|-1827.89|-1827.89
17|-1829.17|-1829.17
18|-1830.22|-1830.22
19|-1830.85|-1830.85
20|-1831.35|-1831.35
21|-1831.66|-1831.66
22|-1831.85|-1831.85
23|-1832|-1832
24|-1832.16|-1832.16
25|-1832.24|-1832.24
26|-1832.31|-1832.31
27|-1832.37|-1832.37
28|-1832.41|-1832.41
29|-1832.45|-1832.45
30|-1832.48|-1832.48
31|-1832.51|-1832.51
32|-1832.53|-1832.53
33|-1832.55|-1832.55
34|-1832.55|-1832.55
35|-1832.55|-1832.55
36|-1832.56|-1832.56
37|-1832.56|-1832.56
38|-1832.56|-1832.56
39|-1832.56|-1832.56
40|-1832.56|-1832.56
41|-1832.56|-1832.56
42|-1832.56|-1832.56
43|-1832.56|-1832.56
44|-1832.56|-1832.56
45|-1832.57|-1832.57
46|-1832.57|-1832.57
47|-1832.57|-1832.57
48|-1832.57|-1832.57
49|-1832.57|-1832.57
50|-1832.57|-1832.57
51|-1832.57|-1832.57
52|-1832.57|-1832.57
53|-1832.57|-1832.57
54|-1832.57|-1832.57
55|-1832.57|-1832.57
56|-1832.57|-1832.57
57|-1832.57|-1832.57
58|-1832.57|-1832.57
59|-1832.57|-1832.57
60|-1832.57|-1832.57
61|-1832.57|-1832.57
62|-1832.57|-1832.57
63|-1832.57|-1832.57
64|-1832.57|-1832.57
65|-1832.57|-1832.57
66|-1832.57|-1832.57
67|-1832.57|-1832.57
68|-1832.57|-1832.57
69|-1832.57|-1832.57
70|-1832.57|-1832.57
71|-1832.57|-1832.57
72|-1832.57|-1832.57
73|-1832.57|-1832.57
74|-1832.57|-1832.57
75|-1832.57|-1832.57
76|-1832.57|-1832.57
77|-1832.57|-1832.57
78|-1832.57|-1832.57
79|-1832.57|-1832.57
80|-1832.57|-1832.57
81|-1832.57|-1832.57
82|-1832.57|-1832.57
83|-1832.57|-1832.57
84|-1832.57|-1832.57
85|-1832.57|-1832.57
86|-1832.57|-1832.57
87|-1832.57|-1832.57
88|-1832.57|-1832.57
89|-1832.57|-1832.57
90|-1832.57|-1832.57
91|-1832.57|-1832.57
92|-1832.57|-1832.57
93|-1832.57|-1832.57
94|-1832.57|-1832.57
95|-1832.57|-1832.57
96|-1832.57|-1832.57
97|-1832.57|-1832.57
98|-1832.57|-1832.57
99|-1832.57|-1832.57
100|-1832.57|-1832.57
101|-1832.57|-1832.57
102|-1832.57|-1832.57
103|-1832.57|-1832.57
104|-1832.57|-1832.57
105|-1832.57|-1832.57
106|-1832.57|-1832.57
107|-1832.57|-1832.57
108|-1832.57|-1832.57
109|-1832.57|-1832.57
110|-1832.57|-1832.57
111|-1832.57|-1832.57
112|-1832.57|-1832.57
113|-1832.57|-1832.57
114|-1832.57|-1832.57
115|-1832.57|-1832.57
116|-1832.57|-1832.57
117|-1832.57|-1832.57
118|-1832.57|-1832.57
119|-1832.57|-1832.57
120|-1832.57|-1832.57
121|-1832.57|-1832.57
122|-1832.57|-1832.57
123|-1832.57|-1832.57
124|-1832.57|-1832.57
125|-1832.57|-1832.57
126|-1832.57|-1832.57
127|-1832.57|-1832.57
128|-1832.57|-1832.57
129|-1832.57|-1832.57
130|-1832.57|-1832.57
131|-1832.57|-1832.57
132|-1832.57|-1832.57
133|-1832.57|-1832.57
134|-1832.57|-1832.57
135|-1832.57|-1832.57
136|-1832.57|-1832.57
137|-1832.57|-1832.57
138|-1832.57|-1832.57
139|-1832.57|-1832.57
140|-1832.57|-1832.57
141|-1832.57|-1832.57
142|-1832.57|-1832.57
143|-1832.57|-1832.57
144|-1832.57|-1832.57
145|-1832.57|-1832.57
146|-1832.57|-1832.57
147|-1832.57|-1832.57
148|-1832.57|-1832.57
149|-1832.57|-1832.57
150|-1832.57|-1832.57
151|-1832.57|-1832.57
152|-1832.57|-1832.57
153|-1832.57|-1832.57
154|-1832.57|-1832.57
155|-1832.57|-1832.57
156|-1832.57|-1832.57
157|-1832.57|-1832.57
158|-1832.57|-1832.57
159|-1832.57|-1832.57
160|-1832.57|-1832.57
161|-1832.57|-1832.57
162|-1832.57|-1832.57
163|-1832.57|-1832.57
164|-1832.57|-1832.57
165|-1832.57|-1832.57
166|-1832.57|-1832.57
167|-1832.57|-1832.57
168|-1832.57|-1832.57
169|-1832.57|-1832.57
170|-1832.57|-1832.57
171|-1832.57|-1832.57
172|-1832.57|-1832.57
173|-1832.57|-1832.57
174|-1832.57|-1832.57
175|-1832.57|-1832.57
176|-1832.57|-1832.57
177|-1832.57|-1832.57
178|-1832.57|-1832.57
179|-1832.57|-1832.57
180|-1832.57|-1832.57
181|-1832.57|-1832.57
182|-1832.57|-1832.57
183|-1832.57|-1832.57
184|-1832.57|-1832.57
185|-1832.57|-1832.57
186|-1832.57|-1832.57
187|-1832.57|-1832.57
188|-1832.57|-1832.57
189|-1832.57|-1832.57
190|-1832.57|-1832.57
191|-1832.57|-1832.57
192|-1832.57|-1832.57
193|-1832.57|-1832.57
194|-1832.57|-1832.57
195|-1832.57|-1832.57
196|-1832.57|-1832.57
197|-1832.57|-1832.57
EARLY STOP: TARGET FOUND
109896ms
