1|-1.50997|-1.50997
2|-1.72639|-1.72639
3|-2.26717|-2.26717
4|-2.44994|-2.44994
5|-2.63026|-2.63026
6|-2.75817|-2.75817
7|-2.82045|-2.82045
8|-2.87908|-2.87908
9|-3.62044|-3.62044
10|-3.6755|-3.6755
11|-3.71052|-3.71052
12|-3.72837|-3.72837
13|-3.73956|-3.73956
14|-3.75056|-3.75056
15|-3.75613|-3.75613
16|-3.76062|-3.76062
17|-3.76339|-3.76339
18|-3.76564|-3.76564
19|-3.76653|-3.76653
20|-3.76718|-3.76718
21|-3.76774|-3.76774
22|-3.76815|-3.76815
23|-3.76833|-3.76833
24|-3.7685|-3.7685
25|-3.76866|-3.76866
26|-3.76875|-3.76875
27|-3.76883|-3.76883
28|-3.76887|-3.76887
29|-3.76891|-3.76891
30|-3.76892|-3.76892
31|-3.76893|-3.76893
32|-3.76894|-3.76894
33|-3.76894|-3.76894
34|-3.76894|-3.76894
35|-3.76895|-3.76895
36|-3.76895|-3.76895
37|-3.76895|-3.76895
38|-3.76895|-3.76895
39|-3.76895|-3.76895
40|-3.76895|-3.76895
41|-3.76895|-3.76895
42|-3.76895|-3.76895
43|-3.76895|-3.76895
44|-3.76895|-3.76895
45|-3.76895|-3.76895
46|-3.76895|-3.76895
47|-3.76895|-3.76895
48|-3.76895|-3.76895
49|-3.76895|-3.76895
50|-3.76895|-3.76895
51|-3.76895|-3.76895
52|-3.76895|-3.76895
53|-3.76895|-3.76895
54|-3.76895|-3.76895
55|-3.76895|-3.76895
56|-3.76895|-3.76895
57|-3.76895|-3.76895
58|-3.76895|-3.76895
59|-3.76895|-3.76895
60|-3.76895|-3.76895
61|-3.76895|-3.76895
62|-3.76895|-3.76895
63|-3.76895|-3.76895
64|-3.76895|-3.76895
65|-3.76895|-3.76895
66|-3.76895|-3.76895
67|-3.76895|-3.76895
68|-3.76895|-3.76895
69|-3.76895|-3.76895
70|-3.76895|-3.76895
71|-3.76895|-3.76895
72|-3.76895|-3.76895
73|-3.76895|-3.76895
74|-3.76895|-3.76895
75|-3.76895|-3.76895
76|-3.76895|-3.76895
77|-3.76895|-3.76895
78|-3.76895|-3.76895
79|-3.76895|-3.76895
80|-3.76895|-3.76895
81|-3.76895|-3.76895
82|-3.76895|-3.76895
83|-3.76895|-3.76895
84|-3.76895|-3.76895
85|-3.76895|-3.76895
86|-3.76895|-3.76895
87|-3.76895|-3.76895
88|-3.76895|-3.76895
89|-3.76895|-3.76895
90|-3.76895|-3.76895
91|-3.76895|-3.76895
92|-3.76895|-3.76895
93|-3.76895|-3.76895
94|-3.76895|-3.76895
95|-3.76895|-3.76895
96|-3.76895|-3.76895
97|-3.76895|-3.76895
98|-3.76895|-3.76895
99|-3.76895|-3.76895
100|-3.76895|-3.76895
101|-3.76895|-3.76895
102|-3.76895|-3.76895
103|-3.76895|-3.76895
104|-3.76895|-3.76895
105|-3.76895|-3.76895
106|-3.76895|-3.76895
107|-3.76895|-3.76895
108|-3.76895|-3.76895
109|-3.76895|-3.76895
110|-3.76895|-3.76895
111|-3.76895|-3.76895
112|-3.76895|-3.76895
113|-3.76895|-3.76895
114|-3.76895|-3.76895
115|-3.76895|-3.76895
116|-3.76895|-3.76895
117|-3.76895|-3.76895
118|-3.76895|-3.76895
119|-3.76895|-3.76895
120|-3.76895|-3.76895
121|-3.76895|-3.76895
122|-3.76895|-3.76895
123|-3.76895|-3.76895
124|-3.76895|-3.76895
125|-3.76895|-3.76895
126|-3.76895|-3.76895
127|-3.76895|-3.76895
128|-3.76895|-3.76895
129|-3.76895|-3.76895
130|-3.76895|-3.76895
131|-3.76895|-3.76895
132|-3.76895|-3.76895
133|-3.76895|-3.76895
134|-3.76895|-3.76895
135|-3.76895|-3.76895
136|-3.76895|-3.76895
137|-3.76895|-3.76895
138|-3.76895|-3.76895
139|-3.76895|-3.76895
140|-3.76895|-3.76895
141|-3.76895|-3.76895
142|-3.76895|-3.76895
143|-3.76895|-3.76895
144|-3.76895|-3.76895
145|-3.76895|-3.76895
146|-3.76895|-3.76895
147|-3.76895|-3.76895
148|-3.76895|-3.76895
149|-3.76895|-3.76895
150|-3.76895|-3.76895
151|-3.76895|-3.76895
152|-3.76895|-3.76895
153|-3.76895|-3.76895
154|-3.76895|-3.76895
155|-3.76895|-3.76895
156|-3.76895|-3.76895
157|-3.76895|-3.76895
158|-3.76895|-3.76895
159|-3.76895|-3.76895
160|-3.76895|-3.76895
161|-3.76895|-3.76895
162|-3.76895|-3.76895
163|-3.76895|-3.76895
164|-3.76895|-3.76895
165|-3.76895|-3.76895
166|-3.76895|-3.76895
167|-3.76895|-3.76895
168|-3.76895|-3.76895
169|-3.76895|-3.76895
170|-3.76895|-3.76895
171|-3.76895|-3.76895
172|-3.76895|-3.76895
173|-3.76895|-3.76895
174|-3.76895|-3.76895
175|-3.76895|-3.76895
176|-3.76895|-3.76895
177|-3.76895|-3.76895
178|-3.76895|-3.76895
179|-3.76895|-3.76895
180|-3.76895|-3.76895
181|-3.76895|-3.76895
182|-3.76895|-3.76895
183|-3.76895|-3.76895
184|-3.76895|-3.76895
185|-3.76895|-3.76895
186|-3.76895|-3.76895
187|-3.76895|-3.76895
EARLY STOP: TARGET FOUND
72261ms
