1|221.687|221.687
2|199.412|199.412
3|180.036|180.036
4|163.034|163.034
5|147.413|147.413
6|132.919|132.919
7|120.225|120.225
8|107.551|107.551
9|95.9215|95.9215
10|85.5633|85.5633
11|76.0888|76.0888
12|67.7527|67.7527
13|59.8486|59.8486
14|52.0782|52.0782
15|47.5027|47.5027
16|43.2275|43.2275
17|39.1944|39.1944
18|35.3903|35.3903
19|31.8785|31.8785
20|28.6863|28.6863
21|26.1155|26.1155
22|23.6488|23.6488
23|21.4447|21.4447
24|20.2601|20.2601
25|19.1346|19.1346
26|18.0143|18.0143
27|16.9088|16.9088
28|15.8498|15.8498
29|14.7945|14.7945
30|13.7517|13.7517
31|12.7406|12.7406
32|11.7445|11.7445
33|10.8299|10.8299
34|9.92107|9.92107
35|9.0616|9.0616
36|8.27387|8.27387
37|7.53189|7.53189
38|6.8574|6.8574
39|6.18416|6.18416
40|5.64261|5.64261
41|5.11549|5.11549
42|4.67032|4.67032
43|4.38426|4.38426
44|4.09915|4.09915
45|3.83644|3.83644
46|3.58091|3.58091
47|3.32795|3.32795
48|3.08239|3.08239
49|2.86013|2.86013
50|2.63965|2.63965
51|2.42547|2.42547
52|2.22709|2.22709
53|2.03627|2.03627
54|1.88614|1.88614
55|1.73895|1.73895
56|1.59514|1.59514
57|1.46446|1.46446
58|1.34193|1.34193
59|1.22153|1.22153
60|1.11684|1.11684
61|1.0479|1.0479
62|0.979066|0.979066
63|0.912837|0.912837
64|0.847082|0.847082
65|0.788274|0.788274
66|0.730778|0.730778
67|0.67622|0.67622
68|0.625256|0.625256
69|0.574805|0.574805
70|0.525125|0.525125
71|0.479145|0.479145
72|0.434034|0.434034
73|0.390801|0.390801
74|0.350181|0.350181
75|0.30987|0.30987
76|0.27554|0.27554
77|0.242101|0.242101
78|0.211809|0.211809
79|0.194216|0.194216
80|0.17851|0.17851
81|0.163244|0.163244
82|0.148026|0.148026
83|0.134111|0.134111
84|0.120433|0.120433
85|0.11023|0.11023
86|0.100137|0.100137
87|0.0905889|0.0905889
88|0.0822991|0.0822991
89|0.0742201|0.0742201
90|0.0694791|0.0694791
91|0.0648662|0.0648662
92|0.0604463|0.0604463
93|0.0560803|0.0560803
94|0.0520806|0.0520806
95|0.0480841|0.0480841
96|0.0445087|0.0445087
97|0.0410138|0.0410138
98|0.0377361|0.0377361
99|0.0346833|0.0346833
100|0.0318501|0.0318501
101|0.0290411|0.0290411
102|0.0262329|0.0262329
103|0.0240755|0.0240755
104|0.0219204|0.0219204
105|0.0198427|0.0198427
106|0.017804|0.017804
107|0.0158692|0.0158692
108|0.0146987|0.0146987
109|0.0135923|0.0135923
110|0.0125823|0.0125823
111|0.0115993|0.0115993
112|0.0107409|0.0107409
113|0.00994111|0.00994111
EARLY STOP: TARGET FOUND
1286296ms
