1|261.531|261.531
2|240.578|240.578
3|222.126|222.126
4|203.985|203.985
5|187.4|187.4
6|170.84|170.84
7|154.647|154.647
8|139.828|139.828
9|125.097|125.097
10|110.413|110.413
11|97.4365|97.4365
12|86.0693|86.0693
13|75.9496|75.9496
14|66.6027|66.6027
15|58.4264|58.4264
16|53.6085|53.6085
17|48.8333|48.8333
18|44.3939|44.3939
19|40.0362|40.0362
20|35.8402|35.8402
21|32.2173|32.2173
22|28.8694|28.8694
23|25.6046|25.6046
24|23.0219|23.0219
25|20.863|20.863
26|19.6668|19.6668
27|18.4867|18.4867
28|17.3279|17.3279
29|16.2961|16.2961
30|15.2703|15.2703
31|14.2554|14.2554
32|13.2646|13.2646
33|12.297|12.297
34|11.3469|11.3469
35|10.4777|10.4777
36|9.63472|9.63472
37|8.83748|8.83748
38|8.04338|8.04338
39|7.24959|7.24959
40|6.64995|6.64995
41|6.06728|6.06728
42|5.50664|5.50664
43|5.02472|5.02472
44|4.5796|4.5796
45|4.27541|4.27541
46|3.98451|3.98451
47|3.70165|3.70165
48|3.42943|3.42943
49|3.18267|3.18267
50|2.9562|2.9562
51|2.74753|2.74753
52|2.54185|2.54185
53|2.34159|2.34159
54|2.14519|2.14519
55|1.95695|1.95695
56|1.78036|1.78036
57|1.61253|1.61253
58|1.46776|1.46776
59|1.33407|1.33407
60|1.20667|1.20667
61|1.09238|1.09238
62|1.01656|1.01656
63|0.941265|0.941265
64|0.869954|0.869954
65|0.79943|0.79943
66|0.728982|0.728982
67|0.660333|0.660333
68|0.595703|0.595703
69|0.536395|0.536395
70|0.489816|0.489816
71|0.450355|0.450355
72|0.411272|0.411272
73|0.374836|0.374836
74|0.3473|0.3473
75|0.321257|0.321257
76|0.302549|0.302549
77|0.284101|0.284101
78|0.266038|0.266038
79|0.248684|0.248684
80|0.231583|0.231583
81|0.215128|0.215128
82|0.199066|0.199066
83|0.183042|0.183042
84|0.167808|0.167808
85|0.152684|0.152684
86|0.137625|0.137625
87|0.12451|0.12451
88|0.11203|0.11203
89|0.0998805|0.0998805
90|0.0894266|0.0894266
91|0.0794695|0.0794695
92|0.0749152|0.0749152
93|0.0704914|0.0704914
94|0.0662597|0.0662597
95|0.0623828|0.0623828
96|0.0586324|0.0586324
97|0.0549359|0.0549359
98|0.051291|0.051291
99|0.0478632|0.0478632
100|0.0446324|0.0446324
101|0.0414202|0.0414202
102|0.0385003|0.0385003
103|0.0356835|0.0356835
104|0.0329214|0.0329214
105|0.0301616|0.0301616
106|0.0274323|0.0274323
107|0.0247241|0.0247241
108|0.0224136|0.0224136
109|0.0205483|0.0205483
110|0.0187776|0.0187776
111|0.0170202|0.0170202
112|0.0158579|0.0158579
113|0.0147378|0.0147378
114|0.0136606|0.0136606
115|0.0126233|0.0126233
116|0.0116114|0.0116114
117|0.0106569|0.0106569
118|0.00974108|0.00974108
EARLY STOP: TARGET FOUND
1346928ms
