1|76.132|76.132
2|57.1378|57.1378
3|42.1669|42.1669
4|33.9368|33.9368
5|23.3912|23.3912
6|17.9307|17.9307
7|12.703|12.703
8|9.43528|9.43528
9|7.02226|7.02226
10|6.02159|6.02159
11|5.19323|5.19323
12|4.83585|4.83585
13|4.6516|4.6516
14|4.57633|4.57633
15|4.54336|4.54336
16|4.52045|4.52045
17|4.50829|4.50829
18|4.49955|4.49955
19|4.49083|4.49083
20|4.48309|4.48309
21|4.47878|4.47878
22|4.47447|4.47447
23|4.47153|4.47153
24|4.46949|4.46949
25|4.46841|4.46841
26|4.46776|4.46776
27|4.46744|4.46744
28|4.46717|4.46717
29|4.46702|4.46702
30|4.46688|4.46688
31|4.46676|4.46676
32|4.46667|4.46667
33|4.46663|4.46663
34|4.46662|4.46662
35|4.46662|4.46662
36|4.46662|4.46662
37|4.46662|4.46662
38|4.46662|4.46662
39|4.46662|4.46662
40|4.46662|4.46662
41|4.46662|4.46662
42|4.46662|4.46662
43|4.46662|4.46662
44|4.46662|4.46662
45|4.46662|4.46662
46|4.46662|4.46662
47|4.46662|4.46662
48|4.46662|4.46662
49|4.46662|4.46662
50|4.46662|4.46662
51|4.46662|4.46662
52|4.46662|4.46662
53|4.46662|4.46662
54|4.46662|4.46662
55|4.46662|4.46662
56|4.46662|4.46662
57|4.46662|4.46662
58|4.46662|4.46662
59|4.46662|4.46662
60|4.46662|4.46662
61|4.46662|4.46662
62|4.46662|4.46662
63|4.46662|4.46662
64|4.46662|4.46662
65|4.46662|4.46662
66|4.46662|4.46662
67|4.46662|4.46662
68|4.46662|4.46662
69|4.46662|4.46662
70|4.46662|4.46662
71|4.46662|4.46662
72|4.46662|4.46662
73|4.46662|4.46662
74|4.46662|4.46662
75|4.46662|4.46662
76|4.46662|4.46662
77|4.46662|4.46662
78|4.46662|4.46662
79|4.46662|4.46662
80|4.46662|4.46662
81|4.46662|4.46662
82|4.46662|4.46662
83|4.46662|4.46662
84|4.46662|4.46662
85|4.46662|4.46662
86|4.46662|4.46662
87|4.46662|4.46662
88|4.46662|4.46662
89|4.46662|4.46662
90|4.46662|4.46662
91|4.46662|4.46662
92|4.46662|4.46662
93|4.46662|4.46662
94|4.46662|4.46662
95|4.46662|4.46662
96|4.46662|4.46662
97|4.46662|4.46662
98|4.46662|4.46662
99|4.46662|4.46662
100|4.46662|4.46662
101|4.46662|4.46662
102|4.46662|4.46662
103|4.46662|4.46662
104|4.46662|4.46662
105|4.46662|4.46662
106|4.46662|4.46662
107|4.46662|4.46662
108|4.46662|4.46662
109|4.46662|4.46662
110|4.46662|4.46662
111|4.46662|4.46662
112|4.46662|4.46662
113|4.46662|4.46662
114|4.46662|4.46662
115|4.46662|4.46662
116|4.46662|4.46662
117|4.46662|4.46662
118|4.46662|4.46662
119|4.46662|4.46662
120|4.46662|4.46662
121|4.46662|4.46662
122|4.46662|4.46662
123|4.46662|4.46662
124|4.46662|4.46662
125|4.46662|4.46662
126|4.46662|4.46662
127|4.46662|4.46662
128|4.46662|4.46662
129|4.46662|4.46662
130|4.46662|4.46662
131|4.46662|4.46662
132|4.46662|4.46662
133|4.46662|4.46662
134|4.46662|4.46662
135|4.46662|4.46662
136|4.46662|4.46662
137|4.46662|4.46662
138|4.46662|4.46662
139|4.46662|4.46662
140|4.46662|4.46662
141|4.46662|4.46662
142|4.46662|4.46662
143|4.46662|4.46662
144|4.46662|4.46662
145|4.46662|4.46662
146|4.46662|4.46662
147|4.46662|4.46662
148|4.46662|4.46662
149|4.46662|4.46662
150|4.46662|4.46662
151|4.46662|4.46662
152|4.46662|4.46662
153|4.46662|4.46662
154|4.46662|4.46662
155|4.46662|4.46662
156|4.46662|4.46662
157|4.46662|4.46662
158|4.46662|4.46662
159|4.46662|4.46662
160|4.46662|4.46662
161|4.46662|4.46662
162|4.46662|4.46662
163|4.46662|4.46662
164|4.46662|4.46662
165|4.46662|4.46662
166|4.46662|4.46662
167|4.46662|4.46662
168|4.46662|4.46662
169|4.46662|4.46662
170|4.46662|4.46662
171|4.46662|4.46662
172|4.46662|4.46662
173|4.46662|4.46662
174|4.46662|4.46662
175|4.46662|4.46662
176|4.46662|4.46662
177|4.46662|4.46662
178|4.46662|4.46662
179|4.46662|4.46662
180|4.46662|4.46662
181|4.46662|4.46662
182|4.46662|4.46662
183|4.46662|4.46662
184|4.46662|4.46662
EARLY STOP: TARGET FOUND
73207ms
