1|45.005|45.005
2|35.0548|35.0548
3|25.4862|25.4862
4|16.9089|16.9089
5|12.7025|12.7025
6|8.70138|8.70138
7|5.37151|5.37151
8|4.49709|4.49709
9|3.64538|3.64538
10|2.87363|2.87363
11|2.21432|2.21432
12|1.77476|1.77476
13|1.33863|1.33863
14|1.06416|1.06416
15|0.814879|0.814879
16|0.658531|0.658531
17|0.507978|0.507978
18|0.377968|0.377968
19|0.259315|0.259315
20|0.194376|0.194376
21|0.13394|0.13394
22|0.0861007|0.0861007
23|0.0492741|0.0492741
24|0.0360045|0.0360045
25|0.0249865|0.0249865
26|0.0178998|0.0178998
27|0.0134806|0.0134806
28|0.00952086|0.00952086
EARLY STOP: TARGET FOUND
38976ms
