1|-507.118|-507.118
2|-1032.09|-1032.09
3|-1269.95|-1269.95
4|-1458.4|-1458.4
5|-1686.35|-1686.35
6|-1867.35|-1867.35
7|-2039.61|-2039.61
8|-2200.75|-2200.75
9|-2348.63|-2348.63
10|-2477.59|-2477.59
11|-2643.62|-2643.62
12|-2755.54|-2755.54
13|-2856.41|-2856.41
14|-2951.5|-2951.5
15|-3045.01|-3045.01
16|-3095.88|-3095.88
17|-3138.58|-3138.58
18|-3174.12|-3174.12
19|-3197.18|-3197.18
20|-3217.71|-3217.71
21|-3237.78|-3237.78
22|-3246.74|-3246.74
23|-3255.46|-3255.46
24|-3262.69|-3262.69
25|-3267.98|-3267.98
26|-3272.12|-3272.12
27|-3275.51|-3275.51
28|-3278.15|-3278.15
29|-3280.33|-3280.33
30|-3282.37|-3282.37
31|-3283.69|-3283.69
32|-3284.44|-3284.44
33|-3285.1|-3285.1
34|-3285.57|-3285.57
35|-3285.97|-3285.97
36|-3286.33|-3286.33
37|-3286.63|-3286.63
38|-3286.88|-3286.88
39|-3287.13|-3287.13
40|-3287.37|-3287.37
41|-3287.73|-3287.73
42|-3287.9|-3287.9
43|-3288.03|-3288.03
44|-3288.16|-3288.16
45|-3288.29|-3288.29
46|-3288.35|-3288.35
47|-3288.42|-3288.42
48|-3288.46|-3288.46
49|-3288.5|-3288.5
50|-3288.53|-3288.53
51|-3288.57|-3288.57
52|-3288.6|-3288.6
53|-3288.63|-3288.63
54|-3288.65|-3288.65
55|-3288.66|-3288.66
56|-3288.68|-3288.68
57|-3288.69|-3288.69
58|-3288.7|-3288.7
59|-3288.71|-3288.71
60|-3288.71|-3288.71
61|-3288.72|-3288.72
62|-3288.73|-3288.73
63|-3288.73|-3288.73
64|-3288.74|-3288.74
65|-3288.74|-3288.74
66|-3288.74|-3288.74
67|-3288.75|-3288.75
68|-3288.75|-3288.75
69|-3288.75|-3288.75
70|-3288.76|-3288.76
71|-3288.76|-3288.76
72|-3288.76|-3288.76
73|-3288.76|-3288.76
74|-3288.76|-3288.76
75|-3288.76|-3288.76
76|-3288.76|-3288.76
77|-3288.76|-3288.76
78|-3288.77|-3288.77
79|-3288.77|-3288.77
80|-3288.77|-3288.77
81|-3288.77|-3288.77
82|-3288.77|-3288.77
83|-3288.77|-3288.77
84|-3288.77|-3288.77
85|-3288.77|-3288.77
86|-3288.77|-3288.77
87|-3288.77|-3288.77
88|-3288.77|-3288.77
89|-3288.77|-3288.77
90|-3288.77|-3288.77
91|-3288.77|-3288.77
92|-3288.77|-3288.77
93|-3288.77|-3288.77
94|-3288.77|-3288.77
95|-3288.77|-3288.77
96|-3288.77|-3288.77
97|-3288.77|-3288.77
98|-3288.77|-3288.77
99|-3288.77|-3288.77
100|-3288.77|-3288.77
101|-3288.77|-3288.77
102|-3288.77|-3288.77
103|-3288.77|-3288.77
104|-3288.77|-3288.77
105|-3288.77|-3288.77
106|-3288.77|-3288.77
107|-3288.77|-3288.77
108|-3288.77|-3288.77
109|-3288.77|-3288.77
110|-3288.77|-3288.77
111|-3288.77|-3288.77
112|-3288.77|-3288.77
113|-3288.77|-3288.77
114|-3288.77|-3288.77
115|-3288.77|-3288.77
116|-3288.77|-3288.77
117|-3288.77|-3288.77
118|-3288.77|-3288.77
119|-3288.77|-3288.77
120|-3288.77|-3288.77
121|-3288.77|-3288.77
122|-3288.77|-3288.77
123|-3288.77|-3288.77
124|-3288.77|-3288.77
125|-3288.77|-3288.77
126|-3288.77|-3288.77
127|-3288.77|-3288.77
128|-3288.77|-3288.77
129|-3288.77|-3288.77
130|-3288.77|-3288.77
131|-3288.77|-3288.77
132|-3288.77|-3288.77
133|-3288.77|-3288.77
134|-3288.77|-3288.77
135|-3288.77|-3288.77
136|-3288.77|-3288.77
137|-3288.77|-3288.77
138|-3288.77|-3288.77
139|-3288.77|-3288.77
140|-3288.77|-3288.77
141|-3288.77|-3288.77
142|-3288.77|-3288.77
143|-3288.77|-3288.77
144|-3288.77|-3288.77
145|-3288.77|-3288.77
146|-3288.77|-3288.77
147|-3288.77|-3288.77
148|-3288.77|-3288.77
149|-3288.77|-3288.77
150|-3288.77|-3288.77
151|-3288.77|-3288.77
152|-3288.77|-3288.77
153|-3288.77|-3288.77
154|-3288.77|-3288.77
155|-3288.77|-3288.77
156|-3288.77|-3288.77
157|-3288.77|-3288.77
158|-3288.77|-3288.77
159|-3288.77|-3288.77
160|-3288.77|-3288.77
161|-3288.77|-3288.77
162|-3288.77|-3288.77
163|-3288.77|-3288.77
164|-3288.77|-3288.77
165|-3288.77|-3288.77
166|-3288.77|-3288.77
167|-3288.77|-3288.77
168|-3288.77|-3288.77
169|-3288.77|-3288.77
170|-3288.77|-3288.77
171|-3288.77|-3288.77
172|-3288.77|-3288.77
173|-3288.77|-3288.77
174|-3288.77|-3288.77
175|-3288.77|-3288.77
176|-3288.77|-3288.77
177|-3288.77|-3288.77
178|-3288.77|-3288.77
179|-3288.77|-3288.77
180|-3288.77|-3288.77
181|-3288.77|-3288.77
182|-3288.77|-3288.77
183|-3288.77|-3288.77
184|-3288.77|-3288.77
185|-3288.77|-3288.77
186|-3288.77|-3288.77
187|-3288.77|-3288.77
188|-3288.77|-3288.77
189|-3288.77|-3288.77
190|-3288.77|-3288.77
191|-3288.77|-3288.77
192|-3288.77|-3288.77
193|-3288.77|-3288.77
194|-3288.77|-3288.77
195|-3288.77|-3288.77
196|-3288.77|-3288.77
197|-3288.77|-3288.77
198|-3288.77|-3288.77
199|-3288.77|-3288.77
200|-3288.77|-3288.77
201|-3288.77|-3288.77
202|-3288.77|-3288.77
203|-3288.77|-3288.77
204|-3288.77|-3288.77
205|-3288.77|-3288.77
206|-3288.77|-3288.77
207|-3288.77|-3288.77
208|-3288.77|-3288.77
209|-3288.77|-3288.77
210|-3288.77|-3288.77
211|-3288.77|-3288.77
212|-3288.77|-3288.77
213|-3288.77|-3288.77
214|-3288.77|-3288.77
215|-3288.77|-3288.77
216|-3288.77|-3288.77
217|-3288.77|-3288.77
218|-3288.77|-3288.77
219|-3288.77|-3288.77
220|-3288.77|-3288.77
221|-3288.77|-3288.77
222|-3288.77|-3288.77
223|-3288.77|-3288.77
224|-3288.77|-3288.77
225|-3288.77|-3288.77
226|-3288.77|-3288.77
227|-3288.77|-3288.77
228|-3288.77|-3288.77
229|-3288.77|-3288.77
230|-3288.77|-3288.77
EARLY STOP: TARGET FOUND
466927ms
