1|-0.699612|-0.699612
2|-1.07715|-1.07715
3|-1.55225|-1.55225
4|-1.88087|-1.88087
5|-2.1551|-2.1551
6|-2.33178|-2.33178
7|-2.48774|-2.48774
8|-2.62628|-2.62628
9|-2.73551|-2.73551
10|-2.82721|-2.82721
11|-2.85198|-2.85198
12|-3.66133|-3.66133
13|-3.68378|-3.68378
14|-3.70428|-3.70428
15|-3.71454|-3.71454
16|-3.72309|-3.72309
17|-3.72865|-3.72865
18|-3.73378|-3.73378
19|-3.73634|-3.73634
20|-3.73786|-3.73786
21|-3.73924|-3.73924
22|-3.73988|-3.73988
23|-3.74039|-3.74039
24|-3.74073|-3.74073
25|-3.74096|-3.74096
26|-3.741|-3.741
27|-3.74101|-3.74101
28|-3.74102|-3.74102
29|-3.74102|-3.74102
30|-3.74102|-3.74102
31|-3.74102|-3.74102
32|-3.74102|-3.74102
33|-3.74102|-3.74102
34|-3.74102|-3.74102
35|-3.74102|-3.74102
36|-3.74102|-3.74102
37|-3.74102|-3.74102
38|-3.74102|-3.74102
39|-3.74102|-3.74102
40|-3.74102|-3.74102
41|-3.74102|-3.74102
42|-3.74102|-3.74102
43|-3.74102|-3.74102
44|-3.74102|-3.74102
45|-3.74102|-3.74102
46|-3.74102|-3.74102
47|-3.74102|-3.74102
48|-3.74102|-3.74102
49|-3.74102|-3.74102
50|-3.74102|-3.74102
51|-3.74102|-3.74102
52|-3.74102|-3.74102
53|-3.74102|-3.74102
54|-3.74102|-3.74102
55|-3.74102|-3.74102
56|-3.74102|-3.74102
57|-3.74102|-3.74102
58|-3.74102|-3.74102
59|-3.74102|-3.74102
60|-3.74102|-3.74102
61|-3.74102|-3.74102
62|-3.74102|-3.74102
63|-3.74102|-3.74102
64|-3.74102|-3.74102
65|-3.74102|-3.74102
66|-3.74102|-3.74102
67|-3.74102|-3.74102
68|-3.74102|-3.74102
69|-3.74102|-3.74102
70|-3.74102|-3.74102
71|-3.74102|-3.74102
72|-3.74102|-3.74102
73|-3.74102|-3.74102
74|-3.74102|-3.74102
75|-3.74102|-3.74102
76|-3.74102|-3.74102
77|-3.74102|-3.74102
78|-3.74102|-3.74102
79|-3.74102|-3.74102
80|-3.74102|-3.74102
81|-3.74102|-3.74102
82|-3.74102|-3.74102
83|-3.74102|-3.74102
84|-3.74102|-3.74102
85|-3.74102|-3.74102
86|-3.74102|-3.74102
87|-3.74102|-3.74102
88|-3.74102|-3.74102
89|-3.74102|-3.74102
90|-3.74102|-3.74102
91|-3.74102|-3.74102
92|-3.74102|-3.74102
93|-3.74102|-3.74102
94|-3.74102|-3.74102
95|-3.74102|-3.74102
96|-3.74102|-3.74102
97|-3.74102|-3.74102
98|-3.74102|-3.74102
99|-3.74102|-3.74102
100|-3.74102|-3.74102
101|-3.74102|-3.74102
102|-3.74102|-3.74102
103|-3.74102|-3.74102
104|-3.74102|-3.74102
105|-3.74102|-3.74102
106|-3.74102|-3.74102
107|-3.74102|-3.74102
108|-3.74102|-3.74102
109|-3.74102|-3.74102
110|-3.74102|-3.74102
111|-3.74102|-3.74102
112|-3.74102|-3.74102
113|-3.74102|-3.74102
114|-3.74102|-3.74102
115|-3.74102|-3.74102
116|-3.74102|-3.74102
117|-3.74102|-3.74102
118|-3.74102|-3.74102
119|-3.74102|-3.74102
120|-3.74102|-3.74102
121|-3.74102|-3.74102
122|-3.74102|-3.74102
123|-3.74102|-3.74102
124|-3.74102|-3.74102
125|-3.74102|-3.74102
126|-3.74102|-3.74102
127|-3.74102|-3.74102
128|-3.74102|-3.74102
129|-3.74102|-3.74102
130|-3.74102|-3.74102
131|-3.74102|-3.74102
132|-3.74102|-3.74102
133|-3.74102|-3.74102
134|-3.74102|-3.74102
135|-3.74102|-3.74102
136|-3.74102|-3.74102
137|-3.74102|-3.74102
138|-3.74102|-3.74102
139|-3.74102|-3.74102
140|-3.74102|-3.74102
141|-3.74102|-3.74102
142|-3.74102|-3.74102
143|-3.74102|-3.74102
144|-3.74102|-3.74102
145|-3.74102|-3.74102
146|-3.74102|-3.74102
147|-3.74102|-3.74102
148|-3.74102|-3.74102
149|-3.74102|-3.74102
150|-3.74102|-3.74102
151|-3.74102|-3.74102
152|-3.74102|-3.74102
153|-3.74102|-3.74102
154|-3.74102|-3.74102
155|-3.74102|-3.74102
156|-3.74102|-3.74102
157|-3.74102|-3.74102
158|-3.74102|-3.74102
159|-3.74102|-3.74102
160|-3.74102|-3.74102
161|-3.74102|-3.74102
162|-3.74102|-3.74102
163|-3.74102|-3.74102
164|-3.74102|-3.74102
165|-3.74102|-3.74102
166|-3.74102|-3.74102
167|-3.74102|-3.74102
168|-3.74102|-3.74102
169|-3.74102|-3.74102
170|-3.74102|-3.74102
171|-3.74102|-3.74102
172|-3.74102|-3.74102
173|-3.74102|-3.74102
174|-3.74102|-3.74102
175|-3.74102|-3.74102
176|-3.74102|-3.74102
177|-3.74102|-3.74102
178|-3.74102|-3.74102
179|-3.74102|-3.74102
180|-3.74102|-3.74102
181|-3.74102|-3.74102
182|-3.74102|-3.74102
EARLY STOP: TARGET FOUND
69669ms
