1|-1.42787|-1.42787
2|-2.23337|-2.23337
3|-2.81928|-2.81928
4|-3.33602|-3.33602
5|-3.71764|-3.71764
6|-4.03895|-4.03895
7|-4.34856|-4.34856
8|-4.62815|-4.62815
9|-4.78386|-4.78386
10|-5.6099|-5.6099
11|-5.68769|-5.68769
12|-5.74931|-5.74931
13|-5.80257|-5.80257
14|-5.84746|-5.84746
15|-5.86452|-5.86452
16|-5.87929|-5.87929
17|-5.89083|-5.89083
18|-5.90099|-5.90099
19|-5.90816|-5.90816
20|-5.91512|-5.91512
21|-5.92093|-5.92093
22|-5.92639|-5.92639
23|-5.93098|-5.93098
24|-5.93437|-5.93437
25|-5.93752|-5.93752
26|-5.9405|-5.9405
27|-5.94341|-5.94341
28|-5.94595|-5.94595
29|-5.94763|-5.94763
30|-5.94908|-5.94908
31|-5.95048|-5.95048
32|-5.95151|-5.95151
33|-5.95234|-5.95234
34|-5.953|-5.953
35|-5.95343|-5.95343
36|-5.95384|-5.95384
37|-5.95418|-5.95418
38|-5.95447|-5.95447
39|-5.95476|-5.95476
40|-5.95503|-5.95503
41|-5.95524|-5.95524
42|-5.95545|-5.95545
43|-5.95563|-5.95563
44|-5.9558|-5.9558
45|-5.95597|-5.95597
46|-5.95607|-5.95607
47|-5.95616|-5.95616
48|-5.95623|-5.95623
49|-5.9563|-5.9563
50|-5.95634|-5.95634
51|-5.95637|-5.95637
52|-5.95639|-5.95639
53|-5.9564|-5.9564
54|-5.95641|-5.95641
55|-5.95642|-5.95642
56|-5.95643|-5.95643
57|-5.95643|-5.95643
58|-5.95643|-5.95643
59|-5.95643|-5.95643
60|-5.95644|-5.95644
61|-5.95644|-5.95644
62|-5.95644|-5.95644
63|-5.95644|-5.95644
64|-5.95644|-5.95644
65|-5.95644|-5.95644
66|-5.95644|-5.95644
67|-5.95644|-5.95644
68|-5.95644|-5.95644
69|-5.95644|-5.95644
70|-5.95644|-5.95644
71|-5.95644|-5.95644
72|-5.95644|-5.95644
73|-5.95644|-5.95644
74|-5.95644|-5.95644
75|-5.95644|-5.95644
76|-5.95644|-5.95644
77|-5.95644|-5.95644
78|-5.95644|-5.95644
79|-5.95644|-5.95644
80|-5.95644|-5.95644
81|-5.95644|-5.95644
82|-5.95644|-5.95644
83|-5.95644|-5.95644
84|-5.95644|-5.95644
85|-5.95644|-5.95644
86|-5.95644|-5.95644
87|-5.95644|-5.95644
88|-5.95644|-5.95644
89|-5.95644|-5.95644
90|-5.95644|-5.95644
91|-5.95644|-5.95644
92|-5.95644|-5.95644
93|-5.95644|-5.95644
94|-5.95644|-5.95644
95|-5.95644|-5.95644
96|-5.95644|-5.95644
97|-5.95644|-5.95644
98|-5.95644|-5.95644
99|-5.95644|-5.95644
100|-5.95644|-5.95644
101|-5.95644|-5.95644
102|-5.95644|-5.95644
103|-5.95644|-5.95644
104|-5.95644|-5.95644
105|-5.95644|-5.95644
106|-5.95644|-5.95644
107|-5.95644|-5.95644
108|-5.95644|-5.95644
109|-5.95644|-5.95644
110|-5.95644|-5.95644
111|-5.95644|-5.95644
112|-5.95644|-5.95644
113|-5.95644|-5.95644
114|-5.95644|-5.95644
115|-5.95644|-5.95644
116|-5.95644|-5.95644
117|-5.95644|-5.95644
118|-5.95644|-5.95644
119|-5.95644|-5.95644
120|-5.95644|-5.95644
121|-5.95644|-5.95644
122|-5.95644|-5.95644
123|-5.95644|-5.95644
124|-5.95644|-5.95644
125|-5.95644|-5.95644
126|-5.95644|-5.95644
127|-5.95644|-5.95644
128|-5.95644|-5.95644
129|-5.95644|-5.95644
130|-5.95644|-5.95644
131|-5.95644|-5.95644
132|-5.95644|-5.95644
133|-5.95644|-5.95644
134|-5.95644|-5.95644
135|-5.95644|-5.95644
136|-5.95644|-5.95644
137|-5.95644|-5.95644
138|-5.95644|-5.95644
139|-5.95644|-5.95644
140|-5.95644|-5.95644
141|-5.95644|-5.95644
142|-5.95644|-5.95644
143|-5.95644|-5.95644
144|-5.95644|-5.95644
145|-5.95644|-5.95644
146|-5.95644|-5.95644
147|-5.95644|-5.95644
148|-5.95644|-5.95644
149|-5.95644|-5.95644
150|-5.95644|-5.95644
151|-5.95644|-5.95644
152|-5.95644|-5.95644
153|-5.95644|-5.95644
154|-5.95644|-5.95644
155|-5.95644|-5.95644
156|-5.95644|-5.95644
157|-5.95644|-5.95644
158|-5.95644|-5.95644
159|-5.95644|-5.95644
160|-5.95644|-5.95644
161|-5.95644|-5.95644
162|-5.95644|-5.95644
163|-5.95644|-5.95644
164|-5.95644|-5.95644
165|-5.95644|-5.95644
166|-5.95644|-5.95644
167|-5.95644|-5.95644
168|-5.95644|-5.95644
169|-5.95644|-5.95644
170|-5.95644|-5.95644
171|-5.95644|-5.95644
172|-5.95644|-5.95644
173|-5.95644|-5.95644
174|-5.95644|-5.95644
175|-5.95644|-5.95644
176|-5.95644|-5.95644
177|-5.95644|-5.95644
178|-5.95644|-5.95644
179|-5.95644|-5.95644
180|-5.95644|-5.95644
181|-5.95644|-5.95644
182|-5.95644|-5.95644
183|-5.95644|-5.95644
184|-5.95644|-5.95644
185|-5.95644|-5.95644
186|-5.95644|-5.95644
187|-5.95644|-5.95644
188|-5.95644|-5.95644
189|-5.95644|-5.95644
190|-5.95644|-5.95644
191|-5.95644|-5.95644
192|-5.95644|-5.95644
193|-5.95644|-5.95644
194|-5.95644|-5.95644
195|-5.95644|-5.95644
196|-5.95644|-5.95644
197|-5.95644|-5.95644
198|-5.95644|-5.95644
199|-5.95644|-5.95644
200|-5.95644|-5.95644
201|-5.95644|-5.95644
202|-5.95644|-5.95644
203|-5.95644|-5.95644
204|-5.95644|-5.95644
205|-5.95644|-5.95644
206|-5.95644|-5.95644
207|-5.95644|-5.95644
208|-5.95644|-5.95644
209|-5.95644|-5.95644
210|-5.95644|-5.95644
211|-5.95644|-5.95644
212|-5.95644|-5.95644
213|-5.95644|-5.95644
214|-5.95644|-5.95644
215|-5.95644|-5.95644
216|-5.95644|-5.95644
217|-5.95644|-5.95644
218|-5.95644|-5.95644
EARLY STOP: TARGET FOUND
311384ms
