1|194.827|194.827
2|166.1|166.1
3|138.216|138.216
4|112.635|112.635
5|87.1712|87.1712
6|67.3368|67.3368
7|49.8959|49.8959
8|42.0901|42.0901
9|34.6797|34.6797
10|28.9543|28.9543
11|25.7323|25.7323
12|24.3747|24.3747
13|23.4295|23.4295
14|21.9524|21.9524
15|18.5507|18.5507
16|17.7877|17.7877
17|17.3147|17.3147
18|16.9129|16.9129
19|16.5614|16.5614
20|16.3295|16.3295
21|16.1484|16.1484
22|15.9983|15.9983
23|15.8677|15.8677
24|15.7582|15.7582
25|15.6741|15.6741
26|15.5971|15.5971
27|15.5207|15.5207
28|15.493|15.493
29|15.4752|15.4752
30|15.4576|15.4576
31|15.4448|15.4448
32|15.4362|15.4362
33|15.4301|15.4301
34|15.4247|15.4247
35|15.4204|15.4204
36|15.4177|15.4177
37|15.415|15.415
38|15.4126|15.4126
39|15.4104|15.4104
40|15.4092|15.4092
41|15.4085|15.4085
42|15.408|15.408
43|15.4076|15.4076
44|15.4072|15.4072
45|15.4069|15.4069
46|15.4067|15.4067
47|15.4065|15.4065
48|15.4064|15.4064
49|15.4063|15.4063
50|15.4062|15.4062
51|15.4062|15.4062
52|15.4062|15.4062
53|15.4062|15.4062
54|15.4061|15.4061
55|15.4061|15.4061
56|15.4061|15.4061
57|15.4061|15.4061
58|15.4061|15.4061
59|15.4061|15.4061
60|15.4061|15.4061
61|15.4061|15.4061
62|15.4061|15.4061
63|15.4061|15.4061
64|15.4061|15.4061
65|15.4061|15.4061
66|15.4061|15.4061
67|15.4061|15.4061
68|15.4061|15.4061
69|15.4061|15.4061
70|15.4061|15.4061
71|15.4061|15.4061
72|15.4061|15.4061
73|15.4061|15.4061
74|15.4061|15.4061
75|15.4061|15.4061
76|15.4061|15.4061
77|15.4061|15.4061
78|15.4061|15.4061
79|15.4061|15.4061
80|15.4061|15.4061
81|15.4061|15.4061
82|15.4061|15.4061
83|15.4061|15.4061
84|15.4061|15.4061
85|15.4061|15.4061
86|15.4061|15.4061
87|15.4061|15.4061
88|15.4061|15.4061
89|15.4061|15.4061
90|15.4061|15.4061
91|15.4061|15.4061
92|15.4061|15.4061
93|15.4061|15.4061
94|15.4061|15.4061
95|15.4061|15.4061
96|15.4061|15.4061
97|15.4061|15.4061
98|15.4061|15.4061
99|15.4061|15.4061
100|15.4061|15.4061
101|15.4061|15.4061
102|15.4061|15.4061
103|15.4061|15.4061
104|15.4061|15.4061
105|15.4061|15.4061
106|15.4061|15.4061
107|15.4061|15.4061
108|15.4061|15.4061
109|15.4061|15.4061
110|15.4061|15.4061
111|15.4061|15.4061
112|15.4061|15.4061
113|15.4061|15.4061
114|15.4061|15.4061
115|15.4061|15.4061
116|15.4061|15.4061
117|15.4061|15.4061
118|15.4061|15.4061
119|15.4061|15.4061
120|15.4061|15.4061
121|15.4061|15.4061
122|15.4061|15.4061
123|15.4061|15.4061
124|15.4061|15.4061
125|15.4061|15.4061
126|15.4061|15.4061
127|15.4061|15.4061
128|15.4061|15.4061
129|15.4061|15.4061
130|15.4061|15.4061
131|15.4061|15.4061
132|15.4061|15.4061
133|15.4061|15.4061
134|15.4061|15.4061
135|15.4061|15.4061
136|15.4061|15.4061
137|15.4061|15.4061
138|15.4061|15.4061
139|15.4061|15.4061
140|15.4061|15.4061
141|15.4061|15.4061
142|15.4061|15.4061
143|15.4061|15.4061
144|15.4061|15.4061
145|15.4061|15.4061
146|15.4061|15.4061
147|15.4061|15.4061
148|15.4061|15.4061
149|15.4061|15.4061
150|15.4061|15.4061
151|15.4061|15.4061
152|15.4061|15.4061
153|15.4061|15.4061
154|15.4061|15.4061
155|15.4061|15.4061
156|15.4061|15.4061
157|15.4061|15.4061
158|15.4061|15.4061
159|15.4061|15.4061
160|15.4061|15.4061
161|15.4061|15.4061
162|15.4061|15.4061
163|15.4061|15.4061
164|15.4061|15.4061
165|15.4061|15.4061
166|15.4061|15.4061
167|15.4061|15.4061
168|15.4061|15.4061
169|15.4061|15.4061
170|15.4061|15.4061
171|15.4061|15.4061
172|15.4061|15.4061
173|15.4061|15.4061
174|15.4061|15.4061
175|15.4061|15.4061
176|15.4061|15.4061
177|15.4061|15.4061
178|15.4061|15.4061
179|15.4061|15.4061
180|15.4061|15.4061
181|15.4061|15.4061
182|15.4061|15.4061
183|15.4061|15.4061
184|15.4061|15.4061
185|15.4061|15.4061
186|15.4061|15.4061
187|15.4061|15.4061
188|15.4061|15.4061
189|15.4061|15.4061
190|15.4061|15.4061
191|15.4061|15.4061
192|15.4061|15.4061
193|15.4061|15.4061
194|15.4061|15.4061
195|15.4061|15.4061
196|15.4061|15.4061
197|15.4061|15.4061
198|15.4061|15.4061
199|15.4061|15.4061
200|15.4061|15.4061
201|15.4061|15.4061
202|15.4061|15.4061
203|15.4061|15.4061
204|15.4061|15.4061
205|15.4061|15.4061
206|15.4061|15.4061
207|15.4061|15.4061
208|15.4061|15.4061
209|15.4061|15.4061
210|15.4061|15.4061
EARLY STOP: TARGET FOUND
344907ms
