1|-0.829732|-0.829732
2|-1.2365|-1.2365
3|-1.70887|-1.70887
4|-1.85338|-1.85338
5|-2.0417|-2.0417
6|-2.17286|-2.17286
7|-2.29096|-2.29096
8|-2.37539|-2.37539
9|-2.43378|-2.43378
10|-3.17004|-3.17004
11|-3.21393|-3.21393
12|-3.24951|-3.24951
13|-3.25603|-3.25603
14|-3.25861|-3.25861
15|-3.26086|-3.26086
16|-3.2616|-3.2616
17|-3.26217|-3.26217
18|-3.26253|-3.26253
19|-3.26282|-3.26282
20|-3.26307|-3.26307
21|-3.26325|-3.26325
22|-3.26329|-3.26329
23|-3.26364|-3.26364
24|-3.26391|-3.26391
25|-3.2641|-3.2641
26|-3.26421|-3.26421
27|-3.26425|-3.26425
28|-3.26426|-3.26426
29|-3.26427|-3.26427
30|-3.26427|-3.26427
31|-3.26427|-3.26427
32|-3.26427|-3.26427
33|-3.26428|-3.26428
34|-3.26428|-3.26428
35|-3.26428|-3.26428
36|-3.26428|-3.26428
37|-3.26428|-3.26428
38|-3.26428|-3.26428
39|-3.26428|-3.26428
40|-3.26428|-3.26428
41|-3.26428|-3.26428
42|-3.26428|-3.26428
43|-3.26428|-3.26428
44|-3.26428|-3.26428
45|-3.26428|-3.26428
46|-3.26428|-3.26428
47|-3.26428|-3.26428
48|-3.26428|-3.26428
49|-3.26428|-3.26428
50|-3.26428|-3.26428
51|-3.26428|-3.26428
52|-3.26428|-3.26428
53|-3.26428|-3.26428
54|-3.26428|-3.26428
55|-3.26428|-3.26428
56|-3.26428|-3.26428
57|-3.26428|-3.26428
58|-3.26428|-3.26428
59|-3.26428|-3.26428
60|-3.26428|-3.26428
61|-3.26428|-3.26428
62|-3.26428|-3.26428
63|-3.26428|-3.26428
64|-3.26428|-3.26428
65|-3.26428|-3.26428
66|-3.26428|-3.26428
67|-3.26428|-3.26428
68|-3.26428|-3.26428
69|-3.26428|-3.26428
70|-3.26428|-3.26428
71|-3.26428|-3.26428
72|-3.26428|-3.26428
73|-3.26428|-3.26428
74|-3.26428|-3.26428
75|-3.26428|-3.26428
76|-3.26428|-3.26428
77|-3.26428|-3.26428
78|-3.26428|-3.26428
79|-3.26428|-3.26428
80|-3.26428|-3.26428
81|-3.26428|-3.26428
82|-3.26428|-3.26428
83|-3.26428|-3.26428
84|-3.26428|-3.26428
85|-3.26428|-3.26428
86|-3.26428|-3.26428
87|-3.26428|-3.26428
88|-3.26428|-3.26428
89|-3.26428|-3.26428
90|-3.26428|-3.26428
91|-3.26428|-3.26428
92|-3.26428|-3.26428
93|-3.26428|-3.26428
94|-3.26428|-3.26428
95|-3.26428|-3.26428
96|-3.26428|-3.26428
97|-3.26428|-3.26428
98|-3.26428|-3.26428
99|-3.26428|-3.26428
100|-3.26428|-3.26428
101|-3.26428|-3.26428
102|-3.26428|-3.26428
103|-3.26428|-3.26428
104|-3.26428|-3.26428
105|-3.26428|-3.26428
106|-3.26428|-3.26428
107|-3.26428|-3.26428
108|-3.26428|-3.26428
109|-3.26428|-3.26428
110|-3.26428|-3.26428
111|-3.26428|-3.26428
112|-3.26428|-3.26428
113|-3.26428|-3.26428
114|-3.26428|-3.26428
115|-3.26428|-3.26428
116|-3.26428|-3.26428
117|-3.26428|-3.26428
118|-3.26428|-3.26428
119|-3.26428|-3.26428
120|-3.26428|-3.26428
121|-3.26428|-3.26428
122|-3.26428|-3.26428
123|-3.26428|-3.26428
124|-3.26428|-3.26428
125|-3.26428|-3.26428
126|-3.26428|-3.26428
127|-3.26428|-3.26428
128|-3.26428|-3.26428
129|-3.26428|-3.26428
130|-3.26428|-3.26428
131|-3.26428|-3.26428
132|-3.26428|-3.26428
133|-3.26428|-3.26428
134|-3.26428|-3.26428
135|-3.26428|-3.26428
136|-3.26428|-3.26428
137|-3.26428|-3.26428
138|-3.26428|-3.26428
139|-3.26428|-3.26428
140|-3.26428|-3.26428
141|-3.26428|-3.26428
142|-3.26428|-3.26428
143|-3.26428|-3.26428
144|-3.26428|-3.26428
145|-3.26428|-3.26428
146|-3.26428|-3.26428
147|-3.26428|-3.26428
148|-3.26428|-3.26428
149|-3.26428|-3.26428
150|-3.26428|-3.26428
151|-3.26428|-3.26428
152|-3.26428|-3.26428
153|-3.26428|-3.26428
154|-3.26428|-3.26428
155|-3.26428|-3.26428
156|-3.26428|-3.26428
157|-3.26428|-3.26428
158|-3.26428|-3.26428
159|-3.26428|-3.26428
160|-3.26428|-3.26428
161|-3.26428|-3.26428
162|-3.26428|-3.26428
163|-3.26428|-3.26428
164|-3.26428|-3.26428
165|-3.26428|-3.26428
166|-3.26428|-3.26428
167|-3.26428|-3.26428
168|-3.26428|-3.26428
169|-3.26428|-3.26428
170|-3.26428|-3.26428
171|-3.26428|-3.26428
172|-3.26428|-3.26428
173|-3.26428|-3.26428
174|-3.26428|-3.26428
175|-3.26428|-3.26428
176|-3.26428|-3.26428
177|-3.26428|-3.26428
178|-3.26428|-3.26428
179|-3.26428|-3.26428
180|-3.26428|-3.26428
181|-3.26428|-3.26428
182|-3.26428|-3.26428
183|-3.26428|-3.26428
184|-3.26428|-3.26428
185|-3.26428|-3.26428
EARLY STOP: TARGET FOUND
75658ms
