1|-214.731|-214.731
2|-809.015|-809.015
3|-952.18|-952.18
4|-1073.13|-1073.13
5|-1238.3|-1238.3
6|-1316.47|-1316.47
7|-1357.61|-1357.61
8|-1378.63|-1378.63
9|-1386.4|-1386.4
10|-1393.74|-1393.74
11|-1429.92|-1429.92
12|-1447.62|-1447.62
13|-1451.99|-1451.99
14|-1456.15|-1456.15
15|-1459.84|-1459.84
16|-1462.57|-1462.57
17|-1464.75|-1464.75
18|-1465.52|-1465.52
19|-1466.03|-1466.03
20|-1466.39|-1466.39
21|-1466.64|-1466.64
22|-1466.82|-1466.82
23|-1466.91|-1466.91
24|-1466.99|-1466.99
25|-1467.06|-1467.06
26|-1467.12|-1467.12
27|-1467.14|-1467.14
28|-1467.16|-1467.16
29|-1467.17|-1467.17
30|-1467.17|-1467.17
31|-1467.17|-1467.17
32|-1467.18|-1467.18
33|-1467.18|-1467.18
34|-1467.18|-1467.18
35|-1467.18|-1467.18
36|-1467.18|-1467.18
37|-1467.18|-1467.18
38|-1467.18|-1467.18
39|-1467.18|-1467.18
40|-1467.18|-1467.18
41|-1467.18|-1467.18
42|-1467.18|-1467.18
43|-1467.18|-1467.18
44|-1467.18|-1467.18
45|-1467.18|-1467.18
46|-1467.18|-1467.18
47|-1467.18|-1467.18
48|-1467.18|-1467.18
49|-1467.18|-1467.18
50|-1467.18|-1467.18
51|-1467.18|-1467.18
52|-1467.18|-1467.18
53|-1467.18|-1467.18
54|-1467.18|-1467.18
55|-1467.18|-1467.18
56|-1467.18|-1467.18
57|-1467.18|-1467.18
58|-1467.18|-1467.18
59|-1467.18|-1467.18
60|-1467.18|-1467.18
61|-1467.18|-1467.18
62|-1467.18|-1467.18
63|-1467.18|-1467.18
64|-1467.18|-1467.18
65|-1467.18|-1467.18
66|-1467.18|-1467.18
67|-1467.18|-1467.18
68|-1467.18|-1467.18
69|-1467.18|-1467.18
70|-1467.18|-1467.18
71|-1467.18|-1467.18
72|-1467.18|-1467.18
73|-1467.18|-1467.18
74|-1467.18|-1467.18
75|-1467.18|-1467.18
76|-1467.18|-1467.18
77|-1467.18|-1467.18
78|-1467.18|-1467.18
79|-1467.18|-1467.18
80|-1467.18|-1467.18
81|-1467.18|-1467.18
82|-1467.18|-1467.18
83|-1467.18|-1467.18
84|-1467.18|-1467.18
85|-1467.18|-1467.18
86|-1467.18|-1467.18
87|-1467.18|-1467.18
88|-1467.18|-1467.18
89|-1467.18|-1467.18
90|-1467.18|-1467.18
91|-1467.18|-1467.18
92|-1467.18|-1467.18
93|-1467.18|-1467.18
94|-1467.18|-1467.18
95|-1467.18|-1467.18
96|-1467.18|-1467.18
97|-1467.18|-1467.18
98|-1467.18|-1467.18
99|-1467.18|-1467.18
100|-1467.18|-1467.18
101|-1467.18|-1467.18
102|-1467.18|-1467.18
103|-1467.18|-1467.18
104|-1467.18|-1467.18
105|-1467.18|-1467.18
106|-1467.18|-1467.18
107|-1467.18|-1467.18
108|-1467.18|-1467.18
109|-1467.18|-1467.18
110|-1467.18|-1467.18
111|-1467.18|-1467.18
112|-1467.18|-1467.18
113|-1467.18|-1467.18
114|-1467.18|-1467.18
115|-1467.18|-1467.18
116|-1467.18|-1467.18
117|-1467.18|-1467.18
118|-1467.18|-1467.18
119|-1467.18|-1467.18
120|-1467.18|-1467.18
121|-1467.18|-1467.18
122|-1467.18|-1467.18
123|-1467.18|-1467.18
124|-1467.18|-1467.18
125|-1467.18|-1467.18
126|-1467.18|-1467.18
127|-1467.18|-1467.18
128|-1467.18|-1467.18
129|-1467.18|-1467.18
130|-1467.18|-1467.18
131|-1467.18|-1467.18
132|-1467.18|-1467.18
133|-1467.18|-1467.18
134|-1467.18|-1467.18
135|-1467.18|-1467.18
136|-1467.18|-1467.18
137|-1467.18|-1467.18
138|-1467.18|-1467.18
139|-1467.18|-1467.18
140|-1467.18|-1467.18
141|-1467.18|-1467.18
142|-1467.18|-1467.18
143|-1467.18|-1467.18
144|-1467.18|-1467.18
145|-1467.18|-1467.18
146|-1467.18|-1467.18
147|-1467.18|-1467.18
148|-1467.18|-1467.18
149|-1467.18|-1467.18
150|-1467.18|-1467.18
151|-1467.18|-1467.18
152|-1467.18|-1467.18
153|-1467.18|-1467.18
154|-1467.18|-1467.18
155|-1467.18|-1467.18
156|-1467.18|-1467.18
157|-1467.18|-1467.18
158|-1467.18|-1467.18
159|-1467.18|-1467.18
160|-1467.18|-1467.18
161|-1467.18|-1467.18
162|-1467.18|-1467.18
163|-1467.18|-1467.18
164|-1467.18|-1467.18
165|-1467.18|-1467.18
166|-1467.18|-1467.18
167|-1467.18|-1467.18
168|-1467.18|-1467.18
169|-1467.18|-1467.18
170|-1467.18|-1467.18
171|-1467.18|-1467.18
172|-1467.18|-1467.18
173|-1467.18|-1467.18
174|-1467.18|-1467.18
175|-1467.18|-1467.18
176|-1467.18|-1467.18
177|-1467.18|-1467.18
178|-1467.18|-1467.18
179|-1467.18|-1467.18
180|-1467.18|-1467.18
181|-1467.18|-1467.18
182|-1467.18|-1467.18
183|-1467.18|-1467.18
184|-1467.18|-1467.18
185|-1467.18|-1467.18
EARLY STOP: TARGET FOUND
103103ms
