1|100.965|100.965
2|85.8784|85.8784
3|71.178|71.178
4|58.5372|58.5372
5|49.034|49.034
6|39.4681|39.4681
7|33.0506|33.0506
8|26.7285|26.7285
9|23.0135|23.0135
10|19.6096|19.6096
11|16.26|16.26
12|13.7208|13.7208
13|12.7837|12.7837
14|11.869|11.869
15|10.9661|10.9661
16|10.5268|10.5268
17|10.1363|10.1363
18|9.83356|9.83356
19|9.60385|9.60385
20|9.39227|9.39227
21|9.21233|9.21233
22|9.04861|9.04861
23|8.97219|8.97219
24|8.90911|8.90911
25|8.85315|8.85315
26|8.81646|8.81646
27|8.79618|8.79618
28|8.77839|8.77839
29|8.76078|8.76078
30|8.74334|8.74334
31|8.7289|8.7289
32|8.71576|8.71576
33|8.70709|8.70709
34|8.70058|8.70058
35|8.69627|8.69627
36|8.69278|8.69278
37|8.68993|8.68993
38|8.68784|8.68784
39|8.68677|8.68677
40|8.68595|8.68595
41|8.68525|8.68525
42|8.68471|8.68471
43|8.68422|8.68422
44|8.68386|8.68386
45|8.68359|8.68359
46|8.68332|8.68332
47|8.68305|8.68305
48|8.68288|8.68288
49|8.68274|8.68274
50|8.68261|8.68261
51|8.68248|8.68248
52|8.68236|8.68236
53|8.68233|8.68233
54|8.68231|8.68231
55|8.68229|8.68229
56|8.68227|8.68227
57|8.68227|8.68227
58|8.68226|8.68226
59|8.68226|8.68226
60|8.68226|8.68226
61|8.68226|8.68226
62|8.68226|8.68226
63|8.68226|8.68226
64|8.68226|8.68226
65|8.68226|8.68226
66|8.68226|8.68226
67|8.68226|8.68226
68|8.68226|8.68226
69|8.68226|8.68226
70|8.68226|8.68226
71|8.68226|8.68226
72|8.68226|8.68226
73|8.68226|8.68226
74|8.68226|8.68226
75|8.68226|8.68226
76|8.68226|8.68226
77|8.68226|8.68226
78|8.68226|8.68226
79|8.68226|8.68226
80|8.68226|8.68226
81|8.68226|8.68226
82|8.68226|8.68226
83|8.68226|8.68226
84|8.68226|8.68226
85|8.68226|8.68226
86|8.68226|8.68226
87|8.68226|8.68226
88|8.68226|8.68226
89|8.68226|8.68226
90|8.68226|8.68226
91|8.68226|8.68226
92|8.68226|8.68226
93|8.68226|8.68226
94|8.68226|8.68226
95|8.68226|8.68226
96|8.68226|8.68226
97|8.68226|8.68226
98|8.68226|8.68226
99|8.68226|8.68226
100|8.68226|8.68226
101|8.68226|8.68226
102|8.68226|8.68226
103|8.68226|8.68226
104|8.68226|8.68226
105|8.68226|8.68226
106|8.68226|8.68226
107|8.68226|8.68226
108|8.68226|8.68226
109|8.68226|8.68226
110|8.68226|8.68226
111|8.68226|8.68226
112|8.68226|8.68226
113|8.68226|8.68226
114|8.68226|8.68226
115|8.68226|8.68226
116|8.68226|8.68226
117|8.68226|8.68226
118|8.68226|8.68226
119|8.68226|8.68226
120|8.68226|8.68226
121|8.68226|8.68226
122|8.68226|8.68226
123|8.68226|8.68226
124|8.68226|8.68226
125|8.68226|8.68226
126|8.68226|8.68226
127|8.68226|8.68226
128|8.68226|8.68226
129|8.68226|8.68226
130|8.68226|8.68226
131|8.68226|8.68226
132|8.68226|8.68226
133|8.68226|8.68226
134|8.68226|8.68226
135|8.68226|8.68226
136|8.68226|8.68226
137|8.68226|8.68226
138|8.68226|8.68226
139|8.68226|8.68226
140|8.68226|8.68226
141|8.68226|8.68226
142|8.68226|8.68226
143|8.68226|8.68226
144|8.68226|8.68226
145|8.68226|8.68226
146|8.68226|8.68226
147|8.68226|8.68226
148|8.68226|8.68226
149|8.68226|8.68226
150|8.68226|8.68226
151|8.68226|8.68226
152|8.68226|8.68226
153|8.68226|8.68226
154|8.68226|8.68226
155|8.68226|8.68226
156|8.68226|8.68226
157|8.68226|8.68226
158|8.68226|8.68226
159|8.68226|8.68226
160|8.68226|8.68226
161|8.68226|8.68226
162|8.68226|8.68226
163|8.68226|8.68226
164|8.68226|8.68226
165|8.68226|8.68226
166|8.68226|8.68226
167|8.68226|8.68226
168|8.68226|8.68226
169|8.68226|8.68226
170|8.68226|8.68226
171|8.68226|8.68226
172|8.68226|8.68226
173|8.68226|8.68226
174|8.68226|8.68226
175|8.68226|8.68226
176|8.68226|8.68226
177|8.68226|8.68226
178|8.68226|8.68226
179|8.68226|8.68226
180|8.68226|8.68226
181|8.68226|8.68226
182|8.68226|8.68226
183|8.68226|8.68226
184|8.68226|8.68226
185|8.68226|8.68226
186|8.68226|8.68226
187|8.68226|8.68226
188|8.68226|8.68226
189|8.68226|8.68226
190|8.68226|8.68226
191|8.68226|8.68226
192|8.68226|8.68226
193|8.68226|8.68226
194|8.68226|8.68226
195|8.68226|8.68226
196|8.68226|8.68226
197|8.68226|8.68226
198|8.68226|8.68226
199|8.68226|8.68226
200|8.68226|8.68226
201|8.68226|8.68226
202|8.68226|8.68226
203|8.68226|8.68226
204|8.68226|8.68226
205|8.68226|8.68226
206|8.68226|8.68226
207|8.68226|8.68226
208|8.68226|8.68226
EARLY STOP: TARGET FOUND
299587ms
