1|58.4059|58.4059
2|43.0946|43.0946
3|28.8444|28.8444
4|18.3752|18.3752
5|14.4739|14.4739
6|11.7118|11.7118
7|10.1083|10.1083
8|9.48975|9.48975
9|9.05597|9.05597
10|8.69417|8.69417
11|8.46723|8.46723
12|8.30637|8.30637
13|8.23851|8.23851
14|8.20015|8.20015
15|8.18352|8.18352
16|8.17473|8.17473
17|8.17039|8.17039
18|8.16606|8.16606
19|8.16192|8.16192
20|8.15976|8.15976
21|8.15809|8.15809
22|8.15702|8.15702
23|8.15634|8.15634
24|8.15581|8.15581
25|8.1553|8.1553
26|8.15497|8.15497
27|8.1547|8.1547
28|8.15444|8.15444
29|8.15429|8.15429
30|8.15425|8.15425
31|8.15423|8.15423
32|8.15422|8.15422
33|8.15422|8.15422
34|8.15421|8.15421
35|8.15421|8.15421
36|8.15421|8.15421
37|8.15421|8.15421
38|8.15421|8.15421
39|8.15421|8.15421
40|8.15421|8.15421
41|8.15421|8.15421
42|8.15421|8.15421
43|8.15421|8.15421
44|8.15421|8.15421
45|8.15421|8.15421
46|8.15421|8.15421
47|8.15421|8.15421
48|8.15421|8.15421
49|8.15421|8.15421
50|8.15421|8.15421
51|8.15421|8.15421
52|8.15421|8.15421
53|8.15421|8.15421
54|8.15421|8.15421
55|8.15421|8.15421
56|8.15421|8.15421
57|8.15421|8.15421
58|8.15421|8.15421
59|8.15421|8.15421
60|8.15421|8.15421
61|8.15421|8.15421
62|8.15421|8.15421
63|8.15421|8.15421
64|8.15421|8.15421
65|8.15421|8.15421
66|8.15421|8.15421
67|8.15421|8.15421
68|8.15421|8.15421
69|8.15421|8.15421
70|8.15421|8.15421
71|8.15421|8.15421
72|8.15421|8.15421
73|8.15421|8.15421
74|8.15421|8.15421
75|8.15421|8.15421
76|8.15421|8.15421
77|8.15421|8.15421
78|8.15421|8.15421
79|8.15421|8.15421
80|8.15421|8.15421
81|8.15421|8.15421
82|8.15421|8.15421
83|8.15421|8.15421
84|8.15421|8.15421
85|8.15421|8.15421
86|8.15421|8.15421
87|8.15421|8.15421
88|8.15421|8.15421
89|8.15421|8.15421
90|8.15421|8.15421
91|8.15421|8.15421
92|8.15421|8.15421
93|8.15421|8.15421
94|8.15421|8.15421
95|8.15421|8.15421
96|8.15421|8.15421
97|8.15421|8.15421
98|8.15421|8.15421
99|8.15421|8.15421
100|8.15421|8.15421
101|8.15421|8.15421
102|8.15421|8.15421
103|8.15421|8.15421
104|8.15421|8.15421
105|8.15421|8.15421
106|8.15421|8.15421
107|8.15421|8.15421
108|8.15421|8.15421
109|8.15421|8.15421
110|8.15421|8.15421
111|8.15421|8.15421
112|8.15421|8.15421
113|8.15421|8.15421
114|8.15421|8.15421
115|8.15421|8.15421
116|8.15421|8.15421
117|8.15421|8.15421
118|8.15421|8.15421
119|8.15421|8.15421
120|8.15421|8.15421
121|8.15421|8.15421
122|8.15421|8.15421
123|8.15421|8.15421
124|8.15421|8.15421
125|8.15421|8.15421
126|8.15421|8.15421
127|8.15421|8.15421
128|8.15421|8.15421
129|8.15421|8.15421
130|8.15421|8.15421
131|8.15421|8.15421
132|8.15421|8.15421
133|8.15421|8.15421
134|8.15421|8.15421
135|8.15421|8.15421
136|8.15421|8.15421
137|8.15421|8.15421
138|8.15421|8.15421
139|8.15421|8.15421
140|8.15421|8.15421
141|8.15421|8.15421
142|8.15421|8.15421
143|8.15421|8.15421
144|8.15421|8.15421
145|8.15421|8.15421
146|8.15421|8.15421
147|8.15421|8.15421
148|8.15421|8.15421
149|8.15421|8.15421
150|8.15421|8.15421
151|8.15421|8.15421
152|8.15421|8.15421
153|8.15421|8.15421
154|8.15421|8.15421
155|8.15421|8.15421
156|8.15421|8.15421
157|8.15421|8.15421
158|8.15421|8.15421
159|8.15421|8.15421
160|8.15421|8.15421
161|8.15421|8.15421
162|8.15421|8.15421
163|8.15421|8.15421
164|8.15421|8.15421
165|8.15421|8.15421
166|8.15421|8.15421
167|8.15421|8.15421
168|8.15421|8.15421
169|8.15421|8.15421
170|8.15421|8.15421
171|8.15421|8.15421
172|8.15421|8.15421
173|8.15421|8.15421
174|8.15421|8.15421
175|8.15421|8.15421
176|8.15421|8.15421
177|8.15421|8.15421
178|8.15421|8.15421
179|8.15421|8.15421
180|8.15421|8.15421
181|8.15421|8.15421
182|8.15421|8.15421
183|8.15421|8.15421
184|8.15421|8.15421
185|8.15421|8.15421
EARLY STOP: TARGET FOUND
72064ms
