1|-4.17888|-4.17888
2|-5.0366|-5.0366
3|-5.87659|-5.87659
4|-6.69065|-6.69065
5|-7.43182|-7.43182
6|-8.13393|-8.13393
7|-8.83212|-8.83212
8|-9.52831|-9.52831
9|-10.1949|-10.1949
10|-10.7081|-10.7081
11|-11.2213|-11.2213
12|-11.7334|-11.7334
13|-12.2392|-12.2392
14|-12.6672|-12.6672
15|-13.0576|-13.0576
16|-13.4368|-13.4368
17|-13.8129|-13.8129
18|-14.1487|-14.1487
19|-14.5577|-14.5577
20|-14.8854|-14.8854
21|-15.1989|-15.1989
22|-15.5038|-15.5038
23|-15.9576|-15.9576
24|-16.2506|-16.2506
25|-16.5393|-16.5393
26|-16.7956|-16.7956
27|-17.0484|-17.0484
28|-17.3559|-17.3559
29|-17.6033|-17.6033
30|-17.8327|-17.8327
31|-18.0468|-18.0468
32|-18.2205|-18.2205
33|-18.3788|-18.3788
34|-18.5348|-18.5348
35|-18.7724|-18.7724
36|-18.9085|-18.9085
37|-19.0439|-19.0439
38|-19.7182|-19.7182
39|-19.8497|-19.8497
40|-19.9631|-19.9631
41|-20.7953|-20.7953
42|-20.9052|-20.9052
43|-21.0015|-21.0015
44|-21.0915|-21.0915
45|-21.1652|-21.1652
46|-21.2332|-21.2332
47|-22.0121|-22.0121
48|-22.0723|-22.0723
49|-22.1292|-22.1292
50|-22.1858|-22.1858
51|-22.2409|-22.2409
52|-23.095|-23.095
53|-23.1495|-23.1495
54|-23.2033|-23.2033
55|-23.2554|-23.2554
56|-23.3072|-23.3072
57|-23.3527|-23.3527
58|-23.3944|-23.3944
59|-23.4337|-23.4337
60|-23.4697|-23.4697
61|-23.4983|-23.4983
62|-23.5264|-23.5264
63|-23.5534|-23.5534
64|-23.5794|-23.5794
65|-23.6085|-23.6085
66|-23.6331|-23.6331
67|-23.6564|-23.6564
68|-23.6763|-23.6763
69|-23.6959|-23.6959
70|-23.7148|-23.7148
71|-23.7316|-23.7316
72|-23.7459|-23.7459
73|-23.7586|-23.7586
74|-23.7709|-23.7709
75|-23.7824|-23.7824
76|-23.7934|-23.7934
77|-23.8038|-23.8038
78|-23.8128|-23.8128
79|-23.8219|-23.8219
80|-23.8309|-23.8309
81|-23.8399|-23.8399
82|-23.8474|-23.8474
83|-23.8541|-23.8541
84|-23.8604|-23.8604
85|-23.8665|-23.8665
86|-23.8714|-23.8714
87|-23.8852|-23.8852
88|-23.89|-23.89
89|-23.8945|-23.8945
90|-23.8987|-23.8987
91|-23.9029|-23.9029
92|-23.9069|-23.9069
93|-23.9109|-23.9109
94|-23.9148|-23.9148
95|-23.9184|-23.9184
96|-23.9217|-23.9217
97|-23.9249|-23.9249
98|-23.9279|-23.9279
99|-23.9307|-23.9307
100|-23.9335|-23.9335
101|-23.936|-23.936
102|-23.9385|-23.9385
103|-23.9408|-23.9408
104|-23.9432|-23.9432
105|-23.9449|-23.9449
106|-23.9467|-23.9467
107|-23.9485|-23.9485
108|-23.9499|-23.9499
109|-23.9513|-23.9513
110|-23.9526|-23.9526
111|-23.9539|-23.9539
112|-23.955|-23.955
113|-23.9561|-23.9561
114|-23.9571|-23.9571
115|-23.9581|-23.9581
116|-23.959|-23.959
117|-23.9598|-23.9598
118|-23.9606|-23.9606
119|-23.9614|-23.9614
120|-23.9621|-23.9621
121|-23.9628|-23.9628
122|-23.9634|-23.9634
123|-23.964|-23.964
124|-23.9645|-23.9645
125|-23.965|-23.965
126|-23.9655|-23.9655
127|-23.9658|-23.9658
128|-23.9662|-23.9662
129|-23.9666|-23.9666
130|-23.9669|-23.9669
131|-23.9671|-23.9671
132|-23.9674|-23.9674
133|-23.9676|-23.9676
134|-23.9679|-23.9679
135|-23.9681|-23.9681
136|-23.9683|-23.9683
137|-23.9686|-23.9686
138|-23.9688|-23.9688
139|-23.969|-23.969
140|-23.9692|-23.9692
141|-23.9694|-23.9694
142|-23.9695|-23.9695
143|-23.9697|-23.9697
144|-23.9698|-23.9698
145|-23.97|-23.97
146|-23.9701|-23.9701
147|-23.9702|-23.9702
148|-23.9703|-23.9703
149|-23.9704|-23.9704
150|-23.9705|-23.9705
151|-23.9706|-23.9706
152|-23.9707|-23.9707
153|-23.9708|-23.9708
154|-23.9708|-23.9708
155|-23.9709|-23.9709
156|-23.9709|-23.9709
157|-23.971|-23.971
158|-23.971|-23.971
159|-23.9711|-23.9711
160|-23.9711|-23.9711
161|-23.9712|-23.9712
162|-23.9712|-23.9712
163|-23.9712|-23.9712
164|-23.9712|-23.9712
165|-23.9713|-23.9713
166|-23.9713|-23.9713
167|-23.9713|-23.9713
168|-23.9713|-23.9713
169|-23.9713|-23.9713
170|-23.9714|-23.9714
171|-23.9714|-23.9714
172|-23.9714|-23.9714
173|-23.9714|-23.9714
174|-23.9714|-23.9714
175|-23.9714|-23.9714
176|-23.9714|-23.9714
177|-23.9714|-23.9714
178|-23.9714|-23.9714
179|-23.9715|-23.9715
180|-23.9715|-23.9715
181|-23.9715|-23.9715
182|-23.9715|-23.9715
183|-23.9715|-23.9715
184|-23.9715|-23.9715
185|-23.9715|-23.9715
186|-23.9715|-23.9715
187|-23.9715|-23.9715
188|-23.9715|-23.9715
189|-23.9715|-23.9715
190|-23.9715|-23.9715
191|-23.9715|-23.9715
192|-23.9715|-23.9715
193|-23.9715|-23.9715
194|-23.9715|-23.9715
195|-23.9715|-23.9715
196|-23.9715|-23.9715
197|-23.9715|-23.9715
198|-23.9715|-23.9715
199|-23.9715|-23.9715
200|-23.9715|-23.9715
201|-23.9715|-23.9715
202|-23.9715|-23.9715
203|-23.9715|-23.9715
204|-23.9715|-23.9715
205|-23.9715|-23.9715
206|-23.9715|-23.9715
207|-23.9715|-23.9715
208|-23.9715|-23.9715
209|-23.9715|-23.9715
210|-23.9715|-23.9715
211|-23.9715|-23.9715
212|-23.9715|-23.9715
213|-23.9715|-23.9715
214|-23.9715|-23.9715
215|-23.9715|-23.9715
216|-23.9715|-23.9715
217|-23.9715|-23.9715
218|-23.9715|-23.9715
219|-23.9715|-23.9715
220|-23.9715|-23.9715
221|-23.9715|-23.9715
222|-23.9715|-23.9715
223|-23.9715|-23.9715
224|-23.9715|-23.9715
225|-23.9715|-23.9715
226|-23.9715|-23.9715
227|-23.9715|-23.9715
228|-23.9715|-23.9715
229|-23.9715|-23.9715
230|-23.9715|-23.9715
231|-23.9715|-23.9715
232|-23.9715|-23.9715
233|-23.9715|-23.9715
234|-23.9715|-23.9715
235|-23.9715|-23.9715
236|-23.9715|-23.9715
237|-23.9715|-23.9715
238|-23.9715|-23.9715
239|-23.9715|-23.9715
240|-23.9715|-23.9715
241|-23.9715|-23.9715
242|-23.9715|-23.9715
243|-23.9715|-23.9715
244|-23.9715|-23.9715
245|-23.9715|-23.9715
246|-23.9715|-23.9715
247|-23.9715|-23.9715
248|-23.9715|-23.9715
249|-23.9715|-23.9715
250|-23.9715|-23.9715
251|-23.9715|-23.9715
252|-23.9715|-23.9715
253|-23.9715|-23.9715
254|-23.9715|-23.9715
255|-23.9715|-23.9715
256|-23.9715|-23.9715
257|-23.9715|-23.9715
258|-23.9715|-23.9715
259|-23.9715|-23.9715
260|-23.9715|-23.9715
261|-23.9715|-23.9715
262|-23.9715|-23.9715
263|-23.9715|-23.9715
264|-23.9715|-23.9715
265|-23.9715|-23.9715
266|-23.9715|-23.9715
267|-23.9715|-23.9715
268|-23.9715|-23.9715
269|-23.9715|-23.9715
270|-23.9715|-23.9715
271|-23.9715|-23.9715
272|-23.9715|-23.9715
273|-23.9715|-23.9715
274|-23.9715|-23.9715
275|-23.9715|-23.9715
276|-23.9715|-23.9715
277|-23.9715|-23.9715
278|-23.9715|-23.9715
279|-23.9715|-23.9715
280|-23.9715|-23.9715
281|-23.9715|-23.9715
282|-23.9715|-23.9715
283|-23.9715|-23.9715
284|-23.9715|-23.9715
285|-23.9715|-23.9715
286|-23.9715|-23.9715
287|-23.9715|-23.9715
288|-23.9715|-23.9715
289|-23.9715|-23.9715
290|-23.9715|-23.9715
291|-23.9715|-23.9715
292|-23.9715|-23.9715
293|-23.9715|-23.9715
294|-23.9715|-23.9715
295|-23.9715|-23.9715
296|-23.9715|-23.9715
297|-23.9715|-23.9715
298|-23.9715|-23.9715
299|-23.9715|-23.9715
300|-23.9715|-23.9715
301|-23.9715|-23.9715
302|-23.9715|-23.9715
303|-23.9715|-23.9715
304|-23.9715|-23.9715
305|-23.9715|-23.9715
306|-23.9715|-23.9715
307|-23.9715|-23.9715
308|-23.9715|-23.9715
309|-23.9715|-23.9715
310|-23.9715|-23.9715
311|-23.9715|-23.9715
312|-23.9715|-23.9715
313|-23.9715|-23.9715
314|-23.9715|-23.9715
315|-23.9715|-23.9715
316|-23.9715|-23.9715
317|-23.9715|-23.9715
318|-23.9715|-23.9715
319|-23.9715|-23.9715
320|-23.9715|-23.9715
321|-23.9715|-23.9715
322|-23.9715|-23.9715
323|-23.9715|-23.9715
324|-23.9715|-23.9715
325|-23.9715|-23.9715
326|-23.9715|-23.9715
327|-23.9715|-23.9715
328|-23.9715|-23.9715
329|-23.9715|-23.9715
330|-23.9715|-23.9715
331|-23.9715|-23.9715
332|-23.9715|-23.9715
333|-23.9715|-23.9715
334|-23.9715|-23.9715
335|-23.9715|-23.9715
336|-23.9715|-23.9715
337|-23.9715|-23.9715
338|-23.9715|-23.9715
339|-23.9715|-23.9715
340|-23.9715|-23.9715
341|-23.9715|-23.9715
342|-23.9715|-23.9715
343|-23.9715|-23.9715
EARLY STOP: TARGET FOUND
3943698ms
