1|-4.96162|-4.96162
2|-5.90256|-5.90256
3|-6.75251|-6.75251
4|-7.52774|-7.52774
5|-8.25165|-8.25165
6|-8.96407|-8.96407
7|-9.65978|-9.65978
8|-10.3006|-10.3006
9|-10.9116|-10.9116
10|-11.5181|-11.5181
11|-12.106|-12.106
12|-12.6896|-12.6896
13|-13.1696|-13.1696
14|-13.6435|-13.6435
15|-14.0449|-14.0449
16|-14.5107|-14.5107
17|-14.9105|-14.9105
18|-15.2769|-15.2769
19|-15.632|-15.632
20|-15.9826|-15.9826
21|-16.4849|-16.4849
22|-16.8202|-16.8202
23|-17.2657|-17.2657
24|-17.5941|-17.5941
25|-17.9923|-17.9923
26|-18.317|-18.317
27|-18.6368|-18.6368
28|-18.9255|-18.9255
29|-19.1462|-19.1462
30|-19.6547|-19.6547
31|-19.8815|-19.8815
32|-20.0793|-20.0793
33|-20.2664|-20.2664
34|-20.4509|-20.4509
35|-20.6352|-20.6352
36|-20.7947|-20.7947
37|-20.9306|-20.9306
38|-21.0518|-21.0518
39|-21.1697|-21.1697
40|-21.2863|-21.2863
41|-21.4011|-21.4011
42|-21.5687|-21.5687
43|-21.9899|-21.9899
44|-22.2786|-22.2786
45|-22.369|-22.369
46|-22.4417|-22.4417
47|-23.3027|-23.3027
48|-23.375|-23.375
49|-23.4439|-23.4439
50|-23.4964|-23.4964
51|-23.5463|-23.5463
52|-23.5918|-23.5918
53|-23.6319|-23.6319
54|-23.6706|-23.6706
55|-23.7617|-23.7617
56|-23.7944|-23.7944
57|-23.8246|-23.8246
58|-23.8539|-23.8539
59|-23.8806|-23.8806
60|-23.9047|-23.9047
61|-23.9276|-23.9276
62|-23.9442|-23.9442
63|-23.9593|-23.9593
64|-23.9913|-23.9913
65|-24.0579|-24.0579
66|-24.1038|-24.1038
67|-24.7094|-24.7094
68|-24.7244|-24.7244
69|-25.1435|-25.1435
70|-25.3277|-25.3277
71|-25.6619|-25.6619
72|-25.6758|-25.6758
73|-25.6858|-25.6858
74|-25.6954|-25.6954
75|-25.7046|-25.7046
76|-25.7133|-25.7133
77|-25.7216|-25.7216
78|-25.7296|-25.7296
79|-26.5563|-26.5563
80|-26.7078|-26.7078
81|-26.7158|-26.7158
82|-26.7229|-26.7229
83|-26.73|-26.73
84|-26.7369|-26.7369
85|-26.7435|-26.7435
86|-26.7499|-26.7499
87|-26.7563|-26.7563
88|-26.7627|-26.7627
89|-26.7688|-26.7688
90|-26.7745|-26.7745
91|-26.7781|-26.7781
92|-26.7816|-26.7816
93|-26.7846|-26.7846
94|-26.7871|-26.7871
95|-26.7894|-26.7894
96|-26.7915|-26.7915
97|-26.7935|-26.7935
98|-26.7954|-26.7954
99|-26.7971|-26.7971
100|-26.7988|-26.7988
101|-26.8002|-26.8002
102|-26.8016|-26.8016
103|-26.8024|-26.8024
104|-26.805|-26.805
105|-26.8058|-26.8058
106|-26.8066|-26.8066
107|-26.8073|-26.8073
108|-26.8081|-26.8081
109|-26.8088|-26.8088
110|-26.8095|-26.8095
111|-26.8101|-26.8101
112|-26.8106|-26.8106
113|-26.8112|-26.8112
114|-26.8116|-26.8116
115|-26.8121|-26.8121
116|-26.8125|-26.8125
117|-26.8129|-26.8129
118|-26.8132|-26.8132
119|-26.8135|-26.8135
120|-26.8138|-26.8138
121|-26.8141|-26.8141
122|-26.8143|-26.8143
123|-26.8145|-26.8145
124|-26.8147|-26.8147
125|-26.8149|-26.8149
126|-26.815|-26.815
127|-26.8152|-26.8152
128|-26.8153|-26.8153
129|-26.8155|-26.8155
130|-26.8156|-26.8156
131|-26.8157|-26.8157
132|-26.8158|-26.8158
133|-26.8159|-26.8159
134|-26.816|-26.816
135|-26.8161|-26.8161
136|-26.8162|-26.8162
137|-26.8163|-26.8163
138|-26.8164|-26.8164
139|-26.8165|-26.8165
140|-26.8165|-26.8165
141|-26.8166|-26.8166
142|-26.8166|-26.8166
143|-26.8166|-26.8166
144|-26.8167|-26.8167
145|-26.8167|-26.8167
146|-26.8167|-26.8167
147|-26.8168|-26.8168
148|-26.8168|-26.8168
149|-26.8168|-26.8168
150|-26.8168|-26.8168
151|-26.8169|-26.8169
152|-26.8169|-26.8169
153|-26.8169|-26.8169
154|-26.8169|-26.8169
155|-26.8169|-26.8169
156|-26.8169|-26.8169
157|-26.8169|-26.8169
158|-26.8169|-26.8169
159|-26.817|-26.817
160|-26.817|-26.817
161|-26.817|-26.817
162|-26.817|-26.817
163|-26.817|-26.817
164|-26.817|-26.817
165|-26.817|-26.817
166|-26.817|-26.817
167|-26.817|-26.817
168|-26.817|-26.817
169|-26.817|-26.817
170|-26.817|-26.817
171|-26.817|-26.817
172|-26.817|-26.817
173|-26.817|-26.817
174|-26.817|-26.817
175|-26.817|-26.817
176|-26.817|-26.817
177|-26.817|-26.817
178|-26.817|-26.817
179|-26.817|-26.817
180|-26.817|-26.817
181|-26.817|-26.817
182|-26.817|-26.817
183|-26.817|-26.817
184|-26.817|-26.817
185|-26.817|-26.817
186|-26.817|-26.817
187|-26.817|-26.817
188|-26.817|-26.817
189|-26.817|-26.817
190|-26.817|-26.817
191|-26.817|-26.817
192|-26.817|-26.817
193|-26.817|-26.817
194|-26.817|-26.817
195|-26.817|-26.817
196|-26.817|-26.817
197|-26.817|-26.817
198|-26.817|-26.817
199|-26.817|-26.817
200|-26.817|-26.817
201|-26.817|-26.817
202|-26.817|-26.817
203|-26.817|-26.817
204|-26.817|-26.817
205|-26.817|-26.817
206|-26.817|-26.817
207|-26.817|-26.817
208|-26.817|-26.817
209|-26.817|-26.817
210|-26.817|-26.817
211|-26.817|-26.817
212|-26.817|-26.817
213|-26.817|-26.817
214|-26.817|-26.817
215|-26.817|-26.817
216|-26.817|-26.817
217|-26.817|-26.817
218|-26.817|-26.817
219|-26.817|-26.817
220|-26.817|-26.817
221|-26.817|-26.817
222|-26.817|-26.817
223|-26.817|-26.817
224|-26.817|-26.817
225|-26.817|-26.817
226|-26.817|-26.817
227|-26.817|-26.817
228|-26.817|-26.817
229|-26.817|-26.817
230|-26.817|-26.817
231|-26.817|-26.817
232|-26.817|-26.817
233|-26.817|-26.817
234|-26.817|-26.817
235|-26.817|-26.817
236|-26.817|-26.817
237|-26.817|-26.817
238|-26.817|-26.817
239|-26.817|-26.817
240|-26.817|-26.817
241|-26.817|-26.817
242|-26.817|-26.817
243|-26.817|-26.817
244|-26.817|-26.817
245|-26.817|-26.817
246|-26.817|-26.817
247|-26.817|-26.817
248|-26.817|-26.817
249|-26.817|-26.817
250|-26.817|-26.817
251|-26.817|-26.817
252|-26.817|-26.817
253|-26.817|-26.817
254|-26.817|-26.817
255|-26.817|-26.817
256|-26.817|-26.817
257|-26.817|-26.817
258|-26.817|-26.817
259|-26.817|-26.817
260|-26.817|-26.817
261|-26.817|-26.817
262|-26.817|-26.817
263|-26.817|-26.817
264|-26.817|-26.817
265|-26.817|-26.817
266|-26.817|-26.817
267|-26.817|-26.817
268|-26.817|-26.817
269|-26.817|-26.817
270|-26.817|-26.817
271|-26.817|-26.817
272|-26.817|-26.817
273|-26.817|-26.817
274|-26.817|-26.817
275|-26.817|-26.817
276|-26.817|-26.817
277|-26.817|-26.817
278|-26.817|-26.817
279|-26.817|-26.817
280|-26.817|-26.817
281|-26.817|-26.817
282|-26.817|-26.817
283|-26.817|-26.817
284|-26.817|-26.817
285|-26.817|-26.817
286|-26.817|-26.817
287|-26.817|-26.817
288|-26.817|-26.817
289|-26.817|-26.817
290|-26.817|-26.817
291|-26.817|-26.817
292|-26.817|-26.817
293|-26.817|-26.817
294|-26.817|-26.817
295|-26.817|-26.817
296|-26.817|-26.817
297|-26.817|-26.817
298|-26.817|-26.817
299|-26.817|-26.817
300|-26.817|-26.817
301|-26.817|-26.817
302|-26.817|-26.817
303|-26.817|-26.817
304|-26.817|-26.817
305|-26.817|-26.817
306|-26.817|-26.817
307|-26.817|-26.817
308|-26.817|-26.817
309|-26.817|-26.817
310|-26.817|-26.817
311|-26.817|-26.817
312|-26.817|-26.817
313|-26.817|-26.817
314|-26.817|-26.817
315|-26.817|-26.817
316|-26.817|-26.817
317|-26.817|-26.817
318|-26.817|-26.817
319|-26.817|-26.817
320|-26.817|-26.817
321|-26.817|-26.817
322|-26.817|-26.817
323|-26.817|-26.817
324|-26.817|-26.817
325|-26.817|-26.817
EARLY STOP: TARGET FOUND
3721703ms
