1|-0.999589|-0.999589
2|-1.32818|-1.32818
3|-1.54297|-1.54297
4|-1.92246|-1.92246
5|-2.11912|-2.11912
6|-2.26457|-2.26457
7|-2.49945|-2.49945
8|-2.65335|-2.65335
9|-2.73241|-2.73241
10|-2.79061|-2.79061
11|-2.8026|-2.8026
12|-2.80749|-2.80749
13|-2.81238|-2.81238
14|-2.81636|-2.81636
15|-2.81783|-2.81783
16|-2.81905|-2.81905
17|-2.81998|-2.81998
18|-3.75472|-3.75472
19|-3.77694|-3.77694
20|-3.778|-3.778
21|-3.77861|-3.77861
22|-3.77891|-3.77891
23|-3.77906|-3.77906
24|-3.77917|-3.77917
25|-3.77925|-3.77925
26|-3.77932|-3.77932
27|-3.77937|-3.77937
28|-3.77941|-3.77941
29|-3.77942|-3.77942
30|-3.77943|-3.77943
31|-3.77944|-3.77944
32|-3.77944|-3.77944
33|-3.77944|-3.77944
34|-3.77944|-3.77944
35|-3.77944|-3.77944
36|-3.77944|-3.77944
37|-3.77944|-3.77944
38|-3.77944|-3.77944
39|-3.77944|-3.77944
40|-3.77944|-3.77944
41|-3.77944|-3.77944
42|-3.77944|-3.77944
43|-3.77944|-3.77944
44|-3.77944|-3.77944
45|-3.77944|-3.77944
46|-3.77944|-3.77944
47|-3.77944|-3.77944
48|-3.77944|-3.77944
49|-3.77944|-3.77944
50|-3.77944|-3.77944
51|-3.77944|-3.77944
52|-3.77944|-3.77944
53|-3.77944|-3.77944
54|-3.77944|-3.77944
55|-3.77944|-3.77944
56|-3.77944|-3.77944
57|-3.77944|-3.77944
58|-3.77944|-3.77944
59|-3.77944|-3.77944
60|-3.77944|-3.77944
61|-3.77944|-3.77944
62|-3.77944|-3.77944
63|-3.77944|-3.77944
64|-3.77944|-3.77944
65|-3.77944|-3.77944
66|-3.77944|-3.77944
67|-3.77944|-3.77944
68|-3.77944|-3.77944
69|-3.77944|-3.77944
70|-3.77944|-3.77944
71|-3.77944|-3.77944
72|-3.77944|-3.77944
73|-3.77944|-3.77944
74|-3.77944|-3.77944
75|-3.77944|-3.77944
76|-3.77944|-3.77944
77|-3.77944|-3.77944
78|-3.77944|-3.77944
79|-3.77944|-3.77944
80|-3.77944|-3.77944
81|-3.77944|-3.77944
82|-3.77944|-3.77944
83|-3.77944|-3.77944
84|-3.77944|-3.77944
85|-3.77944|-3.77944
86|-3.77944|-3.77944
87|-3.77944|-3.77944
88|-3.77944|-3.77944
89|-3.77944|-3.77944
90|-3.77944|-3.77944
91|-3.77944|-3.77944
92|-3.77944|-3.77944
93|-3.77944|-3.77944
94|-3.77944|-3.77944
95|-3.77944|-3.77944
96|-3.77944|-3.77944
97|-3.77944|-3.77944
98|-3.77944|-3.77944
99|-3.77944|-3.77944
100|-3.77944|-3.77944
101|-3.77944|-3.77944
102|-3.77944|-3.77944
103|-3.77944|-3.77944
104|-3.77944|-3.77944
105|-3.77944|-3.77944
106|-3.77944|-3.77944
107|-3.77944|-3.77944
108|-3.77944|-3.77944
109|-3.77944|-3.77944
110|-3.77944|-3.77944
111|-3.77944|-3.77944
112|-3.77944|-3.77944
113|-3.77944|-3.77944
114|-3.77944|-3.77944
115|-3.77944|-3.77944
116|-3.77944|-3.77944
117|-3.77944|-3.77944
118|-3.77944|-3.77944
119|-3.77944|-3.77944
120|-3.77944|-3.77944
121|-3.77944|-3.77944
122|-3.77944|-3.77944
123|-3.77944|-3.77944
124|-3.77944|-3.77944
125|-3.77944|-3.77944
126|-3.77944|-3.77944
127|-3.77944|-3.77944
128|-3.77944|-3.77944
129|-3.77944|-3.77944
130|-3.77944|-3.77944
131|-3.77944|-3.77944
132|-3.77944|-3.77944
133|-3.77944|-3.77944
134|-3.77944|-3.77944
135|-3.77944|-3.77944
136|-3.77944|-3.77944
137|-3.77944|-3.77944
138|-3.77944|-3.77944
139|-3.77944|-3.77944
140|-3.77944|-3.77944
141|-3.77944|-3.77944
142|-3.77944|-3.77944
143|-3.77944|-3.77944
144|-3.77944|-3.77944
145|-3.77944|-3.77944
146|-3.77944|-3.77944
147|-3.77944|-3.77944
148|-3.77944|-3.77944
149|-3.77944|-3.77944
150|-3.77944|-3.77944
151|-3.77944|-3.77944
152|-3.77944|-3.77944
153|-3.77944|-3.77944
154|-3.77944|-3.77944
155|-3.77944|-3.77944
156|-3.77944|-3.77944
157|-3.77944|-3.77944
158|-3.77944|-3.77944
159|-3.77944|-3.77944
160|-3.77944|-3.77944
161|-3.77944|-3.77944
162|-3.77944|-3.77944
163|-3.77944|-3.77944
164|-3.77944|-3.77944
165|-3.77944|-3.77944
166|-3.77944|-3.77944
167|-3.77944|-3.77944
168|-3.77944|-3.77944
169|-3.77944|-3.77944
170|-3.77944|-3.77944
171|-3.77944|-3.77944
172|-3.77944|-3.77944
173|-3.77944|-3.77944
174|-3.77944|-3.77944
175|-3.77944|-3.77944
176|-3.77944|-3.77944
177|-3.77944|-3.77944
178|-3.77944|-3.77944
179|-3.77944|-3.77944
180|-3.77944|-3.77944
181|-3.77944|-3.77944
182|-3.77944|-3.77944
183|-3.77944|-3.77944
184|-3.77944|-3.77944
185|-3.77944|-3.77944
EARLY STOP: TARGET FOUND
71034ms
