1|-0.813174|-0.813174
2|-1.61652|-1.61652
3|-1.78592|-1.78592
4|-1.90837|-1.90837
5|-2.61797|-2.61797
6|-2.65984|-2.65984
7|-2.69383|-2.69383
8|-2.7084|-2.7084
9|-2.7124|-2.7124
10|-3.18587|-3.18587
11|-3.49372|-3.49372
12|-3.50896|-3.50896
13|-3.51274|-3.51274
14|-3.51543|-3.51543
15|-3.51719|-3.51719
16|-3.51786|-3.51786
17|-3.57535|-3.57535
18|-4.269|-4.269
19|-4.46221|-4.46221
20|-4.471|-4.471
21|-4.4718|-4.4718
22|-4.47229|-4.47229
23|-4.47251|-4.47251
24|-4.47272|-4.47272
25|-4.47291|-4.47291
26|-4.473|-4.473
27|-4.47309|-4.47309
28|-4.47313|-4.47313
29|-4.47317|-4.47317
30|-4.4732|-4.4732
31|-4.47322|-4.47322
32|-4.47324|-4.47324
33|-4.47326|-4.47326
34|-4.47328|-4.47328
35|-4.47329|-4.47329
36|-4.4733|-4.4733
37|-4.4733|-4.4733
38|-4.47331|-4.47331
39|-4.47331|-4.47331
40|-4.47331|-4.47331
41|-4.47331|-4.47331
42|-4.47331|-4.47331
43|-4.47331|-4.47331
44|-4.47331|-4.47331
45|-4.47331|-4.47331
46|-4.47331|-4.47331
47|-4.47331|-4.47331
48|-4.47331|-4.47331
49|-4.47331|-4.47331
50|-4.47331|-4.47331
51|-4.47331|-4.47331
52|-4.47331|-4.47331
53|-4.47331|-4.47331
54|-4.47331|-4.47331
55|-4.47331|-4.47331
56|-4.47331|-4.47331
57|-4.47331|-4.47331
58|-4.47331|-4.47331
59|-4.47331|-4.47331
60|-4.47331|-4.47331
61|-4.47331|-4.47331
62|-4.47331|-4.47331
63|-4.47331|-4.47331
64|-4.47331|-4.47331
65|-4.47331|-4.47331
66|-4.47331|-4.47331
67|-4.47331|-4.47331
68|-4.47331|-4.47331
69|-4.47331|-4.47331
70|-4.47331|-4.47331
71|-4.47331|-4.47331
72|-4.47331|-4.47331
73|-4.47331|-4.47331
74|-4.47331|-4.47331
75|-4.47331|-4.47331
76|-4.47331|-4.47331
77|-4.47331|-4.47331
78|-4.47331|-4.47331
79|-4.47331|-4.47331
80|-4.47331|-4.47331
81|-4.47331|-4.47331
82|-4.47331|-4.47331
83|-4.47331|-4.47331
84|-4.47331|-4.47331
85|-4.47331|-4.47331
86|-4.47331|-4.47331
87|-4.47331|-4.47331
88|-4.47331|-4.47331
89|-4.47331|-4.47331
90|-4.47331|-4.47331
91|-4.47331|-4.47331
92|-4.47331|-4.47331
93|-4.47331|-4.47331
94|-4.47331|-4.47331
95|-4.47331|-4.47331
96|-4.47331|-4.47331
97|-4.47331|-4.47331
98|-4.47331|-4.47331
99|-4.47331|-4.47331
100|-4.47331|-4.47331
101|-4.47331|-4.47331
102|-4.47331|-4.47331
103|-4.47331|-4.47331
104|-4.47331|-4.47331
105|-4.47331|-4.47331
106|-4.47331|-4.47331
107|-4.47331|-4.47331
108|-4.47331|-4.47331
109|-4.47331|-4.47331
110|-4.47331|-4.47331
111|-4.47331|-4.47331
112|-4.47331|-4.47331
113|-4.47331|-4.47331
114|-4.47331|-4.47331
115|-4.47331|-4.47331
116|-4.47331|-4.47331
117|-4.47331|-4.47331
118|-4.47331|-4.47331
119|-4.47331|-4.47331
120|-4.47331|-4.47331
121|-4.47331|-4.47331
122|-4.47331|-4.47331
123|-4.47331|-4.47331
124|-4.47331|-4.47331
125|-4.47331|-4.47331
126|-4.47331|-4.47331
127|-4.47331|-4.47331
128|-4.47331|-4.47331
129|-4.47331|-4.47331
130|-4.47331|-4.47331
131|-4.47331|-4.47331
132|-4.47331|-4.47331
133|-4.47331|-4.47331
134|-4.47331|-4.47331
135|-4.47331|-4.47331
136|-4.47331|-4.47331
137|-4.47331|-4.47331
138|-4.47331|-4.47331
139|-4.47331|-4.47331
140|-4.47331|-4.47331
141|-4.47331|-4.47331
142|-4.47331|-4.47331
143|-4.47331|-4.47331
144|-4.47331|-4.47331
145|-4.47331|-4.47331
146|-4.47331|-4.47331
147|-4.47331|-4.47331
148|-4.47331|-4.47331
149|-4.47331|-4.47331
150|-4.47331|-4.47331
151|-4.47331|-4.47331
152|-4.47331|-4.47331
153|-4.47331|-4.47331
154|-4.47331|-4.47331
155|-4.47331|-4.47331
156|-4.47331|-4.47331
157|-4.47331|-4.47331
158|-4.47331|-4.47331
159|-4.47331|-4.47331
160|-4.47331|-4.47331
161|-4.47331|-4.47331
162|-4.47331|-4.47331
163|-4.47331|-4.47331
164|-4.47331|-4.47331
165|-4.47331|-4.47331
166|-4.47331|-4.47331
167|-4.47331|-4.47331
168|-4.47331|-4.47331
169|-4.47331|-4.47331
170|-4.47331|-4.47331
171|-4.47331|-4.47331
172|-4.47331|-4.47331
173|-4.47331|-4.47331
174|-4.47331|-4.47331
175|-4.47331|-4.47331
176|-4.47331|-4.47331
177|-4.47331|-4.47331
178|-4.47331|-4.47331
179|-4.47331|-4.47331
180|-4.47331|-4.47331
181|-4.47331|-4.47331
182|-4.47331|-4.47331
183|-4.47331|-4.47331
184|-4.47331|-4.47331
185|-4.47331|-4.47331
186|-4.47331|-4.47331
187|-4.47331|-4.47331
188|-4.47331|-4.47331
189|-4.47331|-4.47331
EARLY STOP: TARGET FOUND
73155ms
