1|-577.107|-577.107
2|-886.6|-886.6
3|-1173.22|-1173.22
4|-1299.26|-1299.26
5|-1466.76|-1466.76
6|-1581.7|-1581.7
7|-1687.32|-1687.32
8|-1784.74|-1784.74
9|-1860.07|-1860.07
10|-2161.07|-2161.07
11|-2224.69|-2224.69
12|-2303.06|-2303.06
13|-2595.86|-2595.86
14|-2656|-2656
15|-2707.04|-2707.04
16|-2757.49|-2757.49
17|-2833.34|-2833.34
18|-3132.94|-3132.94
19|-3170.51|-3170.51
20|-3218.26|-3218.26
21|-3238.87|-3238.87
22|-3258.54|-3258.54
23|-3268.21|-3268.21
24|-3323.66|-3323.66
25|-3332.67|-3332.67
26|-3341.47|-3341.47
27|-3349.99|-3349.99
28|-3354.36|-3354.36
29|-3358.73|-3358.73
30|-3363.1|-3363.1
31|-3367.27|-3367.27
32|-3370.7|-3370.7
33|-3373.93|-3373.93
34|-3376.11|-3376.11
35|-3377.2|-3377.2
36|-3378.29|-3378.29
37|-3379.31|-3379.31
38|-3379.86|-3379.86
39|-3380.36|-3380.36
40|-3380.87|-3380.87
41|-3381.37|-3381.37
42|-3381.86|-3381.86
43|-3382.29|-3382.29
44|-3382.57|-3382.57
45|-3382.82|-3382.82
46|-3383.07|-3383.07
47|-3383.23|-3383.23
48|-3383.38|-3383.38
49|-3383.52|-3383.52
50|-3383.64|-3383.64
51|-3383.72|-3383.72
52|-3383.79|-3383.79
53|-3383.86|-3383.86
54|-3383.89|-3383.89
55|-3383.92|-3383.92
56|-3383.96|-3383.96
57|-3383.99|-3383.99
58|-3384.02|-3384.02
59|-3384.05|-3384.05
60|-3384.08|-3384.08
61|-3384.11|-3384.11
62|-3384.12|-3384.12
63|-3384.13|-3384.13
64|-3384.14|-3384.14
65|-3384.15|-3384.15
66|-3384.16|-3384.16
67|-3384.17|-3384.17
68|-3384.17|-3384.17
69|-3384.18|-3384.18
70|-3384.19|-3384.19
71|-3384.19|-3384.19
72|-3384.2|-3384.2
73|-3384.2|-3384.2
74|-3384.2|-3384.2
75|-3384.21|-3384.21
76|-3384.21|-3384.21
77|-3384.21|-3384.21
78|-3384.21|-3384.21
79|-3384.21|-3384.21
80|-3384.21|-3384.21
81|-3384.21|-3384.21
82|-3384.21|-3384.21
83|-3384.21|-3384.21
84|-3384.21|-3384.21
85|-3384.21|-3384.21
86|-3384.21|-3384.21
87|-3384.21|-3384.21
88|-3384.21|-3384.21
89|-3384.21|-3384.21
90|-3384.21|-3384.21
91|-3384.21|-3384.21
92|-3384.21|-3384.21
93|-3384.21|-3384.21
94|-3384.21|-3384.21
95|-3384.21|-3384.21
96|-3384.21|-3384.21
97|-3384.21|-3384.21
98|-3384.21|-3384.21
99|-3384.21|-3384.21
100|-3384.21|-3384.21
101|-3384.21|-3384.21
102|-3384.21|-3384.21
103|-3384.21|-3384.21
104|-3384.21|-3384.21
105|-3384.21|-3384.21
106|-3384.21|-3384.21
107|-3384.21|-3384.21
108|-3384.21|-3384.21
109|-3384.21|-3384.21
110|-3384.21|-3384.21
111|-3384.21|-3384.21
112|-3384.21|-3384.21
113|-3384.21|-3384.21
114|-3384.21|-3384.21
115|-3384.21|-3384.21
116|-3384.21|-3384.21
117|-3384.21|-3384.21
118|-3384.21|-3384.21
119|-3384.21|-3384.21
120|-3384.21|-3384.21
121|-3384.21|-3384.21
122|-3384.21|-3384.21
123|-3384.21|-3384.21
124|-3384.21|-3384.21
125|-3384.21|-3384.21
126|-3384.21|-3384.21
127|-3384.21|-3384.21
128|-3384.21|-3384.21
129|-3384.21|-3384.21
130|-3384.21|-3384.21
131|-3384.21|-3384.21
132|-3384.21|-3384.21
133|-3384.21|-3384.21
134|-3384.21|-3384.21
135|-3384.21|-3384.21
136|-3384.21|-3384.21
137|-3384.21|-3384.21
138|-3384.21|-3384.21
139|-3384.21|-3384.21
140|-3384.21|-3384.21
141|-3384.21|-3384.21
142|-3384.21|-3384.21
143|-3384.21|-3384.21
144|-3384.21|-3384.21
145|-3384.21|-3384.21
146|-3384.21|-3384.21
147|-3384.21|-3384.21
148|-3384.21|-3384.21
149|-3384.21|-3384.21
150|-3384.21|-3384.21
151|-3384.21|-3384.21
152|-3384.21|-3384.21
153|-3384.21|-3384.21
154|-3384.21|-3384.21
155|-3384.21|-3384.21
156|-3384.21|-3384.21
157|-3384.21|-3384.21
158|-3384.21|-3384.21
159|-3384.21|-3384.21
160|-3384.21|-3384.21
161|-3384.21|-3384.21
162|-3384.21|-3384.21
163|-3384.21|-3384.21
164|-3384.21|-3384.21
165|-3384.21|-3384.21
166|-3384.21|-3384.21
167|-3384.21|-3384.21
168|-3384.21|-3384.21
169|-3384.21|-3384.21
170|-3384.21|-3384.21
171|-3384.21|-3384.21
172|-3384.21|-3384.21
173|-3384.21|-3384.21
174|-3384.21|-3384.21
175|-3384.21|-3384.21
176|-3384.21|-3384.21
177|-3384.21|-3384.21
178|-3384.21|-3384.21
179|-3384.21|-3384.21
180|-3384.21|-3384.21
181|-3384.21|-3384.21
182|-3384.21|-3384.21
183|-3384.21|-3384.21
184|-3384.21|-3384.21
185|-3384.21|-3384.21
186|-3384.21|-3384.21
187|-3384.21|-3384.21
188|-3384.21|-3384.21
189|-3384.21|-3384.21
190|-3384.21|-3384.21
191|-3384.21|-3384.21
192|-3384.21|-3384.21
193|-3384.21|-3384.21
194|-3384.21|-3384.21
195|-3384.21|-3384.21
196|-3384.21|-3384.21
197|-3384.21|-3384.21
198|-3384.21|-3384.21
199|-3384.21|-3384.21
200|-3384.21|-3384.21
201|-3384.21|-3384.21
202|-3384.21|-3384.21
203|-3384.21|-3384.21
204|-3384.21|-3384.21
205|-3384.21|-3384.21
206|-3384.21|-3384.21
207|-3384.21|-3384.21
208|-3384.21|-3384.21
209|-3384.21|-3384.21
210|-3384.21|-3384.21
211|-3384.21|-3384.21
212|-3384.21|-3384.21
213|-3384.21|-3384.21
214|-3384.21|-3384.21
215|-3384.21|-3384.21
216|-3384.21|-3384.21
217|-3384.21|-3384.21
218|-3384.21|-3384.21
219|-3384.21|-3384.21
220|-3384.21|-3384.21
221|-3384.21|-3384.21
222|-3384.21|-3384.21
223|-3384.21|-3384.21
224|-3384.21|-3384.21
225|-3384.21|-3384.21
226|-3384.21|-3384.21
227|-3384.21|-3384.21
228|-3384.21|-3384.21
229|-3384.21|-3384.21
230|-3384.21|-3384.21
231|-3384.21|-3384.21
232|-3384.21|-3384.21
233|-3384.21|-3384.21
234|-3384.21|-3384.21
235|-3384.21|-3384.21
236|-3384.21|-3384.21
EARLY STOP: TARGET FOUND
473085ms
