1|63.3446|63.3446
2|43.2953|43.2953
3|37.056|37.056
4|26.1758|26.1758
5|22.6359|22.6359
6|21.0455|21.0455
7|19.8622|19.8622
8|19.1412|19.1412
9|18.5302|18.5302
10|17.932|17.932
11|17.619|17.619
12|17.4361|17.4361
13|17.2921|17.2921
14|17.2148|17.2148
15|17.146|17.146
16|17.1123|17.1123
17|17.0787|17.0787
18|17.0609|17.0609
19|17.0443|17.0443
20|17.0277|17.0277
21|17.019|17.019
22|17.0148|17.0148
23|17.0107|17.0107
24|17.0086|17.0086
25|17.0065|17.0065
26|17.0044|17.0044
27|17.0034|17.0034
28|17.0026|17.0026
29|17.0021|17.0021
30|17.0016|17.0016
31|17.0013|17.0013
32|17.0012|17.0012
33|17.001|17.001
34|17.001|17.001
35|17.001|17.001
36|17.001|17.001
37|17.001|17.001
38|17.001|17.001
39|17.001|17.001
40|17.001|17.001
41|17.001|17.001
42|17.001|17.001
43|17.001|17.001
44|17.001|17.001
45|17.001|17.001
46|17.001|17.001
47|17.001|17.001
48|17.001|17.001
49|17.001|17.001
50|17.001|17.001
51|17.001|17.001
52|17.001|17.001
53|17.001|17.001
54|17.001|17.001
55|17.001|17.001
56|17.001|17.001
57|17.001|17.001
58|17.001|17.001
59|17.001|17.001
60|17.001|17.001
61|17.001|17.001
62|17.001|17.001
63|17.001|17.001
64|17.001|17.001
65|17.001|17.001
66|17.001|17.001
67|17.001|17.001
68|17.001|17.001
69|17.001|17.001
70|17.001|17.001
71|17.001|17.001
72|17.001|17.001
73|17.001|17.001
74|17.001|17.001
75|17.001|17.001
76|17.001|17.001
77|17.001|17.001
78|17.001|17.001
79|17.001|17.001
80|17.001|17.001
81|17.001|17.001
82|17.001|17.001
83|17.001|17.001
84|17.001|17.001
85|17.001|17.001
86|17.001|17.001
87|17.001|17.001
88|17.001|17.001
89|17.001|17.001
90|17.001|17.001
91|17.001|17.001
92|17.001|17.001
93|17.001|17.001
94|17.001|17.001
95|17.001|17.001
96|17.001|17.001
97|17.001|17.001
98|17.001|17.001
99|17.001|17.001
100|17.001|17.001
101|17.001|17.001
102|17.001|17.001
103|17.001|17.001
104|17.001|17.001
105|17.001|17.001
106|17.001|17.001
107|17.001|17.001
108|17.001|17.001
109|17.001|17.001
110|17.001|17.001
111|17.001|17.001
112|17.001|17.001
113|17.001|17.001
114|17.001|17.001
115|17.001|17.001
116|17.001|17.001
117|17.001|17.001
118|17.001|17.001
119|17.001|17.001
120|17.001|17.001
121|17.001|17.001
122|17.001|17.001
123|17.001|17.001
124|17.001|17.001
125|17.001|17.001
126|17.001|17.001
127|17.001|17.001
128|17.001|17.001
129|17.001|17.001
130|17.001|17.001
131|17.001|17.001
132|17.001|17.001
133|17.001|17.001
134|17.001|17.001
135|17.001|17.001
136|17.001|17.001
137|17.001|17.001
138|17.001|17.001
139|17.001|17.001
140|17.001|17.001
141|17.001|17.001
142|17.001|17.001
143|17.001|17.001
144|17.001|17.001
145|17.001|17.001
146|17.001|17.001
147|17.001|17.001
148|17.001|17.001
149|17.001|17.001
150|17.001|17.001
151|17.001|17.001
152|17.001|17.001
153|17.001|17.001
154|17.001|17.001
155|17.001|17.001
156|17.001|17.001
157|17.001|17.001
158|17.001|17.001
159|17.001|17.001
160|17.001|17.001
161|17.001|17.001
162|17.001|17.001
163|17.001|17.001
164|17.001|17.001
165|17.001|17.001
166|17.001|17.001
167|17.001|17.001
168|17.001|17.001
169|17.001|17.001
170|17.001|17.001
171|17.001|17.001
172|17.001|17.001
173|17.001|17.001
174|17.001|17.001
175|17.001|17.001
176|17.001|17.001
177|17.001|17.001
178|17.001|17.001
179|17.001|17.001
180|17.001|17.001
181|17.001|17.001
182|17.001|17.001
183|17.001|17.001
184|17.001|17.001
EARLY STOP: TARGET FOUND
71875ms
