1|124.972|124.972
2|105.503|105.503
3|89.8268|89.8268
4|76.7531|76.7531
5|65.0133|65.0133
6|56.0546|56.0546
7|49.8907|49.8907
8|45.3485|45.3485
9|42.0283|42.0283
10|38.9718|38.9718
11|37.587|37.587
12|36.7033|36.7033
13|35.8963|35.8963
14|35.3778|35.3778
15|30.9091|30.9091
16|30.7563|30.7563
17|30.613|30.613
18|30.5313|30.5313
19|29.5502|29.5502
20|25.5972|25.5972
21|25.5628|25.5628
22|25.5393|25.5393
23|25.5213|25.5213
24|25.504|25.504
25|25.4923|25.4923
26|25.4835|25.4835
27|25.4748|25.4748
28|25.468|25.468
29|25.4614|25.4614
30|25.4552|25.4552
31|25.4494|25.4494
32|25.4439|25.4439
33|25.4396|25.4396
34|25.4353|25.4353
35|25.4315|25.4315
36|25.4293|25.4293
37|25.4274|25.4274
38|25.4259|25.4259
39|25.4249|25.4249
40|25.4241|25.4241
41|25.4235|25.4235
42|25.4229|25.4229
43|25.4224|25.4224
44|25.422|25.422
45|25.4217|25.4217
46|25.4216|25.4216
47|25.4215|25.4215
48|25.4214|25.4214
49|25.4213|25.4213
50|25.4212|25.4212
51|25.4212|25.4212
52|25.4211|25.4211
53|25.4211|25.4211
54|25.4211|25.4211
55|25.421|25.421
56|25.421|25.421
57|25.421|25.421
58|25.421|25.421
59|25.421|25.421
60|25.421|25.421
61|25.421|25.421
62|25.421|25.421
63|25.421|25.421
64|25.421|25.421
65|25.421|25.421
66|25.421|25.421
67|25.421|25.421
68|25.421|25.421
69|25.421|25.421
70|25.421|25.421
71|25.421|25.421
72|25.421|25.421
73|25.421|25.421
74|25.421|25.421
75|25.421|25.421
76|25.421|25.421
77|25.421|25.421
78|25.421|25.421
79|25.421|25.421
80|25.421|25.421
81|25.421|25.421
82|25.421|25.421
83|25.421|25.421
84|25.421|25.421
85|25.421|25.421
86|25.421|25.421
87|25.421|25.421
88|25.421|25.421
89|25.421|25.421
90|25.421|25.421
91|25.421|25.421
92|25.421|25.421
93|25.421|25.421
94|25.421|25.421
95|25.421|25.421
96|25.421|25.421
97|25.421|25.421
98|25.421|25.421
99|25.421|25.421
100|25.421|25.421
101|25.421|25.421
102|25.421|25.421
103|25.421|25.421
104|25.421|25.421
105|25.421|25.421
106|25.421|25.421
107|25.421|25.421
108|25.421|25.421
109|25.421|25.421
110|25.421|25.421
111|25.421|25.421
112|25.421|25.421
113|25.421|25.421
114|25.421|25.421
115|25.421|25.421
116|25.421|25.421
117|25.421|25.421
118|25.421|25.421
119|25.421|25.421
120|25.421|25.421
121|25.421|25.421
122|25.421|25.421
123|25.421|25.421
124|25.421|25.421
125|25.421|25.421
126|25.421|25.421
127|25.421|25.421
128|25.421|25.421
129|25.421|25.421
130|25.421|25.421
131|25.421|25.421
132|25.421|25.421
133|25.421|25.421
134|25.421|25.421
135|25.421|25.421
136|25.421|25.421
137|25.421|25.421
138|25.421|25.421
139|25.421|25.421
140|25.421|25.421
141|25.421|25.421
142|25.421|25.421
143|25.421|25.421
144|25.421|25.421
145|25.421|25.421
146|25.421|25.421
147|25.421|25.421
148|25.421|25.421
149|25.421|25.421
150|25.421|25.421
151|25.421|25.421
152|25.421|25.421
153|25.421|25.421
154|25.421|25.421
155|25.421|25.421
156|25.421|25.421
157|25.421|25.421
158|25.421|25.421
159|25.421|25.421
160|25.421|25.421
161|25.421|25.421
162|25.421|25.421
163|25.421|25.421
164|25.421|25.421
165|25.421|25.421
166|25.421|25.421
167|25.421|25.421
168|25.421|25.421
169|25.421|25.421
170|25.421|25.421
171|25.421|25.421
172|25.421|25.421
173|25.421|25.421
174|25.421|25.421
175|25.421|25.421
176|25.421|25.421
177|25.421|25.421
178|25.421|25.421
179|25.421|25.421
180|25.421|25.421
181|25.421|25.421
182|25.421|25.421
183|25.421|25.421
184|25.421|25.421
185|25.421|25.421
186|25.421|25.421
187|25.421|25.421
188|25.421|25.421
189|25.421|25.421
190|25.421|25.421
191|25.421|25.421
192|25.421|25.421
193|25.421|25.421
194|25.421|25.421
195|25.421|25.421
196|25.421|25.421
197|25.421|25.421
198|25.421|25.421
199|25.421|25.421
200|25.421|25.421
201|25.421|25.421
202|25.421|25.421
203|25.421|25.421
204|25.421|25.421
205|25.421|25.421
206|25.421|25.421
207|25.421|25.421
208|25.421|25.421
209|25.421|25.421
210|25.421|25.421
211|25.421|25.421
212|25.421|25.421
EARLY STOP: TARGET FOUND
295438ms
