1|183.267|183.267
2|162.945|162.945
3|143.933|143.933
4|130.632|130.632
5|117.759|117.759
6|105.043|105.043
7|92.5242|92.5242
8|80.6445|80.6445
9|71.1347|71.1347
10|62.6074|62.6074
11|55.0579|55.0579
12|48.4283|48.4283
13|43.8044|43.8044
14|39.6101|39.6101
15|35.6664|35.6664
16|31.7649|31.7649
17|28.345|28.345
18|25.3484|25.3484
19|22.9204|22.9204
20|20.8521|20.8521
21|19.1052|19.1052
22|17.8934|17.8934
23|16.6889|16.6889
24|15.5186|15.5186
25|14.3875|14.3875
26|13.3044|13.3044
27|12.2228|12.2228
28|11.165|11.165
29|10.2431|10.2431
30|9.37472|9.37472
31|8.63163|8.63163
32|7.90971|7.90971
33|7.21261|7.21261
34|6.64802|6.64802
35|6.1573|6.1573
36|5.67613|5.67613
37|5.21238|5.21238
38|4.75556|4.75556
39|4.45685|4.45685
40|4.16179|4.16179
41|3.88386|3.88386
42|3.61673|3.61673
43|3.35082|3.35082
44|3.09247|3.09247
45|2.84027|2.84027
46|2.59189|2.59189
47|2.35476|2.35476
48|2.12039|2.12039
49|1.88679|1.88679
50|1.66507|1.66507
51|1.51132|1.51132
52|1.36701|1.36701
53|1.24004|1.24004
54|1.11345|1.11345
55|1.04035|1.04035
56|0.967795|0.967795
57|0.897062|0.897062
58|0.834898|0.834898
59|0.777127|0.777127
60|0.720363|0.720363
61|0.664205|0.664205
62|0.611725|0.611725
63|0.559355|0.559355
64|0.510053|0.510053
65|0.462664|0.462664
66|0.416387|0.416387
67|0.37462|0.37462
68|0.334237|0.334237
69|0.294239|0.294239
70|0.257597|0.257597
71|0.223536|0.223536
72|0.195396|0.195396
73|0.178044|0.178044
74|0.160968|0.160968
75|0.144802|0.144802
76|0.131829|0.131829
77|0.119947|0.119947
78|0.108417|0.108417
79|0.0987314|0.0987314
80|0.0895494|0.0895494
81|0.0806704|0.0806704
82|0.0736306|0.0736306
83|0.0666454|0.0666454
84|0.0602071|0.0602071
85|0.0558817|0.0558817
86|0.0520055|0.0520055
87|0.0481583|0.0481583
88|0.0444204|0.0444204
89|0.0407817|0.0407817
90|0.0372125|0.0372125
91|0.0337426|0.0337426
92|0.0304594|0.0304594
93|0.0275863|0.0275863
94|0.0251445|0.0251445
95|0.0230488|0.0230488
96|0.0210492|0.0210492
97|0.0192598|0.0192598
98|0.017475|0.017475
99|0.0157887|0.0157887
100|0.0146533|0.0146533
101|0.0135414|0.0135414
102|0.0124658|0.0124658
103|0.0114855|0.0114855
104|0.010515|0.010515
105|0.00955233|0.00955233
EARLY STOP: TARGET FOUND
1194566ms
