1|-642.875|-642.875
2|-923.381|-923.381
3|-1108.51|-1108.51
4|-1324.7|-1324.7
5|-1466.98|-1466.98
6|-1575.91|-1575.91
7|-1677.62|-1677.62
8|-1741.04|-1741.04
9|-1783.62|-1783.62
10|-1797.35|-1797.35
11|-1806.36|-1806.36
12|-1811.56|-1811.56
13|-1815.73|-1815.73
14|-1818.37|-1818.37
15|-1819.53|-1819.53
16|-1820.56|-1820.56
17|-1821.07|-1821.07
18|-1821.32|-1821.32
19|-1821.48|-1821.48
20|-1821.61|-1821.61
21|-1821.68|-1821.68
22|-1821.75|-1821.75
23|-1821.79|-1821.79
24|-1821.82|-1821.82
25|-1821.85|-1821.85
26|-1821.89|-1821.89
27|-1821.91|-1821.91
28|-1821.92|-1821.92
29|-1821.94|-1821.94
30|-1821.94|-1821.94
31|-1821.95|-1821.95
32|-1821.95|-1821.95
33|-1821.96|-1821.96
34|-1821.96|-1821.96
35|-1821.96|-1821.96
36|-1821.97|-1821.97
37|-1821.97|-1821.97
38|-1821.97|-1821.97
39|-1821.97|-1821.97
40|-1821.97|-1821.97
41|-1821.97|-1821.97
42|-1821.97|-1821.97
43|-1821.97|-1821.97
44|-1821.97|-1821.97
45|-1821.97|-1821.97
46|-1821.97|-1821.97
47|-1821.97|-1821.97
48|-1821.97|-1821.97
49|-1821.97|-1821.97
50|-1821.97|-1821.97
51|-1821.97|-1821.97
52|-1821.97|-1821.97
53|-1821.97|-1821.97
54|-1821.97|-1821.97
55|-1821.97|-1821.97
56|-1821.97|-1821.97
57|-1821.97|-1821.97
58|-1821.97|-1821.97
59|-1821.97|-1821.97
60|-1821.97|-1821.97
61|-1821.97|-1821.97
62|-1821.97|-1821.97
63|-1821.97|-1821.97
64|-1821.97|-1821.97
65|-1821.97|-1821.97
66|-1821.97|-1821.97
67|-1821.97|-1821.97
68|-1821.97|-1821.97
69|-1821.97|-1821.97
70|-1821.97|-1821.97
71|-1821.97|-1821.97
72|-1821.97|-1821.97
73|-1821.97|-1821.97
74|-1821.97|-1821.97
75|-1821.97|-1821.97
76|-1821.97|-1821.97
77|-1821.97|-1821.97
78|-1821.97|-1821.97
79|-1821.97|-1821.97
80|-1821.97|-1821.97
81|-1821.97|-1821.97
82|-1821.97|-1821.97
83|-1821.97|-1821.97
84|-1821.97|-1821.97
85|-1821.97|-1821.97
86|-1821.97|-1821.97
87|-1821.97|-1821.97
88|-1821.97|-1821.97
89|-1821.97|-1821.97
90|-1821.97|-1821.97
91|-1821.97|-1821.97
92|-1821.97|-1821.97
93|-1821.97|-1821.97
94|-1821.97|-1821.97
95|-1821.97|-1821.97
96|-1821.97|-1821.97
97|-1821.97|-1821.97
98|-1821.97|-1821.97
99|-1821.97|-1821.97
100|-1821.97|-1821.97
101|-1821.97|-1821.97
102|-1821.97|-1821.97
103|-1821.97|-1821.97
104|-1821.97|-1821.97
105|-1821.97|-1821.97
106|-1821.97|-1821.97
107|-1821.97|-1821.97
108|-1821.97|-1821.97
109|-1821.97|-1821.97
110|-1821.97|-1821.97
111|-1821.97|-1821.97
112|-1821.97|-1821.97
113|-1821.97|-1821.97
114|-1821.97|-1821.97
115|-1821.97|-1821.97
116|-1821.97|-1821.97
117|-1821.97|-1821.97
118|-1821.97|-1821.97
119|-1821.97|-1821.97
120|-1821.97|-1821.97
121|-1821.97|-1821.97
122|-1821.97|-1821.97
123|-1821.97|-1821.97
124|-1821.97|-1821.97
125|-1821.97|-1821.97
126|-1821.97|-1821.97
127|-1821.97|-1821.97
128|-1821.97|-1821.97
129|-1821.97|-1821.97
130|-1821.97|-1821.97
131|-1821.97|-1821.97
132|-1821.97|-1821.97
133|-1821.97|-1821.97
134|-1821.97|-1821.97
135|-1821.97|-1821.97
136|-1821.97|-1821.97
137|-1821.97|-1821.97
138|-1821.97|-1821.97
139|-1821.97|-1821.97
140|-1821.97|-1821.97
141|-1821.97|-1821.97
142|-1821.97|-1821.97
143|-1821.97|-1821.97
144|-1821.97|-1821.97
145|-1821.97|-1821.97
146|-1821.97|-1821.97
147|-1821.97|-1821.97
148|-1821.97|-1821.97
149|-1821.97|-1821.97
150|-1821.97|-1821.97
151|-1821.97|-1821.97
152|-1821.97|-1821.97
153|-1821.97|-1821.97
154|-1821.97|-1821.97
155|-1821.97|-1821.97
156|-1821.97|-1821.97
157|-1821.97|-1821.97
158|-1821.97|-1821.97
159|-1821.97|-1821.97
160|-1821.97|-1821.97
161|-1821.97|-1821.97
162|-1821.97|-1821.97
163|-1821.97|-1821.97
164|-1821.97|-1821.97
165|-1821.97|-1821.97
166|-1821.97|-1821.97
167|-1821.97|-1821.97
168|-1821.97|-1821.97
169|-1821.97|-1821.97
170|-1821.97|-1821.97
171|-1821.97|-1821.97
172|-1821.97|-1821.97
173|-1821.97|-1821.97
174|-1821.97|-1821.97
175|-1821.97|-1821.97
176|-1821.97|-1821.97
177|-1821.97|-1821.97
178|-1821.97|-1821.97
179|-1821.97|-1821.97
180|-1821.97|-1821.97
181|-1821.97|-1821.97
182|-1821.97|-1821.97
183|-1821.97|-1821.97
184|-1821.97|-1821.97
185|-1821.97|-1821.97
186|-1821.97|-1821.97
187|-1821.97|-1821.97
188|-1821.97|-1821.97
189|-1821.97|-1821.97
190|-1821.97|-1821.97
191|-1821.97|-1821.97
192|-1821.97|-1821.97
193|-1821.97|-1821.97
194|-1821.97|-1821.97
195|-1821.97|-1821.97
196|-1821.97|-1821.97
197|-1821.97|-1821.97
198|-1821.97|-1821.97
199|-1821.97|-1821.97
EARLY STOP: TARGET FOUND
110923ms
