1|46.9923|46.9923
2|31.3669|31.3669
3|19.2159|19.2159
4|8.45382|8.45382
5|6.43253|6.43253
6|4.68954|4.68954
7|3.69979|3.69979
8|2.78577|2.78577
9|2.14326|2.14326
10|1.54487|1.54487
11|0.988849|0.988849
12|0.544491|0.544491
13|0.356819|0.356819
14|0.20701|0.20701
15|0.13733|0.13733
16|0.104703|0.104703
17|0.0871726|0.0871726
18|0.0699734|0.0699734
19|0.0543335|0.0543335
20|0.0394155|0.0394155
21|0.0275132|0.0275132
22|0.023187|0.023187
23|0.0192217|0.0192217
24|0.0154221|0.0154221
25|0.0124022|0.0124022
26|0.0097432|0.0097432
EARLY STOP: TARGET FOUND
36606ms
