1|-393.569|-393.569
2|-945.78|-945.78
3|-1384.39|-1384.39
4|-1774.68|-1774.68
5|-2016.98|-2016.98
6|-2180.6|-2180.6
7|-2296.94|-2296.94
8|-2386.54|-2386.54
9|-2465.43|-2465.43
10|-2556.91|-2556.91
11|-2813.69|-2813.69
12|-2876.6|-2876.6
13|-2932.91|-2932.91
14|-2985.57|-2985.57
15|-3057.66|-3057.66
16|-3367.21|-3367.21
17|-3381.64|-3381.64
18|-3392.17|-3392.17
19|-3443.89|-3443.89
20|-3452.66|-3452.66
21|-3458.79|-3458.79
22|-3463.02|-3463.02
23|-3468.58|-3468.58
24|-3471.19|-3471.19
25|-3472.82|-3472.82
26|-3474.3|-3474.3
27|-3475.51|-3475.51
28|-3476.6|-3476.6
29|-3477.32|-3477.32
30|-3478.03|-3478.03
31|-3478.66|-3478.66
32|-3479.2|-3479.2
33|-3479.65|-3479.65
34|-3480.04|-3480.04
35|-3480.24|-3480.24
36|-3480.39|-3480.39
37|-3480.54|-3480.54
38|-3480.62|-3480.62
39|-3480.69|-3480.69
40|-3480.73|-3480.73
41|-3480.76|-3480.76
42|-3480.79|-3480.79
43|-3480.82|-3480.82
44|-3480.85|-3480.85
45|-3480.87|-3480.87
46|-3480.89|-3480.89
47|-3480.91|-3480.91
48|-3480.92|-3480.92
49|-3480.94|-3480.94
50|-3480.94|-3480.94
51|-3480.95|-3480.95
52|-3480.96|-3480.96
53|-3480.97|-3480.97
54|-3480.97|-3480.97
55|-3480.98|-3480.98
56|-3480.98|-3480.98
57|-3480.98|-3480.98
58|-3480.99|-3480.99
59|-3480.99|-3480.99
60|-3480.99|-3480.99
61|-3480.99|-3480.99
62|-3480.99|-3480.99
63|-3480.99|-3480.99
64|-3480.99|-3480.99
65|-3481|-3481
66|-3481|-3481
67|-3481|-3481
68|-3481|-3481
69|-3481|-3481
70|-3481|-3481
71|-3481|-3481
72|-3481|-3481
73|-3481|-3481
74|-3481|-3481
75|-3481|-3481
76|-3481|-3481
77|-3481|-3481
78|-3481|-3481
79|-3481|-3481
80|-3481|-3481
81|-3481|-3481
82|-3481|-3481
83|-3481|-3481
84|-3481|-3481
85|-3481|-3481
86|-3481|-3481
87|-3481|-3481
88|-3481|-3481
89|-3481|-3481
90|-3481|-3481
91|-3481|-3481
92|-3481|-3481
93|-3481|-3481
94|-3481|-3481
95|-3481|-3481
96|-3481|-3481
97|-3481|-3481
98|-3481|-3481
99|-3481|-3481
100|-3481|-3481
101|-3481|-3481
102|-3481|-3481
103|-3481|-3481
104|-3481|-3481
105|-3481|-3481
106|-3481|-3481
107|-3481|-3481
108|-3481|-3481
109|-3481|-3481
110|-3481|-3481
111|-3481|-3481
112|-3481|-3481
113|-3481|-3481
114|-3481|-3481
115|-3481|-3481
116|-3481|-3481
117|-3481|-3481
118|-3481|-3481
119|-3481|-3481
120|-3481|-3481
121|-3481|-3481
122|-3481|-3481
123|-3481|-3481
124|-3481|-3481
125|-3481|-3481
126|-3481|-3481
127|-3481|-3481
128|-3481|-3481
129|-3481|-3481
130|-3481|-3481
131|-3481|-3481
132|-3481|-3481
133|-3481|-3481
134|-3481|-3481
135|-3481|-3481
136|-3481|-3481
137|-3481|-3481
138|-3481|-3481
139|-3481|-3481
140|-3481|-3481
141|-3481|-3481
142|-3481|-3481
143|-3481|-3481
144|-3481|-3481
145|-3481|-3481
146|-3481|-3481
147|-3481|-3481
148|-3481|-3481
149|-3481|-3481
150|-3481|-3481
151|-3481|-3481
152|-3481|-3481
153|-3481|-3481
154|-3481|-3481
155|-3481|-3481
156|-3481|-3481
157|-3481|-3481
158|-3481|-3481
159|-3481|-3481
160|-3481|-3481
161|-3481|-3481
162|-3481|-3481
163|-3481|-3481
164|-3481|-3481
165|-3481|-3481
166|-3481|-3481
167|-3481|-3481
168|-3481|-3481
169|-3481|-3481
170|-3481|-3481
171|-3481|-3481
172|-3481|-3481
173|-3481|-3481
174|-3481|-3481
175|-3481|-3481
176|-3481|-3481
177|-3481|-3481
178|-3481|-3481
179|-3481|-3481
180|-3481|-3481
181|-3481|-3481
182|-3481|-3481
183|-3481|-3481
184|-3481|-3481
185|-3481|-3481
186|-3481|-3481
187|-3481|-3481
188|-3481|-3481
189|-3481|-3481
190|-3481|-3481
191|-3481|-3481
192|-3481|-3481
193|-3481|-3481
194|-3481|-3481
195|-3481|-3481
196|-3481|-3481
197|-3481|-3481
198|-3481|-3481
199|-3481|-3481
200|-3481|-3481
201|-3481|-3481
202|-3481|-3481
203|-3481|-3481
204|-3481|-3481
205|-3481|-3481
206|-3481|-3481
207|-3481|-3481
208|-3481|-3481
209|-3481|-3481
210|-3481|-3481
211|-3481|-3481
212|-3481|-3481
213|-3481|-3481
214|-3481|-3481
215|-3481|-3481
216|-3481|-3481
217|-3481|-3481
218|-3481|-3481
219|-3481|-3481
220|-3481|-3481
221|-3481|-3481
222|-3481|-3481
223|-3481|-3481
EARLY STOP: TARGET FOUND
450628ms
