1|526.315|526.315
2|491.292|491.292
3|457.465|457.465
4|430.802|430.802
5|405.79|405.79
6|381.981|381.981
7|362.086|362.086
8|343.668|343.668
9|326.579|326.579
10|309.706|309.706
11|292.921|292.921
12|276.816|276.816
13|261.066|261.066
14|245.407|245.407
15|230.131|230.131
16|215.402|215.402
17|201.225|201.225
18|188.437|188.437
19|175.799|175.799
20|163.591|163.591
21|152.026|152.026
22|140.547|140.547
23|132.396|132.396
24|125.091|125.091
25|118.181|118.181
26|111.39|111.39
27|104.672|104.672
28|99.0564|99.0564
29|95.2402|95.2402
30|91.7633|91.7633
31|88.4173|88.4173
32|85.8176|85.8176
33|83.3838|83.3838
34|81.0152|81.0152
35|78.5995|78.5995
36|77.613|77.613
37|76.7384|76.7384
38|75.8697|75.8697
39|75.1494|75.1494
40|74.4563|74.4563
41|73.7802|73.7802
42|73.1248|73.1248
43|72.5923|72.5923
44|72.1438|72.1438
45|71.7631|71.7631
46|71.3829|71.3829
47|71.0372|71.0372
48|70.6986|70.6986
49|70.3763|70.3763
50|70.0571|70.0571
51|69.7446|69.7446
52|69.4466|69.4466
53|69.1489|69.1489
54|68.8616|68.8616
55|68.5778|68.5778
56|68.3768|68.3768
57|68.2091|68.2091
58|68.0654|68.0654
59|67.9221|67.9221
60|67.8083|67.8083
61|67.714|67.714
62|67.622|67.622
63|67.5385|67.5385
64|67.4565|67.4565
65|67.3873|67.3873
66|67.3182|67.3182
67|67.2495|67.2495
68|67.1811|67.1811
69|67.1129|67.1129
70|67.0456|67.0456
71|66.9926|66.9926
72|66.9465|66.9465
73|66.909|66.909
74|66.8721|66.8721
75|66.8361|66.8361
76|66.8008|66.8008
77|66.7671|66.7671
78|66.7333|66.7333
79|66.6998|66.6998
80|66.6664|66.6664
81|66.6405|66.6405
82|66.6226|66.6226
83|66.605|66.605
84|66.5875|66.5875
85|66.57|66.57
86|66.5533|66.5533
87|66.5366|66.5366
88|66.5199|66.5199
89|66.5033|66.5033
90|66.4867|66.4867
91|66.4701|66.4701
92|66.4553|66.4553
93|66.4437|66.4437
94|66.4326|66.4326
95|66.424|66.424
96|66.4156|66.4156
97|66.4073|66.4073
98|66.399|66.399
99|66.3908|66.3908
100|66.3825|66.3825
101|66.3781|66.3781
102|66.3738|66.3738
103|66.3697|66.3697
104|66.3656|66.3656
105|66.3614|66.3614
106|66.3573|66.3573
107|66.3535|66.3535
108|66.3503|66.3503
109|66.3472|66.3472
110|66.3442|66.3442
111|66.3416|66.3416
112|66.3394|66.3394
113|66.3373|66.3373
114|66.3351|66.3351
115|66.333|66.333
116|66.3309|66.3309
117|66.3289|66.3289
118|66.3268|66.3268
119|66.3254|66.3254
120|66.324|66.324
121|66.3227|66.3227
122|66.3217|66.3217
123|66.3207|66.3207
124|66.3196|66.3196
125|66.3189|66.3189
126|66.3182|66.3182
127|66.3176|66.3176
128|66.3169|66.3169
129|66.3163|66.3163
130|66.3156|66.3156
131|66.315|66.315
132|66.3145|66.3145
133|66.314|66.314
134|66.3135|66.3135
135|66.313|66.313
136|66.3124|66.3124
137|66.312|66.312
138|66.3115|66.3115
139|66.3111|66.3111
140|66.3108|66.3108
141|66.3104|66.3104
142|66.3102|66.3102
143|66.3099|66.3099
144|66.3096|66.3096
145|66.3094|66.3094
146|66.3091|66.3091
147|66.3089|66.3089
148|66.3086|66.3086
149|66.3083|66.3083
150|66.3081|66.3081
151|66.3079|66.3079
152|66.3078|66.3078
153|66.3076|66.3076
154|66.3075|66.3075
155|66.3074|66.3074
156|66.3072|66.3072
157|66.3072|66.3072
158|66.3071|66.3071
159|66.307|66.307
160|66.3069|66.3069
161|66.3069|66.3069
162|66.3068|66.3068
163|66.3068|66.3068
164|66.3067|66.3067
165|66.3067|66.3067
166|66.3067|66.3067
167|66.3066|66.3066
168|66.3066|66.3066
169|66.3066|66.3066
170|66.3065|66.3065
171|66.3065|66.3065
172|66.3065|66.3065
173|66.3065|66.3065
174|66.3065|66.3065
175|66.3065|66.3065
176|66.3065|66.3065
177|66.3065|66.3065
178|66.3065|66.3065
179|66.3065|66.3065
180|66.3065|66.3065
181|66.3065|66.3065
182|66.3065|66.3065
183|66.3065|66.3065
184|66.3065|66.3065
185|66.3065|66.3065
186|66.3065|66.3065
187|66.3065|66.3065
188|66.3065|66.3065
189|66.3065|66.3065
190|66.3065|66.3065
191|66.3065|66.3065
192|66.3065|66.3065
193|66.3065|66.3065
194|66.3065|66.3065
195|66.3065|66.3065
196|66.3065|66.3065
197|66.3065|66.3065
198|66.3065|66.3065
199|66.3065|66.3065
200|66.3065|66.3065
201|66.3065|66.3065
202|66.3065|66.3065
203|66.3065|66.3065
204|66.3065|66.3065
205|66.3065|66.3065
206|66.3065|66.3065
207|66.3065|66.3065
208|66.3065|66.3065
209|66.3065|66.3065
210|66.3065|66.3065
211|66.3065|66.3065
212|66.3065|66.3065
213|66.3065|66.3065
214|66.3065|66.3065
215|66.3065|66.3065
216|66.3065|66.3065
217|66.3065|66.3065
218|66.3065|66.3065
219|66.3065|66.3065
220|66.3065|66.3065
221|66.3065|66.3065
222|66.3065|66.3065
223|66.3065|66.3065
224|66.3065|66.3065
225|66.3065|66.3065
226|66.3065|66.3065
227|66.3065|66.3065
228|66.3065|66.3065
229|66.3065|66.3065
230|66.3065|66.3065
231|66.3065|66.3065
232|66.3065|66.3065
233|66.3065|66.3065
234|66.3065|66.3065
235|66.3065|66.3065
236|66.3065|66.3065
237|66.3065|66.3065
238|66.3065|66.3065
239|66.3065|66.3065
240|66.3065|66.3065
241|66.3065|66.3065
242|66.3065|66.3065
243|66.3065|66.3065
244|66.3065|66.3065
245|66.3065|66.3065
246|66.3065|66.3065
247|66.3065|66.3065
248|66.3065|66.3065
249|66.3065|66.3065
250|66.3065|66.3065
251|66.3065|66.3065
252|66.3065|66.3065
253|66.3065|66.3065
254|66.3065|66.3065
255|66.3065|66.3065
256|66.3065|66.3065
257|66.3065|66.3065
258|66.3065|66.3065
259|66.3065|66.3065
260|66.3065|66.3065
261|66.3065|66.3065
262|66.3065|66.3065
263|66.3065|66.3065
264|66.3065|66.3065
265|66.3065|66.3065
266|66.3065|66.3065
267|66.3065|66.3065
268|66.3065|66.3065
269|66.3065|66.3065
270|66.3065|66.3065
271|66.3065|66.3065
272|66.3065|66.3065
273|66.3065|66.3065
274|66.3065|66.3065
275|66.3065|66.3065
276|66.3065|66.3065
277|66.3065|66.3065
278|66.3065|66.3065
279|66.3065|66.3065
280|66.3065|66.3065
281|66.3065|66.3065
282|66.3065|66.3065
283|66.3065|66.3065
284|66.3065|66.3065
285|66.3065|66.3065
286|66.3065|66.3065
287|66.3065|66.3065
288|66.3065|66.3065
289|66.3065|66.3065
290|66.3065|66.3065
291|66.3065|66.3065
292|66.3065|66.3065
293|66.3065|66.3065
294|66.3065|66.3065
295|66.3065|66.3065
296|66.3065|66.3065
297|66.3065|66.3065
298|66.3065|66.3065
299|66.3065|66.3065
300|66.3065|66.3065
301|66.3065|66.3065
302|66.3065|66.3065
303|66.3065|66.3065
304|66.3065|66.3065
305|66.3065|66.3065
306|66.3065|66.3065
307|66.3065|66.3065
308|66.3065|66.3065
309|66.3065|66.3065
310|66.3065|66.3065
311|66.3065|66.3065
312|66.3065|66.3065
313|66.3065|66.3065
314|66.3065|66.3065
315|66.3065|66.3065
316|66.3065|66.3065
317|66.3065|66.3065
318|66.3065|66.3065
319|66.3065|66.3065
320|66.3065|66.3065
321|66.3065|66.3065
322|66.3065|66.3065
323|66.3065|66.3065
324|66.3065|66.3065
325|66.3065|66.3065
326|66.3065|66.3065
EARLY STOP: TARGET FOUND
3993574ms
