1|-5.29701|-5.29701
2|-6.23402|-6.23402
3|-7.05018|-7.05018
4|-7.86175|-7.86175
5|-8.50657|-8.50657
6|-9.124|-9.124
7|-9.53729|-9.53729
8|-9.91898|-9.91898
9|-10.2816|-10.2816
10|-10.6159|-10.6159
11|-10.937|-10.937
12|-11.2355|-11.2355
13|-11.5164|-11.5164
14|-11.7642|-11.7642
15|-12.0456|-12.0456
16|-12.2867|-12.2867
17|-12.5231|-12.5231
18|-13.0038|-13.0038
19|-13.2296|-13.2296
20|-13.5289|-13.5289
21|-13.7196|-13.7196
22|-13.9027|-13.9027
23|-14.0822|-14.0822
24|-14.2513|-14.2513
25|-14.4082|-14.4082
26|-14.5625|-14.5625
27|-15.0882|-15.0882
28|-15.2166|-15.2166
29|-15.3238|-15.3238
30|-16.053|-16.053
31|-16.1571|-16.1571
32|-16.2586|-16.2586
33|-17.1156|-17.1156
34|-17.2074|-17.2074
35|-17.2964|-17.2964
36|-17.385|-17.385
37|-17.473|-17.473
38|-17.5496|-17.5496
39|-17.5982|-17.5982
40|-18.0162|-18.0162
41|-18.0647|-18.0647
42|-18.1113|-18.1113
43|-18.1575|-18.1575
44|-18.2033|-18.2033
45|-18.2456|-18.2456
46|-18.286|-18.286
47|-18.6706|-18.6706
48|-19.2419|-19.2419
49|-19.2799|-19.2799
50|-19.317|-19.317
51|-19.3537|-19.3537
52|-19.3894|-19.3894
53|-19.4192|-19.4192
54|-19.4447|-19.4447
55|-19.4701|-19.4701
56|-19.4947|-19.4947
57|-19.9957|-19.9957
58|-20.4289|-20.4289
59|-20.4675|-20.4675
60|-20.492|-20.492
61|-20.5156|-20.5156
62|-20.5393|-20.5393
63|-20.5618|-20.5618
64|-20.5839|-20.5839
65|-20.6002|-20.6002
66|-20.6162|-20.6162
67|-20.6314|-20.6314
68|-20.6455|-20.6455
69|-20.6574|-20.6574
70|-20.6686|-20.6686
71|-20.6782|-20.6782
72|-20.6873|-20.6873
73|-20.6953|-20.6953
74|-20.7029|-20.7029
75|-20.71|-20.71
76|-20.717|-20.717
77|-20.722|-20.722
78|-20.727|-20.727
79|-20.7318|-20.7318
80|-20.7365|-20.7365
81|-20.7407|-20.7407
82|-20.7445|-20.7445
83|-20.7482|-20.7482
84|-20.7517|-20.7517
85|-20.755|-20.755
86|-20.7584|-20.7584
87|-20.7613|-20.7613
88|-20.7642|-20.7642
89|-20.767|-20.767
90|-20.7698|-20.7698
91|-20.7722|-20.7722
92|-20.7745|-20.7745
93|-20.7765|-20.7765
94|-20.7784|-20.7784
95|-20.7799|-20.7799
96|-20.7813|-20.7813
97|-20.7827|-20.7827
98|-20.7839|-20.7839
99|-20.785|-20.785
100|-20.7859|-20.7859
101|-20.7869|-20.7869
102|-20.7877|-20.7877
103|-20.7885|-20.7885
104|-20.7893|-20.7893
105|-20.79|-20.79
106|-20.7908|-20.7908
107|-20.7915|-20.7915
108|-20.7921|-20.7921
109|-20.7926|-20.7926
110|-20.793|-20.793
111|-20.8002|-20.8002
112|-20.8096|-20.8096
113|-20.81|-20.81
114|-20.8104|-20.8104
115|-20.8108|-20.8108
116|-20.8112|-20.8112
117|-20.8116|-20.8116
118|-20.8119|-20.8119
119|-20.8122|-20.8122
120|-20.8125|-20.8125
121|-20.8128|-20.8128
122|-20.813|-20.813
123|-20.8132|-20.8132
124|-20.8134|-20.8134
125|-20.8137|-20.8137
126|-20.8139|-20.8139
127|-20.8141|-20.8141
128|-20.8143|-20.8143
129|-20.8145|-20.8145
130|-20.8146|-20.8146
131|-20.8148|-20.8148
132|-20.815|-20.815
133|-20.8151|-20.8151
134|-20.8152|-20.8152
135|-20.8153|-20.8153
136|-20.8154|-20.8154
137|-20.8155|-20.8155
138|-20.8156|-20.8156
139|-20.8156|-20.8156
140|-20.8157|-20.8157
141|-20.8157|-20.8157
142|-20.8157|-20.8157
143|-20.8158|-20.8158
144|-20.8158|-20.8158
145|-20.8158|-20.8158
146|-20.8158|-20.8158
147|-20.8158|-20.8158
148|-20.8158|-20.8158
149|-20.8158|-20.8158
150|-20.8158|-20.8158
151|-20.8159|-20.8159
152|-20.8159|-20.8159
153|-20.8159|-20.8159
154|-20.8159|-20.8159
155|-20.8159|-20.8159
156|-20.8159|-20.8159
157|-20.8159|-20.8159
158|-20.8159|-20.8159
159|-20.8159|-20.8159
160|-20.8159|-20.8159
161|-20.8159|-20.8159
162|-20.8159|-20.8159
163|-20.8159|-20.8159
164|-20.8159|-20.8159
165|-20.8159|-20.8159
166|-20.8159|-20.8159
167|-20.8159|-20.8159
168|-20.8159|-20.8159
169|-20.8159|-20.8159
170|-20.8159|-20.8159
171|-20.8159|-20.8159
172|-20.8159|-20.8159
173|-20.8159|-20.8159
174|-20.8159|-20.8159
175|-20.8159|-20.8159
176|-20.8159|-20.8159
177|-20.8159|-20.8159
178|-20.8159|-20.8159
179|-20.8159|-20.8159
180|-20.8159|-20.8159
181|-20.8159|-20.8159
182|-20.8159|-20.8159
183|-20.8159|-20.8159
184|-20.8159|-20.8159
185|-20.8159|-20.8159
186|-20.8159|-20.8159
187|-20.8159|-20.8159
188|-20.8159|-20.8159
189|-20.8159|-20.8159
190|-20.8159|-20.8159
191|-20.8159|-20.8159
192|-20.8159|-20.8159
193|-20.8159|-20.8159
194|-20.8159|-20.8159
195|-20.8159|-20.8159
196|-20.8159|-20.8159
197|-20.8159|-20.8159
198|-20.8159|-20.8159
199|-20.8159|-20.8159
200|-20.8159|-20.8159
201|-20.8159|-20.8159
202|-20.8159|-20.8159
203|-20.8159|-20.8159
204|-20.8159|-20.8159
205|-20.8159|-20.8159
206|-20.8159|-20.8159
207|-20.8159|-20.8159
208|-20.8159|-20.8159
209|-20.8159|-20.8159
210|-20.8159|-20.8159
211|-20.8159|-20.8159
212|-20.8159|-20.8159
213|-20.8159|-20.8159
214|-20.8159|-20.8159
215|-20.8159|-20.8159
216|-20.8159|-20.8159
217|-20.8159|-20.8159
218|-20.8159|-20.8159
219|-20.8159|-20.8159
220|-20.8159|-20.8159
221|-20.8159|-20.8159
222|-20.8159|-20.8159
223|-20.8159|-20.8159
224|-20.8159|-20.8159
225|-20.8159|-20.8159
226|-20.8159|-20.8159
227|-20.8159|-20.8159
228|-20.8159|-20.8159
229|-20.8159|-20.8159
230|-20.8159|-20.8159
231|-20.8159|-20.8159
232|-20.8159|-20.8159
233|-20.8159|-20.8159
234|-20.8159|-20.8159
235|-20.8159|-20.8159
236|-20.8159|-20.8159
237|-20.8159|-20.8159
238|-20.8159|-20.8159
239|-20.8159|-20.8159
240|-20.8159|-20.8159
241|-20.8159|-20.8159
242|-20.8159|-20.8159
243|-20.8159|-20.8159
244|-20.8159|-20.8159
245|-20.8159|-20.8159
246|-20.8159|-20.8159
247|-20.8159|-20.8159
248|-20.8159|-20.8159
249|-20.8159|-20.8159
250|-20.8159|-20.8159
251|-20.8159|-20.8159
252|-20.8159|-20.8159
253|-20.8159|-20.8159
254|-20.8159|-20.8159
255|-20.8159|-20.8159
256|-20.8159|-20.8159
257|-20.8159|-20.8159
258|-20.8159|-20.8159
259|-20.8159|-20.8159
260|-20.8159|-20.8159
261|-20.8159|-20.8159
262|-20.8159|-20.8159
263|-20.8159|-20.8159
264|-20.8159|-20.8159
265|-20.8159|-20.8159
266|-20.8159|-20.8159
267|-20.8159|-20.8159
268|-20.8159|-20.8159
269|-20.8159|-20.8159
270|-20.8159|-20.8159
271|-20.8159|-20.8159
272|-20.8159|-20.8159
273|-20.8159|-20.8159
274|-20.8159|-20.8159
275|-20.8159|-20.8159
276|-20.8159|-20.8159
277|-20.8159|-20.8159
278|-20.8159|-20.8159
279|-20.8159|-20.8159
280|-20.8159|-20.8159
281|-20.8159|-20.8159
282|-20.8159|-20.8159
283|-20.8159|-20.8159
284|-20.8159|-20.8159
285|-20.8159|-20.8159
286|-20.8159|-20.8159
287|-20.8159|-20.8159
288|-20.8159|-20.8159
289|-20.8159|-20.8159
290|-20.8159|-20.8159
291|-20.8159|-20.8159
292|-20.8159|-20.8159
293|-20.8159|-20.8159
294|-20.8159|-20.8159
295|-20.8159|-20.8159
296|-20.8159|-20.8159
297|-20.8159|-20.8159
298|-20.8159|-20.8159
299|-20.8159|-20.8159
300|-20.8159|-20.8159
301|-20.8159|-20.8159
302|-20.8159|-20.8159
303|-20.8159|-20.8159
304|-20.8159|-20.8159
305|-20.8159|-20.8159
306|-20.8159|-20.8159
EARLY STOP: TARGET FOUND
3523950ms
