1|-1296.84|-1296.84
2|-1830.72|-1830.72
3|-2256.79|-2256.79
4|-2662.08|-2662.08
5|-3060.95|-3060.95
6|-3436.43|-3436.43
7|-3764.14|-3764.14
8|-4080.33|-4080.33
9|-4379.89|-4379.89
10|-4674.23|-4674.23
11|-4960.99|-4960.99
12|-5237.8|-5237.8
13|-5491.72|-5491.72
14|-5720.39|-5720.39
15|-5926.46|-5926.46
16|-6127.07|-6127.07
17|-6316.07|-6316.07
18|-6502.42|-6502.42
19|-6675.65|-6675.65
20|-6847.24|-6847.24
21|-7017.76|-7017.76
22|-7184.37|-7184.37
23|-7326.76|-7326.76
24|-7440.85|-7440.85
25|-7538.57|-7538.57
26|-7625.73|-7625.73
27|-7712.11|-7712.11
28|-7798.11|-7798.11
29|-7880.66|-7880.66
30|-7954.29|-7954.29
31|-8259.81|-8259.81
32|-8327.42|-8327.42
33|-8396.48|-8396.48
34|-8464.08|-8464.08
35|-8530.32|-8530.32
36|-8854.62|-8854.62
37|-8915.52|-8915.52
38|-8974.29|-8974.29
39|-9032.07|-9032.07
40|-9075.09|-9075.09
41|-9104.49|-9104.49
42|-9132.12|-9132.12
43|-9159.66|-9159.66
44|-9185.56|-9185.56
45|-9207.79|-9207.79
46|-9229.12|-9229.12
47|-9250.42|-9250.42
48|-9270.02|-9270.02
49|-9289.33|-9289.33
50|-9305.74|-9305.74
51|-9320.75|-9320.75
52|-9335.11|-9335.11
53|-9371.07|-9371.07
54|-9384.83|-9384.83
55|-9398.01|-9398.01
56|-9434.01|-9434.01
57|-9444.94|-9444.94
58|-9455.54|-9455.54
59|-9466.12|-9466.12
60|-9476.7|-9476.7
61|-9487.06|-9487.06
62|-9496.31|-9496.31
63|-9553.64|-9553.64
64|-9562.54|-9562.54
65|-9621.39|-9621.39
66|-9630.22|-9630.22
67|-9639.04|-9639.04
68|-9646.45|-9646.45
69|-9653.75|-9653.75
70|-9659.68|-9659.68
71|-9665.49|-9665.49
72|-9671.11|-9671.11
73|-9703.37|-9703.37
74|-9721.18|-9721.18
75|-9729.98|-9729.98
76|-9735.25|-9735.25
77|-9740.06|-9740.06
78|-9744.71|-9744.71
79|-9749.1|-9749.1
80|-9753.48|-9753.48
81|-9757.84|-9757.84
82|-9762.21|-9762.21
83|-9765.88|-9765.88
84|-9768.53|-9768.53
85|-9771.17|-9771.17
86|-9773.81|-9773.81
87|-9776.26|-9776.26
88|-9778.45|-9778.45
89|-9780.63|-9780.63
90|-9782.81|-9782.81
91|-9784.98|-9784.98
92|-9786.79|-9786.79
93|-9788.57|-9788.57
94|-9790.23|-9790.23
95|-9791.76|-9791.76
96|-9793.22|-9793.22
97|-9794.54|-9794.54
98|-9795.72|-9795.72
99|-9796.81|-9796.81
100|-9797.66|-9797.66
101|-9798.36|-9798.36
102|-9799.02|-9799.02
103|-9799.68|-9799.68
104|-9800.31|-9800.31
105|-9800.87|-9800.87
106|-9801.41|-9801.41
107|-9801.96|-9801.96
108|-9802.5|-9802.5
109|-9803.05|-9803.05
110|-9803.58|-9803.58
111|-9804.02|-9804.02
112|-9804.39|-9804.39
113|-9804.76|-9804.76
114|-9805.14|-9805.14
115|-9805.47|-9805.47
116|-9805.79|-9805.79
117|-9806.07|-9806.07
118|-9806.34|-9806.34
119|-9806.61|-9806.61
120|-9806.88|-9806.88
121|-9807.13|-9807.13
122|-9807.35|-9807.35
123|-9807.54|-9807.54
124|-9807.73|-9807.73
125|-9807.92|-9807.92
126|-9808.09|-9808.09
127|-9808.26|-9808.26
128|-9808.41|-9808.41
129|-9808.55|-9808.55
130|-9808.68|-9808.68
131|-9808.79|-9808.79
132|-9808.88|-9808.88
133|-9808.97|-9808.97
134|-9809.05|-9809.05
135|-9809.14|-9809.14
136|-9809.21|-9809.21
137|-9809.28|-9809.28
138|-9809.35|-9809.35
139|-9809.42|-9809.42
140|-9809.49|-9809.49
141|-9809.55|-9809.55
142|-9809.62|-9809.62
143|-9809.67|-9809.67
144|-9809.71|-9809.71
145|-9809.76|-9809.76
146|-9809.79|-9809.79
147|-9809.83|-9809.83
148|-9809.86|-9809.86
149|-9809.9|-9809.9
150|-9809.93|-9809.93
151|-9809.96|-9809.96
152|-9809.99|-9809.99
153|-9810.02|-9810.02
154|-9810.05|-9810.05
155|-9810.07|-9810.07
156|-9810.09|-9810.09
157|-9810.11|-9810.11
158|-9810.13|-9810.13
159|-9810.15|-9810.15
160|-9810.17|-9810.17
161|-9810.18|-9810.18
162|-9810.2|-9810.2
163|-9810.21|-9810.21
164|-9810.22|-9810.22
165|-9810.23|-9810.23
166|-9810.24|-9810.24
167|-9810.24|-9810.24
168|-9810.25|-9810.25
169|-9810.26|-9810.26
170|-9810.27|-9810.27
171|-9810.28|-9810.28
172|-9810.28|-9810.28
173|-9810.29|-9810.29
174|-9810.3|-9810.3
175|-9810.3|-9810.3
176|-9810.31|-9810.31
177|-9810.31|-9810.31
178|-9810.32|-9810.32
179|-9810.32|-9810.32
180|-9810.33|-9810.33
181|-9810.33|-9810.33
182|-9810.33|-9810.33
183|-9810.34|-9810.34
184|-9810.34|-9810.34
185|-9810.34|-9810.34
186|-9810.35|-9810.35
187|-9810.35|-9810.35
188|-9810.35|-9810.35
189|-9810.35|-9810.35
190|-9810.36|-9810.36
191|-9810.36|-9810.36
192|-9810.36|-9810.36
193|-9810.36|-9810.36
194|-9810.36|-9810.36
195|-9810.37|-9810.37
196|-9810.37|-9810.37
197|-9810.37|-9810.37
198|-9810.37|-9810.37
199|-9810.37|-9810.37
200|-9810.38|-9810.38
201|-9810.38|-9810.38
202|-9810.38|-9810.38
203|-9810.38|-9810.38
204|-9810.38|-9810.38
205|-9810.38|-9810.38
206|-9810.38|-9810.38
207|-9810.38|-9810.38
208|-9810.38|-9810.38
209|-9810.38|-9810.38
210|-9810.38|-9810.38
211|-9810.38|-9810.38
212|-9810.38|-9810.38
213|-9810.38|-9810.38
214|-9810.38|-9810.38
215|-9810.38|-9810.38
216|-9810.38|-9810.38
217|-9810.38|-9810.38
218|-9810.38|-9810.38
219|-9810.38|-9810.38
220|-9810.38|-9810.38
221|-9810.38|-9810.38
222|-9810.38|-9810.38
223|-9810.38|-9810.38
224|-9810.38|-9810.38
225|-9810.38|-9810.38
226|-9810.38|-9810.38
227|-9810.38|-9810.38
228|-9810.38|-9810.38
229|-9810.38|-9810.38
230|-9810.38|-9810.38
231|-9810.38|-9810.38
232|-9810.38|-9810.38
233|-9810.38|-9810.38
234|-9810.38|-9810.38
235|-9810.38|-9810.38
236|-9810.38|-9810.38
237|-9810.38|-9810.38
238|-9810.38|-9810.38
239|-9810.38|-9810.38
240|-9810.38|-9810.38
241|-9810.38|-9810.38
242|-9810.38|-9810.38
243|-9810.38|-9810.38
244|-9810.38|-9810.38
245|-9810.38|-9810.38
246|-9810.38|-9810.38
247|-9810.38|-9810.38
248|-9810.38|-9810.38
249|-9810.38|-9810.38
250|-9810.38|-9810.38
251|-9810.38|-9810.38
252|-9810.38|-9810.38
253|-9810.38|-9810.38
254|-9810.38|-9810.38
255|-9810.38|-9810.38
256|-9810.38|-9810.38
257|-9810.38|-9810.38
258|-9810.38|-9810.38
259|-9810.38|-9810.38
260|-9810.38|-9810.38
261|-9810.38|-9810.38
262|-9810.38|-9810.38
263|-9810.38|-9810.38
264|-9810.38|-9810.38
265|-9810.38|-9810.38
266|-9810.38|-9810.38
267|-9810.38|-9810.38
268|-9810.38|-9810.38
269|-9810.38|-9810.38
270|-9810.38|-9810.38
271|-9810.38|-9810.38
272|-9810.38|-9810.38
273|-9810.38|-9810.38
274|-9810.38|-9810.38
275|-9810.38|-9810.38
276|-9810.38|-9810.38
277|-9810.38|-9810.38
278|-9810.38|-9810.38
279|-9810.38|-9810.38
280|-9810.38|-9810.38
281|-9810.38|-9810.38
282|-9810.38|-9810.38
283|-9810.38|-9810.38
284|-9810.38|-9810.38
285|-9810.38|-9810.38
286|-9810.38|-9810.38
287|-9810.38|-9810.38
288|-9810.38|-9810.38
289|-9810.38|-9810.38
290|-9810.38|-9810.38
291|-9810.38|-9810.38
292|-9810.38|-9810.38
293|-9810.38|-9810.38
294|-9810.38|-9810.38
295|-9810.38|-9810.38
296|-9810.38|-9810.38
297|-9810.38|-9810.38
298|-9810.38|-9810.38
299|-9810.38|-9810.38
300|-9810.38|-9810.38
301|-9810.38|-9810.38
302|-9810.38|-9810.38
303|-9810.38|-9810.38
304|-9810.38|-9810.38
305|-9810.38|-9810.38
306|-9810.38|-9810.38
307|-9810.38|-9810.38
308|-9810.38|-9810.38
309|-9810.38|-9810.38
310|-9810.38|-9810.38
311|-9810.38|-9810.38
312|-9810.38|-9810.38
313|-9810.38|-9810.38
314|-9810.38|-9810.38
315|-9810.38|-9810.38
316|-9810.38|-9810.38
317|-9810.38|-9810.38
318|-9810.38|-9810.38
319|-9810.38|-9810.38
320|-9810.38|-9810.38
321|-9810.38|-9810.38
322|-9810.38|-9810.38
323|-9810.38|-9810.38
324|-9810.38|-9810.38
325|-9810.38|-9810.38
326|-9810.38|-9810.38
327|-9810.38|-9810.38
328|-9810.38|-9810.38
329|-9810.38|-9810.38
330|-9810.38|-9810.38
331|-9810.38|-9810.38
332|-9810.38|-9810.38
333|-9810.38|-9810.38
334|-9810.38|-9810.38
335|-9810.38|-9810.38
336|-9810.38|-9810.38
337|-9810.38|-9810.38
338|-9810.38|-9810.38
339|-9810.38|-9810.38
340|-9810.38|-9810.38
341|-9810.38|-9810.38
342|-9810.38|-9810.38
343|-9810.38|-9810.38
344|-9810.38|-9810.38
345|-9810.38|-9810.38
346|-9810.38|-9810.38
347|-9810.38|-9810.38
348|-9810.38|-9810.38
349|-9810.38|-9810.38
350|-9810.38|-9810.38
351|-9810.38|-9810.38
352|-9810.38|-9810.38
353|-9810.38|-9810.38
354|-9810.38|-9810.38
EARLY STOP: TARGET FOUND
5933671ms
