1|-2.04773|-2.04773
2|-2.5781|-2.5781
3|-3.03805|-3.03805
4|-3.39689|-3.39689
5|-3.68621|-3.68621
6|-4.24807|-4.24807
7|-4.35099|-4.35099
8|-4.43336|-4.43336
9|-4.4788|-4.4788
10|-4.48742|-4.48742
11|-4.49244|-4.49244
12|-4.49444|-4.49444
13|-4.49462|-4.49462
14|-4.49479|-4.49479
15|-4.49493|-4.49493
16|-4.495|-4.495
17|-4.49505|-4.49505
18|-4.49509|-4.49509
19|-4.49511|-4.49511
20|-4.49512|-4.49512
21|-4.49512|-4.49512
22|-4.49513|-4.49513
23|-4.49513|-4.49513
24|-4.49513|-4.49513
25|-4.49513|-4.49513
26|-4.49514|-4.49514
27|-4.49514|-4.49514
28|-4.49514|-4.49514
29|-4.49514|-4.49514
30|-4.49514|-4.49514
31|-4.49514|-4.49514
32|-4.49514|-4.49514
33|-4.49514|-4.49514
34|-4.49514|-4.49514
35|-4.49514|-4.49514
36|-4.49514|-4.49514
37|-4.49514|-4.49514
38|-4.49514|-4.49514
39|-4.49514|-4.49514
40|-4.49514|-4.49514
41|-4.49514|-4.49514
42|-4.49514|-4.49514
43|-4.49514|-4.49514
44|-4.49514|-4.49514
45|-4.49514|-4.49514
46|-4.49514|-4.49514
47|-4.49514|-4.49514
48|-4.49514|-4.49514
49|-4.49514|-4.49514
50|-4.49514|-4.49514
51|-4.49514|-4.49514
52|-4.49514|-4.49514
53|-4.49514|-4.49514
54|-4.49514|-4.49514
55|-4.49514|-4.49514
56|-4.49514|-4.49514
57|-4.49514|-4.49514
58|-4.49514|-4.49514
59|-4.49514|-4.49514
60|-4.49514|-4.49514
61|-4.49514|-4.49514
62|-4.49514|-4.49514
63|-4.49514|-4.49514
64|-4.49514|-4.49514
65|-4.49514|-4.49514
66|-4.49514|-4.49514
67|-4.49514|-4.49514
68|-4.49514|-4.49514
69|-4.49514|-4.49514
70|-4.49514|-4.49514
71|-4.49514|-4.49514
72|-4.49514|-4.49514
73|-4.49514|-4.49514
74|-4.49514|-4.49514
75|-4.49514|-4.49514
76|-4.49514|-4.49514
77|-4.49514|-4.49514
78|-4.49514|-4.49514
79|-4.49514|-4.49514
80|-4.49514|-4.49514
81|-4.49514|-4.49514
82|-4.49514|-4.49514
83|-4.49514|-4.49514
84|-4.49514|-4.49514
85|-4.49514|-4.49514
86|-4.49514|-4.49514
87|-4.49514|-4.49514
88|-4.49514|-4.49514
89|-4.49514|-4.49514
90|-4.49514|-4.49514
91|-4.49514|-4.49514
92|-4.49514|-4.49514
93|-4.49514|-4.49514
94|-4.49514|-4.49514
95|-4.49514|-4.49514
96|-4.49514|-4.49514
97|-4.49514|-4.49514
98|-4.49514|-4.49514
99|-4.49514|-4.49514
100|-4.49514|-4.49514
101|-4.49514|-4.49514
102|-4.49514|-4.49514
103|-4.49514|-4.49514
104|-4.49514|-4.49514
105|-4.49514|-4.49514
106|-4.49514|-4.49514
107|-4.49514|-4.49514
108|-4.49514|-4.49514
109|-4.49514|-4.49514
110|-4.49514|-4.49514
111|-4.49514|-4.49514
112|-4.49514|-4.49514
113|-4.49514|-4.49514
114|-4.49514|-4.49514
115|-4.49514|-4.49514
116|-4.49514|-4.49514
117|-4.49514|-4.49514
118|-4.49514|-4.49514
119|-4.49514|-4.49514
120|-4.49514|-4.49514
121|-4.49514|-4.49514
122|-4.49514|-4.49514
123|-4.49514|-4.49514
124|-4.49514|-4.49514
125|-4.49514|-4.49514
126|-4.49514|-4.49514
127|-4.49514|-4.49514
128|-4.49514|-4.49514
129|-4.49514|-4.49514
130|-4.49514|-4.49514
131|-4.49514|-4.49514
132|-4.49514|-4.49514
133|-4.49514|-4.49514
134|-4.49514|-4.49514
135|-4.49514|-4.49514
136|-4.49514|-4.49514
137|-4.49514|-4.49514
138|-4.49514|-4.49514
139|-4.49514|-4.49514
140|-4.49514|-4.49514
141|-4.49514|-4.49514
142|-4.49514|-4.49514
143|-4.49514|-4.49514
144|-4.49514|-4.49514
145|-4.49514|-4.49514
146|-4.49514|-4.49514
147|-4.49514|-4.49514
148|-4.49514|-4.49514
149|-4.49514|-4.49514
150|-4.49514|-4.49514
151|-4.49514|-4.49514
152|-4.49514|-4.49514
153|-4.49514|-4.49514
154|-4.49514|-4.49514
155|-4.49514|-4.49514
156|-4.49514|-4.49514
157|-4.49514|-4.49514
158|-4.49514|-4.49514
159|-4.49514|-4.49514
160|-4.49514|-4.49514
161|-4.49514|-4.49514
162|-4.49514|-4.49514
163|-4.49514|-4.49514
164|-4.49514|-4.49514
165|-4.49514|-4.49514
166|-4.49514|-4.49514
167|-4.49514|-4.49514
168|-4.49514|-4.49514
169|-4.49514|-4.49514
170|-4.49514|-4.49514
171|-4.49514|-4.49514
172|-4.49514|-4.49514
173|-4.49514|-4.49514
174|-4.49514|-4.49514
175|-4.49514|-4.49514
176|-4.49514|-4.49514
177|-4.49514|-4.49514
178|-4.49514|-4.49514
EARLY STOP: TARGET FOUND
69367ms
