1|-362.523|-362.523
2|-981.645|-981.645
3|-1535.85|-1535.85
4|-2046.47|-2046.47
5|-2504.94|-2504.94
6|-2932.88|-2932.88
7|-3349.49|-3349.49
8|-3761.8|-3761.8
9|-4172.16|-4172.16
10|-4573.07|-4573.07
11|-4895.42|-4895.42
12|-5207.03|-5207.03
13|-5489.47|-5489.47
14|-5760|-5760
15|-5959.8|-5959.8
16|-6148.86|-6148.86
17|-6337.91|-6337.91
18|-6524.35|-6524.35
19|-6700.13|-6700.13
20|-6816.4|-6816.4
21|-7007.89|-7007.89
22|-7113|-7113
23|-7333.11|-7333.11
24|-7425.62|-7425.62
25|-7515.88|-7515.88
26|-7602|-7602
27|-7687.68|-7687.68
28|-7765|-7765
29|-7839.3|-7839.3
30|-7908.6|-7908.6
31|-7977.66|-7977.66
32|-8039.65|-8039.65
33|-8100.05|-8100.05
34|-8159.94|-8159.94
35|-8218.39|-8218.39
36|-8276.4|-8276.4
37|-8334.38|-8334.38
38|-8385.08|-8385.08
39|-8467.23|-8467.23
40|-8749.69|-8749.69
41|-8798|-8798
42|-8836.7|-8836.7
43|-8873.14|-8873.14
44|-8908.95|-8908.95
45|-8940.8|-8940.8
46|-8968.69|-8968.69
47|-8993.22|-8993.22
48|-9014.54|-9014.54
49|-9035.71|-9035.71
50|-9055.62|-9055.62
51|-9074.43|-9074.43
52|-9095.3|-9095.3
53|-9113.18|-9113.18
54|-9131.05|-9131.05
55|-9146|-9146
56|-9160.14|-9160.14
57|-9172.06|-9172.06
58|-9208.1|-9208.1
59|-9225.7|-9225.7
60|-9236.59|-9236.59
61|-9247.18|-9247.18
62|-9256.28|-9256.28
63|-9265.21|-9265.21
64|-9274.04|-9274.04
65|-9282.87|-9282.87
66|-9291.68|-9291.68
67|-9300.45|-9300.45
68|-9309.07|-9309.07
69|-9335.13|-9335.13
70|-9342.81|-9342.81
71|-9350.11|-9350.11
72|-9356.22|-9356.22
73|-9362|-9362
74|-9367.7|-9367.7
75|-9373.38|-9373.38
76|-9405.14|-9405.14
77|-9422.96|-9422.96
78|-9431.76|-9431.76
79|-9437.36|-9437.36
80|-9442.75|-9442.75
81|-9448.02|-9448.02
82|-9452.41|-9452.41
83|-9456.79|-9456.79
84|-9461.16|-9461.16
85|-9465.38|-9465.38
86|-9469.51|-9469.51
87|-9472.86|-9472.86
88|-9475.81|-9475.81
89|-9478.51|-9478.51
90|-9480.7|-9480.7
91|-9482.88|-9482.88
92|-9485.07|-9485.07
93|-9486.51|-9486.51
94|-9487.87|-9487.87
95|-9489.19|-9489.19
96|-9490.47|-9490.47
97|-9491.73|-9491.73
98|-9492.99|-9492.99
99|-9494.24|-9494.24
100|-9495.33|-9495.33
101|-9496.42|-9496.42
102|-9497.51|-9497.51
103|-9498.6|-9498.6
104|-9499.69|-9499.69
105|-9500.71|-9500.71
106|-9501.52|-9501.52
107|-9502.27|-9502.27
108|-9502.93|-9502.93
109|-9503.58|-9503.58
110|-9504.13|-9504.13
111|-9504.67|-9504.67
112|-9505.22|-9505.22
113|-9505.76|-9505.76
114|-9506.31|-9506.31
115|-9506.81|-9506.81
116|-9507.17|-9507.17
117|-9507.48|-9507.48
118|-9507.79|-9507.79
119|-9508.07|-9508.07
120|-9508.34|-9508.34
121|-9508.61|-9508.61
122|-9508.88|-9508.88
123|-9509.13|-9509.13
124|-9509.39|-9509.39
125|-9509.57|-9509.57
126|-9509.74|-9509.74
127|-9509.91|-9509.91
128|-9510.07|-9510.07
129|-9510.23|-9510.23
130|-9510.38|-9510.38
131|-9510.53|-9510.53
132|-9510.68|-9510.68
133|-9510.82|-9510.82
134|-9510.95|-9510.95
135|-9511.09|-9511.09
136|-9511.23|-9511.23
137|-9511.36|-9511.36
138|-9511.5|-9511.5
139|-9511.59|-9511.59
140|-9511.66|-9511.66
141|-9511.74|-9511.74
142|-9511.8|-9511.8
143|-9511.87|-9511.87
144|-9511.93|-9511.93
145|-9511.97|-9511.97
146|-9512.01|-9512.01
147|-9512.05|-9512.05
148|-9512.09|-9512.09
149|-9512.13|-9512.13
150|-9512.17|-9512.17
151|-9512.2|-9512.2
152|-9512.23|-9512.23
153|-9512.27|-9512.27
154|-9512.3|-9512.3
155|-9512.33|-9512.33
156|-9512.36|-9512.36
157|-9512.39|-9512.39
158|-9512.42|-9512.42
159|-9512.44|-9512.44
160|-9512.46|-9512.46
161|-9512.47|-9512.47
162|-9512.49|-9512.49
163|-9512.51|-9512.51
164|-9512.52|-9512.52
165|-9512.54|-9512.54
166|-9512.55|-9512.55
167|-9512.57|-9512.57
168|-9512.58|-9512.58
169|-9512.59|-9512.59
170|-9512.61|-9512.61
171|-9512.62|-9512.62
172|-9512.63|-9512.63
173|-9512.64|-9512.64
174|-9512.64|-9512.64
175|-9512.65|-9512.65
176|-9512.66|-9512.66
177|-9512.67|-9512.67
178|-9512.68|-9512.68
179|-9512.68|-9512.68
180|-9512.69|-9512.69
181|-9512.7|-9512.7
182|-9512.71|-9512.71
183|-9512.71|-9512.71
184|-9512.72|-9512.72
185|-9512.73|-9512.73
186|-9512.73|-9512.73
187|-9512.73|-9512.73
188|-9512.74|-9512.74
189|-9512.74|-9512.74
190|-9512.75|-9512.75
191|-9512.75|-9512.75
192|-9512.76|-9512.76
193|-9512.76|-9512.76
194|-9512.76|-9512.76
195|-9512.77|-9512.77
196|-9512.77|-9512.77
197|-9512.77|-9512.77
198|-9512.78|-9512.78
199|-9512.78|-9512.78
200|-9512.78|-9512.78
201|-9512.78|-9512.78
202|-9512.78|-9512.78
203|-9512.79|-9512.79
204|-9512.79|-9512.79
205|-9512.79|-9512.79
206|-9512.79|-9512.79
207|-9512.79|-9512.79
208|-9512.8|-9512.8
209|-9512.8|-9512.8
210|-9512.8|-9512.8
211|-9512.8|-9512.8
212|-9512.8|-9512.8
213|-9512.8|-9512.8
214|-9512.8|-9512.8
215|-9512.8|-9512.8
216|-9512.81|-9512.81
217|-9512.81|-9512.81
218|-9512.81|-9512.81
219|-9512.81|-9512.81
220|-9512.81|-9512.81
221|-9512.81|-9512.81
222|-9512.81|-9512.81
223|-9512.81|-9512.81
224|-9512.81|-9512.81
225|-9512.81|-9512.81
226|-9512.81|-9512.81
227|-9512.81|-9512.81
228|-9512.81|-9512.81
229|-9512.81|-9512.81
230|-9512.81|-9512.81
231|-9512.81|-9512.81
232|-9512.81|-9512.81
233|-9512.81|-9512.81
234|-9512.81|-9512.81
235|-9512.81|-9512.81
236|-9512.81|-9512.81
237|-9512.81|-9512.81
238|-9512.81|-9512.81
239|-9512.81|-9512.81
240|-9512.81|-9512.81
241|-9512.81|-9512.81
242|-9512.81|-9512.81
243|-9512.81|-9512.81
244|-9512.81|-9512.81
245|-9512.81|-9512.81
246|-9512.81|-9512.81
247|-9512.81|-9512.81
248|-9512.81|-9512.81
249|-9512.81|-9512.81
250|-9512.81|-9512.81
251|-9512.81|-9512.81
252|-9512.81|-9512.81
253|-9512.81|-9512.81
254|-9512.81|-9512.81
255|-9512.81|-9512.81
256|-9512.81|-9512.81
257|-9512.81|-9512.81
258|-9512.81|-9512.81
259|-9512.81|-9512.81
260|-9512.81|-9512.81
261|-9512.81|-9512.81
262|-9512.81|-9512.81
263|-9512.81|-9512.81
264|-9512.81|-9512.81
265|-9512.81|-9512.81
266|-9512.81|-9512.81
267|-9512.81|-9512.81
268|-9512.81|-9512.81
269|-9512.81|-9512.81
270|-9512.81|-9512.81
271|-9512.81|-9512.81
272|-9512.81|-9512.81
273|-9512.81|-9512.81
274|-9512.81|-9512.81
275|-9512.81|-9512.81
276|-9512.81|-9512.81
277|-9512.81|-9512.81
278|-9512.81|-9512.81
279|-9512.81|-9512.81
280|-9512.81|-9512.81
281|-9512.81|-9512.81
282|-9512.81|-9512.81
283|-9512.81|-9512.81
284|-9512.81|-9512.81
285|-9512.81|-9512.81
286|-9512.81|-9512.81
287|-9512.81|-9512.81
288|-9512.81|-9512.81
289|-9512.81|-9512.81
290|-9512.81|-9512.81
291|-9512.81|-9512.81
292|-9512.81|-9512.81
293|-9512.81|-9512.81
294|-9512.81|-9512.81
295|-9512.81|-9512.81
296|-9512.81|-9512.81
297|-9512.81|-9512.81
298|-9512.81|-9512.81
299|-9512.81|-9512.81
300|-9512.81|-9512.81
301|-9512.81|-9512.81
302|-9512.81|-9512.81
303|-9512.81|-9512.81
304|-9512.81|-9512.81
305|-9512.81|-9512.81
306|-9512.81|-9512.81
307|-9512.81|-9512.81
308|-9512.81|-9512.81
309|-9512.81|-9512.81
310|-9512.81|-9512.81
311|-9512.81|-9512.81
312|-9512.81|-9512.81
313|-9512.81|-9512.81
314|-9512.81|-9512.81
315|-9512.81|-9512.81
316|-9512.81|-9512.81
317|-9512.81|-9512.81
318|-9512.81|-9512.81
319|-9512.81|-9512.81
320|-9512.81|-9512.81
321|-9512.81|-9512.81
322|-9512.81|-9512.81
323|-9512.81|-9512.81
324|-9512.81|-9512.81
325|-9512.81|-9512.81
326|-9512.81|-9512.81
327|-9512.81|-9512.81
328|-9512.81|-9512.81
329|-9512.81|-9512.81
330|-9512.81|-9512.81
331|-9512.81|-9512.81
332|-9512.81|-9512.81
333|-9512.81|-9512.81
334|-9512.81|-9512.81
335|-9512.81|-9512.81
336|-9512.81|-9512.81
337|-9512.81|-9512.81
338|-9512.81|-9512.81
339|-9512.81|-9512.81
340|-9512.81|-9512.81
341|-9512.81|-9512.81
342|-9512.81|-9512.81
343|-9512.81|-9512.81
344|-9512.81|-9512.81
345|-9512.81|-9512.81
346|-9512.81|-9512.81
347|-9512.81|-9512.81
348|-9512.81|-9512.81
349|-9512.81|-9512.81
350|-9512.81|-9512.81
351|-9512.81|-9512.81
352|-9512.81|-9512.81
353|-9512.81|-9512.81
354|-9512.81|-9512.81
355|-9512.81|-9512.81
356|-9512.81|-9512.81
357|-9512.81|-9512.81
358|-9512.81|-9512.81
359|-9512.81|-9512.81
360|-9512.81|-9512.81
361|-9512.81|-9512.81
362|-9512.81|-9512.81
363|-9512.81|-9512.81
364|-9512.81|-9512.81
365|-9512.81|-9512.81
366|-9512.81|-9512.81
EARLY STOP: TARGET FOUND
6104272ms
