1|54.5102|54.5102
2|41.9937|41.9937
3|31.5431|31.5431
4|21.6311|21.6311
5|14.5265|14.5265
6|9.79832|9.79832
7|6.41197|6.41197
8|5.27667|5.27667
9|4.19554|4.19554
10|3.21461|3.21461
11|2.54923|2.54923
12|1.9846|1.9846
13|1.52023|1.52023
14|1.09022|1.09022
15|0.829766|0.829766
16|0.596406|0.596406
17|0.41314|0.41314
18|0.239249|0.239249
19|0.185823|0.185823
20|0.145943|0.145943
21|0.107598|0.107598
22|0.0694521|0.0694521
23|0.0556357|0.0556357
24|0.0426568|0.0426568
25|0.0311841|0.0311841
26|0.0203676|0.0203676
27|0.0128544|0.0128544
28|0.0107461|0.0107461
29|0.00877622|0.00877622
EARLY STOP: TARGET FOUND
40452ms
