1|80.3664|80.3664
2|56.0078|56.0078
3|40.7491|40.7491
4|33.8327|33.8327
5|27.2245|27.2245
6|21.1253|21.1253
7|9.73032|9.73032
8|7.31707|7.31707
9|6.45581|6.45581
10|6.0733|6.0733
11|5.76566|5.76566
12|5.60583|5.60583
13|5.52916|5.52916
14|5.49922|5.49922
15|5.48155|5.48155
16|5.47283|5.47283
17|5.4685|5.4685
18|5.4642|5.4642
19|5.46083|5.46083
20|5.45868|5.45868
21|5.45738|5.45738
22|5.45711|5.45711
23|5.45685|5.45685
24|5.45671|5.45671
25|5.45659|5.45659
26|5.45654|5.45654
27|5.45653|5.45653
28|5.45653|5.45653
29|5.45653|5.45653
30|5.45653|5.45653
31|5.45653|5.45653
32|5.45653|5.45653
33|5.45653|5.45653
34|5.45653|5.45653
35|5.45653|5.45653
36|5.45653|5.45653
37|5.45653|5.45653
38|5.45653|5.45653
39|5.45653|5.45653
40|5.45653|5.45653
41|5.45653|5.45653
42|5.45653|5.45653
43|5.45653|5.45653
44|5.45653|5.45653
45|5.45653|5.45653
46|5.45653|5.45653
47|5.45653|5.45653
48|5.45653|5.45653
49|5.45653|5.45653
50|5.45653|5.45653
51|5.45653|5.45653
52|5.45653|5.45653
53|5.45653|5.45653
54|5.45653|5.45653
55|5.45653|5.45653
56|5.45653|5.45653
57|5.45653|5.45653
58|5.45653|5.45653
59|5.45653|5.45653
60|5.45653|5.45653
61|5.45653|5.45653
62|5.45653|5.45653
63|5.45653|5.45653
64|5.45653|5.45653
65|5.45653|5.45653
66|5.45653|5.45653
67|5.45653|5.45653
68|5.45653|5.45653
69|5.45653|5.45653
70|5.45653|5.45653
71|5.45653|5.45653
72|5.45653|5.45653
73|5.45653|5.45653
74|5.45653|5.45653
75|5.45653|5.45653
76|5.45653|5.45653
77|5.45653|5.45653
78|5.45653|5.45653
79|5.45653|5.45653
80|5.45653|5.45653
81|5.45653|5.45653
82|5.45653|5.45653
83|5.45653|5.45653
84|5.45653|5.45653
85|5.45653|5.45653
86|5.45653|5.45653
87|5.45653|5.45653
88|5.45653|5.45653
89|5.45653|5.45653
90|5.45653|5.45653
91|5.45653|5.45653
92|5.45653|5.45653
93|5.45653|5.45653
94|5.45653|5.45653
95|5.45653|5.45653
96|5.45653|5.45653
97|5.45653|5.45653
98|5.45653|5.45653
99|5.45653|5.45653
100|5.45653|5.45653
101|5.45653|5.45653
102|5.45653|5.45653
103|5.45653|5.45653
104|5.45653|5.45653
105|5.45653|5.45653
106|5.45653|5.45653
107|5.45653|5.45653
108|5.45653|5.45653
109|5.45653|5.45653
110|5.45653|5.45653
111|5.45653|5.45653
112|5.45653|5.45653
113|5.45653|5.45653
114|5.45653|5.45653
115|5.45653|5.45653
116|5.45653|5.45653
117|5.45653|5.45653
118|5.45653|5.45653
119|5.45653|5.45653
120|5.45653|5.45653
121|5.45653|5.45653
122|5.45653|5.45653
123|5.45653|5.45653
124|5.45653|5.45653
125|5.45653|5.45653
126|5.45653|5.45653
127|5.45653|5.45653
128|5.45653|5.45653
129|5.45653|5.45653
130|5.45653|5.45653
131|5.45653|5.45653
132|5.45653|5.45653
133|5.45653|5.45653
134|5.45653|5.45653
135|5.45653|5.45653
136|5.45653|5.45653
137|5.45653|5.45653
138|5.45653|5.45653
139|5.45653|5.45653
140|5.45653|5.45653
141|5.45653|5.45653
142|5.45653|5.45653
143|5.45653|5.45653
144|5.45653|5.45653
145|5.45653|5.45653
146|5.45653|5.45653
147|5.45653|5.45653
148|5.45653|5.45653
149|5.45653|5.45653
150|5.45653|5.45653
151|5.45653|5.45653
152|5.45653|5.45653
153|5.45653|5.45653
154|5.45653|5.45653
155|5.45653|5.45653
156|5.45653|5.45653
157|5.45653|5.45653
158|5.45653|5.45653
159|5.45653|5.45653
160|5.45653|5.45653
161|5.45653|5.45653
162|5.45653|5.45653
163|5.45653|5.45653
164|5.45653|5.45653
165|5.45653|5.45653
166|5.45653|5.45653
167|5.45653|5.45653
168|5.45653|5.45653
169|5.45653|5.45653
170|5.45653|5.45653
171|5.45653|5.45653
172|5.45653|5.45653
173|5.45653|5.45653
174|5.45653|5.45653
175|5.45653|5.45653
176|5.45653|5.45653
177|5.45653|5.45653
178|5.45653|5.45653
EARLY STOP: TARGET FOUND
70154ms
