1|-310.48|-310.48
2|-1021.2|-1021.2
3|-1690.84|-1690.84
4|-2358.34|-2358.34
5|-3015.65|-3015.65
6|-3654.67|-3654.67
7|-4214|-4214
8|-4681.54|-4681.54
9|-5134.74|-5134.74
10|-5571.08|-5571.08
11|-5966.8|-5966.8
12|-6291.63|-6291.63
13|-6593.25|-6593.25
14|-6872.09|-6872.09
15|-7116.49|-7116.49
16|-7348.54|-7348.54
17|-7561.65|-7561.65
18|-7749.55|-7749.55
19|-7905.07|-7905.07
20|-8053.07|-8053.07
21|-8200.11|-8200.11
22|-8342.05|-8342.05
23|-8467.93|-8467.93
24|-8587.51|-8587.51
25|-8698.54|-8698.54
26|-8785.11|-8785.11
27|-8864.38|-8864.38
28|-8935.82|-8935.82
29|-9070.62|-9070.62
30|-9141.25|-9141.25
31|-9205.9|-9205.9
32|-9269.42|-9269.42
33|-9365.82|-9365.82
34|-9424.17|-9424.17
35|-9475.47|-9475.47
36|-9525.74|-9525.74
37|-9568.79|-9568.79
38|-9611.8|-9611.8
39|-9654.13|-9654.13
40|-9690.51|-9690.51
41|-9726.73|-9726.73
42|-9757.57|-9757.57
43|-9788.29|-9788.29
44|-9812.54|-9812.54
45|-9833.82|-9833.82
46|-9855.07|-9855.07
47|-9875.82|-9875.82
48|-9894.07|-9894.07
49|-9911.89|-9911.89
50|-9929.62|-9929.62
51|-9947.25|-9947.25
52|-9964.66|-9964.66
53|-9979.11|-9979.11
54|-9992.68|-9992.68
55|-10005.7|-10005.7
56|-10016.2|-10016.2
57|-10026.1|-10026.1
58|-10035.2|-10035.2
59|-10044|-10044
60|-10052.6|-10052.6
61|-10058.7|-10058.7
62|-10064.5|-10064.5
63|-10095.3|-10095.3
64|-10113.2|-10113.2
65|-10122|-10122
66|-10127.5|-10127.5
67|-10132.8|-10132.8
68|-10137.8|-10137.8
69|-10142.5|-10142.5
70|-10147.1|-10147.1
71|-10151.5|-10151.5
72|-10155.9|-10155.9
73|-10160.2|-10160.2
74|-10164.5|-10164.5
75|-10168.4|-10168.4
76|-10171.9|-10171.9
77|-10174.4|-10174.4
78|-10176.6|-10176.6
79|-10178.8|-10178.8
80|-10180.8|-10180.8
81|-10182.3|-10182.3
82|-10183.7|-10183.7
83|-10185|-10185
84|-10186.3|-10186.3
85|-10187.5|-10187.5
86|-10188.5|-10188.5
87|-10189.6|-10189.6
88|-10190.7|-10190.7
89|-10191.8|-10191.8
90|-10192.9|-10192.9
91|-10193.9|-10193.9
92|-10194.9|-10194.9
93|-10195.6|-10195.6
94|-10196.3|-10196.3
95|-10196.9|-10196.9
96|-10197.5|-10197.5
97|-10198.1|-10198.1
98|-10198.6|-10198.6
99|-10199.1|-10199.1
100|-10199.7|-10199.7
101|-10200.2|-10200.2
102|-10200.6|-10200.6
103|-10200.9|-10200.9
104|-10201.3|-10201.3
105|-10201.6|-10201.6
106|-10201.9|-10201.9
107|-10202.2|-10202.2
108|-10202.4|-10202.4
109|-10202.7|-10202.7
110|-10202.9|-10202.9
111|-10203.1|-10203.1
112|-10203.3|-10203.3
113|-10203.5|-10203.5
114|-10203.7|-10203.7
115|-10203.8|-10203.8
116|-10204|-10204
117|-10204.1|-10204.1
118|-10204.3|-10204.3
119|-10204.4|-10204.4
120|-10204.5|-10204.5
121|-10204.6|-10204.6
122|-10204.7|-10204.7
123|-10204.7|-10204.7
124|-10204.8|-10204.8
125|-10204.9|-10204.9
126|-10205|-10205
127|-10205|-10205
128|-10205.1|-10205.1
129|-10205.2|-10205.2
130|-10205.2|-10205.2
131|-10205.3|-10205.3
132|-10205.4|-10205.4
133|-10205.4|-10205.4
134|-10205.5|-10205.5
135|-10205.5|-10205.5
136|-10205.6|-10205.6
137|-10205.6|-10205.6
138|-10205.6|-10205.6
139|-10205.7|-10205.7
140|-10205.7|-10205.7
141|-10205.7|-10205.7
142|-10205.8|-10205.8
143|-10205.8|-10205.8
144|-10205.8|-10205.8
145|-10205.9|-10205.9
146|-10205.9|-10205.9
147|-10205.9|-10205.9
148|-10205.9|-10205.9
149|-10206|-10206
150|-10206|-10206
151|-10206|-10206
152|-10206|-10206
153|-10206|-10206
154|-10206|-10206
155|-10206.1|-10206.1
156|-10206.1|-10206.1
157|-10206.1|-10206.1
158|-10206.1|-10206.1
159|-10206.1|-10206.1
160|-10206.1|-10206.1
161|-10206.1|-10206.1
162|-10206.1|-10206.1
163|-10206.1|-10206.1
164|-10206.2|-10206.2
165|-10206.2|-10206.2
166|-10206.2|-10206.2
167|-10206.2|-10206.2
168|-10206.2|-10206.2
169|-10206.2|-10206.2
170|-10206.2|-10206.2
171|-10206.2|-10206.2
172|-10206.2|-10206.2
173|-10206.2|-10206.2
174|-10206.2|-10206.2
175|-10206.2|-10206.2
176|-10206.2|-10206.2
177|-10206.2|-10206.2
178|-10206.2|-10206.2
179|-10206.2|-10206.2
180|-10206.3|-10206.3
181|-10206.3|-10206.3
182|-10206.3|-10206.3
183|-10206.3|-10206.3
184|-10206.3|-10206.3
185|-10206.3|-10206.3
186|-10206.3|-10206.3
187|-10206.3|-10206.3
188|-10206.3|-10206.3
189|-10206.3|-10206.3
190|-10206.3|-10206.3
191|-10206.3|-10206.3
192|-10206.3|-10206.3
193|-10206.3|-10206.3
194|-10206.3|-10206.3
195|-10206.3|-10206.3
196|-10206.3|-10206.3
197|-10206.3|-10206.3
198|-10206.3|-10206.3
199|-10206.3|-10206.3
200|-10206.3|-10206.3
201|-10206.3|-10206.3
202|-10206.3|-10206.3
203|-10206.3|-10206.3
204|-10206.3|-10206.3
205|-10206.3|-10206.3
206|-10206.3|-10206.3
207|-10206.3|-10206.3
208|-10206.3|-10206.3
209|-10206.3|-10206.3
210|-10206.3|-10206.3
211|-10206.3|-10206.3
212|-10206.3|-10206.3
213|-10206.3|-10206.3
214|-10206.3|-10206.3
215|-10206.3|-10206.3
216|-10206.3|-10206.3
217|-10206.3|-10206.3
218|-10206.3|-10206.3
219|-10206.3|-10206.3
220|-10206.3|-10206.3
221|-10206.3|-10206.3
222|-10206.3|-10206.3
223|-10206.3|-10206.3
224|-10206.3|-10206.3
225|-10206.3|-10206.3
226|-10206.3|-10206.3
227|-10206.3|-10206.3
228|-10206.3|-10206.3
229|-10206.3|-10206.3
230|-10206.3|-10206.3
231|-10206.3|-10206.3
232|-10206.3|-10206.3
233|-10206.3|-10206.3
234|-10206.3|-10206.3
235|-10206.3|-10206.3
236|-10206.3|-10206.3
237|-10206.3|-10206.3
238|-10206.3|-10206.3
239|-10206.3|-10206.3
240|-10206.3|-10206.3
241|-10206.3|-10206.3
242|-10206.3|-10206.3
243|-10206.3|-10206.3
244|-10206.3|-10206.3
245|-10206.3|-10206.3
246|-10206.3|-10206.3
247|-10206.3|-10206.3
248|-10206.3|-10206.3
249|-10206.3|-10206.3
250|-10206.3|-10206.3
251|-10206.3|-10206.3
252|-10206.3|-10206.3
253|-10206.3|-10206.3
254|-10206.3|-10206.3
255|-10206.3|-10206.3
256|-10206.3|-10206.3
257|-10206.3|-10206.3
258|-10206.3|-10206.3
259|-10206.3|-10206.3
260|-10206.3|-10206.3
261|-10206.3|-10206.3
262|-10206.3|-10206.3
263|-10206.3|-10206.3
264|-10206.3|-10206.3
265|-10206.3|-10206.3
266|-10206.3|-10206.3
267|-10206.3|-10206.3
268|-10206.3|-10206.3
269|-10206.3|-10206.3
270|-10206.3|-10206.3
271|-10206.3|-10206.3
272|-10206.3|-10206.3
273|-10206.3|-10206.3
274|-10206.3|-10206.3
275|-10206.3|-10206.3
276|-10206.3|-10206.3
277|-10206.3|-10206.3
278|-10206.3|-10206.3
279|-10206.3|-10206.3
280|-10206.3|-10206.3
281|-10206.3|-10206.3
282|-10206.3|-10206.3
283|-10206.3|-10206.3
284|-10206.3|-10206.3
285|-10206.3|-10206.3
286|-10206.3|-10206.3
287|-10206.3|-10206.3
288|-10206.3|-10206.3
289|-10206.3|-10206.3
290|-10206.3|-10206.3
291|-10206.3|-10206.3
292|-10206.3|-10206.3
293|-10206.3|-10206.3
294|-10206.3|-10206.3
295|-10206.3|-10206.3
296|-10206.3|-10206.3
297|-10206.3|-10206.3
298|-10206.3|-10206.3
299|-10206.3|-10206.3
300|-10206.3|-10206.3
301|-10206.3|-10206.3
302|-10206.3|-10206.3
303|-10206.3|-10206.3
304|-10206.3|-10206.3
305|-10206.3|-10206.3
306|-10206.3|-10206.3
307|-10206.3|-10206.3
308|-10206.3|-10206.3
309|-10206.3|-10206.3
310|-10206.3|-10206.3
311|-10206.3|-10206.3
312|-10206.3|-10206.3
313|-10206.3|-10206.3
314|-10206.3|-10206.3
315|-10206.3|-10206.3
316|-10206.3|-10206.3
317|-10206.3|-10206.3
318|-10206.3|-10206.3
319|-10206.3|-10206.3
320|-10206.3|-10206.3
321|-10206.3|-10206.3
322|-10206.3|-10206.3
323|-10206.3|-10206.3
324|-10206.3|-10206.3
325|-10206.3|-10206.3
326|-10206.3|-10206.3
327|-10206.3|-10206.3
328|-10206.3|-10206.3
329|-10206.3|-10206.3
330|-10206.3|-10206.3
331|-10206.3|-10206.3
332|-10206.3|-10206.3
333|-10206.3|-10206.3
334|-10206.3|-10206.3
335|-10206.3|-10206.3
336|-10206.3|-10206.3
337|-10206.3|-10206.3
338|-10206.3|-10206.3
339|-10206.3|-10206.3
340|-10206.3|-10206.3
341|-10206.3|-10206.3
342|-10206.3|-10206.3
343|-10206.3|-10206.3
344|-10206.3|-10206.3
345|-10206.3|-10206.3
346|-10206.3|-10206.3
347|-10206.3|-10206.3
348|-10206.3|-10206.3
349|-10206.3|-10206.3
350|-10206.3|-10206.3
351|-10206.3|-10206.3
EARLY STOP: TARGET FOUND
5829763ms
