1|-1.7192|-1.7192
2|-2.54811|-2.54811
3|-3.2971|-3.2971
4|-3.90044|-3.90044
5|-4.38232|-4.38232
6|-4.81715|-4.81715
7|-5.24832|-5.24832
8|-5.64422|-5.64422
9|-5.85398|-5.85398
10|-6.0522|-6.0522
11|-6.20898|-6.20898
12|-6.34109|-6.34109
13|-6.4235|-6.4235
14|-7.13617|-7.13617
15|-7.22188|-7.22188
16|-7.26632|-7.26632
17|-7.30172|-7.30172
18|-7.33424|-7.33424
19|-7.36541|-7.36541
20|-7.38513|-7.38513
21|-7.40351|-7.40351
22|-7.4214|-7.4214
23|-7.43788|-7.43788
24|-7.45111|-7.45111
25|-7.46093|-7.46093
26|-7.46673|-7.46673
27|-7.47236|-7.47236
28|-7.47753|-7.47753
29|-8.21965|-8.21965
30|-8.31792|-8.31792
31|-8.35897|-8.35897
32|-8.36387|-8.36387
33|-8.36656|-8.36656
34|-8.36918|-8.36918
35|-8.37163|-8.37163
36|-8.37398|-8.37398
37|-8.37623|-8.37623
38|-8.37835|-8.37835
39|-8.37971|-8.37971
40|-8.38101|-8.38101
41|-8.38231|-8.38231
42|-8.38347|-8.38347
43|-8.38447|-8.38447
44|-8.38512|-8.38512
45|-8.38573|-8.38573
46|-8.38629|-8.38629
47|-8.38664|-8.38664
48|-8.38696|-8.38696
49|-8.38728|-8.38728
50|-8.38758|-8.38758
51|-8.38787|-8.38787
52|-8.38808|-8.38808
53|-8.38824|-8.38824
54|-8.3884|-8.3884
55|-8.38848|-8.38848
56|-8.38855|-8.38855
57|-8.38863|-8.38863
58|-8.38867|-8.38867
59|-8.3887|-8.3887
60|-8.38874|-8.38874
61|-8.38877|-8.38877
62|-8.38881|-8.38881
63|-8.38883|-8.38883
64|-8.38885|-8.38885
65|-8.38886|-8.38886
66|-8.38886|-8.38886
67|-8.38886|-8.38886
68|-8.38886|-8.38886
69|-8.38886|-8.38886
70|-8.38886|-8.38886
71|-8.38886|-8.38886
72|-8.38886|-8.38886
73|-8.38886|-8.38886
74|-8.38886|-8.38886
75|-8.38886|-8.38886
76|-8.38886|-8.38886
77|-8.38886|-8.38886
78|-8.38886|-8.38886
79|-8.38886|-8.38886
80|-8.38886|-8.38886
81|-8.38886|-8.38886
82|-8.38886|-8.38886
83|-8.38886|-8.38886
84|-8.38886|-8.38886
85|-8.38886|-8.38886
86|-8.38886|-8.38886
87|-8.38886|-8.38886
88|-8.38886|-8.38886
89|-8.38886|-8.38886
90|-8.38886|-8.38886
91|-8.38886|-8.38886
92|-8.38886|-8.38886
93|-8.38886|-8.38886
94|-8.38886|-8.38886
95|-8.38886|-8.38886
96|-8.38886|-8.38886
97|-8.38886|-8.38886
98|-8.38886|-8.38886
99|-8.38886|-8.38886
100|-8.38886|-8.38886
101|-8.38886|-8.38886
102|-8.38886|-8.38886
103|-8.38886|-8.38886
104|-8.38886|-8.38886
105|-8.38886|-8.38886
106|-8.38886|-8.38886
107|-8.38886|-8.38886
108|-8.38886|-8.38886
109|-8.38886|-8.38886
110|-8.38886|-8.38886
111|-8.38886|-8.38886
112|-8.38886|-8.38886
113|-8.38886|-8.38886
114|-8.38886|-8.38886
115|-8.38886|-8.38886
116|-8.38886|-8.38886
117|-8.38886|-8.38886
118|-8.38886|-8.38886
119|-8.38886|-8.38886
120|-8.38886|-8.38886
121|-8.38886|-8.38886
122|-8.38886|-8.38886
123|-8.38886|-8.38886
124|-8.38886|-8.38886
125|-8.38886|-8.38886
126|-8.38886|-8.38886
127|-8.38886|-8.38886
128|-8.38886|-8.38886
129|-8.38886|-8.38886
130|-8.38886|-8.38886
131|-8.38886|-8.38886
132|-8.38886|-8.38886
133|-8.38886|-8.38886
134|-8.38886|-8.38886
135|-8.38886|-8.38886
136|-8.38886|-8.38886
137|-8.38886|-8.38886
138|-8.38886|-8.38886
139|-8.38886|-8.38886
140|-8.38886|-8.38886
141|-8.38886|-8.38886
142|-8.38886|-8.38886
143|-8.38886|-8.38886
144|-8.38886|-8.38886
145|-8.38886|-8.38886
146|-8.38886|-8.38886
147|-8.38886|-8.38886
148|-8.38886|-8.38886
149|-8.38886|-8.38886
150|-8.38886|-8.38886
151|-8.38886|-8.38886
152|-8.38886|-8.38886
153|-8.38886|-8.38886
154|-8.38886|-8.38886
155|-8.38886|-8.38886
156|-8.38886|-8.38886
157|-8.38886|-8.38886
158|-8.38886|-8.38886
159|-8.38886|-8.38886
160|-8.38886|-8.38886
161|-8.38886|-8.38886
162|-8.38886|-8.38886
163|-8.38886|-8.38886
164|-8.38886|-8.38886
165|-8.38886|-8.38886
166|-8.38886|-8.38886
167|-8.38886|-8.38886
168|-8.38886|-8.38886
169|-8.38886|-8.38886
170|-8.38886|-8.38886
171|-8.38886|-8.38886
172|-8.38886|-8.38886
173|-8.38886|-8.38886
174|-8.38886|-8.38886
175|-8.38886|-8.38886
176|-8.38886|-8.38886
177|-8.38886|-8.38886
178|-8.38886|-8.38886
179|-8.38886|-8.38886
180|-8.38886|-8.38886
181|-8.38886|-8.38886
182|-8.38886|-8.38886
183|-8.38886|-8.38886
184|-8.38886|-8.38886
185|-8.38886|-8.38886
186|-8.38886|-8.38886
187|-8.38886|-8.38886
188|-8.38886|-8.38886
189|-8.38886|-8.38886
190|-8.38886|-8.38886
191|-8.38886|-8.38886
192|-8.38886|-8.38886
193|-8.38886|-8.38886
194|-8.38886|-8.38886
195|-8.38886|-8.38886
196|-8.38886|-8.38886
197|-8.38886|-8.38886
198|-8.38886|-8.38886
199|-8.38886|-8.38886
200|-8.38886|-8.38886
201|-8.38886|-8.38886
202|-8.38886|-8.38886
203|-8.38886|-8.38886
204|-8.38886|-8.38886
205|-8.38886|-8.38886
206|-8.38886|-8.38886
207|-8.38886|-8.38886
208|-8.38886|-8.38886
209|-8.38886|-8.38886
210|-8.38886|-8.38886
211|-8.38886|-8.38886
212|-8.38886|-8.38886
213|-8.38886|-8.38886
214|-8.38886|-8.38886
215|-8.38886|-8.38886
216|-8.38886|-8.38886
EARLY STOP: TARGET FOUND
297054ms
