1|73.2899|73.2899
2|52.5993|52.5993
3|35.5848|35.5848
4|23.6576|23.6576
5|19.6814|19.6814
6|16.8658|16.8658
7|15.2573|15.2573
8|13.9225|13.9225
9|13.2252|13.2252
10|12.6085|12.6085
11|12.0561|12.0561
12|11.5957|11.5957
13|11.4211|11.4211
14|11.3534|11.3534
15|11.3131|11.3131
16|11.2754|11.2754
17|11.2457|11.2457
18|11.2272|11.2272
19|11.2092|11.2092
20|11.2004|11.2004
21|11.1921|11.1921
22|11.1863|11.1863
23|11.1809|11.1809
24|11.1766|11.1766
25|11.1725|11.1725
26|11.1694|11.1694
27|11.1667|11.1667
28|11.1646|11.1646
29|11.1633|11.1633
30|11.1622|11.1622
31|11.1615|11.1615
32|11.1609|11.1609
33|11.1604|11.1604
34|11.1601|11.1601
35|11.1598|11.1598
36|11.1596|11.1596
37|11.1594|11.1594
38|11.1593|11.1593
39|11.1593|11.1593
40|11.1593|11.1593
41|11.1593|11.1593
42|11.1593|11.1593
43|11.1593|11.1593
44|11.1593|11.1593
45|11.1593|11.1593
46|11.1593|11.1593
47|11.1593|11.1593
48|11.1593|11.1593
49|11.1593|11.1593
50|11.1593|11.1593
51|11.1593|11.1593
52|11.1593|11.1593
53|11.1593|11.1593
54|11.1593|11.1593
55|11.1593|11.1593
56|11.1593|11.1593
57|11.1593|11.1593
58|11.1593|11.1593
59|11.1593|11.1593
60|11.1593|11.1593
61|11.1593|11.1593
62|11.1593|11.1593
63|11.1593|11.1593
64|11.1593|11.1593
65|11.1593|11.1593
66|11.1593|11.1593
67|11.1593|11.1593
68|11.1593|11.1593
69|11.1593|11.1593
70|11.1593|11.1593
71|11.1593|11.1593
72|11.1593|11.1593
73|11.1593|11.1593
74|11.1593|11.1593
75|11.1593|11.1593
76|11.1593|11.1593
77|11.1593|11.1593
78|11.1593|11.1593
79|11.1593|11.1593
80|11.1593|11.1593
81|11.1593|11.1593
82|11.1593|11.1593
83|11.1593|11.1593
84|11.1593|11.1593
85|11.1593|11.1593
86|11.1593|11.1593
87|11.1593|11.1593
88|11.1593|11.1593
89|11.1593|11.1593
90|11.1593|11.1593
91|11.1593|11.1593
92|11.1593|11.1593
93|11.1593|11.1593
94|11.1593|11.1593
95|11.1593|11.1593
96|11.1593|11.1593
97|11.1593|11.1593
98|11.1593|11.1593
99|11.1593|11.1593
100|11.1593|11.1593
101|11.1593|11.1593
102|11.1593|11.1593
103|11.1593|11.1593
104|11.1593|11.1593
105|11.1593|11.1593
106|11.1593|11.1593
107|11.1593|11.1593
108|11.1593|11.1593
109|11.1593|11.1593
110|11.1593|11.1593
111|11.1593|11.1593
112|11.1593|11.1593
113|11.1593|11.1593
114|11.1593|11.1593
115|11.1593|11.1593
116|11.1593|11.1593
117|11.1593|11.1593
118|11.1593|11.1593
119|11.1593|11.1593
120|11.1593|11.1593
121|11.1593|11.1593
122|11.1593|11.1593
123|11.1593|11.1593
124|11.1593|11.1593
125|11.1593|11.1593
126|11.1593|11.1593
127|11.1593|11.1593
128|11.1593|11.1593
129|11.1593|11.1593
130|11.1593|11.1593
131|11.1593|11.1593
132|11.1593|11.1593
133|11.1593|11.1593
134|11.1593|11.1593
135|11.1593|11.1593
136|11.1593|11.1593
137|11.1593|11.1593
138|11.1593|11.1593
139|11.1593|11.1593
140|11.1593|11.1593
141|11.1593|11.1593
142|11.1593|11.1593
143|11.1593|11.1593
144|11.1593|11.1593
145|11.1593|11.1593
146|11.1593|11.1593
147|11.1593|11.1593
148|11.1593|11.1593
149|11.1593|11.1593
150|11.1593|11.1593
151|11.1593|11.1593
152|11.1593|11.1593
153|11.1593|11.1593
154|11.1593|11.1593
155|11.1593|11.1593
156|11.1593|11.1593
157|11.1593|11.1593
158|11.1593|11.1593
159|11.1593|11.1593
160|11.1593|11.1593
161|11.1593|11.1593
162|11.1593|11.1593
163|11.1593|11.1593
164|11.1593|11.1593
165|11.1593|11.1593
166|11.1593|11.1593
167|11.1593|11.1593
168|11.1593|11.1593
169|11.1593|11.1593
170|11.1593|11.1593
171|11.1593|11.1593
172|11.1593|11.1593
173|11.1593|11.1593
174|11.1593|11.1593
175|11.1593|11.1593
176|11.1593|11.1593
177|11.1593|11.1593
178|11.1593|11.1593
179|11.1593|11.1593
180|11.1593|11.1593
181|11.1593|11.1593
182|11.1593|11.1593
183|11.1593|11.1593
184|11.1593|11.1593
185|11.1593|11.1593
186|11.1593|11.1593
187|11.1593|11.1593
188|11.1593|11.1593
189|11.1593|11.1593
190|11.1593|11.1593
EARLY STOP: TARGET FOUND
74133ms
