1|-1231.09|-1231.09
2|-1871.12|-1871.12
3|-2421.39|-2421.39
4|-2868.91|-2868.91
5|-3311.45|-3311.45
6|-3714.74|-3714.74
7|-4043.5|-4043.5
8|-4357.99|-4357.99
9|-4591.09|-4591.09
10|-4823.36|-4823.36
11|-5025.34|-5025.34
12|-5226.17|-5226.17
13|-5554.8|-5554.8
14|-5745.33|-5745.33
15|-5928.14|-5928.14
16|-6106.23|-6106.23
17|-6275.73|-6275.73
18|-6443.05|-6443.05
19|-6590.57|-6590.57
20|-6730.79|-6730.79
21|-6864.78|-6864.78
22|-6997.18|-6997.18
23|-7108.99|-7108.99
24|-7206.01|-7206.01
25|-7312.94|-7312.94
26|-7399.15|-7399.15
27|-7481.45|-7481.45
28|-7558.65|-7558.65
29|-7631.16|-7631.16
30|-7702.41|-7702.41
31|-7788.57|-7788.57
32|-7858.53|-7858.53
33|-7925.36|-7925.36
34|-7985.13|-7985.13
35|-8324.47|-8324.47
36|-8382.01|-8382.01
37|-8438.52|-8438.52
38|-8588.12|-8588.12
39|-8700.45|-8700.45
40|-8753.44|-8753.44
41|-8916.16|-8916.16
42|-9008.89|-9008.89
43|-9061.56|-9061.56
44|-9225.01|-9225.01
45|-9317.39|-9317.39
46|-9366.43|-9366.43
47|-9414.32|-9414.32
48|-9461.18|-9461.18
49|-9504.41|-9504.41
50|-9542|-9542
51|-9575.85|-9575.85
52|-9602.18|-9602.18
53|-9627.95|-9627.95
54|-9650.83|-9650.83
55|-9672.06|-9672.06
56|-9693.25|-9693.25
57|-9713.55|-9713.55
58|-9733.08|-9733.08
59|-9751.98|-9751.98
60|-9770.53|-9770.53
61|-9789.02|-9789.02
62|-9807.36|-9807.36
63|-9824.39|-9824.39
64|-9837.69|-9837.69
65|-9850.76|-9850.76
66|-9891.47|-9891.47
67|-9909.13|-9909.13
68|-9919.43|-9919.43
69|-9955.51|-9955.51
70|-9973.15|-9973.15
71|-9981.93|-9981.93
72|-9990.58|-9990.58
73|-9997.71|-9997.71
74|-10003.7|-10003.7
75|-10009.6|-10009.6
76|-10014.9|-10014.9
77|-10019.6|-10019.6
78|-10024.2|-10024.2
79|-10028.5|-10028.5
80|-10032.9|-10032.9
81|-10037|-10037
82|-10040.6|-10040.6
83|-10044|-10044
84|-10046.2|-10046.2
85|-10048.4|-10048.4
86|-10050.5|-10050.5
87|-10052.5|-10052.5
88|-10054.6|-10054.6
89|-10056.6|-10056.6
90|-10058.3|-10058.3
91|-10059.8|-10059.8
92|-10061.4|-10061.4
93|-10062.9|-10062.9
94|-10064.2|-10064.2
95|-10065.2|-10065.2
96|-10066.2|-10066.2
97|-10067.2|-10067.2
98|-10068.3|-10068.3
99|-10069.3|-10069.3
100|-10070.3|-10070.3
101|-10071|-10071
102|-10071.8|-10071.8
103|-10072.4|-10072.4
104|-10073|-10073
105|-10073.5|-10073.5
106|-10074.1|-10074.1
107|-10074.6|-10074.6
108|-10075.1|-10075.1
109|-10075.6|-10075.6
110|-10076|-10076
111|-10076.5|-10076.5
112|-10076.9|-10076.9
113|-10077.2|-10077.2
114|-10077.6|-10077.6
115|-10077.9|-10077.9
116|-10078.1|-10078.1
117|-10078.4|-10078.4
118|-10078.7|-10078.7
119|-10078.9|-10078.9
120|-10079.2|-10079.2
121|-10079.4|-10079.4
122|-10079.5|-10079.5
123|-10079.7|-10079.7
124|-10079.8|-10079.8
125|-10080|-10080
126|-10080.1|-10080.1
127|-10080.5|-10080.5
128|-10080.7|-10080.7
129|-10080.8|-10080.8
130|-10080.9|-10080.9
131|-10081.1|-10081.1
132|-10081.2|-10081.2
133|-10081.3|-10081.3
134|-10081.4|-10081.4
135|-10081.5|-10081.5
136|-10081.5|-10081.5
137|-10081.6|-10081.6
138|-10081.7|-10081.7
139|-10081.7|-10081.7
140|-10081.8|-10081.8
141|-10081.9|-10081.9
142|-10081.9|-10081.9
143|-10082|-10082
144|-10082|-10082
145|-10082.1|-10082.1
146|-10082.1|-10082.1
147|-10082.2|-10082.2
148|-10082.2|-10082.2
149|-10082.2|-10082.2
150|-10082.3|-10082.3
151|-10082.3|-10082.3
152|-10082.3|-10082.3
153|-10082.4|-10082.4
154|-10082.4|-10082.4
155|-10082.4|-10082.4
156|-10082.4|-10082.4
157|-10082.4|-10082.4
158|-10082.5|-10082.5
159|-10082.5|-10082.5
160|-10082.5|-10082.5
161|-10082.5|-10082.5
162|-10082.5|-10082.5
163|-10082.5|-10082.5
164|-10082.5|-10082.5
165|-10082.6|-10082.6
166|-10082.6|-10082.6
167|-10082.6|-10082.6
168|-10082.6|-10082.6
169|-10082.6|-10082.6
170|-10082.6|-10082.6
171|-10082.6|-10082.6
172|-10082.6|-10082.6
173|-10082.6|-10082.6
174|-10082.6|-10082.6
175|-10082.7|-10082.7
176|-10082.7|-10082.7
177|-10082.7|-10082.7
178|-10082.7|-10082.7
179|-10082.7|-10082.7
180|-10082.7|-10082.7
181|-10082.7|-10082.7
182|-10082.7|-10082.7
183|-10082.7|-10082.7
184|-10082.7|-10082.7
185|-10082.7|-10082.7
186|-10082.7|-10082.7
187|-10082.7|-10082.7
188|-10082.7|-10082.7
189|-10082.7|-10082.7
190|-10082.7|-10082.7
191|-10082.7|-10082.7
192|-10082.7|-10082.7
193|-10082.7|-10082.7
194|-10082.7|-10082.7
195|-10082.7|-10082.7
196|-10082.7|-10082.7
197|-10082.7|-10082.7
198|-10082.7|-10082.7
199|-10082.8|-10082.8
200|-10082.8|-10082.8
201|-10082.8|-10082.8
202|-10082.8|-10082.8
203|-10082.8|-10082.8
204|-10082.8|-10082.8
205|-10082.8|-10082.8
206|-10082.8|-10082.8
207|-10082.8|-10082.8
208|-10082.8|-10082.8
209|-10082.8|-10082.8
210|-10082.8|-10082.8
211|-10082.8|-10082.8
212|-10082.8|-10082.8
213|-10082.8|-10082.8
214|-10082.8|-10082.8
215|-10082.8|-10082.8
216|-10082.8|-10082.8
217|-10082.8|-10082.8
218|-10082.8|-10082.8
219|-10082.8|-10082.8
220|-10082.8|-10082.8
221|-10082.8|-10082.8
222|-10082.8|-10082.8
223|-10082.8|-10082.8
224|-10082.8|-10082.8
225|-10082.8|-10082.8
226|-10082.8|-10082.8
227|-10082.8|-10082.8
228|-10082.8|-10082.8
229|-10082.8|-10082.8
230|-10082.8|-10082.8
231|-10082.8|-10082.8
232|-10082.8|-10082.8
233|-10082.8|-10082.8
234|-10082.8|-10082.8
235|-10082.8|-10082.8
236|-10082.8|-10082.8
237|-10082.8|-10082.8
238|-10082.8|-10082.8
239|-10082.8|-10082.8
240|-10082.8|-10082.8
241|-10082.8|-10082.8
242|-10082.8|-10082.8
243|-10082.8|-10082.8
244|-10082.8|-10082.8
245|-10082.8|-10082.8
246|-10082.8|-10082.8
247|-10082.8|-10082.8
248|-10082.8|-10082.8
249|-10082.8|-10082.8
250|-10082.8|-10082.8
251|-10082.8|-10082.8
252|-10082.8|-10082.8
253|-10082.8|-10082.8
254|-10082.8|-10082.8
255|-10082.8|-10082.8
256|-10082.8|-10082.8
257|-10082.8|-10082.8
258|-10082.8|-10082.8
259|-10082.8|-10082.8
260|-10082.8|-10082.8
261|-10082.8|-10082.8
262|-10082.8|-10082.8
263|-10082.8|-10082.8
264|-10082.8|-10082.8
265|-10082.8|-10082.8
266|-10082.8|-10082.8
267|-10082.8|-10082.8
268|-10082.8|-10082.8
269|-10082.8|-10082.8
270|-10082.8|-10082.8
271|-10082.8|-10082.8
272|-10082.8|-10082.8
273|-10082.8|-10082.8
274|-10082.8|-10082.8
275|-10082.8|-10082.8
276|-10082.8|-10082.8
277|-10082.8|-10082.8
278|-10082.8|-10082.8
279|-10082.8|-10082.8
280|-10082.8|-10082.8
281|-10082.8|-10082.8
282|-10082.8|-10082.8
283|-10082.8|-10082.8
284|-10082.8|-10082.8
285|-10082.8|-10082.8
286|-10082.8|-10082.8
287|-10082.8|-10082.8
288|-10082.8|-10082.8
289|-10082.8|-10082.8
290|-10082.8|-10082.8
291|-10082.8|-10082.8
292|-10082.8|-10082.8
293|-10082.8|-10082.8
294|-10082.8|-10082.8
295|-10082.8|-10082.8
296|-10082.8|-10082.8
297|-10082.8|-10082.8
298|-10082.8|-10082.8
299|-10082.8|-10082.8
300|-10082.8|-10082.8
301|-10082.8|-10082.8
302|-10082.8|-10082.8
303|-10082.8|-10082.8
304|-10082.8|-10082.8
305|-10082.8|-10082.8
306|-10082.8|-10082.8
307|-10082.8|-10082.8
308|-10082.8|-10082.8
309|-10082.8|-10082.8
310|-10082.8|-10082.8
311|-10082.8|-10082.8
312|-10082.8|-10082.8
313|-10082.8|-10082.8
314|-10082.8|-10082.8
315|-10082.8|-10082.8
316|-10082.8|-10082.8
317|-10082.8|-10082.8
318|-10082.8|-10082.8
319|-10082.8|-10082.8
320|-10082.8|-10082.8
321|-10082.8|-10082.8
322|-10082.8|-10082.8
323|-10082.8|-10082.8
324|-10082.8|-10082.8
325|-10082.8|-10082.8
326|-10082.8|-10082.8
327|-10082.8|-10082.8
328|-10082.8|-10082.8
329|-10082.8|-10082.8
330|-10082.8|-10082.8
331|-10082.8|-10082.8
332|-10082.8|-10082.8
333|-10082.8|-10082.8
334|-10082.8|-10082.8
335|-10082.8|-10082.8
336|-10082.8|-10082.8
337|-10082.8|-10082.8
338|-10082.8|-10082.8
339|-10082.8|-10082.8
340|-10082.8|-10082.8
341|-10082.8|-10082.8
342|-10082.8|-10082.8
343|-10082.8|-10082.8
344|-10082.8|-10082.8
345|-10082.8|-10082.8
346|-10082.8|-10082.8
347|-10082.8|-10082.8
348|-10082.8|-10082.8
349|-10082.8|-10082.8
350|-10082.8|-10082.8
351|-10082.8|-10082.8
352|-10082.8|-10082.8
353|-10082.8|-10082.8
354|-10082.8|-10082.8
355|-10082.8|-10082.8
356|-10082.8|-10082.8
357|-10082.8|-10082.8
358|-10082.8|-10082.8
359|-10082.8|-10082.8
360|-10082.8|-10082.8
361|-10082.8|-10082.8
362|-10082.8|-10082.8
363|-10082.8|-10082.8
364|-10082.8|-10082.8
365|-10082.8|-10082.8
366|-10082.8|-10082.8
367|-10082.8|-10082.8
368|-10082.8|-10082.8
369|-10082.8|-10082.8
370|-10082.8|-10082.8
371|-10082.8|-10082.8
EARLY STOP: TARGET FOUND
6215009ms
