1|1067.23|1067.23
2|356.02|356.02
3|-344.902|-344.902
4|-1043.05|-1043.05
5|-1722.26|-1722.26
6|-2363.14|-2363.14
7|-2975.69|-2975.69
8|-3567.59|-3567.59
9|-4072.67|-4072.67
10|-4484.29|-4484.29
11|-4840.02|-4840.02
12|-5154.13|-5154.13
13|-5425.72|-5425.72
14|-5673.95|-5673.95
15|-5902.23|-5902.23
16|-6113.76|-6113.76
17|-6314.65|-6314.65
18|-6515.34|-6515.34
19|-6699.94|-6699.94
20|-6870.25|-6870.25
21|-7040.22|-7040.22
22|-7206.03|-7206.03
23|-7371.33|-7371.33
24|-7533.53|-7533.53
25|-7676.29|-7676.29
26|-7805.75|-7805.75
27|-7965.05|-7965.05
28|-8051.24|-8051.24
29|-8135.47|-8135.47
30|-8210.35|-8210.35
31|-8282.23|-8282.23
32|-8350.73|-8350.73
33|-8416.64|-8416.64
34|-8496.79|-8496.79
35|-8561.48|-8561.48
36|-8649.82|-8649.82
37|-8708.57|-8708.57
38|-8758|-8758
39|-8806.29|-8806.29
40|-8849.27|-8849.27
41|-8891.98|-8891.98
42|-8933.5|-8933.5
43|-8973.74|-8973.74
44|-9010.1|-9010.1
45|-9046.26|-9046.26
46|-9079.82|-9079.82
47|-9102.99|-9102.99
48|-9138.65|-9138.65
49|-9159.86|-9159.86
50|-9180.62|-9180.62
51|-9201.19|-9201.19
52|-9220.55|-9220.55
53|-9239.15|-9239.15
54|-9256.84|-9256.84
55|-9274.16|-9274.16
56|-9310.02|-9310.02
57|-9324.99|-9324.99
58|-9339.89|-9339.89
59|-9372.8|-9372.8
60|-9390.6|-9390.6
61|-9404.93|-9404.93
62|-9418.34|-9418.34
63|-9431.22|-9431.22
64|-9443.16|-9443.16
65|-9455.04|-9455.04
66|-9465.01|-9465.01
67|-9474.09|-9474.09
68|-9483.08|-9483.08
69|-9491.86|-9491.86
70|-9500.65|-9500.65
71|-9509.23|-9509.23
72|-9516.83|-9516.83
73|-9522.96|-9522.96
74|-9528.91|-9528.91
75|-9533.49|-9533.49
76|-9538.02|-9538.02
77|-9542.39|-9542.39
78|-9546.77|-9546.77
79|-9551.06|-9551.06
80|-9555.27|-9555.27
81|-9559.47|-9559.47
82|-9563.63|-9563.63
83|-9566.99|-9566.99
84|-9570.25|-9570.25
85|-9572.96|-9572.96
86|-9575.61|-9575.61
87|-9578.26|-9578.26
88|-9580.89|-9580.89
89|-9583.16|-9583.16
90|-9585.35|-9585.35
91|-9587.53|-9587.53
92|-9589.59|-9589.59
93|-9591.58|-9591.58
94|-9593.47|-9593.47
95|-9595.19|-9595.19
96|-9596.88|-9596.88
97|-9598.56|-9598.56
98|-9600.09|-9600.09
99|-9601.41|-9601.41
100|-9602.68|-9602.68
101|-9603.86|-9603.86
102|-9604.96|-9604.96
103|-9606.04|-9606.04
104|-9607.14|-9607.14
105|-9608.23|-9608.23
106|-9609.24|-9609.24
107|-9610.26|-9610.26
108|-9611.27|-9611.27
109|-9612.28|-9612.28
110|-9613.06|-9613.06
111|-9613.83|-9613.83
112|-9614.45|-9614.45
113|-9615.08|-9615.08
114|-9615.7|-9615.7
115|-9616.26|-9616.26
116|-9616.8|-9616.8
117|-9617.35|-9617.35
118|-9617.89|-9617.89
119|-9618.43|-9618.43
120|-9618.97|-9618.97
121|-9619.47|-9619.47
122|-9619.97|-9619.97
123|-9620.48|-9620.48
124|-9620.96|-9620.96
125|-9621.37|-9621.37
126|-9621.73|-9621.73
127|-9622.05|-9622.05
128|-9622.35|-9622.35
129|-9622.62|-9622.62
130|-9622.87|-9622.87
131|-9623.08|-9623.08
132|-9623.26|-9623.26
133|-9623.44|-9623.44
134|-9623.61|-9623.61
135|-9623.77|-9623.77
136|-9623.92|-9623.92
137|-9624.07|-9624.07
138|-9624.22|-9624.22
139|-9624.36|-9624.36
140|-9624.5|-9624.5
141|-9624.63|-9624.63
142|-9624.76|-9624.76
143|-9624.88|-9624.88
144|-9625.01|-9625.01
145|-9625.12|-9625.12
146|-9625.2|-9625.2
147|-9625.27|-9625.27
148|-9625.35|-9625.35
149|-9625.42|-9625.42
150|-9625.49|-9625.49
151|-9625.56|-9625.56
152|-9625.63|-9625.63
153|-9625.69|-9625.69
154|-9625.75|-9625.75
155|-9625.82|-9625.82
156|-9625.88|-9625.88
157|-9625.94|-9625.94
158|-9626.01|-9626.01
159|-9626.05|-9626.05
160|-9626.09|-9626.09
161|-9626.13|-9626.13
162|-9626.17|-9626.17
163|-9626.2|-9626.2
164|-9626.23|-9626.23
165|-9626.27|-9626.27
166|-9626.3|-9626.3
167|-9626.33|-9626.33
168|-9626.37|-9626.37
169|-9626.4|-9626.4
170|-9626.43|-9626.43
171|-9626.46|-9626.46
172|-9626.49|-9626.49
173|-9626.51|-9626.51
174|-9626.53|-9626.53
175|-9626.55|-9626.55
176|-9626.57|-9626.57
177|-9626.59|-9626.59
178|-9626.61|-9626.61
179|-9626.62|-9626.62
180|-9626.64|-9626.64
181|-9626.66|-9626.66
182|-9626.67|-9626.67
183|-9626.69|-9626.69
184|-9626.7|-9626.7
185|-9626.72|-9626.72
186|-9626.73|-9626.73
187|-9626.74|-9626.74
188|-9626.75|-9626.75
189|-9626.76|-9626.76
190|-9626.77|-9626.77
191|-9626.78|-9626.78
192|-9626.79|-9626.79
193|-9626.79|-9626.79
194|-9626.8|-9626.8
195|-9626.81|-9626.81
196|-9626.82|-9626.82
197|-9626.82|-9626.82
198|-9626.83|-9626.83
199|-9626.83|-9626.83
200|-9626.84|-9626.84
201|-9626.84|-9626.84
202|-9626.84|-9626.84
203|-9626.85|-9626.85
204|-9626.85|-9626.85
205|-9626.86|-9626.86
206|-9626.86|-9626.86
207|-9626.86|-9626.86
208|-9626.87|-9626.87
209|-9626.87|-9626.87
210|-9626.87|-9626.87
211|-9626.87|-9626.87
212|-9626.88|-9626.88
213|-9626.88|-9626.88
214|-9626.88|-9626.88
215|-9626.88|-9626.88
216|-9626.88|-9626.88
217|-9626.88|-9626.88
218|-9626.88|-9626.88
219|-9626.89|-9626.89
220|-9626.89|-9626.89
221|-9626.89|-9626.89
222|-9626.89|-9626.89
223|-9626.89|-9626.89
224|-9626.89|-9626.89
225|-9626.89|-9626.89
226|-9626.89|-9626.89
227|-9626.89|-9626.89
228|-9626.9|-9626.9
229|-9626.9|-9626.9
230|-9626.9|-9626.9
231|-9626.9|-9626.9
232|-9626.9|-9626.9
233|-9626.9|-9626.9
234|-9626.9|-9626.9
235|-9626.9|-9626.9
236|-9626.9|-9626.9
237|-9626.9|-9626.9
238|-9626.9|-9626.9
239|-9626.9|-9626.9
240|-9626.9|-9626.9
241|-9626.9|-9626.9
242|-9626.9|-9626.9
243|-9626.9|-9626.9
244|-9626.9|-9626.9
245|-9626.9|-9626.9
246|-9626.9|-9626.9
247|-9626.9|-9626.9
248|-9626.9|-9626.9
249|-9626.9|-9626.9
250|-9626.9|-9626.9
251|-9626.9|-9626.9
252|-9626.9|-9626.9
253|-9626.9|-9626.9
254|-9626.9|-9626.9
255|-9626.9|-9626.9
256|-9626.9|-9626.9
257|-9626.9|-9626.9
258|-9626.9|-9626.9
259|-9626.9|-9626.9
260|-9626.9|-9626.9
261|-9626.9|-9626.9
262|-9626.9|-9626.9
263|-9626.9|-9626.9
264|-9626.9|-9626.9
265|-9626.9|-9626.9
266|-9626.9|-9626.9
267|-9626.9|-9626.9
268|-9626.9|-9626.9
269|-9626.9|-9626.9
270|-9626.9|-9626.9
271|-9626.9|-9626.9
272|-9626.9|-9626.9
273|-9626.9|-9626.9
274|-9626.9|-9626.9
275|-9626.9|-9626.9
276|-9626.9|-9626.9
277|-9626.9|-9626.9
278|-9626.9|-9626.9
279|-9626.9|-9626.9
280|-9626.9|-9626.9
281|-9626.9|-9626.9
282|-9626.9|-9626.9
283|-9626.9|-9626.9
284|-9626.9|-9626.9
285|-9626.9|-9626.9
286|-9626.9|-9626.9
287|-9626.9|-9626.9
288|-9626.9|-9626.9
289|-9626.9|-9626.9
290|-9626.9|-9626.9
291|-9626.9|-9626.9
292|-9626.9|-9626.9
293|-9626.9|-9626.9
294|-9626.9|-9626.9
295|-9626.9|-9626.9
296|-9626.9|-9626.9
297|-9626.9|-9626.9
298|-9626.9|-9626.9
299|-9626.9|-9626.9
300|-9626.9|-9626.9
301|-9626.9|-9626.9
302|-9626.9|-9626.9
303|-9626.9|-9626.9
304|-9626.9|-9626.9
305|-9626.9|-9626.9
306|-9626.9|-9626.9
307|-9626.9|-9626.9
308|-9626.9|-9626.9
309|-9626.9|-9626.9
310|-9626.9|-9626.9
311|-9626.9|-9626.9
312|-9626.9|-9626.9
313|-9626.9|-9626.9
314|-9626.9|-9626.9
315|-9626.9|-9626.9
316|-9626.9|-9626.9
317|-9626.9|-9626.9
318|-9626.9|-9626.9
319|-9626.9|-9626.9
320|-9626.9|-9626.9
321|-9626.9|-9626.9
322|-9626.9|-9626.9
323|-9626.9|-9626.9
324|-9626.9|-9626.9
325|-9626.9|-9626.9
326|-9626.9|-9626.9
327|-9626.9|-9626.9
328|-9626.9|-9626.9
329|-9626.9|-9626.9
330|-9626.9|-9626.9
331|-9626.9|-9626.9
332|-9626.9|-9626.9
333|-9626.9|-9626.9
334|-9626.9|-9626.9
335|-9626.9|-9626.9
336|-9626.9|-9626.9
337|-9626.9|-9626.9
338|-9626.9|-9626.9
339|-9626.9|-9626.9
340|-9626.9|-9626.9
341|-9626.9|-9626.9
342|-9626.9|-9626.9
343|-9626.9|-9626.9
344|-9626.9|-9626.9
345|-9626.9|-9626.9
346|-9626.9|-9626.9
347|-9626.9|-9626.9
348|-9626.9|-9626.9
349|-9626.9|-9626.9
350|-9626.9|-9626.9
351|-9626.9|-9626.9
352|-9626.9|-9626.9
353|-9626.9|-9626.9
354|-9626.9|-9626.9
355|-9626.9|-9626.9
356|-9626.9|-9626.9
357|-9626.9|-9626.9
358|-9626.9|-9626.9
359|-9626.9|-9626.9
360|-9626.9|-9626.9
361|-9626.9|-9626.9
362|-9626.9|-9626.9
363|-9626.9|-9626.9
364|-9626.9|-9626.9
365|-9626.9|-9626.9
366|-9626.9|-9626.9
367|-9626.9|-9626.9
368|-9626.9|-9626.9
369|-9626.9|-9626.9
370|-9626.9|-9626.9
371|-9626.9|-9626.9
372|-9626.9|-9626.9
373|-9626.9|-9626.9
374|-9626.9|-9626.9
375|-9626.9|-9626.9
376|-9626.9|-9626.9
377|-9626.9|-9626.9
378|-9626.9|-9626.9
379|-9626.9|-9626.9
380|-9626.9|-9626.9
381|-9626.9|-9626.9
382|-9626.9|-9626.9
383|-9626.9|-9626.9
384|-9626.9|-9626.9
EARLY STOP: TARGET FOUND
6362857ms
