1|234.864|234.864
2|213.417|213.417
3|192.322|192.322
4|175.285|175.285
5|158.968|158.968
6|142.753|142.753
7|126.927|126.927
8|112.795|112.795
9|99.0778|99.0778
10|86.9668|86.9668
11|75.8442|75.8442
12|65.8595|65.8595
13|56.1151|56.1151
14|47.2677|47.2677
15|38.4221|38.4221
16|31.2327|31.2327
17|27.3063|27.3063
18|23.5011|23.5011
19|21.1375|21.1375
20|18.7744|18.7744
21|17.0578|17.0578
22|15.9053|15.9053
23|14.8045|14.8045
24|13.7194|13.7194
25|12.7397|12.7397
26|11.8406|11.8406
27|10.9517|10.9517
28|10.1113|10.1113
29|9.28379|9.28379
30|8.54622|8.54622
31|7.81181|7.81181
32|7.07918|7.07918
33|6.4054|6.4054
34|5.76509|5.76509
35|5.20936|5.20936
36|4.76118|4.76118
37|4.32531|4.32531
38|3.89501|3.89501
39|3.59857|3.59857
40|3.32953|3.32953
41|3.08634|3.08634
42|2.85098|2.85098
43|2.63338|2.63338
44|2.43613|2.43613
45|2.24056|2.24056
46|2.05624|2.05624
47|1.87214|1.87214
48|1.68946|1.68946
49|1.5243|1.5243
50|1.36713|1.36713
51|1.22482|1.22482
52|1.08754|1.08754
53|0.974574|0.974574
54|0.868002|0.868002
55|0.796582|0.796582
56|0.731524|0.731524
57|0.666544|0.666544
58|0.608821|0.608821
59|0.552428|0.552428
60|0.496827|0.496827
61|0.441669|0.441669
62|0.396876|0.396876
63|0.355997|0.355997
64|0.315551|0.315551
65|0.283475|0.283475
66|0.251476|0.251476
67|0.234163|0.234163
68|0.217271|0.217271
69|0.200761|0.200761
70|0.186681|0.186681
71|0.172655|0.172655
72|0.158985|0.158985
73|0.145517|0.145517
74|0.132188|0.132188
75|0.118899|0.118899
76|0.107032|0.107032
77|0.0973703|0.0973703
78|0.0880805|0.0880805
79|0.0790844|0.0790844
80|0.0704836|0.0704836
81|0.0621046|0.0621046
82|0.0537851|0.0537851
83|0.0464921|0.0464921
84|0.0426355|0.0426355
85|0.0389898|0.0389898
86|0.0355347|0.0355347
87|0.0321468|0.0321468
88|0.0289487|0.0289487
89|0.0261882|0.0261882
90|0.0239479|0.0239479
91|0.021728|0.021728
92|0.0195151|0.0195151
93|0.0174038|0.0174038
94|0.015369|0.015369
95|0.013435|0.013435
96|0.0115706|0.0115706
97|0.00972564|0.00972564
EARLY STOP: TARGET FOUND
1103187ms
