1|125.513|125.513
2|108.834|108.834
3|95.4697|95.4697
4|83.5183|83.5183
5|74.0278|74.0278
6|66.0276|66.0276
7|58.5376|58.5376
8|51.2561|51.2561
9|46.4343|46.4343
10|43.6124|43.6124
11|42.5017|42.5017
12|41.5425|41.5425
13|40.7128|40.7128
14|39.99|39.99
15|39.2886|39.2886
16|38.6163|38.6163
17|38.0625|38.0625
18|37.6446|37.6446
19|37.3307|37.3307
20|37.0438|37.0438
21|36.8328|36.8328
22|36.6424|36.6424
23|36.4979|36.4979
24|36.4168|36.4168
25|36.3478|36.3478
26|36.3071|36.3071
27|36.2701|36.2701
28|36.2364|36.2364
29|36.203|36.203
30|36.1735|36.1735
31|36.1559|36.1559
32|36.1385|36.1385
33|36.1218|36.1218
34|36.1102|36.1102
35|36.1019|36.1019
36|36.0961|36.0961
37|36.0906|36.0906
38|36.0863|36.0863
39|36.0821|36.0821
40|36.0788|36.0788
41|36.0758|36.0758
42|36.0729|36.0729
43|36.0702|36.0702
44|36.0682|36.0682
45|36.0669|36.0669
46|36.0659|36.0659
47|36.0651|36.0651
48|36.0644|36.0644
49|36.0638|36.0638
50|36.0632|36.0632
51|36.0629|36.0629
52|36.0626|36.0626
53|36.0623|36.0623
54|36.062|36.062
55|36.0619|36.0619
56|36.0617|36.0617
57|36.0617|36.0617
58|36.0616|36.0616
59|36.0616|36.0616
60|36.0616|36.0616
61|36.0616|36.0616
62|36.0616|36.0616
63|36.0616|36.0616
64|36.0616|36.0616
65|36.0616|36.0616
66|36.0616|36.0616
67|36.0616|36.0616
68|36.0616|36.0616
69|36.0616|36.0616
70|36.0616|36.0616
71|36.0616|36.0616
72|36.0616|36.0616
73|36.0616|36.0616
74|36.0616|36.0616
75|36.0616|36.0616
76|36.0616|36.0616
77|36.0616|36.0616
78|36.0616|36.0616
79|36.0616|36.0616
80|36.0616|36.0616
81|36.0616|36.0616
82|36.0616|36.0616
83|36.0616|36.0616
84|36.0616|36.0616
85|36.0616|36.0616
86|36.0616|36.0616
87|36.0616|36.0616
88|36.0616|36.0616
89|36.0616|36.0616
90|36.0616|36.0616
91|36.0616|36.0616
92|36.0616|36.0616
93|36.0616|36.0616
94|36.0616|36.0616
95|36.0616|36.0616
96|36.0616|36.0616
97|36.0616|36.0616
98|36.0616|36.0616
99|36.0616|36.0616
100|36.0616|36.0616
101|36.0616|36.0616
102|36.0616|36.0616
103|36.0616|36.0616
104|36.0616|36.0616
105|36.0616|36.0616
106|36.0616|36.0616
107|36.0616|36.0616
108|36.0616|36.0616
109|36.0616|36.0616
110|36.0616|36.0616
111|36.0616|36.0616
112|36.0616|36.0616
113|36.0616|36.0616
114|36.0616|36.0616
115|36.0616|36.0616
116|36.0616|36.0616
117|36.0616|36.0616
118|36.0616|36.0616
119|36.0616|36.0616
120|36.0616|36.0616
121|36.0616|36.0616
122|36.0616|36.0616
123|36.0616|36.0616
124|36.0616|36.0616
125|36.0616|36.0616
126|36.0616|36.0616
127|36.0616|36.0616
128|36.0616|36.0616
129|36.0616|36.0616
130|36.0616|36.0616
131|36.0616|36.0616
132|36.0616|36.0616
133|36.0616|36.0616
134|36.0616|36.0616
135|36.0616|36.0616
136|36.0616|36.0616
137|36.0616|36.0616
138|36.0616|36.0616
139|36.0616|36.0616
140|36.0616|36.0616
141|36.0616|36.0616
142|36.0616|36.0616
143|36.0616|36.0616
144|36.0616|36.0616
145|36.0616|36.0616
146|36.0616|36.0616
147|36.0616|36.0616
148|36.0616|36.0616
149|36.0616|36.0616
150|36.0616|36.0616
151|36.0616|36.0616
152|36.0616|36.0616
153|36.0616|36.0616
154|36.0616|36.0616
155|36.0616|36.0616
156|36.0616|36.0616
157|36.0616|36.0616
158|36.0616|36.0616
159|36.0616|36.0616
160|36.0616|36.0616
161|36.0616|36.0616
162|36.0616|36.0616
163|36.0616|36.0616
164|36.0616|36.0616
165|36.0616|36.0616
166|36.0616|36.0616
167|36.0616|36.0616
168|36.0616|36.0616
169|36.0616|36.0616
170|36.0616|36.0616
171|36.0616|36.0616
172|36.0616|36.0616
173|36.0616|36.0616
174|36.0616|36.0616
175|36.0616|36.0616
176|36.0616|36.0616
177|36.0616|36.0616
178|36.0616|36.0616
179|36.0616|36.0616
180|36.0616|36.0616
181|36.0616|36.0616
182|36.0616|36.0616
183|36.0616|36.0616
184|36.0616|36.0616
185|36.0616|36.0616
186|36.0616|36.0616
187|36.0616|36.0616
188|36.0616|36.0616
189|36.0616|36.0616
190|36.0616|36.0616
191|36.0616|36.0616
192|36.0616|36.0616
193|36.0616|36.0616
194|36.0616|36.0616
195|36.0616|36.0616
196|36.0616|36.0616
197|36.0616|36.0616
198|36.0616|36.0616
199|36.0616|36.0616
200|36.0616|36.0616
201|36.0616|36.0616
202|36.0616|36.0616
203|36.0616|36.0616
204|36.0616|36.0616
205|36.0616|36.0616
206|36.0616|36.0616
207|36.0616|36.0616
208|36.0616|36.0616
209|36.0616|36.0616
210|36.0616|36.0616
211|36.0616|36.0616
212|36.0616|36.0616
213|36.0616|36.0616
214|36.0616|36.0616
215|36.0616|36.0616
EARLY STOP: TARGET FOUND
299753ms
