1|-324.18|-324.18
2|-686.955|-686.955
3|-885.244|-885.244
4|-1050.23|-1050.23
5|-1197.97|-1197.97
6|-1328.76|-1328.76
7|-1493.64|-1493.64
8|-1579.99|-1579.99
9|-1618.16|-1618.16
10|-1639.46|-1639.46
11|-1653.32|-1653.32
12|-1667|-1667
13|-1690.49|-1690.49
14|-1701.07|-1701.07
15|-1707.98|-1707.98
16|-1714.84|-1714.84
17|-1720.4|-1720.4
18|-1723.03|-1723.03
19|-1723.69|-1723.69
20|-1724.32|-1724.32
21|-1724.74|-1724.74
22|-1725.07|-1725.07
23|-1725.38|-1725.38
24|-1725.42|-1725.42
25|-1725.44|-1725.44
26|-1725.46|-1725.46
27|-1725.47|-1725.47
28|-1725.48|-1725.48
29|-1725.49|-1725.49
30|-1725.49|-1725.49
31|-1725.49|-1725.49
32|-1725.5|-1725.5
33|-1725.5|-1725.5
34|-1725.5|-1725.5
35|-1725.5|-1725.5
36|-1725.5|-1725.5
37|-1725.5|-1725.5
38|-1725.5|-1725.5
39|-1725.5|-1725.5
40|-1725.5|-1725.5
41|-1725.5|-1725.5
42|-1725.5|-1725.5
43|-1725.5|-1725.5
44|-1725.5|-1725.5
45|-1725.5|-1725.5
46|-1725.5|-1725.5
47|-1725.5|-1725.5
48|-1725.5|-1725.5
49|-1725.5|-1725.5
50|-1725.5|-1725.5
51|-1725.5|-1725.5
52|-1725.5|-1725.5
53|-1725.5|-1725.5
54|-1725.5|-1725.5
55|-1725.5|-1725.5
56|-1725.5|-1725.5
57|-1725.5|-1725.5
58|-1725.5|-1725.5
59|-1725.5|-1725.5
60|-1725.5|-1725.5
61|-1725.5|-1725.5
62|-1725.5|-1725.5
63|-1725.5|-1725.5
64|-1725.5|-1725.5
65|-1725.5|-1725.5
66|-1725.5|-1725.5
67|-1725.5|-1725.5
68|-1725.5|-1725.5
69|-1725.5|-1725.5
70|-1725.5|-1725.5
71|-1725.5|-1725.5
72|-1725.5|-1725.5
73|-1725.5|-1725.5
74|-1725.5|-1725.5
75|-1725.5|-1725.5
76|-1725.5|-1725.5
77|-1725.5|-1725.5
78|-1725.5|-1725.5
79|-1725.5|-1725.5
80|-1725.5|-1725.5
81|-1725.5|-1725.5
82|-1725.5|-1725.5
83|-1725.5|-1725.5
84|-1725.5|-1725.5
85|-1725.5|-1725.5
86|-1725.5|-1725.5
87|-1725.5|-1725.5
88|-1725.5|-1725.5
89|-1725.5|-1725.5
90|-1725.5|-1725.5
91|-1725.5|-1725.5
92|-1725.5|-1725.5
93|-1725.5|-1725.5
94|-1725.5|-1725.5
95|-1725.5|-1725.5
96|-1725.5|-1725.5
97|-1725.5|-1725.5
98|-1725.5|-1725.5
99|-1725.5|-1725.5
100|-1725.5|-1725.5
101|-1725.5|-1725.5
102|-1725.5|-1725.5
103|-1725.5|-1725.5
104|-1725.5|-1725.5
105|-1725.5|-1725.5
106|-1725.5|-1725.5
107|-1725.5|-1725.5
108|-1725.5|-1725.5
109|-1725.5|-1725.5
110|-1725.5|-1725.5
111|-1725.5|-1725.5
112|-1725.5|-1725.5
113|-1725.5|-1725.5
114|-1725.5|-1725.5
115|-1725.5|-1725.5
116|-1725.5|-1725.5
117|-1725.5|-1725.5
118|-1725.5|-1725.5
119|-1725.5|-1725.5
120|-1725.5|-1725.5
121|-1725.5|-1725.5
122|-1725.5|-1725.5
123|-1725.5|-1725.5
124|-1725.5|-1725.5
125|-1725.5|-1725.5
126|-1725.5|-1725.5
127|-1725.5|-1725.5
128|-1725.5|-1725.5
129|-1725.5|-1725.5
130|-1725.5|-1725.5
131|-1725.5|-1725.5
132|-1725.5|-1725.5
133|-1725.5|-1725.5
134|-1725.5|-1725.5
135|-1725.5|-1725.5
136|-1725.5|-1725.5
137|-1725.5|-1725.5
138|-1725.5|-1725.5
139|-1725.5|-1725.5
140|-1725.5|-1725.5
141|-1725.5|-1725.5
142|-1725.5|-1725.5
143|-1725.5|-1725.5
144|-1725.5|-1725.5
145|-1725.5|-1725.5
146|-1725.5|-1725.5
147|-1725.5|-1725.5
148|-1725.5|-1725.5
149|-1725.5|-1725.5
150|-1725.5|-1725.5
151|-1725.5|-1725.5
152|-1725.5|-1725.5
153|-1725.5|-1725.5
154|-1725.5|-1725.5
155|-1725.5|-1725.5
156|-1725.5|-1725.5
157|-1725.5|-1725.5
158|-1725.5|-1725.5
159|-1725.5|-1725.5
160|-1725.5|-1725.5
161|-1725.5|-1725.5
162|-1725.5|-1725.5
163|-1725.5|-1725.5
164|-1725.5|-1725.5
165|-1725.5|-1725.5
166|-1725.5|-1725.5
167|-1725.5|-1725.5
168|-1725.5|-1725.5
169|-1725.5|-1725.5
170|-1725.5|-1725.5
171|-1725.5|-1725.5
172|-1725.5|-1725.5
173|-1725.5|-1725.5
174|-1725.5|-1725.5
175|-1725.5|-1725.5
176|-1725.5|-1725.5
177|-1725.5|-1725.5
178|-1725.5|-1725.5
179|-1725.5|-1725.5
180|-1725.5|-1725.5
181|-1725.5|-1725.5
182|-1725.5|-1725.5
183|-1725.5|-1725.5
184|-1725.5|-1725.5
185|-1725.5|-1725.5
186|-1725.5|-1725.5
EARLY STOP: TARGET FOUND
103811ms
