1|-1.22339|-1.22339
2|-1.99447|-1.99447
3|-2.57335|-2.57335
4|-2.7654|-2.7654
5|-2.81044|-2.81044
6|-2.84559|-2.84559
7|-2.87687|-2.87687
8|-2.90035|-2.90035
9|-2.91826|-2.91826
10|-2.92103|-2.92103
11|-2.92328|-2.92328
12|-2.92414|-2.92414
13|-2.92495|-2.92495
14|-2.92543|-2.92543
15|-2.92571|-2.92571
16|-2.92596|-2.92596
17|-2.92607|-2.92607
18|-2.92612|-2.92612
19|-2.92616|-2.92616
20|-2.92619|-2.92619
21|-2.9262|-2.9262
22|-2.92621|-2.92621
23|-2.92622|-2.92622
24|-2.92622|-2.92622
25|-2.92622|-2.92622
26|-2.92622|-2.92622
27|-2.92622|-2.92622
28|-2.92622|-2.92622
29|-2.92622|-2.92622
30|-2.92622|-2.92622
31|-2.92622|-2.92622
32|-2.92622|-2.92622
33|-2.92622|-2.92622
34|-2.92622|-2.92622
35|-2.92622|-2.92622
36|-2.92622|-2.92622
37|-2.92622|-2.92622
38|-2.92622|-2.92622
39|-2.92622|-2.92622
40|-2.92622|-2.92622
41|-2.92622|-2.92622
42|-2.92622|-2.92622
43|-2.92622|-2.92622
44|-2.92622|-2.92622
45|-2.92622|-2.92622
46|-2.92622|-2.92622
47|-2.92622|-2.92622
48|-2.92622|-2.92622
49|-2.92622|-2.92622
50|-2.92622|-2.92622
51|-2.92622|-2.92622
52|-2.92622|-2.92622
53|-2.92622|-2.92622
54|-2.92622|-2.92622
55|-2.92622|-2.92622
56|-2.92622|-2.92622
57|-2.92622|-2.92622
58|-2.92622|-2.92622
59|-2.92622|-2.92622
60|-2.92622|-2.92622
61|-2.92622|-2.92622
62|-2.92622|-2.92622
63|-2.92622|-2.92622
64|-2.92622|-2.92622
65|-2.92622|-2.92622
66|-2.92622|-2.92622
67|-2.92622|-2.92622
68|-2.92622|-2.92622
69|-2.92622|-2.92622
70|-2.92622|-2.92622
71|-2.92622|-2.92622
72|-2.92622|-2.92622
73|-2.92622|-2.92622
74|-2.92622|-2.92622
75|-2.92622|-2.92622
76|-2.92622|-2.92622
77|-2.92622|-2.92622
78|-2.92622|-2.92622
79|-2.92622|-2.92622
80|-2.92622|-2.92622
81|-2.92622|-2.92622
82|-2.92622|-2.92622
83|-2.92622|-2.92622
84|-2.92622|-2.92622
85|-2.92622|-2.92622
86|-2.92622|-2.92622
87|-2.92622|-2.92622
88|-2.92622|-2.92622
89|-2.92622|-2.92622
90|-2.92622|-2.92622
91|-2.92622|-2.92622
92|-2.92622|-2.92622
93|-2.92622|-2.92622
94|-2.92622|-2.92622
95|-2.92622|-2.92622
96|-2.92622|-2.92622
97|-2.92622|-2.92622
98|-2.92622|-2.92622
99|-2.92622|-2.92622
100|-2.92622|-2.92622
101|-2.92622|-2.92622
102|-2.92622|-2.92622
103|-2.92622|-2.92622
104|-2.92622|-2.92622
105|-2.92622|-2.92622
106|-2.92622|-2.92622
107|-2.92622|-2.92622
108|-2.92622|-2.92622
109|-2.92622|-2.92622
110|-2.92622|-2.92622
111|-2.92622|-2.92622
112|-2.92622|-2.92622
113|-2.92622|-2.92622
114|-2.92622|-2.92622
115|-2.92622|-2.92622
116|-2.92622|-2.92622
117|-2.92622|-2.92622
118|-2.92622|-2.92622
119|-2.92622|-2.92622
120|-2.92622|-2.92622
121|-2.92622|-2.92622
122|-2.92622|-2.92622
123|-2.92622|-2.92622
124|-2.92622|-2.92622
125|-2.92622|-2.92622
126|-2.92622|-2.92622
127|-2.92622|-2.92622
128|-2.92622|-2.92622
129|-2.92622|-2.92622
130|-2.92622|-2.92622
131|-2.92622|-2.92622
132|-2.92622|-2.92622
133|-2.92622|-2.92622
134|-2.92622|-2.92622
135|-2.92622|-2.92622
136|-2.92622|-2.92622
137|-2.92622|-2.92622
138|-2.92622|-2.92622
139|-2.92622|-2.92622
140|-2.92622|-2.92622
141|-2.92622|-2.92622
142|-2.92622|-2.92622
143|-2.92622|-2.92622
144|-2.92622|-2.92622
145|-2.92622|-2.92622
146|-2.92622|-2.92622
147|-2.92622|-2.92622
148|-2.92622|-2.92622
149|-2.92622|-2.92622
150|-2.92622|-2.92622
151|-2.92622|-2.92622
152|-2.92622|-2.92622
153|-2.92622|-2.92622
154|-2.92622|-2.92622
155|-2.92622|-2.92622
156|-2.92622|-2.92622
157|-2.92622|-2.92622
158|-2.92622|-2.92622
159|-2.92622|-2.92622
160|-2.92622|-2.92622
161|-2.92622|-2.92622
162|-2.92622|-2.92622
163|-2.92622|-2.92622
164|-2.92622|-2.92622
165|-2.92622|-2.92622
166|-2.92622|-2.92622
167|-2.92622|-2.92622
168|-2.92622|-2.92622
169|-2.92622|-2.92622
170|-2.92622|-2.92622
171|-2.92622|-2.92622
172|-2.92622|-2.92622
173|-2.92622|-2.92622
174|-2.92622|-2.92622
175|-2.92622|-2.92622
176|-2.92622|-2.92622
177|-2.92622|-2.92622
178|-2.92622|-2.92622
EARLY STOP: TARGET FOUND
69110ms
