1|182.089|182.089
2|158.718|158.718
3|138.922|138.922
4|119.914|119.914
5|101.651|101.651
6|85.8042|85.8042
7|74.2264|74.2264
8|64.2568|64.2568
9|57.365|57.365
10|51.2103|51.2103
11|43.2643|43.2643
12|37.826|37.826
13|32.7952|32.7952
14|29.381|29.381
15|26.1465|26.1465
16|22.9331|22.9331
17|19.8239|19.8239
18|16.8108|16.8108
19|14.9264|14.9264
20|14.1042|14.1042
21|13.6225|13.6225
22|13.2142|13.2142
23|13.0286|13.0286
24|12.8475|12.8475
25|12.6879|12.6879
26|12.559|12.559
27|12.4545|12.4545
28|12.3759|12.3759
29|12.3121|12.3121
30|12.2763|12.2763
31|12.245|12.245
32|12.2229|12.2229
33|12.2059|12.2059
34|12.1973|12.1973
35|12.19|12.19
36|12.1833|12.1833
37|12.1781|12.1781
38|12.1739|12.1739
39|12.1706|12.1706
40|12.1682|12.1682
41|12.166|12.166
42|12.1641|12.1641
43|12.1624|12.1624
44|12.161|12.161
45|12.1595|12.1595
46|12.1581|12.1581
47|12.1567|12.1567
48|12.1556|12.1556
49|12.1546|12.1546
50|12.1539|12.1539
51|12.1533|12.1533
52|12.1526|12.1526
53|12.1521|12.1521
54|12.1516|12.1516
55|12.1513|12.1513
56|12.151|12.151
57|12.1507|12.1507
58|12.1505|12.1505
59|12.1504|12.1504
60|12.1502|12.1502
61|12.15|12.15
62|12.1499|12.1499
63|12.1498|12.1498
64|12.1497|12.1497
65|12.1496|12.1496
66|12.1495|12.1495
67|12.1495|12.1495
68|12.1494|12.1494
69|12.1494|12.1494
70|12.1493|12.1493
71|12.1493|12.1493
72|12.1493|12.1493
73|12.1493|12.1493
74|12.1492|12.1492
75|12.1492|12.1492
76|12.1492|12.1492
77|12.1492|12.1492
78|12.1492|12.1492
79|12.1492|12.1492
80|12.1492|12.1492
81|12.1492|12.1492
82|12.1492|12.1492
83|12.1492|12.1492
84|12.1492|12.1492
85|12.1492|12.1492
86|12.1492|12.1492
87|12.1492|12.1492
88|12.1492|12.1492
89|12.1492|12.1492
90|12.1492|12.1492
91|12.1492|12.1492
92|12.1492|12.1492
93|12.1492|12.1492
94|12.1492|12.1492
95|12.1492|12.1492
96|12.1492|12.1492
97|12.1492|12.1492
98|12.1492|12.1492
99|12.1492|12.1492
100|12.1492|12.1492
101|12.1492|12.1492
102|12.1492|12.1492
103|12.1492|12.1492
104|12.1492|12.1492
105|12.1492|12.1492
106|12.1492|12.1492
107|12.1492|12.1492
108|12.1492|12.1492
109|12.1492|12.1492
110|12.1492|12.1492
111|12.1492|12.1492
112|12.1492|12.1492
113|12.1492|12.1492
114|12.1492|12.1492
115|12.1492|12.1492
116|12.1492|12.1492
117|12.1492|12.1492
118|12.1492|12.1492
119|12.1492|12.1492
120|12.1492|12.1492
121|12.1492|12.1492
122|12.1492|12.1492
123|12.1492|12.1492
124|12.1492|12.1492
125|12.1492|12.1492
126|12.1492|12.1492
127|12.1492|12.1492
128|12.1492|12.1492
129|12.1492|12.1492
130|12.1492|12.1492
131|12.1492|12.1492
132|12.1492|12.1492
133|12.1492|12.1492
134|12.1492|12.1492
135|12.1492|12.1492
136|12.1492|12.1492
137|12.1492|12.1492
138|12.1492|12.1492
139|12.1492|12.1492
140|12.1492|12.1492
141|12.1492|12.1492
142|12.1492|12.1492
143|12.1492|12.1492
144|12.1492|12.1492
145|12.1492|12.1492
146|12.1492|12.1492
147|12.1492|12.1492
148|12.1492|12.1492
149|12.1492|12.1492
150|12.1492|12.1492
151|12.1492|12.1492
152|12.1492|12.1492
153|12.1492|12.1492
154|12.1492|12.1492
155|12.1492|12.1492
156|12.1492|12.1492
157|12.1492|12.1492
158|12.1492|12.1492
159|12.1492|12.1492
160|12.1492|12.1492
161|12.1492|12.1492
162|12.1492|12.1492
163|12.1492|12.1492
164|12.1492|12.1492
165|12.1492|12.1492
166|12.1492|12.1492
167|12.1492|12.1492
168|12.1492|12.1492
169|12.1492|12.1492
170|12.1492|12.1492
171|12.1492|12.1492
172|12.1492|12.1492
173|12.1492|12.1492
174|12.1492|12.1492
175|12.1492|12.1492
176|12.1492|12.1492
177|12.1492|12.1492
178|12.1492|12.1492
179|12.1492|12.1492
180|12.1492|12.1492
181|12.1492|12.1492
182|12.1492|12.1492
183|12.1492|12.1492
184|12.1492|12.1492
185|12.1492|12.1492
186|12.1492|12.1492
187|12.1492|12.1492
188|12.1492|12.1492
189|12.1492|12.1492
190|12.1492|12.1492
191|12.1492|12.1492
192|12.1492|12.1492
193|12.1492|12.1492
194|12.1492|12.1492
195|12.1492|12.1492
196|12.1492|12.1492
197|12.1492|12.1492
198|12.1492|12.1492
199|12.1492|12.1492
200|12.1492|12.1492
201|12.1492|12.1492
202|12.1492|12.1492
203|12.1492|12.1492
204|12.1492|12.1492
205|12.1492|12.1492
206|12.1492|12.1492
207|12.1492|12.1492
208|12.1492|12.1492
209|12.1492|12.1492
210|12.1492|12.1492
211|12.1492|12.1492
212|12.1492|12.1492
213|12.1492|12.1492
214|12.1492|12.1492
215|12.1492|12.1492
216|12.1492|12.1492
217|12.1492|12.1492
218|12.1492|12.1492
219|12.1492|12.1492
220|12.1492|12.1492
221|12.1492|12.1492
222|12.1492|12.1492
223|12.1492|12.1492
224|12.1492|12.1492
225|12.1492|12.1492
226|12.1492|12.1492
227|12.1492|12.1492
228|12.1492|12.1492
229|12.1492|12.1492
EARLY STOP: TARGET FOUND
318673ms
