1|-311.347|-311.347
2|-681.916|-681.916
3|-857.604|-857.604
4|-938.463|-938.463
5|-1033.12|-1033.12
6|-1281.2|-1281.2
7|-1358.96|-1358.96
8|-1448.98|-1448.98
9|-1709.78|-1709.78
10|-1735.49|-1735.49
11|-1755.34|-1755.34
12|-1773.27|-1773.27
13|-1786.66|-1786.66
14|-1798.82|-1798.82
15|-1834.85|-1834.85
16|-1852.45|-1852.45
17|-1856.54|-1856.54
18|-1857.81|-1857.81
19|-1858.76|-1858.76
20|-1859.31|-1859.31
21|-1859.73|-1859.73
22|-1860|-1860
23|-1860.14|-1860.14
24|-1860.2|-1860.2
25|-1860.27|-1860.27
26|-1860.34|-1860.34
27|-1860.39|-1860.39
28|-1860.4|-1860.4
29|-1860.41|-1860.41
30|-1860.42|-1860.42
31|-1860.43|-1860.43
32|-1860.43|-1860.43
33|-1860.43|-1860.43
34|-1860.43|-1860.43
35|-1860.44|-1860.44
36|-1860.44|-1860.44
37|-1860.44|-1860.44
38|-1860.44|-1860.44
39|-1860.44|-1860.44
40|-1860.44|-1860.44
41|-1860.44|-1860.44
42|-1860.44|-1860.44
43|-1860.44|-1860.44
44|-1860.44|-1860.44
45|-1860.44|-1860.44
46|-1860.44|-1860.44
47|-1860.44|-1860.44
48|-1860.44|-1860.44
49|-1860.44|-1860.44
50|-1860.44|-1860.44
51|-1860.44|-1860.44
52|-1860.44|-1860.44
53|-1860.44|-1860.44
54|-1860.44|-1860.44
55|-1860.44|-1860.44
56|-1860.44|-1860.44
57|-1860.44|-1860.44
58|-1860.44|-1860.44
59|-1860.44|-1860.44
60|-1860.44|-1860.44
61|-1860.44|-1860.44
62|-1860.44|-1860.44
63|-1860.44|-1860.44
64|-1860.44|-1860.44
65|-1860.44|-1860.44
66|-1860.44|-1860.44
67|-1860.44|-1860.44
68|-1860.44|-1860.44
69|-1860.44|-1860.44
70|-1860.44|-1860.44
71|-1860.44|-1860.44
72|-1860.44|-1860.44
73|-1860.44|-1860.44
74|-1860.44|-1860.44
75|-1860.44|-1860.44
76|-1860.44|-1860.44
77|-1860.44|-1860.44
78|-1860.44|-1860.44
79|-1860.44|-1860.44
80|-1860.44|-1860.44
81|-1860.44|-1860.44
82|-1860.44|-1860.44
83|-1860.44|-1860.44
84|-1860.44|-1860.44
85|-1860.44|-1860.44
86|-1860.44|-1860.44
87|-1860.44|-1860.44
88|-1860.44|-1860.44
89|-1860.44|-1860.44
90|-1860.44|-1860.44
91|-1860.44|-1860.44
92|-1860.44|-1860.44
93|-1860.44|-1860.44
94|-1860.44|-1860.44
95|-1860.44|-1860.44
96|-1860.44|-1860.44
97|-1860.44|-1860.44
98|-1860.44|-1860.44
99|-1860.44|-1860.44
100|-1860.44|-1860.44
101|-1860.44|-1860.44
102|-1860.44|-1860.44
103|-1860.44|-1860.44
104|-1860.44|-1860.44
105|-1860.44|-1860.44
106|-1860.44|-1860.44
107|-1860.44|-1860.44
108|-1860.44|-1860.44
109|-1860.44|-1860.44
110|-1860.44|-1860.44
111|-1860.44|-1860.44
112|-1860.44|-1860.44
113|-1860.44|-1860.44
114|-1860.44|-1860.44
115|-1860.44|-1860.44
116|-1860.44|-1860.44
117|-1860.44|-1860.44
118|-1860.44|-1860.44
119|-1860.44|-1860.44
120|-1860.44|-1860.44
121|-1860.44|-1860.44
122|-1860.44|-1860.44
123|-1860.44|-1860.44
124|-1860.44|-1860.44
125|-1860.44|-1860.44
126|-1860.44|-1860.44
127|-1860.44|-1860.44
128|-1860.44|-1860.44
129|-1860.44|-1860.44
130|-1860.44|-1860.44
131|-1860.44|-1860.44
132|-1860.44|-1860.44
133|-1860.44|-1860.44
134|-1860.44|-1860.44
135|-1860.44|-1860.44
136|-1860.44|-1860.44
137|-1860.44|-1860.44
138|-1860.44|-1860.44
139|-1860.44|-1860.44
140|-1860.44|-1860.44
141|-1860.44|-1860.44
142|-1860.44|-1860.44
143|-1860.44|-1860.44
144|-1860.44|-1860.44
145|-1860.44|-1860.44
146|-1860.44|-1860.44
147|-1860.44|-1860.44
148|-1860.44|-1860.44
149|-1860.44|-1860.44
150|-1860.44|-1860.44
151|-1860.44|-1860.44
152|-1860.44|-1860.44
153|-1860.44|-1860.44
154|-1860.44|-1860.44
155|-1860.44|-1860.44
156|-1860.44|-1860.44
157|-1860.44|-1860.44
158|-1860.44|-1860.44
159|-1860.44|-1860.44
160|-1860.44|-1860.44
161|-1860.44|-1860.44
162|-1860.44|-1860.44
163|-1860.44|-1860.44
164|-1860.44|-1860.44
165|-1860.44|-1860.44
166|-1860.44|-1860.44
167|-1860.44|-1860.44
168|-1860.44|-1860.44
169|-1860.44|-1860.44
170|-1860.44|-1860.44
171|-1860.44|-1860.44
172|-1860.44|-1860.44
173|-1860.44|-1860.44
174|-1860.44|-1860.44
175|-1860.44|-1860.44
176|-1860.44|-1860.44
177|-1860.44|-1860.44
178|-1860.44|-1860.44
179|-1860.44|-1860.44
180|-1860.44|-1860.44
181|-1860.44|-1860.44
182|-1860.44|-1860.44
183|-1860.44|-1860.44
184|-1860.44|-1860.44
185|-1860.44|-1860.44
186|-1860.44|-1860.44
187|-1860.44|-1860.44
188|-1860.44|-1860.44
189|-1860.44|-1860.44
190|-1860.44|-1860.44
191|-1860.44|-1860.44
EARLY STOP: TARGET FOUND
106762ms
