1|-3.25479|-3.25479
2|-4.20524|-4.20524
3|-5.11755|-5.11755
4|-6.01308|-6.01308
5|-6.90779|-6.90779
6|-7.71072|-7.71072
7|-8.49937|-8.49937
8|-9.22442|-9.22442
9|-9.89355|-9.89355
10|-10.4445|-10.4445
11|-10.9705|-10.9705
12|-11.4862|-11.4862
13|-11.9988|-11.9988
14|-12.4896|-12.4896
15|-12.9384|-12.9384
16|-13.454|-13.454
17|-13.8241|-13.8241
18|-14.1259|-14.1259
19|-14.4034|-14.4034
20|-14.6688|-14.6688
21|-14.9231|-14.9231
22|-15.338|-15.338
23|-15.6108|-15.6108
24|-15.864|-15.864
25|-16.1088|-16.1088
26|-16.3252|-16.3252
27|-16.5077|-16.5077
28|-16.6721|-16.6721
29|-16.8295|-16.8295
30|-16.9827|-16.9827
31|-17.7108|-17.7108
32|-17.8546|-17.8546
33|-18.5299|-18.5299
34|-18.6513|-18.6513
35|-18.753|-18.753
36|-18.8479|-18.8479
37|-18.9272|-18.9272
38|-19.2069|-19.2069
39|-19.2861|-19.2861
40|-19.3599|-19.3599
41|-19.4383|-19.4383
42|-19.7308|-19.7308
43|-19.7826|-19.7826
44|-19.8306|-19.8306
45|-19.9952|-19.9952
46|-20.7292|-20.7292
47|-20.782|-20.782
48|-20.8275|-20.8275
49|-21.4454|-21.4454
50|-21.4868|-21.4868
51|-22.3981|-22.3981
52|-22.4388|-22.4388
53|-22.479|-22.479
54|-23.2685|-23.2685
55|-23.3077|-23.3077
56|-23.346|-23.346
57|-23.3832|-23.3832
58|-23.4548|-23.4548
59|-23.4892|-23.4892
60|-23.5236|-23.5236
61|-23.5546|-23.5546
62|-23.5799|-23.5799
63|-23.6039|-23.6039
64|-23.6272|-23.6272
65|-23.7755|-23.7755
66|-24.1502|-24.1502
67|-24.2624|-24.2624
68|-24.2883|-24.2883
69|-24.3067|-24.3067
70|-24.3578|-24.3578
71|-24.4058|-24.4058
72|-24.4241|-24.4241
73|-24.4401|-24.4401
74|-24.4535|-24.4535
75|-24.4668|-24.4668
76|-24.4792|-24.4792
77|-24.4909|-24.4909
78|-24.5014|-24.5014
79|-24.5099|-24.5099
80|-24.5169|-24.5169
81|-24.5233|-24.5233
82|-24.5295|-24.5295
83|-24.5346|-24.5346
84|-24.5387|-24.5387
85|-24.5425|-24.5425
86|-24.5461|-24.5461
87|-24.5492|-24.5492
88|-24.5521|-24.5521
89|-24.5547|-24.5547
90|-24.5573|-24.5573
91|-24.5594|-24.5594
92|-24.5615|-24.5615
93|-24.5634|-24.5634
94|-24.5651|-24.5651
95|-24.5666|-24.5666
96|-24.5682|-24.5682
97|-24.5697|-24.5697
98|-24.5712|-24.5712
99|-24.5725|-24.5725
100|-24.5738|-24.5738
101|-24.5748|-24.5748
102|-24.5757|-24.5757
103|-24.5767|-24.5767
104|-24.5775|-24.5775
105|-24.5783|-24.5783
106|-24.5791|-24.5791
107|-24.5799|-24.5799
108|-24.5807|-24.5807
109|-24.5813|-24.5813
110|-24.582|-24.582
111|-24.5827|-24.5827
112|-24.5833|-24.5833
113|-24.5839|-24.5839
114|-24.5845|-24.5845
115|-24.585|-24.585
116|-24.5856|-24.5856
117|-24.5861|-24.5861
118|-24.5865|-24.5865
119|-24.5869|-24.5869
120|-24.5873|-24.5873
121|-24.5877|-24.5877
122|-24.588|-24.588
123|-24.5883|-24.5883
124|-24.5886|-24.5886
125|-24.5889|-24.5889
126|-24.5891|-24.5891
127|-24.5893|-24.5893
128|-24.5895|-24.5895
129|-24.5897|-24.5897
130|-24.5899|-24.5899
131|-24.5901|-24.5901
132|-24.5902|-24.5902
133|-24.5904|-24.5904
134|-24.5906|-24.5906
135|-24.5907|-24.5907
136|-24.5908|-24.5908
137|-24.5909|-24.5909
138|-24.5909|-24.5909
139|-24.591|-24.591
140|-24.5911|-24.5911
141|-24.5912|-24.5912
142|-24.5912|-24.5912
143|-24.5913|-24.5913
144|-24.5914|-24.5914
145|-24.5914|-24.5914
146|-24.5915|-24.5915
147|-24.5915|-24.5915
148|-24.5916|-24.5916
149|-24.5916|-24.5916
150|-24.5916|-24.5916
151|-24.5917|-24.5917
152|-24.5917|-24.5917
153|-24.5917|-24.5917
154|-24.5917|-24.5917
155|-24.5917|-24.5917
156|-24.5917|-24.5917
157|-24.5918|-24.5918
158|-24.5918|-24.5918
159|-24.5918|-24.5918
160|-24.5918|-24.5918
161|-24.5918|-24.5918
162|-24.5918|-24.5918
163|-24.5918|-24.5918
164|-24.5918|-24.5918
165|-24.5918|-24.5918
166|-24.5918|-24.5918
167|-24.5918|-24.5918
168|-24.5918|-24.5918
169|-24.5918|-24.5918
170|-24.5919|-24.5919
171|-24.5919|-24.5919
172|-24.5919|-24.5919
173|-24.5919|-24.5919
174|-24.5919|-24.5919
175|-24.5919|-24.5919
176|-24.5919|-24.5919
177|-24.5919|-24.5919
178|-24.5919|-24.5919
179|-24.5919|-24.5919
180|-24.5919|-24.5919
181|-24.5919|-24.5919
182|-24.5919|-24.5919
183|-24.5919|-24.5919
184|-24.5919|-24.5919
185|-24.5919|-24.5919
186|-24.5919|-24.5919
187|-24.5919|-24.5919
188|-24.5919|-24.5919
189|-24.5919|-24.5919
190|-24.5919|-24.5919
191|-24.5919|-24.5919
192|-24.5919|-24.5919
193|-24.5919|-24.5919
194|-24.5919|-24.5919
195|-24.5919|-24.5919
196|-24.5919|-24.5919
197|-24.5919|-24.5919
198|-24.5919|-24.5919
199|-24.5919|-24.5919
200|-24.5919|-24.5919
201|-24.5919|-24.5919
202|-24.5919|-24.5919
203|-24.5919|-24.5919
204|-24.5919|-24.5919
205|-24.5919|-24.5919
206|-24.5919|-24.5919
207|-24.5919|-24.5919
208|-24.5919|-24.5919
209|-24.5919|-24.5919
210|-24.5919|-24.5919
211|-24.5919|-24.5919
212|-24.5919|-24.5919
213|-24.5919|-24.5919
214|-24.5919|-24.5919
215|-24.5919|-24.5919
216|-24.5919|-24.5919
217|-24.5919|-24.5919
218|-24.5919|-24.5919
219|-24.5919|-24.5919
220|-24.5919|-24.5919
221|-24.5919|-24.5919
222|-24.5919|-24.5919
223|-24.5919|-24.5919
224|-24.5919|-24.5919
225|-24.5919|-24.5919
226|-24.5919|-24.5919
227|-24.5919|-24.5919
228|-24.5919|-24.5919
229|-24.5919|-24.5919
230|-24.5919|-24.5919
231|-24.5919|-24.5919
232|-24.5919|-24.5919
233|-24.5919|-24.5919
234|-24.5919|-24.5919
235|-24.5919|-24.5919
236|-24.5919|-24.5919
237|-24.5919|-24.5919
238|-24.5919|-24.5919
239|-24.5919|-24.5919
240|-24.5919|-24.5919
241|-24.5919|-24.5919
242|-24.5919|-24.5919
243|-24.5919|-24.5919
244|-24.5919|-24.5919
245|-24.5919|-24.5919
246|-24.5919|-24.5919
247|-24.5919|-24.5919
248|-24.5919|-24.5919
249|-24.5919|-24.5919
250|-24.5919|-24.5919
251|-24.5919|-24.5919
252|-24.5919|-24.5919
253|-24.5919|-24.5919
254|-24.5919|-24.5919
255|-24.5919|-24.5919
256|-24.5919|-24.5919
257|-24.5919|-24.5919
258|-24.5919|-24.5919
259|-24.5919|-24.5919
260|-24.5919|-24.5919
261|-24.5919|-24.5919
262|-24.5919|-24.5919
263|-24.5919|-24.5919
264|-24.5919|-24.5919
265|-24.5919|-24.5919
266|-24.5919|-24.5919
267|-24.5919|-24.5919
268|-24.5919|-24.5919
269|-24.5919|-24.5919
270|-24.5919|-24.5919
271|-24.5919|-24.5919
272|-24.5919|-24.5919
273|-24.5919|-24.5919
274|-24.5919|-24.5919
275|-24.5919|-24.5919
276|-24.5919|-24.5919
277|-24.5919|-24.5919
278|-24.5919|-24.5919
279|-24.5919|-24.5919
280|-24.5919|-24.5919
281|-24.5919|-24.5919
282|-24.5919|-24.5919
283|-24.5919|-24.5919
284|-24.5919|-24.5919
285|-24.5919|-24.5919
286|-24.5919|-24.5919
287|-24.5919|-24.5919
288|-24.5919|-24.5919
289|-24.5919|-24.5919
290|-24.5919|-24.5919
291|-24.5919|-24.5919
292|-24.5919|-24.5919
293|-24.5919|-24.5919
294|-24.5919|-24.5919
295|-24.5919|-24.5919
296|-24.5919|-24.5919
297|-24.5919|-24.5919
298|-24.5919|-24.5919
299|-24.5919|-24.5919
300|-24.5919|-24.5919
301|-24.5919|-24.5919
302|-24.5919|-24.5919
303|-24.5919|-24.5919
304|-24.5919|-24.5919
305|-24.5919|-24.5919
306|-24.5919|-24.5919
307|-24.5919|-24.5919
308|-24.5919|-24.5919
309|-24.5919|-24.5919
310|-24.5919|-24.5919
311|-24.5919|-24.5919
312|-24.5919|-24.5919
313|-24.5919|-24.5919
314|-24.5919|-24.5919
315|-24.5919|-24.5919
316|-24.5919|-24.5919
317|-24.5919|-24.5919
318|-24.5919|-24.5919
319|-24.5919|-24.5919
320|-24.5919|-24.5919
321|-24.5919|-24.5919
EARLY STOP: TARGET FOUND
3658207ms
