1|-627.01|-627.01
2|-815.828|-815.828
3|-1004.45|-1004.45
4|-1106.07|-1106.07
5|-1207.93|-1207.93
6|-1300.14|-1300.14
7|-1364.26|-1364.26
8|-1414.37|-1414.37
9|-1441.77|-1441.77
10|-1461.88|-1461.88
11|-1476.74|-1476.74
12|-1488.04|-1488.04
13|-1536.4|-1536.4
14|-1545.19|-1545.19
15|-1553.93|-1553.93
16|-1560|-1560
17|-1564.46|-1564.46
18|-1568.83|-1568.83
19|-1571.52|-1571.52
20|-1573.56|-1573.56
21|-1574.36|-1574.36
22|-1575|-1575
23|-1575.54|-1575.54
24|-1576.04|-1576.04
25|-1576.36|-1576.36
26|-1576.51|-1576.51
27|-1576.65|-1576.65
28|-1576.72|-1576.72
29|-1576.79|-1576.79
30|-1576.85|-1576.85
31|-1576.9|-1576.9
32|-1576.94|-1576.94
33|-1576.97|-1576.97
34|-1577|-1577
35|-1577.02|-1577.02
36|-1577.03|-1577.03
37|-1577.03|-1577.03
38|-1577.04|-1577.04
39|-1577.04|-1577.04
40|-1577.05|-1577.05
41|-1577.05|-1577.05
42|-1577.05|-1577.05
43|-1577.05|-1577.05
44|-1577.05|-1577.05
45|-1577.05|-1577.05
46|-1577.05|-1577.05
47|-1577.05|-1577.05
48|-1577.05|-1577.05
49|-1577.05|-1577.05
50|-1577.05|-1577.05
51|-1577.05|-1577.05
52|-1577.05|-1577.05
53|-1577.05|-1577.05
54|-1577.05|-1577.05
55|-1577.05|-1577.05
56|-1577.05|-1577.05
57|-1577.05|-1577.05
58|-1577.05|-1577.05
59|-1577.05|-1577.05
60|-1577.05|-1577.05
61|-1577.05|-1577.05
62|-1577.05|-1577.05
63|-1577.05|-1577.05
64|-1577.05|-1577.05
65|-1577.05|-1577.05
66|-1577.05|-1577.05
67|-1577.05|-1577.05
68|-1577.05|-1577.05
69|-1577.05|-1577.05
70|-1577.05|-1577.05
71|-1577.05|-1577.05
72|-1577.05|-1577.05
73|-1577.05|-1577.05
74|-1577.05|-1577.05
75|-1577.05|-1577.05
76|-1577.05|-1577.05
77|-1577.05|-1577.05
78|-1577.05|-1577.05
79|-1577.05|-1577.05
80|-1577.05|-1577.05
81|-1577.05|-1577.05
82|-1577.05|-1577.05
83|-1577.05|-1577.05
84|-1577.05|-1577.05
85|-1577.05|-1577.05
86|-1577.05|-1577.05
87|-1577.05|-1577.05
88|-1577.05|-1577.05
89|-1577.05|-1577.05
90|-1577.05|-1577.05
91|-1577.05|-1577.05
92|-1577.05|-1577.05
93|-1577.05|-1577.05
94|-1577.05|-1577.05
95|-1577.05|-1577.05
96|-1577.05|-1577.05
97|-1577.05|-1577.05
98|-1577.05|-1577.05
99|-1577.05|-1577.05
100|-1577.05|-1577.05
101|-1577.05|-1577.05
102|-1577.05|-1577.05
103|-1577.05|-1577.05
104|-1577.05|-1577.05
105|-1577.05|-1577.05
106|-1577.05|-1577.05
107|-1577.05|-1577.05
108|-1577.05|-1577.05
109|-1577.05|-1577.05
110|-1577.05|-1577.05
111|-1577.05|-1577.05
112|-1577.05|-1577.05
113|-1577.05|-1577.05
114|-1577.05|-1577.05
115|-1577.05|-1577.05
116|-1577.05|-1577.05
117|-1577.05|-1577.05
118|-1577.05|-1577.05
119|-1577.05|-1577.05
120|-1577.05|-1577.05
121|-1577.05|-1577.05
122|-1577.05|-1577.05
123|-1577.05|-1577.05
124|-1577.05|-1577.05
125|-1577.05|-1577.05
126|-1577.05|-1577.05
127|-1577.05|-1577.05
128|-1577.05|-1577.05
129|-1577.05|-1577.05
130|-1577.05|-1577.05
131|-1577.05|-1577.05
132|-1577.05|-1577.05
133|-1577.05|-1577.05
134|-1577.05|-1577.05
135|-1577.05|-1577.05
136|-1577.05|-1577.05
137|-1577.05|-1577.05
138|-1577.05|-1577.05
139|-1577.05|-1577.05
140|-1577.05|-1577.05
141|-1577.05|-1577.05
142|-1577.05|-1577.05
143|-1577.05|-1577.05
144|-1577.05|-1577.05
145|-1577.05|-1577.05
146|-1577.05|-1577.05
147|-1577.05|-1577.05
148|-1577.05|-1577.05
149|-1577.05|-1577.05
150|-1577.05|-1577.05
151|-1577.05|-1577.05
152|-1577.05|-1577.05
153|-1577.05|-1577.05
154|-1577.05|-1577.05
155|-1577.05|-1577.05
156|-1577.05|-1577.05
157|-1577.05|-1577.05
158|-1577.05|-1577.05
159|-1577.05|-1577.05
160|-1577.05|-1577.05
161|-1577.05|-1577.05
162|-1577.05|-1577.05
163|-1577.05|-1577.05
164|-1577.05|-1577.05
165|-1577.05|-1577.05
166|-1577.05|-1577.05
167|-1577.05|-1577.05
168|-1577.05|-1577.05
169|-1577.05|-1577.05
170|-1577.05|-1577.05
171|-1577.05|-1577.05
172|-1577.05|-1577.05
173|-1577.05|-1577.05
174|-1577.05|-1577.05
175|-1577.05|-1577.05
176|-1577.05|-1577.05
177|-1577.05|-1577.05
178|-1577.05|-1577.05
179|-1577.05|-1577.05
180|-1577.05|-1577.05
181|-1577.05|-1577.05
182|-1577.05|-1577.05
183|-1577.05|-1577.05
184|-1577.05|-1577.05
185|-1577.05|-1577.05
186|-1577.05|-1577.05
187|-1577.05|-1577.05
188|-1577.05|-1577.05
189|-1577.05|-1577.05
190|-1577.05|-1577.05
191|-1577.05|-1577.05
192|-1577.05|-1577.05
193|-1577.05|-1577.05
194|-1577.05|-1577.05
195|-1577.05|-1577.05
196|-1577.05|-1577.05
197|-1577.05|-1577.05
198|-1577.05|-1577.05
199|-1577.05|-1577.05
EARLY STOP: TARGET FOUND
111305ms
