1|-559.107|-559.107
2|-1200.35|-1200.35
3|-1807.6|-1807.6
4|-2407.44|-2407.44
5|-2993.92|-2993.92
6|-3576.28|-3576.28
7|-4062.61|-4062.61
8|-4533.49|-4533.49
9|-4948.57|-4948.57
10|-5346.59|-5346.59
11|-5744.35|-5744.35
12|-6132.73|-6132.73
13|-6496.38|-6496.38
14|-6832.6|-6832.6
15|-7122.25|-7122.25
16|-7357.54|-7357.54
17|-7587.73|-7587.73
18|-7752.99|-7752.99
19|-7902.33|-7902.33
20|-8050.61|-8050.61
21|-8186.64|-8186.64
22|-8302.01|-8302.01
23|-8413.31|-8413.31
24|-8517.74|-8517.74
25|-8607.98|-8607.98
26|-8690.79|-8690.79
27|-8792.02|-8792.02
28|-9022.38|-9022.38
29|-9103.56|-9103.56
30|-9180.05|-9180.05
31|-9477.93|-9477.93
32|-9553.44|-9553.44
33|-9626.99|-9626.99
34|-9677.4|-9677.4
35|-9725.78|-9725.78
36|-9773.03|-9773.03
37|-9816.92|-9816.92
38|-9859.31|-9859.31
39|-9899.68|-9899.68
40|-9934.6|-9934.6
41|-9988.48|-9988.48
42|-10022.1|-10022.1
43|-10053.2|-10053.2
44|-10080|-10080
45|-10105.8|-10105.8
46|-10130.2|-10130.2
47|-10153.8|-10153.8
48|-10175.1|-10175.1
49|-10196.3|-10196.3
50|-10217.3|-10217.3
51|-10237.2|-10237.2
52|-10255.7|-10255.7
53|-10274.1|-10274.1
54|-10292.1|-10292.1
55|-10302.7|-10302.7
56|-10312|-10312
57|-10321.2|-10321.2
58|-10330|-10330
59|-10338.7|-10338.7
60|-10344.8|-10344.8
61|-10350.3|-10350.3
62|-10355.3|-10355.3
63|-10359.6|-10359.6
64|-10364|-10364
65|-10368.3|-10368.3
66|-10372.5|-10372.5
67|-10376.2|-10376.2
68|-10379.9|-10379.9
69|-10383.6|-10383.6
70|-10387.2|-10387.2
71|-10390.7|-10390.7
72|-10393.7|-10393.7
73|-10396.6|-10396.6
74|-10399.4|-10399.4
75|-10402.1|-10402.1
76|-10404.3|-10404.3
77|-10406.5|-10406.5
78|-10408.6|-10408.6
79|-10410.6|-10410.6
80|-10412.7|-10412.7
81|-10414.8|-10414.8
82|-10416.8|-10416.8
83|-10418.9|-10418.9
84|-10420.7|-10420.7
85|-10422.2|-10422.2
86|-10423.6|-10423.6
87|-10424.8|-10424.8
88|-10426.1|-10426.1
89|-10427.3|-10427.3
90|-10428.4|-10428.4
91|-10429.4|-10429.4
92|-10430.4|-10430.4
93|-10431.4|-10431.4
94|-10432.4|-10432.4
95|-10433.5|-10433.5
96|-10434.5|-10434.5
97|-10435.5|-10435.5
98|-10436.2|-10436.2
99|-10437|-10437
100|-10437.6|-10437.6
101|-10438.2|-10438.2
102|-10438.7|-10438.7
103|-10439.2|-10439.2
104|-10439.7|-10439.7
105|-10440.2|-10440.2
106|-10440.6|-10440.6
107|-10440.9|-10440.9
108|-10441.3|-10441.3
109|-10441.6|-10441.6
110|-10441.9|-10441.9
111|-10442.2|-10442.2
112|-10442.4|-10442.4
113|-10442.7|-10442.7
114|-10442.9|-10442.9
115|-10443.2|-10443.2
116|-10443.4|-10443.4
117|-10443.6|-10443.6
118|-10443.8|-10443.8
119|-10444|-10444
120|-10444.2|-10444.2
121|-10444.3|-10444.3
122|-10444.5|-10444.5
123|-10444.6|-10444.6
124|-10444.8|-10444.8
125|-10444.9|-10444.9
126|-10445|-10445
127|-10445.2|-10445.2
128|-10445.3|-10445.3
129|-10445.4|-10445.4
130|-10445.5|-10445.5
131|-10445.6|-10445.6
132|-10445.7|-10445.7
133|-10445.8|-10445.8
134|-10445.9|-10445.9
135|-10445.9|-10445.9
136|-10446|-10446
137|-10446.1|-10446.1
138|-10446.1|-10446.1
139|-10446.2|-10446.2
140|-10446.2|-10446.2
141|-10446.3|-10446.3
142|-10446.4|-10446.4
143|-10446.5|-10446.5
144|-10446.5|-10446.5
145|-10446.5|-10446.5
146|-10446.6|-10446.6
147|-10446.6|-10446.6
148|-10446.7|-10446.7
149|-10446.7|-10446.7
150|-10446.7|-10446.7
151|-10446.7|-10446.7
152|-10446.8|-10446.8
153|-10446.8|-10446.8
154|-10446.8|-10446.8
155|-10446.9|-10446.9
156|-10446.9|-10446.9
157|-10446.9|-10446.9
158|-10446.9|-10446.9
159|-10446.9|-10446.9
160|-10447|-10447
161|-10447|-10447
162|-10447|-10447
163|-10447|-10447
164|-10447|-10447
165|-10447|-10447
166|-10447|-10447
167|-10447|-10447
168|-10447|-10447
169|-10447.1|-10447.1
170|-10447.1|-10447.1
171|-10447.1|-10447.1
172|-10447.1|-10447.1
173|-10447.1|-10447.1
174|-10447.1|-10447.1
175|-10447.1|-10447.1
176|-10447.1|-10447.1
177|-10447.1|-10447.1
178|-10447.1|-10447.1
179|-10447.1|-10447.1
180|-10447.1|-10447.1
181|-10447.1|-10447.1
182|-10447.1|-10447.1
183|-10447.1|-10447.1
184|-10447.1|-10447.1
185|-10447.1|-10447.1
186|-10447.1|-10447.1
187|-10447.1|-10447.1
188|-10447.1|-10447.1
189|-10447.2|-10447.2
190|-10447.2|-10447.2
191|-10447.2|-10447.2
192|-10447.2|-10447.2
193|-10447.2|-10447.2
194|-10447.2|-10447.2
195|-10447.2|-10447.2
196|-10447.2|-10447.2
197|-10447.2|-10447.2
198|-10447.2|-10447.2
199|-10447.2|-10447.2
200|-10447.2|-10447.2
201|-10447.2|-10447.2
202|-10447.2|-10447.2
203|-10447.2|-10447.2
204|-10447.2|-10447.2
205|-10447.2|-10447.2
206|-10447.2|-10447.2
207|-10447.2|-10447.2
208|-10447.2|-10447.2
209|-10447.2|-10447.2
210|-10447.2|-10447.2
211|-10447.2|-10447.2
212|-10447.2|-10447.2
213|-10447.2|-10447.2
214|-10447.2|-10447.2
215|-10447.2|-10447.2
216|-10447.2|-10447.2
217|-10447.2|-10447.2
218|-10447.2|-10447.2
219|-10447.2|-10447.2
220|-10447.2|-10447.2
221|-10447.2|-10447.2
222|-10447.2|-10447.2
223|-10447.2|-10447.2
224|-10447.2|-10447.2
225|-10447.2|-10447.2
226|-10447.2|-10447.2
227|-10447.2|-10447.2
228|-10447.2|-10447.2
229|-10447.2|-10447.2
230|-10447.2|-10447.2
231|-10447.2|-10447.2
232|-10447.2|-10447.2
233|-10447.2|-10447.2
234|-10447.2|-10447.2
235|-10447.2|-10447.2
236|-10447.2|-10447.2
237|-10447.2|-10447.2
238|-10447.2|-10447.2
239|-10447.2|-10447.2
240|-10447.2|-10447.2
241|-10447.2|-10447.2
242|-10447.2|-10447.2
243|-10447.2|-10447.2
244|-10447.2|-10447.2
245|-10447.2|-10447.2
246|-10447.2|-10447.2
247|-10447.2|-10447.2
248|-10447.2|-10447.2
249|-10447.2|-10447.2
250|-10447.2|-10447.2
251|-10447.2|-10447.2
252|-10447.2|-10447.2
253|-10447.2|-10447.2
254|-10447.2|-10447.2
255|-10447.2|-10447.2
256|-10447.2|-10447.2
257|-10447.2|-10447.2
258|-10447.2|-10447.2
259|-10447.2|-10447.2
260|-10447.2|-10447.2
261|-10447.2|-10447.2
262|-10447.2|-10447.2
263|-10447.2|-10447.2
264|-10447.2|-10447.2
265|-10447.2|-10447.2
266|-10447.2|-10447.2
267|-10447.2|-10447.2
268|-10447.2|-10447.2
269|-10447.2|-10447.2
270|-10447.2|-10447.2
271|-10447.2|-10447.2
272|-10447.2|-10447.2
273|-10447.2|-10447.2
274|-10447.2|-10447.2
275|-10447.2|-10447.2
276|-10447.2|-10447.2
277|-10447.2|-10447.2
278|-10447.2|-10447.2
279|-10447.2|-10447.2
280|-10447.2|-10447.2
281|-10447.2|-10447.2
282|-10447.2|-10447.2
283|-10447.2|-10447.2
284|-10447.2|-10447.2
285|-10447.2|-10447.2
286|-10447.2|-10447.2
287|-10447.2|-10447.2
288|-10447.2|-10447.2
289|-10447.2|-10447.2
290|-10447.2|-10447.2
291|-10447.2|-10447.2
292|-10447.2|-10447.2
293|-10447.2|-10447.2
294|-10447.2|-10447.2
295|-10447.2|-10447.2
296|-10447.2|-10447.2
297|-10447.2|-10447.2
298|-10447.2|-10447.2
299|-10447.2|-10447.2
300|-10447.2|-10447.2
301|-10447.2|-10447.2
302|-10447.2|-10447.2
303|-10447.2|-10447.2
304|-10447.2|-10447.2
305|-10447.2|-10447.2
306|-10447.2|-10447.2
307|-10447.2|-10447.2
308|-10447.2|-10447.2
309|-10447.2|-10447.2
310|-10447.2|-10447.2
311|-10447.2|-10447.2
312|-10447.2|-10447.2
313|-10447.2|-10447.2
314|-10447.2|-10447.2
315|-10447.2|-10447.2
316|-10447.2|-10447.2
317|-10447.2|-10447.2
318|-10447.2|-10447.2
319|-10447.2|-10447.2
320|-10447.2|-10447.2
321|-10447.2|-10447.2
322|-10447.2|-10447.2
323|-10447.2|-10447.2
324|-10447.2|-10447.2
325|-10447.2|-10447.2
326|-10447.2|-10447.2
327|-10447.2|-10447.2
328|-10447.2|-10447.2
329|-10447.2|-10447.2
330|-10447.2|-10447.2
331|-10447.2|-10447.2
332|-10447.2|-10447.2
333|-10447.2|-10447.2
334|-10447.2|-10447.2
335|-10447.2|-10447.2
336|-10447.2|-10447.2
337|-10447.2|-10447.2
338|-10447.2|-10447.2
339|-10447.2|-10447.2
340|-10447.2|-10447.2
341|-10447.2|-10447.2
342|-10447.2|-10447.2
343|-10447.2|-10447.2
344|-10447.2|-10447.2
345|-10447.2|-10447.2
346|-10447.2|-10447.2
347|-10447.2|-10447.2
348|-10447.2|-10447.2
349|-10447.2|-10447.2
350|-10447.2|-10447.2
351|-10447.2|-10447.2
352|-10447.2|-10447.2
353|-10447.2|-10447.2
354|-10447.2|-10447.2
355|-10447.2|-10447.2
EARLY STOP: TARGET FOUND
5982208ms
