1|-1.36118|-1.36118
2|-2.11854|-2.11854
3|-2.54856|-2.54856
4|-2.7416|-2.7416
5|-2.92436|-2.92436
6|-2.97972|-2.97972
7|-3.02421|-3.02421
8|-3.04487|-3.04487
9|-3.05601|-3.05601
10|-3.06005|-3.06005
11|-3.06392|-3.06392
12|-3.24626|-3.24626
13|-3.37999|-3.37999
14|-3.4583|-3.4583
15|-3.49897|-3.49897
16|-3.51947|-3.51947
17|-3.52973|-3.52973
18|-3.53486|-3.53486
19|-3.53788|-3.53788
20|-3.54065|-3.54065
21|-3.54321|-3.54321
22|-3.5445|-3.5445
23|-3.54541|-3.54541
24|-3.54631|-3.54631
25|-3.54715|-3.54715
26|-3.54779|-3.54779
27|-3.5482|-3.5482
28|-3.54853|-3.54853
29|-3.54873|-3.54873
30|-3.5489|-3.5489
31|-3.54895|-3.54895
32|-3.549|-3.549
33|-3.54904|-3.54904
34|-3.54908|-3.54908
35|-3.5491|-3.5491
36|-3.54911|-3.54911
37|-3.54911|-3.54911
38|-3.54911|-3.54911
39|-3.54911|-3.54911
40|-3.54911|-3.54911
41|-3.54911|-3.54911
42|-3.54911|-3.54911
43|-3.54911|-3.54911
44|-3.54911|-3.54911
45|-3.54911|-3.54911
46|-3.54911|-3.54911
47|-3.54911|-3.54911
48|-3.54911|-3.54911
49|-3.54911|-3.54911
50|-3.54911|-3.54911
51|-3.54911|-3.54911
52|-3.54911|-3.54911
53|-3.54911|-3.54911
54|-3.54911|-3.54911
55|-3.54911|-3.54911
56|-3.54911|-3.54911
57|-3.54911|-3.54911
58|-3.54911|-3.54911
59|-3.54911|-3.54911
60|-3.54911|-3.54911
61|-3.54911|-3.54911
62|-3.54911|-3.54911
63|-3.54911|-3.54911
64|-3.54911|-3.54911
65|-3.54911|-3.54911
66|-3.54911|-3.54911
67|-3.54911|-3.54911
68|-3.54911|-3.54911
69|-3.54911|-3.54911
70|-3.54911|-3.54911
71|-3.54911|-3.54911
72|-3.54911|-3.54911
73|-3.54911|-3.54911
74|-3.54911|-3.54911
75|-3.54911|-3.54911
76|-3.54911|-3.54911
77|-3.54911|-3.54911
78|-3.54911|-3.54911
79|-3.54911|-3.54911
80|-3.54911|-3.54911
81|-3.54911|-3.54911
82|-3.54911|-3.54911
83|-3.54911|-3.54911
84|-3.54911|-3.54911
85|-3.54911|-3.54911
86|-3.54911|-3.54911
87|-3.54911|-3.54911
88|-3.54911|-3.54911
89|-3.54911|-3.54911
90|-3.54911|-3.54911
91|-3.54911|-3.54911
92|-3.54911|-3.54911
93|-3.54911|-3.54911
94|-3.54911|-3.54911
95|-3.54911|-3.54911
96|-3.54911|-3.54911
97|-3.54911|-3.54911
98|-3.54911|-3.54911
99|-3.54911|-3.54911
100|-3.54911|-3.54911
101|-3.54911|-3.54911
102|-3.54911|-3.54911
103|-3.54911|-3.54911
104|-3.54911|-3.54911
105|-3.54911|-3.54911
106|-3.54911|-3.54911
107|-3.54911|-3.54911
108|-3.54911|-3.54911
109|-3.54911|-3.54911
110|-3.54911|-3.54911
111|-3.54911|-3.54911
112|-3.54911|-3.54911
113|-3.54911|-3.54911
114|-3.54911|-3.54911
115|-3.54911|-3.54911
116|-3.54911|-3.54911
117|-3.54911|-3.54911
118|-3.54911|-3.54911
119|-3.54911|-3.54911
120|-3.54911|-3.54911
121|-3.54911|-3.54911
122|-3.54911|-3.54911
123|-3.54911|-3.54911
124|-3.54911|-3.54911
125|-3.54911|-3.54911
126|-3.54911|-3.54911
127|-3.54911|-3.54911
128|-3.54911|-3.54911
129|-3.54911|-3.54911
130|-3.54911|-3.54911
131|-3.54911|-3.54911
132|-3.54911|-3.54911
133|-3.54911|-3.54911
134|-3.54911|-3.54911
135|-3.54911|-3.54911
136|-3.54911|-3.54911
137|-3.54911|-3.54911
138|-3.54911|-3.54911
139|-3.54911|-3.54911
140|-3.54911|-3.54911
141|-3.54911|-3.54911
142|-3.54911|-3.54911
143|-3.54911|-3.54911
144|-3.54911|-3.54911
145|-3.54911|-3.54911
146|-3.54911|-3.54911
147|-3.54911|-3.54911
148|-3.54911|-3.54911
149|-3.54911|-3.54911
150|-3.54911|-3.54911
151|-3.54911|-3.54911
152|-3.54911|-3.54911
153|-3.54911|-3.54911
154|-3.54911|-3.54911
155|-3.54911|-3.54911
156|-3.54911|-3.54911
157|-3.54911|-3.54911
158|-3.54911|-3.54911
159|-3.54911|-3.54911
160|-3.54911|-3.54911
161|-3.54911|-3.54911
162|-3.54911|-3.54911
163|-3.54911|-3.54911
164|-3.54911|-3.54911
165|-3.54911|-3.54911
166|-3.54911|-3.54911
167|-3.54911|-3.54911
168|-3.54911|-3.54911
169|-3.54911|-3.54911
170|-3.54911|-3.54911
171|-3.54911|-3.54911
172|-3.54911|-3.54911
173|-3.54911|-3.54911
174|-3.54911|-3.54911
175|-3.54911|-3.54911
176|-3.54911|-3.54911
177|-3.54911|-3.54911
178|-3.54911|-3.54911
179|-3.54911|-3.54911
180|-3.54911|-3.54911
181|-3.54911|-3.54911
182|-3.54911|-3.54911
183|-3.54911|-3.54911
184|-3.54911|-3.54911
185|-3.54911|-3.54911
186|-3.54911|-3.54911
187|-3.54911|-3.54911
188|-3.54911|-3.54911
189|-3.54911|-3.54911
EARLY STOP: TARGET FOUND
72964ms
