1|-2006.5|-2006.5
2|-2675.52|-2675.52
3|-3255.38|-3255.38
4|-3835.15|-3835.15
5|-4388.16|-4388.16
6|-4843.14|-4843.14
7|-5247.44|-5247.44
8|-5635.49|-5635.49
9|-6004.07|-6004.07
10|-6341.15|-6341.15
11|-6600.31|-6600.31
12|-6828.68|-6828.68
13|-7053.89|-7053.89
14|-7248.51|-7248.51
15|-7437.74|-7437.74
16|-7626.5|-7626.5
17|-7814.33|-7814.33
18|-7989.02|-7989.02
19|-8147.91|-8147.91
20|-8287.04|-8287.04
21|-8423.57|-8423.57
22|-8555.08|-8555.08
23|-8677.6|-8677.6
24|-8841.21|-8841.21
25|-8941.79|-8941.79
26|-9040.25|-9040.25
27|-9130.73|-9130.73
28|-9219.43|-9219.43
29|-9304.88|-9304.88
30|-9390.27|-9390.27
31|-9474.12|-9474.12
32|-9595.47|-9595.47
33|-9673.9|-9673.9
34|-9749.9|-9749.9
35|-9819.25|-9819.25
36|-9875.51|-9875.51
37|-9929.65|-9929.65
38|-10089.4|-10089.4
39|-10183.6|-10183.6
40|-10229.5|-10229.5
41|-10273.3|-10273.3
42|-10316|-10316
43|-10351.4|-10351.4
44|-10384.5|-10384.5
45|-10411.8|-10411.8
46|-10432.7|-10432.7
47|-10450.5|-10450.5
48|-10468|-10468
49|-10484.9|-10484.9
50|-10499.7|-10499.7
51|-10533.2|-10533.2
52|-10551|-10551
53|-10564.1|-10564.1
54|-10576.5|-10576.5
55|-10586.3|-10586.3
56|-10595.5|-10595.5
57|-10604.3|-10604.3
58|-10613|-10613
59|-10621.5|-10621.5
60|-10627.7|-10627.7
61|-10633.2|-10633.2
62|-10638.1|-10638.1
63|-10642.5|-10642.5
64|-10646.7|-10646.7
65|-10650.3|-10650.3
66|-10653|-10653
67|-10655.2|-10655.2
68|-10657.3|-10657.3
69|-10659.3|-10659.3
70|-10661.1|-10661.1
71|-10662.8|-10662.8
72|-10664.1|-10664.1
73|-10665.4|-10665.4
74|-10666.7|-10666.7
75|-10667.9|-10667.9
76|-10668.9|-10668.9
77|-10670|-10670
78|-10670.9|-10670.9
79|-10671.8|-10671.8
80|-10672.7|-10672.7
81|-10673.6|-10673.6
82|-10674.5|-10674.5
83|-10675.3|-10675.3
84|-10676|-10676
85|-10676.7|-10676.7
86|-10677.4|-10677.4
87|-10678|-10678
88|-10678.6|-10678.6
89|-10679|-10679
90|-10679.5|-10679.5
91|-10679.9|-10679.9
92|-10680.3|-10680.3
93|-10680.6|-10680.6
94|-10681|-10681
95|-10681.3|-10681.3
96|-10681.6|-10681.6
97|-10681.9|-10681.9
98|-10682.2|-10682.2
99|-10682.4|-10682.4
100|-10682.6|-10682.6
101|-10682.8|-10682.8
102|-10683|-10683
103|-10683.2|-10683.2
104|-10683.4|-10683.4
105|-10683.5|-10683.5
106|-10683.7|-10683.7
107|-10683.8|-10683.8
108|-10684|-10684
109|-10684.1|-10684.1
110|-10684.3|-10684.3
111|-10684.4|-10684.4
112|-10684.5|-10684.5
113|-10684.6|-10684.6
114|-10684.8|-10684.8
115|-10684.9|-10684.9
116|-10684.9|-10684.9
117|-10685|-10685
118|-10685.1|-10685.1
119|-10685.2|-10685.2
120|-10685.3|-10685.3
121|-10685.3|-10685.3
122|-10685.4|-10685.4
123|-10685.5|-10685.5
124|-10685.5|-10685.5
125|-10685.6|-10685.6
126|-10685.7|-10685.7
127|-10685.7|-10685.7
128|-10685.8|-10685.8
129|-10685.8|-10685.8
130|-10685.9|-10685.9
131|-10685.9|-10685.9
132|-10685.9|-10685.9
133|-10686|-10686
134|-10686|-10686
135|-10686|-10686
136|-10686.1|-10686.1
137|-10686.1|-10686.1
138|-10686.1|-10686.1
139|-10686.2|-10686.2
140|-10686.2|-10686.2
141|-10686.2|-10686.2
142|-10686.3|-10686.3
143|-10686.3|-10686.3
144|-10686.3|-10686.3
145|-10686.3|-10686.3
146|-10686.3|-10686.3
147|-10686.4|-10686.4
148|-10686.4|-10686.4
149|-10686.4|-10686.4
150|-10686.4|-10686.4
151|-10686.4|-10686.4
152|-10686.4|-10686.4
153|-10686.5|-10686.5
154|-10686.5|-10686.5
155|-10686.5|-10686.5
156|-10686.5|-10686.5
157|-10686.5|-10686.5
158|-10686.5|-10686.5
159|-10686.5|-10686.5
160|-10686.5|-10686.5
161|-10686.6|-10686.6
162|-10686.6|-10686.6
163|-10686.6|-10686.6
164|-10686.6|-10686.6
165|-10686.6|-10686.6
166|-10686.6|-10686.6
167|-10686.6|-10686.6
168|-10686.6|-10686.6
169|-10686.6|-10686.6
170|-10686.6|-10686.6
171|-10686.6|-10686.6
172|-10686.6|-10686.6
173|-10686.6|-10686.6
174|-10686.7|-10686.7
175|-10686.7|-10686.7
176|-10686.7|-10686.7
177|-10686.7|-10686.7
178|-10686.7|-10686.7
179|-10686.7|-10686.7
180|-10686.7|-10686.7
181|-10686.7|-10686.7
182|-10686.7|-10686.7
183|-10686.7|-10686.7
184|-10686.7|-10686.7
185|-10686.7|-10686.7
186|-10686.7|-10686.7
187|-10686.7|-10686.7
188|-10686.7|-10686.7
189|-10686.7|-10686.7
190|-10686.7|-10686.7
191|-10686.7|-10686.7
192|-10686.7|-10686.7
193|-10686.7|-10686.7
194|-10686.7|-10686.7
195|-10686.7|-10686.7
196|-10686.7|-10686.7
197|-10686.7|-10686.7
198|-10686.7|-10686.7
199|-10686.7|-10686.7
200|-10686.7|-10686.7
201|-10686.7|-10686.7
202|-10686.7|-10686.7
203|-10686.7|-10686.7
204|-10686.7|-10686.7
205|-10686.7|-10686.7
206|-10686.7|-10686.7
207|-10686.7|-10686.7
208|-10686.7|-10686.7
209|-10686.7|-10686.7
210|-10686.7|-10686.7
211|-10686.7|-10686.7
212|-10686.8|-10686.8
213|-10686.8|-10686.8
214|-10686.8|-10686.8
215|-10686.8|-10686.8
216|-10686.8|-10686.8
217|-10686.8|-10686.8
218|-10686.8|-10686.8
219|-10686.8|-10686.8
220|-10686.8|-10686.8
221|-10686.8|-10686.8
222|-10686.8|-10686.8
223|-10686.8|-10686.8
224|-10686.8|-10686.8
225|-10686.8|-10686.8
226|-10686.8|-10686.8
227|-10686.8|-10686.8
228|-10686.8|-10686.8
229|-10686.8|-10686.8
230|-10686.8|-10686.8
231|-10686.8|-10686.8
232|-10686.8|-10686.8
233|-10686.8|-10686.8
234|-10686.8|-10686.8
235|-10686.8|-10686.8
236|-10686.8|-10686.8
237|-10686.8|-10686.8
238|-10686.8|-10686.8
239|-10686.8|-10686.8
240|-10686.8|-10686.8
241|-10686.8|-10686.8
242|-10686.8|-10686.8
243|-10686.8|-10686.8
244|-10686.8|-10686.8
245|-10686.8|-10686.8
246|-10686.8|-10686.8
247|-10686.8|-10686.8
248|-10686.8|-10686.8
249|-10686.8|-10686.8
250|-10686.8|-10686.8
251|-10686.8|-10686.8
252|-10686.8|-10686.8
253|-10686.8|-10686.8
254|-10686.8|-10686.8
255|-10686.8|-10686.8
256|-10686.8|-10686.8
257|-10686.8|-10686.8
258|-10686.8|-10686.8
259|-10686.8|-10686.8
260|-10686.8|-10686.8
261|-10686.8|-10686.8
262|-10686.8|-10686.8
263|-10686.8|-10686.8
264|-10686.8|-10686.8
265|-10686.8|-10686.8
266|-10686.8|-10686.8
267|-10686.8|-10686.8
268|-10686.8|-10686.8
269|-10686.8|-10686.8
270|-10686.8|-10686.8
271|-10686.8|-10686.8
272|-10686.8|-10686.8
273|-10686.8|-10686.8
274|-10686.8|-10686.8
275|-10686.8|-10686.8
276|-10686.8|-10686.8
277|-10686.8|-10686.8
278|-10686.8|-10686.8
279|-10686.8|-10686.8
280|-10686.8|-10686.8
281|-10686.8|-10686.8
282|-10686.8|-10686.8
283|-10686.8|-10686.8
284|-10686.8|-10686.8
285|-10686.8|-10686.8
286|-10686.8|-10686.8
287|-10686.8|-10686.8
288|-10686.8|-10686.8
289|-10686.8|-10686.8
290|-10686.8|-10686.8
291|-10686.8|-10686.8
292|-10686.8|-10686.8
293|-10686.8|-10686.8
294|-10686.8|-10686.8
295|-10686.8|-10686.8
296|-10686.8|-10686.8
297|-10686.8|-10686.8
298|-10686.8|-10686.8
299|-10686.8|-10686.8
300|-10686.8|-10686.8
301|-10686.8|-10686.8
302|-10686.8|-10686.8
303|-10686.8|-10686.8
304|-10686.8|-10686.8
305|-10686.8|-10686.8
306|-10686.8|-10686.8
307|-10686.8|-10686.8
308|-10686.8|-10686.8
309|-10686.8|-10686.8
310|-10686.8|-10686.8
311|-10686.8|-10686.8
312|-10686.8|-10686.8
313|-10686.8|-10686.8
314|-10686.8|-10686.8
315|-10686.8|-10686.8
316|-10686.8|-10686.8
317|-10686.8|-10686.8
318|-10686.8|-10686.8
319|-10686.8|-10686.8
320|-10686.8|-10686.8
321|-10686.8|-10686.8
322|-10686.8|-10686.8
323|-10686.8|-10686.8
324|-10686.8|-10686.8
325|-10686.8|-10686.8
326|-10686.8|-10686.8
327|-10686.8|-10686.8
328|-10686.8|-10686.8
329|-10686.8|-10686.8
330|-10686.8|-10686.8
331|-10686.8|-10686.8
332|-10686.8|-10686.8
333|-10686.8|-10686.8
334|-10686.8|-10686.8
335|-10686.8|-10686.8
336|-10686.8|-10686.8
337|-10686.8|-10686.8
338|-10686.8|-10686.8
339|-10686.8|-10686.8
340|-10686.8|-10686.8
341|-10686.8|-10686.8
342|-10686.8|-10686.8
343|-10686.8|-10686.8
344|-10686.8|-10686.8
345|-10686.8|-10686.8
346|-10686.8|-10686.8
347|-10686.8|-10686.8
348|-10686.8|-10686.8
349|-10686.8|-10686.8
350|-10686.8|-10686.8
351|-10686.8|-10686.8
352|-10686.8|-10686.8
353|-10686.8|-10686.8
354|-10686.8|-10686.8
355|-10686.8|-10686.8
356|-10686.8|-10686.8
357|-10686.8|-10686.8
358|-10686.8|-10686.8
359|-10686.8|-10686.8
360|-10686.8|-10686.8
361|-10686.8|-10686.8
362|-10686.8|-10686.8
363|-10686.8|-10686.8
364|-10686.8|-10686.8
365|-10686.8|-10686.8
366|-10686.8|-10686.8
367|-10686.8|-10686.8
368|-10686.8|-10686.8
EARLY STOP: TARGET FOUND
6137193ms
