1|56.2671|56.2671
2|43.4688|43.4688
3|32.0259|32.0259
4|20.812|20.812
5|13.8555|13.8555
6|9.66765|9.66765
7|7.10046|7.10046
8|4.95662|4.95662
9|3.80506|3.80506
10|2.93994|2.93994
11|2.12722|2.12722
12|1.37173|1.37173
13|1.10132|1.10132
14|0.832745|0.832745
15|0.650204|0.650204
16|0.520407|0.520407
17|0.395047|0.395047
18|0.319867|0.319867
19|0.258997|0.258997
20|0.200592|0.200592
21|0.143103|0.143103
22|0.105523|0.105523
23|0.0871332|0.0871332
24|0.0695136|0.0695136
25|0.0558784|0.0558784
26|0.0446433|0.0446433
27|0.0346409|0.0346409
28|0.0250964|0.0250964
29|0.0204014|0.0204014
30|0.0160065|0.0160065
31|0.0119967|0.0119967
32|0.00997914|0.00997914
EARLY STOP: TARGET FOUND
44708ms
