1|65.892|65.892
2|48.2955|48.2955
3|34.404|34.404
4|23.1011|23.1011
5|12.0548|12.0548
6|7.73417|7.73417
7|5.78948|5.78948
8|4.65871|4.65871
9|3.72718|3.72718
10|2.94947|2.94947
11|2.2359|2.2359
12|1.56827|1.56827
13|1.28034|1.28034
14|1.02216|1.02216
15|0.799752|0.799752
16|0.582417|0.582417
17|0.423851|0.423851
18|0.356687|0.356687
19|0.29026|0.29026
20|0.237968|0.237968
21|0.187576|0.187576
22|0.148668|0.148668
23|0.114266|0.114266
24|0.0823989|0.0823989
25|0.0680168|0.0680168
26|0.0540035|0.0540035
27|0.0412605|0.0412605
28|0.0305738|0.0305738
29|0.0229324|0.0229324
30|0.0159863|0.0159863
31|0.0113882|0.0113882
32|0.00899718|0.00899718
EARLY STOP: TARGET FOUND
44421ms
