1|164.949|164.949
2|137.474|137.474
3|112.667|112.667
4|91.8607|91.8607
5|75.3968|75.3968
6|61.2871|61.2871
7|49.5158|49.5158
8|42.6652|42.6652
9|36.2238|36.2238
10|32.6996|32.6996
11|29.5478|29.5478
12|26.9624|26.9624
13|24.6886|24.6886
14|22.4431|22.4431
15|22.1299|22.1299
16|21.8518|21.8518
17|21.622|21.622
18|21.4024|21.4024
19|21.1883|21.1883
20|21.0225|21.0225
21|20.8783|20.8783
22|20.8024|20.8024
23|20.7336|20.7336
24|20.698|20.698
25|20.6644|20.6644
26|20.6308|20.6308
27|20.613|20.613
28|20.5955|20.5955
29|20.5788|20.5788
30|20.5622|20.5622
31|20.5536|20.5536
32|20.5477|20.5477
33|20.5432|20.5432
34|20.5391|20.5391
35|20.5363|20.5363
36|20.5341|20.5341
37|20.532|20.532
38|20.5301|20.5301
39|20.5261|20.5261
40|20.525|20.525
41|20.524|20.524
42|20.5229|20.5229
43|20.5221|20.5221
44|20.5216|20.5216
45|20.5211|20.5211
46|20.5206|20.5206
47|20.5203|20.5203
48|20.52|20.52
49|20.5198|20.5198
50|20.5196|20.5196
51|20.5195|20.5195
52|20.5193|20.5193
53|20.5192|20.5192
54|20.5192|20.5192
55|20.5191|20.5191
56|20.5191|20.5191
57|20.5191|20.5191
58|20.519|20.519
59|20.519|20.519
60|20.519|20.519
61|20.519|20.519
62|20.519|20.519
63|20.519|20.519
64|20.519|20.519
65|20.519|20.519
66|20.519|20.519
67|20.519|20.519
68|20.519|20.519
69|20.519|20.519
70|20.519|20.519
71|20.519|20.519
72|20.519|20.519
73|20.519|20.519
74|20.519|20.519
75|20.519|20.519
76|20.519|20.519
77|20.519|20.519
78|20.519|20.519
79|20.519|20.519
80|20.519|20.519
81|20.519|20.519
82|20.519|20.519
83|20.519|20.519
84|20.519|20.519
85|20.519|20.519
86|20.519|20.519
87|20.519|20.519
88|20.519|20.519
89|20.519|20.519
90|20.519|20.519
91|20.519|20.519
92|20.519|20.519
93|20.519|20.519
94|20.519|20.519
95|20.519|20.519
96|20.519|20.519
97|20.519|20.519
98|20.519|20.519
99|20.519|20.519
100|20.519|20.519
101|20.519|20.519
102|20.519|20.519
103|20.519|20.519
104|20.519|20.519
105|20.519|20.519
106|20.519|20.519
107|20.519|20.519
108|20.519|20.519
109|20.519|20.519
110|20.519|20.519
111|20.519|20.519
112|20.519|20.519
113|20.519|20.519
114|20.519|20.519
115|20.519|20.519
116|20.519|20.519
117|20.519|20.519
118|20.519|20.519
119|20.519|20.519
120|20.519|20.519
121|20.519|20.519
122|20.519|20.519
123|20.519|20.519
124|20.519|20.519
125|20.519|20.519
126|20.519|20.519
127|20.519|20.519
128|20.519|20.519
129|20.519|20.519
130|20.519|20.519
131|20.519|20.519
132|20.519|20.519
133|20.519|20.519
134|20.519|20.519
135|20.519|20.519
136|20.519|20.519
137|20.519|20.519
138|20.519|20.519
139|20.519|20.519
140|20.519|20.519
141|20.519|20.519
142|20.519|20.519
143|20.519|20.519
144|20.519|20.519
145|20.519|20.519
146|20.519|20.519
147|20.519|20.519
148|20.519|20.519
149|20.519|20.519
150|20.519|20.519
151|20.519|20.519
152|20.519|20.519
153|20.519|20.519
154|20.519|20.519
155|20.519|20.519
156|20.519|20.519
157|20.519|20.519
158|20.519|20.519
159|20.519|20.519
160|20.519|20.519
161|20.519|20.519
162|20.519|20.519
163|20.519|20.519
164|20.519|20.519
165|20.519|20.519
166|20.519|20.519
167|20.519|20.519
168|20.519|20.519
169|20.519|20.519
170|20.519|20.519
171|20.519|20.519
172|20.519|20.519
173|20.519|20.519
174|20.519|20.519
175|20.519|20.519
176|20.519|20.519
177|20.519|20.519
178|20.519|20.519
179|20.519|20.519
180|20.519|20.519
181|20.519|20.519
182|20.519|20.519
183|20.519|20.519
184|20.519|20.519
185|20.519|20.519
186|20.519|20.519
187|20.519|20.519
188|20.519|20.519
189|20.519|20.519
190|20.519|20.519
191|20.519|20.519
192|20.519|20.519
193|20.519|20.519
194|20.519|20.519
195|20.519|20.519
196|20.519|20.519
197|20.519|20.519
198|20.519|20.519
199|20.519|20.519
200|20.519|20.519
201|20.519|20.519
202|20.519|20.519
203|20.519|20.519
204|20.519|20.519
205|20.519|20.519
206|20.519|20.519
207|20.519|20.519
208|20.519|20.519
209|20.519|20.519
210|20.519|20.519
211|20.519|20.519
EARLY STOP: TARGET FOUND
313931ms
