1|75.3041|75.3041
2|52.8562|52.8562
3|37.2203|37.2203
4|24.7378|24.7378
5|20.2769|20.2769
6|15.8248|15.8248
7|11.4197|11.4197
8|8.93227|8.93227
9|7.75633|7.75633
10|6.68371|6.68371
11|5.68208|5.68208
12|4.6848|4.6848
13|3.71109|3.71109
14|2.75537|2.75537
15|1.84265|1.84265
16|1.56188|1.56188
17|1.33277|1.33277
18|1.13916|1.13916
19|0.947714|0.947714
20|0.768061|0.768061
21|0.597401|0.597401
22|0.448241|0.448241
23|0.315232|0.315232
24|0.205366|0.205366
25|0.141783|0.141783
26|0.104028|0.104028
27|0.0876244|0.0876244
28|0.0717642|0.0717642
29|0.05849|0.05849
30|0.0455767|0.0455767
31|0.0329853|0.0329853
32|0.0223204|0.0223204
33|0.0180755|0.0180755
34|0.0146735|0.0146735
35|0.0115434|0.0115434
36|0.00931725|0.00931725
EARLY STOP: TARGET FOUND
49792ms
