1|-4.65333|-4.65333
2|-5.63565|-5.63565
3|-6.5458|-6.5458
4|-7.43459|-7.43459
5|-8.28725|-8.28725
6|-9.1301|-9.1301
7|-9.94551|-9.94551
8|-10.6758|-10.6758
9|-11.2901|-11.2901
10|-11.8893|-11.8893
11|-12.4715|-12.4715
12|-13.025|-13.025
13|-13.5608|-13.5608
14|-14.0441|-14.0441
15|-14.493|-14.493
16|-14.9993|-14.9993
17|-15.4409|-15.4409
18|-15.8277|-15.8277
19|-16.1945|-16.1945
20|-16.5441|-16.5441
21|-16.9765|-16.9765
22|-17.3129|-17.3129
23|-17.621|-17.621
24|-17.9644|-17.9644
25|-18.2702|-18.2702
26|-18.5213|-18.5213
27|-18.7112|-18.7112
28|-18.955|-18.955
29|-19.1407|-19.1407
30|-19.3217|-19.3217
31|-19.4949|-19.4949
32|-19.6576|-19.6576
33|-19.8179|-19.8179
34|-19.9737|-19.9737
35|-20.0824|-20.0824
36|-20.1858|-20.1858
37|-20.3136|-20.3136
38|-20.5404|-20.5404
39|-20.6332|-20.6332
40|-20.7198|-20.7198
41|-20.8967|-20.8967
42|-20.9738|-20.9738
43|-21.0297|-21.0297
44|-21.075|-21.075
45|-21.1146|-21.1146
46|-21.1534|-21.1534
47|-21.3964|-21.3964
48|-21.5177|-21.5177
49|-21.5863|-21.5863
50|-21.6219|-21.6219
51|-21.7449|-21.7449
52|-21.7994|-21.7994
53|-21.8319|-21.8319
54|-21.8617|-21.8617
55|-21.8889|-21.8889
56|-21.9156|-21.9156
57|-21.939|-21.939
58|-21.9607|-21.9607
59|-21.9794|-21.9794
60|-21.9972|-21.9972
61|-22.0141|-22.0141
62|-22.0307|-22.0307
63|-22.0461|-22.0461
64|-22.0597|-22.0597
65|-22.0724|-22.0724
66|-22.0839|-22.0839
67|-22.0949|-22.0949
68|-22.1047|-22.1047
69|-22.1144|-22.1144
70|-22.1234|-22.1234
71|-22.1319|-22.1319
72|-22.1401|-22.1401
73|-22.1479|-22.1479
74|-22.1555|-22.1555
75|-22.1626|-22.1626
76|-22.1695|-22.1695
77|-22.1761|-22.1761
78|-22.1825|-22.1825
79|-22.1883|-22.1883
80|-22.194|-22.194
81|-22.1989|-22.1989
82|-22.2028|-22.2028
83|-22.2067|-22.2067
84|-22.2105|-22.2105
85|-22.2135|-22.2135
86|-22.2164|-22.2164
87|-22.2188|-22.2188
88|-22.2213|-22.2213
89|-22.2236|-22.2236
90|-22.2259|-22.2259
91|-22.2282|-22.2282
92|-22.2302|-22.2302
93|-22.2321|-22.2321
94|-22.234|-22.234
95|-22.2356|-22.2356
96|-22.2371|-22.2371
97|-22.2383|-22.2383
98|-22.2394|-22.2394
99|-22.2406|-22.2406
100|-22.2416|-22.2416
101|-22.5088|-22.5088
102|-22.6164|-22.6164
103|-22.7981|-22.7981
104|-22.8029|-22.8029
105|-22.8041|-22.8041
106|-22.8051|-22.8051
107|-22.8061|-22.8061
108|-22.807|-22.807
109|-22.808|-22.808
110|-22.8088|-22.8088
111|-22.8095|-22.8095
112|-22.8103|-22.8103
113|-22.811|-22.811
114|-22.8117|-22.8117
115|-22.8124|-22.8124
116|-22.8131|-22.8131
117|-22.8138|-22.8138
118|-22.8145|-22.8145
119|-22.8151|-22.8151
120|-22.8156|-22.8156
121|-22.8161|-22.8161
122|-22.8165|-22.8165
123|-22.817|-22.817
124|-22.8174|-22.8174
125|-22.8178|-22.8178
126|-22.8182|-22.8182
127|-22.8185|-22.8185
128|-22.8189|-22.8189
129|-22.8192|-22.8192
130|-22.8196|-22.8196
131|-22.8199|-22.8199
132|-22.8202|-22.8202
133|-22.8205|-22.8205
134|-22.8207|-22.8207
135|-22.821|-22.821
136|-22.8212|-22.8212
137|-22.8214|-22.8214
138|-22.8216|-22.8216
139|-22.8218|-22.8218
140|-22.822|-22.822
141|-22.8222|-22.8222
142|-22.8223|-22.8223
143|-22.8225|-22.8225
144|-22.8227|-22.8227
145|-22.8228|-22.8228
146|-22.823|-22.823
147|-22.8231|-22.8231
148|-22.8232|-22.8232
149|-22.8233|-22.8233
150|-22.8234|-22.8234
151|-22.8235|-22.8235
152|-22.8235|-22.8235
153|-22.8236|-22.8236
154|-22.8237|-22.8237
155|-22.8237|-22.8237
156|-22.8238|-22.8238
157|-22.8238|-22.8238
158|-22.8239|-22.8239
159|-22.8239|-22.8239
160|-22.8239|-22.8239
161|-22.824|-22.824
162|-22.824|-22.824
163|-22.824|-22.824
164|-22.824|-22.824
165|-22.824|-22.824
166|-22.8241|-22.8241
167|-22.8241|-22.8241
168|-22.8241|-22.8241
169|-22.8241|-22.8241
170|-22.8241|-22.8241
171|-22.8241|-22.8241
172|-22.8241|-22.8241
173|-22.8241|-22.8241
174|-22.8241|-22.8241
175|-22.8241|-22.8241
176|-22.8241|-22.8241
177|-22.8241|-22.8241
178|-22.8241|-22.8241
179|-22.8241|-22.8241
180|-22.8241|-22.8241
181|-22.8241|-22.8241
182|-22.8241|-22.8241
183|-22.8241|-22.8241
184|-22.8241|-22.8241
185|-22.8241|-22.8241
186|-22.8241|-22.8241
187|-22.8241|-22.8241
188|-22.8241|-22.8241
189|-22.8241|-22.8241
190|-22.8241|-22.8241
191|-22.8241|-22.8241
192|-22.8241|-22.8241
193|-22.8241|-22.8241
194|-22.8241|-22.8241
195|-22.8241|-22.8241
196|-22.8241|-22.8241
197|-22.8241|-22.8241
198|-22.8241|-22.8241
199|-22.8241|-22.8241
200|-22.8241|-22.8241
201|-22.8241|-22.8241
202|-22.8241|-22.8241
203|-22.8241|-22.8241
204|-22.8241|-22.8241
205|-22.8241|-22.8241
206|-22.8241|-22.8241
207|-22.8241|-22.8241
208|-22.8241|-22.8241
209|-22.8241|-22.8241
210|-22.8241|-22.8241
211|-22.8241|-22.8241
212|-22.8241|-22.8241
213|-22.8241|-22.8241
214|-22.8241|-22.8241
215|-22.8241|-22.8241
216|-22.8241|-22.8241
217|-22.8241|-22.8241
218|-22.8241|-22.8241
219|-22.8241|-22.8241
220|-22.8241|-22.8241
221|-22.8241|-22.8241
222|-22.8241|-22.8241
223|-22.8241|-22.8241
224|-22.8241|-22.8241
225|-22.8241|-22.8241
226|-22.8241|-22.8241
227|-22.8241|-22.8241
228|-22.8241|-22.8241
229|-22.8241|-22.8241
230|-22.8241|-22.8241
231|-22.8241|-22.8241
232|-22.8241|-22.8241
233|-22.8241|-22.8241
234|-22.8241|-22.8241
235|-22.8241|-22.8241
236|-22.8241|-22.8241
237|-22.8241|-22.8241
238|-22.8241|-22.8241
239|-22.8241|-22.8241
240|-22.8241|-22.8241
241|-22.8241|-22.8241
242|-22.8241|-22.8241
243|-22.8241|-22.8241
244|-22.8241|-22.8241
245|-22.8241|-22.8241
246|-22.8241|-22.8241
247|-22.8241|-22.8241
248|-22.8241|-22.8241
249|-22.8241|-22.8241
250|-22.8241|-22.8241
251|-22.8241|-22.8241
252|-22.8241|-22.8241
253|-22.8241|-22.8241
254|-22.8241|-22.8241
255|-22.8241|-22.8241
256|-22.8241|-22.8241
257|-22.8241|-22.8241
258|-22.8241|-22.8241
259|-22.8241|-22.8241
260|-22.8241|-22.8241
261|-22.8241|-22.8241
262|-22.8241|-22.8241
263|-22.8241|-22.8241
264|-22.8241|-22.8241
265|-22.8241|-22.8241
266|-22.8241|-22.8241
267|-22.8241|-22.8241
268|-22.8241|-22.8241
269|-22.8241|-22.8241
270|-22.8241|-22.8241
271|-22.8241|-22.8241
272|-22.8241|-22.8241
273|-22.8241|-22.8241
274|-22.8241|-22.8241
275|-22.8241|-22.8241
276|-22.8241|-22.8241
277|-22.8241|-22.8241
278|-22.8241|-22.8241
279|-22.8241|-22.8241
280|-22.8241|-22.8241
281|-22.8241|-22.8241
282|-22.8241|-22.8241
283|-22.8241|-22.8241
284|-22.8241|-22.8241
285|-22.8241|-22.8241
286|-22.8241|-22.8241
287|-22.8241|-22.8241
288|-22.8241|-22.8241
289|-22.8241|-22.8241
290|-22.8241|-22.8241
291|-22.8241|-22.8241
292|-22.8241|-22.8241
293|-22.8241|-22.8241
294|-22.8241|-22.8241
295|-22.8241|-22.8241
296|-22.8241|-22.8241
297|-22.8241|-22.8241
298|-22.8241|-22.8241
299|-22.8241|-22.8241
300|-22.8241|-22.8241
301|-22.8241|-22.8241
302|-22.8241|-22.8241
303|-22.8241|-22.8241
304|-22.8241|-22.8241
305|-22.8241|-22.8241
306|-22.8241|-22.8241
307|-22.8241|-22.8241
308|-22.8241|-22.8241
309|-22.8241|-22.8241
310|-22.8241|-22.8241
311|-22.8241|-22.8241
312|-22.8241|-22.8241
313|-22.8241|-22.8241
314|-22.8241|-22.8241
315|-22.8241|-22.8241
316|-22.8241|-22.8241
317|-22.8241|-22.8241
318|-22.8241|-22.8241
319|-22.8241|-22.8241
320|-22.8241|-22.8241
321|-22.8241|-22.8241
322|-22.8241|-22.8241
323|-22.8241|-22.8241
324|-22.8241|-22.8241
325|-22.8241|-22.8241
326|-22.8241|-22.8241
327|-22.8241|-22.8241
328|-22.8241|-22.8241
329|-22.8241|-22.8241
330|-22.8241|-22.8241
EARLY STOP: TARGET FOUND
3793729ms
