1|-712.143|-712.143
2|-1120.47|-1120.47
3|-1527.89|-1527.89
4|-1933.84|-1933.84
5|-2315.23|-2315.23
6|-2684.06|-2684.06
7|-2872.82|-2872.82
8|-2990.23|-2990.23
9|-3082.89|-3082.89
10|-3194.61|-3194.61
11|-3252.19|-3252.19
12|-3306.07|-3306.07
13|-3359.19|-3359.19
14|-3407.22|-3407.22
15|-3427.91|-3427.91
16|-3447.97|-3447.97
17|-3466.95|-3466.95
18|-3477.35|-3477.35
19|-3513.43|-3513.43
20|-3531.07|-3531.07
21|-3540.92|-3540.92
22|-3566.36|-3566.36
23|-3575.08|-3575.08
24|-3581.63|-3581.63
25|-3587.6|-3587.6
26|-3591.98|-3591.98
27|-3596.18|-3596.18
28|-3600.06|-3600.06
29|-3602.25|-3602.25
30|-3604.43|-3604.43
31|-3606.47|-3606.47
32|-3608.31|-3608.31
33|-3609.85|-3609.85
34|-3610.94|-3610.94
35|-3611.96|-3611.96
36|-3612.97|-3612.97
37|-3613.53|-3613.53
38|-3614.07|-3614.07
39|-3614.62|-3614.62
40|-3615.12|-3615.12
41|-3615.63|-3615.63
42|-3616.12|-3616.12
43|-3616.53|-3616.53
44|-3616.8|-3616.8
45|-3617.05|-3617.05
46|-3617.3|-3617.3
47|-3617.49|-3617.49
48|-3617.67|-3617.67
49|-3617.82|-3617.82
50|-3617.9|-3617.9
51|-3617.96|-3617.96
52|-3618.03|-3618.03
53|-3618.09|-3618.09
54|-3618.15|-3618.15
55|-3618.22|-3618.22
56|-3618.26|-3618.26
57|-3618.3|-3618.3
58|-3618.33|-3618.33
59|-3618.36|-3618.36
60|-3618.39|-3618.39
61|-3618.41|-3618.41
62|-3618.42|-3618.42
63|-3618.43|-3618.43
64|-3618.44|-3618.44
65|-3618.44|-3618.44
66|-3618.45|-3618.45
67|-3618.46|-3618.46
68|-3618.46|-3618.46
69|-3618.46|-3618.46
70|-3618.46|-3618.46
71|-3618.47|-3618.47
72|-3618.47|-3618.47
73|-3618.47|-3618.47
74|-3618.47|-3618.47
75|-3618.47|-3618.47
76|-3618.48|-3618.48
77|-3618.48|-3618.48
78|-3618.48|-3618.48
79|-3618.48|-3618.48
80|-3618.48|-3618.48
81|-3618.48|-3618.48
82|-3618.48|-3618.48
83|-3618.48|-3618.48
84|-3618.48|-3618.48
85|-3618.48|-3618.48
86|-3618.48|-3618.48
87|-3618.48|-3618.48
88|-3618.48|-3618.48
89|-3618.48|-3618.48
90|-3618.48|-3618.48
91|-3618.48|-3618.48
92|-3618.48|-3618.48
93|-3618.48|-3618.48
94|-3618.48|-3618.48
95|-3618.48|-3618.48
96|-3618.48|-3618.48
97|-3618.48|-3618.48
98|-3618.48|-3618.48
99|-3618.48|-3618.48
100|-3618.48|-3618.48
101|-3618.48|-3618.48
102|-3618.48|-3618.48
103|-3618.48|-3618.48
104|-3618.48|-3618.48
105|-3618.48|-3618.48
106|-3618.48|-3618.48
107|-3618.48|-3618.48
108|-3618.48|-3618.48
109|-3618.48|-3618.48
110|-3618.48|-3618.48
111|-3618.48|-3618.48
112|-3618.48|-3618.48
113|-3618.48|-3618.48
114|-3618.48|-3618.48
115|-3618.48|-3618.48
116|-3618.48|-3618.48
117|-3618.48|-3618.48
118|-3618.48|-3618.48
119|-3618.48|-3618.48
120|-3618.48|-3618.48
121|-3618.48|-3618.48
122|-3618.48|-3618.48
123|-3618.48|-3618.48
124|-3618.48|-3618.48
125|-3618.48|-3618.48
126|-3618.48|-3618.48
127|-3618.48|-3618.48
128|-3618.48|-3618.48
129|-3618.48|-3618.48
130|-3618.48|-3618.48
131|-3618.48|-3618.48
132|-3618.48|-3618.48
133|-3618.48|-3618.48
134|-3618.48|-3618.48
135|-3618.48|-3618.48
136|-3618.48|-3618.48
137|-3618.48|-3618.48
138|-3618.48|-3618.48
139|-3618.48|-3618.48
140|-3618.48|-3618.48
141|-3618.48|-3618.48
142|-3618.48|-3618.48
143|-3618.48|-3618.48
144|-3618.48|-3618.48
145|-3618.48|-3618.48
146|-3618.48|-3618.48
147|-3618.48|-3618.48
148|-3618.48|-3618.48
149|-3618.48|-3618.48
150|-3618.48|-3618.48
151|-3618.48|-3618.48
152|-3618.48|-3618.48
153|-3618.48|-3618.48
154|-3618.48|-3618.48
155|-3618.48|-3618.48
156|-3618.48|-3618.48
157|-3618.48|-3618.48
158|-3618.48|-3618.48
159|-3618.48|-3618.48
160|-3618.48|-3618.48
161|-3618.48|-3618.48
162|-3618.48|-3618.48
163|-3618.48|-3618.48
164|-3618.48|-3618.48
165|-3618.48|-3618.48
166|-3618.48|-3618.48
167|-3618.48|-3618.48
168|-3618.48|-3618.48
169|-3618.48|-3618.48
170|-3618.48|-3618.48
171|-3618.48|-3618.48
172|-3618.48|-3618.48
173|-3618.48|-3618.48
174|-3618.48|-3618.48
175|-3618.48|-3618.48
176|-3618.48|-3618.48
177|-3618.48|-3618.48
178|-3618.48|-3618.48
179|-3618.48|-3618.48
180|-3618.48|-3618.48
181|-3618.48|-3618.48
182|-3618.48|-3618.48
183|-3618.48|-3618.48
184|-3618.48|-3618.48
185|-3618.48|-3618.48
186|-3618.48|-3618.48
187|-3618.48|-3618.48
188|-3618.48|-3618.48
189|-3618.48|-3618.48
190|-3618.48|-3618.48
191|-3618.48|-3618.48
192|-3618.48|-3618.48
193|-3618.48|-3618.48
194|-3618.48|-3618.48
195|-3618.48|-3618.48
196|-3618.48|-3618.48
197|-3618.48|-3618.48
198|-3618.48|-3618.48
199|-3618.48|-3618.48
200|-3618.48|-3618.48
201|-3618.48|-3618.48
202|-3618.48|-3618.48
203|-3618.48|-3618.48
204|-3618.48|-3618.48
205|-3618.48|-3618.48
206|-3618.48|-3618.48
207|-3618.48|-3618.48
208|-3618.48|-3618.48
209|-3618.48|-3618.48
210|-3618.48|-3618.48
211|-3618.48|-3618.48
212|-3618.48|-3618.48
213|-3618.48|-3618.48
214|-3618.48|-3618.48
215|-3618.48|-3618.48
216|-3618.48|-3618.48
217|-3618.48|-3618.48
218|-3618.48|-3618.48
219|-3618.48|-3618.48
220|-3618.48|-3618.48
221|-3618.48|-3618.48
222|-3618.48|-3618.48
223|-3618.48|-3618.48
224|-3618.48|-3618.48
225|-3618.48|-3618.48
226|-3618.48|-3618.48
227|-3618.48|-3618.48
228|-3618.48|-3618.48
229|-3618.48|-3618.48
230|-3618.48|-3618.48
231|-3618.48|-3618.48
232|-3618.48|-3618.48
233|-3618.48|-3618.48
EARLY STOP: TARGET FOUND
475570ms
