1|-2529.43|-2529.43
2|-2981.51|-2981.51
3|-3421.44|-3421.44
4|-3828.34|-3828.34
5|-4225.82|-4225.82
6|-4620.03|-4620.03
7|-5006.82|-5006.82
8|-5302.19|-5302.19
9|-5521.44|-5521.44
10|-5728.25|-5728.25
11|-5928.17|-5928.17
12|-6275.62|-6275.62
13|-6473.21|-6473.21
14|-6746.74|-6746.74
15|-6937.85|-6937.85
16|-7120.21|-7120.21
17|-7327.57|-7327.57
18|-7509.17|-7509.17
19|-7681.54|-7681.54
20|-7832.97|-7832.97
21|-7984.37|-7984.37
22|-8107.72|-8107.72
23|-8222.64|-8222.64
24|-8334.99|-8334.99
25|-8440.28|-8440.28
26|-8543.5|-8543.5
27|-8637.88|-8637.88
28|-8731.27|-8731.27
29|-8814.25|-8814.25
30|-8889.41|-8889.41
31|-8962.67|-8962.67
32|-9035.58|-9035.58
33|-9107.87|-9107.87
34|-9176.41|-9176.41
35|-9230.2|-9230.2
36|-9283.18|-9283.18
37|-9333|-9333
38|-9381.14|-9381.14
39|-9423.82|-9423.82
40|-9466.39|-9466.39
41|-9488.78|-9488.78
42|-9509.87|-9509.87
43|-9529.82|-9529.82
44|-9548.63|-9548.63
45|-9566.78|-9566.78
46|-9584.88|-9584.88
47|-9602.65|-9602.65
48|-9619.14|-9619.14
49|-9655.03|-9655.03
50|-9669.65|-9669.65
51|-9682.44|-9682.44
52|-9693.21|-9693.21
53|-9718.18|-9718.18
54|-9726.98|-9726.98
55|-9735.75|-9735.75
56|-9744.5|-9744.5
57|-9753.16|-9753.16
58|-9760.9|-9760.9
59|-9787.41|-9787.41
60|-9793.88|-9793.88
61|-9800.14|-9800.14
62|-9805.42|-9805.42
63|-9810.62|-9810.62
64|-9815.69|-9815.69
65|-9820.22|-9820.22
66|-9824.6|-9824.6
67|-9828.96|-9828.96
68|-9832.25|-9832.25
69|-9835.18|-9835.18
70|-9838.08|-9838.08
71|-9840.87|-9840.87
72|-9843.5|-9843.5
73|-9845.68|-9845.68
74|-9847.86|-9847.86
75|-9849.66|-9849.66
76|-9851.34|-9851.34
77|-9852.66|-9852.66
78|-9853.97|-9853.97
79|-9855.23|-9855.23
80|-9856.3|-9856.3
81|-9857.32|-9857.32
82|-9858.34|-9858.34
83|-9859.1|-9859.1
84|-9859.86|-9859.86
85|-9860.52|-9860.52
86|-9861.18|-9861.18
87|-9861.81|-9861.81
88|-9862.35|-9862.35
89|-9862.89|-9862.89
90|-9863.42|-9863.42
91|-9863.94|-9863.94
92|-9864.46|-9864.46
93|-9864.96|-9864.96
94|-9865.47|-9865.47
95|-9865.93|-9865.93
96|-9866.33|-9866.33
97|-9866.7|-9866.7
98|-9867.06|-9867.06
99|-9867.41|-9867.41
100|-9867.74|-9867.74
101|-9868.05|-9868.05
102|-9868.32|-9868.32
103|-9868.6|-9868.6
104|-9868.85|-9868.85
105|-9869.1|-9869.1
106|-9869.33|-9869.33
107|-9869.54|-9869.54
108|-9869.75|-9869.75
109|-9869.92|-9869.92
110|-9870.1|-9870.1
111|-9870.28|-9870.28
112|-9870.45|-9870.45
113|-9870.62|-9870.62
114|-9870.79|-9870.79
115|-9870.95|-9870.95
116|-9871.09|-9871.09
117|-9871.21|-9871.21
118|-9871.32|-9871.32
119|-9871.41|-9871.41
120|-9871.49|-9871.49
121|-9871.58|-9871.58
122|-9871.66|-9871.66
123|-9871.75|-9871.75
124|-9871.82|-9871.82
125|-9871.89|-9871.89
126|-9871.96|-9871.96
127|-9872.03|-9872.03
128|-9872.09|-9872.09
129|-9872.16|-9872.16
130|-9872.22|-9872.22
131|-9872.28|-9872.28
132|-9872.35|-9872.35
133|-9872.43|-9872.43
134|-9872.48|-9872.48
135|-9872.52|-9872.52
136|-9872.57|-9872.57
137|-9872.6|-9872.6
138|-9872.64|-9872.64
139|-9872.74|-9872.74
140|-9872.78|-9872.78
141|-9872.81|-9872.81
142|-9872.85|-9872.85
143|-9872.88|-9872.88
144|-9872.92|-9872.92
145|-9872.95|-9872.95
146|-9872.98|-9872.98
147|-9873.01|-9873.01
148|-9873.03|-9873.03
149|-9873.05|-9873.05
150|-9873.07|-9873.07
151|-9873.09|-9873.09
152|-9873.11|-9873.11
153|-9873.12|-9873.12
154|-9873.14|-9873.14
155|-9873.16|-9873.16
156|-9873.17|-9873.17
157|-9873.19|-9873.19
158|-9873.2|-9873.2
159|-9873.21|-9873.21
160|-9873.22|-9873.22
161|-9873.23|-9873.23
162|-9873.25|-9873.25
163|-9873.25|-9873.25
164|-9873.26|-9873.26
165|-9873.27|-9873.27
166|-9873.28|-9873.28
167|-9873.29|-9873.29
168|-9873.29|-9873.29
169|-9873.3|-9873.3
170|-9873.31|-9873.31
171|-9873.32|-9873.32
172|-9873.32|-9873.32
173|-9873.33|-9873.33
174|-9873.33|-9873.33
175|-9873.34|-9873.34
176|-9873.34|-9873.34
177|-9873.34|-9873.34
178|-9873.35|-9873.35
179|-9873.35|-9873.35
180|-9873.36|-9873.36
181|-9873.36|-9873.36
182|-9873.36|-9873.36
183|-9873.36|-9873.36
184|-9873.37|-9873.37
185|-9873.37|-9873.37
186|-9873.37|-9873.37
187|-9873.37|-9873.37
188|-9873.37|-9873.37
189|-9873.38|-9873.38
190|-9873.38|-9873.38
191|-9873.38|-9873.38
192|-9873.38|-9873.38
193|-9873.38|-9873.38
194|-9873.38|-9873.38
195|-9873.38|-9873.38
196|-9873.38|-9873.38
197|-9873.38|-9873.38
198|-9873.38|-9873.38
199|-9873.38|-9873.38
200|-9873.38|-9873.38
201|-9873.38|-9873.38
202|-9873.38|-9873.38
203|-9873.38|-9873.38
204|-9873.38|-9873.38
205|-9873.38|-9873.38
206|-9873.38|-9873.38
207|-9873.38|-9873.38
208|-9873.38|-9873.38
209|-9873.38|-9873.38
210|-9873.38|-9873.38
211|-9873.38|-9873.38
212|-9873.38|-9873.38
213|-9873.38|-9873.38
214|-9873.38|-9873.38
215|-9873.38|-9873.38
216|-9873.38|-9873.38
217|-9873.38|-9873.38
218|-9873.38|-9873.38
219|-9873.38|-9873.38
220|-9873.38|-9873.38
221|-9873.38|-9873.38
222|-9873.38|-9873.38
223|-9873.38|-9873.38
224|-9873.38|-9873.38
225|-9873.38|-9873.38
226|-9873.38|-9873.38
227|-9873.38|-9873.38
228|-9873.38|-9873.38
229|-9873.38|-9873.38
230|-9873.38|-9873.38
231|-9873.38|-9873.38
232|-9873.38|-9873.38
233|-9873.38|-9873.38
234|-9873.38|-9873.38
235|-9873.38|-9873.38
236|-9873.38|-9873.38
237|-9873.38|-9873.38
238|-9873.38|-9873.38
239|-9873.38|-9873.38
240|-9873.38|-9873.38
241|-9873.38|-9873.38
242|-9873.38|-9873.38
243|-9873.38|-9873.38
244|-9873.38|-9873.38
245|-9873.38|-9873.38
246|-9873.38|-9873.38
247|-9873.38|-9873.38
248|-9873.38|-9873.38
249|-9873.38|-9873.38
250|-9873.38|-9873.38
251|-9873.38|-9873.38
252|-9873.38|-9873.38
253|-9873.38|-9873.38
254|-9873.38|-9873.38
255|-9873.38|-9873.38
256|-9873.38|-9873.38
257|-9873.38|-9873.38
258|-9873.38|-9873.38
259|-9873.38|-9873.38
260|-9873.38|-9873.38
261|-9873.38|-9873.38
262|-9873.38|-9873.38
263|-9873.38|-9873.38
264|-9873.38|-9873.38
265|-9873.38|-9873.38
266|-9873.38|-9873.38
267|-9873.38|-9873.38
268|-9873.38|-9873.38
269|-9873.38|-9873.38
270|-9873.38|-9873.38
271|-9873.38|-9873.38
272|-9873.38|-9873.38
273|-9873.38|-9873.38
274|-9873.38|-9873.38
275|-9873.38|-9873.38
276|-9873.38|-9873.38
277|-9873.38|-9873.38
278|-9873.38|-9873.38
279|-9873.38|-9873.38
280|-9873.38|-9873.38
281|-9873.38|-9873.38
282|-9873.38|-9873.38
283|-9873.38|-9873.38
284|-9873.38|-9873.38
285|-9873.38|-9873.38
286|-9873.38|-9873.38
287|-9873.38|-9873.38
288|-9873.38|-9873.38
289|-9873.38|-9873.38
290|-9873.38|-9873.38
291|-9873.38|-9873.38
292|-9873.38|-9873.38
293|-9873.38|-9873.38
294|-9873.38|-9873.38
295|-9873.38|-9873.38
296|-9873.38|-9873.38
297|-9873.38|-9873.38
298|-9873.38|-9873.38
299|-9873.38|-9873.38
300|-9873.38|-9873.38
301|-9873.38|-9873.38
302|-9873.38|-9873.38
303|-9873.38|-9873.38
304|-9873.38|-9873.38
305|-9873.38|-9873.38
306|-9873.38|-9873.38
307|-9873.38|-9873.38
308|-9873.38|-9873.38
309|-9873.38|-9873.38
310|-9873.38|-9873.38
311|-9873.38|-9873.38
312|-9873.38|-9873.38
313|-9873.38|-9873.38
314|-9873.38|-9873.38
315|-9873.38|-9873.38
316|-9873.38|-9873.38
317|-9873.38|-9873.38
318|-9873.38|-9873.38
319|-9873.38|-9873.38
320|-9873.38|-9873.38
321|-9873.38|-9873.38
322|-9873.38|-9873.38
323|-9873.38|-9873.38
324|-9873.38|-9873.38
325|-9873.38|-9873.38
326|-9873.38|-9873.38
327|-9873.38|-9873.38
328|-9873.38|-9873.38
329|-9873.38|-9873.38
330|-9873.38|-9873.38
331|-9873.38|-9873.38
332|-9873.38|-9873.38
333|-9873.38|-9873.38
334|-9873.38|-9873.38
335|-9873.38|-9873.38
336|-9873.38|-9873.38
337|-9873.38|-9873.38
338|-9873.38|-9873.38
339|-9873.38|-9873.38
340|-9873.38|-9873.38
341|-9873.38|-9873.38
342|-9873.38|-9873.38
343|-9873.38|-9873.38
EARLY STOP: TARGET FOUND
5680840ms
