1|-389.96|-389.96
2|-726.467|-726.467
3|-1023.32|-1023.32
4|-1237.71|-1237.71
5|-1409.81|-1409.81
6|-1570.93|-1570.93
7|-1709.81|-1709.81
8|-1815.21|-1815.21
9|-1995.99|-1995.99
10|-2089.5|-2089.5
11|-2148.19|-2148.19
12|-2195.8|-2195.8
13|-2238.61|-2238.61
14|-2281.37|-2281.37
15|-2302.67|-2302.67
16|-2315.4|-2315.4
17|-2351.41|-2351.41
18|-2369|-2369
19|-2380.93|-2380.93
20|-2391.53|-2391.53
21|-2402.11|-2402.11
22|-2408.29|-2408.29
23|-2444.51|-2444.51
24|-2462.23|-2462.23
25|-2467.51|-2467.51
26|-2472.79|-2472.79
27|-2477.17|-2477.17
28|-2479.92|-2479.92
29|-2482.56|-2482.56
30|-2484.74|-2484.74
31|-2486.92|-2486.92
32|-2488.24|-2488.24
33|-2489.56|-2489.56
34|-2490.65|-2490.65
35|-2491.74|-2491.74
36|-2492.49|-2492.49
37|-2493.15|-2493.15
38|-2493.76|-2493.76
39|-2494.26|-2494.26
40|-2494.62|-2494.62
41|-2494.95|-2494.95
42|-2495.27|-2495.27
43|-2495.6|-2495.6
44|-2495.88|-2495.88
45|-2496.15|-2496.15
46|-2496.31|-2496.31
47|-2496.4|-2496.4
48|-2496.48|-2496.48
49|-2496.56|-2496.56
50|-2496.63|-2496.63
51|-2496.7|-2496.7
52|-2496.74|-2496.74
53|-2496.78|-2496.78
54|-2496.83|-2496.83
55|-2496.86|-2496.86
56|-2496.88|-2496.88
57|-2496.9|-2496.9
58|-2496.92|-2496.92
59|-2496.93|-2496.93
60|-2496.95|-2496.95
61|-2496.96|-2496.96
62|-2496.96|-2496.96
63|-2496.97|-2496.97
64|-2496.98|-2496.98
65|-2496.98|-2496.98
66|-2496.99|-2496.99
67|-2496.99|-2496.99
68|-2497|-2497
69|-2497|-2497
70|-2497|-2497
71|-2497|-2497
72|-2497.01|-2497.01
73|-2497.01|-2497.01
74|-2497.01|-2497.01
75|-2497.01|-2497.01
76|-2497.01|-2497.01
77|-2497.01|-2497.01
78|-2497.01|-2497.01
79|-2497.02|-2497.02
80|-2497.02|-2497.02
81|-2497.02|-2497.02
82|-2497.02|-2497.02
83|-2497.02|-2497.02
84|-2497.02|-2497.02
85|-2497.02|-2497.02
86|-2497.02|-2497.02
87|-2497.02|-2497.02
88|-2497.02|-2497.02
89|-2497.02|-2497.02
90|-2497.02|-2497.02
91|-2497.02|-2497.02
92|-2497.02|-2497.02
93|-2497.02|-2497.02
94|-2497.02|-2497.02
95|-2497.02|-2497.02
96|-2497.02|-2497.02
97|-2497.02|-2497.02
98|-2497.02|-2497.02
99|-2497.02|-2497.02
100|-2497.02|-2497.02
101|-2497.02|-2497.02
102|-2497.02|-2497.02
103|-2497.02|-2497.02
104|-2497.02|-2497.02
105|-2497.02|-2497.02
106|-2497.02|-2497.02
107|-2497.02|-2497.02
108|-2497.02|-2497.02
109|-2497.02|-2497.02
110|-2497.02|-2497.02
111|-2497.02|-2497.02
112|-2497.02|-2497.02
113|-2497.02|-2497.02
114|-2497.02|-2497.02
115|-2497.02|-2497.02
116|-2497.02|-2497.02
117|-2497.02|-2497.02
118|-2497.02|-2497.02
119|-2497.02|-2497.02
120|-2497.02|-2497.02
121|-2497.02|-2497.02
122|-2497.02|-2497.02
123|-2497.02|-2497.02
124|-2497.02|-2497.02
125|-2497.02|-2497.02
126|-2497.02|-2497.02
127|-2497.02|-2497.02
128|-2497.02|-2497.02
129|-2497.02|-2497.02
130|-2497.02|-2497.02
131|-2497.02|-2497.02
132|-2497.02|-2497.02
133|-2497.02|-2497.02
134|-2497.02|-2497.02
135|-2497.02|-2497.02
136|-2497.02|-2497.02
137|-2497.02|-2497.02
138|-2497.02|-2497.02
139|-2497.02|-2497.02
140|-2497.02|-2497.02
141|-2497.02|-2497.02
142|-2497.02|-2497.02
143|-2497.02|-2497.02
144|-2497.02|-2497.02
145|-2497.02|-2497.02
146|-2497.02|-2497.02
147|-2497.02|-2497.02
148|-2497.02|-2497.02
149|-2497.02|-2497.02
150|-2497.02|-2497.02
151|-2497.02|-2497.02
152|-2497.02|-2497.02
153|-2497.02|-2497.02
154|-2497.02|-2497.02
155|-2497.02|-2497.02
156|-2497.02|-2497.02
157|-2497.02|-2497.02
158|-2497.02|-2497.02
159|-2497.02|-2497.02
160|-2497.02|-2497.02
161|-2497.02|-2497.02
162|-2497.02|-2497.02
163|-2497.02|-2497.02
164|-2497.02|-2497.02
165|-2497.02|-2497.02
166|-2497.02|-2497.02
167|-2497.02|-2497.02
168|-2497.02|-2497.02
169|-2497.02|-2497.02
170|-2497.02|-2497.02
171|-2497.02|-2497.02
172|-2497.02|-2497.02
173|-2497.02|-2497.02
174|-2497.02|-2497.02
175|-2497.02|-2497.02
176|-2497.02|-2497.02
177|-2497.02|-2497.02
178|-2497.02|-2497.02
179|-2497.02|-2497.02
180|-2497.02|-2497.02
181|-2497.02|-2497.02
182|-2497.02|-2497.02
183|-2497.02|-2497.02
184|-2497.02|-2497.02
185|-2497.02|-2497.02
186|-2497.02|-2497.02
187|-2497.02|-2497.02
188|-2497.02|-2497.02
189|-2497.02|-2497.02
190|-2497.02|-2497.02
191|-2497.02|-2497.02
192|-2497.02|-2497.02
193|-2497.02|-2497.02
194|-2497.02|-2497.02
195|-2497.02|-2497.02
196|-2497.02|-2497.02
197|-2497.02|-2497.02
198|-2497.02|-2497.02
199|-2497.02|-2497.02
200|-2497.02|-2497.02
201|-2497.02|-2497.02
202|-2497.02|-2497.02
203|-2497.02|-2497.02
204|-2497.02|-2497.02
205|-2497.02|-2497.02
206|-2497.02|-2497.02
207|-2497.02|-2497.02
208|-2497.02|-2497.02
209|-2497.02|-2497.02
210|-2497.02|-2497.02
211|-2497.02|-2497.02
212|-2497.02|-2497.02
213|-2497.02|-2497.02
214|-2497.02|-2497.02
215|-2497.02|-2497.02
216|-2497.02|-2497.02
217|-2497.02|-2497.02
218|-2497.02|-2497.02
219|-2497.02|-2497.02
220|-2497.02|-2497.02
221|-2497.02|-2497.02
222|-2497.02|-2497.02
223|-2497.02|-2497.02
224|-2497.02|-2497.02
225|-2497.02|-2497.02
226|-2497.02|-2497.02
227|-2497.02|-2497.02
228|-2497.02|-2497.02
229|-2497.02|-2497.02
230|-2497.02|-2497.02
231|-2497.02|-2497.02
232|-2497.02|-2497.02
233|-2497.02|-2497.02
234|-2497.02|-2497.02
235|-2497.02|-2497.02
236|-2497.02|-2497.02
EARLY STOP: TARGET FOUND
472956ms
