1|579|579
2|543.257|543.257
3|510.338|510.338
4|479.627|479.627
5|451.854|451.854
6|426.009|426.009
7|401.561|401.561
8|377.952|377.952
9|358.891|358.891
10|339.841|339.841
11|322.796|322.796
12|305.754|305.754
13|288.909|288.909
14|272.172|272.172
15|255.849|255.849
16|240.404|240.404
17|225.175|225.175
18|211.478|211.478
19|199.369|199.369
20|187.443|187.443
21|176.725|176.725
22|166.597|166.597
23|157.273|157.273
24|148.467|148.467
25|139.89|139.89
26|131.493|131.493
27|124.593|124.593
28|117.993|117.993
29|113.083|113.083
30|108.889|108.889
31|104.846|104.846
32|101.618|101.618
33|98.7488|98.7488
34|96.1086|96.1086
35|93.6096|93.6096
36|91.9175|91.9175
37|90.2921|90.2921
38|88.668|88.668
39|87.0789|87.0789
40|85.5469|85.5469
41|84.0898|84.0898
42|82.6614|82.6614
43|81.3134|81.3134
44|79.9989|79.9989
45|79.1595|79.1595
46|78.3329|78.3329
47|77.6096|77.6096
48|76.9277|76.9277
49|76.2971|76.2971
50|75.6869|75.6869
51|75.1984|75.1984
52|74.712|74.712
53|74.2629|74.2629
54|73.8518|73.8518
55|73.5519|73.5519
56|73.2599|73.2599
57|73.0293|73.0293
58|72.8309|72.8309
59|72.6428|72.6428
60|72.4552|72.4552
61|72.2955|72.2955
62|72.153|72.153
63|72.0116|72.0116
64|71.8714|71.8714
65|71.7342|71.7342
66|71.5975|71.5975
67|71.4681|71.4681
68|71.3793|71.3793
69|71.2979|71.2979
70|71.2179|71.2179
71|71.1383|71.1383
72|71.0703|71.0703
73|71.0026|71.0026
74|70.9351|70.9351
75|70.8787|70.8787
76|70.8228|70.8228
77|70.7857|70.7857
78|70.7493|70.7493
79|70.7131|70.7131
80|70.6787|70.6787
81|70.6451|70.6451
82|70.6114|70.6114
83|70.5787|70.5787
84|70.5481|70.5481
85|70.5241|70.5241
86|70.5035|70.5035
87|70.4858|70.4858
88|70.4681|70.4681
89|70.4514|70.4514
90|70.4348|70.4348
91|70.4182|70.4182
92|70.4048|70.4048
93|70.3923|70.3923
94|70.3804|70.3804
95|70.3698|70.3698
96|70.3553|70.3553
97|70.3463|70.3463
98|70.3376|70.3376
99|70.3289|70.3289
100|70.3206|70.3206
101|70.3123|70.3123
102|70.304|70.304
103|70.2957|70.2957
104|70.2874|70.2874
105|70.2794|70.2794
106|70.2718|70.2718
107|70.2641|70.2641
108|70.257|70.257
109|70.2518|70.2518
110|70.2475|70.2475
111|70.2431|70.2431
112|70.239|70.239
113|70.2349|70.2349
114|70.2307|70.2307
115|70.2274|70.2274
116|70.2242|70.2242
117|70.2211|70.2211
118|70.2181|70.2181
119|70.2152|70.2152
120|70.2126|70.2126
121|70.2102|70.2102
122|70.2079|70.2079
123|70.2058|70.2058
124|70.2036|70.2036
125|70.2016|70.2016
126|70.1995|70.1995
127|70.1974|70.1974
128|70.1954|70.1954
129|70.1933|70.1933
130|70.1913|70.1913
131|70.1898|70.1898
132|70.1884|70.1884
133|70.187|70.187
134|70.186|70.186
135|70.1849|70.1849
136|70.1839|70.1839
137|70.1829|70.1829
138|70.1821|70.1821
139|70.1814|70.1814
140|70.1808|70.1808
141|70.1801|70.1801
142|70.1795|70.1795
143|70.1788|70.1788
144|70.1783|70.1783
145|70.1777|70.1777
146|70.1772|70.1772
147|70.1769|70.1769
148|70.1765|70.1765
149|70.1762|70.1762
150|70.1759|70.1759
151|70.1755|70.1755
152|70.1752|70.1752
153|70.1749|70.1749
154|70.1747|70.1747
155|70.1744|70.1744
156|70.1741|70.1741
157|70.1739|70.1739
158|70.1736|70.1736
159|70.1734|70.1734
160|70.1732|70.1732
161|70.173|70.173
162|70.1728|70.1728
163|70.1726|70.1726
164|70.1725|70.1725
165|70.1724|70.1724
166|70.1723|70.1723
167|70.1723|70.1723
168|70.1722|70.1722
169|70.1721|70.1721
170|70.1721|70.1721
171|70.172|70.172
172|70.172|70.172
173|70.1719|70.1719
174|70.1719|70.1719
175|70.1718|70.1718
176|70.1718|70.1718
177|70.1718|70.1718
178|70.1718|70.1718
179|70.1717|70.1717
180|70.1717|70.1717
181|70.1717|70.1717
182|70.1717|70.1717
183|70.1717|70.1717
184|70.1717|70.1717
185|70.1717|70.1717
186|70.1717|70.1717
187|70.1717|70.1717
188|70.1717|70.1717
189|70.1717|70.1717
190|70.1717|70.1717
191|70.1717|70.1717
192|70.1717|70.1717
193|70.1717|70.1717
194|70.1717|70.1717
195|70.1717|70.1717
196|70.1717|70.1717
197|70.1717|70.1717
198|70.1717|70.1717
199|70.1717|70.1717
200|70.1717|70.1717
201|70.1717|70.1717
202|70.1717|70.1717
203|70.1717|70.1717
204|70.1717|70.1717
205|70.1717|70.1717
206|70.1717|70.1717
207|70.1717|70.1717
208|70.1717|70.1717
209|70.1717|70.1717
210|70.1717|70.1717
211|70.1717|70.1717
212|70.1717|70.1717
213|70.1717|70.1717
214|70.1717|70.1717
215|70.1717|70.1717
216|70.1717|70.1717
217|70.1717|70.1717
218|70.1717|70.1717
219|70.1717|70.1717
220|70.1717|70.1717
221|70.1717|70.1717
222|70.1717|70.1717
223|70.1717|70.1717
224|70.1717|70.1717
225|70.1717|70.1717
226|70.1717|70.1717
227|70.1717|70.1717
228|70.1717|70.1717
229|70.1717|70.1717
230|70.1717|70.1717
231|70.1717|70.1717
232|70.1717|70.1717
233|70.1717|70.1717
234|70.1717|70.1717
235|70.1717|70.1717
236|70.1717|70.1717
237|70.1717|70.1717
238|70.1717|70.1717
239|70.1717|70.1717
240|70.1717|70.1717
241|70.1717|70.1717
242|70.1717|70.1717
243|70.1717|70.1717
244|70.1717|70.1717
245|70.1717|70.1717
246|70.1717|70.1717
247|70.1717|70.1717
248|70.1717|70.1717
249|70.1717|70.1717
250|70.1717|70.1717
251|70.1717|70.1717
252|70.1717|70.1717
253|70.1717|70.1717
254|70.1717|70.1717
255|70.1717|70.1717
256|70.1717|70.1717
257|70.1717|70.1717
258|70.1717|70.1717
259|70.1717|70.1717
260|70.1717|70.1717
261|70.1717|70.1717
262|70.1717|70.1717
263|70.1717|70.1717
264|70.1717|70.1717
265|70.1717|70.1717
266|70.1717|70.1717
267|70.1717|70.1717
268|70.1717|70.1717
269|70.1717|70.1717
270|70.1717|70.1717
271|70.1717|70.1717
272|70.1717|70.1717
273|70.1717|70.1717
274|70.1717|70.1717
275|70.1717|70.1717
276|70.1717|70.1717
277|70.1717|70.1717
278|70.1717|70.1717
279|70.1717|70.1717
280|70.1717|70.1717
281|70.1717|70.1717
282|70.1717|70.1717
283|70.1717|70.1717
284|70.1717|70.1717
285|70.1717|70.1717
286|70.1717|70.1717
287|70.1717|70.1717
288|70.1717|70.1717
289|70.1717|70.1717
290|70.1717|70.1717
291|70.1717|70.1717
292|70.1717|70.1717
293|70.1717|70.1717
294|70.1717|70.1717
295|70.1717|70.1717
296|70.1717|70.1717
297|70.1717|70.1717
298|70.1717|70.1717
299|70.1717|70.1717
300|70.1717|70.1717
301|70.1717|70.1717
302|70.1717|70.1717
303|70.1717|70.1717
304|70.1717|70.1717
305|70.1717|70.1717
306|70.1717|70.1717
307|70.1717|70.1717
308|70.1717|70.1717
309|70.1717|70.1717
310|70.1717|70.1717
311|70.1717|70.1717
312|70.1717|70.1717
313|70.1717|70.1717
314|70.1717|70.1717
315|70.1717|70.1717
316|70.1717|70.1717
317|70.1717|70.1717
318|70.1717|70.1717
319|70.1717|70.1717
320|70.1717|70.1717
321|70.1717|70.1717
322|70.1717|70.1717
323|70.1717|70.1717
324|70.1717|70.1717
325|70.1717|70.1717
326|70.1717|70.1717
327|70.1717|70.1717
328|70.1717|70.1717
329|70.1717|70.1717
330|70.1717|70.1717
331|70.1717|70.1717
332|70.1717|70.1717
333|70.1717|70.1717
334|70.1717|70.1717
335|70.1717|70.1717
EARLY STOP: TARGET FOUND
3854652ms
