1|-1.1997|-1.1997
2|-1.59295|-1.59295
3|-1.9119|-1.9119
4|-2.09473|-2.09473
5|-2.27585|-2.27585
6|-2.36758|-2.36758
7|-2.39004|-2.39004
8|-2.40182|-2.40182
9|-2.41042|-2.41042
10|-3.02248|-3.02248
11|-3.40011|-3.40011
12|-3.40567|-3.40567
13|-3.40953|-3.40953
14|-3.87723|-3.87723
15|-4.19299|-4.19299
16|-4.20226|-4.20226
17|-4.20505|-4.20505
18|-4.20782|-4.20782
19|-4.20952|-4.20952
20|-4.21062|-4.21062
21|-4.21156|-4.21156
22|-4.21191|-4.21191
23|-4.21225|-4.21225
24|-4.21243|-4.21243
25|-4.21251|-4.21251
26|-4.21254|-4.21254
27|-4.21255|-4.21255
28|-4.21256|-4.21256
29|-4.21257|-4.21257
30|-4.21257|-4.21257
31|-4.21257|-4.21257
32|-4.21257|-4.21257
33|-4.21257|-4.21257
34|-4.21258|-4.21258
35|-4.21258|-4.21258
36|-4.21258|-4.21258
37|-4.21258|-4.21258
38|-4.21258|-4.21258
39|-4.21258|-4.21258
40|-4.21258|-4.21258
41|-4.21258|-4.21258
42|-4.21258|-4.21258
43|-4.21258|-4.21258
44|-4.21258|-4.21258
45|-4.21258|-4.21258
46|-4.21258|-4.21258
47|-4.21258|-4.21258
48|-4.21258|-4.21258
49|-4.21258|-4.21258
50|-4.21258|-4.21258
51|-4.21258|-4.21258
52|-4.21258|-4.21258
53|-4.21258|-4.21258
54|-4.21258|-4.21258
55|-4.21258|-4.21258
56|-4.21258|-4.21258
57|-4.21258|-4.21258
58|-4.21258|-4.21258
59|-4.21258|-4.21258
60|-4.21258|-4.21258
61|-4.21258|-4.21258
62|-4.21258|-4.21258
63|-4.21258|-4.21258
64|-4.21258|-4.21258
65|-4.21258|-4.21258
66|-4.21258|-4.21258
67|-4.21258|-4.21258
68|-4.21258|-4.21258
69|-4.21258|-4.21258
70|-4.21258|-4.21258
71|-4.21258|-4.21258
72|-4.21258|-4.21258
73|-4.21258|-4.21258
74|-4.21258|-4.21258
75|-4.21258|-4.21258
76|-4.21258|-4.21258
77|-4.21258|-4.21258
78|-4.21258|-4.21258
79|-4.21258|-4.21258
80|-4.21258|-4.21258
81|-4.21258|-4.21258
82|-4.21258|-4.21258
83|-4.21258|-4.21258
84|-4.21258|-4.21258
85|-4.21258|-4.21258
86|-4.21258|-4.21258
87|-4.21258|-4.21258
88|-4.21258|-4.21258
89|-4.21258|-4.21258
90|-4.21258|-4.21258
91|-4.21258|-4.21258
92|-4.21258|-4.21258
93|-4.21258|-4.21258
94|-4.21258|-4.21258
95|-4.21258|-4.21258
96|-4.21258|-4.21258
97|-4.21258|-4.21258
98|-4.21258|-4.21258
99|-4.21258|-4.21258
100|-4.21258|-4.21258
101|-4.21258|-4.21258
102|-4.21258|-4.21258
103|-4.21258|-4.21258
104|-4.21258|-4.21258
105|-4.21258|-4.21258
106|-4.21258|-4.21258
107|-4.21258|-4.21258
108|-4.21258|-4.21258
109|-4.21258|-4.21258
110|-4.21258|-4.21258
111|-4.21258|-4.21258
112|-4.21258|-4.21258
113|-4.21258|-4.21258
114|-4.21258|-4.21258
115|-4.21258|-4.21258
116|-4.21258|-4.21258
117|-4.21258|-4.21258
118|-4.21258|-4.21258
119|-4.21258|-4.21258
120|-4.21258|-4.21258
121|-4.21258|-4.21258
122|-4.21258|-4.21258
123|-4.21258|-4.21258
124|-4.21258|-4.21258
125|-4.21258|-4.21258
126|-4.21258|-4.21258
127|-4.21258|-4.21258
128|-4.21258|-4.21258
129|-4.21258|-4.21258
130|-4.21258|-4.21258
131|-4.21258|-4.21258
132|-4.21258|-4.21258
133|-4.21258|-4.21258
134|-4.21258|-4.21258
135|-4.21258|-4.21258
136|-4.21258|-4.21258
137|-4.21258|-4.21258
138|-4.21258|-4.21258
139|-4.21258|-4.21258
140|-4.21258|-4.21258
141|-4.21258|-4.21258
142|-4.21258|-4.21258
143|-4.21258|-4.21258
144|-4.21258|-4.21258
145|-4.21258|-4.21258
146|-4.21258|-4.21258
147|-4.21258|-4.21258
148|-4.21258|-4.21258
149|-4.21258|-4.21258
150|-4.21258|-4.21258
151|-4.21258|-4.21258
152|-4.21258|-4.21258
153|-4.21258|-4.21258
154|-4.21258|-4.21258
155|-4.21258|-4.21258
156|-4.21258|-4.21258
157|-4.21258|-4.21258
158|-4.21258|-4.21258
159|-4.21258|-4.21258
160|-4.21258|-4.21258
161|-4.21258|-4.21258
162|-4.21258|-4.21258
163|-4.21258|-4.21258
164|-4.21258|-4.21258
165|-4.21258|-4.21258
166|-4.21258|-4.21258
167|-4.21258|-4.21258
168|-4.21258|-4.21258
169|-4.21258|-4.21258
170|-4.21258|-4.21258
171|-4.21258|-4.21258
172|-4.21258|-4.21258
173|-4.21258|-4.21258
174|-4.21258|-4.21258
175|-4.21258|-4.21258
176|-4.21258|-4.21258
177|-4.21258|-4.21258
178|-4.21258|-4.21258
179|-4.21258|-4.21258
180|-4.21258|-4.21258
181|-4.21258|-4.21258
182|-4.21258|-4.21258
183|-4.21258|-4.21258
184|-4.21258|-4.21258
185|-4.21258|-4.21258
EARLY STOP: TARGET FOUND
70807ms
