1|260.458|260.458
2|234.908|234.908
3|210.105|210.105
4|187.661|187.661
5|165.736|165.736
6|144.291|144.291
7|124.208|124.208
8|107.957|107.957
9|94.0672|94.0672
10|81.5928|81.5928
11|71.1009|71.1009
12|61.0223|61.0223
13|52.1193|52.1193
14|43.6928|43.6928
15|35.6516|35.6516
16|31.0807|31.0807
17|26.9169|26.9169
18|23.8283|23.8283
19|20.8895|20.8895
20|18.4819|18.4819
21|16.2344|16.2344
22|14.2015|14.2015
23|12.9834|12.9834
24|11.7699|11.7699
25|10.6389|10.6389
26|9.56835|9.56835
27|8.51169|8.51169
28|7.65858|7.65858
29|6.82279|6.82279
30|6.24783|6.24783
31|5.71051|5.71051
32|5.23886|5.23886
33|4.77397|4.77397
34|4.47212|4.47212
35|4.17261|4.17261
36|3.89162|3.89162
37|3.61082|3.61082
38|3.35068|3.35068
39|3.09238|3.09238
40|2.86428|2.86428
41|2.64159|2.64159
42|2.42046|2.42046
43|2.22472|2.22472
44|2.03345|2.03345
45|1.84864|1.84864
46|1.6665|1.6665
47|1.50084|1.50084
48|1.36757|1.36757
49|1.23586|1.23586
50|1.1165|1.1165
51|1.00581|1.00581
52|0.931684|0.931684
53|0.858729|0.858729
54|0.78818|0.78818
55|0.720803|0.720803
56|0.657105|0.657105
57|0.593506|0.593506
58|0.540236|0.540236
59|0.487888|0.487888
60|0.437342|0.437342
61|0.400094|0.400094
62|0.365548|0.365548
63|0.331784|0.331784
64|0.299551|0.299551
65|0.281294|0.281294
66|0.263432|0.263432
67|0.246155|0.246155
68|0.22922|0.22922
69|0.213146|0.213146
70|0.197328|0.197328
71|0.181685|0.181685
72|0.167196|0.167196
73|0.152927|0.152927
74|0.138724|0.138724
75|0.125189|0.125189
76|0.11254|0.11254
77|0.0999407|0.0999407
78|0.0903758|0.0903758
79|0.0809609|0.0809609
80|0.0735258|0.0735258
81|0.0665515|0.0665515
82|0.0619152|0.0619152
83|0.0575867|0.0575867
84|0.0534558|0.0534558
85|0.0496171|0.0496171
86|0.0459495|0.0459495
87|0.0423554|0.0423554
88|0.0391183|0.0391183
89|0.0360093|0.0360093
90|0.0329878|0.0329878
91|0.0305437|0.0305437
92|0.0282089|0.0282089
93|0.0259077|0.0259077
94|0.02363|0.02363
95|0.021371|0.021371
96|0.0193073|0.0193073
97|0.0173397|0.0173397
98|0.0154839|0.0154839
99|0.0143216|0.0143216
100|0.0131718|0.0131718
101|0.0120536|0.0120536
102|0.0109975|0.0109975
103|0.0100333|0.0100333
104|0.00916784|0.00916784
EARLY STOP: TARGET FOUND
1182964ms
