1|-3.49869|-3.49869
2|-4.42556|-4.42556
3|-5.32822|-5.32822
4|-6.22808|-6.22808
5|-7.11067|-7.11067
6|-7.9774|-7.9774
7|-8.80842|-8.80842
8|-9.63165|-9.63165
9|-10.377|-10.377
10|-11.0738|-11.0738
11|-11.7205|-11.7205
12|-12.3179|-12.3179
13|-12.8974|-12.8974
14|-13.4626|-13.4626
15|-13.9398|-13.9398
16|-14.4075|-14.4075
17|-14.8612|-14.8612
18|-15.2761|-15.2761
19|-15.6867|-15.6867
20|-16.072|-16.072
21|-16.4205|-16.4205
22|-16.7614|-16.7614
23|-17.0811|-17.0811
24|-17.3221|-17.3221
25|-17.5592|-17.5592
26|-17.7244|-17.7244
27|-18.5488|-18.5488
28|-18.7036|-18.7036
29|-19.0273|-19.0273
30|-19.1677|-19.1677
31|-19.3772|-19.3772
32|-19.6803|-19.6803
33|-19.9077|-19.9077
34|-20.041|-20.041
35|-20.1692|-20.1692
36|-20.7717|-20.7717
37|-20.8965|-20.8965
38|-21.0486|-21.0486
39|-21.1617|-21.1617
40|-21.271|-21.271
41|-21.3591|-21.3591
42|-21.4465|-21.4465
43|-21.5314|-21.5314
44|-21.6107|-21.6107
45|-21.6823|-21.6823
46|-21.7512|-21.7512
47|-21.8163|-21.8163
48|-22.1722|-22.1722
49|-22.3055|-22.3055
50|-22.3682|-22.3682
51|-22.4306|-22.4306
52|-22.4794|-22.4794
53|-22.5181|-22.5181
54|-22.5508|-22.5508
55|-22.5833|-22.5833
56|-22.6107|-22.6107
57|-22.6381|-22.6381
58|-22.6633|-22.6633
59|-22.6876|-22.6876
60|-22.7116|-22.7116
61|-22.7356|-22.7356
62|-22.7595|-22.7595
63|-22.7813|-22.7813
64|-22.8008|-22.8008
65|-22.8184|-22.8184
66|-22.8353|-22.8353
67|-22.8519|-22.8519
68|-22.8664|-22.8664
69|-22.8784|-22.8784
70|-22.8872|-22.8872
71|-22.8957|-22.8957
72|-22.904|-22.904
73|-22.912|-22.912
74|-22.9196|-22.9196
75|-22.9267|-22.9267
76|-22.9337|-22.9337
77|-22.94|-22.94
78|-22.9458|-22.9458
79|-22.9502|-22.9502
80|-22.9543|-22.9543
81|-22.958|-22.958
82|-22.9615|-22.9615
83|-22.9649|-22.9649
84|-22.9682|-22.9682
85|-22.9712|-22.9712
86|-22.9738|-22.9738
87|-22.9759|-22.9759
88|-22.9779|-22.9779
89|-22.9798|-22.9798
90|-22.9817|-22.9817
91|-22.9834|-22.9834
92|-22.9851|-22.9851
93|-22.9868|-22.9868
94|-22.9883|-22.9883
95|-22.9898|-22.9898
96|-22.9912|-22.9912
97|-22.9926|-22.9926
98|-22.9937|-22.9937
99|-22.9947|-22.9947
100|-22.9957|-22.9957
101|-22.9967|-22.9967
102|-22.9976|-22.9976
103|-22.9985|-22.9985
104|-22.9993|-22.9993
105|-23|-23
106|-23.0007|-23.0007
107|-23.0013|-23.0013
108|-23.002|-23.002
109|-23.0026|-23.0026
110|-23.0032|-23.0032
111|-23.0037|-23.0037
112|-23.0042|-23.0042
113|-23.0047|-23.0047
114|-23.0051|-23.0051
115|-23.0055|-23.0055
116|-23.0059|-23.0059
117|-23.0062|-23.0062
118|-23.0066|-23.0066
119|-23.0069|-23.0069
120|-23.0072|-23.0072
121|-23.0074|-23.0074
122|-23.0077|-23.0077
123|-23.0079|-23.0079
124|-23.0081|-23.0081
125|-23.0083|-23.0083
126|-23.0085|-23.0085
127|-23.0087|-23.0087
128|-23.0088|-23.0088
129|-23.009|-23.009
130|-23.0091|-23.0091
131|-23.0093|-23.0093
132|-23.0094|-23.0094
133|-23.0095|-23.0095
134|-23.0096|-23.0096
135|-23.0097|-23.0097
136|-23.0098|-23.0098
137|-23.0099|-23.0099
138|-23.01|-23.01
139|-23.01|-23.01
140|-23.0101|-23.0101
141|-23.0102|-23.0102
142|-23.0102|-23.0102
143|-23.0103|-23.0103
144|-23.0103|-23.0103
145|-23.0104|-23.0104
146|-23.0104|-23.0104
147|-23.0104|-23.0104
148|-23.0105|-23.0105
149|-23.0105|-23.0105
150|-23.0105|-23.0105
151|-23.0105|-23.0105
152|-23.0106|-23.0106
153|-23.0106|-23.0106
154|-23.0106|-23.0106
155|-23.0106|-23.0106
156|-23.0106|-23.0106
157|-23.0106|-23.0106
158|-23.0106|-23.0106
159|-23.0107|-23.0107
160|-23.0107|-23.0107
161|-23.0107|-23.0107
162|-23.0107|-23.0107
163|-23.0107|-23.0107
164|-23.0107|-23.0107
165|-23.0107|-23.0107
166|-23.0107|-23.0107
167|-23.0107|-23.0107
168|-23.0107|-23.0107
169|-23.0107|-23.0107
170|-23.0107|-23.0107
171|-23.0107|-23.0107
172|-23.0107|-23.0107
173|-23.0107|-23.0107
174|-23.0107|-23.0107
175|-23.0107|-23.0107
176|-23.0107|-23.0107
177|-23.0107|-23.0107
178|-23.0107|-23.0107
179|-23.0107|-23.0107
180|-23.0107|-23.0107
181|-23.0107|-23.0107
182|-23.0107|-23.0107
183|-23.0107|-23.0107
184|-23.0107|-23.0107
185|-23.0107|-23.0107
186|-23.0107|-23.0107
187|-23.0107|-23.0107
188|-23.0107|-23.0107
189|-23.0107|-23.0107
190|-23.0107|-23.0107
191|-23.0107|-23.0107
192|-23.0107|-23.0107
193|-23.0107|-23.0107
194|-23.0107|-23.0107
195|-23.0107|-23.0107
196|-23.0107|-23.0107
197|-23.0107|-23.0107
198|-23.0107|-23.0107
199|-23.0107|-23.0107
200|-23.0107|-23.0107
201|-23.0107|-23.0107
202|-23.0107|-23.0107
203|-23.0107|-23.0107
204|-23.0107|-23.0107
205|-23.0107|-23.0107
206|-23.0107|-23.0107
207|-23.0107|-23.0107
208|-23.0107|-23.0107
209|-23.0107|-23.0107
210|-23.0107|-23.0107
211|-23.0107|-23.0107
212|-23.0107|-23.0107
213|-23.0107|-23.0107
214|-23.0107|-23.0107
215|-23.0107|-23.0107
216|-23.0107|-23.0107
217|-23.0107|-23.0107
218|-23.0107|-23.0107
219|-23.0107|-23.0107
220|-23.0107|-23.0107
221|-23.0107|-23.0107
222|-23.0107|-23.0107
223|-23.0107|-23.0107
224|-23.0107|-23.0107
225|-23.0107|-23.0107
226|-23.0107|-23.0107
227|-23.0107|-23.0107
228|-23.0107|-23.0107
229|-23.0107|-23.0107
230|-23.0107|-23.0107
231|-23.0107|-23.0107
232|-23.0107|-23.0107
233|-23.0107|-23.0107
234|-23.0107|-23.0107
235|-23.0107|-23.0107
236|-23.0107|-23.0107
237|-23.0107|-23.0107
238|-23.0107|-23.0107
239|-23.0107|-23.0107
240|-23.0107|-23.0107
241|-23.0107|-23.0107
242|-23.0107|-23.0107
243|-23.0107|-23.0107
244|-23.0107|-23.0107
245|-23.0107|-23.0107
246|-23.0107|-23.0107
247|-23.0107|-23.0107
248|-23.0107|-23.0107
249|-23.0107|-23.0107
250|-23.0107|-23.0107
251|-23.0107|-23.0107
252|-23.0107|-23.0107
253|-23.0107|-23.0107
254|-23.0107|-23.0107
255|-23.0107|-23.0107
256|-23.0107|-23.0107
257|-23.0107|-23.0107
258|-23.0107|-23.0107
259|-23.0107|-23.0107
260|-23.0107|-23.0107
261|-23.0107|-23.0107
262|-23.0107|-23.0107
263|-23.0107|-23.0107
264|-23.0107|-23.0107
265|-23.0107|-23.0107
266|-23.0107|-23.0107
267|-23.0107|-23.0107
268|-23.0107|-23.0107
269|-23.0107|-23.0107
270|-23.0107|-23.0107
271|-23.0107|-23.0107
272|-23.0107|-23.0107
273|-23.0107|-23.0107
274|-23.0107|-23.0107
275|-23.0107|-23.0107
276|-23.0107|-23.0107
277|-23.0107|-23.0107
278|-23.0107|-23.0107
279|-23.0107|-23.0107
280|-23.0107|-23.0107
281|-23.0107|-23.0107
282|-23.0107|-23.0107
283|-23.0107|-23.0107
284|-23.0107|-23.0107
285|-23.0107|-23.0107
286|-23.0107|-23.0107
287|-23.0107|-23.0107
288|-23.0107|-23.0107
289|-23.0107|-23.0107
290|-23.0107|-23.0107
291|-23.0107|-23.0107
292|-23.0107|-23.0107
293|-23.0107|-23.0107
294|-23.0107|-23.0107
295|-23.0107|-23.0107
296|-23.0107|-23.0107
297|-23.0107|-23.0107
298|-23.0107|-23.0107
299|-23.0107|-23.0107
300|-23.0107|-23.0107
301|-23.0107|-23.0107
302|-23.0107|-23.0107
303|-23.0107|-23.0107
304|-23.0107|-23.0107
305|-23.0107|-23.0107
306|-23.0107|-23.0107
307|-23.0107|-23.0107
308|-23.0107|-23.0107
309|-23.0107|-23.0107
310|-23.0107|-23.0107
311|-23.0107|-23.0107
312|-23.0107|-23.0107
313|-23.0107|-23.0107
314|-23.0107|-23.0107
315|-23.0107|-23.0107
316|-23.0107|-23.0107
317|-23.0107|-23.0107
318|-23.0107|-23.0107
319|-23.0107|-23.0107
EARLY STOP: TARGET FOUND
3623666ms
