1|29.9496|29.9496
2|29.0615|29.0615
3|28.9246|28.9246
4|28.9219|28.9219
5|28.9217|28.9217
6|28.9217|28.9217
7|28.9217|28.9217
8|24.4618|24.4618
9|23.4607|23.4607
10|23.2673|23.2673
11|23.251|23.251
12|23.2476|23.2476
13|23.2471|23.2471
14|23.2471|23.2471
15|23.2471|23.2471
16|23.2471|23.2471
17|20.6995|20.6995
18|20.5746|20.5746
19|20.5736|20.5736
20|20.5734|20.5734
21|20.5733|20.5733
22|7.79447|7.79447
23|6.07398|6.07398
24|6.0731|6.0731
25|6.07296|6.07296
26|6.07296|6.07296
27|6.07296|6.07296
28|5.15171|5.15171
29|4.99829|4.99829
30|4.99351|4.99351
31|4.99232|4.99232
32|4.99203|4.99203
33|4.99203|4.99203
34|4.99195|4.99195
35|4.99194|4.99194
36|4.99193|4.99193
37|4.99193|4.99193
38|4.99193|4.99193
39|4.9654|4.9654
40|4.96539|4.96539
41|2.79955|2.79955
42|2.79955|2.79955
43|2.75922|2.75922
44|2.75713|2.75713
45|2.75713|2.75713
46|2.7571|2.7571
47|2.7571|2.7571
48|1.56858|1.56858
49|1.56858|1.56858
50|1.56858|1.56858
51|1.28152|1.28152
52|1.21479|1.21479
53|1.20062|1.20062
54|1.20062|1.20062
55|1.19834|1.19834
56|1.19828|1.19828
57|1.19827|1.19827
58|1.19827|1.19827
59|1.19827|1.19827
60|1.19827|1.19827
61|1.15355|1.15355
62|1.15037|1.15037
63|1.15007|1.15007
64|1.15007|1.15007
65|1.15|1.15
66|1.14998|1.14998
67|1.14998|1.14998
68|1.14998|1.14998
69|1.14998|1.14998
70|0.186943|0.186943
71|0.0126267|0.0126267
72|0.0126267|0.0126267
73|0.0126267|0.0126267
74|0.0126267|0.0126267
75|0.0126267|0.0126267
76|0.0126266|0.0126266
77|0.0126266|0.0126266
78|0.0126266|0.0126266
79|0.0010477|0.0010477
EARLY STOP: TARGET FOUND
51161ms
