1|30.138|30.138
2|30.0121|30.0121
3|30.011|30.011
4|30.0108|30.0108
5|30.0107|30.0107
6|30.0107|30.0107
7|4.54541|4.54541
8|4.54116|4.54116
9|4.54116|4.54116
10|4.54023|4.54023
11|4.54023|4.54023
12|4.54007|4.54007
13|4.54006|4.54006
14|4.54006|4.54006
15|3.76459|3.76459
16|3.69872|3.69872
17|3.68499|3.68499
18|3.68292|3.68292
19|3.68289|3.68289
20|3.68288|3.68288
21|3.61942|3.61942
22|3.60689|3.60689
23|3.60576|3.60576
24|3.60576|3.60576
25|3.60549|3.60549
26|3.60544|3.60544
27|3.60543|3.60543
28|3.60543|3.60543
29|3.60543|3.60543
30|0.382907|0.382907
31|0.089278|0.089278
32|0.089278|0.089278
33|0.0192638|0.0192638
34|0.0192638|0.0192638
35|0.0192638|0.0192638
36|0.00345674|0.00345674
EARLY STOP: TARGET FOUND
6418ms
