1|271.684|271.684
2|216.589|216.589
3|-66.432|-66.432
4|-127.696|-127.696
5|-214.404|-214.404
6|-215.929|-215.929
7|-216.33|-216.33
8|-216.363|-216.363
9|-216.378|-216.378
10|-216.385|-216.385
11|-216.389|-216.389
12|-216.389|-216.389
13|-216.39|-216.39
14|-216.39|-216.39
15|-216.39|-216.39
16|-259.49|-259.49
17|-585.605|-585.605
18|-756.958|-756.958
19|-765.513|-765.513
20|-766.018|-766.018
21|-766.269|-766.269
22|-766.394|-766.394
23|-766.402|-766.402
24|-766.406|-766.406
25|-766.406|-766.406
26|-869.741|-869.741
27|-989.933|-989.933
28|-992.552|-992.552
29|-992.863|-992.863
30|-993.017|-993.017
31|-993.055|-993.055
32|-993.065|-993.065
33|-993.066|-993.066
34|-1098.4|-1098.4
35|-1184.98|-1184.98
36|-1227.91|-1227.91
37|-1249.15|-1249.15
38|-1254.42|-1254.42
39|-1255.08|-1255.08
40|-1255.16|-1255.16
41|-1255.2|-1255.2
42|-1255.22|-1255.22
43|-1255.23|-1255.23
44|-1255.24|-1255.24
45|-1255.24|-1255.24
46|-1255.24|-1255.24
47|-1337.57|-1337.57
48|-1390.34|-1390.34
49|-1403.28|-1403.28
50|-1439.29|-1439.29
51|-1456.87|-1456.87
52|-1456.94|-1456.94
53|-1456.97|-1456.97
54|-1456.99|-1456.99
55|-1457|-1457
56|-1457|-1457
57|-1457|-1457
58|-1457|-1457
59|-1457|-1457
60|-1457|-1457
61|-1457|-1457
62|-1457|-1457
63|-1457|-1457
64|-1457|-1457
65|-1457|-1457
66|-1457|-1457
67|-1457|-1457
68|-1457|-1457
69|-1457|-1457
70|-1457|-1457
71|-1457|-1457
72|-1457|-1457
73|-1457|-1457
74|-1457|-1457
75|-1457|-1457
76|-1457|-1457
77|-1457|-1457
78|-1457|-1457
79|-1457|-1457
80|-1457|-1457
81|-1457|-1457
82|-1457|-1457
83|-1457|-1457
84|-1457|-1457
85|-1457|-1457
86|-1457|-1457
87|-1457|-1457
88|-1457|-1457
89|-1457|-1457
90|-1457|-1457
91|-1457|-1457
92|-1457|-1457
93|-1457|-1457
94|-1457|-1457
95|-1457|-1457
96|-1457|-1457
97|-1457|-1457
98|-1457|-1457
99|-1457|-1457
100|-1457|-1457
101|-1457|-1457
102|-1457|-1457
103|-1457|-1457
104|-1457|-1457
105|-1457|-1457
106|-1457|-1457
107|-1457|-1457
108|-1457|-1457
109|-1457|-1457
110|-1457|-1457
111|-1457|-1457
112|-1457|-1457
113|-1457|-1457
114|-1457|-1457
115|-1457|-1457
116|-1457|-1457
117|-1457|-1457
118|-1457|-1457
119|-1457|-1457
120|-1457|-1457
121|-1457|-1457
122|-1457|-1457
123|-1457|-1457
124|-1457|-1457
125|-1457|-1457
126|-1457|-1457
127|-1457|-1457
128|-1457|-1457
129|-1457|-1457
130|-1457|-1457
131|-1457|-1457
132|-1457|-1457
133|-1457|-1457
134|-1457|-1457
135|-1457|-1457
136|-1457|-1457
137|-1457|-1457
138|-1457|-1457
139|-1457|-1457
140|-1457|-1457
141|-1457|-1457
142|-1457|-1457
143|-1457|-1457
144|-1457|-1457
145|-1457|-1457
146|-1457|-1457
147|-1457|-1457
148|-1457|-1457
149|-1457|-1457
150|-1457|-1457
151|-1457|-1457
152|-1457|-1457
153|-1457|-1457
154|-1457|-1457
155|-1457|-1457
156|-1457|-1457
157|-1457|-1457
158|-1457|-1457
159|-1457|-1457
160|-1457|-1457
161|-1457|-1457
162|-1457|-1457
163|-1457|-1457
164|-1457|-1457
165|-1457|-1457
166|-1457|-1457
167|-1457|-1457
168|-1457|-1457
169|-1457|-1457
170|-1457|-1457
171|-1457|-1457
172|-1457|-1457
173|-1457|-1457
174|-1457|-1457
175|-1457|-1457
176|-1457|-1457
177|-1457|-1457
178|-1457|-1457
179|-1457|-1457
180|-1457|-1457
181|-1457|-1457
182|-1457|-1457
183|-1457|-1457
184|-1457|-1457
185|-1457|-1457
186|-1457|-1457
187|-1457|-1457
188|-1457|-1457
189|-1457|-1457
190|-1457|-1457
191|-1457|-1457
192|-1457|-1457
193|-1457|-1457
194|-1457|-1457
195|-1457|-1457
196|-1457|-1457
197|-1457|-1457
198|-1457|-1457
199|-1457|-1457
200|-1457|-1457
201|-1457|-1457
202|-1457|-1457
203|-1457|-1457
204|-1457|-1457
205|-1457|-1457
206|-1457|-1457
EARLY STOP: TARGET FOUND
98257ms
