1|44.0833|44.0833
2|44.0714|44.0714
3|44.0704|44.0704
4|44.0703|44.0703
5|44.0702|44.0702
6|44.0702|44.0702
7|43.8316|43.8316
8|43.7891|43.7891
9|43.7891|43.7891
10|43.7865|43.7865
11|43.7864|43.7864
12|43.7864|43.7864
13|41.425|41.425
14|41.3602|41.3602
15|41.347|41.347
16|41.3452|41.3452
17|41.3452|41.3452
18|41.3452|41.3452
19|26.8803|26.8803
20|25.8212|25.8212
21|25.5989|25.5989
22|25.5645|25.5645
23|25.5638|25.5638
24|25.5638|25.5638
25|25.5638|25.5638
26|25.5638|25.5638
27|20.7493|20.7493
28|20.7493|20.7493
29|19.5709|19.5709
30|19.2888|19.2888
31|19.2888|19.2888
32|19.2246|19.2246
33|19.2117|19.2117
34|19.2117|19.2117
35|19.2101|19.2101
36|14.9115|14.9115
37|13.991|13.991
38|13.991|13.991
39|13.8379|13.8379
40|13.8332|13.8332
41|13.832|13.832
42|13.8318|13.8318
43|13.8317|13.8317
44|13.8317|13.8317
45|13.8317|13.8317
46|10.3036|10.3036
47|9.7683|9.7683
48|9.75899|9.75899
49|9.75873|9.75873
50|9.75867|9.75867
51|9.75866|9.75866
52|9.75821|9.75821
53|9.75821|9.75821
54|4.95309|4.95309
55|4.95309|4.95309
56|3.77933|3.77933
57|3.77933|3.77933
58|3.77933|3.77933
59|3.49965|3.49965
60|3.43661|3.43661
61|3.42429|3.42429
62|3.42321|3.42321
63|3.42297|3.42297
64|3.42297|3.42297
65|3.42293|3.42293
66|3.42292|3.42292
67|3.42292|3.42292
68|0.325029|0.325029
69|0.325029|0.325029
70|0.325029|0.325029
71|0.325029|0.325029
72|0.325029|0.325029
73|0.325029|0.325029
74|0.0625563|0.0625563
75|0.0625563|0.0625563
76|0.0625563|0.0625563
77|0.0625563|0.0625563
78|0.00812026|0.00812026
EARLY STOP: TARGET FOUND
50871ms
