1|33.9034|33.9034
2|33.6404|33.6404
3|33.5857|33.5857
4|33.5775|33.5775
5|33.5774|33.5774
6|31.9083|31.9083
7|31.9083|31.9083
8|31.9081|31.9081
9|31.9081|31.9081
10|30.0119|30.0119
11|30.0022|30.0022
12|30.0017|30.0017
13|26.8339|26.8339
14|26.5539|26.5539
15|26.4907|26.4907
16|26.4784|26.4784
17|26.4773|26.4773
18|26.4773|26.4773
19|26.477|26.477
20|26.477|26.477
21|26.477|26.477
22|26.4769|26.4769
23|23.6786|23.6786
24|23.6786|23.6786
25|19.463|19.463
26|19.463|19.463
27|18.584|18.584
28|18.4517|18.4517
29|18.4495|18.4495
30|18.4495|18.4495
31|18.4495|18.4495
32|18.4495|18.4495
33|14.1322|14.1322
34|10.2963|10.2963
35|9.60718|9.60718
36|9.5629|9.5629
37|9.55982|9.55982
38|9.55956|9.55956
39|9.55956|9.55956
40|9.5595|9.5595
41|9.5595|9.5595
42|9.55949|9.55949
43|9.55949|9.55949
44|8.69609|8.69609
45|8.57159|8.57159
46|8.57061|8.57061
47|8.57042|8.57042
48|8.57041|8.57041
49|8.5704|8.5704
50|8.5704|8.5704
51|7.39846|7.39846
52|7.11968|7.11968
53|7.0571|7.0571
54|7.045|7.045
55|7.04398|7.04398
56|7.04377|7.04377
57|7.04374|7.04374
58|6.01098|6.01098
59|6.01098|6.01098
60|5.8018|5.8018
61|5.77401|5.77401
62|5.77397|5.77397
63|5.77397|5.77397
64|5.77397|5.77397
65|1.26092|1.26092
66|1.26092|1.26092
67|1.26092|1.26092
68|0.233198|0.233198
69|0.233198|0.233198
70|0.233198|0.233198
71|0.233198|0.233198
72|0.233198|0.233198
73|0.233198|0.233198
74|0.233198|0.233198
75|0.233198|0.233198
76|0.233198|0.233198
77|0.0265382|0.0265382
78|0.0265382|0.0265382
79|0.0265382|0.0265382
80|0.0265382|0.0265382
81|0.0265382|0.0265382
82|0.0265382|0.0265382
83|0.0265382|0.0265382
84|0.0265382|0.0265382
85|8.44409e-06|8.44409e-06
EARLY STOP: TARGET FOUND
59822ms
