1|210.465|210.465
2|210.464|210.464
3|210.464|210.464
4|210.464|210.464
5|209.945|209.945
6|209.938|209.938
7|209.938|209.938
8|206.813|206.813
9|206.813|206.813
10|206.544|206.544
11|206.487|206.487
12|206.477|206.477
13|206.477|206.477
14|202.407|202.407
15|201.601|201.601
16|201.527|201.527
17|201.51|201.51
18|201.506|201.506
19|201.505|201.505
20|201.505|201.505
21|201.505|201.505
22|200.532|200.532
23|200.353|200.353
24|200.341|200.341
25|200.339|200.339
26|200.339|200.339
27|200.339|200.339
28|200.339|200.339
29|199.658|199.658
30|199.658|199.658
31|199.616|199.616
32|199.613|199.613
33|199.613|199.613
34|189.703|189.703
35|187.265|187.265
36|187.191|187.191
37|187.173|187.173
38|187.173|187.173
39|187.169|187.169
40|187.168|187.168
41|187.168|187.168
42|187.13|187.13
43|187.129|187.129
44|187.129|187.129
45|187.129|187.129
46|187.129|187.129
47|187.129|187.129
48|187.084|187.084
49|187.081|187.081
50|187.08|187.08
51|187.08|187.08
52|186.198|186.198
53|186.064|186.064
54|186.062|186.062
55|186.062|186.062
56|186.062|186.062
57|185.053|185.053
58|184.855|184.855
59|184.838|184.838
60|184.838|184.838
61|184.834|184.834
62|184.833|184.833
63|184.833|184.833
64|184.833|184.833
65|179.395|179.395
66|175.839|175.839
67|175.29|175.29
68|175.279|175.279
69|175.278|175.278
70|175.278|175.278
71|175.278|175.278
72|175.278|175.278
73|161.638|161.638
74|160.475|160.475
75|160.475|160.475
76|160.202|160.202
77|160.141|160.141
78|160.131|160.131
79|160.13|160.13
80|160.13|160.13
81|157.436|157.436
82|157.275|157.275
83|157.267|157.267
84|157.267|157.267
85|157.267|157.267
86|156.265|156.265
87|156.071|156.071
88|156.055|156.055
89|156.052|156.052
90|156.052|156.052
91|156.051|156.051
92|156.051|156.051
93|136.629|136.629
94|136.629|136.629
95|136.19|136.19
96|136.189|136.189
97|126.782|126.782
98|126.782|126.782
99|124.218|124.218
100|124.089|124.089
101|124.088|124.088
102|111.482|111.482
103|109.719|109.719
104|109.719|109.719
105|109.716|109.716
106|109.716|109.716
107|109.716|109.716
108|109.716|109.716
109|109.716|109.716
110|106.625|106.625
111|106.625|106.625
112|106.364|106.364
113|106.31|106.31
114|106.31|106.31
115|106.303|106.303
116|106.303|106.303
117|106.303|106.303
118|93.4941|93.4941
119|91.781|91.781
120|91.7802|91.7802
121|91.7802|91.7802
122|91.7801|91.7801
123|80.4418|80.4418
124|80.4418|80.4418
125|78.3612|78.3612
126|78.3315|78.3315
127|78.3313|78.3313
128|78.3313|78.3313
129|78.0644|78.0644
130|78.0644|78.0644
131|78.0077|78.0077
132|77.9986|77.9986
133|77.9984|77.9984
134|77.9983|77.9983
135|59.8083|59.8083
136|59.8083|59.8083
137|59.2149|59.2149
138|59.2149|59.2149
139|59.1983|59.1983
140|59.1948|59.1948
141|59.1943|59.1943
142|59.1942|59.1942
143|47.2057|47.2057
144|45.2876|45.2876
145|45.2876|45.2876
146|45.2765|45.2765
147|45.2758|45.2758
148|45.2757|45.2757
149|45.2757|45.2757
150|45.2757|45.2757
151|45.2757|45.2757
152|39.0349|39.0349
153|39.0349|39.0349
154|35.6799|35.6799
155|35.2312|35.2312
156|35.2312|35.2312
157|35.2304|35.2304
158|35.2302|35.2302
159|32.9874|32.9874
160|32.9374|32.9374
161|32.9329|32.9329
162|32.9319|32.9319
163|32.9316|32.9316
164|32.9316|32.9316
165|14.5208|14.5208
166|14.5208|14.5208
167|14.5208|14.5208
168|13.955|13.955
169|13.955|13.955
170|13.955|13.955
171|13.9418|13.9418
172|13.9418|13.9418
173|13.9401|13.9401
174|13.9401|13.9401
175|13.9401|13.9401
176|2.80068|2.80068
177|2.80068|2.80068
178|2.80068|2.80068
179|2.80068|2.80068
180|2.80068|2.80068
181|2.80068|2.80068
182|2.80068|2.80068
183|2.80068|2.80068
184|0.670313|0.670313
185|0.670313|0.670313
186|0.670313|0.670313
187|0.670313|0.670313
188|0.670313|0.670313
189|0.670313|0.670313
190|0.670313|0.670313
191|0.670313|0.670313
192|0.670313|0.670313
193|0.670313|0.670313
194|0.670312|0.670312
195|0.670312|0.670312
196|0.670312|0.670312
197|0.634417|0.634417
198|0.634417|0.634417
199|0.634417|0.634417
200|0.63353|0.63353
201|0.633386|0.633386
202|0.633386|0.633386
203|0.633382|0.633382
204|0.633382|0.633382
205|0.633382|0.633382
206|0.633382|0.633382
207|0.633382|0.633382
208|0.465147|0.465147
209|0.465147|0.465147
210|0.465147|0.465147
211|0.465147|0.465147
212|0.465147|0.465147
213|0.465147|0.465147
214|0.465147|0.465147
215|0.455088|0.455088
216|0.454573|0.454573
217|0.454565|0.454565
218|0.454565|0.454565
219|0.454565|0.454565
220|0.00117069|0.00117069
EARLY STOP: TARGET FOUND
1193085ms
