1|-1.79492|-1.79492
2|-1.80748|-1.80748
3|-1.81015|-1.81015
4|-1.81103|-1.81103
5|-1.8112|-1.8112
6|-1.81128|-1.81128
7|-1.81128|-1.81128
8|-2.77892|-2.77892
9|-2.81072|-2.81072
10|-2.81126|-2.81126
11|-2.81128|-2.81128
12|-2.81128|-2.81128
13|-2.93643|-2.93643
14|-2.93643|-2.93643
15|-2.97442|-2.97442
16|-3.64547|-3.64547
17|-3.7701|-3.7701
18|-3.77032|-3.77032
19|-3.77035|-3.77035
20|-3.77035|-3.77035
21|-3.77035|-3.77035
22|-3.77035|-3.77035
23|-4.18817|-4.18817
24|-4.18833|-4.18833
25|-4.18833|-4.18833
26|-4.18833|-4.18833
27|-4.18834|-4.18834
28|-4.93937|-4.93937
29|-5.07807|-5.07807
30|-5.16515|-5.16515
31|-5.17711|-5.17711
32|-5.17713|-5.17713
33|-5.17713|-5.17713
34|-5.30286|-5.30286
35|-5.48271|-5.48271
36|-5.55659|-5.55659
37|-5.57854|-5.57854
38|-5.58364|-5.58364
39|-5.58429|-5.58429
40|-5.58457|-5.58457
41|-5.58464|-5.58464
42|-5.58467|-5.58467
43|-5.58468|-5.58468
44|-5.58469|-5.58469
45|-5.67425|-5.67425
46|-5.85816|-5.85816
47|-5.86699|-5.86699
48|-5.88639|-5.88639
49|-5.89072|-5.89072
50|-5.89152|-5.89152
51|-5.89155|-5.89155
52|-5.89156|-5.89156
53|-5.89156|-5.89156
54|-5.89562|-5.89562
55|-6.71754|-6.71754
56|-6.7612|-6.7612
57|-6.78072|-6.78072
58|-6.78189|-6.78189
59|-6.78203|-6.78203
60|-6.7822|-6.7822
61|-6.82185|-6.82185
62|-6.83406|-6.83406
63|-7.18255|-7.18255
64|-7.52423|-7.52423
65|-7.65142|-7.65142
66|-7.67288|-7.67288
67|-7.68178|-7.68178
68|-7.68381|-7.68381
69|-7.68387|-7.68387
70|-7.74763|-7.74763
71|-8.21162|-8.21162
72|-8.51639|-8.51639
73|-8.53675|-8.53675
74|-8.54091|-8.54091
75|-8.54259|-8.54259
76|-8.54276|-8.54276
77|-8.54276|-8.54276
78|-8.54276|-8.54276
79|-8.54276|-8.54276
80|-8.54276|-8.54276
81|-8.54276|-8.54276
82|-8.54276|-8.54276
83|-8.54276|-8.54276
84|-8.54276|-8.54276
85|-8.54276|-8.54276
86|-8.54276|-8.54276
87|-8.54276|-8.54276
88|-8.54276|-8.54276
89|-8.54276|-8.54276
90|-8.54276|-8.54276
91|-8.54276|-8.54276
92|-8.54276|-8.54276
93|-8.54276|-8.54276
94|-8.54276|-8.54276
95|-8.54276|-8.54276
96|-8.54276|-8.54276
97|-8.54276|-8.54276
98|-8.54276|-8.54276
99|-8.54276|-8.54276
100|-8.54276|-8.54276
101|-8.54276|-8.54276
102|-8.54276|-8.54276
103|-8.54276|-8.54276
104|-8.54276|-8.54276
105|-8.54276|-8.54276
106|-8.54276|-8.54276
107|-8.54276|-8.54276
108|-8.54276|-8.54276
109|-8.54276|-8.54276
110|-8.54276|-8.54276
111|-8.54276|-8.54276
112|-8.54276|-8.54276
113|-8.54276|-8.54276
114|-8.54276|-8.54276
115|-8.54276|-8.54276
116|-8.54276|-8.54276
117|-8.54276|-8.54276
118|-8.54276|-8.54276
119|-8.54276|-8.54276
120|-8.54276|-8.54276
121|-8.54276|-8.54276
122|-8.54276|-8.54276
123|-8.54276|-8.54276
124|-8.54276|-8.54276
125|-8.54276|-8.54276
126|-8.54276|-8.54276
127|-8.54276|-8.54276
128|-8.54276|-8.54276
129|-8.54276|-8.54276
130|-8.54276|-8.54276
131|-8.54276|-8.54276
132|-8.54276|-8.54276
133|-8.54276|-8.54276
134|-8.54276|-8.54276
135|-8.54276|-8.54276
136|-8.54276|-8.54276
137|-8.54276|-8.54276
138|-8.54276|-8.54276
139|-8.54276|-8.54276
140|-8.54276|-8.54276
141|-8.54276|-8.54276
142|-8.54276|-8.54276
143|-8.54276|-8.54276
144|-8.54276|-8.54276
145|-8.54276|-8.54276
146|-8.54276|-8.54276
147|-8.54276|-8.54276
148|-8.54276|-8.54276
149|-8.54276|-8.54276
150|-8.54276|-8.54276
151|-8.54276|-8.54276
152|-8.54276|-8.54276
153|-8.54276|-8.54276
154|-8.54276|-8.54276
155|-8.54276|-8.54276
156|-8.54276|-8.54276
157|-8.54276|-8.54276
158|-8.54276|-8.54276
159|-8.54276|-8.54276
160|-8.54276|-8.54276
161|-8.54276|-8.54276
162|-8.54276|-8.54276
163|-8.54276|-8.54276
164|-8.54276|-8.54276
165|-8.54276|-8.54276
166|-8.54276|-8.54276
167|-8.54276|-8.54276
168|-8.54276|-8.54276
169|-8.54276|-8.54276
170|-8.54276|-8.54276
171|-8.54276|-8.54276
172|-8.54276|-8.54276
173|-8.54276|-8.54276
174|-8.54276|-8.54276
175|-8.54276|-8.54276
176|-8.54276|-8.54276
177|-8.54276|-8.54276
178|-8.54276|-8.54276
179|-8.54276|-8.54276
180|-8.54276|-8.54276
181|-8.54276|-8.54276
182|-8.54276|-8.54276
183|-8.54276|-8.54276
184|-8.54276|-8.54276
185|-8.54276|-8.54276
186|-8.54276|-8.54276
187|-8.54276|-8.54276
188|-8.54276|-8.54276
189|-8.54276|-8.54276
190|-8.54276|-8.54276
191|-8.54276|-8.54276
192|-8.54276|-8.54276
193|-8.54276|-8.54276
194|-8.54276|-8.54276
195|-8.54276|-8.54276
196|-8.54276|-8.54276
197|-8.54276|-8.54276
198|-8.54276|-8.54276
199|-8.54276|-8.54276
200|-8.54276|-8.54276
201|-8.54276|-8.54276
202|-8.54276|-8.54276
203|-8.54276|-8.54276
204|-8.54276|-8.54276
205|-8.54276|-8.54276
206|-8.54276|-8.54276
207|-8.54276|-8.54276
208|-8.54276|-8.54276
209|-8.54276|-8.54276
210|-8.54276|-8.54276
211|-8.54276|-8.54276
212|-8.54276|-8.54276
213|-8.54276|-8.54276
214|-8.54276|-8.54276
215|-8.54276|-8.54276
216|-8.54276|-8.54276
217|-8.54276|-8.54276
218|-8.54276|-8.54276
219|-8.54276|-8.54276
220|-8.54276|-8.54276
221|-8.54276|-8.54276
222|-8.54276|-8.54276
223|-8.54276|-8.54276
224|-8.54276|-8.54276
225|-8.54276|-8.54276
226|-8.54276|-8.54276
227|-8.54276|-8.54276
EARLY STOP: TARGET FOUND
272285ms
