1|190.443|190.443
2|186.86|186.86
3|186.297|186.297
4|186.284|186.284
5|186.283|186.283
6|186.283|186.283
7|186.283|186.283
8|186.283|186.283
9|186.283|186.283
10|186.208|186.208
11|181.311|181.311
12|180.092|180.092
13|180.092|180.092
14|179.789|179.789
15|179.715|179.715
16|179.697|179.697
17|179.693|179.693
18|179.692|179.692
19|179.692|179.692
20|178.895|178.895
21|178.895|178.895
22|178.823|178.823
23|178.807|178.807
24|178.803|178.803
25|178.803|178.803
26|178.803|178.803
27|175.36|175.36
28|174.868|174.868
29|174.864|174.864
30|174.864|174.864
31|174.864|174.864
32|174.864|174.864
33|173.947|173.947
34|169.261|169.261
35|168.147|168.147
36|167.897|167.897
37|167.849|167.849
38|167.845|167.845
39|167.844|167.844
40|167.844|167.844
41|167.844|167.844
42|166.023|166.023
43|166.019|166.019
44|166.018|166.018
45|166.018|166.018
46|165.816|165.816
47|165.797|165.797
48|165.793|165.793
49|165.792|165.792
50|165.792|165.792
51|165.792|165.792
52|165.633|165.633
53|165.625|165.625
54|165.625|165.625
55|165.625|165.625
56|164.963|164.963
57|164.963|164.963
58|164.926|164.926
59|164.926|164.926
60|164.925|164.925
61|164.924|164.924
62|164.924|164.924
63|164.911|164.911
64|164.909|164.909
65|164.909|164.909
66|164.738|164.738
67|164.738|164.738
68|159.866|159.866
69|158.658|158.658
70|158.362|158.362
71|158.29|158.29
72|158.274|158.274
73|158.27|158.27
74|158.27|158.27
75|158.27|158.27
76|151.081|151.081
77|151.081|151.081
78|147.963|147.963
79|147.696|147.696
80|147.639|147.639
81|147.63|147.63
82|147.629|147.629
83|147.629|147.629
84|147.629|147.629
85|147.629|147.629
86|128.367|128.367
87|127.907|127.907
88|127.906|127.906
89|127.906|127.906
90|127.906|127.906
91|127.906|127.906
92|109.208|109.208
93|108.678|108.678
94|108.678|108.678
95|108.669|108.669
96|108.669|108.669
97|108.669|108.669
98|108.669|108.669
99|108.669|108.669
100|106.642|106.642
101|106.624|106.624
102|106.62|106.62
103|106.619|106.619
104|106.619|106.619
105|106.619|106.619
106|94.7375|94.7375
107|92.7926|92.7926
108|92.7798|92.7798
109|92.7786|92.7786
110|92.7783|92.7783
111|92.7783|92.7783
112|92.7782|92.7782
113|92.4814|92.4814
114|92.4098|92.4098
115|92.3932|92.3932
116|92.3932|92.3932
117|92.3897|92.3897
118|92.3892|92.3892
119|92.3891|92.3891
120|92.3891|92.3891
121|91.3654|91.3654
122|86.7061|86.7061
123|85.6053|85.6053
124|85.3621|85.3621
125|85.3173|85.3173
126|85.3141|85.3141
127|85.3137|85.3137
128|82.7964|82.7964
129|78.5105|78.5105
130|77.5964|77.5964
131|77.4465|77.4465
132|77.4422|77.4422
133|77.4412|77.4412
134|77.441|77.441
135|77.441|77.441
136|75.6987|75.6987
137|75.6987|75.6987
138|75.697|75.697
139|75.697|75.697
140|72.3345|72.3345
141|71.882|71.882
142|71.881|71.881
143|71.8809|71.8809
144|71.8809|71.8809
145|71.8809|71.8809
146|71.6741|71.6741
147|71.6741|71.6741
148|66.8106|66.8106
149|65.6076|65.6076
150|65.3133|65.3133
151|65.243|65.243
152|65.227|65.227
153|65.227|65.227
154|65.2239|65.2239
155|65.2236|65.2236
156|65.2235|65.2235
157|65.2235|65.2235
158|57.5525|57.5525
159|57.5525|57.5525
160|57.5525|57.5525
161|54.555|54.555
162|54.3177|54.3177
163|54.2758|54.2758
164|54.2758|54.2758
165|54.2733|54.2733
166|54.2732|54.2732
167|54.0725|54.0725
168|54.0544|54.0544
169|54.0501|54.0501
170|54.0492|54.0492
171|54.049|54.049
172|54.049|54.049
173|54.049|54.049
174|49.298|49.298
175|48.1514|48.1514
176|48.1514|48.1514
177|47.8852|47.8852
178|47.829|47.829
179|47.829|47.829
180|47.82|47.82
181|47.82|47.82
182|47.8198|47.8198
183|47.8198|47.8198
184|47.8198|47.8198
185|44.1594|44.1594
186|44.1594|44.1594
187|43.558|43.558
188|43.5404|43.5404
189|43.5364|43.5364
190|43.5356|43.5356
191|43.5356|43.5356
192|43.5355|43.5355
193|43.5355|43.5355
194|33.1016|33.1016
195|30.7949|30.7949
196|30.7949|30.7949
197|30.7369|30.7369
198|30.7369|30.7369
199|30.7271|30.7271
200|30.7267|30.7267
201|19.7154|19.7154
202|17.553|17.553
203|17.5131|17.5131
204|17.5131|17.5131
205|17.5112|17.5112
206|17.5112|17.5112
207|17.5111|17.5111
208|13.875|13.875
209|13.875|13.875
210|13.2857|13.2857
211|13.2857|13.2857
212|13.2696|13.2696
213|13.2664|13.2664
214|13.2659|13.2659
215|13.2659|13.2659
216|2.18378|2.18378
217|2.18378|2.18378
218|0.0391106|0.0391106
219|0.0391106|0.0391106
220|0.0391106|0.0391106
221|0.0391106|0.0391106
222|0.0391106|0.0391106
223|0.0391105|0.0391105
224|0.0391105|0.0391105
225|0.0391105|0.0391105
226|0.0391105|0.0391105
227|0.0391105|0.0391105
228|0.0391104|0.0391104
229|0.0391104|0.0391104
230|0.0391104|0.0391104
231|0.0391104|0.0391104
232|0.0391104|0.0391104
233|0.0391104|0.0391104
234|0.0391104|0.0391104
235|0.0391103|0.0391103
236|0.0391103|0.0391103
237|0.0391102|0.0391102
238|0.0391102|0.0391102
239|0.0391101|0.0391101
240|0.0391101|0.0391101
241|0.0391099|0.0391099
242|0.0391099|0.0391099
243|0.0391099|0.0391099
244|0.0391099|0.0391099
245|0.0391098|0.0391098
246|0.0391097|0.0391097
247|0.0391097|0.0391097
248|0.0391095|0.0391095
249|0.0391095|0.0391095
250|0.0391095|0.0391095
251|0.0391095|0.0391095
252|0.0391095|0.0391095
253|0.0391094|0.0391094
254|0.0391093|0.0391093
255|0.0391093|0.0391093
256|0.0391093|0.0391093
257|0.0391093|0.0391093
258|0.0391091|0.0391091
259|0.0391091|0.0391091
260|0.0391091|0.0391091
261|0.0391091|0.0391091
262|0.0391089|0.0391089
263|0.0391089|0.0391089
264|0.0391089|0.0391089
265|0.0391089|0.0391089
266|0.0391088|0.0391088
267|0.0391088|0.0391088
268|0.0391088|0.0391088
269|0.0391088|0.0391088
270|0.0391086|0.0391086
271|0.0391086|0.0391086
272|0.0391086|0.0391086
273|0.00142574|0.00142574
EARLY STOP: TARGET FOUND
1514139ms
