1|67.5894|67.5894
2|66.6891|66.6891
3|66.5462|66.5462
4|66.5427|66.5427
5|66.5422|66.5422
6|66.5422|66.5422
7|66.2375|66.2375
8|66.1619|66.1619
9|66.1433|66.1433
10|66.1389|66.1389
11|66.1378|66.1378
12|66.1376|66.1376
13|66.1376|66.1376
14|66.1376|66.1376
15|60.9451|60.9451
16|57.328|57.328
17|56.7483|56.7483
18|56.7334|56.7334
19|56.7308|56.7308
20|56.7306|56.7306
21|56.7306|56.7306
22|34.0202|34.0202
23|34.0202|34.0202
24|33.9036|33.9036
25|33.9031|33.9031
26|33.9031|33.9031
27|33.9031|33.9031
28|32.8837|32.8837
29|32.6812|32.6812
30|32.6626|32.6626
31|32.6581|32.6581
32|32.657|32.657
33|32.6568|32.6568
34|32.6567|32.6567
35|32.6567|32.6567
36|28.9657|28.9657
37|28.3489|28.3489
38|28.3227|28.3227
39|28.3227|28.3227
40|23.9924|23.9924
41|23.056|23.056
42|22.895|22.895
43|22.8868|22.8868
44|22.8867|22.8867
45|22.8867|22.8867
46|6.70848|6.70848
47|6.70848|6.70848
48|5.86355|5.86355
49|5.74828|5.74828
50|5.74788|5.74788
51|5.74788|5.74788
52|1.36666|1.36666
53|1.36666|1.36666
54|1.36666|1.36666
55|1.36666|1.36666
56|0.404851|0.404851
57|0.404851|0.404851
58|0.404851|0.404851
59|0.404851|0.404851
60|0.404851|0.404851
61|0.231147|0.231147
62|0.231147|0.231147
63|0.231147|0.231147
64|0.219721|0.219721
65|0.219721|0.219721
66|0.219721|0.219721
67|0.218865|0.218865
68|0.218737|0.218737
69|0.218735|0.218735
70|0.218735|0.218735
71|0.218735|0.218735
72|0.0218125|0.0218125
73|0.0218125|0.0218125
74|0.0218125|0.0218125
75|0.004582|0.004582
EARLY STOP: TARGET FOUND
45268ms
