1|-146.139|-146.139
2|-231.569|-231.569
3|-244.444|-244.444
4|-247.085|-247.085
5|-247.708|-247.708
6|-247.785|-247.785
7|-247.823|-247.823
8|-247.828|-247.828
9|-247.831|-247.831
10|-247.831|-247.831
11|-247.832|-247.832
12|-247.832|-247.832
13|-278.087|-278.087
14|-351.987|-351.987
15|-413.024|-413.024
16|-527.436|-527.436
17|-527.44|-527.44
18|-527.44|-527.44
19|-566.146|-566.146
20|-611.268|-611.268
21|-620.097|-620.097
22|-624.482|-624.482
23|-626.666|-626.666
24|-627.756|-627.756
25|-628.301|-628.301
26|-628.574|-628.574
27|-628.641|-628.641
28|-628.659|-628.659
29|-628.659|-628.659
30|-992.089|-992.089
31|-1037.16|-1037.16
32|-1046.3|-1046.3
33|-1050.54|-1050.54
34|-1052.57|-1052.57
35|-1052.7|-1052.7
36|-1052.71|-1052.71
37|-1052.71|-1052.71
38|-1052.72|-1052.72
39|-1052.72|-1052.72
40|-1154.66|-1154.66
41|-1238.71|-1238.71
42|-1423.05|-1423.05
43|-1437.51|-1437.51
44|-1443.36|-1443.36
45|-1445.94|-1445.94
46|-1446.02|-1446.02
47|-1446.03|-1446.03
48|-1446.04|-1446.04
49|-1446.04|-1446.04
50|-1446.04|-1446.04
51|-1446.04|-1446.04
52|-1446.04|-1446.04
53|-1446.04|-1446.04
54|-1446.04|-1446.04
55|-1446.04|-1446.04
56|-1446.04|-1446.04
57|-1446.04|-1446.04
58|-1446.04|-1446.04
59|-1446.04|-1446.04
60|-1446.04|-1446.04
61|-1446.04|-1446.04
62|-1446.04|-1446.04
63|-1446.04|-1446.04
64|-1446.04|-1446.04
65|-1446.04|-1446.04
66|-1446.04|-1446.04
67|-1446.04|-1446.04
68|-1446.04|-1446.04
69|-1446.04|-1446.04
70|-1446.04|-1446.04
71|-1446.04|-1446.04
72|-1446.04|-1446.04
73|-1446.04|-1446.04
74|-1446.04|-1446.04
75|-1446.04|-1446.04
76|-1446.04|-1446.04
77|-1446.04|-1446.04
78|-1446.04|-1446.04
79|-1446.04|-1446.04
80|-1446.04|-1446.04
81|-1446.04|-1446.04
82|-1446.04|-1446.04
83|-1446.04|-1446.04
84|-1446.04|-1446.04
85|-1446.04|-1446.04
86|-1446.04|-1446.04
87|-1446.04|-1446.04
88|-1446.04|-1446.04
89|-1446.04|-1446.04
90|-1446.04|-1446.04
91|-1446.04|-1446.04
92|-1446.04|-1446.04
93|-1446.04|-1446.04
94|-1446.04|-1446.04
95|-1446.04|-1446.04
96|-1446.04|-1446.04
97|-1446.04|-1446.04
98|-1446.04|-1446.04
99|-1446.04|-1446.04
100|-1446.04|-1446.04
101|-1446.04|-1446.04
102|-1446.04|-1446.04
103|-1446.04|-1446.04
104|-1446.04|-1446.04
105|-1446.04|-1446.04
106|-1446.04|-1446.04
107|-1446.04|-1446.04
108|-1446.04|-1446.04
109|-1446.04|-1446.04
110|-1446.04|-1446.04
111|-1446.04|-1446.04
112|-1446.04|-1446.04
113|-1446.04|-1446.04
114|-1446.04|-1446.04
115|-1446.04|-1446.04
116|-1446.04|-1446.04
117|-1446.04|-1446.04
118|-1446.04|-1446.04
119|-1446.04|-1446.04
120|-1446.04|-1446.04
121|-1446.04|-1446.04
122|-1446.04|-1446.04
123|-1446.04|-1446.04
124|-1446.04|-1446.04
125|-1446.04|-1446.04
126|-1446.04|-1446.04
127|-1446.04|-1446.04
128|-1446.04|-1446.04
129|-1446.04|-1446.04
130|-1446.04|-1446.04
131|-1446.04|-1446.04
132|-1446.04|-1446.04
133|-1446.04|-1446.04
134|-1446.04|-1446.04
135|-1446.04|-1446.04
136|-1446.04|-1446.04
137|-1446.04|-1446.04
138|-1446.04|-1446.04
139|-1446.04|-1446.04
140|-1446.04|-1446.04
141|-1446.04|-1446.04
142|-1446.04|-1446.04
143|-1446.04|-1446.04
144|-1446.04|-1446.04
145|-1446.04|-1446.04
146|-1446.04|-1446.04
147|-1446.04|-1446.04
148|-1446.04|-1446.04
149|-1446.04|-1446.04
150|-1446.04|-1446.04
151|-1446.04|-1446.04
152|-1446.04|-1446.04
153|-1446.04|-1446.04
154|-1446.04|-1446.04
155|-1446.04|-1446.04
156|-1446.04|-1446.04
157|-1446.04|-1446.04
158|-1446.04|-1446.04
159|-1446.04|-1446.04
160|-1446.04|-1446.04
161|-1446.04|-1446.04
162|-1446.04|-1446.04
163|-1446.04|-1446.04
164|-1446.04|-1446.04
165|-1446.04|-1446.04
166|-1446.04|-1446.04
167|-1446.04|-1446.04
168|-1446.04|-1446.04
169|-1446.04|-1446.04
170|-1446.04|-1446.04
171|-1446.04|-1446.04
172|-1446.04|-1446.04
173|-1446.04|-1446.04
174|-1446.04|-1446.04
175|-1446.04|-1446.04
176|-1446.04|-1446.04
177|-1446.04|-1446.04
178|-1446.04|-1446.04
179|-1446.04|-1446.04
180|-1446.04|-1446.04
181|-1446.04|-1446.04
182|-1446.04|-1446.04
183|-1446.04|-1446.04
184|-1446.04|-1446.04
185|-1446.04|-1446.04
186|-1446.04|-1446.04
187|-1446.04|-1446.04
188|-1446.04|-1446.04
189|-1446.04|-1446.04
190|-1446.04|-1446.04
191|-1446.04|-1446.04
192|-1446.04|-1446.04
193|-1446.04|-1446.04
194|-1446.04|-1446.04
195|-1446.04|-1446.04
196|-1446.04|-1446.04
197|-1446.04|-1446.04
198|-1446.04|-1446.04
199|-1446.04|-1446.04
200|-1446.04|-1446.04
EARLY STOP: TARGET FOUND
98089ms
