1|-0.569804|-0.569804
2|-0.849498|-0.849498
3|-0.871466|-0.871466
4|-0.873321|-0.873321
5|-0.873356|-0.873356
6|-0.873356|-0.873356
7|-0.873356|-0.873356
8|-1.85077|-1.85077
9|-1.86816|-1.86816
10|-1.87227|-1.87227
11|-1.87318|-1.87318
12|-1.87334|-1.87334
13|-1.87335|-1.87335
14|-1.87336|-1.87336
15|-1.87336|-1.87336
16|-2.80202|-2.80202
17|-2.83117|-2.83117
18|-2.83138|-2.83138
19|-2.83142|-2.83142
20|-2.83142|-2.83142
21|-2.83142|-2.83142
22|-2.83162|-2.83162
23|-2.83203|-2.83203
24|-2.83207|-2.83207
25|-2.83209|-2.83209
26|-2.83209|-2.83209
27|-2.8321|-2.8321
28|-2.83211|-2.83211
29|-2.83657|-2.83657
30|-2.84343|-2.84343
31|-2.84958|-2.84958
32|-2.8497|-2.8497
33|-2.84973|-2.84973
34|-2.84973|-2.84973
35|-2.89507|-2.89507
36|-3.75178|-3.75178
37|-3.77811|-3.77811
38|-3.78059|-3.78059
39|-3.78119|-3.78119
40|-3.78134|-3.78134
41|-3.78137|-3.78137
42|-3.78138|-3.78138
43|-3.78138|-3.78138
44|-3.78138|-3.78138
45|-4.42945|-4.42945
46|-4.55331|-4.55331
47|-4.60745|-4.60745
48|-4.63174|-4.63174
49|-4.64309|-4.64309
50|-4.64447|-4.64447
51|-4.64482|-4.64482
52|-4.6449|-4.6449
53|-5.18637|-5.18637
54|-5.32094|-5.32094
55|-5.35047|-5.35047
56|-5.35188|-5.35188
57|-5.3521|-5.3521
58|-5.35213|-5.35213
59|-5.35213|-5.35213
60|-5.81908|-5.81908
61|-5.82535|-5.82535
62|-5.82846|-5.82846
63|-5.82885|-5.82885
64|-5.82905|-5.82905
65|-5.82914|-5.82914
66|-5.82914|-5.82914
67|-5.82966|-5.82966
68|-5.89038|-5.89038
69|-6.34636|-6.34636
70|-6.65766|-6.65766
71|-6.68456|-6.68456
72|-6.68537|-6.68537
73|-6.6886|-6.6886
74|-6.68861|-6.68861
75|-6.68861|-6.68861
76|-6.68861|-6.68861
77|-6.68861|-6.68861
78|-6.68861|-6.68861
79|-6.68861|-6.68861
80|-6.68861|-6.68861
81|-6.68861|-6.68861
82|-6.68861|-6.68861
83|-6.68861|-6.68861
84|-6.68861|-6.68861
85|-6.68861|-6.68861
86|-6.68861|-6.68861
87|-6.68861|-6.68861
88|-6.68861|-6.68861
89|-6.68861|-6.68861
90|-6.68861|-6.68861
91|-6.68861|-6.68861
92|-6.68861|-6.68861
93|-6.68861|-6.68861
94|-6.68861|-6.68861
95|-6.68861|-6.68861
96|-6.68861|-6.68861
97|-6.68861|-6.68861
98|-6.68861|-6.68861
99|-6.68861|-6.68861
100|-6.68861|-6.68861
101|-6.68861|-6.68861
102|-6.68861|-6.68861
103|-6.68861|-6.68861
104|-6.68861|-6.68861
105|-6.68861|-6.68861
106|-6.68861|-6.68861
107|-6.68861|-6.68861
108|-6.68861|-6.68861
109|-6.68861|-6.68861
110|-6.68861|-6.68861
111|-6.68861|-6.68861
112|-6.68861|-6.68861
113|-6.68861|-6.68861
114|-6.68861|-6.68861
115|-6.68861|-6.68861
116|-6.68861|-6.68861
117|-6.68861|-6.68861
118|-6.68861|-6.68861
119|-6.68861|-6.68861
120|-6.68861|-6.68861
121|-6.68861|-6.68861
122|-6.68861|-6.68861
123|-6.68861|-6.68861
124|-6.68861|-6.68861
125|-6.68861|-6.68861
126|-6.68861|-6.68861
127|-6.68861|-6.68861
128|-6.68861|-6.68861
129|-6.68861|-6.68861
130|-6.68861|-6.68861
131|-6.68861|-6.68861
132|-6.68861|-6.68861
133|-6.68861|-6.68861
134|-6.68861|-6.68861
135|-6.68861|-6.68861
136|-6.68861|-6.68861
137|-6.68861|-6.68861
138|-6.68861|-6.68861
139|-6.68861|-6.68861
140|-6.68861|-6.68861
141|-6.68861|-6.68861
142|-6.68861|-6.68861
143|-6.68861|-6.68861
144|-6.68861|-6.68861
145|-6.68861|-6.68861
146|-6.68861|-6.68861
147|-6.68861|-6.68861
148|-6.68861|-6.68861
149|-6.68861|-6.68861
150|-6.68861|-6.68861
151|-6.68861|-6.68861
152|-6.68861|-6.68861
153|-6.68861|-6.68861
154|-6.68861|-6.68861
155|-6.68861|-6.68861
156|-6.68861|-6.68861
157|-6.68861|-6.68861
158|-6.68861|-6.68861
159|-6.68861|-6.68861
160|-6.68861|-6.68861
161|-6.68861|-6.68861
162|-6.68861|-6.68861
163|-6.68861|-6.68861
164|-6.68861|-6.68861
165|-6.68861|-6.68861
166|-6.68861|-6.68861
167|-6.68861|-6.68861
168|-6.68861|-6.68861
169|-6.68861|-6.68861
170|-6.68861|-6.68861
171|-6.68861|-6.68861
172|-6.68861|-6.68861
173|-6.68861|-6.68861
174|-6.68861|-6.68861
175|-6.68861|-6.68861
176|-6.68861|-6.68861
177|-6.68861|-6.68861
178|-6.68861|-6.68861
179|-6.68861|-6.68861
180|-6.68861|-6.68861
181|-6.68861|-6.68861
182|-6.68861|-6.68861
183|-6.68861|-6.68861
184|-6.68861|-6.68861
185|-6.68861|-6.68861
186|-6.68861|-6.68861
187|-6.68861|-6.68861
188|-6.68861|-6.68861
189|-6.68861|-6.68861
190|-6.68861|-6.68861
191|-6.68861|-6.68861
192|-6.68861|-6.68861
193|-6.68861|-6.68861
194|-6.68861|-6.68861
195|-6.68861|-6.68861
196|-6.68861|-6.68861
197|-6.68861|-6.68861
198|-6.68861|-6.68861
199|-6.68861|-6.68861
200|-6.68861|-6.68861
201|-6.68861|-6.68861
202|-6.68861|-6.68861
203|-6.68861|-6.68861
204|-6.68861|-6.68861
205|-6.68861|-6.68861
206|-6.68861|-6.68861
207|-6.68861|-6.68861
208|-6.68861|-6.68861
209|-6.68861|-6.68861
210|-6.68861|-6.68861
211|-6.68861|-6.68861
212|-6.68861|-6.68861
213|-6.68861|-6.68861
214|-6.68861|-6.68861
215|-6.68861|-6.68861
216|-6.68861|-6.68861
217|-6.68861|-6.68861
218|-6.68861|-6.68861
219|-6.68861|-6.68861
220|-6.68861|-6.68861
221|-6.68861|-6.68861
222|-6.68861|-6.68861
223|-6.68861|-6.68861
224|-6.68861|-6.68861
225|-6.68861|-6.68861
EARLY STOP: TARGET FOUND
258915ms
