1|70.3358|70.3358
2|58.1071|58.1071
3|55.6384|55.6384
4|55.2995|55.2995
5|55.2991|55.2991
6|55.2991|55.2991
7|45.997|45.997
8|45.9918|45.9918
9|45.9894|45.9894
10|45.9892|45.9892
11|45.9891|45.9891
12|45.9891|45.9891
13|45.0576|45.0576
14|45.0545|45.0545
15|45.0362|45.0362
16|45.0362|45.0362
17|42.2312|42.2312
18|42.1954|42.1954
19|41.7075|41.7075
20|35.9457|35.9457
21|35.8557|35.8557
22|35.8554|35.8554
23|19.0688|19.0688
24|19.0688|19.0688
25|12.0105|12.0105
26|10.7511|10.7511
27|10.3324|10.3324
28|10.2511|10.2511
29|10.214|10.214
30|10.1964|10.1964
31|10.1921|10.1921
32|10.191|10.191
33|10.1904|10.1904
34|10.1904|10.1904
35|10.1904|10.1904
36|10.1904|10.1904
37|10.1904|10.1904
38|10.1904|10.1904
39|10.1904|10.1904
40|10.1904|10.1904
41|10.1904|10.1904
42|10.1904|10.1904
43|10.1904|10.1904
44|10.1904|10.1904
45|10.1904|10.1904
46|10.1904|10.1904
47|10.1904|10.1904
48|10.1904|10.1904
49|10.1904|10.1904
50|10.1904|10.1904
51|10.1904|10.1904
52|10.1904|10.1904
53|10.1904|10.1904
54|10.1904|10.1904
55|10.1904|10.1904
56|10.1904|10.1904
57|10.1904|10.1904
58|10.1904|10.1904
59|10.1904|10.1904
60|10.1904|10.1904
61|10.1904|10.1904
62|10.1904|10.1904
63|10.1904|10.1904
64|10.1904|10.1904
65|10.1904|10.1904
66|10.1904|10.1904
67|10.1904|10.1904
68|10.1904|10.1904
69|10.1904|10.1904
70|10.1904|10.1904
71|10.1904|10.1904
72|10.1904|10.1904
73|10.1904|10.1904
74|10.1904|10.1904
75|10.1904|10.1904
76|10.1904|10.1904
77|10.1904|10.1904
78|10.1904|10.1904
79|10.1904|10.1904
80|10.1904|10.1904
81|10.1904|10.1904
82|10.1904|10.1904
83|10.1904|10.1904
84|10.1904|10.1904
85|10.1904|10.1904
86|10.1904|10.1904
87|10.1904|10.1904
88|10.1904|10.1904
89|10.1904|10.1904
90|10.1904|10.1904
91|10.1904|10.1904
92|10.1904|10.1904
93|10.1904|10.1904
94|10.1904|10.1904
95|10.1904|10.1904
96|10.1904|10.1904
97|10.1904|10.1904
98|10.1904|10.1904
99|10.1904|10.1904
100|10.1904|10.1904
101|10.1904|10.1904
102|10.1904|10.1904
103|10.1904|10.1904
104|10.1904|10.1904
105|10.1904|10.1904
106|10.1904|10.1904
107|10.1904|10.1904
108|10.1904|10.1904
109|10.1904|10.1904
110|10.1904|10.1904
111|10.1904|10.1904
112|10.1904|10.1904
113|10.1904|10.1904
114|10.1904|10.1904
115|10.1904|10.1904
116|10.1904|10.1904
117|10.1904|10.1904
118|10.1904|10.1904
119|10.1904|10.1904
120|10.1904|10.1904
121|10.1904|10.1904
122|10.1904|10.1904
123|10.1904|10.1904
124|10.1904|10.1904
125|10.1904|10.1904
126|10.1904|10.1904
127|10.1904|10.1904
128|10.1904|10.1904
129|10.1904|10.1904
130|10.1904|10.1904
131|10.1904|10.1904
132|10.1904|10.1904
133|10.1904|10.1904
134|10.1904|10.1904
135|10.1904|10.1904
136|10.1904|10.1904
137|10.1904|10.1904
138|10.1904|10.1904
139|10.1904|10.1904
140|10.1904|10.1904
141|10.1904|10.1904
142|10.1904|10.1904
143|10.1904|10.1904
144|10.1904|10.1904
145|10.1904|10.1904
146|10.1904|10.1904
147|10.1904|10.1904
148|10.1904|10.1904
149|10.1904|10.1904
150|10.1904|10.1904
151|10.1904|10.1904
152|10.1904|10.1904
153|10.1904|10.1904
154|10.1904|10.1904
155|10.1904|10.1904
156|10.1904|10.1904
157|10.1904|10.1904
158|10.1904|10.1904
159|10.1904|10.1904
160|10.1904|10.1904
161|10.1904|10.1904
162|10.1904|10.1904
163|10.1904|10.1904
164|10.1904|10.1904
165|10.1904|10.1904
166|10.1904|10.1904
167|10.1904|10.1904
168|10.1904|10.1904
169|10.1904|10.1904
170|10.1904|10.1904
171|10.1904|10.1904
172|10.1904|10.1904
173|10.1904|10.1904
174|10.1904|10.1904
175|10.1904|10.1904
176|10.1904|10.1904
177|10.1904|10.1904
178|10.1904|10.1904
179|10.1904|10.1904
180|10.1904|10.1904
181|10.1904|10.1904
182|10.1904|10.1904
183|10.1904|10.1904
EARLY STOP: TARGET FOUND
67197ms
