1|610.048|610.048
2|604.819|604.819
3|604.619|604.619
4|599.449|599.449
5|598.53|598.53
6|598.524|598.524
7|598.507|598.507
8|598.507|598.507
9|596.977|596.977
10|572.595|572.595
11|572.23|572.23
12|572.228|572.228
13|572.228|572.228
14|567.299|567.299
15|556.638|556.638
16|555.629|555.629
17|552.245|552.245
18|551.32|551.32
19|551.246|551.246
20|551.244|551.244
21|551.243|551.243
22|551.242|551.242
23|551.242|551.242
24|551.242|551.242
25|534.126|534.126
26|531.282|531.282
27|530.712|530.712
28|530.668|530.668
29|530.66|530.66
30|530.66|530.66
31|529.053|529.053
32|526.846|526.846
33|523.664|523.664
34|523.192|523.192
35|523.011|523.011
36|522.935|522.935
37|522.917|522.917
38|522.915|522.915
39|522.915|522.915
40|522.915|522.915
41|501.297|501.297
42|499.86|499.86
43|499.852|499.852
44|499.852|499.852
45|482.278|482.278
46|471.62|471.62
47|467.962|467.962
48|466.958|466.958
49|466.218|466.218
50|466.191|466.191
51|466.188|466.188
52|466.187|466.187
53|466.187|466.187
54|452.276|452.276
55|450.699|450.699
56|450.682|450.682
57|450.681|450.681
58|450.681|450.681
59|450.681|450.681
60|440.391|440.391
61|439.089|439.089
62|436.306|436.306
63|433.263|433.263
64|432.833|432.833
65|432.674|432.674
66|432.666|432.666
67|432.666|432.666
68|412.515|412.515
69|407.738|407.738
70|407.737|407.737
71|407.737|407.737
72|399.859|399.859
73|399.575|399.575
74|399.558|399.558
75|399.556|399.556
76|399.556|399.556
77|394.369|394.369
78|382.791|382.791
79|379.555|379.555
80|379.456|379.456
81|379.433|379.433
82|379.426|379.426
83|379.424|379.424
84|379.424|379.424
85|379.423|379.423
86|379.423|379.423
87|379.423|379.423
88|357.004|357.004
89|356.515|356.515
90|356.326|356.326
91|356.245|356.245
92|356.209|356.209
93|356.191|356.191
94|356.191|356.191
95|356.191|356.191
96|356.19|356.19
97|340.543|340.543
98|337.862|337.862
99|337.669|337.669
100|337.622|337.622
101|337.599|337.599
102|337.596|337.596
103|337.594|337.594
104|337.594|337.594
105|320.112|320.112
106|319.998|319.998
107|319.967|319.967
108|319.966|319.966
109|319.966|319.966
110|319.965|319.965
111|319.965|319.965
112|299.313|299.313
113|299.097|299.097
114|299.095|299.095
115|299.095|299.095
116|299.094|299.094
117|299.094|299.094
118|299.094|299.094
119|299.094|299.094
120|299.094|299.094
121|289.487|289.487
122|287.935|287.935
123|284.872|284.872
124|284.436|284.436
125|284.274|284.274
126|284.257|284.257
127|284.255|284.255
128|284.254|284.254
129|281.793|281.793
130|263.429|263.429
131|263.412|263.412
132|263.411|263.411
133|263.41|263.41
134|263.41|263.41
135|243.181|243.181
136|235.533|235.533
137|227.463|227.463
138|227.434|227.434
139|227.428|227.428
140|227.426|227.426
141|227.425|227.425
142|227.425|227.425
143|219.381|219.381
144|218.414|218.414
145|218.334|218.334
146|218.298|218.298
147|218.289|218.289
148|218.288|218.288
149|218.288|218.288
150|201.431|201.431
151|194.634|194.634
152|193.34|193.34
153|192.902|192.902
154|192.74|192.74
155|192.722|192.722
156|192.718|192.718
157|192.715|192.715
158|192.715|192.715
159|192.715|192.715
160|187.813|187.813
161|176.643|176.643
162|176.123|176.123
163|175.731|175.731
164|171.268|171.268
165|171.264|171.264
166|171.264|171.264
167|166.97|166.97
168|166.613|166.613
169|156.416|156.416
170|155.945|155.945
171|155.764|155.764
172|155.689|155.689
173|155.671|155.671
174|155.67|155.67
175|155.67|155.67
176|127.446|127.446
177|127.414|127.414
178|127.413|127.413
179|127.413|127.413
180|127.413|127.413
181|127.225|127.225
182|127.19|127.19
183|127.188|127.188
184|127.188|127.188
185|127.188|127.188
186|103.361|103.361
187|103.361|103.361
188|103.361|103.361
189|102.834|102.834
190|102.8|102.8
191|102.797|102.797
192|102.797|102.797
193|102.797|102.797
194|102.797|102.797
195|92.674|92.674
196|91.6875|91.6875
197|88.3001|88.3001
198|85.4059|85.4059
199|85.0216|85.0216
200|84.9842|84.9842
201|84.9664|84.9664
202|84.9577|84.9577
203|84.9555|84.9555
204|84.9553|84.9553
205|77.2798|77.2798
206|71.8836|71.8836
207|57.3516|57.3516
208|56.111|56.111
209|56.111|56.111
210|56.0802|56.0802
211|56.0686|56.0686
212|56.0673|56.0673
213|56.067|56.067
214|56.0669|56.0669
215|54.6185|54.6185
216|54.1037|54.1037
217|54.0308|54.0308
218|54.0188|54.0188
219|54.0162|54.0162
220|54.0155|54.0155
221|54.0155|54.0155
222|54.0155|54.0155
223|54.0155|54.0155
224|54.0155|54.0155
225|54.0155|54.0155
226|54.0155|54.0155
227|54.0155|54.0155
228|54.0155|54.0155
229|54.0155|54.0155
230|54.0155|54.0155
231|54.0155|54.0155
232|54.0155|54.0155
233|54.0155|54.0155
234|54.0155|54.0155
235|54.0155|54.0155
236|54.0155|54.0155
237|54.0155|54.0155
238|54.0155|54.0155
239|54.0155|54.0155
240|54.0155|54.0155
241|54.0155|54.0155
242|54.0155|54.0155
243|54.0155|54.0155
244|54.0155|54.0155
245|54.0155|54.0155
246|54.0155|54.0155
247|54.0155|54.0155
248|54.0155|54.0155
249|54.0155|54.0155
250|54.0155|54.0155
251|54.0155|54.0155
252|54.0155|54.0155
253|54.0155|54.0155
254|54.0155|54.0155
255|54.0155|54.0155
256|54.0155|54.0155
257|54.0155|54.0155
258|54.0155|54.0155
259|54.0155|54.0155
260|54.0155|54.0155
261|54.0155|54.0155
262|54.0155|54.0155
263|54.0155|54.0155
264|54.0155|54.0155
265|54.0155|54.0155
266|54.0155|54.0155
267|54.0155|54.0155
268|54.0155|54.0155
269|54.0155|54.0155
270|54.0155|54.0155
271|54.0155|54.0155
272|54.0155|54.0155
273|54.0155|54.0155
274|54.0155|54.0155
275|54.0155|54.0155
276|54.0155|54.0155
277|54.0155|54.0155
278|54.0155|54.0155
279|54.0155|54.0155
280|54.0155|54.0155
281|54.0155|54.0155
282|54.0155|54.0155
283|54.0155|54.0155
284|54.0155|54.0155
285|54.0155|54.0155
286|54.0155|54.0155
287|54.0155|54.0155
288|54.0155|54.0155
289|54.0155|54.0155
290|54.0155|54.0155
291|54.0155|54.0155
292|54.0155|54.0155
293|54.0155|54.0155
294|54.0155|54.0155
295|54.0155|54.0155
296|54.0155|54.0155
297|54.0155|54.0155
298|54.0155|54.0155
299|54.0155|54.0155
300|54.0155|54.0155
301|54.0155|54.0155
302|54.0155|54.0155
303|54.0155|54.0155
304|54.0155|54.0155
305|54.0155|54.0155
306|54.0155|54.0155
307|54.0155|54.0155
308|54.0155|54.0155
309|54.0155|54.0155
310|54.0155|54.0155
311|54.0155|54.0155
312|54.0155|54.0155
313|54.0155|54.0155
314|54.0155|54.0155
315|54.0155|54.0155
316|54.0155|54.0155
317|54.0155|54.0155
318|54.0155|54.0155
319|54.0155|54.0155
320|54.0155|54.0155
321|54.0155|54.0155
322|54.0155|54.0155
323|54.0155|54.0155
324|54.0155|54.0155
325|54.0155|54.0155
326|54.0155|54.0155
327|54.0155|54.0155
328|54.0155|54.0155
329|54.0155|54.0155
330|54.0155|54.0155
331|54.0155|54.0155
332|54.0155|54.0155
333|54.0155|54.0155
334|54.0155|54.0155
335|54.0155|54.0155
336|54.0155|54.0155
337|54.0155|54.0155
338|54.0155|54.0155
339|54.0155|54.0155
340|54.0155|54.0155
341|54.0155|54.0155
342|54.0155|54.0155
343|54.0155|54.0155
344|54.0155|54.0155
345|54.0155|54.0155
346|54.0155|54.0155
347|54.0155|54.0155
348|54.0155|54.0155
349|54.0155|54.0155
350|54.0155|54.0155
351|54.0155|54.0155
352|54.0155|54.0155
353|54.0155|54.0155
354|54.0155|54.0155
355|54.0155|54.0155
356|54.0155|54.0155
357|54.0155|54.0155
358|54.0155|54.0155
359|54.0155|54.0155
360|54.0155|54.0155
361|54.0155|54.0155
362|54.0155|54.0155
363|54.0155|54.0155
364|54.0155|54.0155
365|54.0155|54.0155
366|54.0155|54.0155
367|54.0155|54.0155
368|54.0155|54.0155
369|54.0155|54.0155
370|54.0155|54.0155
371|54.0155|54.0155
EARLY STOP: TARGET FOUND
2974861ms
