1|48.9475|48.9475
2|47.7224|47.7224
3|47.417|47.417
4|47.3411|47.3411
5|47.3224|47.3224
6|47.3178|47.3178
7|47.3167|47.3167
8|47.3165|47.3165
9|47.3164|47.3164
10|47.3164|47.3164
11|47.2581|47.2581
12|47.2481|47.2481
13|47.2476|47.2476
14|47.2476|47.2476
15|36.3141|36.3141
16|34.1323|34.1323
17|34.0899|34.0899
18|34.0899|34.0899
19|34.0873|34.0873
20|34.0873|34.0873
21|34.0872|34.0872
22|34.0872|34.0872
23|29.493|29.493
24|29.493|29.493
25|28.4247|28.4247
26|28.1977|28.1977
27|28.161|28.161
28|28.16|28.16
29|28.1599|28.1599
30|28.1598|28.1598
31|28.1598|28.1598
32|27.4359|27.4359
33|22.7017|22.7017
34|22.7017|22.7017
35|21.5634|21.5634
36|21.3014|21.3014
37|21.2472|21.2472
38|21.2393|21.2393
39|21.2393|21.2393
40|21.2393|21.2393
41|21.2393|21.2393
42|11.2468|11.2468
43|11.2468|11.2468
44|8.82969|8.82969
45|8.75795|8.75795
46|8.74128|8.74128
47|8.74128|8.74128
48|8.73775|8.73775
49|8.73718|8.73718
50|8.73717|8.73717
51|8.73717|8.73717
52|6.68741|6.68741
53|6.68741|6.68741
54|2.28464|2.28464
55|2.28464|2.28464
56|2.28464|2.28464
57|1.31206|1.31206
58|1.31206|1.31206
59|1.13297|1.13297
60|1.13297|1.13297
61|1.12019|1.12019
62|1.119|1.119
63|1.1187|1.1187
64|1.11863|1.11863
65|1.11863|1.11863
66|1.11861|1.11861
67|1.11861|1.11861
68|1.11861|1.11861
69|1.11861|1.11861
70|0.81391|0.81391
71|0.738361|0.738361
72|0.719787|0.719787
73|0.7153|0.7153
74|0.7153|0.7153
75|0.714256|0.714256
76|0.714256|0.714256
77|0.714034|0.714034
78|0.714034|0.714034
79|0.713998|0.713998
80|0.713997|0.713997
81|0.713997|0.713997
82|0.0827272|0.0827272
83|0.0827272|0.0827272
84|0.0827272|0.0827272
85|0.0827272|0.0827272
86|0.0827272|0.0827272
87|0.0827272|0.0827272
88|0.0827272|0.0827272
89|0.0529099|0.0529099
90|0.0529099|0.0529099
91|0.0529099|0.0529099
92|0.0529099|0.0529099
93|0.0527464|0.0527464
94|0.0527367|0.0527367
95|0.0527367|0.0527367
96|0.0527363|0.0527363
97|0.0527363|0.0527363
98|0.00485024|0.00485024
EARLY STOP: TARGET FOUND
60311ms
