1|-0.673081|-0.673081
2|-0.966401|-0.966401
3|-0.967042|-0.967042
4|-0.967362|-0.967362
5|-0.967443|-0.967443
6|-0.967483|-0.967483
7|-0.967503|-0.967503
8|-1.82751|-1.82751
9|-1.83016|-1.83016
10|-1.83034|-1.83034
11|-1.83036|-1.83036
12|-1.83036|-1.83036
13|-1.83036|-1.83036
14|-2.55267|-2.55267
15|-2.62641|-2.62641
16|-2.62648|-2.62648
17|-2.62649|-2.62649
18|-3.06597|-3.06597
19|-3.22304|-3.22304
20|-3.24272|-3.24272
21|-3.2525|-3.2525
22|-3.25311|-3.25311
23|-3.25319|-3.25319
24|-4.01664|-4.01664
25|-4.03787|-4.03787
26|-4.04011|-4.04011
27|-4.04218|-4.04218
28|-4.04228|-4.04228
29|-4.04229|-4.04229
30|-4.1424|-4.1424
31|-4.4487|-4.4487
32|-4.70071|-4.70071
33|-4.70071|-4.70071
34|-4.71825|-4.71825
35|-4.71837|-4.71837
36|-4.7184|-4.7184
37|-4.71841|-4.71841
38|-4.71841|-4.71841
39|-5.08108|-5.08108
40|-5.37003|-5.37003
41|-5.48993|-5.48993
42|-5.54078|-5.54078
43|-5.55224|-5.55224
44|-5.55501|-5.55501
45|-5.5557|-5.5557
46|-5.55605|-5.55605
47|-5.69472|-5.69472
48|-6.16626|-6.16626
49|-6.26029|-6.26029
50|-6.2629|-6.2629
51|-6.26305|-6.26305
52|-6.26307|-6.26307
53|-6.26307|-6.26307
54|-6.61396|-6.61396
55|-6.78852|-6.78852
56|-6.91854|-6.91854
57|-6.92686|-6.92686
58|-6.93023|-6.93023
59|-6.93171|-6.93171
60|-6.9324|-6.9324
61|-6.93249|-6.93249
62|-6.93253|-6.93253
63|-6.93254|-6.93254
64|-7.2814|-7.2814
65|-7.37667|-7.37667
66|-7.37732|-7.37732
67|-7.37763|-7.37763
68|-7.37778|-7.37778
69|-7.37778|-7.37778
70|-7.37778|-7.37778
71|-7.37778|-7.37778
72|-7.37778|-7.37778
73|-7.37778|-7.37778
74|-7.37778|-7.37778
75|-7.37778|-7.37778
76|-7.37778|-7.37778
77|-7.37778|-7.37778
78|-7.37778|-7.37778
79|-7.37778|-7.37778
80|-7.37778|-7.37778
81|-7.37778|-7.37778
82|-7.37778|-7.37778
83|-7.37778|-7.37778
84|-7.37778|-7.37778
85|-7.37778|-7.37778
86|-7.37778|-7.37778
87|-7.37778|-7.37778
88|-7.37778|-7.37778
89|-7.37778|-7.37778
90|-7.37778|-7.37778
91|-7.37778|-7.37778
92|-7.37778|-7.37778
93|-7.37778|-7.37778
94|-7.37778|-7.37778
95|-7.37778|-7.37778
96|-7.37778|-7.37778
97|-7.37778|-7.37778
98|-7.37778|-7.37778
99|-7.37778|-7.37778
100|-7.37778|-7.37778
101|-7.37778|-7.37778
102|-7.37778|-7.37778
103|-7.37778|-7.37778
104|-7.37778|-7.37778
105|-7.37778|-7.37778
106|-7.37778|-7.37778
107|-7.37778|-7.37778
108|-7.37778|-7.37778
109|-7.37778|-7.37778
110|-7.37778|-7.37778
111|-7.37778|-7.37778
112|-7.37778|-7.37778
113|-7.37778|-7.37778
114|-7.37778|-7.37778
115|-7.37778|-7.37778
116|-7.37778|-7.37778
117|-7.37778|-7.37778
118|-7.37778|-7.37778
119|-7.37778|-7.37778
120|-7.37778|-7.37778
121|-7.37778|-7.37778
122|-7.37778|-7.37778
123|-7.37778|-7.37778
124|-7.37778|-7.37778
125|-7.37778|-7.37778
126|-7.37778|-7.37778
127|-7.37778|-7.37778
128|-7.37778|-7.37778
129|-7.37778|-7.37778
130|-7.37778|-7.37778
131|-7.37778|-7.37778
132|-7.37778|-7.37778
133|-7.37778|-7.37778
134|-7.37778|-7.37778
135|-7.37778|-7.37778
136|-7.37778|-7.37778
137|-7.37778|-7.37778
138|-7.37778|-7.37778
139|-7.37778|-7.37778
140|-7.37778|-7.37778
141|-7.37778|-7.37778
142|-7.37778|-7.37778
143|-7.37778|-7.37778
144|-7.37778|-7.37778
145|-7.37778|-7.37778
146|-7.37778|-7.37778
147|-7.37778|-7.37778
148|-7.37778|-7.37778
149|-7.37778|-7.37778
150|-7.37778|-7.37778
151|-7.37778|-7.37778
152|-7.37778|-7.37778
153|-7.37778|-7.37778
154|-7.37778|-7.37778
155|-7.37778|-7.37778
156|-7.37778|-7.37778
157|-7.37778|-7.37778
158|-7.37778|-7.37778
159|-7.37778|-7.37778
160|-7.37778|-7.37778
161|-7.37778|-7.37778
162|-7.37778|-7.37778
163|-7.37778|-7.37778
164|-7.37778|-7.37778
165|-7.37778|-7.37778
166|-7.37778|-7.37778
167|-7.37778|-7.37778
168|-7.37778|-7.37778
169|-7.37778|-7.37778
170|-7.37778|-7.37778
171|-7.37778|-7.37778
172|-7.37778|-7.37778
173|-7.37778|-7.37778
174|-7.37778|-7.37778
175|-7.37778|-7.37778
176|-7.37778|-7.37778
177|-7.37778|-7.37778
178|-7.37778|-7.37778
179|-7.37778|-7.37778
180|-7.37778|-7.37778
181|-7.37778|-7.37778
182|-7.37778|-7.37778
183|-7.37778|-7.37778
184|-7.37778|-7.37778
185|-7.37778|-7.37778
186|-7.37778|-7.37778
187|-7.37778|-7.37778
188|-7.37778|-7.37778
189|-7.37778|-7.37778
190|-7.37778|-7.37778
191|-7.37778|-7.37778
192|-7.37778|-7.37778
193|-7.37778|-7.37778
194|-7.37778|-7.37778
195|-7.37778|-7.37778
196|-7.37778|-7.37778
197|-7.37778|-7.37778
198|-7.37778|-7.37778
199|-7.37778|-7.37778
200|-7.37778|-7.37778
201|-7.37778|-7.37778
202|-7.37778|-7.37778
203|-7.37778|-7.37778
204|-7.37778|-7.37778
205|-7.37778|-7.37778
206|-7.37778|-7.37778
207|-7.37778|-7.37778
208|-7.37778|-7.37778
209|-7.37778|-7.37778
210|-7.37778|-7.37778
211|-7.37778|-7.37778
212|-7.37778|-7.37778
213|-7.37778|-7.37778
214|-7.37778|-7.37778
215|-7.37778|-7.37778
216|-7.37778|-7.37778
217|-7.37778|-7.37778
218|-7.37778|-7.37778
EARLY STOP: TARGET FOUND
256536ms
