1|-1.59135|-1.59135
2|-1.59142|-1.59142
3|-1.59142|-1.59142
4|-1.59142|-1.59142
5|-1.59143|-1.59143
6|-1.59143|-1.59143
7|-1.62296|-1.62296
8|-1.62296|-1.62296
9|-1.73721|-1.73721
10|-2.00287|-2.00287
11|-2.00397|-2.00397
12|-2.00417|-2.00417
13|-2.0431|-2.0431
14|-2.26369|-2.26369
15|-2.94171|-2.94171
16|-2.96158|-2.96158
17|-2.96323|-2.96323
18|-2.96324|-2.96324
19|-2.96324|-2.96324
20|-2.96324|-2.96324
21|-2.96325|-2.96325
22|-3.15616|-3.15616
23|-3.16609|-3.16609
24|-3.16648|-3.16648
25|-3.16655|-3.16655
26|-3.16659|-3.16659
27|-3.1666|-3.1666
28|-3.1666|-3.1666
29|-3.1666|-3.1666
30|-3.18739|-3.18739
31|-3.19575|-3.19575
32|-3.1967|-3.1967
33|-3.19673|-3.19673
34|-3.19674|-3.19674
35|-3.19674|-3.19674
36|-3.19674|-3.19674
37|-3.19674|-3.19674
38|-3.19674|-3.19674
39|-3.19674|-3.19674
40|-3.19674|-3.19674
41|-3.19674|-3.19674
42|-3.19674|-3.19674
43|-3.19674|-3.19674
44|-3.19674|-3.19674
45|-3.19674|-3.19674
46|-3.19674|-3.19674
47|-3.19674|-3.19674
48|-3.19674|-3.19674
49|-3.19674|-3.19674
50|-3.19674|-3.19674
51|-3.19674|-3.19674
52|-3.19674|-3.19674
53|-3.19674|-3.19674
54|-3.19674|-3.19674
55|-3.19674|-3.19674
56|-3.19674|-3.19674
57|-3.19674|-3.19674
58|-3.19674|-3.19674
59|-3.19674|-3.19674
60|-3.19674|-3.19674
61|-3.19674|-3.19674
62|-3.19674|-3.19674
63|-3.19674|-3.19674
64|-3.19674|-3.19674
65|-3.19674|-3.19674
66|-3.19674|-3.19674
67|-3.19674|-3.19674
68|-3.19674|-3.19674
69|-3.19674|-3.19674
70|-3.19674|-3.19674
71|-3.19674|-3.19674
72|-3.19674|-3.19674
73|-3.19674|-3.19674
74|-3.19674|-3.19674
75|-3.19674|-3.19674
76|-3.19674|-3.19674
77|-3.19674|-3.19674
78|-3.19674|-3.19674
79|-3.19674|-3.19674
80|-3.19674|-3.19674
81|-3.19674|-3.19674
82|-3.19674|-3.19674
83|-3.19674|-3.19674
84|-3.19674|-3.19674
85|-3.19674|-3.19674
86|-3.19674|-3.19674
87|-3.19674|-3.19674
88|-3.19674|-3.19674
89|-3.19674|-3.19674
90|-3.19674|-3.19674
91|-3.19674|-3.19674
92|-3.19674|-3.19674
93|-3.19674|-3.19674
94|-3.19674|-3.19674
95|-3.19674|-3.19674
96|-3.19674|-3.19674
97|-3.19674|-3.19674
98|-3.19674|-3.19674
99|-3.19674|-3.19674
100|-3.19674|-3.19674
101|-3.19674|-3.19674
102|-3.19674|-3.19674
103|-3.19674|-3.19674
104|-3.19674|-3.19674
105|-3.19674|-3.19674
106|-3.19674|-3.19674
107|-3.19674|-3.19674
108|-3.19674|-3.19674
109|-3.19674|-3.19674
110|-3.19674|-3.19674
111|-3.19674|-3.19674
112|-3.19674|-3.19674
113|-3.19674|-3.19674
114|-3.19674|-3.19674
115|-3.19674|-3.19674
116|-3.19674|-3.19674
117|-3.19674|-3.19674
118|-3.19674|-3.19674
119|-3.19674|-3.19674
120|-3.19674|-3.19674
121|-3.19674|-3.19674
122|-3.19674|-3.19674
123|-3.19674|-3.19674
124|-3.19674|-3.19674
125|-3.19674|-3.19674
126|-3.19674|-3.19674
127|-3.19674|-3.19674
128|-3.19674|-3.19674
129|-3.19674|-3.19674
130|-3.19674|-3.19674
131|-3.19674|-3.19674
132|-3.19674|-3.19674
133|-3.19674|-3.19674
134|-3.19674|-3.19674
135|-3.19674|-3.19674
136|-3.19674|-3.19674
137|-3.19674|-3.19674
138|-3.19674|-3.19674
139|-3.19674|-3.19674
140|-3.19674|-3.19674
141|-3.19674|-3.19674
142|-3.19674|-3.19674
143|-3.19674|-3.19674
144|-3.19674|-3.19674
145|-3.19674|-3.19674
146|-3.19674|-3.19674
147|-3.19674|-3.19674
148|-3.19674|-3.19674
149|-3.19674|-3.19674
150|-3.19674|-3.19674
151|-3.19674|-3.19674
152|-3.19674|-3.19674
153|-3.19674|-3.19674
154|-3.19674|-3.19674
155|-3.19674|-3.19674
156|-3.19674|-3.19674
157|-3.19674|-3.19674
158|-3.19674|-3.19674
159|-3.19674|-3.19674
160|-3.19674|-3.19674
161|-3.19674|-3.19674
162|-3.19674|-3.19674
163|-3.19674|-3.19674
164|-3.19674|-3.19674
165|-3.19674|-3.19674
166|-3.19674|-3.19674
167|-3.19674|-3.19674
168|-3.19674|-3.19674
169|-3.19674|-3.19674
170|-3.19674|-3.19674
171|-3.19674|-3.19674
172|-3.19674|-3.19674
173|-3.19674|-3.19674
174|-3.19674|-3.19674
175|-3.19674|-3.19674
176|-3.19674|-3.19674
177|-3.19674|-3.19674
178|-3.19674|-3.19674
179|-3.19674|-3.19674
180|-3.19674|-3.19674
181|-3.19674|-3.19674
182|-3.19674|-3.19674
183|-3.19674|-3.19674
184|-3.19674|-3.19674
EARLY STOP: TARGET FOUND
65760ms
