1|22.4164|22.4164
2|22.2895|22.2895
3|22.2884|22.2884
4|22.2881|22.2881
5|22.2881|22.2881
6|22.2881|22.2881
7|18.8777|18.8777
8|18.8777|18.8777
9|18.4014|18.4014
10|18.3988|18.3988
11|18.3987|18.3987
12|18.3987|18.3987
13|18.3823|18.3823
14|18.3789|18.3789
15|18.3784|18.3784
16|18.3784|18.3784
17|18.3784|18.3784
18|18.3784|18.3784
19|14.4462|14.4462
20|13.709|13.709
21|13.709|13.709
22|13.6526|13.6526
23|13.6526|13.6526
24|13.6437|13.6437
25|13.6437|13.6437
26|13.6435|13.6435
27|13.6434|13.6434
28|13.6434|13.6434
29|2.03435|2.03435
30|2.03435|2.03435
31|0.0214049|0.0214049
32|0.0214049|0.0214049
33|0.0214049|0.0214049
34|0.0214049|0.0214049
35|0.0214048|0.0214048
36|0.0214048|0.0214048
37|0.0214048|0.0214048
38|0.0214048|0.0214048
39|0.00439619|0.00439619
EARLY STOP: TARGET FOUND
7010ms
