1|-2.89181|-2.89181
2|-2.93036|-2.93036
3|-2.94958|-2.94958
4|-2.95064|-2.95064
5|-2.95106|-2.95106
6|-2.95123|-2.95123
7|-2.95131|-2.95131
8|-2.95135|-2.95135
9|-2.95137|-2.95137
10|-2.95138|-2.95138
11|-2.95138|-2.95138
12|-3.00749|-3.00749
13|-3.01909|-3.01909
14|-3.02013|-3.02013
15|-3.02037|-3.02037
16|-3.02042|-3.02042
17|-3.02043|-3.02043
18|-3.026|-3.026
19|-3.68786|-3.68786
20|-3.94857|-3.94857
21|-3.97235|-3.97235
22|-3.97418|-3.97418
23|-3.97499|-3.97499
24|-3.97509|-3.97509
25|-3.97511|-3.97511
26|-3.97531|-3.97531
27|-4.14365|-4.14365
28|-4.16259|-4.16259
29|-4.16452|-4.16452
30|-4.16545|-4.16545
31|-4.1655|-4.1655
32|-4.16553|-4.16553
33|-4.16554|-4.16554
34|-4.25125|-4.25125
35|-4.76587|-4.76587
36|-4.91213|-4.91213
37|-4.96443|-4.96443
38|-4.98312|-4.98312
39|-4.98507|-4.98507
40|-4.98554|-4.98554
41|-4.98578|-4.98578
42|-4.98581|-4.98581
43|-5.0224|-5.0224
44|-5.46961|-5.46961
45|-5.84275|-5.84275
46|-5.95684|-5.95684
47|-5.97855|-5.97855
48|-5.97983|-5.97983
49|-5.97989|-5.97989
50|-5.98022|-5.98022
51|-5.98024|-5.98024
52|-5.98025|-5.98025
53|-5.98026|-5.98026
54|-5.99157|-5.99157
55|-6.45581|-6.45581
56|-6.68827|-6.68827
57|-6.68843|-6.68843
58|-6.68846|-6.68846
59|-6.68846|-6.68846
60|-7.24138|-7.24138
61|-7.37345|-7.37345
62|-7.3857|-7.3857
63|-7.38607|-7.38607
64|-7.3862|-7.3862
65|-7.38626|-7.38626
66|-7.38628|-7.38628
67|-7.3942|-7.3942
68|-8.13359|-8.13359
69|-8.19645|-8.19645
70|-8.21902|-8.21902
71|-8.22365|-8.22365
72|-8.2258|-8.2258
73|-8.22683|-8.22683
74|-8.22709|-8.22709
75|-8.22715|-8.22715
76|-8.22715|-8.22715
77|-8.22715|-8.22715
78|-8.22715|-8.22715
79|-8.22715|-8.22715
80|-8.22715|-8.22715
81|-8.22715|-8.22715
82|-8.22715|-8.22715
83|-8.22715|-8.22715
84|-8.22715|-8.22715
85|-8.22715|-8.22715
86|-8.22715|-8.22715
87|-8.22715|-8.22715
88|-8.22715|-8.22715
89|-8.22715|-8.22715
90|-8.22715|-8.22715
91|-8.22715|-8.22715
92|-8.22715|-8.22715
93|-8.22715|-8.22715
94|-8.22715|-8.22715
95|-8.22715|-8.22715
96|-8.22715|-8.22715
97|-8.22715|-8.22715
98|-8.22715|-8.22715
99|-8.22715|-8.22715
100|-8.22715|-8.22715
101|-8.22715|-8.22715
102|-8.22715|-8.22715
103|-8.22715|-8.22715
104|-8.22715|-8.22715
105|-8.22715|-8.22715
106|-8.22715|-8.22715
107|-8.22715|-8.22715
108|-8.22715|-8.22715
109|-8.22715|-8.22715
110|-8.22715|-8.22715
111|-8.22715|-8.22715
112|-8.22715|-8.22715
113|-8.22715|-8.22715
114|-8.22715|-8.22715
115|-8.22715|-8.22715
116|-8.22715|-8.22715
117|-8.22715|-8.22715
118|-8.22715|-8.22715
119|-8.22715|-8.22715
120|-8.22715|-8.22715
121|-8.22715|-8.22715
122|-8.22715|-8.22715
123|-8.22715|-8.22715
124|-8.22715|-8.22715
125|-8.22715|-8.22715
126|-8.22715|-8.22715
127|-8.22715|-8.22715
128|-8.22715|-8.22715
129|-8.22715|-8.22715
130|-8.22715|-8.22715
131|-8.22715|-8.22715
132|-8.22715|-8.22715
133|-8.22715|-8.22715
134|-8.22715|-8.22715
135|-8.22715|-8.22715
136|-8.22715|-8.22715
137|-8.22715|-8.22715
138|-8.22715|-8.22715
139|-8.22715|-8.22715
140|-8.22715|-8.22715
141|-8.22715|-8.22715
142|-8.22715|-8.22715
143|-8.22715|-8.22715
144|-8.22715|-8.22715
145|-8.22715|-8.22715
146|-8.22715|-8.22715
147|-8.22715|-8.22715
148|-8.22715|-8.22715
149|-8.22715|-8.22715
150|-8.22715|-8.22715
151|-8.22715|-8.22715
152|-8.22715|-8.22715
153|-8.22715|-8.22715
154|-8.22715|-8.22715
155|-8.22715|-8.22715
156|-8.22715|-8.22715
157|-8.22715|-8.22715
158|-8.22715|-8.22715
159|-8.22715|-8.22715
160|-8.22715|-8.22715
161|-8.22715|-8.22715
162|-8.22715|-8.22715
163|-8.22715|-8.22715
164|-8.22715|-8.22715
165|-8.22715|-8.22715
166|-8.22715|-8.22715
167|-8.22715|-8.22715
168|-8.22715|-8.22715
169|-8.22715|-8.22715
170|-8.22715|-8.22715
171|-8.22715|-8.22715
172|-8.22715|-8.22715
173|-8.22715|-8.22715
174|-8.22715|-8.22715
175|-8.22715|-8.22715
176|-8.22715|-8.22715
177|-8.22715|-8.22715
178|-8.22715|-8.22715
179|-8.22715|-8.22715
180|-8.22715|-8.22715
181|-8.22715|-8.22715
182|-8.22715|-8.22715
183|-8.22715|-8.22715
184|-8.22715|-8.22715
185|-8.22715|-8.22715
186|-8.22715|-8.22715
187|-8.22715|-8.22715
188|-8.22715|-8.22715
189|-8.22715|-8.22715
190|-8.22715|-8.22715
191|-8.22715|-8.22715
192|-8.22715|-8.22715
193|-8.22715|-8.22715
194|-8.22715|-8.22715
195|-8.22715|-8.22715
196|-8.22715|-8.22715
197|-8.22715|-8.22715
198|-8.22715|-8.22715
199|-8.22715|-8.22715
200|-8.22715|-8.22715
201|-8.22715|-8.22715
202|-8.22715|-8.22715
203|-8.22715|-8.22715
204|-8.22715|-8.22715
205|-8.22715|-8.22715
206|-8.22715|-8.22715
207|-8.22715|-8.22715
208|-8.22715|-8.22715
209|-8.22715|-8.22715
210|-8.22715|-8.22715
211|-8.22715|-8.22715
212|-8.22715|-8.22715
213|-8.22715|-8.22715
214|-8.22715|-8.22715
215|-8.22715|-8.22715
216|-8.22715|-8.22715
217|-8.22715|-8.22715
218|-8.22715|-8.22715
219|-8.22715|-8.22715
220|-8.22715|-8.22715
221|-8.22715|-8.22715
222|-8.22715|-8.22715
223|-8.22715|-8.22715
224|-8.22715|-8.22715
225|-8.22715|-8.22715
EARLY STOP: TARGET FOUND
257206ms
