1|-731.835|-731.835
2|-749.549|-749.549
3|-753.929|-753.929
4|-756.111|-756.111
5|-756.656|-756.656
6|-756.928|-756.928
7|-757.064|-757.064
8|-757.098|-757.098
9|-757.115|-757.115
10|-880.728|-880.728
11|-984.933|-984.933
12|-1021.68|-1021.68
13|-1021.68|-1021.68
14|-1034.77|-1034.77
15|-1037.46|-1037.46
16|-1038.72|-1038.72
17|-1038.8|-1038.8
18|-1038.81|-1038.81
19|-1038.81|-1038.81
20|-1085.9|-1085.9
21|-1107.33|-1107.33
22|-1112.99|-1112.99
23|-1112.99|-1112.99
24|-1149.22|-1149.22
25|-1166.95|-1166.95
26|-1166.95|-1166.95
27|-1171.34|-1171.34
28|-1173.52|-1173.52
29|-1174.61|-1174.61
30|-1175.16|-1175.16
31|-1175.43|-1175.43
32|-1175.57|-1175.57
33|-1175.57|-1175.57
34|-1175.57|-1175.57
35|-1175.57|-1175.57
36|-1193.38|-1193.38
37|-1202.18|-1202.18
38|-1206.54|-1206.54
39|-1206.68|-1206.68
40|-1206.75|-1206.75
41|-1206.78|-1206.78
42|-1206.8|-1206.8
43|-1206.81|-1206.81
44|-1206.81|-1206.81
45|-1206.81|-1206.81
46|-1219|-1219
47|-1220.26|-1220.26
48|-1220.34|-1220.34
49|-1220.38|-1220.38
50|-1220.39|-1220.39
51|-1220.39|-1220.39
52|-1220.39|-1220.39
53|-1220.39|-1220.39
54|-1220.39|-1220.39
55|-1691.26|-1691.26
56|-1695.97|-1695.97
57|-1696.55|-1696.55
58|-1696.75|-1696.75
59|-1696.75|-1696.75
60|-1696.83|-1696.83
61|-1696.86|-1696.86
62|-1696.88|-1696.88
63|-1696.88|-1696.88
64|-1770.05|-1770.05
65|-1900.28|-1900.28
66|-1935.11|-1935.11
67|-1947.17|-1947.17
68|-1947.8|-1947.8
69|-1948.11|-1948.11
70|-1948.18|-1948.18
71|-1948.19|-1948.19
72|-1948.2|-1948.2
73|-1948.2|-1948.2
74|-1948.2|-1948.2
75|-1948.2|-1948.2
76|-1948.2|-1948.2
77|-1948.2|-1948.2
78|-1948.2|-1948.2
79|-1999.97|-1999.97
80|-2234.21|-2234.21
81|-2239.89|-2239.89
82|-2241.16|-2241.16
83|-2241.47|-2241.47
84|-2241.51|-2241.51
85|-2241.51|-2241.51
86|-2241.51|-2241.51
87|-2241.51|-2241.51
88|-2241.51|-2241.51
89|-2371.09|-2371.09
90|-2392.08|-2392.08
91|-2463.26|-2463.26
92|-2510.13|-2510.13
93|-2516.26|-2516.26
94|-2516.26|-2516.26
95|-2517|-2517
96|-2517.18|-2517.18
97|-2517.18|-2517.18
98|-2517.19|-2517.19
99|-2517.19|-2517.19
100|-2596.92|-2596.92
101|-2656.94|-2656.94
102|-2671.35|-2671.35
103|-2753.83|-2753.83
104|-2765.85|-2765.85
105|-2766.48|-2766.48
106|-2766.79|-2766.79
107|-2766.8|-2766.8
108|-2766.8|-2766.8
109|-2766.8|-2766.8
110|-2973.98|-2973.98
111|-3126.49|-3126.49
112|-3165.31|-3165.31
113|-3175.9|-3175.9
114|-3179.01|-3179.01
115|-3179.01|-3179.01
116|-3179.13|-3179.13
117|-3179.19|-3179.19
118|-3179.2|-3179.2
119|-3179.2|-3179.2
120|-3179.2|-3179.2
121|-3179.2|-3179.2
122|-3259.06|-3259.06
123|-3358.17|-3358.17
124|-3358.17|-3358.17
125|-3515.53|-3515.53
126|-3544.85|-3544.85
127|-3547.48|-3547.48
128|-3548.11|-3548.11
129|-3548.18|-3548.18
130|-3548.19|-3548.19
131|-3548.2|-3548.2
132|-3548.2|-3548.2
133|-3548.2|-3548.2
134|-3591.57|-3591.57
135|-3591.57|-3591.57
136|-3829.72|-3829.72
137|-3945.54|-3945.54
138|-4003.96|-4003.96
139|-4004.35|-4004.35
140|-4011.83|-4011.83
141|-4011.83|-4011.83
142|-4011.83|-4011.83
143|-4076.1|-4076.1
144|-4290.38|-4290.38
145|-4302.46|-4302.46
146|-4303.1|-4303.1
147|-4303.41|-4303.41
148|-4303.56|-4303.56
149|-4303.57|-4303.57
150|-4303.58|-4303.58
151|-4303.58|-4303.58
152|-4303.58|-4303.58
153|-4309.6|-4309.6
154|-4309.6|-4309.6
155|-4313.85|-4313.85
156|-4314.31|-4314.31
157|-4314.39|-4314.39
158|-4314.42|-4314.42
159|-4314.43|-4314.43
160|-4314.44|-4314.44
161|-4314.45|-4314.45
162|-4314.45|-4314.45
163|-4377.65|-4377.65
164|-4476.32|-4476.32
165|-4476.51|-4476.51
166|-4476.52|-4476.52
167|-4519.14|-4519.14
168|-4647.53|-4647.53
169|-4647.53|-4647.53
170|-4673.62|-4673.62
171|-4776.2|-4776.2
172|-4776.2|-4776.2
173|-4776.5|-4776.5
174|-4776.51|-4776.51
175|-4776.52|-4776.52
176|-5037.7|-5037.7
177|-5125.79|-5125.79
178|-5198.71|-5198.71
179|-5202.65|-5202.65
180|-5203.04|-5203.04
181|-5203.07|-5203.07
182|-5203.07|-5203.07
183|-5203.08|-5203.08
184|-5255.64|-5255.64
185|-5269.04|-5269.04
186|-5305.03|-5305.03
187|-5305.03|-5305.03
188|-5313.86|-5313.86
189|-5313.86|-5313.86
190|-5318.24|-5318.24
191|-5320.42|-5320.42
192|-5321.51|-5321.51
193|-5322.06|-5322.06
194|-5322.19|-5322.19
195|-5322.21|-5322.21
196|-5322.21|-5322.21
197|-5504.95|-5504.95
198|-5929.77|-5929.77
199|-5936.1|-5936.1
200|-5936.14|-5936.14
201|-5936.15|-5936.15
202|-5936.15|-5936.15
203|-6067.27|-6067.27
204|-6067.27|-6067.27
205|-6125.56|-6125.56
206|-6421.43|-6421.43
207|-6466.59|-6466.59
208|-6561.45|-6561.45
209|-6562.42|-6562.42
210|-6562.44|-6562.44
211|-6562.44|-6562.44
212|-6562.44|-6562.44
213|-6753.94|-6753.94
214|-6924.89|-6924.89
215|-6953.67|-6953.67
216|-6953.67|-6953.67
217|-6969.44|-6969.44
218|-6971.26|-6971.26
219|-6971.26|-6971.26
220|-7008.2|-7008.2
221|-7021.4|-7021.4
222|-7024.12|-7024.12
223|-7025.39|-7025.39
224|-7025.7|-7025.7
225|-7025.74|-7025.74
226|-7025.76|-7025.76
227|-7025.76|-7025.76
228|-7070.12|-7070.12
229|-7221.46|-7221.46
230|-7422|-7422
231|-7422|-7422
232|-7426.62|-7426.62
233|-7426.62|-7426.62
234|-7476.53|-7476.53
235|-7496.53|-7496.53
236|-7505.22|-7505.22
237|-7507.25|-7507.25
238|-7507.28|-7507.28
239|-7507.29|-7507.29
240|-7507.3|-7507.3
241|-7507.31|-7507.31
242|-7507.31|-7507.31
243|-7538.73|-7538.73
244|-7663.42|-7663.42
245|-7663.42|-7663.42
246|-7733.5|-7733.5
247|-7813.82|-7813.82
248|-7815.53|-7815.53
249|-7816.61|-7816.61
250|-7816.68|-7816.68
251|-7816.69|-7816.69
252|-7816.69|-7816.69
253|-7820.36|-7820.36
254|-7820.76|-7820.76
255|-7820.77|-7820.77
256|-7906.91|-7906.91
257|-7928.11|-7928.11
258|-7929.42|-7929.42
259|-7929.75|-7929.75
260|-7929.92|-7929.92
261|-7930|-7930
262|-7930.04|-7930.04
263|-7930.05|-7930.05
264|-7930.05|-7930.05
265|-7930.05|-7930.05
266|-8043.55|-8043.55
267|-8500|-8500
268|-8525.87|-8525.87
269|-8525.99|-8525.99
270|-8526.05|-8526.05
271|-8526.05|-8526.05
272|-8604.83|-8604.83
273|-8793.52|-8793.52
274|-9201.84|-9201.84
275|-9208.82|-9208.82
276|-9212.83|-9212.83
277|-9213.23|-9213.23
278|-9213.26|-9213.26
279|-9213.28|-9213.28
280|-9213.28|-9213.28
281|-9213.29|-9213.29
282|-9381.91|-9381.91
283|-9832.74|-9832.74
284|-9833.35|-9833.35
285|-9833.36|-9833.36
286|-9833.36|-9833.36
287|-9833.36|-9833.36
288|-9833.36|-9833.36
289|-9833.36|-9833.36
290|-9833.36|-9833.36
291|-9833.36|-9833.36
292|-9833.36|-9833.36
293|-9833.36|-9833.36
294|-9833.36|-9833.36
295|-9833.36|-9833.36
296|-9833.36|-9833.36
297|-9833.36|-9833.36
298|-9833.36|-9833.36
299|-9833.36|-9833.36
300|-9833.36|-9833.36
301|-9833.36|-9833.36
302|-9833.36|-9833.36
303|-9833.36|-9833.36
304|-9833.36|-9833.36
305|-9833.36|-9833.36
306|-9833.36|-9833.36
307|-9833.36|-9833.36
308|-9833.36|-9833.36
309|-9833.36|-9833.36
310|-9833.36|-9833.36
311|-9833.36|-9833.36
312|-9833.36|-9833.36
313|-9833.36|-9833.36
314|-9833.36|-9833.36
315|-9833.36|-9833.36
316|-9833.36|-9833.36
317|-9833.36|-9833.36
318|-9833.36|-9833.36
319|-9833.36|-9833.36
320|-9833.36|-9833.36
321|-9833.36|-9833.36
322|-9833.36|-9833.36
323|-9833.36|-9833.36
324|-9833.36|-9833.36
325|-9833.36|-9833.36
326|-9833.36|-9833.36
327|-9833.36|-9833.36
328|-9833.36|-9833.36
329|-9833.36|-9833.36
330|-9833.36|-9833.36
331|-9833.36|-9833.36
332|-9833.36|-9833.36
333|-9833.36|-9833.36
334|-9833.36|-9833.36
335|-9833.36|-9833.36
336|-9833.36|-9833.36
337|-9833.36|-9833.36
338|-9833.36|-9833.36
339|-9833.36|-9833.36
340|-9833.36|-9833.36
341|-9833.36|-9833.36
342|-9833.36|-9833.36
343|-9833.36|-9833.36
344|-9833.36|-9833.36
345|-9833.36|-9833.36
346|-9833.36|-9833.36
347|-9833.36|-9833.36
348|-9833.36|-9833.36
349|-9833.36|-9833.36
350|-9833.36|-9833.36
351|-9833.36|-9833.36
352|-9833.36|-9833.36
353|-9833.36|-9833.36
354|-9833.36|-9833.36
355|-9833.36|-9833.36
356|-9833.36|-9833.36
357|-9833.36|-9833.36
358|-9833.36|-9833.36
359|-9833.36|-9833.36
360|-9833.36|-9833.36
361|-9833.36|-9833.36
362|-9833.36|-9833.36
363|-9833.36|-9833.36
364|-9833.36|-9833.36
365|-9833.36|-9833.36
366|-9833.36|-9833.36
367|-9833.36|-9833.36
368|-9833.36|-9833.36
369|-9833.36|-9833.36
370|-9833.36|-9833.36
371|-9833.36|-9833.36
372|-9833.36|-9833.36
373|-9833.36|-9833.36
374|-9833.36|-9833.36
375|-9833.36|-9833.36
376|-9833.36|-9833.36
377|-9833.36|-9833.36
378|-9833.36|-9833.36
379|-9833.36|-9833.36
380|-9833.36|-9833.36
381|-9833.36|-9833.36
382|-9833.36|-9833.36
383|-9833.36|-9833.36
384|-9833.36|-9833.36
385|-9833.36|-9833.36
386|-9833.36|-9833.36
387|-9833.36|-9833.36
388|-9833.36|-9833.36
389|-9833.36|-9833.36
390|-9833.36|-9833.36
391|-9833.36|-9833.36
392|-9833.36|-9833.36
393|-9833.36|-9833.36
394|-9833.36|-9833.36
395|-9833.36|-9833.36
396|-9833.36|-9833.36
397|-9833.36|-9833.36
398|-9833.36|-9833.36
399|-9833.36|-9833.36
400|-9833.36|-9833.36
401|-9833.36|-9833.36
402|-9833.36|-9833.36
403|-9833.36|-9833.36
404|-9833.36|-9833.36
405|-9833.36|-9833.36
406|-9833.36|-9833.36
407|-9833.36|-9833.36
408|-9833.36|-9833.36
409|-9833.36|-9833.36
410|-9833.36|-9833.36
411|-9833.36|-9833.36
412|-9833.36|-9833.36
413|-9833.36|-9833.36
414|-9833.36|-9833.36
415|-9833.36|-9833.36
416|-9833.36|-9833.36
417|-9833.36|-9833.36
418|-9833.36|-9833.36
419|-9833.36|-9833.36
420|-9833.36|-9833.36
421|-9833.36|-9833.36
422|-9833.36|-9833.36
423|-9833.36|-9833.36
424|-9833.36|-9833.36
425|-9833.36|-9833.36
426|-9833.36|-9833.36
427|-9833.36|-9833.36
428|-9833.36|-9833.36
429|-9833.36|-9833.36
430|-9833.36|-9833.36
431|-9833.36|-9833.36
432|-9833.36|-9833.36
433|-9833.36|-9833.36
434|-9833.36|-9833.36
435|-9833.36|-9833.36
436|-9833.36|-9833.36
EARLY STOP: TARGET FOUND
4682470ms
