1|610.95|610.95
2|520.236|520.236
3|394.978|394.978
4|381.739|381.739
5|379.005|379.005
6|377.726|377.726
7|377.415|377.415
8|377.261|377.261
9|377.242|377.242
10|377.237|377.237
11|377.235|377.235
12|377.234|377.234
13|377.234|377.234
14|292.551|292.551
15|220.771|220.771
16|176.002|176.002
17|144.797|144.797
18|126.965|126.965
19|118.16|118.16
20|113.788|113.788
21|112.698|112.698
22|112.426|112.426
23|112.29|112.29
24|112.256|112.256
25|112.239|112.239
26|112.231|112.231
27|112.23|112.23
28|112.23|112.23
29|-86.3231|-86.3231
30|-240.128|-240.128
31|-283.325|-283.325
32|-303.537|-303.537
33|-314.192|-314.192
34|-350.268|-350.268
35|-367.899|-367.899
36|-370.08|-370.08
37|-370.624|-370.624
38|-370.658|-370.658
39|-370.663|-370.663
40|-370.664|-370.664
41|-370.666|-370.666
42|-840.445|-840.445
43|-844.979|-844.979
44|-849.602|-849.602
45|-850.48|-850.48
46|-850.559|-850.559
47|-850.562|-850.562
48|-850.562|-850.562
49|-850.563|-850.563
50|-903.401|-903.401
51|-1177.48|-1177.48
52|-1249.8|-1249.8
53|-1330.86|-1330.86
54|-1333.71|-1333.71
55|-1333.71|-1333.71
56|-1333.71|-1333.71
57|-1333.71|-1333.71
58|-1333.72|-1333.72
59|-1333.72|-1333.72
60|-1782.7|-1782.7
61|-1952.63|-1952.63
62|-2041.78|-2041.78
63|-2047.13|-2047.13
64|-2052.12|-2052.12
65|-2052.32|-2052.32
66|-2052.35|-2052.35
67|-2052.36|-2052.36
68|-2052.36|-2052.36
69|-2052.36|-2052.36
70|-2052.36|-2052.36
71|-2052.36|-2052.36
72|-2218.7|-2218.7
73|-2262.79|-2262.79
74|-2264.58|-2264.58
75|-2264.58|-2264.58
76|-2264.58|-2264.58
77|-2270.11|-2270.11
78|-2270.74|-2270.74
79|-2270.9|-2270.9
80|-2270.97|-2270.97
81|-2270.97|-2270.97
82|-2270.98|-2270.98
83|-2379.79|-2379.79
84|-2379.79|-2379.79
85|-2459|-2459
86|-2651.19|-2651.19
87|-2665.04|-2665.04
88|-2670.58|-2670.58
89|-2671.21|-2671.21
90|-2671.37|-2671.37
91|-2671.44|-2671.44
92|-2671.48|-2671.48
93|-2671.5|-2671.5
94|-2671.5|-2671.5
95|-2671.51|-2671.51
96|-2737.01|-2737.01
97|-2819.69|-2819.69
98|-2820.74|-2820.74
99|-2822.14|-2822.14
100|-2822.17|-2822.17
101|-2822.17|-2822.17
102|-2822.17|-2822.17
103|-2822.17|-2822.17
104|-2822.17|-2822.17
105|-2913.18|-2913.18
106|-2972.9|-2972.9
107|-2981.41|-2981.41
108|-3041.98|-3041.98
109|-3043.07|-3043.07
110|-3043.34|-3043.34
111|-3043.36|-3043.36
112|-3043.37|-3043.37
113|-3287.77|-3287.77
114|-3396.1|-3396.1
115|-3458.47|-3458.47
116|-3463.81|-3463.81
117|-3465.04|-3465.04
118|-3465.19|-3465.19
119|-3465.21|-3465.21
120|-3465.21|-3465.21
121|-3465.22|-3465.22
122|-3465.22|-3465.22
123|-3465.22|-3465.22
124|-3465.22|-3465.22
125|-3632.19|-3632.19
126|-4085.23|-4085.23
127|-4085.58|-4085.58
128|-4085.59|-4085.59
129|-4284.54|-4284.54
130|-4355.02|-4355.02
131|-4406.21|-4406.21
132|-4410.05|-4410.05
133|-4411.61|-4411.61
134|-4411.78|-4411.78
135|-4411.87|-4411.87
136|-4411.92|-4411.92
137|-4411.93|-4411.93
138|-4411.93|-4411.93
139|-4411.93|-4411.93
140|-4411.93|-4411.93
141|-4466.66|-4466.66
142|-4585.79|-4585.79
143|-4620.52|-4620.52
144|-4632.54|-4632.54
145|-4633.16|-4633.16
146|-4633.32|-4633.32
147|-4633.4|-4633.4
148|-4633.43|-4633.43
149|-4633.44|-4633.44
150|-4633.44|-4633.44
151|-4685.24|-4685.24
152|-4700.39|-4700.39
153|-4736.32|-4736.32
154|-4745.13|-4745.13
155|-4749.5|-4749.5
156|-4750.6|-4750.6
157|-4751.14|-4751.14
158|-4751.41|-4751.41
159|-4751.45|-4751.45
160|-4751.46|-4751.46
161|-4751.47|-4751.47
162|-4760.88|-4760.88
163|-4911.76|-4911.76
164|-4927.03|-4927.03
165|-5044.74|-5044.74
166|-5169.01|-5169.01
167|-5220.54|-5220.54
168|-5224.2|-5224.2
169|-5225.77|-5225.77
170|-5226.13|-5226.13
171|-5226.15|-5226.15
172|-5226.16|-5226.16
173|-5226.16|-5226.16
174|-5226.16|-5226.16
175|-5226.9|-5226.9
176|-5227.08|-5227.08
177|-5227.1|-5227.1
178|-5227.11|-5227.11
179|-5227.11|-5227.11
180|-5227.11|-5227.11
181|-5227.11|-5227.11
182|-5335.89|-5335.89
183|-5347.09|-5347.09
184|-5541|-5541
185|-5616.17|-5616.17
186|-5658.06|-5658.06
187|-5659.25|-5659.25
188|-5659.31|-5659.31
189|-5659.32|-5659.32
190|-5659.32|-5659.32
191|-5659.32|-5659.32
192|-5884.36|-5884.36
193|-5890.43|-5890.43
194|-5893.11|-5893.11
195|-5893.74|-5893.74
196|-5894.05|-5894.05
197|-5894.21|-5894.21
198|-5894.29|-5894.29
199|-5894.31|-5894.31
200|-5894.31|-5894.31
201|-5894.32|-5894.32
202|-5894.32|-5894.32
203|-6024.3|-6024.3
204|-6073.76|-6073.76
205|-6334.67|-6334.67
206|-6423.09|-6423.09
207|-6495.85|-6495.85
208|-6499.81|-6499.81
209|-6500.2|-6500.2
210|-6500.23|-6500.23
211|-6500.24|-6500.24
212|-6500.24|-6500.24
213|-6500.24|-6500.24
214|-6500.24|-6500.24
215|-6500.24|-6500.24
216|-6500.24|-6500.24
217|-6557.17|-6557.17
218|-6655.85|-6655.85
219|-6828.06|-6828.06
220|-6829.38|-6829.38
221|-6829.71|-6829.71
222|-6829.79|-6829.79
223|-6829.81|-6829.81
224|-6829.82|-6829.82
225|-6960.64|-6960.64
226|-6979.58|-6979.58
227|-6983.76|-6983.76
228|-6984.77|-6984.77
229|-6984.9|-6984.9
230|-6984.93|-6984.93
231|-6984.94|-6984.94
232|-6984.95|-6984.95
233|-6984.95|-6984.95
234|-6984.96|-6984.96
235|-7073.98|-7073.98
236|-7132.44|-7132.44
237|-7173.61|-7173.61
238|-7249.49|-7249.49
239|-7255.04|-7255.04
240|-7255.66|-7255.66
241|-7255.82|-7255.82
242|-7255.9|-7255.9
243|-7255.93|-7255.93
244|-7255.94|-7255.94
245|-7255.95|-7255.95
246|-7255.95|-7255.95
247|-7255.95|-7255.95
248|-7255.95|-7255.95
249|-7527.35|-7527.35
250|-7597.45|-7597.45
251|-7601.77|-7601.77
252|-7602.25|-7602.25
253|-7602.39|-7602.39
254|-7602.4|-7602.4
255|-7602.4|-7602.4
256|-7602.41|-7602.41
257|-7602.41|-7602.41
258|-7766.26|-7766.26
259|-7804.6|-7804.6
260|-7823.33|-7823.33
261|-7840.15|-7840.15
262|-7876.03|-7876.03
263|-7884.82|-7884.82
264|-7889.18|-7889.18
265|-7889.22|-7889.22
266|-7889.23|-7889.23
267|-7889.24|-7889.24
268|-7889.24|-7889.24
269|-7889.24|-7889.24
270|-7971.19|-7971.19
271|-8154.62|-8154.62
272|-8577.74|-8577.74
273|-8584.6|-8584.6
274|-8584.62|-8584.62
275|-8584.62|-8584.62
276|-8715.08|-8715.08
277|-8767.29|-8767.29
278|-9038.91|-9038.91
279|-9114.26|-9114.26
280|-9193.76|-9193.76
281|-9196.82|-9196.82
282|-9196.85|-9196.85
283|-9196.87|-9196.87
284|-9196.88|-9196.88
285|-9196.88|-9196.88
286|-9196.88|-9196.88
287|-9302.88|-9302.88
288|-9323.42|-9323.42
289|-9323.42|-9323.42
290|-9332.38|-9332.38
291|-9336.53|-9336.53
292|-9337.04|-9337.04
293|-9337.1|-9337.1
294|-9337.11|-9337.11
295|-9337.11|-9337.11
296|-9337.11|-9337.11
297|-9337.11|-9337.11
298|-9338.62|-9338.62
299|-9345.56|-9345.56
300|-9345.58|-9345.58
301|-9345.58|-9345.58
302|-9345.58|-9345.58
303|-9345.58|-9345.58
304|-9345.58|-9345.58
305|-9345.58|-9345.58
306|-9345.58|-9345.58
307|-9345.58|-9345.58
308|-9345.58|-9345.58
309|-9345.58|-9345.58
310|-9345.58|-9345.58
311|-9345.58|-9345.58
312|-9345.58|-9345.58
313|-9345.58|-9345.58
314|-9345.58|-9345.58
315|-9345.58|-9345.58
316|-9345.58|-9345.58
317|-9345.58|-9345.58
318|-9345.58|-9345.58
319|-9345.58|-9345.58
320|-9345.58|-9345.58
321|-9345.58|-9345.58
322|-9345.58|-9345.58
323|-9345.58|-9345.58
324|-9345.58|-9345.58
325|-9345.58|-9345.58
326|-9345.58|-9345.58
327|-9345.58|-9345.58
328|-9345.58|-9345.58
329|-9345.58|-9345.58
330|-9345.58|-9345.58
331|-9345.58|-9345.58
332|-9345.58|-9345.58
333|-9345.58|-9345.58
334|-9345.58|-9345.58
335|-9345.58|-9345.58
336|-9345.58|-9345.58
337|-9345.58|-9345.58
338|-9345.58|-9345.58
339|-9345.58|-9345.58
340|-9345.58|-9345.58
341|-9345.58|-9345.58
342|-9345.58|-9345.58
343|-9345.58|-9345.58
344|-9345.58|-9345.58
345|-9345.58|-9345.58
346|-9345.58|-9345.58
347|-9345.58|-9345.58
348|-9345.58|-9345.58
349|-9345.58|-9345.58
350|-9345.58|-9345.58
351|-9345.58|-9345.58
352|-9345.58|-9345.58
353|-9345.58|-9345.58
354|-9345.58|-9345.58
355|-9345.58|-9345.58
356|-9345.58|-9345.58
357|-9345.58|-9345.58
358|-9345.58|-9345.58
359|-9345.58|-9345.58
360|-9345.58|-9345.58
361|-9345.58|-9345.58
362|-9345.58|-9345.58
363|-9345.58|-9345.58
364|-9345.58|-9345.58
365|-9345.58|-9345.58
366|-9345.58|-9345.58
367|-9345.58|-9345.58
368|-9345.58|-9345.58
369|-9345.58|-9345.58
370|-9345.58|-9345.58
371|-9345.58|-9345.58
372|-9345.58|-9345.58
373|-9345.58|-9345.58
374|-9345.58|-9345.58
375|-9345.58|-9345.58
376|-9345.58|-9345.58
377|-9345.58|-9345.58
378|-9345.58|-9345.58
379|-9345.58|-9345.58
380|-9345.58|-9345.58
381|-9345.58|-9345.58
382|-9345.58|-9345.58
383|-9345.58|-9345.58
384|-9345.58|-9345.58
385|-9345.58|-9345.58
386|-9345.58|-9345.58
387|-9345.58|-9345.58
388|-9345.58|-9345.58
389|-9345.58|-9345.58
390|-9345.58|-9345.58
391|-9345.58|-9345.58
392|-9345.58|-9345.58
393|-9345.58|-9345.58
394|-9345.58|-9345.58
395|-9345.58|-9345.58
396|-9345.58|-9345.58
397|-9345.58|-9345.58
398|-9345.58|-9345.58
399|-9345.58|-9345.58
400|-9345.58|-9345.58
401|-9345.58|-9345.58
402|-9345.58|-9345.58
403|-9345.58|-9345.58
404|-9345.58|-9345.58
405|-9345.58|-9345.58
406|-9345.58|-9345.58
407|-9345.58|-9345.58
408|-9345.58|-9345.58
409|-9345.58|-9345.58
410|-9345.58|-9345.58
411|-9345.58|-9345.58
412|-9345.58|-9345.58
413|-9345.58|-9345.58
414|-9345.58|-9345.58
415|-9345.58|-9345.58
416|-9345.58|-9345.58
417|-9345.58|-9345.58
418|-9345.58|-9345.58
419|-9345.58|-9345.58
420|-9345.58|-9345.58
421|-9345.58|-9345.58
422|-9345.58|-9345.58
423|-9345.58|-9345.58
424|-9345.58|-9345.58
425|-9345.58|-9345.58
426|-9345.58|-9345.58
427|-9345.58|-9345.58
428|-9345.58|-9345.58
429|-9345.58|-9345.58
430|-9345.58|-9345.58
431|-9345.58|-9345.58
432|-9345.58|-9345.58
433|-9345.58|-9345.58
434|-9345.58|-9345.58
435|-9345.58|-9345.58
436|-9345.58|-9345.58
437|-9345.58|-9345.58
438|-9345.58|-9345.58
439|-9345.58|-9345.58
440|-9345.58|-9345.58
441|-9345.58|-9345.58
442|-9345.58|-9345.58
443|-9345.58|-9345.58
444|-9345.58|-9345.58
445|-9345.58|-9345.58
446|-9345.58|-9345.58
447|-9345.58|-9345.58
448|-9345.58|-9345.58
449|-9345.58|-9345.58
450|-9345.58|-9345.58
451|-9345.58|-9345.58
EARLY STOP: TARGET FOUND
5036277ms
