1|53.4915|53.4915
2|50.774|50.774
3|49.503|49.503
4|49.1944|49.1944
5|49.1851|49.1851
6|49.1849|49.1849
7|49.1846|49.1846
8|-29.4831|-29.4831
9|-158.531|-158.531
10|-189.61|-189.61
11|-195.112|-195.112
12|-195.734|-195.734
13|-195.772|-195.772
14|-195.791|-195.791
15|-195.792|-195.792
16|-195.792|-195.792
17|-195.792|-195.792
18|-372.712|-372.712
19|-404.442|-404.442
20|-421.171|-421.171
21|-446.336|-446.336
22|-481.919|-481.919
23|-484.103|-484.103
24|-485.192|-485.192
25|-485.464|-485.464
26|-485.601|-485.601
27|-485.669|-485.669
28|-485.703|-485.703
29|-485.72|-485.72
30|-485.728|-485.728
31|-485.733|-485.733
32|-485.734|-485.734
33|-506.794|-506.794
34|-516.028|-516.028
35|-520.312|-520.312
36|-522.37|-522.37
37|-523.378|-523.378
38|-523.386|-523.386
39|-523.39|-523.39
40|-523.392|-523.392
41|-523.392|-523.392
42|-623.555|-623.555
43|-770.744|-770.744
44|-1239.94|-1239.94
45|-1241.58|-1241.58
46|-1242.04|-1242.04
47|-1242.11|-1242.11
48|-1242.15|-1242.15
49|-1242.16|-1242.16
50|-1242.17|-1242.17
51|-1242.17|-1242.17
52|-1636.13|-1636.13
53|-1675.35|-1675.35
54|-1675.6|-1675.6
55|-1675.66|-1675.66
56|-1675.7|-1675.7
57|-1675.71|-1675.71
58|-1675.72|-1675.72
59|-1675.72|-1675.72
60|-1675.72|-1675.72
61|-1675.72|-1675.72
62|-1675.72|-1675.72
63|-1948.58|-1948.58
64|-2006.3|-2006.3
65|-2087.28|-2087.28
66|-2139|-2139
67|-2154.33|-2154.33
68|-2190.25|-2190.25
69|-2199.06|-2199.06
70|-2203.43|-2203.43
71|-2204.52|-2204.52
72|-2205.07|-2205.07
73|-2205.14|-2205.14
74|-2205.17|-2205.17
75|-2205.19|-2205.19
76|-2205.19|-2205.19
77|-2205.19|-2205.19
78|-2205.2|-2205.2
79|-2205.2|-2205.2
80|-2415.51|-2415.51
81|-2450.89|-2450.89
82|-2577.03|-2577.03
83|-2632.18|-2632.18
84|-2720.16|-2720.16
85|-2720.96|-2720.96
86|-2721.26|-2721.26
87|-2721.28|-2721.28
88|-2721.29|-2721.29
89|-2721.29|-2721.29
90|-2721.29|-2721.29
91|-3192.16|-3192.16
92|-3330.63|-3330.63
93|-3434.88|-3434.88
94|-3434.88|-3434.88
95|-3434.88|-3434.88
96|-3434.88|-3434.88
97|-3434.88|-3434.88
98|-3735.91|-3735.91
99|-3754.82|-3754.82
100|-3847.42|-3847.42
101|-3908.46|-3908.46
102|-3917.8|-3917.8
103|-3974.73|-3974.73
104|-3979.1|-3979.1
105|-3979.64|-3979.64
106|-3979.78|-3979.78
107|-3979.8|-3979.8
108|-3979.8|-3979.8
109|-3979.81|-3979.81
110|-3984.54|-3984.54
111|-3985.48|-3985.48
112|-3985.59|-3985.59
113|-4044.04|-4044.04
114|-4133.08|-4133.08
115|-4134.08|-4134.08
116|-4185.45|-4185.45
117|-4351.51|-4351.51
118|-4442.6|-4442.6
119|-4443.1|-4443.1
120|-4450.54|-4450.54
121|-4450.54|-4450.54
122|-4450.54|-4450.54
123|-4452.71|-4452.71
124|-4563.75|-4563.75
125|-4725.66|-4725.66
126|-4770.95|-4770.95
127|-4771.33|-4771.33
128|-4772.12|-4772.12
129|-4772.43|-4772.43
130|-4772.47|-4772.47
131|-4772.48|-4772.48
132|-4772.48|-4772.48
133|-4772.48|-4772.48
134|-4772.48|-4772.48
135|-4889.44|-4889.44
136|-4889.44|-4889.44
137|-4889.44|-4889.44
138|-4948.23|-4948.23
139|-4983.35|-4983.35
140|-5060.75|-5060.75
141|-5060.75|-5060.75
142|-5066.51|-5066.51
143|-5067.8|-5067.8
144|-5068.43|-5068.43
145|-5068.58|-5068.58
146|-5068.6|-5068.6
147|-5068.61|-5068.61
148|-5068.61|-5068.61
149|-5163.54|-5163.54
150|-5287.2|-5287.2
151|-5299.02|-5299.02
152|-5299.33|-5299.33
153|-5299.4|-5299.4
154|-5299.41|-5299.41
155|-5299.41|-5299.41
156|-5314.96|-5314.96
157|-5432.8|-5432.8
158|-5556.21|-5556.21
159|-5608.22|-5608.22
160|-5608.22|-5608.22
161|-5611.63|-5611.63
162|-5613.21|-5613.21
163|-5613.57|-5613.57
164|-5613.66|-5613.66
165|-5613.68|-5613.68
166|-5613.69|-5613.69
167|-5613.69|-5613.69
168|-5613.7|-5613.7
169|-6080.59|-6080.59
170|-6081.53|-6081.53
171|-6081.53|-6081.53
172|-6081.53|-6081.53
173|-6110.9|-6110.9
174|-6110.9|-6110.9
175|-6234.81|-6234.81
176|-6312.33|-6312.33
177|-6388.78|-6388.78
178|-6391.56|-6391.56
179|-6392.1|-6392.1
180|-6392.31|-6392.31
181|-6392.35|-6392.35
182|-6425.78|-6425.78
183|-6503.6|-6503.6
184|-6503.6|-6503.6
185|-6509.41|-6509.41
186|-6510.72|-6510.72
187|-6511.36|-6511.36
188|-6511.67|-6511.67
189|-6511.82|-6511.82
190|-6511.84|-6511.84
191|-6511.85|-6511.85
192|-6511.85|-6511.85
193|-6511.85|-6511.85
194|-6655.68|-6655.68
195|-6655.68|-6655.68
196|-6757.42|-6757.42
197|-6757.57|-6757.57
198|-6757.6|-6757.6
199|-6757.61|-6757.61
200|-6757.62|-6757.62
201|-6757.62|-6757.62
202|-6757.62|-6757.62
203|-6967.12|-6967.12
204|-7002.26|-7002.26
205|-7002.26|-7002.26
206|-7128.31|-7128.31
207|-7184.41|-7184.41
208|-7271.91|-7271.91
209|-7272.71|-7272.71
210|-7273.03|-7273.03
211|-7273.1|-7273.1
212|-7319.59|-7319.59
213|-7384.94|-7384.94
214|-7447.52|-7447.52
215|-7550.63|-7550.63
216|-7550.88|-7550.88
217|-7550.91|-7550.91
218|-7605.35|-7605.35
219|-7677.86|-7677.86
220|-7680.51|-7680.51
221|-7681.14|-7681.14
222|-7681.3|-7681.3
223|-7681.37|-7681.37
224|-7681.41|-7681.41
225|-7681.42|-7681.42
226|-7681.42|-7681.42
227|-7681.42|-7681.42
228|-7703|-7703
229|-7807.81|-7807.81
230|-7807.94|-7807.94
231|-7808|-7808
232|-7808|-7808
233|-7923.08|-7923.08
234|-8152.39|-8152.39
235|-8252.32|-8252.32
236|-8252.75|-8252.75
237|-8252.82|-8252.82
238|-8252.83|-8252.83
239|-8252.84|-8252.84
240|-8252.85|-8252.85
241|-8252.85|-8252.85
242|-8307.36|-8307.36
243|-8374.3|-8374.3
244|-8405.25|-8405.25
245|-8590.87|-8590.87
246|-8671.53|-8671.53
247|-8698.69|-8698.69
248|-8698.76|-8698.76
249|-8698.76|-8698.76
250|-8698.76|-8698.76
251|-8699.39|-8699.39
252|-8699.7|-8699.7
253|-8699.86|-8699.86
254|-8699.87|-8699.87
255|-8699.87|-8699.87
256|-8699.87|-8699.87
257|-8699.87|-8699.87
258|-8838.28|-8838.28
259|-9309.15|-9309.15
260|-9314|-9314
261|-9314.98|-9314.98
262|-9315|-9315
263|-9315|-9315
264|-9315.01|-9315.01
265|-9315.01|-9315.01
266|-9361.51|-9361.51
267|-9436.04|-9436.04
268|-9438.84|-9438.84
269|-9440.15|-9440.15
270|-9440.78|-9440.78
271|-9441.09|-9441.09
272|-9441.25|-9441.25
273|-9441.29|-9441.29
274|-9441.3|-9441.3
275|-9441.31|-9441.31
276|-9441.31|-9441.31
277|-9441.31|-9441.31
278|-9441.31|-9441.31
279|-9441.31|-9441.31
280|-9441.31|-9441.31
281|-9441.31|-9441.31
282|-9441.31|-9441.31
283|-9441.31|-9441.31
284|-9441.31|-9441.31
285|-9441.31|-9441.31
286|-9441.31|-9441.31
287|-9441.31|-9441.31
288|-9441.31|-9441.31
289|-9441.31|-9441.31
290|-9441.31|-9441.31
291|-9441.31|-9441.31
292|-9441.31|-9441.31
293|-9441.31|-9441.31
294|-9441.31|-9441.31
295|-9441.31|-9441.31
296|-9441.31|-9441.31
297|-9441.31|-9441.31
298|-9441.31|-9441.31
299|-9441.31|-9441.31
300|-9441.31|-9441.31
301|-9441.31|-9441.31
302|-9441.31|-9441.31
303|-9441.31|-9441.31
304|-9441.31|-9441.31
305|-9441.31|-9441.31
306|-9441.31|-9441.31
307|-9441.31|-9441.31
308|-9441.31|-9441.31
309|-9441.31|-9441.31
310|-9441.31|-9441.31
311|-9441.31|-9441.31
312|-9441.31|-9441.31
313|-9441.31|-9441.31
314|-9441.31|-9441.31
315|-9441.31|-9441.31
316|-9441.31|-9441.31
317|-9441.31|-9441.31
318|-9441.31|-9441.31
319|-9441.31|-9441.31
320|-9441.31|-9441.31
321|-9441.31|-9441.31
322|-9441.31|-9441.31
323|-9441.31|-9441.31
324|-9441.31|-9441.31
325|-9441.31|-9441.31
326|-9441.31|-9441.31
327|-9441.31|-9441.31
328|-9441.31|-9441.31
329|-9441.31|-9441.31
330|-9441.31|-9441.31
331|-9441.31|-9441.31
332|-9441.31|-9441.31
333|-9441.31|-9441.31
334|-9441.31|-9441.31
335|-9441.31|-9441.31
336|-9441.31|-9441.31
337|-9441.31|-9441.31
338|-9441.31|-9441.31
339|-9441.31|-9441.31
340|-9441.31|-9441.31
341|-9441.31|-9441.31
342|-9441.31|-9441.31
343|-9441.31|-9441.31
344|-9441.31|-9441.31
345|-9441.31|-9441.31
346|-9441.31|-9441.31
347|-9441.31|-9441.31
348|-9441.31|-9441.31
349|-9441.31|-9441.31
350|-9441.31|-9441.31
351|-9441.31|-9441.31
352|-9441.31|-9441.31
353|-9441.31|-9441.31
354|-9441.31|-9441.31
355|-9441.31|-9441.31
356|-9441.31|-9441.31
357|-9441.31|-9441.31
358|-9441.31|-9441.31
359|-9441.31|-9441.31
360|-9441.31|-9441.31
361|-9441.31|-9441.31
362|-9441.31|-9441.31
363|-9441.31|-9441.31
364|-9441.31|-9441.31
365|-9441.31|-9441.31
366|-9441.31|-9441.31
367|-9441.31|-9441.31
368|-9441.31|-9441.31
369|-9441.31|-9441.31
370|-9441.31|-9441.31
371|-9441.31|-9441.31
372|-9441.31|-9441.31
373|-9441.31|-9441.31
374|-9441.31|-9441.31
375|-9441.31|-9441.31
376|-9441.31|-9441.31
377|-9441.31|-9441.31
378|-9441.31|-9441.31
379|-9441.31|-9441.31
380|-9441.31|-9441.31
381|-9441.31|-9441.31
382|-9441.31|-9441.31
383|-9441.31|-9441.31
384|-9441.31|-9441.31
385|-9441.31|-9441.31
386|-9441.31|-9441.31
387|-9441.31|-9441.31
388|-9441.31|-9441.31
389|-9441.31|-9441.31
390|-9441.31|-9441.31
391|-9441.31|-9441.31
392|-9441.31|-9441.31
393|-9441.31|-9441.31
394|-9441.31|-9441.31
395|-9441.31|-9441.31
396|-9441.31|-9441.31
397|-9441.31|-9441.31
398|-9441.31|-9441.31
399|-9441.31|-9441.31
400|-9441.31|-9441.31
401|-9441.31|-9441.31
402|-9441.31|-9441.31
403|-9441.31|-9441.31
404|-9441.31|-9441.31
405|-9441.31|-9441.31
406|-9441.31|-9441.31
407|-9441.31|-9441.31
408|-9441.31|-9441.31
409|-9441.31|-9441.31
410|-9441.31|-9441.31
411|-9441.31|-9441.31
412|-9441.31|-9441.31
413|-9441.31|-9441.31
414|-9441.31|-9441.31
415|-9441.31|-9441.31
416|-9441.31|-9441.31
417|-9441.31|-9441.31
418|-9441.31|-9441.31
419|-9441.31|-9441.31
420|-9441.31|-9441.31
421|-9441.31|-9441.31
422|-9441.31|-9441.31
423|-9441.31|-9441.31
424|-9441.31|-9441.31
425|-9441.31|-9441.31
426|-9441.31|-9441.31
427|-9441.31|-9441.31
428|-9441.31|-9441.31
EARLY STOP: TARGET FOUND
4689879ms
