1|277.643|277.643
2|255.137|255.137
3|-43.3228|-43.3228
4|-93.2839|-93.2839
5|-98.0914|-98.0914
6|-102.646|-102.646
7|-103.49|-103.49
8|-103.552|-103.552
9|-103.559|-103.559
10|-103.559|-103.559
11|-504.944|-504.944
12|-515.659|-515.659
13|-518.724|-518.724
14|-518.787|-518.787
15|-518.788|-518.788
16|-518.788|-518.788
17|-518.788|-518.788
18|-518.788|-518.788
19|-520.995|-520.995
20|-609.424|-609.424
21|-667.975|-667.975
22|-707.399|-707.399
23|-783.72|-783.72
24|-789.327|-789.327
25|-789.962|-789.962
26|-790.274|-790.274
27|-790.429|-790.429
28|-790.506|-790.506
29|-790.545|-790.545
30|-790.564|-790.564
31|-790.573|-790.573
32|-790.578|-790.578
33|-790.581|-790.581
34|-790.581|-790.581
35|-790.581|-790.581
36|-845.254|-845.254
37|-973.534|-973.534
38|-1192.48|-1192.48
39|-1299.53|-1299.53
40|-1299.6|-1299.6
41|-1299.61|-1299.61
42|-1299.62|-1299.62
43|-1299.62|-1299.62
44|-1299.62|-1299.62
45|-1299.62|-1299.62
46|-1471.93|-1471.93
47|-1477.21|-1477.21
48|-1478.52|-1478.52
49|-1478.85|-1478.85
50|-1479.02|-1479.02
51|-1479.03|-1479.03
52|-1479.03|-1479.03
53|-1479.03|-1479.03
54|-1479.03|-1479.03
55|-1566.85|-1566.85
56|-1971.31|-1971.31
57|-1991.54|-1991.54
58|-2000.34|-2000.34
59|-2002.4|-2002.4
60|-2003.41|-2003.41
61|-2003.47|-2003.47
62|-2003.5|-2003.5
63|-2003.52|-2003.52
64|-2003.52|-2003.52
65|-2003.52|-2003.52
66|-2472.71|-2472.71
67|-2479.21|-2479.21
68|-2483.34|-2483.34
69|-2483.97|-2483.97
70|-2483.98|-2483.98
71|-2483.98|-2483.98
72|-2483.98|-2483.98
73|-2483.98|-2483.98
74|-2483.98|-2483.98
75|-2846.84|-2846.84
76|-2892.01|-2892.01
77|-2901.18|-2901.18
78|-2905.43|-2905.43
79|-2907.47|-2907.47
80|-2907.72|-2907.72
81|-2907.84|-2907.84
82|-2907.85|-2907.85
83|-2907.86|-2907.86
84|-2907.86|-2907.86
85|-2907.86|-2907.86
86|-2907.86|-2907.86
87|-3048.2|-3048.2
88|-3271.4|-3271.4
89|-3276.51|-3276.51
90|-3285.62|-3285.62
91|-3343.53|-3343.53
92|-3345.71|-3345.71
93|-3346.81|-3346.81
94|-3347.35|-3347.35
95|-3347.49|-3347.49
96|-3347.55|-3347.55
97|-3347.59|-3347.59
98|-3347.61|-3347.61
99|-3347.61|-3347.61
100|-3347.62|-3347.62
101|-3347.62|-3347.62
102|-3443.28|-3443.28
103|-3512.27|-3512.27
104|-3516.74|-3516.74
105|-3517.25|-3517.25
106|-3517.42|-3517.42
107|-3517.45|-3517.45
108|-3517.46|-3517.46
109|-3517.47|-3517.47
110|-3517.47|-3517.47
111|-3517.47|-3517.47
112|-3517.47|-3517.47
113|-3517.47|-3517.47
114|-3517.47|-3517.47
115|-3517.47|-3517.47
116|-3517.47|-3517.47
117|-3517.47|-3517.47
118|-3517.47|-3517.47
119|-3517.47|-3517.47
120|-3517.47|-3517.47
121|-3517.47|-3517.47
122|-3517.47|-3517.47
123|-3517.47|-3517.47
124|-3517.47|-3517.47
125|-3517.47|-3517.47
126|-3517.47|-3517.47
127|-3517.47|-3517.47
128|-3517.47|-3517.47
129|-3517.47|-3517.47
130|-3517.47|-3517.47
131|-3517.47|-3517.47
132|-3517.47|-3517.47
133|-3517.47|-3517.47
134|-3517.47|-3517.47
135|-3517.47|-3517.47
136|-3517.47|-3517.47
137|-3517.47|-3517.47
138|-3517.47|-3517.47
139|-3517.47|-3517.47
140|-3517.47|-3517.47
141|-3517.47|-3517.47
142|-3517.47|-3517.47
143|-3517.47|-3517.47
144|-3517.47|-3517.47
145|-3517.47|-3517.47
146|-3517.47|-3517.47
147|-3517.47|-3517.47
148|-3517.47|-3517.47
149|-3517.47|-3517.47
150|-3517.47|-3517.47
151|-3517.47|-3517.47
152|-3517.47|-3517.47
153|-3517.47|-3517.47
154|-3517.47|-3517.47
155|-3517.47|-3517.47
156|-3517.47|-3517.47
157|-3517.47|-3517.47
158|-3517.47|-3517.47
159|-3517.47|-3517.47
160|-3517.47|-3517.47
161|-3517.47|-3517.47
162|-3517.47|-3517.47
163|-3517.47|-3517.47
164|-3517.47|-3517.47
165|-3517.47|-3517.47
166|-3517.47|-3517.47
167|-3517.47|-3517.47
168|-3517.47|-3517.47
169|-3517.47|-3517.47
170|-3517.47|-3517.47
171|-3517.47|-3517.47
172|-3517.47|-3517.47
173|-3517.47|-3517.47
174|-3517.47|-3517.47
175|-3517.47|-3517.47
176|-3517.47|-3517.47
177|-3517.47|-3517.47
178|-3517.47|-3517.47
179|-3517.47|-3517.47
180|-3517.47|-3517.47
181|-3517.47|-3517.47
182|-3517.47|-3517.47
183|-3517.47|-3517.47
184|-3517.47|-3517.47
185|-3517.47|-3517.47
186|-3517.47|-3517.47
187|-3517.47|-3517.47
188|-3517.47|-3517.47
189|-3517.47|-3517.47
190|-3517.47|-3517.47
191|-3517.47|-3517.47
192|-3517.47|-3517.47
193|-3517.47|-3517.47
194|-3517.47|-3517.47
195|-3517.47|-3517.47
196|-3517.47|-3517.47
197|-3517.47|-3517.47
198|-3517.47|-3517.47
199|-3517.47|-3517.47
200|-3517.47|-3517.47
201|-3517.47|-3517.47
202|-3517.47|-3517.47
203|-3517.47|-3517.47
204|-3517.47|-3517.47
205|-3517.47|-3517.47
206|-3517.47|-3517.47
207|-3517.47|-3517.47
208|-3517.47|-3517.47
209|-3517.47|-3517.47
210|-3517.47|-3517.47
211|-3517.47|-3517.47
212|-3517.47|-3517.47
213|-3517.47|-3517.47
214|-3517.47|-3517.47
215|-3517.47|-3517.47
216|-3517.47|-3517.47
217|-3517.47|-3517.47
218|-3517.47|-3517.47
219|-3517.47|-3517.47
220|-3517.47|-3517.47
221|-3517.47|-3517.47
222|-3517.47|-3517.47
223|-3517.47|-3517.47
224|-3517.47|-3517.47
225|-3517.47|-3517.47
226|-3517.47|-3517.47
227|-3517.47|-3517.47
228|-3517.47|-3517.47
229|-3517.47|-3517.47
230|-3517.47|-3517.47
231|-3517.47|-3517.47
232|-3517.47|-3517.47
233|-3517.47|-3517.47
234|-3517.47|-3517.47
235|-3517.47|-3517.47
236|-3517.47|-3517.47
237|-3517.47|-3517.47
238|-3517.47|-3517.47
239|-3517.47|-3517.47
240|-3517.47|-3517.47
241|-3517.47|-3517.47
242|-3517.47|-3517.47
243|-3517.47|-3517.47
244|-3517.47|-3517.47
245|-3517.47|-3517.47
246|-3517.47|-3517.47
247|-3517.47|-3517.47
248|-3517.47|-3517.47
249|-3517.47|-3517.47
250|-3517.47|-3517.47
251|-3517.47|-3517.47
252|-3517.47|-3517.47
253|-3517.47|-3517.47
254|-3517.47|-3517.47
255|-3517.47|-3517.47
256|-3517.47|-3517.47
257|-3517.47|-3517.47
258|-3517.47|-3517.47
259|-3517.47|-3517.47
260|-3517.47|-3517.47
EARLY STOP: TARGET FOUND
412156ms
