1|66.7413|66.7413
2|65.2723|65.2723
3|62.1906|62.1906
4|61.7495|61.7495
5|61.5848|61.5848
6|61.5669|61.5669
7|61.5582|61.5582
8|61.5539|61.5539
9|61.5533|61.5533
10|61.3304|61.3304
11|61.1261|61.1261
12|61.1182|61.1182
13|61.1165|61.1165
14|61.1164|61.1164
15|61.1164|61.1164
16|58.2924|58.2924
17|36.4303|36.4303
18|35.0899|35.0899
19|35.088|35.088
20|35.0879|35.0879
21|20.1176|20.1176
22|20.1176|20.1176
23|16.5131|16.5131
24|15.8932|15.8932
25|15.8251|15.8251
26|15.8085|15.8085
27|15.8002|15.8002
28|15.7981|15.7981
29|11.1342|11.1342
30|11.1341|11.1341
31|11.134|11.134
32|11.134|11.134
33|11.134|11.134
34|11.134|11.134
35|11.134|11.134
36|11.134|11.134
37|11.134|11.134
38|11.134|11.134
39|11.134|11.134
40|11.134|11.134
41|11.134|11.134
42|11.134|11.134
43|11.134|11.134
44|11.134|11.134
45|11.134|11.134
46|11.134|11.134
47|11.134|11.134
48|11.134|11.134
49|11.134|11.134
50|11.134|11.134
51|11.134|11.134
52|11.134|11.134
53|11.134|11.134
54|11.134|11.134
55|11.134|11.134
56|11.134|11.134
57|11.134|11.134
58|11.134|11.134
59|11.134|11.134
60|11.134|11.134
61|11.134|11.134
62|11.134|11.134
63|11.134|11.134
64|11.134|11.134
65|11.134|11.134
66|11.134|11.134
67|11.134|11.134
68|11.134|11.134
69|11.134|11.134
70|11.134|11.134
71|11.134|11.134
72|11.134|11.134
73|11.134|11.134
74|11.134|11.134
75|11.134|11.134
76|11.134|11.134
77|11.134|11.134
78|11.134|11.134
79|11.134|11.134
80|11.134|11.134
81|11.134|11.134
82|11.134|11.134
83|11.134|11.134
84|11.134|11.134
85|11.134|11.134
86|11.134|11.134
87|11.134|11.134
88|11.134|11.134
89|11.134|11.134
90|11.134|11.134
91|11.134|11.134
92|11.134|11.134
93|11.134|11.134
94|11.134|11.134
95|11.134|11.134
96|11.134|11.134
97|11.134|11.134
98|11.134|11.134
99|11.134|11.134
100|11.134|11.134
101|11.134|11.134
102|11.134|11.134
103|11.134|11.134
104|11.134|11.134
105|11.134|11.134
106|11.134|11.134
107|11.134|11.134
108|11.134|11.134
109|11.134|11.134
110|11.134|11.134
111|11.134|11.134
112|11.134|11.134
113|11.134|11.134
114|11.134|11.134
115|11.134|11.134
116|11.134|11.134
117|11.134|11.134
118|11.134|11.134
119|11.134|11.134
120|11.134|11.134
121|11.134|11.134
122|11.134|11.134
123|11.134|11.134
124|11.134|11.134
125|11.134|11.134
126|11.134|11.134
127|11.134|11.134
128|11.134|11.134
129|11.134|11.134
130|11.134|11.134
131|11.134|11.134
132|11.134|11.134
133|11.134|11.134
134|11.134|11.134
135|11.134|11.134
136|11.134|11.134
137|11.134|11.134
138|11.134|11.134
139|11.134|11.134
140|11.134|11.134
141|11.134|11.134
142|11.134|11.134
143|11.134|11.134
144|11.134|11.134
145|11.134|11.134
146|11.134|11.134
147|11.134|11.134
148|11.134|11.134
149|11.134|11.134
150|11.134|11.134
151|11.134|11.134
152|11.134|11.134
153|11.134|11.134
154|11.134|11.134
155|11.134|11.134
156|11.134|11.134
157|11.134|11.134
158|11.134|11.134
159|11.134|11.134
160|11.134|11.134
161|11.134|11.134
162|11.134|11.134
163|11.134|11.134
164|11.134|11.134
165|11.134|11.134
166|11.134|11.134
167|11.134|11.134
168|11.134|11.134
169|11.134|11.134
170|11.134|11.134
171|11.134|11.134
172|11.134|11.134
173|11.134|11.134
174|11.134|11.134
175|11.134|11.134
176|11.134|11.134
177|11.134|11.134
178|11.134|11.134
179|11.134|11.134
180|11.134|11.134
181|11.134|11.134
EARLY STOP: TARGET FOUND
64571ms
