1|236.386|236.386
2|236.358|236.358
3|236.358|236.358
4|231.469|231.469
5|227.776|227.776
6|227.776|227.776
7|227.159|227.159
8|227.132|227.132
9|227.132|227.132
10|203.779|203.779
11|203.715|203.715
12|203.702|203.702
13|203.701|203.701
14|203.701|203.701
15|203.701|203.701
16|203.701|203.701
17|203.213|203.213
18|203.213|203.213
19|203.21|203.21
20|203.21|203.21
21|187.762|187.762
22|186.826|186.826
23|186.665|186.665
24|186.657|186.657
25|186.656|186.656
26|175.865|175.865
27|173.648|173.648
28|173.601|173.601
29|173.597|173.597
30|173.597|173.597
31|173.597|173.597
32|172.923|172.923
33|172.882|172.882
34|172.882|172.882
35|172.88|172.88
36|172.88|172.88
37|162.3|162.3
38|160.029|160.029
39|160.029|160.029
40|159.976|159.976
41|159.969|159.969
42|159.969|159.969
43|159.044|159.044
44|158.889|158.889
45|158.882|158.882
46|147.286|147.286
47|145.27|145.27
48|145.253|145.253
49|145.253|145.253
50|145.249|145.249
51|145.248|145.248
52|145.248|145.248
53|145.248|145.248
54|145.092|145.092
55|145.085|145.085
56|145.085|145.085
57|145.084|145.084
58|125.886|125.886
59|125.418|125.418
60|125.418|125.418
61|125.416|125.416
62|125.416|125.416
63|125.416|125.416
64|99.832|99.832
65|99.8287|99.8287
66|99.8282|99.8282
67|97.4459|97.4459
68|97.4459|97.4459
69|97.3785|97.3785
70|97.3641|97.3641
71|97.3616|97.3616
72|97.3615|97.3615
73|94.1925|94.1925
74|93.9123|93.9123
75|93.849|93.849
76|93.8365|93.8365
77|93.8354|93.8354
78|93.8351|93.8351
79|93.8351|93.8351
80|93.8351|93.8351
81|93.8283|93.8283
82|93.8283|93.8283
83|89.0286|89.0286
84|87.8576|87.8576
85|87.5793|87.5793
86|87.5169|87.5169
87|87.5049|87.5049
88|87.5039|87.5039
89|87.5039|87.5039
90|87.5037|87.5037
91|87.5037|87.5037
92|87.5037|87.5037
93|82.6621|82.6621
94|82.6621|82.6621
95|81.47|81.47
96|81.1812|81.1812
97|81.1136|81.1136
98|81.099|81.099
99|81.0965|81.0965
100|81.0964|81.0964
101|79.0545|79.0545
102|79.0357|79.0357
103|79.0311|79.0311
104|79.03|79.03
105|79.0297|79.0297
106|79.0297|79.0297
107|79.0297|79.0297
108|79.0108|79.0108
109|79.0062|79.0062
110|79.0051|79.0051
111|79.0048|79.0048
112|79.0048|79.0048
113|79.0048|79.0048
114|74.2869|74.2869
115|73.1568|73.1568
116|73.1568|73.1568
117|72.899|72.899
118|72.8469|72.8469
119|72.84|72.84
120|72.84|72.84
121|60.5295|60.5295
122|60.5295|60.5295
123|58.6919|58.6919
124|58.6873|58.6873
125|58.6873|58.6873
126|58.6862|58.6862
127|58.6859|58.6859
128|58.6859|58.6859
129|58.6859|58.6859
130|54.4858|54.4858
131|53.6146|53.6146
132|53.4862|53.4862
133|53.4845|53.4845
134|53.3077|53.3077
135|48.4367|48.4367
136|47.23|47.23
137|46.9339|46.9339
138|46.8626|46.8626
139|46.8461|46.8461
140|46.8427|46.8427
141|46.8422|46.8422
142|46.8422|46.8422
143|38.3878|38.3878
144|35.5862|35.5862
145|35.3978|35.3978
146|35.3978|35.3978
147|35.3827|35.3827
148|35.38|35.38
149|35.3798|35.3798
150|35.3798|35.3798
151|35.3798|35.3798
152|34.257|34.257
153|34.257|34.257
154|34.0028|34.0028
155|33.9526|33.9526
156|33.9526|33.9526
157|33.948|33.948
158|33.9469|33.9469
159|33.9467|33.9467
160|33.9466|33.9466
161|33.9466|33.9466
162|33.9466|33.9466
163|33.8217|33.8217
164|33.8207|33.8207
165|33.8205|33.8205
166|33.8205|33.8205
167|16.1157|16.1157
168|15.4616|15.4616
169|15.4261|15.4261
170|15.4261|15.4261
171|15.4252|15.4252
172|15.4252|15.4252
173|15.4251|15.4251
174|15.4251|15.4251
175|13.0865|13.0865
176|8.75592|8.75592
177|7.81945|7.81945
178|7.81945|7.81945
179|7.65841|7.65841
180|7.65841|7.65841
181|7.65016|7.65016
182|7.65016|7.65016
183|7.65002|7.65002
184|7.65002|7.65002
185|7.65002|7.65002
186|5.54197|5.54197
187|1.15377|1.15377
188|1.15377|1.15377
189|1.15377|1.15377
190|1.15377|1.15377
191|1.15377|1.15377
192|1.15377|1.15377
193|0.188475|0.188475
194|0.188475|0.188475
195|0.188475|0.188475
196|0.188475|0.188475
197|0.188475|0.188475
198|0.188475|0.188475
199|0.188475|0.188475
200|0.188475|0.188475
201|0.188475|0.188475
202|0.188475|0.188475
203|0.188475|0.188475
204|0.188475|0.188475
205|0.188475|0.188475
206|0.188475|0.188475
207|0.188475|0.188475
208|0.188475|0.188475
209|0.188474|0.188474
210|0.188474|0.188474
211|0.188474|0.188474
212|0.188474|0.188474
213|0.188474|0.188474
214|0.188474|0.188474
215|0.188474|0.188474
216|0.188474|0.188474
217|0.0130271|0.0130271
218|0.0130271|0.0130271
219|0.013027|0.013027
220|0.013027|0.013027
221|0.013027|0.013027
222|0.013027|0.013027
223|0.013027|0.013027
224|0.013027|0.013027
225|0.013027|0.013027
226|0.013027|0.013027
227|0.013027|0.013027
228|0.013027|0.013027
229|0.013027|0.013027
230|0.013027|0.013027
231|0.013027|0.013027
232|0.013027|0.013027
233|0.013027|0.013027
234|0.013027|0.013027
235|0.013027|0.013027
236|0.013027|0.013027
237|0.013027|0.013027
238|0.013027|0.013027
239|0.013027|0.013027
240|0.013027|0.013027
241|0.013027|0.013027
242|0.013027|0.013027
243|0.013027|0.013027
244|0.013027|0.013027
245|0.013027|0.013027
246|0.013027|0.013027
247|0.013027|0.013027
248|0.013027|0.013027
249|0.00116525|0.00116525
EARLY STOP: TARGET FOUND
1440271ms
