1|-1.05242|-1.05242
2|-1.05245|-1.05245
3|-1.05245|-1.05245
4|-1.05245|-1.05245
5|-1.32196|-1.32196
6|-1.45951|-1.45951
7|-1.46465|-1.46465
8|-1.46477|-1.46477
9|-1.46481|-1.46481
10|-1.46482|-1.46482
11|-1.46483|-1.46483
12|-1.46483|-1.46483
13|-1.71495|-1.71495
14|-1.71608|-1.71608
15|-1.71664|-1.71664
16|-1.71671|-1.71671
17|-1.71675|-1.71675
18|-1.7299|-1.7299
19|-2.3282|-2.3282
20|-2.3284|-2.3284
21|-2.32878|-2.32878
22|-2.32886|-2.32886
23|-2.32888|-2.32888
24|-2.32888|-2.32888
25|-2.85769|-2.85769
26|-3.31488|-3.31488
27|-3.31768|-3.31768
28|-3.31768|-3.31768
29|-3.31768|-3.31768
30|-3.31768|-3.31768
31|-3.31768|-3.31768
32|-3.31768|-3.31768
33|-3.31768|-3.31768
34|-3.31768|-3.31768
35|-3.31768|-3.31768
36|-3.31768|-3.31768
37|-3.31768|-3.31768
38|-3.31768|-3.31768
39|-3.31768|-3.31768
40|-3.31768|-3.31768
41|-3.31768|-3.31768
42|-3.31768|-3.31768
43|-3.31768|-3.31768
44|-3.31768|-3.31768
45|-3.31768|-3.31768
46|-3.31768|-3.31768
47|-3.31768|-3.31768
48|-3.31768|-3.31768
49|-3.31768|-3.31768
50|-3.31768|-3.31768
51|-3.31768|-3.31768
52|-3.31768|-3.31768
53|-3.31768|-3.31768
54|-3.31768|-3.31768
55|-3.31768|-3.31768
56|-3.31768|-3.31768
57|-3.31768|-3.31768
58|-3.31768|-3.31768
59|-3.31768|-3.31768
60|-3.31768|-3.31768
61|-3.31768|-3.31768
62|-3.31768|-3.31768
63|-3.31768|-3.31768
64|-3.31768|-3.31768
65|-3.31768|-3.31768
66|-3.31768|-3.31768
67|-3.31768|-3.31768
68|-3.31768|-3.31768
69|-3.31768|-3.31768
70|-3.31768|-3.31768
71|-3.31768|-3.31768
72|-3.31768|-3.31768
73|-3.31768|-3.31768
74|-3.31768|-3.31768
75|-3.31768|-3.31768
76|-3.31768|-3.31768
77|-3.31768|-3.31768
78|-3.31768|-3.31768
79|-3.31768|-3.31768
80|-3.31768|-3.31768
81|-3.31768|-3.31768
82|-3.31768|-3.31768
83|-3.31768|-3.31768
84|-3.31768|-3.31768
85|-3.31768|-3.31768
86|-3.31768|-3.31768
87|-3.31768|-3.31768
88|-3.31768|-3.31768
89|-3.31768|-3.31768
90|-3.31768|-3.31768
91|-3.31768|-3.31768
92|-3.31768|-3.31768
93|-3.31768|-3.31768
94|-3.31768|-3.31768
95|-3.31768|-3.31768
96|-3.31768|-3.31768
97|-3.31768|-3.31768
98|-3.31768|-3.31768
99|-3.31768|-3.31768
100|-3.31768|-3.31768
101|-3.31768|-3.31768
102|-3.31768|-3.31768
103|-3.31768|-3.31768
104|-3.31768|-3.31768
105|-3.31768|-3.31768
106|-3.31768|-3.31768
107|-3.31768|-3.31768
108|-3.31768|-3.31768
109|-3.31768|-3.31768
110|-3.31768|-3.31768
111|-3.31768|-3.31768
112|-3.31768|-3.31768
113|-3.31768|-3.31768
114|-3.31768|-3.31768
115|-3.31768|-3.31768
116|-3.31768|-3.31768
117|-3.31768|-3.31768
118|-3.31768|-3.31768
119|-3.31768|-3.31768
120|-3.31768|-3.31768
121|-3.31768|-3.31768
122|-3.31768|-3.31768
123|-3.31768|-3.31768
124|-3.31768|-3.31768
125|-3.31768|-3.31768
126|-3.31768|-3.31768
127|-3.31768|-3.31768
128|-3.31768|-3.31768
129|-3.31768|-3.31768
130|-3.31768|-3.31768
131|-3.31768|-3.31768
132|-3.31768|-3.31768
133|-3.31768|-3.31768
134|-3.31768|-3.31768
135|-3.31768|-3.31768
136|-3.31768|-3.31768
137|-3.31768|-3.31768
138|-3.31768|-3.31768
139|-3.31768|-3.31768
140|-3.31768|-3.31768
141|-3.31768|-3.31768
142|-3.31768|-3.31768
143|-3.31768|-3.31768
144|-3.31768|-3.31768
145|-3.31768|-3.31768
146|-3.31768|-3.31768
147|-3.31768|-3.31768
148|-3.31768|-3.31768
149|-3.31768|-3.31768
150|-3.31768|-3.31768
151|-3.31768|-3.31768
152|-3.31768|-3.31768
153|-3.31768|-3.31768
154|-3.31768|-3.31768
155|-3.31768|-3.31768
156|-3.31768|-3.31768
157|-3.31768|-3.31768
158|-3.31768|-3.31768
159|-3.31768|-3.31768
160|-3.31768|-3.31768
161|-3.31768|-3.31768
162|-3.31768|-3.31768
163|-3.31768|-3.31768
164|-3.31768|-3.31768
165|-3.31768|-3.31768
166|-3.31768|-3.31768
167|-3.31768|-3.31768
168|-3.31768|-3.31768
169|-3.31768|-3.31768
170|-3.31768|-3.31768
171|-3.31768|-3.31768
172|-3.31768|-3.31768
173|-3.31768|-3.31768
174|-3.31768|-3.31768
175|-3.31768|-3.31768
176|-3.31768|-3.31768
177|-3.31768|-3.31768
EARLY STOP: TARGET FOUND
62912ms
