1|2412.86|2412.86
2|2412.86|2412.86
3|2412.86|2412.86
4|2348.4|2348.4
5|2293.19|2293.19
6|2227.55|2227.55
7|2196.06|2196.06
8|2010.75|2010.75
9|1929.9|1929.9
10|1903.23|1903.23
11|1903.15|1903.15
12|1903.14|1903.14
13|1903.14|1903.14
14|1903.13|1903.13
15|1466.04|1466.04
16|1466.04|1466.04
17|1289.01|1289.01
18|1203.53|1203.53
19|1188.86|1188.86
20|1188.59|1188.59
21|1186.79|1186.79
22|1186.79|1186.79
23|1186.79|1186.79
24|1186.79|1186.79
25|1084.13|1084.13
26|884.677|884.677
27|849.842|849.842
28|849.705|849.705
29|849.705|849.705
30|849.649|849.649
31|774.684|774.684
32|412.943|412.943
33|367.575|367.575
34|358.358|358.358
35|354.082|354.082
36|352.028|352.028
37|351.523|351.523
38|351.272|351.272
39|351.209|351.209
40|351.178|351.178
41|351.163|351.163
42|351.162|351.162
43|351.162|351.162
44|342.035|342.035
45|338.568|338.568
46|338.406|338.406
47|338.375|338.375
48|338.367|338.367
49|338.366|338.366
50|338.365|338.365
51|338.365|338.365
52|338.364|338.364
53|28.4777|28.4777
54|1.22522|1.22522
55|-102.6|-102.6
56|-102.778|-102.778
57|-102.844|-102.844
58|-102.851|-102.851
59|-102.855|-102.855
60|-102.855|-102.855
61|-169.254|-169.254
62|-214.368|-214.368
63|-298.964|-298.964
64|-322.093|-322.093
65|-511.608|-511.608
66|-589.856|-589.856
67|-623.427|-623.427
68|-623.533|-623.533
69|-623.533|-623.533
70|-960.069|-960.069
71|-1160.64|-1160.64
72|-1228.36|-1228.36
73|-1228.37|-1228.37
74|-1296.73|-1296.73
75|-1301.73|-1301.73
76|-1301.93|-1301.93
77|-1301.96|-1301.96
78|-1301.96|-1301.96
79|-1301.97|-1301.97
80|-1301.97|-1301.97
81|-1301.97|-1301.97
82|-1372.46|-1372.46
83|-1372.46|-1372.46
84|-1376.73|-1376.73
85|-1377.19|-1377.19
86|-1377.27|-1377.27
87|-1377.3|-1377.3
88|-1377.32|-1377.32
89|-1377.33|-1377.33
90|-1377.33|-1377.33
91|-1377.33|-1377.33
92|-1377.33|-1377.33
93|-1377.33|-1377.33
94|-1449.72|-1449.72
95|-1449.73|-1449.73
96|-1464.79|-1464.79
97|-1605.29|-1605.29
98|-1616.49|-1616.49
99|-1732.2|-1732.2
100|-1868.71|-1868.71
101|-1913.54|-1913.54
102|-1920.75|-1920.75
103|-1921.1|-1921.1
104|-1921.19|-1921.19
105|-1921.24|-1921.24
106|-1921.25|-1921.25
107|-1921.25|-1921.25
108|-1970.21|-1970.21
109|-2047.58|-2047.58
110|-2074.01|-2074.01
111|-2262|-2262
112|-2341.22|-2341.22
113|-2372.21|-2372.21
114|-2372.21|-2372.21
115|-2394.33|-2394.33
116|-2397.16|-2397.16
117|-2397.16|-2397.16
118|-2433.47|-2433.47
119|-2451.26|-2451.26
120|-2460.04|-2460.04
121|-2462.22|-2462.22
122|-2462.77|-2462.77
123|-2463.04|-2463.04
124|-2463.18|-2463.18
125|-2463.25|-2463.25
126|-2463.26|-2463.26
127|-2463.26|-2463.26
128|-2771.25|-2771.25
129|-2970.74|-2970.74
130|-2970.87|-2970.87
131|-2970.88|-2970.88
132|-2970.88|-2970.88
133|-2970.88|-2970.88
134|-3086.7|-3086.7
135|-3222.6|-3222.6
136|-3267.76|-3267.76
137|-3274.79|-3274.79
138|-3275.16|-3275.16
139|-3275.33|-3275.33
140|-3275.35|-3275.35
141|-3275.36|-3275.36
142|-3275.36|-3275.36
143|-3275.36|-3275.36
144|-3275.36|-3275.36
145|-3397.97|-3397.97
146|-3495.52|-3495.52
147|-3924.9|-3924.9
148|-3933.9|-3933.9
149|-3938.07|-3938.07
150|-3938.57|-3938.57
151|-3938.82|-3938.82
152|-3938.95|-3938.95
153|-3938.96|-3938.96
154|-3938.96|-3938.96
155|-3938.96|-3938.96
156|-4026.51|-4026.51
157|-4152.89|-4152.89
158|-4167.2|-4167.2
159|-4172.98|-4172.98
160|-4174.28|-4174.28
161|-4174.91|-4174.91
162|-4175.22|-4175.22
163|-4175.23|-4175.23
164|-4175.23|-4175.23
165|-4213.36|-4213.36
166|-4340.41|-4340.41
167|-4384.84|-4384.84
168|-4384.84|-4384.84
169|-4478.26|-4478.26
170|-4478.59|-4478.59
171|-4478.73|-4478.73
172|-4478.73|-4478.73
173|-4478.73|-4478.73
174|-4486.18|-4486.18
175|-4600|-4600
176|-4747.31|-4747.31
177|-4796.51|-4796.51
178|-4799.04|-4799.04
179|-4799.19|-4799.19
180|-4799.26|-4799.26
181|-4799.3|-4799.3
182|-4799.31|-4799.31
183|-4928.33|-4928.33
184|-4944.24|-4944.24
185|-5051.83|-5051.83
186|-5051.91|-5051.91
187|-5051.91|-5051.91
188|-5051.92|-5051.92
189|-5172.63|-5172.63
190|-5274.74|-5274.74
191|-5274.74|-5274.74
192|-5713.5|-5713.5
193|-5717.76|-5717.76
194|-5719.8|-5719.8
195|-5719.8|-5719.8
196|-5720.31|-5720.31
197|-5720.32|-5720.32
198|-5802.94|-5802.94
199|-5802.94|-5802.94
200|-5985.18|-5985.18
201|-6411.19|-6411.19
202|-6417.14|-6417.14
203|-6417.24|-6417.24
204|-6417.24|-6417.24
205|-6417.24|-6417.24
206|-6512.1|-6512.1
207|-6522.7|-6522.7
208|-6829.62|-6829.62
209|-6873.1|-6873.1
210|-6881.28|-6881.28
211|-6884.99|-6884.99
212|-6885.42|-6885.42
213|-6885.42|-6885.42
214|-7338.8|-7338.8
215|-7505.5|-7505.5
216|-7596.27|-7596.27
217|-7597.56|-7597.56
218|-7604.61|-7604.61
219|-7604.62|-7604.62
220|-7604.62|-7604.62
221|-7604.62|-7604.62
222|-7757.35|-7757.35
223|-7765.75|-7765.75
224|-7839.51|-7839.51
225|-7885.31|-7885.31
226|-7885.97|-7885.97
227|-7886.73|-7886.73
228|-7886.88|-7886.88
229|-7886.95|-7886.95
230|-7886.99|-7886.99
231|-7886.99|-7886.99
232|-7939.42|-7939.42
233|-8075.2|-8075.2
234|-8118.1|-8118.1
235|-8139.3|-8139.3
236|-8141.94|-8141.94
237|-8142.27|-8142.27
238|-8142.43|-8142.43
239|-8142.51|-8142.51
240|-8142.55|-8142.55
241|-8142.56|-8142.56
242|-8142.57|-8142.57
243|-8142.57|-8142.57
244|-8142.57|-8142.57
245|-8298.99|-8298.99
246|-8762.86|-8762.86
247|-8763.02|-8763.02
248|-8763.05|-8763.05
249|-8763.06|-8763.06
250|-8763.06|-8763.06
251|-8802.1|-8802.1
252|-9024.83|-9024.83
253|-9158.98|-9158.98
254|-9207.67|-9207.67
255|-9213.14|-9213.14
256|-9217.53|-9217.53
257|-9218.29|-9218.29
258|-9218.31|-9218.31
259|-9218.33|-9218.33
260|-9218.33|-9218.33
261|-9338.83|-9338.83
262|-9584.46|-9584.46
263|-9620.56|-9620.56
264|-9638.21|-9638.21
265|-9640.39|-9640.39
266|-9641.48|-9641.48
267|-9641.75|-9641.75
268|-9641.79|-9641.79
269|-9641.8|-9641.8
270|-9641.81|-9641.81
271|-9704.35|-9704.35
272|-9807.7|-9807.7
273|-9807.94|-9807.94
274|-9807.97|-9807.97
275|-9807.97|-9807.97
276|-9807.97|-9807.97
277|-9807.97|-9807.97
278|-9807.97|-9807.97
279|-9807.97|-9807.97
280|-9807.97|-9807.97
281|-9807.97|-9807.97
282|-9807.97|-9807.97
283|-9807.97|-9807.97
284|-9807.97|-9807.97
285|-9807.97|-9807.97
286|-9807.97|-9807.97
287|-9807.97|-9807.97
288|-9807.97|-9807.97
289|-9807.97|-9807.97
290|-9807.97|-9807.97
291|-9807.97|-9807.97
292|-9807.97|-9807.97
293|-9807.97|-9807.97
294|-9807.97|-9807.97
295|-9807.97|-9807.97
296|-9807.97|-9807.97
297|-9807.97|-9807.97
298|-9807.97|-9807.97
299|-9807.97|-9807.97
300|-9807.97|-9807.97
301|-9807.97|-9807.97
302|-9807.97|-9807.97
303|-9807.97|-9807.97
304|-9807.97|-9807.97
305|-9807.97|-9807.97
306|-9807.97|-9807.97
307|-9807.97|-9807.97
308|-9807.97|-9807.97
309|-9807.97|-9807.97
310|-9807.97|-9807.97
311|-9807.97|-9807.97
312|-9807.97|-9807.97
313|-9807.97|-9807.97
314|-9807.97|-9807.97
315|-9807.97|-9807.97
316|-9807.97|-9807.97
317|-9807.97|-9807.97
318|-9807.97|-9807.97
319|-9807.97|-9807.97
320|-9807.97|-9807.97
321|-9807.97|-9807.97
322|-9807.97|-9807.97
323|-9807.97|-9807.97
324|-9807.97|-9807.97
325|-9807.97|-9807.97
326|-9807.97|-9807.97
327|-9807.97|-9807.97
328|-9807.97|-9807.97
329|-9807.97|-9807.97
330|-9807.97|-9807.97
331|-9807.97|-9807.97
332|-9807.97|-9807.97
333|-9807.97|-9807.97
334|-9807.97|-9807.97
335|-9807.97|-9807.97
336|-9807.97|-9807.97
337|-9807.97|-9807.97
338|-9807.97|-9807.97
339|-9807.97|-9807.97
340|-9807.97|-9807.97
341|-9807.97|-9807.97
342|-9807.97|-9807.97
343|-9807.97|-9807.97
344|-9807.97|-9807.97
345|-9807.97|-9807.97
346|-9807.97|-9807.97
347|-9807.97|-9807.97
348|-9807.97|-9807.97
349|-9807.97|-9807.97
350|-9807.97|-9807.97
351|-9807.97|-9807.97
352|-9807.97|-9807.97
353|-9807.97|-9807.97
354|-9807.97|-9807.97
355|-9807.97|-9807.97
356|-9807.97|-9807.97
357|-9807.97|-9807.97
358|-9807.97|-9807.97
359|-9807.97|-9807.97
360|-9807.97|-9807.97
361|-9807.97|-9807.97
362|-9807.97|-9807.97
363|-9807.97|-9807.97
364|-9807.97|-9807.97
365|-9807.97|-9807.97
366|-9807.97|-9807.97
367|-9807.97|-9807.97
368|-9807.97|-9807.97
369|-9807.97|-9807.97
370|-9807.97|-9807.97
371|-9807.97|-9807.97
372|-9807.97|-9807.97
373|-9807.97|-9807.97
374|-9807.97|-9807.97
375|-9807.97|-9807.97
376|-9807.97|-9807.97
377|-9807.97|-9807.97
378|-9807.97|-9807.97
379|-9807.97|-9807.97
380|-9807.97|-9807.97
381|-9807.97|-9807.97
382|-9807.97|-9807.97
383|-9807.97|-9807.97
384|-9807.97|-9807.97
385|-9807.97|-9807.97
386|-9807.97|-9807.97
387|-9807.97|-9807.97
388|-9807.97|-9807.97
389|-9807.97|-9807.97
390|-9807.97|-9807.97
391|-9807.97|-9807.97
392|-9807.97|-9807.97
393|-9807.97|-9807.97
394|-9807.97|-9807.97
395|-9807.97|-9807.97
396|-9807.97|-9807.97
397|-9807.97|-9807.97
398|-9807.97|-9807.97
399|-9807.97|-9807.97
400|-9807.97|-9807.97
401|-9807.97|-9807.97
402|-9807.97|-9807.97
403|-9807.97|-9807.97
404|-9807.97|-9807.97
405|-9807.97|-9807.97
406|-9807.97|-9807.97
407|-9807.97|-9807.97
408|-9807.97|-9807.97
409|-9807.97|-9807.97
410|-9807.97|-9807.97
411|-9807.97|-9807.97
412|-9807.97|-9807.97
413|-9807.97|-9807.97
414|-9807.97|-9807.97
415|-9807.97|-9807.97
416|-9807.97|-9807.97
417|-9807.97|-9807.97
418|-9807.97|-9807.97
419|-9807.97|-9807.97
420|-9807.97|-9807.97
421|-9807.97|-9807.97
422|-9807.97|-9807.97
423|-9807.97|-9807.97
424|-9807.97|-9807.97
EARLY STOP: TARGET FOUND
4747812ms
