1|-1.5254|-1.5254
2|-1.62702|-1.62702
3|-1.63587|-1.63587
4|-1.63793|-1.63793
5|-1.63818|-1.63818
6|-1.63821|-1.63821
7|-1.63822|-1.63822
8|-2.62259|-2.62259
9|-2.63604|-2.63604
10|-2.63816|-2.63816
11|-2.63821|-2.63821
12|-2.63822|-2.63822
13|-3.04318|-3.04318
14|-3.2528|-3.2528
15|-3.57222|-3.57222
16|-3.58152|-3.58152
17|-3.58152|-3.58152
18|-3.58152|-3.58152
19|-3.67218|-3.67218
20|-3.75079|-3.75079
21|-3.75584|-3.75584
22|-3.75602|-3.75602
23|-3.75609|-3.75609
24|-3.75611|-3.75611
25|-3.75611|-3.75611
26|-4.25413|-4.25413
27|-4.64018|-4.64018
EARLY STOP: TARGET FOUND
4951ms
