1|372.903|372.903
2|371.106|371.106
3|370.072|370.072
4|369.99|369.99
5|369.979|369.979
6|369.975|369.975
7|369.974|369.974
8|369.974|369.974
9|369.974|369.974
10|280.035|280.035
11|107.566|107.566
12|86.3758|86.3758
13|85.0585|85.0585
14|84.729|84.729
15|84.6463|84.6463
16|84.6453|84.6453
17|9.54768|9.54768
18|7.65736|7.65736
19|-156.931|-156.931
20|-177.292|-177.292
21|-297.377|-297.377
22|-405.596|-405.596
23|-465.812|-465.812
24|-473.02|-473.02
25|-473.029|-473.029
26|-542.361|-542.361
27|-581.307|-581.307
28|-622.778|-622.778
29|-801.023|-801.023
30|-885.847|-885.847
31|-902.194|-902.194
32|-902.194|-902.194
33|-902.966|-902.966
34|-903.121|-903.121
35|-903.121|-903.121
36|-903.193|-903.193
37|-903.227|-903.227
38|-903.244|-903.244
39|-903.248|-903.248
40|-903.249|-903.249
41|-1034.47|-1034.47
42|-1103.52|-1103.52
43|-1104.14|-1104.14
44|-1104.3|-1104.3
45|-1104.37|-1104.37
46|-1104.38|-1104.38
47|-1104.39|-1104.39
48|-1104.39|-1104.39
49|-1152.14|-1152.14
50|-1216.82|-1216.82
51|-1279.52|-1279.52
52|-1381.76|-1381.76
53|-1382.08|-1382.08
54|-1382.09|-1382.09
55|-1382.09|-1382.09
56|-1382.09|-1382.09
57|-1382.09|-1382.09
58|-1484.92|-1484.92
59|-1484.97|-1484.97
60|-1484.97|-1484.97
61|-1484.97|-1484.97
62|-1855.2|-1855.2
63|-1932.5|-1932.5
64|-2061.88|-2061.88
65|-2093.9|-2093.9
66|-2099.65|-2099.65
67|-2100.94|-2100.94
68|-2101.57|-2101.57
69|-2101.65|-2101.65
70|-2101.68|-2101.68
71|-2101.7|-2101.7
72|-2101.71|-2101.71
73|-2101.71|-2101.71
74|-2101.71|-2101.71
75|-2101.71|-2101.71
76|-2332.84|-2332.84
77|-2332.84|-2332.84
78|-2457.02|-2457.02
79|-2511.01|-2511.01
80|-2513.71|-2513.71
81|-2520.05|-2520.05
82|-2520.09|-2520.09
83|-2520.1|-2520.1
84|-2520.1|-2520.1
85|-2520.1|-2520.1
86|-2615.43|-2615.43
87|-2615.43|-2615.43
88|-2653.34|-2653.34
89|-2667.06|-2667.06
90|-2672.54|-2672.54
91|-2672.86|-2672.86
92|-2673.01|-2673.01
93|-2673.09|-2673.09
94|-2673.11|-2673.11
95|-2673.11|-2673.11
96|-2673.11|-2673.11
97|-2685.48|-2685.48
98|-2686.92|-2686.92
99|-2688.13|-2688.13
100|-2688.19|-2688.19
101|-2688.19|-2688.19
102|-2688.19|-2688.19
103|-2790.89|-2790.89
104|-2855.95|-2855.95
105|-2895.85|-2895.85
106|-2938.22|-2938.22
107|-2955.85|-2955.85
108|-2958.03|-2958.03
109|-2958.31|-2958.31
110|-2958.44|-2958.44
111|-2958.51|-2958.51
112|-2958.54|-2958.54
113|-2958.55|-2958.55
114|-2958.56|-2958.56
115|-2958.56|-2958.56
116|-2976.03|-2976.03
117|-3132.76|-3132.76
118|-3138.97|-3138.97
119|-3213.18|-3213.18
120|-3257.74|-3257.74
121|-3259.65|-3259.65
122|-3391.94|-3391.94
123|-3439.09|-3439.09
124|-3439.09|-3439.09
125|-3445.07|-3445.07
126|-3445.82|-3445.82
127|-3445.99|-3445.99
128|-3446.04|-3446.04
129|-3446.05|-3446.05
130|-3446.05|-3446.05
131|-3446.06|-3446.06
132|-3446.06|-3446.06
133|-3446.06|-3446.06
134|-3606.3|-3606.3
135|-4066.86|-4066.86
136|-4066.88|-4066.88
137|-4066.88|-4066.88
138|-4069.99|-4069.99
139|-4076.12|-4076.12
140|-4076.2|-4076.2
141|-4076.2|-4076.2
142|-4076.2|-4076.2
143|-4206.38|-4206.38
144|-4256.85|-4256.85
145|-4521.71|-4521.71
146|-4605.33|-4605.33
147|-4680.57|-4680.57
148|-4684.2|-4684.2
149|-4684.38|-4684.38
150|-4684.45|-4684.45
151|-4684.47|-4684.47
152|-4684.47|-4684.47
153|-4684.47|-4684.47
154|-4684.47|-4684.47
155|-4771.06|-4771.06
156|-4814|-4814
157|-4835.24|-4835.24
158|-4840.51|-4840.51
159|-4841.83|-4841.83
160|-4841.91|-4841.91
161|-4841.95|-4841.95
162|-4841.97|-4841.97
163|-4841.98|-4841.98
164|-4841.99|-4841.99
165|-4841.99|-4841.99
166|-4965.72|-4965.72
167|-5044.87|-5044.87
168|-5120.47|-5120.47
169|-5123.49|-5123.49
170|-5123.91|-5123.91
171|-5124.18|-5124.18
172|-5124.21|-5124.21
173|-5124.21|-5124.21
174|-5132.81|-5132.81
175|-5192.98|-5192.98
176|-5194.07|-5194.07
177|-5194.61|-5194.61
178|-5194.75|-5194.75
179|-5194.76|-5194.76
180|-5194.77|-5194.77
181|-5194.77|-5194.77
182|-5194.77|-5194.77
183|-5194.77|-5194.77
184|-5262.85|-5262.85
185|-5598.11|-5598.11
186|-5647.83|-5647.83
187|-5667.73|-5667.73
188|-5676.36|-5676.36
189|-5677.37|-5677.37
190|-5677.88|-5677.88
191|-5677.94|-5677.94
192|-5677.95|-5677.95
193|-5677.95|-5677.95
194|-5677.95|-5677.95
195|-5947.12|-5947.12
196|-6025.46|-6025.46
197|-6103.42|-6103.42
198|-6106.69|-6106.69
199|-6106.77|-6106.77
200|-6106.8|-6106.8
201|-6106.81|-6106.81
202|-6106.82|-6106.82
203|-6106.82|-6106.82
204|-6106.82|-6106.82
205|-6398.57|-6398.57
206|-6455.84|-6455.84
207|-6586.88|-6586.88
208|-6663.06|-6663.06
209|-6668.65|-6668.65
210|-6669.28|-6669.28
211|-6669.59|-6669.59
212|-6669.75|-6669.75
213|-6669.78|-6669.78
214|-6669.79|-6669.79
215|-6669.79|-6669.79
216|-6669.79|-6669.79
217|-6669.79|-6669.79
218|-6671.31|-6671.31
219|-6756.87|-6756.87
220|-6769.78|-6769.78
221|-6772.43|-6772.43
222|-6773.06|-6773.06
223|-6773.21|-6773.21
224|-6773.25|-6773.25
225|-6773.27|-6773.27
226|-6773.28|-6773.28
227|-6773.28|-6773.28
228|-6845.65|-6845.65
229|-6928.7|-6928.7
230|-7182.61|-7182.61
231|-7265.3|-7265.3
232|-7267.1|-7267.1
233|-7267.63|-7267.63
234|-7267.81|-7267.81
235|-7267.88|-7267.88
236|-7267.88|-7267.88
237|-7267.89|-7267.89
238|-7267.89|-7267.89
239|-7267.89|-7267.89
240|-7737.53|-7737.53
241|-7742.57|-7742.57
242|-7747.07|-7747.07
243|-7747.88|-7747.88
244|-7747.93|-7747.93
245|-7747.94|-7747.94
246|-7856.97|-7856.97
247|-7994.21|-7994.21
248|-8026.43|-8026.43
249|-8032.23|-8032.23
250|-8033.54|-8033.54
251|-8034.17|-8034.17
252|-8034.48|-8034.48
253|-8034.55|-8034.55
254|-8034.57|-8034.57
255|-8034.58|-8034.58
256|-8034.59|-8034.59
257|-8034.59|-8034.59
258|-8058.45|-8058.45
259|-8192.49|-8192.49
260|-8270.97|-8270.97
261|-8311.05|-8311.05
262|-8325.94|-8325.94
263|-8332.03|-8332.03
264|-8334.72|-8334.72
265|-8335.98|-8335.98
266|-8336.02|-8336.02
267|-8336.04|-8336.04
268|-8336.05|-8336.05
269|-8336.05|-8336.05
270|-8426.74|-8426.74
271|-8593.6|-8593.6
272|-9046.77|-9046.77
273|-9047.1|-9047.1
274|-9047.11|-9047.11
275|-9063.09|-9063.09
276|-9181.14|-9181.14
277|-9303.23|-9303.23
278|-9355.95|-9355.95
279|-9358.98|-9358.98
280|-9360.58|-9360.58
281|-9360.95|-9360.95
282|-9361.13|-9361.13
283|-9361.21|-9361.21
284|-9361.22|-9361.22
285|-9361.22|-9361.22
286|-9361.22|-9361.22
287|-9361.22|-9361.22
288|-9361.22|-9361.22
289|-9361.22|-9361.22
290|-9361.22|-9361.22
291|-9361.22|-9361.22
292|-9361.22|-9361.22
293|-9361.22|-9361.22
294|-9361.22|-9361.22
295|-9361.22|-9361.22
296|-9361.22|-9361.22
297|-9361.22|-9361.22
298|-9361.22|-9361.22
299|-9361.22|-9361.22
300|-9361.22|-9361.22
301|-9361.22|-9361.22
302|-9361.22|-9361.22
303|-9361.22|-9361.22
304|-9361.22|-9361.22
305|-9361.22|-9361.22
306|-9361.22|-9361.22
307|-9361.22|-9361.22
308|-9361.22|-9361.22
309|-9361.22|-9361.22
310|-9361.22|-9361.22
311|-9361.22|-9361.22
312|-9361.22|-9361.22
313|-9361.22|-9361.22
314|-9361.22|-9361.22
315|-9361.22|-9361.22
316|-9361.22|-9361.22
317|-9361.22|-9361.22
318|-9361.22|-9361.22
319|-9361.22|-9361.22
320|-9361.22|-9361.22
321|-9361.22|-9361.22
322|-9361.22|-9361.22
323|-9361.22|-9361.22
324|-9361.22|-9361.22
325|-9361.22|-9361.22
326|-9361.22|-9361.22
327|-9361.22|-9361.22
328|-9361.22|-9361.22
329|-9361.22|-9361.22
330|-9361.22|-9361.22
331|-9361.22|-9361.22
332|-9361.22|-9361.22
333|-9361.22|-9361.22
334|-9361.22|-9361.22
335|-9361.22|-9361.22
336|-9361.22|-9361.22
337|-9361.22|-9361.22
338|-9361.22|-9361.22
339|-9361.22|-9361.22
340|-9361.22|-9361.22
341|-9361.22|-9361.22
342|-9361.22|-9361.22
343|-9361.22|-9361.22
344|-9361.22|-9361.22
345|-9361.22|-9361.22
346|-9361.22|-9361.22
347|-9361.22|-9361.22
348|-9361.22|-9361.22
349|-9361.22|-9361.22
350|-9361.22|-9361.22
351|-9361.22|-9361.22
352|-9361.22|-9361.22
353|-9361.22|-9361.22
354|-9361.22|-9361.22
355|-9361.22|-9361.22
356|-9361.22|-9361.22
357|-9361.22|-9361.22
358|-9361.22|-9361.22
359|-9361.22|-9361.22
360|-9361.22|-9361.22
361|-9361.22|-9361.22
362|-9361.22|-9361.22
363|-9361.22|-9361.22
364|-9361.22|-9361.22
365|-9361.22|-9361.22
366|-9361.22|-9361.22
367|-9361.22|-9361.22
368|-9361.22|-9361.22
369|-9361.22|-9361.22
370|-9361.22|-9361.22
371|-9361.22|-9361.22
372|-9361.22|-9361.22
373|-9361.22|-9361.22
374|-9361.22|-9361.22
375|-9361.22|-9361.22
376|-9361.22|-9361.22
377|-9361.22|-9361.22
378|-9361.22|-9361.22
379|-9361.22|-9361.22
380|-9361.22|-9361.22
381|-9361.22|-9361.22
382|-9361.22|-9361.22
383|-9361.22|-9361.22
384|-9361.22|-9361.22
385|-9361.22|-9361.22
386|-9361.22|-9361.22
387|-9361.22|-9361.22
388|-9361.22|-9361.22
389|-9361.22|-9361.22
390|-9361.22|-9361.22
391|-9361.22|-9361.22
392|-9361.22|-9361.22
393|-9361.22|-9361.22
394|-9361.22|-9361.22
395|-9361.22|-9361.22
396|-9361.22|-9361.22
397|-9361.22|-9361.22
398|-9361.22|-9361.22
399|-9361.22|-9361.22
400|-9361.22|-9361.22
401|-9361.22|-9361.22
402|-9361.22|-9361.22
403|-9361.22|-9361.22
404|-9361.22|-9361.22
405|-9361.22|-9361.22
406|-9361.22|-9361.22
407|-9361.22|-9361.22
408|-9361.22|-9361.22
409|-9361.22|-9361.22
410|-9361.22|-9361.22
411|-9361.22|-9361.22
412|-9361.22|-9361.22
413|-9361.22|-9361.22
414|-9361.22|-9361.22
415|-9361.22|-9361.22
416|-9361.22|-9361.22
417|-9361.22|-9361.22
418|-9361.22|-9361.22
419|-9361.22|-9361.22
420|-9361.22|-9361.22
421|-9361.22|-9361.22
422|-9361.22|-9361.22
423|-9361.22|-9361.22
424|-9361.22|-9361.22
425|-9361.22|-9361.22
426|-9361.22|-9361.22
427|-9361.22|-9361.22
428|-9361.22|-9361.22
429|-9361.22|-9361.22
430|-9361.22|-9361.22
431|-9361.22|-9361.22
432|-9361.22|-9361.22
433|-9361.22|-9361.22
434|-9361.22|-9361.22
435|-9361.22|-9361.22
EARLY STOP: TARGET FOUND
4874826ms
