1|-3.63464|-3.63464
2|-3.84825|-3.84825
3|-4.13186|-4.13186
4|-4.13392|-4.13392
5|-4.13417|-4.13417
6|-4.1343|-4.1343
7|-4.13436|-4.13436
8|-4.1344|-4.1344
9|-4.13441|-4.13441
10|-4.13442|-4.13442
11|-4.16552|-4.16552
12|-4.2105|-4.2105
13|-4.37725|-4.37725
14|-4.47137|-4.47137
15|-4.48158|-4.48158
16|-4.48173|-4.48173
17|-4.48181|-4.48181
18|-4.48185|-4.48185
19|-4.48187|-4.48187
20|-4.78786|-4.78786
21|-4.89193|-4.89193
22|-4.90561|-4.90561
23|-4.90647|-4.90647
24|-4.90658|-4.90658
25|-4.90663|-4.90663
26|-4.95527|-4.95527
27|-4.97327|-4.97327
28|-4.97373|-4.97373
29|-4.97378|-4.97378
30|-4.97381|-4.97381
31|-4.98274|-4.98274
32|-5.16473|-5.16473
33|-5.39133|-5.39133
34|-5.70388|-5.70388
35|-5.71938|-5.71938
36|-5.76947|-5.76947
37|-5.76958|-5.76958
38|-5.76962|-5.76962
39|-5.76962|-5.76962
40|-5.76978|-5.76978
41|-6.01645|-6.01645
42|-6.03422|-6.03422
43|-6.03644|-6.03644
44|-6.12162|-6.12162
45|-6.99422|-6.99422
46|-7.00357|-7.00357
47|-7.00411|-7.00411
48|-7.0042|-7.0042
49|-7.0042|-7.0042
50|-7.0042|-7.0042
51|-7.38255|-7.38255
52|-7.38255|-7.38255
53|-7.51521|-7.51521
54|-7.5156|-7.5156
55|-7.51563|-7.51563
56|-7.51564|-7.51564
57|-7.59939|-7.59939
58|-8.11142|-8.11142
59|-8.39414|-8.39414
60|-8.4411|-8.4411
61|-8.4412|-8.4412
62|-8.4412|-8.4412
63|-8.44121|-8.44121
64|-8.44121|-8.44121
65|-9.33351|-9.33351
66|-9.37373|-9.37373
67|-9.37923|-9.37923
68|-9.37923|-9.37923
69|-9.43069|-9.43069
70|-9.43073|-9.43073
71|-9.43075|-9.43075
72|-9.43075|-9.43075
73|-9.43449|-9.43449
74|-9.83584|-9.83584
75|-10.0147|-10.0147
76|-10.1898|-10.1898
77|-10.268|-10.268
78|-10.2858|-10.2858
79|-10.2944|-10.2944
80|-10.2986|-10.2986
81|-10.2996|-10.2996
82|-10.2999|-10.2999
83|-10.3|-10.3
84|-10.5442|-10.5442
85|-10.6349|-10.6349
86|-10.8605|-10.8605
87|-10.8657|-10.8657
88|-10.8658|-10.8658
89|-10.8658|-10.8658
90|-11.3195|-11.3195
91|-11.4003|-11.4003
92|-11.4229|-11.4229
93|-11.4265|-11.4265
94|-11.428|-11.428
95|-11.4287|-11.4287
96|-11.429|-11.429
97|-11.4291|-11.4291
98|-11.4292|-11.4292
99|-11.4292|-11.4292
100|-11.4293|-11.4293
101|-11.4293|-11.4293
102|-11.4293|-11.4293
103|-11.4994|-11.4994
104|-12.2471|-12.2471
105|-12.2496|-12.2496
106|-12.2497|-12.2497
107|-12.2497|-12.2497
108|-12.9302|-12.9302
109|-13.0176|-13.0176
110|-13.0426|-13.0426
111|-13.0498|-13.0498
112|-13.0519|-13.0519
113|-13.0526|-13.0526
114|-13.0526|-13.0526
115|-13.0527|-13.0527
116|-13.0527|-13.0527
117|-13.5792|-13.5792
118|-13.7776|-13.7776
119|-13.8054|-13.8054
120|-13.9604|-13.9604
121|-14.0759|-14.0759
122|-14.2602|-14.2602
123|-14.2631|-14.2631
124|-14.2637|-14.2637
125|-14.264|-14.264
126|-14.2641|-14.2641
127|-14.2642|-14.2642
128|-14.2642|-14.2642
129|-14.2705|-14.2705
130|-14.6224|-14.6224
131|-15.1033|-15.1033
132|-15.1212|-15.1212
133|-15.1263|-15.1263
134|-15.1272|-15.1272
135|-15.1275|-15.1275
136|-15.1275|-15.1275
137|-15.1275|-15.1275
138|-15.4079|-15.4079
139|-15.9131|-15.9131
140|-16.0926|-16.0926
141|-16.1201|-16.1201
142|-16.126|-16.126
143|-16.1268|-16.1268
144|-16.1269|-16.1269
145|-16.4114|-16.4114
146|-17.0033|-17.0033
147|-17.0065|-17.0065
148|-17.0066|-17.0066
149|-17.0066|-17.0066
150|-17.1689|-17.1689
151|-17.2654|-17.2654
152|-17.3867|-17.3867
153|-17.857|-17.857
154|-17.9628|-17.9628
155|-17.9691|-17.9691
156|-17.9752|-17.9752
157|-17.9775|-17.9775
158|-18.4221|-18.4221
159|-18.5485|-18.5485
160|-18.9491|-18.9491
161|-18.9548|-18.9548
162|-18.9549|-18.9549
163|-18.955|-18.955
164|-18.955|-18.955
165|-19.852|-19.852
166|-19.9413|-19.9413
167|-19.9438|-19.9438
168|-19.9448|-19.9448
169|-19.9453|-19.9453
170|-19.9455|-19.9455
171|-19.9455|-19.9455
172|-20.3614|-20.3614
173|-20.5861|-20.5861
174|-20.591|-20.591
175|-20.5934|-20.5934
176|-20.5937|-20.5937
177|-20.6286|-20.6286
178|-21.114|-21.114
179|-21.3961|-21.3961
180|-21.5912|-21.5912
181|-21.5924|-21.5924
182|-21.5928|-21.5928
183|-21.5929|-21.5929
184|-21.5929|-21.5929
185|-21.6343|-21.6343
186|-21.6383|-21.6383
187|-21.6393|-21.6393
188|-21.6395|-21.6395
189|-21.6396|-21.6396
190|-21.6396|-21.6396
191|-21.6396|-21.6396
192|-21.7052|-21.7052
193|-21.9068|-21.9068
194|-22.2275|-22.2275
195|-22.2322|-22.2322
196|-22.2917|-22.2917
197|-22.2934|-22.2934
198|-22.2938|-22.2938
199|-22.2938|-22.2938
200|-22.2938|-22.2938
201|-22.2938|-22.2938
202|-22.4659|-22.4659
203|-23.1519|-23.1519
204|-23.2526|-23.2526
205|-23.2526|-23.2526
206|-23.2527|-23.2527
207|-23.2527|-23.2527
208|-23.2527|-23.2527
209|-23.2527|-23.2527
210|-23.2527|-23.2527
211|-23.2527|-23.2527
212|-23.2527|-23.2527
213|-23.2527|-23.2527
214|-23.2527|-23.2527
215|-23.2527|-23.2527
216|-23.2527|-23.2527
217|-23.2527|-23.2527
218|-23.2527|-23.2527
219|-23.2527|-23.2527
220|-23.2527|-23.2527
221|-23.2527|-23.2527
222|-23.2527|-23.2527
223|-23.2527|-23.2527
224|-23.2527|-23.2527
225|-23.2527|-23.2527
226|-23.2527|-23.2527
227|-23.2527|-23.2527
228|-23.2527|-23.2527
229|-23.2527|-23.2527
230|-23.2527|-23.2527
231|-23.2527|-23.2527
232|-23.2527|-23.2527
233|-23.2527|-23.2527
234|-23.2527|-23.2527
235|-23.2527|-23.2527
236|-23.2527|-23.2527
237|-23.2527|-23.2527
238|-23.2527|-23.2527
239|-23.2527|-23.2527
240|-23.2527|-23.2527
241|-23.2527|-23.2527
242|-23.2527|-23.2527
243|-23.2527|-23.2527
244|-23.2527|-23.2527
245|-23.2527|-23.2527
246|-23.2527|-23.2527
247|-23.2527|-23.2527
248|-23.2527|-23.2527
249|-23.2527|-23.2527
250|-23.2527|-23.2527
251|-23.2527|-23.2527
252|-23.2527|-23.2527
253|-23.2527|-23.2527
254|-23.2527|-23.2527
255|-23.2527|-23.2527
256|-23.2527|-23.2527
257|-23.2527|-23.2527
258|-23.2527|-23.2527
259|-23.2527|-23.2527
260|-23.2527|-23.2527
261|-23.2527|-23.2527
262|-23.2527|-23.2527
263|-23.2527|-23.2527
264|-23.2527|-23.2527
265|-23.2527|-23.2527
266|-23.2527|-23.2527
267|-23.2527|-23.2527
268|-23.2527|-23.2527
269|-23.2527|-23.2527
270|-23.2527|-23.2527
271|-23.2527|-23.2527
272|-23.2527|-23.2527
273|-23.2527|-23.2527
274|-23.2527|-23.2527
275|-23.2527|-23.2527
276|-23.2527|-23.2527
277|-23.2527|-23.2527
278|-23.2527|-23.2527
279|-23.2527|-23.2527
280|-23.2527|-23.2527
281|-23.2527|-23.2527
282|-23.2527|-23.2527
283|-23.2527|-23.2527
284|-23.2527|-23.2527
285|-23.2527|-23.2527
286|-23.2527|-23.2527
287|-23.2527|-23.2527
288|-23.2527|-23.2527
289|-23.2527|-23.2527
290|-23.2527|-23.2527
291|-23.2527|-23.2527
292|-23.2527|-23.2527
293|-23.2527|-23.2527
294|-23.2527|-23.2527
295|-23.2527|-23.2527
296|-23.2527|-23.2527
297|-23.2527|-23.2527
298|-23.2527|-23.2527
299|-23.2527|-23.2527
300|-23.2527|-23.2527
301|-23.2527|-23.2527
302|-23.2527|-23.2527
303|-23.2527|-23.2527
304|-23.2527|-23.2527
305|-23.2527|-23.2527
306|-23.2527|-23.2527
307|-23.2527|-23.2527
308|-23.2527|-23.2527
309|-23.2527|-23.2527
310|-23.2527|-23.2527
311|-23.2527|-23.2527
312|-23.2527|-23.2527
313|-23.2527|-23.2527
314|-23.2527|-23.2527
315|-23.2527|-23.2527
316|-23.2527|-23.2527
317|-23.2527|-23.2527
318|-23.2527|-23.2527
319|-23.2527|-23.2527
320|-23.2527|-23.2527
321|-23.2527|-23.2527
322|-23.2527|-23.2527
323|-23.2527|-23.2527
324|-23.2527|-23.2527
325|-23.2527|-23.2527
326|-23.2527|-23.2527
327|-23.2527|-23.2527
328|-23.2527|-23.2527
329|-23.2527|-23.2527
330|-23.2527|-23.2527
331|-23.2527|-23.2527
332|-23.2527|-23.2527
333|-23.2527|-23.2527
334|-23.2527|-23.2527
335|-23.2527|-23.2527
336|-23.2527|-23.2527
337|-23.2527|-23.2527
338|-23.2527|-23.2527
339|-23.2527|-23.2527
340|-23.2527|-23.2527
341|-23.2527|-23.2527
342|-23.2527|-23.2527
343|-23.2527|-23.2527
344|-23.2527|-23.2527
345|-23.2527|-23.2527
346|-23.2527|-23.2527
347|-23.2527|-23.2527
348|-23.2527|-23.2527
349|-23.2527|-23.2527
350|-23.2527|-23.2527
351|-23.2527|-23.2527
352|-23.2527|-23.2527
353|-23.2527|-23.2527
354|-23.2527|-23.2527
355|-23.2527|-23.2527
356|-23.2527|-23.2527
EARLY STOP: TARGET FOUND
2883279ms
