1|250.045|250.045
2|249.779|249.779
3|249.722|249.722
4|249.713|249.713
5|249.713|249.713
6|249.713|249.713
7|241.847|241.847
8|238.899|238.899
9|238.673|238.673
10|238.638|238.638
11|238.638|238.638
12|238.637|238.637
13|238.637|238.637
14|238.514|238.514
15|238.513|238.513
16|238.513|238.513
17|231.74|231.74
18|231.74|231.74
19|228.518|228.518
20|228.224|228.224
21|228.154|228.154
22|228.139|228.139
23|228.136|228.136
24|228.136|228.136
25|228.135|228.135
26|228.135|228.135
27|228.135|228.135
28|205.8|205.8
29|205.66|205.66
30|205.66|205.66
31|205.657|205.657
32|205.657|205.657
33|205.657|205.657
34|200.853|200.853
35|200.853|200.853
36|199.68|199.68
37|199.401|199.401
38|199.338|199.338
39|199.326|199.326
40|199.324|199.324
41|199.324|199.324
42|199.324|199.324
43|196.932|196.932
44|192.615|192.615
45|191.685|191.685
46|191.528|191.528
47|191.52|191.52
48|191.52|191.52
49|188.973|188.973
50|188.848|188.848
51|188.848|188.848
52|188.847|188.847
53|188.847|188.847
54|188.847|188.847
55|184.976|184.976
56|184.269|184.269
57|184.22|184.22
58|184.216|184.216
59|184.215|184.215
60|184.215|184.215
61|180.393|180.393
62|179.711|179.711
63|179.668|179.668
64|179.665|179.665
65|179.665|179.665
66|179.665|179.665
67|177.568|177.568
68|177.568|177.568
69|177.536|177.536
70|177.535|177.535
71|177.535|177.535
72|177.535|177.535
73|173.53|173.53
74|172.757|172.757
75|172.691|172.691
76|172.678|172.678
77|172.676|172.676
78|172.676|172.676
79|172.676|172.676
80|158.883|158.883
81|157.74|157.74
82|157.74|157.74
83|157.476|157.476
84|157.42|157.42
85|157.412|157.412
86|157.412|157.412
87|138.372|138.372
88|137.885|137.885
89|137.885|137.885
90|137.882|137.882
91|137.881|137.881
92|133.615|133.615
93|132.71|132.71
94|132.71|132.71
95|132.565|132.565
96|132.562|132.562
97|132.561|132.561
98|132.561|132.561
99|132.561|132.561
100|132.561|132.561
101|128.417|128.417
102|127.574|127.574
103|127.574|127.574
104|127.46|127.46
105|127.46|127.46
106|127.46|127.46
107|127.459|127.459
108|127.459|127.459
109|127.459|127.459
110|120.599|120.599
111|117.399|117.399
112|117.111|117.111
113|117.044|117.044
114|117.029|117.029
115|117.029|117.029
116|117.027|117.027
117|117.027|117.027
118|114.682|114.682
119|114.619|114.619
120|114.619|114.619
121|114.607|114.607
122|114.606|114.606
123|114.605|114.605
124|114.605|114.605
125|111.033|111.033
126|111.033|111.033
127|110.476|110.476
128|110.464|110.464
129|110.463|110.463
130|110.463|110.463
131|110.463|110.463
132|109.606|109.606
133|109.485|109.485
134|109.484|109.484
135|109.484|109.484
136|109.484|109.484
137|109.484|109.484
138|109.484|109.484
139|98.7454|98.7454
140|96.5149|96.5149
141|96.5149|96.5149
142|96.4665|96.4665
143|96.4665|96.4665
144|96.4624|96.4624
145|96.4616|96.4616
146|96.4614|96.4614
147|93.625|93.625
148|93.625|93.625
149|93.4279|93.4279
150|93.4106|93.4106
151|93.4068|93.4068
152|93.4061|93.4061
153|93.406|93.406
154|93.406|93.406
155|93.406|93.406
156|70.6467|70.6467
157|70.5332|70.5332
158|70.5329|70.5329
159|70.5329|70.5329
160|60.7925|60.7925
161|60.7925|60.7925
162|60.7925|60.7925
163|58.3124|58.3124
164|58.3124|58.3124
165|58.2043|58.2043
166|58.2043|58.2043
167|58.2043|58.2043
168|58.2043|58.2043
169|50.9313|50.9313
170|50.9313|50.9313
171|47.8343|47.8343
172|47.8343|47.8343
173|47.5721|47.5721
174|47.5178|47.5178
175|47.5098|47.5098
176|47.5097|47.5097
177|47.5097|47.5097
178|47.5097|47.5097
179|45.6807|45.6807
180|45.6763|45.6763
181|45.6753|45.6753
182|45.6751|45.6751
183|45.6751|45.6751
184|45.6751|45.6751
185|45.6751|45.6751
186|23.4765|23.4765
187|23.3279|23.3279
188|23.3279|23.3279
189|23.3238|23.3238
190|23.3229|23.3229
191|23.3227|23.3227
192|23.3227|23.3227
193|23.3227|23.3227
194|9.01046|9.01046
195|7.93229|7.93229
196|7.93229|7.93229
197|7.7004|7.7004
198|7.7004|7.7004
199|7.66126|7.66126
200|7.65948|7.65948
201|7.65948|7.65948
202|7.65947|7.65947
203|7.65947|7.65947
204|7.65947|7.65947
205|6.91815|6.91815
206|6.91815|6.91815
207|6.86082|6.86082
208|6.85136|6.85136
209|6.85136|6.85136
210|6.85107|6.85107
211|6.85107|6.85107
212|6.85101|6.85101
213|6.85101|6.85101
214|6.85099|6.85099
215|6.85099|6.85099
216|6.85099|6.85099
217|6.26284|6.26284
218|6.26284|6.26284
219|1.49467|1.49467
220|1.49467|1.49467
221|1.49467|1.49467
222|1.49467|1.49467
223|1.49467|1.49467
224|1.49467|1.49467
225|1.49466|1.49466
226|1.49466|1.49466
227|1.49466|1.49466
228|0.339381|0.339381
229|0.339381|0.339381
230|0.339381|0.339381
231|0.339381|0.339381
232|0.339381|0.339381
233|0.339381|0.339381
234|0.339381|0.339381
235|0.339381|0.339381
236|0.339381|0.339381
237|0.339381|0.339381
238|0.339381|0.339381
239|0.339381|0.339381
240|0.0689399|0.0689399
241|0.0689398|0.0689398
242|0.0689398|0.0689398
243|0.0689398|0.0689398
244|0.0689398|0.0689398
245|0.0689398|0.0689398
246|0.0689398|0.0689398
247|0.0689398|0.0689398
248|0.0689398|0.0689398
249|0.0689398|0.0689398
250|0.0689398|0.0689398
251|0.0689398|0.0689398
252|0.0105193|0.0105193
253|0.0105193|0.0105193
254|0.0105193|0.0105193
255|0.0105193|0.0105193
256|0.0105193|0.0105193
257|0.0105193|0.0105193
258|0.0105193|0.0105193
259|0.0105193|0.0105193
260|0.0105193|0.0105193
261|0.0105193|0.0105193
262|0.0105193|0.0105193
263|0.0105193|0.0105193
264|0.0105193|0.0105193
265|0.0105193|0.0105193
266|0.0105193|0.0105193
267|0.0105193|0.0105193
268|0.0105193|0.0105193
269|0.0105193|0.0105193
270|0.0105193|0.0105193
271|0.0105193|0.0105193
272|0.0105193|0.0105193
273|0.0105193|0.0105193
274|0.0105193|0.0105193
275|0.0105193|0.0105193
276|0.0105193|0.0105193
277|0.0105193|0.0105193
278|0.0105193|0.0105193
279|0.0105193|0.0105193
280|0.000509116|0.000509116
EARLY STOP: TARGET FOUND
1558212ms
