1|153.558|153.558
2|148.959|148.959
3|148.307|148.307
4|148.234|148.234
5|148.233|148.233
6|148.233|148.233
7|147.849|147.849
8|147.846|147.846
9|147.846|147.846
10|147.846|147.846
11|147.846|147.846
12|147.814|147.814
13|147.802|147.802
14|147.799|147.799
15|147.798|147.798
16|147.798|147.798
17|143.494|143.494
18|142.655|142.655
19|138.085|138.085
20|136.836|136.836
21|131.579|131.579
22|131.579|131.579
23|130.928|130.928
24|123.156|123.156
25|117.007|117.007
26|115.771|115.771
27|115.365|115.365
28|115.287|115.287
29|115.269|115.269
30|115.26|115.26
31|115.256|115.256
32|115.254|115.254
33|115.253|115.253
34|115.252|115.252
35|109.71|109.71
36|106.105|106.105
37|96.5145|96.5145
38|94.9247|94.9247
39|91.8701|91.8701
40|91.4374|91.4374
41|91.277|91.277
42|91.2683|91.2683
43|91.2639|91.2639
44|91.2618|91.2618
45|87.4724|87.4724
46|68.6689|68.6689
47|66.2857|66.2857
48|66.0565|66.0565
49|66.0007|66.0007
50|65.9877|65.9877
51|65.9849|65.9849
52|65.9844|65.9844
53|65.9844|65.9844
54|61.7883|61.7883
55|45.1092|45.1092
56|44.7671|44.7671
57|44.7666|44.7666
58|44.7666|44.7666
59|42.6193|42.6193
60|42.4593|42.4593
61|42.4399|42.4399
62|17.354|17.354
63|17.354|17.354
64|16.5889|16.5889
65|16.4377|16.4377
66|16.4246|16.4246
67|16.4218|16.4218
68|16.4213|16.4213
69|16.4213|16.4213
70|16.4213|16.4213
71|16.4213|16.4213
72|16.4213|16.4213
73|16.4213|16.4213
74|16.4213|16.4213
75|16.4213|16.4213
76|16.4213|16.4213
77|16.4213|16.4213
78|16.4213|16.4213
79|16.4213|16.4213
80|16.4213|16.4213
81|16.4213|16.4213
82|16.4213|16.4213
83|16.4213|16.4213
84|16.4213|16.4213
85|16.4213|16.4213
86|16.4213|16.4213
87|16.4213|16.4213
88|16.4213|16.4213
89|16.4213|16.4213
90|16.4213|16.4213
91|16.4213|16.4213
92|16.4213|16.4213
93|16.4213|16.4213
94|16.4213|16.4213
95|16.4213|16.4213
96|16.4213|16.4213
97|16.4213|16.4213
98|16.4213|16.4213
99|16.4213|16.4213
100|16.4213|16.4213
101|16.4213|16.4213
102|16.4213|16.4213
103|16.4213|16.4213
104|16.4213|16.4213
105|16.4213|16.4213
106|16.4213|16.4213
107|16.4213|16.4213
108|16.4213|16.4213
109|16.4213|16.4213
110|16.4213|16.4213
111|16.4213|16.4213
112|16.4213|16.4213
113|16.4213|16.4213
114|16.4213|16.4213
115|16.4213|16.4213
116|16.4213|16.4213
117|16.4213|16.4213
118|16.4213|16.4213
119|16.4213|16.4213
120|16.4213|16.4213
121|16.4213|16.4213
122|16.4213|16.4213
123|16.4213|16.4213
124|16.4213|16.4213
125|16.4213|16.4213
126|16.4213|16.4213
127|16.4213|16.4213
128|16.4213|16.4213
129|16.4213|16.4213
130|16.4213|16.4213
131|16.4213|16.4213
132|16.4213|16.4213
133|16.4213|16.4213
134|16.4213|16.4213
135|16.4213|16.4213
136|16.4213|16.4213
137|16.4213|16.4213
138|16.4213|16.4213
139|16.4213|16.4213
140|16.4213|16.4213
141|16.4213|16.4213
142|16.4213|16.4213
143|16.4213|16.4213
144|16.4213|16.4213
145|16.4213|16.4213
146|16.4213|16.4213
147|16.4213|16.4213
148|16.4213|16.4213
149|16.4213|16.4213
150|16.4213|16.4213
151|16.4213|16.4213
152|16.4213|16.4213
153|16.4213|16.4213
154|16.4213|16.4213
155|16.4213|16.4213
156|16.4213|16.4213
157|16.4213|16.4213
158|16.4213|16.4213
159|16.4213|16.4213
160|16.4213|16.4213
161|16.4213|16.4213
162|16.4213|16.4213
163|16.4213|16.4213
164|16.4213|16.4213
165|16.4213|16.4213
166|16.4213|16.4213
167|16.4213|16.4213
168|16.4213|16.4213
169|16.4213|16.4213
170|16.4213|16.4213
171|16.4213|16.4213
172|16.4213|16.4213
173|16.4213|16.4213
174|16.4213|16.4213
175|16.4213|16.4213
176|16.4213|16.4213
177|16.4213|16.4213
178|16.4213|16.4213
179|16.4213|16.4213
180|16.4213|16.4213
181|16.4213|16.4213
182|16.4213|16.4213
183|16.4213|16.4213
184|16.4213|16.4213
185|16.4213|16.4213
186|16.4213|16.4213
187|16.4213|16.4213
188|16.4213|16.4213
189|16.4213|16.4213
190|16.4213|16.4213
191|16.4213|16.4213
192|16.4213|16.4213
193|16.4213|16.4213
194|16.4213|16.4213
195|16.4213|16.4213
196|16.4213|16.4213
197|16.4213|16.4213
198|16.4213|16.4213
199|16.4213|16.4213
200|16.4213|16.4213
201|16.4213|16.4213
202|16.4213|16.4213
203|16.4213|16.4213
204|16.4213|16.4213
205|16.4213|16.4213
206|16.4213|16.4213
207|16.4213|16.4213
208|16.4213|16.4213
209|16.4213|16.4213
210|16.4213|16.4213
211|16.4213|16.4213
212|16.4213|16.4213
213|16.4213|16.4213
214|16.4213|16.4213
215|16.4213|16.4213
216|16.4213|16.4213
217|16.4213|16.4213
218|16.4213|16.4213
219|16.4213|16.4213
EARLY STOP: TARGET FOUND
258404ms
