1|-0.0340691|-0.0340691
2|-0.45486|-0.45486
3|-0.475382|-0.475382
4|-0.477946|-0.477946
5|-0.479229|-0.479229
6|-0.479549|-0.479549
7|-0.479709|-0.479709
8|-1.33523|-1.33523
9|-1.4741|-1.4741
10|-1.47843|-1.47843
11|-1.47944|-1.47944
12|-1.47966|-1.47966
13|-1.4797|-1.4797
14|-1.47971|-1.47971
15|-1.47971|-1.47971
16|-1.52194|-1.52194
17|-1.62122|-1.62122
18|-1.80725|-1.80725
19|-1.9375|-1.9375
20|-1.97293|-1.97293
21|-1.98192|-1.98192
22|-1.9822|-1.9822
23|-1.98234|-1.98234
24|-1.98241|-1.98241
25|-1.98248|-1.98248
26|-1.98265|-1.98265
27|-1.98282|-1.98282
28|-1.98294|-1.98294
29|-1.98302|-1.98302
30|-1.98306|-1.98306
31|-1.98308|-1.98308
32|-1.98309|-1.98309
33|-1.98309|-1.98309
34|-1.98309|-1.98309
35|-1.98309|-1.98309
36|-2.08533|-2.08533
37|-2.39996|-2.39996
38|-2.71355|-2.71355
39|-2.72829|-2.72829
40|-2.77875|-2.77875
41|-2.77886|-2.77886
42|-2.77888|-2.77888
43|-2.77888|-2.77888
44|-2.77888|-2.77888
45|-2.77888|-2.77888
46|-2.77888|-2.77888
47|-2.77888|-2.77888
48|-2.77888|-2.77888
49|-2.77888|-2.77888
50|-2.77888|-2.77888
51|-2.77888|-2.77888
52|-2.77888|-2.77888
53|-2.77888|-2.77888
54|-2.77888|-2.77888
55|-2.77888|-2.77888
56|-2.77888|-2.77888
57|-2.77888|-2.77888
58|-2.77888|-2.77888
59|-2.77888|-2.77888
60|-2.77888|-2.77888
61|-2.77888|-2.77888
62|-2.77888|-2.77888
63|-2.77888|-2.77888
64|-2.77888|-2.77888
65|-2.77888|-2.77888
66|-2.77888|-2.77888
67|-2.77888|-2.77888
68|-2.77888|-2.77888
69|-2.77888|-2.77888
70|-2.77888|-2.77888
71|-2.77888|-2.77888
72|-2.77888|-2.77888
73|-2.77888|-2.77888
74|-2.77888|-2.77888
75|-2.77888|-2.77888
76|-2.77888|-2.77888
77|-2.77888|-2.77888
78|-2.77888|-2.77888
79|-2.77888|-2.77888
80|-2.77888|-2.77888
81|-2.77888|-2.77888
82|-2.77888|-2.77888
83|-2.77888|-2.77888
84|-2.77888|-2.77888
85|-2.77888|-2.77888
86|-2.77888|-2.77888
87|-2.77888|-2.77888
88|-2.77888|-2.77888
89|-2.77888|-2.77888
90|-2.77888|-2.77888
91|-2.77888|-2.77888
92|-2.77888|-2.77888
93|-2.77888|-2.77888
94|-2.77888|-2.77888
95|-2.77888|-2.77888
96|-2.77888|-2.77888
97|-2.77888|-2.77888
98|-2.77888|-2.77888
99|-2.77888|-2.77888
100|-2.77888|-2.77888
101|-2.77888|-2.77888
102|-2.77888|-2.77888
103|-2.77888|-2.77888
104|-2.77888|-2.77888
105|-2.77888|-2.77888
106|-2.77888|-2.77888
107|-2.77888|-2.77888
108|-2.77888|-2.77888
109|-2.77888|-2.77888
110|-2.77888|-2.77888
111|-2.77888|-2.77888
112|-2.77888|-2.77888
113|-2.77888|-2.77888
114|-2.77888|-2.77888
115|-2.77888|-2.77888
116|-2.77888|-2.77888
117|-2.77888|-2.77888
118|-2.77888|-2.77888
119|-2.77888|-2.77888
120|-2.77888|-2.77888
121|-2.77888|-2.77888
122|-2.77888|-2.77888
123|-2.77888|-2.77888
124|-2.77888|-2.77888
125|-2.77888|-2.77888
126|-2.77888|-2.77888
127|-2.77888|-2.77888
128|-2.77888|-2.77888
129|-2.77888|-2.77888
130|-2.77888|-2.77888
131|-2.77888|-2.77888
132|-2.77888|-2.77888
133|-2.77888|-2.77888
134|-2.77888|-2.77888
135|-2.77888|-2.77888
136|-2.77888|-2.77888
137|-2.77888|-2.77888
138|-2.77888|-2.77888
139|-2.77888|-2.77888
140|-2.77888|-2.77888
141|-2.77888|-2.77888
142|-2.77888|-2.77888
143|-2.77888|-2.77888
144|-2.77888|-2.77888
145|-2.77888|-2.77888
146|-2.77888|-2.77888
147|-2.77888|-2.77888
148|-2.77888|-2.77888
149|-2.77888|-2.77888
150|-2.77888|-2.77888
151|-2.77888|-2.77888
152|-2.77888|-2.77888
153|-2.77888|-2.77888
154|-2.77888|-2.77888
155|-2.77888|-2.77888
156|-2.77888|-2.77888
157|-2.77888|-2.77888
158|-2.77888|-2.77888
159|-2.77888|-2.77888
160|-2.77888|-2.77888
161|-2.77888|-2.77888
162|-2.77888|-2.77888
163|-2.77888|-2.77888
164|-2.77888|-2.77888
165|-2.77888|-2.77888
166|-2.77888|-2.77888
167|-2.77888|-2.77888
168|-2.77888|-2.77888
169|-2.77888|-2.77888
170|-2.77888|-2.77888
171|-2.77888|-2.77888
172|-2.77888|-2.77888
173|-2.77888|-2.77888
174|-2.77888|-2.77888
175|-2.77888|-2.77888
176|-2.77888|-2.77888
177|-2.77888|-2.77888
178|-2.77888|-2.77888
179|-2.77888|-2.77888
180|-2.77888|-2.77888
181|-2.77888|-2.77888
182|-2.77888|-2.77888
183|-2.77888|-2.77888
184|-2.77888|-2.77888
185|-2.77888|-2.77888
186|-2.77888|-2.77888
187|-2.77888|-2.77888
188|-2.77888|-2.77888
189|-2.77888|-2.77888
190|-2.77888|-2.77888
191|-2.77888|-2.77888
192|-2.77888|-2.77888
193|-2.77888|-2.77888
EARLY STOP: TARGET FOUND
67253ms
