1|555.181|555.181
2|544.916|544.916
3|544.45|544.45
4|544.273|544.273
5|544.199|544.199
6|544.194|544.194
7|544.192|544.192
8|544.191|544.191
9|544.191|544.191
10|521.446|521.446
11|520.178|520.178
12|508.563|508.563
13|508.095|508.095
14|508.016|508.016
15|508.003|508.003
16|507.997|507.997
17|507.994|507.994
18|507.993|507.993
19|507.993|507.993
20|507.992|507.992
21|505.87|505.87
22|482.472|482.472
23|481.833|481.833
24|481.747|481.747
25|481.747|481.747
26|478.62|478.62
27|457.575|457.575
28|455.922|455.922
29|455.888|455.888
30|455.886|455.886
31|455.886|455.886
32|455.886|455.886
33|453.206|453.206
34|430.99|430.99
35|430.086|430.086
36|429.862|429.862
37|429.808|429.808
38|429.797|429.797
39|429.795|429.795
40|429.794|429.794
41|429.794|429.794
42|416.285|416.285
43|414.492|414.492
44|414.441|414.441
45|414.434|414.434
46|414.433|414.433
47|414.433|414.433
48|414.433|414.433
49|414.433|414.433
50|413.944|413.944
51|402.027|402.027
52|401.338|401.338
53|401.308|401.308
54|401.297|401.297
55|401.296|401.296
56|401.296|401.296
57|401.296|401.296
58|401.296|401.296
59|394.794|394.794
60|384.827|384.827
61|384.421|384.421
62|384.342|384.342
63|384.307|384.307
64|384.306|384.306
65|379.781|379.781
66|377.442|377.442
67|377.406|377.406
68|377.397|377.397
69|377.396|377.396
70|377.396|377.396
71|377.395|377.395
72|377.395|377.395
73|368.269|368.269
74|364.332|364.332
75|347.35|347.35
76|347.093|347.093
77|347.09|347.09
78|347.09|347.09
79|347.09|347.09
80|347.023|347.023
81|347.023|347.023
82|347.017|347.017
83|347.016|347.016
84|347.015|347.015
85|347.015|347.015
86|347.015|347.015
87|347.015|347.015
88|333.398|333.398
89|332.972|332.972
90|324.72|324.72
91|324.659|324.659
92|321.629|321.629
93|319.94|319.94
94|319.548|319.548
95|319.46|319.46
96|319.43|319.43
97|319.424|319.424
98|319.422|319.422
99|319.42|319.42
100|319.42|319.42
101|319.42|319.42
102|317.68|317.68
103|317.314|317.314
104|317.222|317.222
105|317.191|317.191
106|317.179|317.179
107|317.178|317.178
108|317.177|317.177
109|317.177|317.177
110|317.177|317.177
111|317.177|317.177
112|317.177|317.177
113|309.433|309.433
114|308.267|308.267
115|307.899|307.899
116|307.881|307.881
117|307.872|307.872
118|307.868|307.868
119|307.866|307.866
120|307.866|307.866
121|307.866|307.866
122|307.866|307.866
123|284.29|284.29
124|272.735|272.735
125|272.196|272.196
126|272.126|272.126
127|272.115|272.115
128|261.412|261.412
129|258.361|258.361
130|256.695|256.695
131|256.292|256.292
132|256.204|256.204
133|256.176|256.176
134|256.17|256.17
135|256.168|256.168
136|241.318|241.318
137|232.773|232.773
138|232.062|232.062
139|231.754|231.754
140|231.613|231.613
141|231.545|231.545
142|231.537|231.537
143|230.656|230.656
144|211.17|211.17
145|211.149|211.149
146|211.135|211.135
147|211.134|211.134
148|211.134|211.134
149|208.257|208.257
150|207.668|207.668
151|207.618|207.618
152|207.608|207.608
153|207.606|207.606
154|202.598|202.598
155|192.757|192.757
156|192.702|192.702
157|192.7|192.7
158|192.7|192.7
159|192.695|192.695
160|192.618|192.618
161|192.618|192.618
162|189.465|189.465
163|188.462|188.462
164|184.047|184.047
165|182.714|182.714
166|182.713|182.713
167|182.712|182.712
168|182.712|182.712
169|182.712|182.712
170|177.257|177.257
171|162.939|162.939
172|162.939|162.939
173|161.582|161.582
174|161.58|161.58
175|161.58|161.58
176|161.58|161.58
177|160.231|160.231
178|160.23|160.23
179|160.229|160.229
180|160.229|160.229
181|160.229|160.229
182|146.164|146.164
183|137.114|137.114
184|135.337|135.337
185|134.616|134.616
186|134.303|134.303
187|134.159|134.159
188|134.09|134.09
189|134.056|134.056
190|134.04|134.04
191|134.039|134.039
192|134.039|134.039
193|131.491|131.491
194|108.969|108.969
195|108.129|108.129
196|107.938|107.938
197|107.902|107.902
198|107.899|107.899
199|107.899|107.899
200|107.899|107.899
201|105.934|105.934
202|94.606|94.606
203|94.3429|94.3429
204|94.1726|94.1726
205|94.1672|94.1672
206|94.1669|94.1669
207|94.1668|94.1668
208|94.1667|94.1667
209|68.7449|68.7449
210|68.6955|68.6955
211|68.6857|68.6857
212|68.6848|68.6848
213|68.6846|68.6846
214|68.6845|68.6845
215|68.6845|68.6845
216|68.6845|68.6845
217|68.6845|68.6845
218|68.6845|68.6845
219|68.6845|68.6845
220|68.6845|68.6845
221|68.6845|68.6845
222|68.6845|68.6845
223|68.6845|68.6845
224|68.6845|68.6845
225|68.6845|68.6845
226|68.6845|68.6845
227|68.6845|68.6845
228|68.6845|68.6845
229|68.6845|68.6845
230|68.6845|68.6845
231|68.6845|68.6845
232|68.6845|68.6845
233|68.6845|68.6845
234|68.6845|68.6845
235|68.6845|68.6845
236|68.6845|68.6845
237|68.6845|68.6845
238|68.6845|68.6845
239|68.6845|68.6845
240|68.6845|68.6845
241|68.6845|68.6845
242|68.6845|68.6845
243|68.6845|68.6845
244|68.6845|68.6845
245|68.6845|68.6845
246|68.6845|68.6845
247|68.6845|68.6845
248|68.6845|68.6845
249|68.6845|68.6845
250|68.6845|68.6845
251|68.6845|68.6845
252|68.6845|68.6845
253|68.6845|68.6845
254|68.6845|68.6845
255|68.6845|68.6845
256|68.6845|68.6845
257|68.6845|68.6845
258|68.6845|68.6845
259|68.6845|68.6845
260|68.6845|68.6845
261|68.6845|68.6845
262|68.6845|68.6845
263|68.6845|68.6845
264|68.6845|68.6845
265|68.6845|68.6845
266|68.6845|68.6845
267|68.6845|68.6845
268|68.6845|68.6845
269|68.6845|68.6845
270|68.6845|68.6845
271|68.6845|68.6845
272|68.6845|68.6845
273|68.6845|68.6845
274|68.6845|68.6845
275|68.6845|68.6845
276|68.6845|68.6845
277|68.6845|68.6845
278|68.6845|68.6845
279|68.6845|68.6845
280|68.6845|68.6845
281|68.6845|68.6845
282|68.6845|68.6845
283|68.6845|68.6845
284|68.6845|68.6845
285|68.6845|68.6845
286|68.6845|68.6845
287|68.6845|68.6845
288|68.6845|68.6845
289|68.6845|68.6845
290|68.6845|68.6845
291|68.6845|68.6845
292|68.6845|68.6845
293|68.6845|68.6845
294|68.6845|68.6845
295|68.6845|68.6845
296|68.6845|68.6845
297|68.6845|68.6845
298|68.6845|68.6845
299|68.6845|68.6845
300|68.6845|68.6845
301|68.6845|68.6845
302|68.6845|68.6845
303|68.6845|68.6845
304|68.6845|68.6845
305|68.6845|68.6845
306|68.6845|68.6845
307|68.6845|68.6845
308|68.6845|68.6845
309|68.6845|68.6845
310|68.6845|68.6845
311|68.6845|68.6845
312|68.6845|68.6845
313|68.6845|68.6845
314|68.6845|68.6845
315|68.6845|68.6845
316|68.6845|68.6845
317|68.6845|68.6845
318|68.6845|68.6845
319|68.6845|68.6845
320|68.6845|68.6845
321|68.6845|68.6845
322|68.6845|68.6845
323|68.6845|68.6845
324|68.6845|68.6845
325|68.6845|68.6845
326|68.6845|68.6845
327|68.6845|68.6845
328|68.6845|68.6845
329|68.6845|68.6845
330|68.6845|68.6845
331|68.6845|68.6845
332|68.6845|68.6845
333|68.6845|68.6845
334|68.6845|68.6845
335|68.6845|68.6845
336|68.6845|68.6845
337|68.6845|68.6845
338|68.6845|68.6845
339|68.6845|68.6845
340|68.6845|68.6845
341|68.6845|68.6845
342|68.6845|68.6845
343|68.6845|68.6845
344|68.6845|68.6845
345|68.6845|68.6845
346|68.6845|68.6845
347|68.6845|68.6845
348|68.6845|68.6845
349|68.6845|68.6845
350|68.6845|68.6845
351|68.6845|68.6845
352|68.6845|68.6845
353|68.6845|68.6845
354|68.6845|68.6845
355|68.6845|68.6845
356|68.6845|68.6845
357|68.6845|68.6845
358|68.6845|68.6845
359|68.6845|68.6845
360|68.6845|68.6845
361|68.6845|68.6845
362|68.6845|68.6845
363|68.6845|68.6845
364|68.6845|68.6845
365|68.6845|68.6845
EARLY STOP: TARGET FOUND
2886308ms
