1|242.992|242.992
2|240.395|240.395
3|237.307|237.307
4|236.863|236.863
5|236.698|236.698
6|236.662|236.662
7|236.662|236.662
8|221.091|221.091
9|217.491|217.491
10|216.195|216.195
11|212.057|212.057
12|210.573|210.573
13|210.563|210.563
14|210.562|210.562
15|193.358|193.358
16|182.657|182.657
17|179.722|179.722
18|177.929|177.929
19|177.591|177.591
20|177.495|177.495
21|177.463|177.463
22|177.45|177.45
23|177.444|177.444
24|177.444|177.444
25|177.444|177.444
26|177.444|177.444
27|177.444|177.444
28|166.458|166.458
29|166.029|166.029
30|146.264|146.264
31|146.218|146.218
32|146.215|146.215
33|146.215|146.215
34|146.215|146.215
35|131.968|131.968
36|127.128|127.128
37|127.126|127.126
38|127.126|127.126
39|116.43|116.43
40|116.43|116.43
41|113.143|113.143
42|111.735|111.735
43|111.2|111.2
44|111.129|111.129
45|111.118|111.118
46|111.118|111.118
47|111.117|111.117
48|111.117|111.117
49|107.153|107.153
50|106.269|106.269
51|106.254|106.254
52|106.242|106.242
53|106.241|106.241
54|106.241|106.241
55|86.7454|86.7454
56|77.8755|77.8755
57|70.9293|70.9293
58|70.7108|70.7108
59|70.6809|70.6809
60|70.6749|70.6749
61|70.6722|70.6722
62|70.6709|70.6709
63|70.6703|70.6703
64|70.6699|70.6699
65|70.6698|70.6698
66|70.6697|70.6697
67|70.6697|70.6697
68|67.1038|67.1038
69|66.4969|66.4969
70|66.4635|66.4635
71|66.4594|66.4594
72|66.4573|66.4573
73|66.4563|66.4563
74|66.4557|66.4557
75|66.4555|66.4555
76|47.2803|47.2803
77|37.9619|37.9619
78|31.5256|31.5256
79|31.3112|31.3112
80|31.1027|31.1027
81|31.0959|31.0959
82|31.0939|31.0939
83|31.0938|31.0938
84|31.0938|31.0938
85|31.0938|31.0938
86|31.0938|31.0938
87|31.0938|31.0938
88|31.0938|31.0938
89|31.0938|31.0938
90|31.0938|31.0938
91|31.0938|31.0938
92|31.0938|31.0938
93|31.0938|31.0938
94|31.0938|31.0938
95|31.0938|31.0938
96|31.0938|31.0938
97|31.0938|31.0938
98|31.0938|31.0938
99|31.0938|31.0938
100|31.0938|31.0938
101|31.0938|31.0938
102|31.0938|31.0938
103|31.0938|31.0938
104|31.0938|31.0938
105|31.0938|31.0938
106|31.0938|31.0938
107|31.0938|31.0938
108|31.0938|31.0938
109|31.0938|31.0938
110|31.0938|31.0938
111|31.0938|31.0938
112|31.0938|31.0938
113|31.0938|31.0938
114|31.0938|31.0938
115|31.0938|31.0938
116|31.0938|31.0938
117|31.0938|31.0938
118|31.0938|31.0938
119|31.0938|31.0938
120|31.0938|31.0938
121|31.0938|31.0938
122|31.0938|31.0938
123|31.0938|31.0938
124|31.0938|31.0938
125|31.0938|31.0938
126|31.0938|31.0938
127|31.0938|31.0938
128|31.0938|31.0938
129|31.0938|31.0938
130|31.0938|31.0938
131|31.0938|31.0938
132|31.0938|31.0938
133|31.0938|31.0938
134|31.0938|31.0938
135|31.0938|31.0938
136|31.0938|31.0938
137|31.0938|31.0938
138|31.0938|31.0938
139|31.0938|31.0938
140|31.0938|31.0938
141|31.0938|31.0938
142|31.0938|31.0938
143|31.0938|31.0938
144|31.0938|31.0938
145|31.0938|31.0938
146|31.0938|31.0938
147|31.0938|31.0938
148|31.0938|31.0938
149|31.0938|31.0938
150|31.0938|31.0938
151|31.0938|31.0938
152|31.0938|31.0938
153|31.0938|31.0938
154|31.0938|31.0938
155|31.0938|31.0938
156|31.0938|31.0938
157|31.0938|31.0938
158|31.0938|31.0938
159|31.0938|31.0938
160|31.0938|31.0938
161|31.0938|31.0938
162|31.0938|31.0938
163|31.0938|31.0938
164|31.0938|31.0938
165|31.0938|31.0938
166|31.0938|31.0938
167|31.0938|31.0938
168|31.0938|31.0938
169|31.0938|31.0938
170|31.0938|31.0938
171|31.0938|31.0938
172|31.0938|31.0938
173|31.0938|31.0938
174|31.0938|31.0938
175|31.0938|31.0938
176|31.0938|31.0938
177|31.0938|31.0938
178|31.0938|31.0938
179|31.0938|31.0938
180|31.0938|31.0938
181|31.0938|31.0938
182|31.0938|31.0938
183|31.0938|31.0938
184|31.0938|31.0938
185|31.0938|31.0938
186|31.0938|31.0938
187|31.0938|31.0938
188|31.0938|31.0938
189|31.0938|31.0938
190|31.0938|31.0938
191|31.0938|31.0938
192|31.0938|31.0938
193|31.0938|31.0938
194|31.0938|31.0938
195|31.0938|31.0938
196|31.0938|31.0938
197|31.0938|31.0938
198|31.0938|31.0938
199|31.0938|31.0938
200|31.0938|31.0938
201|31.0938|31.0938
202|31.0938|31.0938
203|31.0938|31.0938
204|31.0938|31.0938
205|31.0938|31.0938
206|31.0938|31.0938
207|31.0938|31.0938
208|31.0938|31.0938
209|31.0938|31.0938
210|31.0938|31.0938
211|31.0938|31.0938
212|31.0938|31.0938
213|31.0938|31.0938
214|31.0938|31.0938
215|31.0938|31.0938
216|31.0938|31.0938
217|31.0938|31.0938
218|31.0938|31.0938
219|31.0938|31.0938
220|31.0938|31.0938
221|31.0938|31.0938
222|31.0938|31.0938
223|31.0938|31.0938
224|31.0938|31.0938
225|31.0938|31.0938
226|31.0938|31.0938
227|31.0938|31.0938
228|31.0938|31.0938
229|31.0938|31.0938
230|31.0938|31.0938
231|31.0938|31.0938
232|31.0938|31.0938
233|31.0938|31.0938
234|31.0938|31.0938
EARLY STOP: TARGET FOUND
269719ms
