1|-3.47771|-3.47771
2|-3.48049|-3.48049
3|-3.48142|-3.48142
4|-3.48177|-3.48177
5|-3.48179|-3.48179
6|-3.4818|-3.4818
7|-3.4818|-3.4818
8|-3.4818|-3.4818
9|-3.48661|-3.48661
10|-3.58799|-3.58799
11|-4.37205|-4.37205
12|-4.48064|-4.48064
13|-4.48159|-4.48159
14|-4.48178|-4.48178
15|-4.4818|-4.4818
16|-4.74795|-4.74795
17|-4.86785|-4.86785
18|-4.93597|-4.93597
19|-4.97154|-4.97154
20|-4.97379|-4.97379
21|-4.97492|-4.97492
22|-4.97506|-4.97506
23|-4.97506|-4.97506
24|-5.00703|-5.00703
25|-5.0908|-5.0908
26|-5.14073|-5.14073
27|-5.16041|-5.16041
28|-5.16438|-5.16438
29|-5.1653|-5.1653
30|-5.16542|-5.16542
31|-5.16548|-5.16548
32|-5.16549|-5.16549
33|-5.27926|-5.27926
34|-5.40406|-5.40406
35|-5.54606|-5.54606
36|-5.86717|-5.86717
37|-5.97694|-5.97694
38|-5.98522|-5.98522
39|-5.98569|-5.98569
40|-5.98572|-5.98572
41|-5.98574|-5.98574
42|-6.07457|-6.07457
43|-6.10913|-6.10913
44|-6.12325|-6.12325
45|-6.12946|-6.12946
46|-6.13234|-6.13234
47|-6.13304|-6.13304
48|-6.13338|-6.13338
49|-6.18444|-6.18444
50|-6.22735|-6.22735
51|-7.07881|-7.07881
52|-7.08666|-7.08666
53|-7.08676|-7.08676
54|-8.06301|-8.06301
55|-8.06543|-8.06543
56|-8.0663|-8.0663
57|-8.06635|-8.06635
58|-8.06637|-8.06637
59|-8.13789|-8.13789
60|-8.15449|-8.15449
61|-8.16256|-8.16256
62|-8.16653|-8.16653
63|-8.16678|-8.16678
64|-8.16847|-8.16847
65|-8.18799|-8.18799
66|-8.19049|-8.19049
67|-8.19179|-8.19179
68|-8.19213|-8.19213
69|-8.19229|-8.19229
70|-8.19238|-8.19238
71|-8.19242|-8.19242
72|-8.19244|-8.19244
73|-8.19247|-8.19247
74|-8.95839|-8.95839
75|-9.07152|-9.07152
76|-9.09815|-9.09815
77|-9.10735|-9.10735
78|-9.1093|-9.1093
79|-9.10935|-9.10935
80|-9.10935|-9.10935
81|-9.10935|-9.10935
82|-9.10944|-9.10944
83|-9.11186|-9.11186
84|-9.11321|-9.11321
85|-9.12212|-9.12212
86|-9.20674|-9.20674
87|-9.52942|-9.52942
88|-9.69436|-9.69436
89|-10.067|-10.067
90|-10.0941|-10.0941
91|-10.0959|-10.0959
92|-10.096|-10.096
93|-10.0961|-10.0961
94|-10.0963|-10.0963
95|-10.9994|-10.9994
96|-11.047|-11.047
97|-11.0629|-11.0629
98|-11.0633|-11.0633
99|-11.0635|-11.0635
100|-11.0636|-11.0636
101|-11.0636|-11.0636
102|-11.1618|-11.1618
103|-11.5396|-11.5396
104|-11.624|-11.624
105|-11.6241|-11.6241
106|-11.6241|-11.6241
107|-11.9263|-11.9263
108|-12.1172|-12.1172
109|-12.1327|-12.1327
110|-12.1362|-12.1362
111|-12.1379|-12.1379
112|-12.1387|-12.1387
113|-12.1388|-12.1388
114|-12.6958|-12.6958
115|-12.7454|-12.7454
116|-12.7699|-12.7699
117|-12.782|-12.782
118|-12.788|-12.788
119|-12.7882|-12.7882
120|-13.2903|-13.2903
121|-13.2967|-13.2967
122|-13.2998|-13.2998
123|-13.3002|-13.3002
124|-14.1709|-14.1709
125|-14.2854|-14.2854
126|-14.2864|-14.2864
127|-14.2865|-14.2865
128|-14.2865|-14.2865
129|-14.2865|-14.2865
130|-14.2865|-14.2865
131|-14.3047|-14.3047
132|-14.8118|-14.8118
133|-15.1755|-15.1755
134|-15.2039|-15.2039
135|-15.2045|-15.2045
136|-15.2048|-15.2048
137|-15.2048|-15.2048
138|-15.2049|-15.2049
139|-15.2065|-15.2065
140|-15.3609|-15.3609
141|-15.5364|-15.5364
142|-15.818|-15.818
143|-15.9535|-15.9535
144|-15.9734|-15.9734
145|-15.9809|-15.9809
146|-15.9817|-15.9817
147|-15.9821|-15.9821
148|-15.9823|-15.9823
149|-16.5015|-16.5015
150|-16.729|-16.729
151|-16.8123|-16.8123
152|-16.8233|-16.8233
153|-16.8233|-16.8233
154|-16.8236|-16.8236
155|-17.005|-17.005
156|-17.1848|-17.1848
157|-17.2316|-17.2316
158|-17.2316|-17.2316
159|-17.2317|-17.2317
160|-17.2317|-17.2317
161|-17.2714|-17.2714
162|-17.2893|-17.2893
163|-17.6326|-17.6326
164|-17.897|-17.897
165|-17.9788|-17.9788
166|-17.9948|-17.9948
167|-17.9955|-17.9955
168|-17.9957|-17.9957
169|-17.9958|-17.9958
170|-17.9959|-17.9959
171|-17.9959|-17.9959
172|-18.8501|-18.8501
173|-18.8737|-18.8737
174|-18.8759|-18.8759
175|-18.8765|-18.8765
176|-18.8767|-18.8767
177|-18.8769|-18.8769
178|-19.198|-19.198
179|-19.4997|-19.4997
180|-19.6176|-19.6176
181|-19.6441|-19.6441
182|-19.6472|-19.6472
183|-19.648|-19.648
184|-19.6484|-19.6484
185|-20.101|-20.101
186|-20.1569|-20.1569
187|-20.2184|-20.2184
188|-20.2327|-20.2327
189|-20.4597|-20.4597
190|-20.5656|-20.5656
191|-20.5738|-20.5738
192|-20.5742|-20.5742
193|-20.5744|-20.5744
194|-20.5746|-20.5746
195|-20.5761|-20.5761
196|-20.7324|-20.7324
197|-20.9426|-20.9426
198|-20.9497|-20.9497
199|-20.9506|-20.9506
200|-21.0905|-21.0905
201|-21.1251|-21.1251
202|-21.3408|-21.3408
203|-21.4655|-21.4655
204|-21.6257|-21.6257
205|-21.6484|-21.6484
206|-21.6579|-21.6579
207|-21.6614|-21.6614
208|-21.6628|-21.6628
209|-21.6631|-21.6631
210|-21.6632|-21.6632
211|-21.6636|-21.6636
212|-21.6638|-21.6638
213|-21.8912|-21.8912
214|-22.4845|-22.4845
215|-22.5939|-22.5939
216|-22.6005|-22.6005
217|-22.6011|-22.6011
218|-22.6011|-22.6011
219|-22.6011|-22.6011
220|-22.6011|-22.6011
221|-22.6011|-22.6011
222|-22.6011|-22.6011
223|-22.6011|-22.6011
224|-22.6011|-22.6011
225|-22.6011|-22.6011
226|-22.6011|-22.6011
227|-22.6011|-22.6011
228|-22.6011|-22.6011
229|-22.6011|-22.6011
230|-22.6011|-22.6011
231|-22.6011|-22.6011
232|-22.6011|-22.6011
233|-22.6011|-22.6011
234|-22.6011|-22.6011
235|-22.6011|-22.6011
236|-22.6011|-22.6011
237|-22.6011|-22.6011
238|-22.6011|-22.6011
239|-22.6011|-22.6011
240|-22.6011|-22.6011
241|-22.6011|-22.6011
242|-22.6011|-22.6011
243|-22.6011|-22.6011
244|-22.6011|-22.6011
245|-22.6011|-22.6011
246|-22.6011|-22.6011
247|-22.6011|-22.6011
248|-22.6011|-22.6011
249|-22.6011|-22.6011
250|-22.6011|-22.6011
251|-22.6011|-22.6011
252|-22.6011|-22.6011
253|-22.6011|-22.6011
254|-22.6011|-22.6011
255|-22.6011|-22.6011
256|-22.6011|-22.6011
257|-22.6011|-22.6011
258|-22.6011|-22.6011
259|-22.6011|-22.6011
260|-22.6011|-22.6011
261|-22.6011|-22.6011
262|-22.6011|-22.6011
263|-22.6011|-22.6011
264|-22.6011|-22.6011
265|-22.6011|-22.6011
266|-22.6011|-22.6011
267|-22.6011|-22.6011
268|-22.6011|-22.6011
269|-22.6011|-22.6011
270|-22.6011|-22.6011
271|-22.6011|-22.6011
272|-22.6011|-22.6011
273|-22.6011|-22.6011
274|-22.6011|-22.6011
275|-22.6011|-22.6011
276|-22.6011|-22.6011
277|-22.6011|-22.6011
278|-22.6011|-22.6011
279|-22.6011|-22.6011
280|-22.6011|-22.6011
281|-22.6011|-22.6011
282|-22.6011|-22.6011
283|-22.6011|-22.6011
284|-22.6011|-22.6011
285|-22.6011|-22.6011
286|-22.6011|-22.6011
287|-22.6011|-22.6011
288|-22.6011|-22.6011
289|-22.6011|-22.6011
290|-22.6011|-22.6011
291|-22.6011|-22.6011
292|-22.6011|-22.6011
293|-22.6011|-22.6011
294|-22.6011|-22.6011
295|-22.6011|-22.6011
296|-22.6011|-22.6011
297|-22.6011|-22.6011
298|-22.6011|-22.6011
299|-22.6011|-22.6011
300|-22.6011|-22.6011
301|-22.6011|-22.6011
302|-22.6011|-22.6011
303|-22.6011|-22.6011
304|-22.6011|-22.6011
305|-22.6011|-22.6011
306|-22.6011|-22.6011
307|-22.6011|-22.6011
308|-22.6011|-22.6011
309|-22.6011|-22.6011
310|-22.6011|-22.6011
311|-22.6011|-22.6011
312|-22.6011|-22.6011
313|-22.6011|-22.6011
314|-22.6011|-22.6011
315|-22.6011|-22.6011
316|-22.6011|-22.6011
317|-22.6011|-22.6011
318|-22.6011|-22.6011
319|-22.6011|-22.6011
320|-22.6011|-22.6011
321|-22.6011|-22.6011
322|-22.6011|-22.6011
323|-22.6011|-22.6011
324|-22.6011|-22.6011
325|-22.6011|-22.6011
326|-22.6011|-22.6011
327|-22.6011|-22.6011
328|-22.6011|-22.6011
329|-22.6011|-22.6011
330|-22.6011|-22.6011
331|-22.6011|-22.6011
332|-22.6011|-22.6011
333|-22.6011|-22.6011
334|-22.6011|-22.6011
335|-22.6011|-22.6011
336|-22.6011|-22.6011
337|-22.6011|-22.6011
338|-22.6011|-22.6011
339|-22.6011|-22.6011
340|-22.6011|-22.6011
341|-22.6011|-22.6011
342|-22.6011|-22.6011
343|-22.6011|-22.6011
344|-22.6011|-22.6011
345|-22.6011|-22.6011
346|-22.6011|-22.6011
347|-22.6011|-22.6011
348|-22.6011|-22.6011
349|-22.6011|-22.6011
350|-22.6011|-22.6011
351|-22.6011|-22.6011
352|-22.6011|-22.6011
353|-22.6011|-22.6011
354|-22.6011|-22.6011
355|-22.6011|-22.6011
356|-22.6011|-22.6011
357|-22.6011|-22.6011
358|-22.6011|-22.6011
359|-22.6011|-22.6011
360|-22.6011|-22.6011
361|-22.6011|-22.6011
362|-22.6011|-22.6011
363|-22.6011|-22.6011
364|-22.6011|-22.6011
365|-22.6011|-22.6011
366|-22.6011|-22.6011
367|-22.6011|-22.6011
368|-22.6011|-22.6011
EARLY STOP: TARGET FOUND
2958105ms
