1|178.886|178.886
2|174.898|174.898
3|164.957|164.957
4|164.167|164.167
5|160.935|160.935
6|160.448|160.448
7|160.259|160.259
8|160.179|160.179
9|160.143|160.143
10|160.134|160.134
11|160.13|160.13
12|160.127|160.127
13|159.321|159.321
14|159.298|159.298
15|159.286|159.286
16|159.285|159.285
17|159.284|159.284
18|141.269|141.269
19|138.282|138.282
20|135.314|135.314
21|134.908|134.908
22|134.83|134.83
23|134.795|134.795
24|119.607|119.607
25|115.546|115.546
26|114.104|114.104
27|113.96|113.96
28|113.891|113.891
29|113.857|113.857
30|113.84|113.84
31|113.836|113.836
32|113.834|113.834
33|113.834|113.834
34|113.833|113.833
35|110.208|110.208
36|99.6385|99.6385
37|99.4504|99.4504
38|99.4384|99.4384
39|99.4377|99.4377
40|99.4376|99.4376
41|84.6776|84.6776
42|76.0192|76.0192
43|74.6486|74.6486
44|74.5803|74.5803
45|74.5469|74.5469
46|74.5448|74.5448
47|74.5438|74.5438
48|73.1197|73.1197
49|72.9778|72.9778
50|72.9101|72.9101
51|72.8935|72.8935
52|72.8924|72.8924
53|67.1561|67.1561
54|53.1576|53.1576
55|53.1472|53.1472
56|53.1456|53.1456
57|53.1456|53.1456
58|53.1456|53.1456
59|50.0239|50.0239
60|50.0073|50.0073
61|50.0052|50.0052
62|50.0042|50.0042
63|50.0037|50.0037
64|50.0034|50.0034
65|49.1888|49.1888
66|48.3593|48.3593
67|48.169|48.169
68|48.1573|48.1573
69|48.1558|48.1558
70|48.1551|48.1551
71|48.1547|48.1547
72|48.1547|48.1547
73|48.1547|48.1547
74|48.1547|48.1547
75|48.1547|48.1547
76|48.1547|48.1547
77|48.1547|48.1547
78|48.1547|48.1547
79|48.1547|48.1547
80|48.1547|48.1547
81|48.1547|48.1547
82|48.1547|48.1547
83|48.1547|48.1547
84|48.1547|48.1547
85|48.1547|48.1547
86|48.1547|48.1547
87|48.1547|48.1547
88|48.1547|48.1547
89|48.1547|48.1547
90|48.1547|48.1547
91|48.1547|48.1547
92|48.1547|48.1547
93|48.1547|48.1547
94|48.1547|48.1547
95|48.1547|48.1547
96|48.1547|48.1547
97|48.1547|48.1547
98|48.1547|48.1547
99|48.1547|48.1547
100|48.1547|48.1547
101|48.1547|48.1547
102|48.1547|48.1547
103|48.1547|48.1547
104|48.1547|48.1547
105|48.1547|48.1547
106|48.1547|48.1547
107|48.1547|48.1547
108|48.1547|48.1547
109|48.1547|48.1547
110|48.1547|48.1547
111|48.1547|48.1547
112|48.1547|48.1547
113|48.1547|48.1547
114|48.1547|48.1547
115|48.1547|48.1547
116|48.1547|48.1547
117|48.1547|48.1547
118|48.1547|48.1547
119|48.1547|48.1547
120|48.1547|48.1547
121|48.1547|48.1547
122|48.1547|48.1547
123|48.1547|48.1547
124|48.1547|48.1547
125|48.1547|48.1547
126|48.1547|48.1547
127|48.1547|48.1547
128|48.1547|48.1547
129|48.1547|48.1547
130|48.1547|48.1547
131|48.1547|48.1547
132|48.1547|48.1547
133|48.1547|48.1547
134|48.1547|48.1547
135|48.1547|48.1547
136|48.1547|48.1547
137|48.1547|48.1547
138|48.1547|48.1547
139|48.1547|48.1547
140|48.1547|48.1547
141|48.1547|48.1547
142|48.1547|48.1547
143|48.1547|48.1547
144|48.1547|48.1547
145|48.1547|48.1547
146|48.1547|48.1547
147|48.1547|48.1547
148|48.1547|48.1547
149|48.1547|48.1547
150|48.1547|48.1547
151|48.1547|48.1547
152|48.1547|48.1547
153|48.1547|48.1547
154|48.1547|48.1547
155|48.1547|48.1547
156|48.1547|48.1547
157|48.1547|48.1547
158|48.1547|48.1547
159|48.1547|48.1547
160|48.1547|48.1547
161|48.1547|48.1547
162|48.1547|48.1547
163|48.1547|48.1547
164|48.1547|48.1547
165|48.1547|48.1547
166|48.1547|48.1547
167|48.1547|48.1547
168|48.1547|48.1547
169|48.1547|48.1547
170|48.1547|48.1547
171|48.1547|48.1547
172|48.1547|48.1547
173|48.1547|48.1547
174|48.1547|48.1547
175|48.1547|48.1547
176|48.1547|48.1547
177|48.1547|48.1547
178|48.1547|48.1547
179|48.1547|48.1547
180|48.1547|48.1547
181|48.1547|48.1547
182|48.1547|48.1547
183|48.1547|48.1547
184|48.1547|48.1547
185|48.1547|48.1547
186|48.1547|48.1547
187|48.1547|48.1547
188|48.1547|48.1547
189|48.1547|48.1547
190|48.1547|48.1547
191|48.1547|48.1547
192|48.1547|48.1547
193|48.1547|48.1547
194|48.1547|48.1547
195|48.1547|48.1547
196|48.1547|48.1547
197|48.1547|48.1547
198|48.1547|48.1547
199|48.1547|48.1547
200|48.1547|48.1547
201|48.1547|48.1547
202|48.1547|48.1547
203|48.1547|48.1547
204|48.1547|48.1547
205|48.1547|48.1547
206|48.1547|48.1547
207|48.1547|48.1547
208|48.1547|48.1547
209|48.1547|48.1547
210|48.1547|48.1547
211|48.1547|48.1547
212|48.1547|48.1547
213|48.1547|48.1547
214|48.1547|48.1547
215|48.1547|48.1547
216|48.1547|48.1547
217|48.1547|48.1547
218|48.1547|48.1547
219|48.1547|48.1547
220|48.1547|48.1547
221|48.1547|48.1547
EARLY STOP: TARGET FOUND
256925ms
