1|-2.82761|-2.82761
2|-2.97502|-2.97502
3|-3.05642|-3.05642
4|-3.06668|-3.06668
5|-3.06925|-3.06925
6|-3.06989|-3.06989
7|-3.07005|-3.07005
8|-3.07009|-3.07009
9|-3.27139|-3.27139
10|-3.30888|-3.30888
11|-3.31064|-3.31064
12|-3.31065|-3.31065
13|-3.31065|-3.31065
14|-3.51391|-3.51391
15|-3.61125|-3.61125
16|-3.6646|-3.6646
17|-3.67826|-3.67826
18|-3.67998|-3.67998
19|-3.68083|-3.68083
20|-3.68126|-3.68126
21|-3.68137|-3.68137
22|-4.57731|-4.57731
23|-4.57739|-4.57739
24|-4.57741|-4.57741
25|-4.57743|-4.57743
26|-4.57743|-4.57743
27|-4.57821|-4.57821
28|-4.63136|-4.63136
29|-5.25364|-5.25364
30|-5.37494|-5.37494
31|-5.39398|-5.39398
32|-5.39598|-5.39598
33|-5.39694|-5.39694
34|-5.39742|-5.39742
35|-5.39765|-5.39765
36|-5.39768|-5.39768
37|-5.39769|-5.39769
38|-5.86824|-5.86824
39|-6.08694|-6.08694
40|-6.37559|-6.37559
41|-6.39224|-6.39224
42|-6.39238|-6.39238
43|-6.39242|-6.39242
44|-6.39242|-6.39242
45|-6.39242|-6.39242
46|-7.15613|-7.15613
47|-7.17589|-7.17589
48|-7.18045|-7.18045
49|-7.18137|-7.18137
50|-7.18149|-7.18149
51|-7.37908|-7.37908
52|-7.38864|-7.38864
53|-7.3898|-7.3898
54|-7.38995|-7.38995
55|-7.39002|-7.39002
56|-7.3996|-7.3996
57|-7.97614|-7.97614
58|-8.26584|-8.26584
59|-8.28596|-8.28596
60|-8.29021|-8.29021
61|-8.29123|-8.29123
62|-8.29173|-8.29173
63|-8.29185|-8.29185
64|-8.31931|-8.31931
65|-8.3795|-8.3795
66|-8.90681|-8.90681
67|-9.00743|-9.00743
68|-9.01024|-9.01024
69|-9.01087|-9.01087
70|-9.01102|-9.01102
71|-9.01103|-9.01103
72|-9.01231|-9.01231
73|-9.0126|-9.0126
74|-9.15675|-9.15675
75|-9.63239|-9.63239
76|-9.6328|-9.6328
77|-9.63292|-9.63292
78|-9.63294|-9.63294
79|-9.63295|-9.63295
80|-9.63296|-9.63296
81|-9.63301|-9.63301
82|-9.63458|-9.63458
83|-9.64134|-9.64134
84|-9.67158|-9.67158
85|-9.86489|-9.86489
86|-9.92037|-9.92037
87|-9.94251|-9.94251
88|-9.9516|-9.9516
89|-9.95558|-9.95558
90|-9.95743|-9.95743
91|-9.95832|-9.95832
92|-9.95854|-9.95854
93|-9.95861|-9.95861
94|-10.7682|-10.7682
95|-10.8943|-10.8943
96|-10.9142|-10.9142
97|-10.9221|-10.9221
98|-10.9255|-10.9255
99|-10.9259|-10.9259
100|-10.926|-10.926
101|-10.9261|-10.9261
102|-10.9261|-10.9261
103|-10.9262|-10.9262
104|-11.1206|-11.1206
105|-11.3413|-11.3413
106|-11.3986|-11.3986
107|-11.4258|-11.4258
108|-11.4388|-11.4388
109|-11.4452|-11.4452
110|-11.4454|-11.4454
111|-11.5362|-11.5362
112|-11.7607|-11.7607
113|-12.2775|-12.2775
114|-12.3049|-12.3049
115|-12.3218|-12.3218
116|-12.3236|-12.3236
117|-12.324|-12.324
118|-12.3242|-12.3242
119|-12.3242|-12.3242
120|-12.7968|-12.7968
121|-12.9116|-12.9116
122|-12.9131|-12.9131
123|-12.9139|-12.9139
124|-12.9142|-12.9142
125|-12.9144|-12.9144
126|-13.1153|-13.1153
127|-13.249|-13.249
128|-13.3097|-13.3097
129|-13.5903|-13.5903
130|-13.6444|-13.6444
131|-13.6453|-13.6453
132|-13.6455|-13.6455
133|-13.6456|-13.6456
134|-13.6456|-13.6456
135|-13.6628|-13.6628
136|-13.6947|-13.6947
137|-13.6952|-13.6952
138|-13.6952|-13.6952
139|-13.7004|-13.7004
140|-13.9316|-13.9316
141|-14.4144|-14.4144
142|-14.4649|-14.4649
143|-14.4678|-14.4678
144|-14.4678|-14.4678
145|-14.4876|-14.4876
146|-14.8622|-14.8622
147|-14.9052|-14.9052
148|-15.2485|-15.2485
149|-15.3774|-15.3774
150|-15.4601|-15.4601
151|-15.4639|-15.4639
152|-15.4641|-15.4641
153|-15.4645|-15.4645
154|-15.4645|-15.4645
155|-15.7334|-15.7334
156|-15.7926|-15.7926
157|-16.0274|-16.0274
158|-16.2059|-16.2059
159|-16.2253|-16.2253
160|-16.23|-16.23
161|-16.2323|-16.2323
162|-16.2329|-16.2329
163|-16.9921|-16.9921
164|-17.0244|-17.0244
165|-17.03|-17.03
166|-17.0326|-17.0326
167|-17.033|-17.033
168|-17.0331|-17.0331
169|-17.2713|-17.2713
170|-17.8791|-17.8791
171|-17.9907|-17.9907
172|-17.9939|-17.9939
173|-18.0004|-18.0004
174|-18.0029|-18.0029
175|-18.0034|-18.0034
176|-18.0037|-18.0037
177|-18.0037|-18.0037
178|-18.0656|-18.0656
179|-18.3808|-18.3808
180|-18.385|-18.385
181|-18.387|-18.387
182|-18.3871|-18.3871
183|-18.3872|-18.3872
184|-18.3872|-18.3872
185|-18.404|-18.404
186|-18.5341|-18.5341
187|-18.9475|-18.9475
188|-19.3096|-19.3096
189|-19.3097|-19.3097
190|-19.3097|-19.3097
191|-19.3124|-19.3124
192|-19.3189|-19.3189
193|-19.3328|-19.3328
194|-19.5082|-19.5082
195|-19.9996|-19.9996
196|-20.2003|-20.2003
197|-20.2231|-20.2231
198|-20.2232|-20.2232
199|-20.2236|-20.2236
200|-20.5936|-20.5936
201|-21.0687|-21.0687
202|-21.1067|-21.1067
203|-21.1221|-21.1221
204|-21.1256|-21.1256
205|-21.126|-21.126
206|-21.3572|-21.3572
207|-21.4742|-21.4742
208|-21.5054|-21.5054
209|-21.5064|-21.5064
210|-21.5065|-21.5065
211|-22.1067|-22.1067
212|-22.2883|-22.2883
213|-22.3012|-22.3012
214|-22.3014|-22.3014
215|-22.3014|-22.3014
216|-22.4793|-22.4793
217|-22.8119|-22.8119
218|-22.8148|-22.8148
219|-22.8162|-22.8162
220|-22.8169|-22.8169
221|-22.8173|-22.8173
222|-22.8173|-22.8173
223|-22.8173|-22.8173
224|-22.8173|-22.8173
225|-22.8173|-22.8173
226|-22.8173|-22.8173
227|-22.8173|-22.8173
228|-22.8173|-22.8173
229|-22.8173|-22.8173
230|-22.8173|-22.8173
231|-22.8173|-22.8173
232|-22.8173|-22.8173
233|-22.8173|-22.8173
234|-22.8173|-22.8173
235|-22.8173|-22.8173
236|-22.8173|-22.8173
237|-22.8173|-22.8173
238|-22.8173|-22.8173
239|-22.8173|-22.8173
240|-22.8173|-22.8173
241|-22.8173|-22.8173
242|-22.8173|-22.8173
243|-22.8173|-22.8173
244|-22.8173|-22.8173
245|-22.8173|-22.8173
246|-22.8173|-22.8173
247|-22.8173|-22.8173
248|-22.8173|-22.8173
249|-22.8173|-22.8173
250|-22.8173|-22.8173
251|-22.8173|-22.8173
252|-22.8173|-22.8173
253|-22.8173|-22.8173
254|-22.8173|-22.8173
255|-22.8173|-22.8173
256|-22.8173|-22.8173
257|-22.8173|-22.8173
258|-22.8173|-22.8173
259|-22.8173|-22.8173
260|-22.8173|-22.8173
261|-22.8173|-22.8173
262|-22.8173|-22.8173
263|-22.8173|-22.8173
264|-22.8173|-22.8173
265|-22.8173|-22.8173
266|-22.8173|-22.8173
267|-22.8173|-22.8173
268|-22.8173|-22.8173
269|-22.8173|-22.8173
270|-22.8173|-22.8173
271|-22.8173|-22.8173
272|-22.8173|-22.8173
273|-22.8173|-22.8173
274|-22.8173|-22.8173
275|-22.8173|-22.8173
276|-22.8173|-22.8173
277|-22.8173|-22.8173
278|-22.8173|-22.8173
279|-22.8173|-22.8173
280|-22.8173|-22.8173
281|-22.8173|-22.8173
282|-22.8173|-22.8173
283|-22.8173|-22.8173
284|-22.8173|-22.8173
285|-22.8173|-22.8173
286|-22.8173|-22.8173
287|-22.8173|-22.8173
288|-22.8173|-22.8173
289|-22.8173|-22.8173
290|-22.8173|-22.8173
291|-22.8173|-22.8173
292|-22.8173|-22.8173
293|-22.8173|-22.8173
294|-22.8173|-22.8173
295|-22.8173|-22.8173
296|-22.8173|-22.8173
297|-22.8173|-22.8173
298|-22.8173|-22.8173
299|-22.8173|-22.8173
300|-22.8173|-22.8173
301|-22.8173|-22.8173
302|-22.8173|-22.8173
303|-22.8173|-22.8173
304|-22.8173|-22.8173
305|-22.8173|-22.8173
306|-22.8173|-22.8173
307|-22.8173|-22.8173
308|-22.8173|-22.8173
309|-22.8173|-22.8173
310|-22.8173|-22.8173
311|-22.8173|-22.8173
312|-22.8173|-22.8173
313|-22.8173|-22.8173
314|-22.8173|-22.8173
315|-22.8173|-22.8173
316|-22.8173|-22.8173
317|-22.8173|-22.8173
318|-22.8173|-22.8173
319|-22.8173|-22.8173
320|-22.8173|-22.8173
321|-22.8173|-22.8173
322|-22.8173|-22.8173
323|-22.8173|-22.8173
324|-22.8173|-22.8173
325|-22.8173|-22.8173
326|-22.8173|-22.8173
327|-22.8173|-22.8173
328|-22.8173|-22.8173
329|-22.8173|-22.8173
330|-22.8173|-22.8173
331|-22.8173|-22.8173
332|-22.8173|-22.8173
333|-22.8173|-22.8173
334|-22.8173|-22.8173
335|-22.8173|-22.8173
336|-22.8173|-22.8173
337|-22.8173|-22.8173
338|-22.8173|-22.8173
339|-22.8173|-22.8173
340|-22.8173|-22.8173
341|-22.8173|-22.8173
342|-22.8173|-22.8173
343|-22.8173|-22.8173
344|-22.8173|-22.8173
345|-22.8173|-22.8173
346|-22.8173|-22.8173
347|-22.8173|-22.8173
348|-22.8173|-22.8173
349|-22.8173|-22.8173
350|-22.8173|-22.8173
351|-22.8173|-22.8173
352|-22.8173|-22.8173
353|-22.8173|-22.8173
354|-22.8173|-22.8173
355|-22.8173|-22.8173
356|-22.8173|-22.8173
357|-22.8173|-22.8173
358|-22.8173|-22.8173
359|-22.8173|-22.8173
360|-22.8173|-22.8173
361|-22.8173|-22.8173
362|-22.8173|-22.8173
363|-22.8173|-22.8173
364|-22.8173|-22.8173
365|-22.8173|-22.8173
366|-22.8173|-22.8173
367|-22.8173|-22.8173
368|-22.8173|-22.8173
369|-22.8173|-22.8173
370|-22.8173|-22.8173
371|-22.8173|-22.8173
EARLY STOP: TARGET FOUND
2991711ms
