1|57.3767|57.3767
2|57.1399|57.1399
3|57.0983|57.0983
4|57.0959|57.0959
5|57.0958|57.0958
6|53.6361|53.6361
7|53.1351|53.1351
8|53.131|53.131
9|53.1301|53.1301
10|53.13|53.13
11|53.13|53.13
12|43.4806|43.4806
13|40.9777|40.9777
14|40.864|40.864
15|40.8638|40.8638
16|40.8637|40.8637
17|40.8637|40.8637
18|20.0993|20.0993
19|19.8611|19.8611
20|19.8188|19.8188
21|19.8162|19.8162
22|19.8161|19.8161
23|19.8161|19.8161
24|19.8161|19.8161
25|0.446868|0.446868
26|0.446868|0.446868
27|0.446868|0.446868
28|0.446868|0.446868
29|0.446868|0.446868
30|0.000811197|0.000811197
EARLY STOP: TARGET FOUND
5285ms
