1|557.183|557.183
2|472.248|472.248
3|345|345
4|329.803|329.803
5|323.564|323.564
6|320.791|320.791
7|319.493|319.493
8|318.866|318.866
9|318.711|318.711
10|318.634|318.634
11|318.596|318.596
12|318.586|318.586
13|318.584|318.584
14|318.583|318.583
15|318.583|318.583
16|272.484|272.484
17|233.461|233.461
18|53.1941|53.1941
19|-30.5281|-30.5281
20|-49.7127|-49.7127
21|-50.0377|-50.0377
22|-50.1095|-50.1095
23|-50.1441|-50.1441
24|-50.1609|-50.1609
25|-50.163|-50.163
26|-50.1635|-50.1635
27|-50.1637|-50.1637
28|-50.1637|-50.1637
29|-50.1638|-50.1638
30|-50.1638|-50.1638
31|-482.264|-482.264
32|-661.776|-661.776
33|-745.913|-745.913
34|-764.029|-764.029
35|-764.687|-764.687
36|-764.691|-764.691
37|-946.692|-946.692
38|-1029.45|-1029.45
39|-1051.13|-1051.13
40|-1051.15|-1051.15
41|-1051.16|-1051.16
42|-1051.16|-1051.16
43|-1051.16|-1051.16
44|-1051.17|-1051.17
45|-1051.17|-1051.17
46|-1051.17|-1051.17
47|-1114.53|-1114.53
48|-1164.78|-1164.78
49|-1202.3|-1202.3
50|-1383.7|-1383.7
51|-1466.8|-1466.8
52|-1487.6|-1487.6
53|-1487.75|-1487.75
54|-1487.77|-1487.77
55|-1487.77|-1487.77
56|-1487.77|-1487.77
57|-1487.77|-1487.77
58|-1487.77|-1487.77
59|-1487.77|-1487.77
60|-1487.77|-1487.77
61|-1487.77|-1487.77
62|-1487.77|-1487.77
63|-1487.77|-1487.77
64|-1487.77|-1487.77
65|-1487.77|-1487.77
66|-1487.77|-1487.77
67|-1487.77|-1487.77
68|-1487.77|-1487.77
69|-1487.77|-1487.77
70|-1487.77|-1487.77
71|-1487.77|-1487.77
72|-1487.77|-1487.77
73|-1487.77|-1487.77
74|-1487.77|-1487.77
75|-1487.77|-1487.77
76|-1487.77|-1487.77
77|-1487.77|-1487.77
78|-1487.77|-1487.77
79|-1487.77|-1487.77
80|-1487.77|-1487.77
81|-1487.77|-1487.77
82|-1487.77|-1487.77
83|-1487.77|-1487.77
84|-1487.77|-1487.77
85|-1487.77|-1487.77
86|-1487.77|-1487.77
87|-1487.77|-1487.77
88|-1487.77|-1487.77
89|-1487.77|-1487.77
90|-1487.77|-1487.77
91|-1487.77|-1487.77
92|-1487.77|-1487.77
93|-1487.77|-1487.77
94|-1487.77|-1487.77
95|-1487.77|-1487.77
96|-1487.77|-1487.77
97|-1487.77|-1487.77
98|-1487.77|-1487.77
99|-1487.77|-1487.77
100|-1487.77|-1487.77
101|-1487.77|-1487.77
102|-1487.77|-1487.77
103|-1487.77|-1487.77
104|-1487.77|-1487.77
105|-1487.77|-1487.77
106|-1487.77|-1487.77
107|-1487.77|-1487.77
108|-1487.77|-1487.77
109|-1487.77|-1487.77
110|-1487.77|-1487.77
111|-1487.77|-1487.77
112|-1487.77|-1487.77
113|-1487.77|-1487.77
114|-1487.77|-1487.77
115|-1487.77|-1487.77
116|-1487.77|-1487.77
117|-1487.77|-1487.77
118|-1487.77|-1487.77
119|-1487.77|-1487.77
120|-1487.77|-1487.77
121|-1487.77|-1487.77
122|-1487.77|-1487.77
123|-1487.77|-1487.77
124|-1487.77|-1487.77
125|-1487.77|-1487.77
126|-1487.77|-1487.77
127|-1487.77|-1487.77
128|-1487.77|-1487.77
129|-1487.77|-1487.77
130|-1487.77|-1487.77
131|-1487.77|-1487.77
132|-1487.77|-1487.77
133|-1487.77|-1487.77
134|-1487.77|-1487.77
135|-1487.77|-1487.77
136|-1487.77|-1487.77
137|-1487.77|-1487.77
138|-1487.77|-1487.77
139|-1487.77|-1487.77
140|-1487.77|-1487.77
141|-1487.77|-1487.77
142|-1487.77|-1487.77
143|-1487.77|-1487.77
144|-1487.77|-1487.77
145|-1487.77|-1487.77
146|-1487.77|-1487.77
147|-1487.77|-1487.77
148|-1487.77|-1487.77
149|-1487.77|-1487.77
150|-1487.77|-1487.77
151|-1487.77|-1487.77
152|-1487.77|-1487.77
153|-1487.77|-1487.77
154|-1487.77|-1487.77
155|-1487.77|-1487.77
156|-1487.77|-1487.77
157|-1487.77|-1487.77
158|-1487.77|-1487.77
159|-1487.77|-1487.77
160|-1487.77|-1487.77
161|-1487.77|-1487.77
162|-1487.77|-1487.77
163|-1487.77|-1487.77
164|-1487.77|-1487.77
165|-1487.77|-1487.77
166|-1487.77|-1487.77
167|-1487.77|-1487.77
168|-1487.77|-1487.77
169|-1487.77|-1487.77
170|-1487.77|-1487.77
171|-1487.77|-1487.77
172|-1487.77|-1487.77
173|-1487.77|-1487.77
174|-1487.77|-1487.77
175|-1487.77|-1487.77
176|-1487.77|-1487.77
177|-1487.77|-1487.77
178|-1487.77|-1487.77
179|-1487.77|-1487.77
180|-1487.77|-1487.77
181|-1487.77|-1487.77
182|-1487.77|-1487.77
183|-1487.77|-1487.77
184|-1487.77|-1487.77
185|-1487.77|-1487.77
186|-1487.77|-1487.77
187|-1487.77|-1487.77
188|-1487.77|-1487.77
189|-1487.77|-1487.77
190|-1487.77|-1487.77
191|-1487.77|-1487.77
192|-1487.77|-1487.77
193|-1487.77|-1487.77
194|-1487.77|-1487.77
195|-1487.77|-1487.77
196|-1487.77|-1487.77
197|-1487.77|-1487.77
198|-1487.77|-1487.77
199|-1487.77|-1487.77
200|-1487.77|-1487.77
201|-1487.77|-1487.77
202|-1487.77|-1487.77
203|-1487.77|-1487.77
204|-1487.77|-1487.77
205|-1487.77|-1487.77
206|-1487.77|-1487.77
207|-1487.77|-1487.77
208|-1487.77|-1487.77
209|-1487.77|-1487.77
EARLY STOP: TARGET FOUND
99264ms
