1|-3.74527|-3.74527
2|-3.75762|-3.75762
3|-3.76032|-3.76032
4|-3.76121|-3.76121
5|-3.76138|-3.76138
6|-3.76146|-3.76146
7|-3.76148|-3.76148
8|-3.76149|-3.76149
9|-4.58487|-4.58487
10|-4.74294|-4.74294
11|-4.75796|-4.75796
12|-4.76107|-4.76107
13|-4.76149|-4.76149
14|-4.76149|-4.76149
15|-4.76363|-4.76363
16|-5.60803|-5.60803
17|-5.60803|-5.60803
18|-5.71934|-5.71934
19|-5.72045|-5.72045
20|-5.72055|-5.72055
21|-5.72056|-5.72056
22|-5.72057|-5.72057
23|-5.72057|-5.72057
24|-5.72057|-5.72057
25|-5.7243|-5.7243
26|-5.75998|-5.75998
27|-6.27206|-6.27206
28|-6.31542|-6.31542
29|-6.32561|-6.32561
30|-6.32905|-6.32905
31|-6.32974|-6.32974
32|-6.33005|-6.33005
33|-6.33021|-6.33021
34|-6.33028|-6.33028
35|-6.33032|-6.33032
36|-6.67117|-6.67117
37|-6.96119|-6.96119
38|-7.28421|-7.28421
39|-7.31222|-7.31222
40|-7.31589|-7.31589
41|-7.31722|-7.31722
42|-7.31736|-7.31736
43|-7.31739|-7.31739
44|-7.31822|-7.31822
45|-7.31834|-7.31834
46|-7.45206|-7.45206
47|-7.45211|-7.45211
48|-7.45211|-7.45211
49|-7.45211|-7.45211
50|-8.2567|-8.2567
51|-8.44329|-8.44329
52|-8.44494|-8.44494
53|-8.44504|-8.44504
54|-8.44505|-8.44505
55|-8.44505|-8.44505
56|-8.5062|-8.5062
57|-8.94671|-8.94671
58|-9.23697|-9.23697
59|-9.29778|-9.29778
60|-9.32474|-9.32474
61|-9.33107|-9.33107
62|-9.33417|-9.33417
63|-9.33494|-9.33494
64|-9.33532|-9.33532
65|-9.33551|-9.33551
66|-9.43373|-9.43373
67|-9.6145|-9.6145
68|-10.2229|-10.2229
69|-10.2323|-10.2323
70|-10.2365|-10.2365
71|-10.237|-10.237
72|-10.2372|-10.2372
73|-10.2374|-10.2374
74|-10.2378|-10.2378
75|-10.238|-10.238
76|-10.2381|-10.2381
77|-10.2381|-10.2381
78|-10.2381|-10.2381
79|-10.2381|-10.2381
80|-10.2381|-10.2381
81|-10.4171|-10.4171
82|-11.1147|-11.1147
83|-11.1743|-11.1743
84|-11.1801|-11.1801
85|-11.1815|-11.1815
86|-11.1822|-11.1822
87|-11.1825|-11.1825
88|-11.1826|-11.1826
89|-11.1826|-11.1826
90|-11.7061|-11.7061
91|-11.9068|-11.9068
92|-12.0303|-12.0303
93|-12.0633|-12.0633
94|-12.091|-12.091
95|-12.1016|-12.1016
96|-12.1027|-12.1027
97|-12.1033|-12.1033
98|-12.1034|-12.1034
99|-12.1035|-12.1035
100|-12.1241|-12.1241
101|-12.2752|-12.2752
102|-12.3627|-12.3627
103|-12.4144|-12.4144
104|-12.4281|-12.4281
105|-12.4351|-12.4351
106|-12.4355|-12.4355
107|-12.4357|-12.4357
108|-12.4988|-12.4988
109|-12.5013|-12.5013
110|-12.5862|-12.5862
111|-13.2086|-13.2086
112|-13.4061|-13.4061
113|-13.4061|-13.4061
114|-13.4062|-13.4062
115|-13.4063|-13.4063
116|-13.4063|-13.4063
117|-13.4063|-13.4063
118|-13.7763|-13.7763
119|-13.7763|-13.7763
120|-13.7764|-13.7764
121|-13.7764|-13.7764
122|-14.0447|-14.0447
123|-14.3084|-14.3084
124|-14.3255|-14.3255
125|-14.334|-14.334
126|-14.3383|-14.3383
127|-14.3404|-14.3404
128|-14.383|-14.383
129|-14.4624|-14.4624
130|-14.5039|-14.5039
131|-14.536|-14.536
132|-14.5362|-14.5362
133|-14.5362|-14.5362
134|-14.5462|-14.5462
135|-14.5783|-14.5783
136|-14.5859|-14.5859
137|-14.5875|-14.5875
138|-15.0736|-15.0736
139|-15.4658|-15.4658
140|-15.4835|-15.4835
141|-15.4868|-15.4868
142|-15.4882|-15.4882
143|-15.4883|-15.4883
144|-15.4884|-15.4884
145|-15.4884|-15.4884
146|-15.4919|-15.4919
147|-15.7036|-15.7036
148|-16.1977|-16.1977
149|-16.3347|-16.3347
150|-16.3551|-16.3551
151|-16.3629|-16.3629
152|-16.3646|-16.3646
153|-16.3654|-16.3654
154|-17.1251|-17.1251
155|-17.2225|-17.2225
156|-17.2394|-17.2394
157|-17.241|-17.241
158|-17.2417|-17.2417
159|-17.2419|-17.2419
160|-17.242|-17.242
161|-17.3041|-17.3041
162|-17.9891|-17.9891
163|-18.0264|-18.0264
164|-18.0426|-18.0426
165|-18.0501|-18.0501
166|-18.0506|-18.0506
167|-18.1758|-18.1758
168|-18.3636|-18.3636
169|-18.5531|-18.5531
170|-18.6995|-18.6995
171|-18.7567|-18.7567
172|-18.7634|-18.7634
173|-18.7694|-18.7694
174|-18.7696|-18.7696
175|-18.7696|-18.7696
176|-18.7697|-18.7697
177|-18.7697|-18.7697
178|-18.9136|-18.9136
179|-19.3356|-19.3356
180|-19.5343|-19.5343
181|-19.5366|-19.5366
182|-19.5447|-19.5447
183|-19.7162|-19.7162
184|-19.7238|-19.7238
185|-19.7244|-19.7244
186|-19.7245|-19.7245
187|-19.7245|-19.7245
188|-20.0305|-20.0305
189|-20.1086|-20.1086
190|-20.134|-20.134
191|-20.1388|-20.1388
192|-20.1399|-20.1399
193|-20.1404|-20.1404
194|-20.1407|-20.1407
195|-20.1407|-20.1407
196|-20.1407|-20.1407
197|-20.1644|-20.1644
198|-20.8294|-20.8294
199|-21.0308|-21.0308
200|-21.054|-21.054
201|-21.0544|-21.0544
202|-21.0545|-21.0545
203|-21.0545|-21.0545
204|-21.0562|-21.0562
205|-21.2652|-21.2652
206|-21.4194|-21.4194
207|-21.4511|-21.4511
208|-21.4671|-21.4671
209|-21.4696|-21.4696
210|-21.4696|-21.4696
211|-21.6087|-21.6087
212|-21.7056|-21.7056
213|-22.0295|-22.0295
214|-22.0447|-22.0447
215|-22.0447|-22.0447
216|-22.0447|-22.0447
217|-22.4634|-22.4634
218|-22.4967|-22.4967
219|-22.5015|-22.5015
220|-22.5015|-22.5015
221|-22.5015|-22.5015
222|-22.6764|-22.6764
223|-23.0638|-23.0638
224|-23.1972|-23.1972
225|-23.2448|-23.2448
226|-23.2561|-23.2561
227|-23.2564|-23.2564
228|-23.2564|-23.2564
229|-23.2564|-23.2564
230|-23.2564|-23.2564
231|-23.2564|-23.2564
232|-23.2564|-23.2564
233|-23.2564|-23.2564
234|-23.2564|-23.2564
235|-23.2564|-23.2564
236|-23.2564|-23.2564
237|-23.2564|-23.2564
238|-23.2564|-23.2564
239|-23.2564|-23.2564
240|-23.2564|-23.2564
241|-23.2564|-23.2564
242|-23.2564|-23.2564
243|-23.2564|-23.2564
244|-23.2564|-23.2564
245|-23.2564|-23.2564
246|-23.2564|-23.2564
247|-23.2564|-23.2564
248|-23.2564|-23.2564
249|-23.2564|-23.2564
250|-23.2564|-23.2564
251|-23.2564|-23.2564
252|-23.2564|-23.2564
253|-23.2564|-23.2564
254|-23.2564|-23.2564
255|-23.2564|-23.2564
256|-23.2564|-23.2564
257|-23.2564|-23.2564
258|-23.2564|-23.2564
259|-23.2564|-23.2564
260|-23.2564|-23.2564
261|-23.2564|-23.2564
262|-23.2564|-23.2564
263|-23.2564|-23.2564
264|-23.2564|-23.2564
265|-23.2564|-23.2564
266|-23.2564|-23.2564
267|-23.2564|-23.2564
268|-23.2564|-23.2564
269|-23.2564|-23.2564
270|-23.2564|-23.2564
271|-23.2564|-23.2564
272|-23.2564|-23.2564
273|-23.2564|-23.2564
274|-23.2564|-23.2564
275|-23.2564|-23.2564
276|-23.2564|-23.2564
277|-23.2564|-23.2564
278|-23.2564|-23.2564
279|-23.2564|-23.2564
280|-23.2564|-23.2564
281|-23.2564|-23.2564
282|-23.2564|-23.2564
283|-23.2564|-23.2564
284|-23.2564|-23.2564
285|-23.2564|-23.2564
286|-23.2564|-23.2564
287|-23.2564|-23.2564
288|-23.2564|-23.2564
289|-23.2564|-23.2564
290|-23.2564|-23.2564
291|-23.2564|-23.2564
292|-23.2564|-23.2564
293|-23.2564|-23.2564
294|-23.2564|-23.2564
295|-23.2564|-23.2564
296|-23.2564|-23.2564
297|-23.2564|-23.2564
298|-23.2564|-23.2564
299|-23.2564|-23.2564
300|-23.2564|-23.2564
301|-23.2564|-23.2564
302|-23.2564|-23.2564
303|-23.2564|-23.2564
304|-23.2564|-23.2564
305|-23.2564|-23.2564
306|-23.2564|-23.2564
307|-23.2564|-23.2564
308|-23.2564|-23.2564
309|-23.2564|-23.2564
310|-23.2564|-23.2564
311|-23.2564|-23.2564
312|-23.2564|-23.2564
313|-23.2564|-23.2564
314|-23.2564|-23.2564
315|-23.2564|-23.2564
316|-23.2564|-23.2564
317|-23.2564|-23.2564
318|-23.2564|-23.2564
319|-23.2564|-23.2564
320|-23.2564|-23.2564
321|-23.2564|-23.2564
322|-23.2564|-23.2564
323|-23.2564|-23.2564
324|-23.2564|-23.2564
325|-23.2564|-23.2564
326|-23.2564|-23.2564
327|-23.2564|-23.2564
328|-23.2564|-23.2564
329|-23.2564|-23.2564
330|-23.2564|-23.2564
331|-23.2564|-23.2564
332|-23.2564|-23.2564
333|-23.2564|-23.2564
334|-23.2564|-23.2564
335|-23.2564|-23.2564
336|-23.2564|-23.2564
337|-23.2564|-23.2564
338|-23.2564|-23.2564
339|-23.2564|-23.2564
340|-23.2564|-23.2564
341|-23.2564|-23.2564
342|-23.2564|-23.2564
343|-23.2564|-23.2564
344|-23.2564|-23.2564
345|-23.2564|-23.2564
346|-23.2564|-23.2564
347|-23.2564|-23.2564
348|-23.2564|-23.2564
349|-23.2564|-23.2564
350|-23.2564|-23.2564
351|-23.2564|-23.2564
352|-23.2564|-23.2564
353|-23.2564|-23.2564
354|-23.2564|-23.2564
355|-23.2564|-23.2564
356|-23.2564|-23.2564
357|-23.2564|-23.2564
358|-23.2564|-23.2564
359|-23.2564|-23.2564
360|-23.2564|-23.2564
361|-23.2564|-23.2564
362|-23.2564|-23.2564
363|-23.2564|-23.2564
364|-23.2564|-23.2564
365|-23.2564|-23.2564
366|-23.2564|-23.2564
367|-23.2564|-23.2564
368|-23.2564|-23.2564
369|-23.2564|-23.2564
370|-23.2564|-23.2564
371|-23.2564|-23.2564
372|-23.2564|-23.2564
373|-23.2564|-23.2564
374|-23.2564|-23.2564
375|-23.2564|-23.2564
376|-23.2564|-23.2564
377|-23.2564|-23.2564
378|-23.2564|-23.2564
379|-23.2564|-23.2564
EARLY STOP: TARGET FOUND
3069147ms
