1|-66.2863|-66.2863
2|-152.337|-152.337
3|-162.934|-162.934
4|-168.213|-168.213
5|-169.531|-169.531
6|-170.19|-170.19
7|-170.272|-170.272
8|-253.505|-253.505
9|-350.361|-350.361
10|-512.028|-512.028
11|-540.709|-540.709
12|-542.016|-542.016
13|-542.647|-542.647
14|-542.957|-542.957
15|-543.034|-543.034
16|-543.073|-543.073
17|-543.092|-543.092
18|-543.097|-543.097
19|-543.099|-543.099
20|-543.099|-543.099
21|-543.099|-543.099
22|-564.3|-564.3
23|-566.935|-566.935
24|-567.018|-567.018
25|-567.059|-567.059
26|-567.08|-567.08
27|-567.09|-567.09
28|-567.095|-567.095
29|-567.097|-567.097
30|-567.098|-567.098
31|-618.436|-618.436
32|-886.628|-886.628
33|-966.172|-966.172
34|-1043.52|-1043.52
35|-1046.86|-1046.86
36|-1047.01|-1047.01
37|-1047.02|-1047.02
38|-1047.02|-1047.02
39|-1047.02|-1047.02
40|-1352.6|-1352.6
41|-1385.4|-1385.4
42|-1486.46|-1486.46
43|-1486.85|-1486.85
44|-1486.88|-1486.88
45|-1486.9|-1486.9
46|-1486.9|-1486.9
47|-1486.9|-1486.9
48|-1486.9|-1486.9
49|-1486.9|-1486.9
50|-1486.9|-1486.9
51|-1486.9|-1486.9
52|-1486.9|-1486.9
53|-1486.9|-1486.9
54|-1486.9|-1486.9
55|-1486.9|-1486.9
56|-1486.9|-1486.9
57|-1486.9|-1486.9
58|-1486.9|-1486.9
59|-1486.9|-1486.9
60|-1486.9|-1486.9
61|-1486.9|-1486.9
62|-1486.9|-1486.9
63|-1486.9|-1486.9
64|-1486.9|-1486.9
65|-1486.9|-1486.9
66|-1486.9|-1486.9
67|-1486.9|-1486.9
68|-1486.9|-1486.9
69|-1486.9|-1486.9
70|-1486.9|-1486.9
71|-1486.9|-1486.9
72|-1486.9|-1486.9
73|-1486.9|-1486.9
74|-1486.9|-1486.9
75|-1486.9|-1486.9
76|-1486.9|-1486.9
77|-1486.9|-1486.9
78|-1486.9|-1486.9
79|-1486.9|-1486.9
80|-1486.9|-1486.9
81|-1486.9|-1486.9
82|-1486.9|-1486.9
83|-1486.9|-1486.9
84|-1486.9|-1486.9
85|-1486.9|-1486.9
86|-1486.9|-1486.9
87|-1486.9|-1486.9
88|-1486.9|-1486.9
89|-1486.9|-1486.9
90|-1486.9|-1486.9
91|-1486.9|-1486.9
92|-1486.9|-1486.9
93|-1486.9|-1486.9
94|-1486.9|-1486.9
95|-1486.9|-1486.9
96|-1486.9|-1486.9
97|-1486.9|-1486.9
98|-1486.9|-1486.9
99|-1486.9|-1486.9
100|-1486.9|-1486.9
101|-1486.9|-1486.9
102|-1486.9|-1486.9
103|-1486.9|-1486.9
104|-1486.9|-1486.9
105|-1486.9|-1486.9
106|-1486.9|-1486.9
107|-1486.9|-1486.9
108|-1486.9|-1486.9
109|-1486.9|-1486.9
110|-1486.9|-1486.9
111|-1486.9|-1486.9
112|-1486.9|-1486.9
113|-1486.9|-1486.9
114|-1486.9|-1486.9
115|-1486.9|-1486.9
116|-1486.9|-1486.9
117|-1486.9|-1486.9
118|-1486.9|-1486.9
119|-1486.9|-1486.9
120|-1486.9|-1486.9
121|-1486.9|-1486.9
122|-1486.9|-1486.9
123|-1486.9|-1486.9
124|-1486.9|-1486.9
125|-1486.9|-1486.9
126|-1486.9|-1486.9
127|-1486.9|-1486.9
128|-1486.9|-1486.9
129|-1486.9|-1486.9
130|-1486.9|-1486.9
131|-1486.9|-1486.9
132|-1486.9|-1486.9
133|-1486.9|-1486.9
134|-1486.9|-1486.9
135|-1486.9|-1486.9
136|-1486.9|-1486.9
137|-1486.9|-1486.9
138|-1486.9|-1486.9
139|-1486.9|-1486.9
140|-1486.9|-1486.9
141|-1486.9|-1486.9
142|-1486.9|-1486.9
143|-1486.9|-1486.9
144|-1486.9|-1486.9
145|-1486.9|-1486.9
146|-1486.9|-1486.9
147|-1486.9|-1486.9
148|-1486.9|-1486.9
149|-1486.9|-1486.9
150|-1486.9|-1486.9
151|-1486.9|-1486.9
152|-1486.9|-1486.9
153|-1486.9|-1486.9
154|-1486.9|-1486.9
155|-1486.9|-1486.9
156|-1486.9|-1486.9
157|-1486.9|-1486.9
158|-1486.9|-1486.9
159|-1486.9|-1486.9
160|-1486.9|-1486.9
161|-1486.9|-1486.9
162|-1486.9|-1486.9
163|-1486.9|-1486.9
164|-1486.9|-1486.9
165|-1486.9|-1486.9
166|-1486.9|-1486.9
167|-1486.9|-1486.9
168|-1486.9|-1486.9
169|-1486.9|-1486.9
170|-1486.9|-1486.9
171|-1486.9|-1486.9
172|-1486.9|-1486.9
173|-1486.9|-1486.9
174|-1486.9|-1486.9
175|-1486.9|-1486.9
176|-1486.9|-1486.9
177|-1486.9|-1486.9
178|-1486.9|-1486.9
179|-1486.9|-1486.9
180|-1486.9|-1486.9
181|-1486.9|-1486.9
182|-1486.9|-1486.9
183|-1486.9|-1486.9
184|-1486.9|-1486.9
185|-1486.9|-1486.9
186|-1486.9|-1486.9
187|-1486.9|-1486.9
188|-1486.9|-1486.9
189|-1486.9|-1486.9
190|-1486.9|-1486.9
191|-1486.9|-1486.9
192|-1486.9|-1486.9
193|-1486.9|-1486.9
194|-1486.9|-1486.9
195|-1486.9|-1486.9
196|-1486.9|-1486.9
197|-1486.9|-1486.9
EARLY STOP: TARGET FOUND
97071ms
