1|118.582|118.582
2|114.027|114.027
3|112.979|112.979
4|112.762|112.762
5|112.73|112.73
6|112.73|112.73
7|112.73|112.73
8|112.73|112.73
9|112.73|112.73
10|90.6918|90.6918
11|90.5332|90.5332
12|90.5255|90.5255
13|90.5255|90.5255
14|90.5255|90.5255
15|74.4589|74.4589
16|73.6|73.6
17|73.4778|73.4778
18|73.4769|73.4769
19|73.4768|73.4768
20|57.0872|57.0872
21|56.2687|56.2687
22|56.2687|56.2687
23|56.1921|56.1921
24|56.173|56.173
25|56.1682|56.1682
26|56.167|56.167
27|56.1668|56.1668
28|56.1667|56.1667
29|56.1667|56.1667
30|56.1667|56.1667
31|48.0917|48.0917
32|45.1952|45.1952
33|44.9831|44.9831
34|44.9539|44.9539
35|44.9537|44.9537
36|44.9537|44.9537
37|27.7416|27.7416
38|27.026|27.026
39|27.026|27.026
40|26.975|26.975
41|26.9703|26.9703
42|26.9703|26.9703
43|26.9691|26.9691
44|26.9689|26.9689
45|26.9688|26.9688
46|26.9688|26.9688
47|26.9688|26.9688
48|26.9688|26.9688
49|12.4691|12.4691
50|12.4691|12.4691
51|11.4143|11.4143
52|11.1942|11.1942
53|11.1609|11.1609
54|11.1603|11.1603
55|11.1603|11.1603
56|11.1603|11.1603
57|11.1302|11.1302
58|11.13|11.13
59|11.13|11.13
60|11.13|11.13
61|11.13|11.13
62|11.13|11.13
63|9.97446|9.97446
64|9.70392|9.70392
65|9.64544|9.64544
66|9.63541|9.63541
67|9.6349|9.6349
68|9.6349|9.6349
69|9.63489|9.63489
70|4.06423|4.06423
71|0.541684|0.541684
72|0.541684|0.541684
73|0.00921444|0.00921444
EARLY STOP: TARGET FOUND
46357ms
