1|-3.569|-3.569
2|-3.56944|-3.56944
3|-3.56974|-3.56974
4|-3.56994|-3.56994
5|-3.56996|-3.56996
6|-3.56997|-3.56997
7|-3.56997|-3.56997
8|-3.56997|-3.56997
9|-3.82144|-3.82144
10|-3.82144|-3.82144
11|-3.82144|-3.82144
12|-4.35718|-4.35718
13|-4.54281|-4.54281
14|-4.5699|-4.5699
15|-4.56996|-4.56996
16|-4.56997|-4.56997
17|-4.56997|-4.56997
18|-4.67423|-4.67423
19|-4.67627|-4.67627
20|-4.67627|-4.67627
21|-4.67627|-4.67627
22|-4.67627|-4.67627
23|-4.73599|-4.73599
24|-5.17601|-5.17601
25|-5.18294|-5.18294
26|-5.1838|-5.1838
27|-5.18422|-5.18422
28|-5.18443|-5.18443
29|-5.18454|-5.18454
30|-5.68426|-5.68426
31|-5.85046|-5.85046
32|-5.91809|-5.91809
33|-5.92506|-5.92506
34|-5.92675|-5.92675
35|-5.92716|-5.92716
36|-5.92727|-5.92727
37|-5.92732|-5.92732
38|-5.93504|-5.93504
39|-6.0016|-6.0016
40|-6.01372|-6.01372
41|-6.01925|-6.01925
42|-6.02056|-6.02056
43|-6.02088|-6.02088
44|-6.02104|-6.02104
45|-6.02108|-6.02108
46|-6.0211|-6.0211
47|-6.2395|-6.2395
48|-6.26419|-6.26419
49|-6.37285|-6.37285
50|-6.39958|-6.39958
51|-6.41265|-6.41265
52|-6.41908|-6.41908
53|-6.42227|-6.42227
54|-6.42307|-6.42307
55|-7.10383|-7.10383
56|-7.1299|-7.1299
57|-7.1303|-7.1303
58|-7.1303|-7.1303
59|-7.92131|-7.92131
60|-7.92574|-7.92574
61|-7.92587|-7.92587
62|-7.9259|-7.9259
63|-7.9259|-7.9259
64|-7.9259|-7.9259
65|-8.40978|-8.40978
66|-8.48969|-8.48969
67|-8.52208|-8.52208
68|-8.52913|-8.52913
69|-8.53083|-8.53083
70|-8.53166|-8.53166
71|-8.53187|-8.53187
72|-8.53198|-8.53198
73|-8.532|-8.532
74|-8.54537|-8.54537
75|-9.04689|-9.04689
76|-9.12212|-9.12212
77|-9.12369|-9.12369
78|-9.12408|-9.12408
79|-9.12427|-9.12427
80|-9.46976|-9.46976
81|-9.90951|-9.90951
82|-9.9454|-9.9454
83|-10.0192|-10.0192
84|-10.0202|-10.0202
85|-10.0202|-10.0202
86|-10.1459|-10.1459
87|-10.4954|-10.4954
88|-10.5026|-10.5026
89|-10.5649|-10.5649
90|-10.5811|-10.5811
91|-10.585|-10.585
92|-10.5858|-10.5858
93|-10.586|-10.586
94|-10.586|-10.586
95|-10.586|-10.586
96|-11.1152|-11.1152
97|-11.4424|-11.4424
98|-11.4424|-11.4424
99|-11.4425|-11.4425
100|-11.4425|-11.4425
101|-11.4425|-11.4425
102|-11.4425|-11.4425
103|-11.4726|-11.4726
104|-11.476|-11.476
105|-11.4776|-11.4776
106|-11.4778|-11.4778
107|-11.4779|-11.4779
108|-11.8954|-11.8954
109|-11.9592|-11.9592
110|-11.9987|-11.9987
111|-12.0139|-12.0139
112|-12.0203|-12.0203
113|-12.0204|-12.0204
114|-12.04|-12.04
115|-12.7884|-12.7884
116|-12.9693|-12.9693
117|-12.9933|-12.9933
118|-12.9977|-12.9977
119|-12.9997|-12.9997
120|-13.0006|-13.0006
121|-13.0007|-13.0007
122|-13.0007|-13.0007
123|-13.7725|-13.7725
124|-13.8141|-13.8141
125|-13.8323|-13.8323
126|-13.8366|-13.8366
127|-13.8387|-13.8387
128|-13.8393|-13.8393
129|-13.8395|-13.8395
130|-13.9941|-13.9941
131|-14.1025|-14.1025
132|-14.2317|-14.2317
133|-14.2371|-14.2371
134|-14.2373|-14.2373
135|-14.2374|-14.2374
136|-14.2374|-14.2374
137|-14.31|-14.31
138|-14.4096|-14.4096
139|-14.5113|-14.5113
140|-14.5415|-14.5415
141|-14.5572|-14.5572
142|-14.5612|-14.5612
143|-14.5622|-14.5622
144|-14.5625|-14.5625
145|-14.5776|-14.5776
146|-15.2664|-15.2664
147|-15.2838|-15.2838
148|-15.2838|-15.2838
149|-15.4421|-15.4421
150|-16.015|-16.015
151|-16.0285|-16.0285
152|-16.0287|-16.0287
153|-16.046|-16.046
154|-16.0586|-16.0586
155|-16.0642|-16.0642
156|-16.0655|-16.0655
157|-16.0662|-16.0662
158|-16.0665|-16.0665
159|-16.0667|-16.0667
160|-16.238|-16.238
161|-16.8956|-16.8956
162|-16.9198|-16.9198
163|-16.9768|-16.9768
164|-16.9999|-16.9999
165|-17.0099|-17.0099
166|-17.0145|-17.0145
167|-17.0157|-17.0157
168|-17.0162|-17.0162
169|-17.0163|-17.0163
170|-17.5868|-17.5868
171|-17.608|-17.608
172|-17.6186|-17.6186
173|-17.624|-17.624
174|-17.6246|-17.6246
175|-17.6249|-17.6249
176|-17.9803|-17.9803
177|-17.9804|-17.9804
178|-18.1594|-18.1594
179|-18.2015|-18.2015
180|-18.2107|-18.2107
181|-18.215|-18.215
182|-18.2171|-18.2171
183|-18.2182|-18.2182
184|-18.2182|-18.2182
185|-18.8666|-18.8666
186|-19.0309|-19.0309
187|-19.0808|-19.0808
188|-19.1498|-19.1498
189|-19.1956|-19.1956
190|-19.199|-19.199
191|-19.1994|-19.1994
192|-19.1996|-19.1996
193|-19.1996|-19.1996
194|-19.2001|-19.2001
195|-19.3128|-19.3128
196|-19.9023|-19.9023
197|-19.903|-19.903
198|-19.9033|-19.9033
199|-20.0654|-20.0654
200|-20.2776|-20.2776
201|-20.4519|-20.4519
202|-20.4799|-20.4799
203|-20.4868|-20.4868
204|-20.4902|-20.4902
205|-20.4919|-20.4919
206|-20.4923|-20.4923
207|-20.4923|-20.4923
208|-20.4924|-20.4924
209|-20.5011|-20.5011
210|-20.5256|-20.5256
211|-21.2796|-21.2796
212|-21.2797|-21.2797
213|-21.2797|-21.2797
214|-21.2797|-21.2797
215|-21.2797|-21.2797
216|-21.2797|-21.2797
217|-21.2797|-21.2797
218|-21.2797|-21.2797
219|-21.2797|-21.2797
220|-21.2797|-21.2797
221|-21.2797|-21.2797
222|-21.2797|-21.2797
223|-21.2797|-21.2797
224|-21.2797|-21.2797
225|-21.2797|-21.2797
226|-21.2797|-21.2797
227|-21.2797|-21.2797
228|-21.2797|-21.2797
229|-21.2797|-21.2797
230|-21.2797|-21.2797
231|-21.2797|-21.2797
232|-21.2797|-21.2797
233|-21.2797|-21.2797
234|-21.2797|-21.2797
235|-21.2797|-21.2797
236|-21.2797|-21.2797
237|-21.2797|-21.2797
238|-21.2797|-21.2797
239|-21.2797|-21.2797
240|-21.2797|-21.2797
241|-21.2797|-21.2797
242|-21.2797|-21.2797
243|-21.2797|-21.2797
244|-21.2797|-21.2797
245|-21.2797|-21.2797
246|-21.2797|-21.2797
247|-21.2797|-21.2797
248|-21.2797|-21.2797
249|-21.2797|-21.2797
250|-21.2797|-21.2797
251|-21.2797|-21.2797
252|-21.2797|-21.2797
253|-21.2797|-21.2797
254|-21.2797|-21.2797
255|-21.2797|-21.2797
256|-21.2797|-21.2797
257|-21.2797|-21.2797
258|-21.2797|-21.2797
259|-21.2797|-21.2797
260|-21.2797|-21.2797
261|-21.2797|-21.2797
262|-21.2797|-21.2797
263|-21.2797|-21.2797
264|-21.2797|-21.2797
265|-21.2797|-21.2797
266|-21.2797|-21.2797
267|-21.2797|-21.2797
268|-21.2797|-21.2797
269|-21.2797|-21.2797
270|-21.2797|-21.2797
271|-21.2797|-21.2797
272|-21.2797|-21.2797
273|-21.2797|-21.2797
274|-21.2797|-21.2797
275|-21.2797|-21.2797
276|-21.2797|-21.2797
277|-21.2797|-21.2797
278|-21.2797|-21.2797
279|-21.2797|-21.2797
280|-21.2797|-21.2797
281|-21.2797|-21.2797
282|-21.2797|-21.2797
283|-21.2797|-21.2797
284|-21.2797|-21.2797
285|-21.2797|-21.2797
286|-21.2797|-21.2797
287|-21.2797|-21.2797
288|-21.2797|-21.2797
289|-21.2797|-21.2797
290|-21.2797|-21.2797
291|-21.2797|-21.2797
292|-21.2797|-21.2797
293|-21.2797|-21.2797
294|-21.2797|-21.2797
295|-21.2797|-21.2797
296|-21.2797|-21.2797
297|-21.2797|-21.2797
298|-21.2797|-21.2797
299|-21.2797|-21.2797
300|-21.2797|-21.2797
301|-21.2797|-21.2797
302|-21.2797|-21.2797
303|-21.2797|-21.2797
304|-21.2797|-21.2797
305|-21.2797|-21.2797
306|-21.2797|-21.2797
307|-21.2797|-21.2797
308|-21.2797|-21.2797
309|-21.2797|-21.2797
310|-21.2797|-21.2797
311|-21.2797|-21.2797
312|-21.2797|-21.2797
313|-21.2797|-21.2797
314|-21.2797|-21.2797
315|-21.2797|-21.2797
316|-21.2797|-21.2797
317|-21.2797|-21.2797
318|-21.2797|-21.2797
319|-21.2797|-21.2797
320|-21.2797|-21.2797
321|-21.2797|-21.2797
322|-21.2797|-21.2797
323|-21.2797|-21.2797
324|-21.2797|-21.2797
325|-21.2797|-21.2797
326|-21.2797|-21.2797
327|-21.2797|-21.2797
328|-21.2797|-21.2797
329|-21.2797|-21.2797
330|-21.2797|-21.2797
331|-21.2797|-21.2797
332|-21.2797|-21.2797
333|-21.2797|-21.2797
334|-21.2797|-21.2797
335|-21.2797|-21.2797
336|-21.2797|-21.2797
337|-21.2797|-21.2797
338|-21.2797|-21.2797
339|-21.2797|-21.2797
340|-21.2797|-21.2797
341|-21.2797|-21.2797
342|-21.2797|-21.2797
343|-21.2797|-21.2797
344|-21.2797|-21.2797
345|-21.2797|-21.2797
346|-21.2797|-21.2797
347|-21.2797|-21.2797
348|-21.2797|-21.2797
349|-21.2797|-21.2797
350|-21.2797|-21.2797
351|-21.2797|-21.2797
352|-21.2797|-21.2797
353|-21.2797|-21.2797
354|-21.2797|-21.2797
355|-21.2797|-21.2797
356|-21.2797|-21.2797
357|-21.2797|-21.2797
358|-21.2797|-21.2797
359|-21.2797|-21.2797
360|-21.2797|-21.2797
361|-21.2797|-21.2797
362|-21.2797|-21.2797
EARLY STOP: TARGET FOUND
2885035ms
