1|281.617|281.617
2|281.614|281.614
3|281.613|281.613
4|279.782|279.782
5|275.324|275.324
6|274.325|274.325
7|274.132|274.132
8|274.116|274.116
9|274.112|274.112
10|274.112|274.112
11|273.694|273.694
12|273.694|273.694
13|263.233|263.233
14|260.933|260.933
15|260.876|260.876
16|260.866|260.866
17|260.866|260.866
18|260.866|260.866
19|258.977|258.977
20|258.977|258.977
21|258.967|258.967
22|258.967|258.967
23|258.967|258.967
24|258.967|258.967
25|258.967|258.967
26|257.235|257.235
27|257.234|257.234
28|257.234|257.234
29|257.234|257.234
30|257.234|257.234
31|257.185|257.185
32|257.181|257.181
33|257.18|257.18
34|257.18|257.18
35|257.18|257.18
36|255.997|255.997
37|255.997|255.997
38|255.713|255.713
39|255.647|255.647
40|255.634|255.634
41|255.632|255.632
42|240.157|240.157
43|240.157|240.157
44|239.224|239.224
45|239.065|239.065
46|239.057|239.057
47|239.057|239.057
48|239.057|239.057
49|219.689|219.689
50|219.243|219.243
51|219.242|219.242
52|219.242|219.242
53|218.16|218.16
54|218.16|218.16
55|217.927|217.927
56|217.886|217.886
57|217.886|217.886
58|217.884|217.884
59|217.884|217.884
60|213.244|213.244
61|212.152|212.152
62|212.152|212.152
63|211.914|211.914
64|211.871|211.871
65|211.869|211.869
66|211.868|211.868
67|211.868|211.868
68|206.34|206.34
69|202.807|202.807
70|202.269|202.269
71|202.269|202.269
72|202.259|202.259
73|202.259|202.259
74|199.346|199.346
75|195.159|195.159
76|194.294|194.294
77|194.169|194.169
78|194.168|194.168
79|194.168|194.168
80|194.168|194.168
81|193.417|193.417
82|193.357|193.357
83|193.347|193.347
84|193.346|193.346
85|193.346|193.346
86|189.578|189.578
87|185.605|185.605
88|184.847|184.847
89|184.786|184.786
90|184.774|184.774
91|184.773|184.773
92|184.773|184.773
93|184.773|184.773
94|184.051|184.051
95|183.999|183.999
96|183.992|183.992
97|183.992|183.992
98|165.038|165.038
99|165.038|165.038
100|164.54|164.54
101|164.536|164.536
102|164.535|164.535
103|164.535|164.535
104|164.535|164.535
105|154.964|154.964
106|152.442|152.442
107|152.323|152.323
108|152.323|152.323
109|152.323|152.323
110|152.322|152.322
111|128.265|128.265
112|128.223|128.223
113|128.221|128.221
114|128.22|128.22
115|118.833|118.833
116|116.265|116.265
117|116.265|116.265
118|116.135|116.135
119|116.133|116.133
120|116.133|116.133
121|110.447|110.447
122|106.953|106.953
123|106.435|106.435
124|106.435|106.435
125|106.428|106.428
126|106.428|106.428
127|106.428|106.428
128|101.851|101.851
129|100.791|100.791
130|100.791|100.791
131|100.569|100.569
132|100.534|100.534
133|100.534|100.534
134|100.533|100.533
135|100.533|100.533
136|100.533|100.533
137|100.533|100.533
138|98.024|98.024
139|97.9087|97.9087
140|97.9083|97.9083
141|97.9083|97.9083
142|73.8852|73.8852
143|73.8423|73.8423
144|73.8423|73.8423
145|73.8396|73.8396
146|73.8394|73.8394
147|73.8394|73.8394
148|73.8394|73.8394
149|48.9256|48.9256
150|48.9117|48.9117
151|48.9095|48.9095
152|48.9095|48.9095
153|48.9095|48.9095
154|29.6948|29.6948
155|29.6948|29.6948
156|29.6948|29.6948
157|29.6948|29.6948
158|29.2294|29.2294
159|29.2276|29.2276
160|29.2275|29.2275
161|29.2275|29.2275
162|24.8162|24.8162
163|23.8394|23.8394
164|23.6582|23.6582
165|23.6449|23.6449
166|23.643|23.643
167|23.643|23.643
168|20.7639|20.7639
169|20.5561|20.5561
170|20.5291|20.5291
171|20.5291|20.5291
172|20.529|20.529
173|20.529|20.529
174|20.529|20.529
175|0.34705|0.34705
176|0.34705|0.34705
177|0.34705|0.34705
178|0.34705|0.34705
179|0.34705|0.34705
180|0.34705|0.34705
181|0.34705|0.34705
182|0.34705|0.34705
183|0.34705|0.34705
184|0.34705|0.34705
185|0.34705|0.34705
186|0.34705|0.34705
187|0.34705|0.34705
188|0.34705|0.34705
189|0.34705|0.34705
190|0.347049|0.347049
191|0.347049|0.347049
192|0.347049|0.347049
193|0.347049|0.347049
194|0.347049|0.347049
195|0.347049|0.347049
196|0.347049|0.347049
197|0.347049|0.347049
198|0.347049|0.347049
199|0.347049|0.347049
200|0.347049|0.347049
201|0.347049|0.347049
202|0.347049|0.347049
203|0.347049|0.347049
204|0.347049|0.347049
205|0.347048|0.347048
206|0.347048|0.347048
207|0.347048|0.347048
208|0.347047|0.347047
209|0.347047|0.347047
210|0.347047|0.347047
211|0.0724185|0.0724185
212|0.0724185|0.0724185
213|0.0724185|0.0724185
214|0.0724185|0.0724185
215|0.0724185|0.0724185
216|0.0724185|0.0724185
217|0.0724185|0.0724185
218|0.0724185|0.0724185
219|0.0724185|0.0724185
220|0.0724185|0.0724185
221|0.0119043|0.0119043
222|0.0119043|0.0119043
223|0.0119043|0.0119043
224|0.0119043|0.0119043
225|0.0119043|0.0119043
226|0.0119043|0.0119043
227|0.0119043|0.0119043
228|0.0119043|0.0119043
229|0.0119043|0.0119043
230|0.0119043|0.0119043
231|0.0119043|0.0119043
232|0.0119043|0.0119043
233|0.0119043|0.0119043
234|0.0119043|0.0119043
235|0.0119043|0.0119043
236|0.0119043|0.0119043
237|0.0119043|0.0119043
238|0.0119043|0.0119043
239|0.0119043|0.0119043
240|0.0119043|0.0119043
241|0.0119043|0.0119043
242|0.0119043|0.0119043
243|0.0119043|0.0119043
244|0.0119043|0.0119043
245|0.0119043|0.0119043
246|0.0119042|0.0119042
247|0.0119042|0.0119042
248|0.0119042|0.0119042
249|0.0119042|0.0119042
250|0.0119042|0.0119042
251|0.000847192|0.000847192
EARLY STOP: TARGET FOUND
1384948ms
