1|-0.424909|-0.424909
2|-1.12791|-1.12791
3|-1.14247|-1.14247
4|-1.14616|-1.14616
5|-1.14619|-1.14619
6|-1.14629|-1.14629
7|-1.14632|-1.14632
8|-1.14632|-1.14632
9|-1.14632|-1.14632
10|-1.14633|-1.14633
11|-1.24188|-1.24188
12|-1.2525|-1.2525
13|-1.25763|-1.25763
14|-1.25763|-1.25763
15|-1.26014|-1.26014
16|-1.26077|-1.26077
17|-1.26108|-1.26108
18|-1.26123|-1.26123
19|-1.26127|-1.26127
20|-1.26129|-1.26129
21|-1.26146|-1.26146
22|-1.2641|-1.2641
23|-1.28781|-1.28781
24|-1.92172|-1.92172
25|-2.20219|-2.20219
26|-2.2176|-2.2176
27|-2.21871|-2.21871
28|-2.21953|-2.21953
29|-2.21962|-2.21962
30|-2.21964|-2.21964
31|-2.21964|-2.21964
32|-2.2598|-2.2598
33|-2.60545|-2.60545
34|-2.75925|-2.75925
35|-2.83832|-2.83832
36|-2.84321|-2.84321
37|-2.84566|-2.84566
38|-2.84627|-2.84627
39|-2.84634|-2.84634
40|-3.65796|-3.65796
41|-3.65798|-3.65798
42|-3.65799|-3.65799
43|-3.658|-3.658
44|-4.29033|-4.29033
45|-4.4411|-4.4411
46|-4.44463|-4.44463
47|-4.44573|-4.44573
48|-4.44612|-4.44612
49|-4.44619|-4.44619
50|-4.4462|-4.4462
51|-4.69613|-4.69613
52|-4.76163|-4.76163
53|-4.87005|-4.87005
54|-4.88301|-4.88301
55|-4.8862|-4.8862
56|-4.88779|-4.88779
57|-5.56258|-5.56258
58|-5.76048|-5.76048
59|-5.77007|-5.77007
60|-5.77124|-5.77124
61|-5.77182|-5.77182
62|-5.77211|-5.77211
63|-6.22212|-6.22212
64|-6.66665|-6.66665
65|-6.68543|-6.68543
66|-6.68752|-6.68752
67|-6.68771|-6.68771
68|-6.6878|-6.6878
69|-6.68782|-6.68782
70|-6.83171|-6.83171
71|-7.32777|-7.32777
72|-7.3292|-7.3292
73|-7.32953|-7.32953
74|-7.32961|-7.32961
75|-7.32965|-7.32965
76|-7.32967|-7.32967
77|-7.32967|-7.32967
78|-7.32967|-7.32967
79|-7.32967|-7.32967
80|-7.32967|-7.32967
81|-7.32967|-7.32967
82|-7.32967|-7.32967
83|-7.32967|-7.32967
84|-7.32967|-7.32967
85|-7.32967|-7.32967
86|-7.32967|-7.32967
87|-7.32967|-7.32967
88|-7.32967|-7.32967
89|-7.32967|-7.32967
90|-7.32967|-7.32967
91|-7.32967|-7.32967
92|-7.32967|-7.32967
93|-7.32967|-7.32967
94|-7.32967|-7.32967
95|-7.32967|-7.32967
96|-7.32967|-7.32967
97|-7.32967|-7.32967
98|-7.32967|-7.32967
99|-7.32967|-7.32967
100|-7.32967|-7.32967
101|-7.32967|-7.32967
102|-7.32967|-7.32967
103|-7.32967|-7.32967
104|-7.32967|-7.32967
105|-7.32967|-7.32967
106|-7.32967|-7.32967
107|-7.32967|-7.32967
108|-7.32967|-7.32967
109|-7.32967|-7.32967
110|-7.32967|-7.32967
111|-7.32967|-7.32967
112|-7.32967|-7.32967
113|-7.32967|-7.32967
114|-7.32967|-7.32967
115|-7.32967|-7.32967
116|-7.32967|-7.32967
117|-7.32967|-7.32967
118|-7.32967|-7.32967
119|-7.32967|-7.32967
120|-7.32967|-7.32967
121|-7.32967|-7.32967
122|-7.32967|-7.32967
123|-7.32967|-7.32967
124|-7.32967|-7.32967
125|-7.32967|-7.32967
126|-7.32967|-7.32967
127|-7.32967|-7.32967
128|-7.32967|-7.32967
129|-7.32967|-7.32967
130|-7.32967|-7.32967
131|-7.32967|-7.32967
132|-7.32967|-7.32967
133|-7.32967|-7.32967
134|-7.32967|-7.32967
135|-7.32967|-7.32967
136|-7.32967|-7.32967
137|-7.32967|-7.32967
138|-7.32967|-7.32967
139|-7.32967|-7.32967
140|-7.32967|-7.32967
141|-7.32967|-7.32967
142|-7.32967|-7.32967
143|-7.32967|-7.32967
144|-7.32967|-7.32967
145|-7.32967|-7.32967
146|-7.32967|-7.32967
147|-7.32967|-7.32967
148|-7.32967|-7.32967
149|-7.32967|-7.32967
150|-7.32967|-7.32967
151|-7.32967|-7.32967
152|-7.32967|-7.32967
153|-7.32967|-7.32967
154|-7.32967|-7.32967
155|-7.32967|-7.32967
156|-7.32967|-7.32967
157|-7.32967|-7.32967
158|-7.32967|-7.32967
159|-7.32967|-7.32967
160|-7.32967|-7.32967
161|-7.32967|-7.32967
162|-7.32967|-7.32967
163|-7.32967|-7.32967
164|-7.32967|-7.32967
165|-7.32967|-7.32967
166|-7.32967|-7.32967
167|-7.32967|-7.32967
168|-7.32967|-7.32967
169|-7.32967|-7.32967
170|-7.32967|-7.32967
171|-7.32967|-7.32967
172|-7.32967|-7.32967
173|-7.32967|-7.32967
174|-7.32967|-7.32967
175|-7.32967|-7.32967
176|-7.32967|-7.32967
177|-7.32967|-7.32967
178|-7.32967|-7.32967
179|-7.32967|-7.32967
180|-7.32967|-7.32967
181|-7.32967|-7.32967
182|-7.32967|-7.32967
183|-7.32967|-7.32967
184|-7.32967|-7.32967
185|-7.32967|-7.32967
186|-7.32967|-7.32967
187|-7.32967|-7.32967
188|-7.32967|-7.32967
189|-7.32967|-7.32967
190|-7.32967|-7.32967
191|-7.32967|-7.32967
192|-7.32967|-7.32967
193|-7.32967|-7.32967
194|-7.32967|-7.32967
195|-7.32967|-7.32967
196|-7.32967|-7.32967
197|-7.32967|-7.32967
198|-7.32967|-7.32967
199|-7.32967|-7.32967
200|-7.32967|-7.32967
201|-7.32967|-7.32967
202|-7.32967|-7.32967
203|-7.32967|-7.32967
204|-7.32967|-7.32967
205|-7.32967|-7.32967
206|-7.32967|-7.32967
207|-7.32967|-7.32967
208|-7.32967|-7.32967
209|-7.32967|-7.32967
210|-7.32967|-7.32967
211|-7.32967|-7.32967
212|-7.32967|-7.32967
213|-7.32967|-7.32967
214|-7.32967|-7.32967
215|-7.32967|-7.32967
216|-7.32967|-7.32967
217|-7.32967|-7.32967
218|-7.32967|-7.32967
219|-7.32967|-7.32967
220|-7.32967|-7.32967
221|-7.32967|-7.32967
222|-7.32967|-7.32967
223|-7.32967|-7.32967
224|-7.32967|-7.32967
225|-7.32967|-7.32967
226|-7.32967|-7.32967
EARLY STOP: TARGET FOUND
254748ms
