1|310.231|310.231
2|310.22|310.22
3|310.219|310.219
4|310.219|310.219
5|309.222|309.222
6|309.031|309.031
7|309.015|309.015
8|309.012|309.012
9|309.012|309.012
10|309.012|309.012
11|306.222|306.222
12|306.037|306.037
13|306.022|306.022
14|306.02|306.02
15|306.02|306.02
16|306.02|306.02
17|305.467|305.467
18|300.69|300.69
19|300.69|300.69
20|299.53|299.53
21|299.257|299.257
22|299.198|299.198
23|299.187|299.187
24|299.187|299.187
25|299.187|299.187
26|299.186|299.186
27|277.367|277.367
28|277.367|277.367
29|277.195|277.195
30|277.184|277.184
31|277.183|277.183
32|277.183|277.183
33|259.171|259.171
34|258.556|258.556
35|258.556|258.556
36|258.53|258.53
37|258.53|258.53
38|254.035|254.035
39|254.035|254.035
40|253.017|253.017
41|252.815|252.815
42|252.797|252.797
43|252.792|252.792
44|252.791|252.791
45|252.791|252.791
46|252.791|252.791
47|252.791|252.791
48|252.791|252.791
49|252.791|252.791
50|252.185|252.185
51|252.167|252.167
52|252.163|252.163
53|252.162|252.162
54|252.162|252.162
55|252.162|252.162
56|251.066|251.066
57|250.825|250.825
58|250.781|250.781
59|250.778|250.778
60|250.778|250.778
61|250.778|250.778
62|245.064|245.064
63|245.064|245.064
64|241.577|241.577
65|241.063|241.063
66|241.056|241.056
67|226.842|226.842
68|225.752|225.752
69|225.514|225.514
70|225.472|225.472
71|225.469|225.469
72|225.469|225.469
73|225.469|225.469
74|207.576|207.576
75|206.946|206.946
76|206.916|206.916
77|206.916|206.916
78|206.388|206.388
79|206.379|206.379
80|206.379|206.379
81|187.942|187.942
82|187.38|187.38
83|187.379|187.379
84|187.367|187.367
85|187.366|187.366
86|187.366|187.366
87|187.365|187.365
88|187.365|187.365
89|187.365|187.365
90|187.365|187.365
91|171.95|171.95
92|171.01|171.01
93|170.847|170.847
94|170.838|170.838
95|170.838|170.838
96|170.838|170.838
97|170.838|170.838
98|166.549|166.549
99|162.706|162.706
100|162.013|162.013
101|161.968|161.968
102|161.965|161.965
103|161.964|161.964
104|160.323|160.323
105|160.323|160.323
106|159.722|159.722
107|159.705|159.705
108|159.701|159.701
109|159.7|159.7
110|159.7|159.7
111|159.7|159.7
112|155.661|155.661
113|154.87|154.87
114|154.87|154.87
115|154.801|154.801
116|154.785|154.785
117|154.782|154.782
118|154.782|154.782
119|154.782|154.782
120|154.782|154.782
121|140.65|140.65
122|140.65|140.65
123|139.549|139.549
124|139.306|139.306
125|139.262|139.262
126|139.258|139.258
127|139.258|139.258
128|139.258|139.258
129|139.258|139.258
130|120.735|120.735
131|120.735|120.735
132|120.183|120.183
133|120.172|120.172
134|120.172|120.172
135|120.171|120.171
136|120.171|120.171
137|120.171|120.171
138|108.962|108.962
139|106.849|106.849
140|106.849|106.849
141|106.815|106.815
142|106.815|106.815
143|106.814|106.814
144|106.814|106.814
145|82.1159|82.1159
146|82.0986|82.0986
147|82.0948|82.0948
148|82.0941|82.0941
149|82.094|82.094
150|82.094|82.094
151|73.6443|73.6443
152|70.8415|70.8415
153|70.6528|70.6528
154|70.6377|70.6377
155|70.6349|70.6349
156|70.6347|70.6347
157|70.6347|70.6347
158|70.6347|70.6347
159|62.4926|62.4926
160|59.6129|59.6129
161|59.6129|59.6129
162|59.405|59.405
163|59.3778|59.3778
164|59.3778|59.3778
165|59.3778|59.3778
166|59.3778|59.3778
167|59.3778|59.3778
168|48.7066|48.7066
169|46.4592|46.4592
170|46.4087|46.4087
171|46.4041|46.4041
172|46.4029|46.4029
173|46.4027|46.4027
174|46.4027|46.4027
175|46.4026|46.4026
176|46.4026|46.4026
177|33.8789|33.8789
178|32.0947|32.0947
179|32.0917|32.0917
180|32.0915|32.0915
181|32.0915|32.0915
182|32.0914|32.0914
183|32.0914|32.0914
184|7.30952|7.30952
185|7.30951|7.30951
186|7.30951|7.30951
187|7.30951|7.30951
188|7.30951|7.30951
189|7.30951|7.30951
190|7.30951|7.30951
191|7.30951|7.30951
192|7.29353|7.29353
193|7.29033|7.29033
194|7.29033|7.29033
195|7.29004|7.29004
196|7.28996|7.28996
197|7.28994|7.28994
198|7.28994|7.28994
199|7.28994|7.28994
200|7.28994|7.28994
201|5.85649|5.85649
202|5.85649|5.85649
203|1.29964|1.29964
204|1.29964|1.29964
205|1.29964|1.29964
206|1.29964|1.29964
207|1.29964|1.29964
208|1.29964|1.29964
209|1.29964|1.29964
210|1.29964|1.29964
211|1.29964|1.29964
212|1.29964|1.29964
213|1.29964|1.29964
214|1.29964|1.29964
215|1.29964|1.29964
216|1.29964|1.29964
217|1.29964|1.29964
218|1.29964|1.29964
219|1.29964|1.29964
220|1.29964|1.29964
221|0.250016|0.250016
222|0.250016|0.250016
223|0.250016|0.250016
224|0.250016|0.250016
225|0.250016|0.250016
226|0.250016|0.250016
227|0.250016|0.250016
228|0.250016|0.250016
229|0.250016|0.250016
230|0.250016|0.250016
231|0.250016|0.250016
232|0.250015|0.250015
233|0.250015|0.250015
234|0.250015|0.250015
235|0.250015|0.250015
236|0.250015|0.250015
237|0.250015|0.250015
238|0.250015|0.250015
239|0.250015|0.250015
240|0.250015|0.250015
241|0.0324054|0.0324054
242|0.0324054|0.0324054
243|0.0324054|0.0324054
244|0.0324054|0.0324054
245|0.0324054|0.0324054
246|0.0324054|0.0324054
247|0.0324054|0.0324054
248|0.0324054|0.0324054
249|0.0324054|0.0324054
250|0.0324054|0.0324054
251|0.0324054|0.0324054
252|0.0324054|0.0324054
253|0.0324054|0.0324054
254|0.0324054|0.0324054
255|0.0324054|0.0324054
256|0.0324054|0.0324054
257|0.0324054|0.0324054
258|0.0324054|0.0324054
259|0.000400611|0.000400611
EARLY STOP: TARGET FOUND
1466146ms
