1|154.655|154.655
2|153.907|153.907
3|153.765|153.765
4|153.754|153.754
5|153.752|153.752
6|153.752|153.752
7|153.37|153.37
8|153.37|153.37
9|153.333|153.333
10|153.315|153.315
11|153.311|153.311
12|153.309|153.309
13|142.763|142.763
14|141.346|141.346
15|122.212|122.212
16|122.21|122.21
17|122.21|122.21
18|122.21|122.21
19|122.21|122.21
20|113.334|113.334
21|109.058|109.058
22|92.4779|92.4779
23|92.1082|92.1082
24|92.1064|92.1064
25|92.1059|92.1059
26|92.1059|92.1059
27|91.9572|91.9572
28|91.9349|91.9349
29|91.9349|91.9349
30|87.2166|87.2166
31|83.9271|83.9271
32|76.2017|76.2017
33|75.0327|75.0327
34|74.6636|74.6636
35|74.6281|74.6281
36|74.6278|74.6278
37|74.6277|74.6277
38|64.4019|64.4019
39|64.0171|64.0171
40|63.9796|63.9796
41|63.9618|63.9618
42|63.9531|63.9531
43|63.9509|63.9509
44|63.9499|63.9499
45|63.9497|63.9497
46|57.5308|57.5308
47|52.167|52.167
48|40.1538|40.1538
49|37.4004|37.4004
50|37.1711|37.1711
51|37.1705|37.1705
52|37.1703|37.1703
53|37.1703|37.1703
54|36.1939|36.1939
55|36.1132|36.1132
56|36.0764|36.0764
57|36.059|36.059
58|36.0579|36.0579
59|36.0576|36.0576
60|20.8372|20.8372
61|16.4965|16.4965
62|14.8134|14.8134
63|14.148|14.148
64|13.8648|13.8648
65|13.8565|13.8565
66|13.8524|13.8524
67|13.8519|13.8519
68|13.8516|13.8516
69|13.8516|13.8516
70|13.8516|13.8516
71|13.8516|13.8516
72|13.8516|13.8516
73|13.8516|13.8516
74|13.8516|13.8516
75|13.8516|13.8516
76|13.8516|13.8516
77|13.8516|13.8516
78|13.8516|13.8516
79|13.8516|13.8516
80|13.8516|13.8516
81|13.8516|13.8516
82|13.8516|13.8516
83|13.8516|13.8516
84|13.8516|13.8516
85|13.8516|13.8516
86|13.8516|13.8516
87|13.8516|13.8516
88|13.8516|13.8516
89|13.8516|13.8516
90|13.8516|13.8516
91|13.8516|13.8516
92|13.8516|13.8516
93|13.8516|13.8516
94|13.8516|13.8516
95|13.8516|13.8516
96|13.8516|13.8516
97|13.8516|13.8516
98|13.8516|13.8516
99|13.8516|13.8516
100|13.8516|13.8516
101|13.8516|13.8516
102|13.8516|13.8516
103|13.8516|13.8516
104|13.8516|13.8516
105|13.8516|13.8516
106|13.8516|13.8516
107|13.8516|13.8516
108|13.8516|13.8516
109|13.8516|13.8516
110|13.8516|13.8516
111|13.8516|13.8516
112|13.8516|13.8516
113|13.8516|13.8516
114|13.8516|13.8516
115|13.8516|13.8516
116|13.8516|13.8516
117|13.8516|13.8516
118|13.8516|13.8516
119|13.8516|13.8516
120|13.8516|13.8516
121|13.8516|13.8516
122|13.8516|13.8516
123|13.8516|13.8516
124|13.8516|13.8516
125|13.8516|13.8516
126|13.8516|13.8516
127|13.8516|13.8516
128|13.8516|13.8516
129|13.8516|13.8516
130|13.8516|13.8516
131|13.8516|13.8516
132|13.8516|13.8516
133|13.8516|13.8516
134|13.8516|13.8516
135|13.8516|13.8516
136|13.8516|13.8516
137|13.8516|13.8516
138|13.8516|13.8516
139|13.8516|13.8516
140|13.8516|13.8516
141|13.8516|13.8516
142|13.8516|13.8516
143|13.8516|13.8516
144|13.8516|13.8516
145|13.8516|13.8516
146|13.8516|13.8516
147|13.8516|13.8516
148|13.8516|13.8516
149|13.8516|13.8516
150|13.8516|13.8516
151|13.8516|13.8516
152|13.8516|13.8516
153|13.8516|13.8516
154|13.8516|13.8516
155|13.8516|13.8516
156|13.8516|13.8516
157|13.8516|13.8516
158|13.8516|13.8516
159|13.8516|13.8516
160|13.8516|13.8516
161|13.8516|13.8516
162|13.8516|13.8516
163|13.8516|13.8516
164|13.8516|13.8516
165|13.8516|13.8516
166|13.8516|13.8516
167|13.8516|13.8516
168|13.8516|13.8516
169|13.8516|13.8516
170|13.8516|13.8516
171|13.8516|13.8516
172|13.8516|13.8516
173|13.8516|13.8516
174|13.8516|13.8516
175|13.8516|13.8516
176|13.8516|13.8516
177|13.8516|13.8516
178|13.8516|13.8516
179|13.8516|13.8516
180|13.8516|13.8516
181|13.8516|13.8516
182|13.8516|13.8516
183|13.8516|13.8516
184|13.8516|13.8516
185|13.8516|13.8516
186|13.8516|13.8516
187|13.8516|13.8516
188|13.8516|13.8516
189|13.8516|13.8516
190|13.8516|13.8516
191|13.8516|13.8516
192|13.8516|13.8516
193|13.8516|13.8516
194|13.8516|13.8516
195|13.8516|13.8516
196|13.8516|13.8516
197|13.8516|13.8516
198|13.8516|13.8516
199|13.8516|13.8516
200|13.8516|13.8516
201|13.8516|13.8516
202|13.8516|13.8516
203|13.8516|13.8516
204|13.8516|13.8516
205|13.8516|13.8516
206|13.8516|13.8516
207|13.8516|13.8516
208|13.8516|13.8516
209|13.8516|13.8516
210|13.8516|13.8516
211|13.8516|13.8516
212|13.8516|13.8516
213|13.8516|13.8516
214|13.8516|13.8516
215|13.8516|13.8516
216|13.8516|13.8516
217|13.8516|13.8516
218|13.8516|13.8516
EARLY STOP: TARGET FOUND
259103ms
