1|687.12|687.12
2|686.329|686.329
3|611.004|611.004
4|569.525|569.525
5|568.439|568.439
6|568.364|568.364
7|568.354|568.354
8|568.353|568.353
9|568.353|568.353
10|195.251|195.251
11|151.922|151.922
12|143.246|143.246
13|142.225|142.225
14|141.719|141.719
15|141.468|141.468
16|141.342|141.342
17|141.28|141.28
18|141.249|141.249
19|141.245|141.245
20|141.245|141.245
21|141.244|141.244
22|141.243|141.243
23|141.243|141.243
24|119.573|119.573
25|-226.362|-226.362
26|-362.703|-362.703
27|-381.28|-381.28
28|-383.353|-383.353
29|-384.368|-384.368
30|-384.87|-384.87
31|-384.886|-384.886
32|-384.893|-384.893
33|-384.897|-384.897
34|-384.899|-384.899
35|-384.9|-384.9
36|-854.605|-854.605
37|-856.453|-856.453
38|-857.015|-857.015
39|-857.206|-857.206
40|-857.279|-857.279
41|-857.31|-857.31
42|-857.317|-857.317
43|-956.388|-956.388
44|-1078.37|-1078.37
45|-1084.07|-1084.07
46|-1085.34|-1085.34
47|-1085.65|-1085.65
48|-1085.73|-1085.73
49|-1085.77|-1085.77
50|-1085.79|-1085.79
51|-1085.8|-1085.8
52|-1085.8|-1085.8
53|-1085.81|-1085.81
54|-1085.81|-1085.81
55|-1514.45|-1514.45
56|-1611.67|-1611.67
57|-1611.67|-1611.67
58|-1734.41|-1734.41
59|-1740.41|-1740.41
60|-1743.06|-1743.06
61|-1743.68|-1743.68
62|-1743.84|-1743.84
63|-1743.84|-1743.84
64|-1743.88|-1743.88
65|-1743.89|-1743.89
66|-1743.9|-1743.9
67|-1743.9|-1743.9
68|-1743.9|-1743.9
69|-1743.9|-1743.9
70|-1743.9|-1743.9
71|-1747.18|-1747.18
72|-1752.12|-1752.12
73|-1753.15|-1753.15
74|-1753.18|-1753.18
75|-1753.19|-1753.19
76|-1753.2|-1753.2
77|-1875.93|-1875.93
78|-1895.39|-1895.39
79|-1899.71|-1899.71
80|-1901.79|-1901.79
81|-1902.8|-1902.8
82|-1903.3|-1903.3
83|-1903.37|-1903.37
84|-1903.4|-1903.4
85|-1903.41|-1903.41
86|-1903.41|-1903.41
87|-1903.41|-1903.41
88|-1903.41|-1903.41
89|-1911.8|-1911.8
90|-1911.84|-1911.84
91|-1911.85|-1911.85
92|-1911.86|-1911.86
93|-1911.86|-1911.86
94|-1911.86|-1911.86
95|-1911.86|-1911.86
96|-1916.49|-1916.49
97|-2012.93|-2012.93
98|-2077.18|-2077.18
99|-2088.56|-2088.56
100|-2136.55|-2136.55
101|-2145.35|-2145.35
102|-2149.72|-2149.72
103|-2150.81|-2150.81
104|-2150.88|-2150.88
105|-2150.91|-2150.91
106|-2224.22|-2224.22
107|-2579.77|-2579.77
108|-2626.2|-2626.2
109|-2644.32|-2644.32
110|-2645.33|-2645.33
111|-2645.58|-2645.58
112|-2645.71|-2645.71
113|-2645.77|-2645.77
114|-2645.77|-2645.77
115|-2645.77|-2645.77
116|-2645.77|-2645.77
117|-2707.18|-2707.18
118|-2716.75|-2716.75
119|-2772.66|-2772.66
120|-2777.03|-2777.03
121|-2778.12|-2778.12
122|-2778.67|-2778.67
123|-2778.73|-2778.73
124|-2778.77|-2778.77
125|-2778.79|-2778.79
126|-2778.79|-2778.79
127|-2973.73|-2973.73
128|-3048.1|-3048.1
129|-3092.2|-3092.2
130|-3094|-3094
131|-3094|-3094
132|-3210.45|-3210.45
133|-3223.13|-3223.13
134|-3367.35|-3367.35
135|-3380.39|-3380.39
136|-3453.2|-3453.2
137|-3501.65|-3501.65
138|-3503.76|-3503.76
139|-3504.08|-3504.08
140|-3504.15|-3504.15
141|-3504.17|-3504.17
142|-3504.18|-3504.18
143|-3504.18|-3504.18
144|-3504.18|-3504.18
145|-3504.18|-3504.18
146|-3764.49|-3764.49
147|-3764.8|-3764.8
148|-3764.87|-3764.87
149|-3764.91|-3764.91
150|-3764.93|-3764.93
151|-3764.93|-3764.93
152|-3764.93|-3764.93
153|-3854.12|-3854.12
154|-4023.98|-4023.98
155|-4473.05|-4473.05
156|-4473.86|-4473.86
157|-4473.91|-4473.91
158|-4473.92|-4473.92
159|-4661.2|-4661.2
160|-4740.86|-4740.86
161|-4770.68|-4770.68
162|-4770.68|-4770.68
163|-4858.87|-4858.87
164|-5030.7|-5030.7
165|-5476.81|-5476.81
166|-5478.1|-5478.1
167|-5478.13|-5478.13
168|-5478.15|-5478.15
169|-5478.15|-5478.15
170|-5533.96|-5533.96
171|-5535.34|-5535.34
172|-5537.05|-5537.05
173|-5537.82|-5537.82
174|-5538.18|-5538.18
175|-5538.26|-5538.26
176|-5538.31|-5538.31
177|-5538.33|-5538.33
178|-5538.34|-5538.34
179|-5538.34|-5538.34
180|-5538.34|-5538.34
181|-5538.34|-5538.34
182|-5930.25|-5930.25
183|-6123.42|-6123.42
184|-6199.15|-6199.15
185|-6239.51|-6239.51
186|-6240.29|-6240.29
187|-6240.38|-6240.38
188|-6240.46|-6240.46
189|-6240.46|-6240.46
190|-6240.46|-6240.46
191|-6320.25|-6320.25
192|-6322.1|-6322.1
193|-6323.11|-6323.11
194|-6323.19|-6323.19
195|-6323.2|-6323.2
196|-6323.21|-6323.21
197|-6323.21|-6323.21
198|-6323.21|-6323.21
199|-6323.21|-6323.21
200|-6652.21|-6652.21
201|-6818.78|-6818.78
202|-6827.5|-6827.5
203|-6829.54|-6829.54
204|-6829.79|-6829.79
205|-6829.85|-6829.85
206|-6829.88|-6829.88
207|-6829.89|-6829.89
208|-6829.89|-6829.89
209|-6829.89|-6829.89
210|-6829.9|-6829.9
211|-6902.72|-6902.72
212|-6943.51|-6943.51
213|-6958.79|-6958.79
214|-6965.08|-6965.08
215|-6967.87|-6967.87
216|-6969.18|-6969.18
217|-6969.81|-6969.81
218|-6970.13|-6970.13
219|-6970.28|-6970.28
220|-6970.32|-6970.32
221|-6970.34|-6970.34
222|-6970.34|-6970.34
223|-6970.34|-6970.34
224|-7118.34|-7118.34
225|-7332.71|-7332.71
226|-7343.32|-7343.32
227|-7353.96|-7353.96
228|-7405.19|-7405.19
229|-7413.96|-7413.96
230|-7416.14|-7416.14
231|-7416.15|-7416.15
232|-7749.12|-7749.12
233|-7816.62|-7816.62
234|-7947.6|-7947.6
235|-7986.17|-7986.17
236|-8000.24|-8000.24
237|-8005.91|-8005.91
238|-8007.18|-8007.18
239|-8007.33|-8007.33
240|-8007.41|-8007.41
241|-8007.45|-8007.45
242|-8007.46|-8007.46
243|-8007.46|-8007.46
244|-8007.46|-8007.46
245|-8007.46|-8007.46
246|-8138.62|-8138.62
247|-8203.64|-8203.64
248|-8526.7|-8526.7
249|-8536.74|-8536.74
250|-8649.07|-8649.07
251|-8649.1|-8649.1
252|-8649.1|-8649.1
253|-8649.66|-8649.66
254|-8649.85|-8649.85
255|-8649.92|-8649.92
256|-8649.95|-8649.95
257|-8649.95|-8649.95
258|-8649.95|-8649.95
259|-8796.71|-8796.71
260|-8897.08|-8897.08
261|-8897.26|-8897.26
262|-8897.65|-8897.65
263|-8897.65|-8897.65
264|-8897.66|-8897.66
265|-8947.35|-8947.35
266|-9209.16|-9209.16
267|-9296.48|-9296.48
268|-9369.8|-9369.8
269|-9373.69|-9373.69
270|-9374.06|-9374.06
271|-9374.08|-9374.08
272|-9374.08|-9374.08
273|-9374.08|-9374.08
274|-9374.09|-9374.09
275|-9483.71|-9483.71
276|-9935.02|-9935.02
277|-9935.54|-9935.54
278|-9937.37|-9937.37
279|-9938.27|-9938.27
280|-9938.71|-9938.71
281|-9938.82|-9938.82
282|-9938.83|-9938.83
283|-9938.83|-9938.83
284|-9938.83|-9938.83
285|-9938.83|-9938.83
286|-9938.83|-9938.83
287|-9938.83|-9938.83
288|-9938.83|-9938.83
289|-9938.83|-9938.83
290|-9938.83|-9938.83
291|-9938.83|-9938.83
292|-9938.83|-9938.83
293|-9938.83|-9938.83
294|-9938.83|-9938.83
295|-9938.83|-9938.83
296|-9938.83|-9938.83
297|-9938.83|-9938.83
298|-9938.83|-9938.83
299|-9938.83|-9938.83
300|-9938.83|-9938.83
301|-9938.83|-9938.83
302|-9938.83|-9938.83
303|-9938.83|-9938.83
304|-9938.83|-9938.83
305|-9938.83|-9938.83
306|-9938.83|-9938.83
307|-9938.83|-9938.83
308|-9938.83|-9938.83
309|-9938.83|-9938.83
310|-9938.83|-9938.83
311|-9938.83|-9938.83
312|-9938.83|-9938.83
313|-9938.83|-9938.83
314|-9938.83|-9938.83
315|-9938.83|-9938.83
316|-9938.83|-9938.83
317|-9938.83|-9938.83
318|-9938.83|-9938.83
319|-9938.83|-9938.83
320|-9938.83|-9938.83
321|-9938.83|-9938.83
322|-9938.83|-9938.83
323|-9938.83|-9938.83
324|-9938.83|-9938.83
325|-9938.83|-9938.83
326|-9938.83|-9938.83
327|-9938.83|-9938.83
328|-9938.83|-9938.83
329|-9938.83|-9938.83
330|-9938.83|-9938.83
331|-9938.83|-9938.83
332|-9938.83|-9938.83
333|-9938.83|-9938.83
334|-9938.83|-9938.83
335|-9938.83|-9938.83
336|-9938.83|-9938.83
337|-9938.83|-9938.83
338|-9938.83|-9938.83
339|-9938.83|-9938.83
340|-9938.83|-9938.83
341|-9938.83|-9938.83
342|-9938.83|-9938.83
343|-9938.83|-9938.83
344|-9938.83|-9938.83
345|-9938.83|-9938.83
346|-9938.83|-9938.83
347|-9938.83|-9938.83
348|-9938.83|-9938.83
349|-9938.83|-9938.83
350|-9938.83|-9938.83
351|-9938.83|-9938.83
352|-9938.83|-9938.83
353|-9938.83|-9938.83
354|-9938.83|-9938.83
355|-9938.83|-9938.83
356|-9938.83|-9938.83
357|-9938.83|-9938.83
358|-9938.83|-9938.83
359|-9938.83|-9938.83
360|-9938.83|-9938.83
361|-9938.83|-9938.83
362|-9938.83|-9938.83
363|-9938.83|-9938.83
364|-9938.83|-9938.83
365|-9938.83|-9938.83
366|-9938.83|-9938.83
367|-9938.83|-9938.83
368|-9938.83|-9938.83
369|-9938.83|-9938.83
370|-9938.83|-9938.83
371|-9938.83|-9938.83
372|-9938.83|-9938.83
373|-9938.83|-9938.83
374|-9938.83|-9938.83
375|-9938.83|-9938.83
376|-9938.83|-9938.83
377|-9938.83|-9938.83
378|-9938.83|-9938.83
379|-9938.83|-9938.83
380|-9938.83|-9938.83
381|-9938.83|-9938.83
382|-9938.83|-9938.83
383|-9938.83|-9938.83
384|-9938.83|-9938.83
385|-9938.83|-9938.83
386|-9938.83|-9938.83
387|-9938.83|-9938.83
388|-9938.83|-9938.83
389|-9938.83|-9938.83
390|-9938.83|-9938.83
391|-9938.83|-9938.83
392|-9938.83|-9938.83
393|-9938.83|-9938.83
394|-9938.83|-9938.83
395|-9938.83|-9938.83
396|-9938.83|-9938.83
397|-9938.83|-9938.83
398|-9938.83|-9938.83
399|-9938.83|-9938.83
400|-9938.83|-9938.83
401|-9938.83|-9938.83
402|-9938.83|-9938.83
403|-9938.83|-9938.83
404|-9938.83|-9938.83
405|-9938.83|-9938.83
406|-9938.83|-9938.83
407|-9938.83|-9938.83
408|-9938.83|-9938.83
409|-9938.83|-9938.83
410|-9938.83|-9938.83
411|-9938.83|-9938.83
412|-9938.83|-9938.83
413|-9938.83|-9938.83
414|-9938.83|-9938.83
415|-9938.83|-9938.83
416|-9938.83|-9938.83
417|-9938.83|-9938.83
418|-9938.83|-9938.83
419|-9938.83|-9938.83
420|-9938.83|-9938.83
421|-9938.83|-9938.83
422|-9938.83|-9938.83
423|-9938.83|-9938.83
424|-9938.83|-9938.83
425|-9938.83|-9938.83
426|-9938.83|-9938.83
427|-9938.83|-9938.83
428|-9938.83|-9938.83
429|-9938.83|-9938.83
430|-9938.83|-9938.83
431|-9938.83|-9938.83
432|-9938.83|-9938.83
433|-9938.83|-9938.83
EARLY STOP: TARGET FOUND
4720469ms
