1|-3.61346|-3.61346
2|-3.69384|-3.69384
3|-3.73486|-3.73486
4|-3.73614|-3.73614
5|-3.73678|-3.73678
6|-3.7371|-3.7371
7|-3.73718|-3.73718
8|-3.73815|-3.73815
9|-4.1493|-4.1493
10|-4.14992|-4.14992
11|-4.14993|-4.14993
12|-4.14994|-4.14994
13|-4.14994|-4.14994
14|-4.14994|-4.14994
15|-4.64692|-4.64692
16|-4.64692|-4.64692
17|-4.75742|-4.75742
18|-4.8268|-4.8268
19|-4.83566|-4.83566
20|-4.88456|-4.88456
21|-4.91268|-4.91268
22|-5.03689|-5.03689
23|-5.10072|-5.10072
24|-5.11622|-5.11622
25|-5.12005|-5.12005
26|-5.12029|-5.12029
27|-5.42529|-5.42529
28|-5.44265|-5.44265
29|-5.95579|-5.95579
30|-5.95597|-5.95597
31|-5.95908|-5.95908
32|-5.95909|-5.95909
33|-6.12573|-6.12573
34|-6.22683|-6.22683
35|-6.23172|-6.23172
36|-6.24359|-6.24359
37|-6.2437|-6.2437
38|-6.2437|-6.2437
39|-6.24371|-6.24371
40|-6.24383|-6.24383
41|-6.24794|-6.24794
42|-6.79957|-6.79957
43|-6.82254|-6.82254
44|-6.82394|-6.82394
45|-6.82429|-6.82429
46|-6.82438|-6.82438
47|-6.8244|-6.8244
48|-6.84181|-6.84181
49|-6.88606|-6.88606
50|-6.89196|-6.89196
51|-6.89773|-6.89773
52|-6.90736|-6.90736
53|-7.5263|-7.5263
54|-7.53241|-7.53241
55|-7.53256|-7.53256
56|-7.53258|-7.53258
57|-7.53258|-7.53258
58|-7.63503|-7.63503
59|-7.63604|-7.63604
60|-7.63629|-7.63629
61|-7.63641|-7.63641
62|-7.63647|-7.63647
63|-7.63647|-7.63647
64|-7.63648|-7.63648
65|-7.64068|-7.64068
66|-7.65078|-7.65078
67|-7.6596|-7.6596
68|-7.66089|-7.66089
69|-7.66155|-7.66155
70|-7.66188|-7.66188
71|-7.66205|-7.66205
72|-7.66213|-7.66213
73|-8.11677|-8.11677
74|-8.24741|-8.24741
75|-8.32849|-8.32849
76|-8.33701|-8.33701
77|-8.33937|-8.33937
78|-8.34007|-8.34007
79|-8.34013|-8.34013
80|-8.34016|-8.34016
81|-8.93279|-8.93279
82|-9.10795|-9.10795
83|-9.18504|-9.18504
84|-9.20247|-9.20247
85|-9.20669|-9.20669
86|-9.20879|-9.20879
87|-9.20931|-9.20931
88|-9.20944|-9.20944
89|-9.21542|-9.21542
90|-9.7007|-9.7007
91|-9.92289|-9.92289
92|-10.0256|-10.0256
93|-10.0315|-10.0315
94|-10.0345|-10.0345
95|-10.0352|-10.0352
96|-10.0356|-10.0356
97|-10.0357|-10.0357
98|-10.0697|-10.0697
99|-10.3714|-10.3714
100|-10.5544|-10.5544
101|-10.5936|-10.5936
102|-10.5954|-10.5954
103|-10.5958|-10.5958
104|-10.5959|-10.5959
105|-10.5959|-10.5959
106|-10.5959|-10.5959
107|-10.5959|-10.5959
108|-10.8417|-10.8417
109|-11.3416|-11.3416
110|-11.4332|-11.4332
111|-11.4339|-11.4339
112|-11.4339|-11.4339
113|-11.4339|-11.4339
114|-11.4368|-11.4368
115|-11.9092|-11.9092
116|-12.3421|-12.3421
117|-12.3422|-12.3422
118|-12.3422|-12.3422
119|-12.3422|-12.3422
120|-12.3422|-12.3422
121|-12.8703|-12.8703
122|-13.2449|-13.2449
123|-13.3086|-13.3086
124|-13.3184|-13.3184
125|-13.3223|-13.3223
126|-13.3225|-13.3225
127|-13.3228|-13.3228
128|-13.4441|-13.4441
129|-13.8355|-13.8355
130|-14.1765|-14.1765
131|-14.3209|-14.3209
132|-14.3222|-14.3222
133|-14.3225|-14.3225
134|-14.3225|-14.3225
135|-14.3225|-14.3225
136|-14.3225|-14.3225
137|-14.6579|-14.6579
138|-15.0856|-15.0856
139|-15.1016|-15.1016
140|-15.1074|-15.1074
141|-15.1078|-15.1078
142|-15.1078|-15.1078
143|-15.2433|-15.2433
144|-16.0272|-16.0272
145|-16.0828|-16.0828
146|-16.0832|-16.0832
147|-16.0832|-16.0832
148|-16.0832|-16.0832
149|-16.1456|-16.1456
150|-16.1902|-16.1902
151|-16.2478|-16.2478
152|-16.248|-16.248
153|-16.248|-16.248
154|-16.248|-16.248
155|-16.3428|-16.3428
156|-16.73|-16.73
157|-17.027|-17.027
158|-17.1169|-17.1169
159|-17.1179|-17.1179
160|-17.1185|-17.1185
161|-17.1185|-17.1185
162|-17.1185|-17.1185
163|-17.2047|-17.2047
164|-17.3688|-17.3688
165|-17.8824|-17.8824
166|-17.9944|-17.9944
167|-18.0189|-18.0189
168|-18.0193|-18.0193
169|-18.0194|-18.0194
170|-18.0194|-18.0194
171|-18.0194|-18.0194
172|-18.0294|-18.0294
173|-18.2405|-18.2405
174|-18.6477|-18.6477
175|-18.6586|-18.6586
176|-18.6593|-18.6593
177|-18.6595|-18.6595
178|-18.6597|-18.6597
179|-18.6597|-18.6597
180|-18.7559|-18.7559
181|-18.9441|-18.9441
182|-18.9485|-18.9485
183|-18.9487|-18.9487
184|-18.9488|-18.9488
185|-19.1564|-19.1564
186|-19.3445|-19.3445
187|-19.3662|-19.3662
188|-19.3677|-19.3677
189|-19.3677|-19.3677
190|-19.3678|-19.3678
191|-19.8768|-19.8768
192|-19.8769|-19.8769
193|-19.8829|-19.8829
194|-19.8874|-19.8874
195|-19.8886|-19.8886
196|-20.2907|-20.2907
197|-20.2908|-20.2908
198|-20.2908|-20.2908
199|-20.2908|-20.2908
200|-21.2446|-21.2446
201|-21.2457|-21.2457
202|-21.2462|-21.2462
203|-21.2462|-21.2462
204|-21.5508|-21.5508
205|-21.7259|-21.7259
206|-21.75|-21.75
207|-21.7539|-21.7539
208|-21.7555|-21.7555
209|-21.7562|-21.7562
210|-21.7562|-21.7562
211|-21.7562|-21.7562
212|-21.7562|-21.7562
213|-21.7562|-21.7562
214|-21.7562|-21.7562
215|-21.7562|-21.7562
216|-21.7562|-21.7562
217|-21.7562|-21.7562
218|-21.7562|-21.7562
219|-21.7562|-21.7562
220|-21.7562|-21.7562
221|-21.7562|-21.7562
222|-21.7562|-21.7562
223|-21.7562|-21.7562
224|-21.7562|-21.7562
225|-21.7562|-21.7562
226|-21.7562|-21.7562
227|-21.7562|-21.7562
228|-21.7562|-21.7562
229|-21.7562|-21.7562
230|-21.7562|-21.7562
231|-21.7562|-21.7562
232|-21.7562|-21.7562
233|-21.7562|-21.7562
234|-21.7562|-21.7562
235|-21.7562|-21.7562
236|-21.7562|-21.7562
237|-21.7562|-21.7562
238|-21.7562|-21.7562
239|-21.7562|-21.7562
240|-21.7562|-21.7562
241|-21.7562|-21.7562
242|-21.7562|-21.7562
243|-21.7562|-21.7562
244|-21.7562|-21.7562
245|-21.7562|-21.7562
246|-21.7562|-21.7562
247|-21.7562|-21.7562
248|-21.7562|-21.7562
249|-21.7562|-21.7562
250|-21.7562|-21.7562
251|-21.7562|-21.7562
252|-21.7562|-21.7562
253|-21.7562|-21.7562
254|-21.7562|-21.7562
255|-21.7562|-21.7562
256|-21.7562|-21.7562
257|-21.7562|-21.7562
258|-21.7562|-21.7562
259|-21.7562|-21.7562
260|-21.7562|-21.7562
261|-21.7562|-21.7562
262|-21.7562|-21.7562
263|-21.7562|-21.7562
264|-21.7562|-21.7562
265|-21.7562|-21.7562
266|-21.7562|-21.7562
267|-21.7562|-21.7562
268|-21.7562|-21.7562
269|-21.7562|-21.7562
270|-21.7562|-21.7562
271|-21.7562|-21.7562
272|-21.7562|-21.7562
273|-21.7562|-21.7562
274|-21.7562|-21.7562
275|-21.7562|-21.7562
276|-21.7562|-21.7562
277|-21.7562|-21.7562
278|-21.7562|-21.7562
279|-21.7562|-21.7562
280|-21.7562|-21.7562
281|-21.7562|-21.7562
282|-21.7562|-21.7562
283|-21.7562|-21.7562
284|-21.7562|-21.7562
285|-21.7562|-21.7562
286|-21.7562|-21.7562
287|-21.7562|-21.7562
288|-21.7562|-21.7562
289|-21.7562|-21.7562
290|-21.7562|-21.7562
291|-21.7562|-21.7562
292|-21.7562|-21.7562
293|-21.7562|-21.7562
294|-21.7562|-21.7562
295|-21.7562|-21.7562
296|-21.7562|-21.7562
297|-21.7562|-21.7562
298|-21.7562|-21.7562
299|-21.7562|-21.7562
300|-21.7562|-21.7562
301|-21.7562|-21.7562
302|-21.7562|-21.7562
303|-21.7562|-21.7562
304|-21.7562|-21.7562
305|-21.7562|-21.7562
306|-21.7562|-21.7562
307|-21.7562|-21.7562
308|-21.7562|-21.7562
309|-21.7562|-21.7562
310|-21.7562|-21.7562
311|-21.7562|-21.7562
312|-21.7562|-21.7562
313|-21.7562|-21.7562
314|-21.7562|-21.7562
315|-21.7562|-21.7562
316|-21.7562|-21.7562
317|-21.7562|-21.7562
318|-21.7562|-21.7562
319|-21.7562|-21.7562
320|-21.7562|-21.7562
321|-21.7562|-21.7562
322|-21.7562|-21.7562
323|-21.7562|-21.7562
324|-21.7562|-21.7562
325|-21.7562|-21.7562
326|-21.7562|-21.7562
327|-21.7562|-21.7562
328|-21.7562|-21.7562
329|-21.7562|-21.7562
330|-21.7562|-21.7562
331|-21.7562|-21.7562
332|-21.7562|-21.7562
333|-21.7562|-21.7562
334|-21.7562|-21.7562
335|-21.7562|-21.7562
336|-21.7562|-21.7562
337|-21.7562|-21.7562
338|-21.7562|-21.7562
339|-21.7562|-21.7562
340|-21.7562|-21.7562
341|-21.7562|-21.7562
342|-21.7562|-21.7562
343|-21.7562|-21.7562
344|-21.7562|-21.7562
345|-21.7562|-21.7562
346|-21.7562|-21.7562
347|-21.7562|-21.7562
348|-21.7562|-21.7562
349|-21.7562|-21.7562
350|-21.7562|-21.7562
351|-21.7562|-21.7562
352|-21.7562|-21.7562
353|-21.7562|-21.7562
354|-21.7562|-21.7562
355|-21.7562|-21.7562
356|-21.7562|-21.7562
357|-21.7562|-21.7562
358|-21.7562|-21.7562
359|-21.7562|-21.7562
EARLY STOP: TARGET FOUND
2919895ms
