1|38.6687|38.6687
2|36.4107|36.4107
3|36.3588|36.3588
4|36.3521|36.3521
5|33.4649|33.4649
6|33.4649|33.4649
7|29.2715|29.2715
8|29.2715|29.2715
9|28.4036|28.4036
10|28.2768|28.2768
11|28.2757|28.2757
12|28.2754|28.2754
13|28.2754|28.2754
14|28.2754|28.2754
15|25.2681|25.2681
16|25.0282|25.0282
17|25.0282|25.0282
18|24.9851|24.9851
19|24.9823|24.9823
20|24.9821|24.9821
21|24.9821|24.9821
22|24.9821|24.9821
23|2.82473|2.82473
24|2.82473|2.82473
25|2.67356|2.67356
26|2.67356|2.67356
27|2.66907|2.66907
28|2.66802|2.66802
29|2.66779|2.66779
30|2.66779|2.66779
31|2.66776|2.66776
32|2.66776|2.66776
33|2.66776|2.66776
34|2.66776|2.66776
35|0.124839|0.124839
36|0.124839|0.124839
37|0.124839|0.124839
38|0.124839|0.124839
39|0.124839|0.124839
40|0.00111057|0.00111057
EARLY STOP: TARGET FOUND
7157ms
