1|279.832|279.832
2|174.634|174.634
3|112.799|112.799
4|106.028|106.028
5|105.998|105.998
6|105.998|105.998
7|-312.768|-312.768
8|-497.886|-497.886
9|-578.848|-578.848
10|-605.224|-605.224
11|-605.231|-605.231
12|-605.349|-605.349
13|-648.058|-648.058
14|-658.62|-658.62
15|-658.785|-658.785
16|-658.867|-658.867
17|-658.909|-658.909
18|-658.911|-658.911
19|-658.912|-658.912
20|-1122.25|-1122.25
21|-1139.97|-1139.97
22|-1141.3|-1141.3
23|-1141.33|-1141.33
24|-1141.35|-1141.35
25|-1141.35|-1141.35
26|-1141.35|-1141.35
27|-1141.35|-1141.35
28|-1178.83|-1178.83
29|-1220.78|-1220.78
30|-1398.6|-1398.6
31|-1483.66|-1483.66
32|-1499.42|-1499.42
33|-1500.23|-1500.23
34|-1500.54|-1500.54
35|-1500.61|-1500.61
36|-1500.61|-1500.61
37|-1500.61|-1500.61
38|-1500.61|-1500.61
39|-1500.61|-1500.61
40|-1500.61|-1500.61
41|-1500.61|-1500.61
42|-1500.61|-1500.61
43|-1500.61|-1500.61
44|-1500.61|-1500.61
45|-1500.61|-1500.61
46|-1500.61|-1500.61
47|-1500.61|-1500.61
48|-1500.61|-1500.61
49|-1500.61|-1500.61
50|-1500.61|-1500.61
51|-1500.61|-1500.61
52|-1500.61|-1500.61
53|-1500.61|-1500.61
54|-1500.61|-1500.61
55|-1500.61|-1500.61
56|-1500.61|-1500.61
57|-1500.61|-1500.61
58|-1500.61|-1500.61
59|-1500.61|-1500.61
60|-1500.61|-1500.61
61|-1500.61|-1500.61
62|-1500.61|-1500.61
63|-1500.61|-1500.61
64|-1500.61|-1500.61
65|-1500.61|-1500.61
66|-1500.61|-1500.61
67|-1500.61|-1500.61
68|-1500.61|-1500.61
69|-1500.61|-1500.61
70|-1500.61|-1500.61
71|-1500.61|-1500.61
72|-1500.61|-1500.61
73|-1500.61|-1500.61
74|-1500.61|-1500.61
75|-1500.61|-1500.61
76|-1500.61|-1500.61
77|-1500.61|-1500.61
78|-1500.61|-1500.61
79|-1500.61|-1500.61
80|-1500.61|-1500.61
81|-1500.61|-1500.61
82|-1500.61|-1500.61
83|-1500.61|-1500.61
84|-1500.61|-1500.61
85|-1500.61|-1500.61
86|-1500.61|-1500.61
87|-1500.61|-1500.61
88|-1500.61|-1500.61
89|-1500.61|-1500.61
90|-1500.61|-1500.61
91|-1500.61|-1500.61
92|-1500.61|-1500.61
93|-1500.61|-1500.61
94|-1500.61|-1500.61
95|-1500.61|-1500.61
96|-1500.61|-1500.61
97|-1500.61|-1500.61
98|-1500.61|-1500.61
99|-1500.61|-1500.61
100|-1500.61|-1500.61
101|-1500.61|-1500.61
102|-1500.61|-1500.61
103|-1500.61|-1500.61
104|-1500.61|-1500.61
105|-1500.61|-1500.61
106|-1500.61|-1500.61
107|-1500.61|-1500.61
108|-1500.61|-1500.61
109|-1500.61|-1500.61
110|-1500.61|-1500.61
111|-1500.61|-1500.61
112|-1500.61|-1500.61
113|-1500.61|-1500.61
114|-1500.61|-1500.61
115|-1500.61|-1500.61
116|-1500.61|-1500.61
117|-1500.61|-1500.61
118|-1500.61|-1500.61
119|-1500.61|-1500.61
120|-1500.61|-1500.61
121|-1500.61|-1500.61
122|-1500.61|-1500.61
123|-1500.61|-1500.61
124|-1500.61|-1500.61
125|-1500.61|-1500.61
126|-1500.61|-1500.61
127|-1500.61|-1500.61
128|-1500.61|-1500.61
129|-1500.61|-1500.61
130|-1500.61|-1500.61
131|-1500.61|-1500.61
132|-1500.61|-1500.61
133|-1500.61|-1500.61
134|-1500.61|-1500.61
135|-1500.61|-1500.61
136|-1500.61|-1500.61
137|-1500.61|-1500.61
138|-1500.61|-1500.61
139|-1500.61|-1500.61
140|-1500.61|-1500.61
141|-1500.61|-1500.61
142|-1500.61|-1500.61
143|-1500.61|-1500.61
144|-1500.61|-1500.61
145|-1500.61|-1500.61
146|-1500.61|-1500.61
147|-1500.61|-1500.61
148|-1500.61|-1500.61
149|-1500.61|-1500.61
150|-1500.61|-1500.61
151|-1500.61|-1500.61
152|-1500.61|-1500.61
153|-1500.61|-1500.61
154|-1500.61|-1500.61
155|-1500.61|-1500.61
156|-1500.61|-1500.61
157|-1500.61|-1500.61
158|-1500.61|-1500.61
159|-1500.61|-1500.61
160|-1500.61|-1500.61
161|-1500.61|-1500.61
162|-1500.61|-1500.61
163|-1500.61|-1500.61
164|-1500.61|-1500.61
165|-1500.61|-1500.61
166|-1500.61|-1500.61
167|-1500.61|-1500.61
168|-1500.61|-1500.61
169|-1500.61|-1500.61
170|-1500.61|-1500.61
171|-1500.61|-1500.61
172|-1500.61|-1500.61
173|-1500.61|-1500.61
174|-1500.61|-1500.61
175|-1500.61|-1500.61
176|-1500.61|-1500.61
177|-1500.61|-1500.61
178|-1500.61|-1500.61
179|-1500.61|-1500.61
180|-1500.61|-1500.61
181|-1500.61|-1500.61
182|-1500.61|-1500.61
183|-1500.61|-1500.61
184|-1500.61|-1500.61
185|-1500.61|-1500.61
186|-1500.61|-1500.61
187|-1500.61|-1500.61
188|-1500.61|-1500.61
189|-1500.61|-1500.61
EARLY STOP: TARGET FOUND
95730ms
