1|53.5962|53.5962
2|53.5944|53.5944
3|53.5943|53.5943
4|50.7152|50.7152
5|50.7152|50.7152
6|50.5075|50.5075
7|50.4804|50.4804
8|50.4804|50.4804
9|50.4804|50.4804
10|47.2912|47.2912
11|47.0059|47.0059
12|46.9401|46.9401
13|46.9264|46.9264
14|46.9243|46.9243
15|46.9243|46.9243
16|46.7863|46.7863
17|46.7835|46.7835
18|46.7833|46.7833
19|46.7832|46.7832
20|46.1193|46.1193
21|46.0814|46.0814
22|46.0802|46.0802
23|46.0802|46.0802
24|46.0799|46.0799
25|46.0799|46.0799
26|46.0799|46.0799
27|46.0799|46.0799
28|29.2962|29.2962
29|29.2962|29.2962
30|28.5269|28.5269
31|28.4626|28.4626
32|28.4497|28.4497
33|28.448|28.448
34|28.448|28.448
35|25.9822|25.9822
36|25.8777|25.8777
37|25.8777|25.8777
38|21.7529|21.7529
39|21.7529|21.7529
40|20.9194|20.9194
41|20.8098|20.8098
42|20.8096|20.8096
43|16.4319|16.4319
44|16.4319|16.4319
45|15.4718|15.4718
46|15.4718|15.4718
47|15.4718|15.4718
48|15.2989|15.2989
49|15.2877|15.2877
50|15.2869|15.2869
51|15.2869|15.2869
52|15.2868|15.2868
53|1.46452|1.46452
54|1.46452|1.46452
55|1.46452|1.46452
56|1.46452|1.46452
57|1.46452|1.46452
58|0.325096|0.325096
59|0.325096|0.325096
60|0.325096|0.325096
61|0.325096|0.325096
62|0.325096|0.325096
63|0.325096|0.325096
64|0.0625857|0.0625857
65|0.0625857|0.0625857
66|0.0625856|0.0625856
67|0.0625856|0.0625856
68|0.0625856|0.0625856
69|0.0625856|0.0625856
70|0.0625856|0.0625856
71|0.00813082|0.00813082
EARLY STOP: TARGET FOUND
45446ms
