1|275.807|275.807
2|273.956|273.956
3|273.949|273.949
4|251.881|251.881
5|251.881|251.881
6|251.724|251.724
7|251.717|251.717
8|251.717|251.717
9|230.079|230.079
10|229.895|229.895
11|229.895|229.895
12|229.882|229.882
13|229.879|229.879
14|229.879|229.879
15|227|227
16|226.793|226.793
17|226.793|226.793
18|226.765|226.765
19|226.765|226.765
20|222.003|222.003
21|218.279|218.279
22|217.645|217.645
23|217.645|217.645
24|217.615|217.615
25|217.614|217.614
26|217.614|217.614
27|217.374|217.374
28|217.374|217.374
29|217.331|217.331
30|217.328|217.328
31|217.327|217.327
32|217.327|217.327
33|215.377|215.377
34|215.364|215.364
35|215.362|215.362
36|215.362|215.362
37|215.161|215.161
38|215.143|215.143
39|215.139|215.139
40|215.138|215.138
41|215.138|215.138
42|215.138|215.138
43|214.169|214.169
44|213.991|213.991
45|213.979|213.979
46|213.978|213.978
47|213.978|213.978
48|213.978|213.978
49|206.405|206.405
50|203.383|203.383
51|203.383|203.383
52|203.139|203.139
53|203.094|203.094
54|203.094|203.094
55|203.091|203.091
56|203.091|203.091
57|181.906|181.906
58|181.694|181.694
59|181.665|181.665
60|181.665|181.665
61|181.608|181.608
62|181.599|181.599
63|181.599|181.599
64|181.599|181.599
65|181.599|181.599
66|162.03|162.03
67|162.03|162.03
68|161.609|161.609
69|161.609|161.609
70|161.608|161.608
71|161.608|161.608
72|160.757|160.757
73|160.639|160.639
74|160.639|160.639
75|160.638|160.638
76|160.638|160.638
77|158.234|158.234
78|158.163|158.163
79|158.148|158.148
80|158.144|158.144
81|158.144|158.144
82|158.144|158.144
83|158.144|158.144
84|158.144|158.144
85|155.927|155.927
86|155.927|155.927
87|155.88|155.88
88|155.876|155.876
89|155.875|155.875
90|155.875|155.875
91|155.875|155.875
92|145.525|145.525
93|143.197|143.197
94|143.137|143.137
95|143.126|143.126
96|143.126|143.126
97|143.125|143.125
98|143.125|143.125
99|143.125|143.125
100|143.125|143.125
101|135.172|135.172
102|132.245|132.245
103|132.025|132.025
104|131.992|131.992
105|131.992|131.992
106|130.8|130.8
107|130.8|130.8
108|130.511|130.511
109|130.444|130.444
110|130.429|130.429
111|130.427|130.427
112|130.427|130.427
113|130.427|130.427
114|116.483|116.483
115|115.358|115.358
116|115.104|115.104
117|115.053|115.053
118|115.048|115.048
119|115.047|115.047
120|115.047|115.047
121|115.047|115.047
122|115.047|115.047
123|98.5566|98.5566
124|97.7506|97.7506
125|97.6772|97.6772
126|97.6772|97.6772
127|97.6596|97.6596
128|97.6556|97.6556
129|97.6549|97.6549
130|97.6548|97.6548
131|97.6548|97.6548
132|97.6548|97.6548
133|96.6674|96.6674
134|96.4809|96.4809
135|96.4663|96.4663
136|96.4663|96.4663
137|96.4638|96.4638
138|96.4637|96.4637
139|92.2172|92.2172
140|88.3636|88.3636
141|87.6656|87.6656
142|87.6191|87.6191
143|87.6155|87.6155
144|87.6149|87.6149
145|87.6149|87.6149
146|64.5524|64.5524
147|64.5524|64.5524
148|64.4795|64.4795
149|64.4622|64.4622
150|64.4622|64.4622
151|64.4584|64.4584
152|64.4577|64.4577
153|64.4576|64.4576
154|64.4576|64.4576
155|64.3824|64.3824
156|64.364|64.364
157|64.3596|64.3596
158|64.3586|64.3586
159|64.3584|64.3584
160|64.3584|64.3584
161|47.4754|47.4754
162|46.7186|46.7186
163|46.7186|46.7186
164|46.6574|46.6574
165|46.646|46.646
166|46.646|46.646
167|46.6451|46.6451
168|46.645|46.645
169|46.645|46.645
170|36.9473|36.9473
171|34.4565|34.4565
172|34.3458|34.3458
173|34.3457|34.3457
174|34.3457|34.3457
175|34.3457|34.3457
176|29.8741|29.8741
177|29.8741|29.8741
178|26.0768|26.0768
179|26.0768|26.0768
180|25.4069|25.4069
181|25.3675|25.3675
182|25.3675|25.3675
183|25.3656|25.3656
184|25.3656|25.3656
185|25.3656|25.3656
186|24.6577|24.6577
187|24.6087|24.6087
188|24.6087|24.6087
189|24.6044|24.6044
190|24.6044|24.6044
191|24.6035|24.6035
192|24.6035|24.6035
193|24.6034|24.6034
194|24.6033|24.6033
195|0.0255505|0.0255505
196|0.0255505|0.0255505
197|0.0255504|0.0255504
198|0.0255504|0.0255504
199|0.0255504|0.0255504
200|0.0255504|0.0255504
201|0.0255503|0.0255503
202|0.0255503|0.0255503
203|0.0255503|0.0255503
204|0.0255503|0.0255503
205|0.0255503|0.0255503
206|0.0255503|0.0255503
207|0.0255503|0.0255503
208|0.0255503|0.0255503
209|0.0255502|0.0255502
210|0.02555|0.02555
211|0.02555|0.02555
212|0.02555|0.02555
213|0.0255499|0.0255499
214|0.0255499|0.0255499
215|0.0255496|0.0255496
216|0.0255496|0.0255496
217|0.0255496|0.0255496
218|0.0255496|0.0255496
219|0.0255496|0.0255496
220|0.0255496|0.0255496
221|0.0255495|0.0255495
222|0.0255495|0.0255495
223|0.0255493|0.0255493
224|0.0255493|0.0255493
225|0.0255492|0.0255492
226|0.0255492|0.0255492
227|0.025549|0.025549
228|0.0255489|0.0255489
229|0.0255489|0.0255489
230|0.0255489|0.0255489
231|0.0255486|0.0255486
232|0.0255486|0.0255486
233|0.0255486|0.0255486
234|0.0255485|0.0255485
235|0.0255485|0.0255485
236|0.0255483|0.0255483
237|0.0255483|0.0255483
238|0.0255483|0.0255483
239|0.0255477|0.0255477
240|0.0255476|0.0255476
241|0.0255476|0.0255476
242|0.0255475|0.0255475
243|0.0255475|0.0255475
244|0.0255475|0.0255475
245|0.0255469|0.0255469
246|0.0255469|0.0255469
247|0.0255468|0.0255468
248|0.0255468|0.0255468
249|0.0255468|0.0255468
250|0.0255468|0.0255468
251|0.0255467|0.0255467
252|0.0255467|0.0255467
253|0.0255467|0.0255467
254|0.0255467|0.0255467
255|0.0255466|0.0255466
256|0.0255466|0.0255466
257|0.0255466|0.0255466
258|0.0255466|0.0255466
259|0.0255466|0.0255466
260|0.0255464|0.0255464
261|0.0255464|0.0255464
262|0.0255464|0.0255464
263|0.0255464|0.0255464
264|0.0255457|0.0255457
265|0.0255457|0.0255457
266|0.0255457|0.0255457
267|0.0255457|0.0255457
268|0.0255455|0.0255455
269|0.0255454|0.0255454
270|0.0255454|0.0255454
271|0.0255454|0.0255454
272|0.0063727|0.0063727
EARLY STOP: TARGET FOUND
1521903ms
