1|67.5436|67.5436
2|65.8459|65.8459
3|65.1718|65.1718
4|64.884|64.884
5|64.8504|64.8504
6|64.8421|64.8421
7|64.838|64.838
8|64.8359|64.8359
9|64.8349|64.8349
10|64.8344|64.8344
11|64.2667|64.2667
12|64.2225|64.2225
13|64.2152|64.2152
14|64.215|64.215
15|64.215|64.215
16|64.2149|64.2149
17|49.3488|49.3488
18|40.828|40.828
19|40.1241|40.1241
20|39.8203|39.8203
21|39.681|39.681
22|39.6476|39.6476
23|39.6393|39.6393
24|39.6383|39.6383
25|30.4053|30.4053
26|30.4005|30.4005
27|14.3143|14.3143
28|13.8456|13.8456
29|13.8312|13.8312
30|13.8277|13.8277
31|13.8269|13.8269
32|13.8267|13.8267
33|13.8267|13.8267
34|13.8267|13.8267
35|13.8267|13.8267
36|13.8267|13.8267
37|13.8267|13.8267
38|13.8267|13.8267
39|13.8267|13.8267
40|13.8267|13.8267
41|13.8267|13.8267
42|13.8267|13.8267
43|13.8267|13.8267
44|13.8267|13.8267
45|13.8267|13.8267
46|13.8267|13.8267
47|13.8267|13.8267
48|13.8267|13.8267
49|13.8267|13.8267
50|13.8267|13.8267
51|13.8267|13.8267
52|13.8267|13.8267
53|13.8267|13.8267
54|13.8267|13.8267
55|13.8267|13.8267
56|13.8267|13.8267
57|13.8267|13.8267
58|13.8267|13.8267
59|13.8267|13.8267
60|13.8267|13.8267
61|13.8267|13.8267
62|13.8267|13.8267
63|13.8267|13.8267
64|13.8267|13.8267
65|13.8267|13.8267
66|13.8267|13.8267
67|13.8267|13.8267
68|13.8267|13.8267
69|13.8267|13.8267
70|13.8267|13.8267
71|13.8267|13.8267
72|13.8267|13.8267
73|13.8267|13.8267
74|13.8267|13.8267
75|13.8267|13.8267
76|13.8267|13.8267
77|13.8267|13.8267
78|13.8267|13.8267
79|13.8267|13.8267
80|13.8267|13.8267
81|13.8267|13.8267
82|13.8267|13.8267
83|13.8267|13.8267
84|13.8267|13.8267
85|13.8267|13.8267
86|13.8267|13.8267
87|13.8267|13.8267
88|13.8267|13.8267
89|13.8267|13.8267
90|13.8267|13.8267
91|13.8267|13.8267
92|13.8267|13.8267
93|13.8267|13.8267
94|13.8267|13.8267
95|13.8267|13.8267
96|13.8267|13.8267
97|13.8267|13.8267
98|13.8267|13.8267
99|13.8267|13.8267
100|13.8267|13.8267
101|13.8267|13.8267
102|13.8267|13.8267
103|13.8267|13.8267
104|13.8267|13.8267
105|13.8267|13.8267
106|13.8267|13.8267
107|13.8267|13.8267
108|13.8267|13.8267
109|13.8267|13.8267
110|13.8267|13.8267
111|13.8267|13.8267
112|13.8267|13.8267
113|13.8267|13.8267
114|13.8267|13.8267
115|13.8267|13.8267
116|13.8267|13.8267
117|13.8267|13.8267
118|13.8267|13.8267
119|13.8267|13.8267
120|13.8267|13.8267
121|13.8267|13.8267
122|13.8267|13.8267
123|13.8267|13.8267
124|13.8267|13.8267
125|13.8267|13.8267
126|13.8267|13.8267
127|13.8267|13.8267
128|13.8267|13.8267
129|13.8267|13.8267
130|13.8267|13.8267
131|13.8267|13.8267
132|13.8267|13.8267
133|13.8267|13.8267
134|13.8267|13.8267
135|13.8267|13.8267
136|13.8267|13.8267
137|13.8267|13.8267
138|13.8267|13.8267
139|13.8267|13.8267
140|13.8267|13.8267
141|13.8267|13.8267
142|13.8267|13.8267
143|13.8267|13.8267
144|13.8267|13.8267
145|13.8267|13.8267
146|13.8267|13.8267
147|13.8267|13.8267
148|13.8267|13.8267
149|13.8267|13.8267
150|13.8267|13.8267
151|13.8267|13.8267
152|13.8267|13.8267
153|13.8267|13.8267
154|13.8267|13.8267
155|13.8267|13.8267
156|13.8267|13.8267
157|13.8267|13.8267
158|13.8267|13.8267
159|13.8267|13.8267
160|13.8267|13.8267
161|13.8267|13.8267
162|13.8267|13.8267
163|13.8267|13.8267
164|13.8267|13.8267
165|13.8267|13.8267
166|13.8267|13.8267
167|13.8267|13.8267
168|13.8267|13.8267
169|13.8267|13.8267
170|13.8267|13.8267
171|13.8267|13.8267
172|13.8267|13.8267
173|13.8267|13.8267
174|13.8267|13.8267
175|13.8267|13.8267
176|13.8267|13.8267
177|13.8267|13.8267
178|13.8267|13.8267
179|13.8267|13.8267
180|13.8267|13.8267
181|13.8267|13.8267
182|13.8267|13.8267
183|13.8267|13.8267
184|13.8267|13.8267
EARLY STOP: TARGET FOUND
66554ms
