1|-96.6939|-96.6939
2|-146.317|-146.317
3|-150.99|-150.99
4|-152.495|-152.495
5|-152.506|-152.506
6|-152.512|-152.512
7|-152.513|-152.513
8|-152.513|-152.513
9|-152.513|-152.513
10|-233.653|-233.653
11|-617.22|-617.22
12|-658.555|-658.555
13|-662.742|-662.742
14|-663.753|-663.753
15|-664.004|-664.004
16|-664.019|-664.019
17|-664.023|-664.023
18|-664.024|-664.024
19|-664.025|-664.025
20|-664.025|-664.025
21|-760.941|-760.941
22|-763.736|-763.736
23|-1076.14|-1076.14
24|-1115.36|-1115.36
25|-1125.74|-1125.74
26|-1128.91|-1128.91
27|-1129.05|-1129.05
28|-1129.1|-1129.1
29|-1129.11|-1129.11
30|-1129.11|-1129.11
31|-1129.11|-1129.11
32|-1129.11|-1129.11
33|-1208.7|-1208.7
34|-1234.13|-1234.13
35|-1422.6|-1422.6
36|-1501.52|-1501.52
37|-1533.3|-1533.3
38|-1533.32|-1533.32
39|-1533.32|-1533.32
40|-1575.95|-1575.95
41|-1581.22|-1581.22
42|-1581.39|-1581.39
43|-1581.39|-1581.39
44|-1581.39|-1581.39
45|-1581.39|-1581.39
46|-1581.39|-1581.39
47|-1581.39|-1581.39
48|-1581.39|-1581.39
49|-1581.39|-1581.39
50|-1581.39|-1581.39
51|-1581.39|-1581.39
52|-1581.39|-1581.39
53|-1581.39|-1581.39
54|-1581.39|-1581.39
55|-1581.39|-1581.39
56|-1581.39|-1581.39
57|-1581.39|-1581.39
58|-1581.39|-1581.39
59|-1581.39|-1581.39
60|-1581.39|-1581.39
61|-1581.39|-1581.39
62|-1581.39|-1581.39
63|-1581.39|-1581.39
64|-1581.39|-1581.39
65|-1581.39|-1581.39
66|-1581.39|-1581.39
67|-1581.39|-1581.39
68|-1581.39|-1581.39
69|-1581.39|-1581.39
70|-1581.39|-1581.39
71|-1581.39|-1581.39
72|-1581.39|-1581.39
73|-1581.39|-1581.39
74|-1581.39|-1581.39
75|-1581.39|-1581.39
76|-1581.39|-1581.39
77|-1581.39|-1581.39
78|-1581.39|-1581.39
79|-1581.39|-1581.39
80|-1581.39|-1581.39
81|-1581.39|-1581.39
82|-1581.39|-1581.39
83|-1581.39|-1581.39
84|-1581.39|-1581.39
85|-1581.39|-1581.39
86|-1581.39|-1581.39
87|-1581.39|-1581.39
88|-1581.39|-1581.39
89|-1581.39|-1581.39
90|-1581.39|-1581.39
91|-1581.39|-1581.39
92|-1581.39|-1581.39
93|-1581.39|-1581.39
94|-1581.39|-1581.39
95|-1581.39|-1581.39
96|-1581.39|-1581.39
97|-1581.39|-1581.39
98|-1581.39|-1581.39
99|-1581.39|-1581.39
100|-1581.39|-1581.39
101|-1581.39|-1581.39
102|-1581.39|-1581.39
103|-1581.39|-1581.39
104|-1581.39|-1581.39
105|-1581.39|-1581.39
106|-1581.39|-1581.39
107|-1581.39|-1581.39
108|-1581.39|-1581.39
109|-1581.39|-1581.39
110|-1581.39|-1581.39
111|-1581.39|-1581.39
112|-1581.39|-1581.39
113|-1581.39|-1581.39
114|-1581.39|-1581.39
115|-1581.39|-1581.39
116|-1581.39|-1581.39
117|-1581.39|-1581.39
118|-1581.39|-1581.39
119|-1581.39|-1581.39
120|-1581.39|-1581.39
121|-1581.39|-1581.39
122|-1581.39|-1581.39
123|-1581.39|-1581.39
124|-1581.39|-1581.39
125|-1581.39|-1581.39
126|-1581.39|-1581.39
127|-1581.39|-1581.39
128|-1581.39|-1581.39
129|-1581.39|-1581.39
130|-1581.39|-1581.39
131|-1581.39|-1581.39
132|-1581.39|-1581.39
133|-1581.39|-1581.39
134|-1581.39|-1581.39
135|-1581.39|-1581.39
136|-1581.39|-1581.39
137|-1581.39|-1581.39
138|-1581.39|-1581.39
139|-1581.39|-1581.39
140|-1581.39|-1581.39
141|-1581.39|-1581.39
142|-1581.39|-1581.39
143|-1581.39|-1581.39
144|-1581.39|-1581.39
145|-1581.39|-1581.39
146|-1581.39|-1581.39
147|-1581.39|-1581.39
148|-1581.39|-1581.39
149|-1581.39|-1581.39
150|-1581.39|-1581.39
151|-1581.39|-1581.39
152|-1581.39|-1581.39
153|-1581.39|-1581.39
154|-1581.39|-1581.39
155|-1581.39|-1581.39
156|-1581.39|-1581.39
157|-1581.39|-1581.39
158|-1581.39|-1581.39
159|-1581.39|-1581.39
160|-1581.39|-1581.39
161|-1581.39|-1581.39
162|-1581.39|-1581.39
163|-1581.39|-1581.39
164|-1581.39|-1581.39
165|-1581.39|-1581.39
166|-1581.39|-1581.39
167|-1581.39|-1581.39
168|-1581.39|-1581.39
169|-1581.39|-1581.39
170|-1581.39|-1581.39
171|-1581.39|-1581.39
172|-1581.39|-1581.39
173|-1581.39|-1581.39
174|-1581.39|-1581.39
175|-1581.39|-1581.39
176|-1581.39|-1581.39
177|-1581.39|-1581.39
178|-1581.39|-1581.39
179|-1581.39|-1581.39
180|-1581.39|-1581.39
181|-1581.39|-1581.39
182|-1581.39|-1581.39
183|-1581.39|-1581.39
184|-1581.39|-1581.39
185|-1581.39|-1581.39
186|-1581.39|-1581.39
187|-1581.39|-1581.39
188|-1581.39|-1581.39
189|-1581.39|-1581.39
190|-1581.39|-1581.39
191|-1581.39|-1581.39
192|-1581.39|-1581.39
193|-1581.39|-1581.39
EARLY STOP: TARGET FOUND
94750ms
