1|191.893|191.893
2|177.39|177.39
3|176.134|176.134
4|176.134|176.134
5|158.112|158.112
6|147.658|147.658
7|143.175|143.175
8|141.879|141.879
9|141.878|141.878
10|136.941|136.941
11|136.936|136.936
12|119.224|119.224
13|108.612|108.612
14|104.693|104.693
15|103.973|103.973
16|103.09|103.09
17|103.084|103.084
18|103.084|103.084
19|103.084|103.084
20|101.039|101.039
21|99.6409|99.6409
22|96.2714|96.2714
23|95.3556|95.3556
24|95.318|95.318
25|95.3002|95.3002
26|95.2915|95.2915
27|95.2893|95.2893
28|95.2882|95.2882
29|95.2877|95.2877
30|95.2876|95.2876
31|90.7536|90.7536
32|74.517|74.517
33|74.2167|74.2167
34|74.0512|74.0512
35|74.043|74.043
36|74.0398|74.0398
37|74.0385|74.0385
38|74.0383|74.0383
39|74.0383|74.0383
40|58.4812|58.4812
41|51.2835|51.2835
42|50.7154|50.7154
43|48.5782|48.5782
44|47.3484|47.3484
45|47.3074|47.3074
46|42.6643|42.6643
47|42.6639|42.6639
48|42.6487|42.6487
49|42.6485|42.6485
50|38.323|38.323
51|37.7939|37.7939
52|27.7385|27.7385
53|27.2559|27.2559
54|27.0697|27.0697
55|26.9908|26.9908
56|26.9549|26.9549
57|26.9506|26.9506
58|26.9495|26.9495
59|26.949|26.949
60|23.244|23.244
61|22.5897|22.5897
62|22.4468|22.4468
63|22.3785|22.3785
64|22.3452|22.3452
65|22.3447|22.3447
66|22.3447|22.3447
67|22.3447|22.3447
68|22.3447|22.3447
69|22.3447|22.3447
70|22.3447|22.3447
71|22.3447|22.3447
72|22.3447|22.3447
73|22.3447|22.3447
74|22.3447|22.3447
75|22.3447|22.3447
76|22.3447|22.3447
77|22.3447|22.3447
78|22.3447|22.3447
79|22.3447|22.3447
80|22.3447|22.3447
81|22.3447|22.3447
82|22.3447|22.3447
83|22.3447|22.3447
84|22.3447|22.3447
85|22.3447|22.3447
86|22.3447|22.3447
87|22.3447|22.3447
88|22.3447|22.3447
89|22.3447|22.3447
90|22.3447|22.3447
91|22.3447|22.3447
92|22.3447|22.3447
93|22.3447|22.3447
94|22.3447|22.3447
95|22.3447|22.3447
96|22.3447|22.3447
97|22.3447|22.3447
98|22.3447|22.3447
99|22.3447|22.3447
100|22.3447|22.3447
101|22.3447|22.3447
102|22.3447|22.3447
103|22.3447|22.3447
104|22.3447|22.3447
105|22.3447|22.3447
106|22.3447|22.3447
107|22.3447|22.3447
108|22.3447|22.3447
109|22.3447|22.3447
110|22.3447|22.3447
111|22.3447|22.3447
112|22.3447|22.3447
113|22.3447|22.3447
114|22.3447|22.3447
115|22.3447|22.3447
116|22.3447|22.3447
117|22.3447|22.3447
118|22.3447|22.3447
119|22.3447|22.3447
120|22.3447|22.3447
121|22.3447|22.3447
122|22.3447|22.3447
123|22.3447|22.3447
124|22.3447|22.3447
125|22.3447|22.3447
126|22.3447|22.3447
127|22.3447|22.3447
128|22.3447|22.3447
129|22.3447|22.3447
130|22.3447|22.3447
131|22.3447|22.3447
132|22.3447|22.3447
133|22.3447|22.3447
134|22.3447|22.3447
135|22.3447|22.3447
136|22.3447|22.3447
137|22.3447|22.3447
138|22.3447|22.3447
139|22.3447|22.3447
140|22.3447|22.3447
141|22.3447|22.3447
142|22.3447|22.3447
143|22.3447|22.3447
144|22.3447|22.3447
145|22.3447|22.3447
146|22.3447|22.3447
147|22.3447|22.3447
148|22.3447|22.3447
149|22.3447|22.3447
150|22.3447|22.3447
151|22.3447|22.3447
152|22.3447|22.3447
153|22.3447|22.3447
154|22.3447|22.3447
155|22.3447|22.3447
156|22.3447|22.3447
157|22.3447|22.3447
158|22.3447|22.3447
159|22.3447|22.3447
160|22.3447|22.3447
161|22.3447|22.3447
162|22.3447|22.3447
163|22.3447|22.3447
164|22.3447|22.3447
165|22.3447|22.3447
166|22.3447|22.3447
167|22.3447|22.3447
168|22.3447|22.3447
169|22.3447|22.3447
170|22.3447|22.3447
171|22.3447|22.3447
172|22.3447|22.3447
173|22.3447|22.3447
174|22.3447|22.3447
175|22.3447|22.3447
176|22.3447|22.3447
177|22.3447|22.3447
178|22.3447|22.3447
179|22.3447|22.3447
180|22.3447|22.3447
181|22.3447|22.3447
182|22.3447|22.3447
183|22.3447|22.3447
184|22.3447|22.3447
185|22.3447|22.3447
186|22.3447|22.3447
187|22.3447|22.3447
188|22.3447|22.3447
189|22.3447|22.3447
190|22.3447|22.3447
191|22.3447|22.3447
192|22.3447|22.3447
193|22.3447|22.3447
194|22.3447|22.3447
195|22.3447|22.3447
196|22.3447|22.3447
197|22.3447|22.3447
198|22.3447|22.3447
199|22.3447|22.3447
200|22.3447|22.3447
201|22.3447|22.3447
202|22.3447|22.3447
203|22.3447|22.3447
204|22.3447|22.3447
205|22.3447|22.3447
206|22.3447|22.3447
207|22.3447|22.3447
208|22.3447|22.3447
209|22.3447|22.3447
210|22.3447|22.3447
211|22.3447|22.3447
212|22.3447|22.3447
213|22.3447|22.3447
214|22.3447|22.3447
215|22.3447|22.3447
EARLY STOP: TARGET FOUND
258304ms
