1|2026.34|2026.34
2|1857.81|1857.81
3|1821.79|1821.79
4|1803.77|1803.77
5|1784.01|1784.01
6|1748.23|1748.23
7|1739.47|1739.47
8|1738.38|1738.38
9|1738.38|1738.38
10|1738.37|1738.37
11|1607.14|1607.14
12|1544.71|1544.71
13|1232.13|1232.13
14|1232.13|1232.13
15|1208.37|1208.37
16|1102.81|1102.81
17|1102.66|1102.66
18|1102.66|1102.66
19|1102.65|1102.65
20|1102.65|1102.65
21|1102.65|1102.65
22|1102.65|1102.65
23|1102.65|1102.65
24|1018.49|1018.49
25|995.157|995.157
26|805.73|805.73
27|727.425|727.425
28|694.006|694.006
29|693.911|693.911
30|693.91|693.91
31|601.826|601.826
32|437.784|437.784
33|-18.8016|-18.8016
34|-18.8705|-18.8705
35|-18.8758|-18.8758
36|-18.8759|-18.8759
37|-18.876|-18.876
38|-50.711|-50.711
39|-160.136|-160.136
40|-170.997|-170.997
41|-365.007|-365.007
42|-440.107|-440.107
43|-482.204|-482.204
44|-483.457|-483.457
45|-483.492|-483.492
46|-483.503|-483.503
47|-483.508|-483.508
48|-483.51|-483.51
49|-483.51|-483.51
50|-612.44|-612.44
51|-691.57|-691.57
52|-1068.27|-1068.27
53|-1110.93|-1110.93
54|-1119.43|-1119.43
55|-1119.68|-1119.68
56|-1119.8|-1119.8
57|-1119.81|-1119.81
58|-1119.81|-1119.81
59|-1532.01|-1532.01
60|-1719.45|-1719.45
61|-1799.01|-1799.01
62|-1829.08|-1829.08
63|-2064|-2064
64|-2100.32|-2100.32
65|-2118.12|-2118.12
66|-2126.9|-2126.9
67|-2129.08|-2129.08
68|-2130.17|-2130.17
69|-2130.45|-2130.45
70|-2130.45|-2130.45
71|-2130.45|-2130.45
72|-2211.49|-2211.49
73|-2263.26|-2263.26
74|-2278.48|-2278.48
75|-2314.41|-2314.41
76|-2323.22|-2323.22
77|-2327.59|-2327.59
78|-2328.68|-2328.68
79|-2329.23|-2329.23
80|-2329.36|-2329.36
81|-2329.43|-2329.43
82|-2329.47|-2329.47
83|-2329.47|-2329.47
84|-2329.48|-2329.48
85|-2729.23|-2729.23
86|-2815.45|-2815.45
87|-2942.28|-2942.28
88|-2957.04|-2957.04
89|-2963.05|-2963.05
90|-2965.71|-2965.71
91|-2966.34|-2966.34
92|-2966.65|-2966.65
93|-2966.65|-2966.65
94|-2966.66|-2966.66
95|-2966.66|-2966.66
96|-2966.66|-2966.66
97|-2966.66|-2966.66
98|-2966.66|-2966.66
99|-2966.66|-2966.66
100|-2966.66|-2966.66
101|-2966.66|-2966.66
102|-2966.66|-2966.66
103|-2966.66|-2966.66
104|-2966.66|-2966.66
105|-2966.66|-2966.66
106|-2966.66|-2966.66
107|-2966.66|-2966.66
108|-2966.66|-2966.66
109|-2966.66|-2966.66
110|-2966.66|-2966.66
111|-2966.66|-2966.66
112|-2966.66|-2966.66
113|-2966.66|-2966.66
114|-2966.66|-2966.66
115|-2966.66|-2966.66
116|-2966.66|-2966.66
117|-2966.66|-2966.66
118|-2966.66|-2966.66
119|-2966.66|-2966.66
120|-2966.66|-2966.66
121|-2966.66|-2966.66
122|-2966.66|-2966.66
123|-2966.66|-2966.66
124|-2966.66|-2966.66
125|-2966.66|-2966.66
126|-2966.66|-2966.66
127|-2966.66|-2966.66
128|-2966.66|-2966.66
129|-2966.66|-2966.66
130|-2966.66|-2966.66
131|-2966.66|-2966.66
132|-2966.66|-2966.66
133|-2966.66|-2966.66
134|-2966.66|-2966.66
135|-2966.66|-2966.66
136|-2966.66|-2966.66
137|-2966.66|-2966.66
138|-2966.66|-2966.66
139|-2966.66|-2966.66
140|-2966.66|-2966.66
141|-2966.66|-2966.66
142|-2966.66|-2966.66
143|-2966.66|-2966.66
144|-2966.66|-2966.66
145|-2966.66|-2966.66
146|-2966.66|-2966.66
147|-2966.66|-2966.66
148|-2966.66|-2966.66
149|-2966.66|-2966.66
150|-2966.66|-2966.66
151|-2966.66|-2966.66
152|-2966.66|-2966.66
153|-2966.66|-2966.66
154|-2966.66|-2966.66
155|-2966.66|-2966.66
156|-2966.66|-2966.66
157|-2966.66|-2966.66
158|-2966.66|-2966.66
159|-2966.66|-2966.66
160|-2966.66|-2966.66
161|-2966.66|-2966.66
162|-2966.66|-2966.66
163|-2966.66|-2966.66
164|-2966.66|-2966.66
165|-2966.66|-2966.66
166|-2966.66|-2966.66
167|-2966.66|-2966.66
168|-2966.66|-2966.66
169|-2966.66|-2966.66
170|-2966.66|-2966.66
171|-2966.66|-2966.66
172|-2966.66|-2966.66
173|-2966.66|-2966.66
174|-2966.66|-2966.66
175|-2966.66|-2966.66
176|-2966.66|-2966.66
177|-2966.66|-2966.66
178|-2966.66|-2966.66
179|-2966.66|-2966.66
180|-2966.66|-2966.66
181|-2966.66|-2966.66
182|-2966.66|-2966.66
183|-2966.66|-2966.66
184|-2966.66|-2966.66
185|-2966.66|-2966.66
186|-2966.66|-2966.66
187|-2966.66|-2966.66
188|-2966.66|-2966.66
189|-2966.66|-2966.66
190|-2966.66|-2966.66
191|-2966.66|-2966.66
192|-2966.66|-2966.66
193|-2966.66|-2966.66
194|-2966.66|-2966.66
195|-2966.66|-2966.66
196|-2966.66|-2966.66
197|-2966.66|-2966.66
198|-2966.66|-2966.66
199|-2966.66|-2966.66
200|-2966.66|-2966.66
201|-2966.66|-2966.66
202|-2966.66|-2966.66
203|-2966.66|-2966.66
204|-2966.66|-2966.66
205|-2966.66|-2966.66
206|-2966.66|-2966.66
207|-2966.66|-2966.66
208|-2966.66|-2966.66
209|-2966.66|-2966.66
210|-2966.66|-2966.66
211|-2966.66|-2966.66
212|-2966.66|-2966.66
213|-2966.66|-2966.66
214|-2966.66|-2966.66
215|-2966.66|-2966.66
216|-2966.66|-2966.66
217|-2966.66|-2966.66
218|-2966.66|-2966.66
219|-2966.66|-2966.66
220|-2966.66|-2966.66
221|-2966.66|-2966.66
222|-2966.66|-2966.66
223|-2966.66|-2966.66
224|-2966.66|-2966.66
225|-2966.66|-2966.66
226|-2966.66|-2966.66
227|-2966.66|-2966.66
228|-2966.66|-2966.66
229|-2966.66|-2966.66
230|-2966.66|-2966.66
231|-2966.66|-2966.66
232|-2966.66|-2966.66
233|-2966.66|-2966.66
234|-2966.66|-2966.66
235|-2966.66|-2966.66
236|-2966.66|-2966.66
237|-2966.66|-2966.66
238|-2966.66|-2966.66
239|-2966.66|-2966.66
240|-2966.66|-2966.66
241|-2966.66|-2966.66
242|-2966.66|-2966.66
243|-2966.66|-2966.66
244|-2966.66|-2966.66
EARLY STOP: TARGET FOUND
393888ms
