1|54.707|54.707
2|54.0961|54.0961
3|54.0774|54.0774
4|54.0728|54.0728
5|54.0717|54.0717
6|54.0715|54.0715
7|54.0714|54.0714
8|54.0714|54.0714
9|38.4308|38.4308
10|37.5187|37.5187
11|37.3698|37.3698
12|37.3656|37.3656
13|37.3647|37.3647
14|37.3646|37.3646
15|37.3646|37.3646
16|28.746|28.746
17|25.9854|25.9854
18|25.9854|25.9854
19|25.8073|25.8073
20|25.7948|25.7948
21|25.7936|25.7936
22|25.7936|25.7936
23|25.7934|25.7934
24|25.7933|25.7933
25|25.7933|25.7933
26|1.08859|1.08859
27|1.08859|1.08859
28|1.0714|1.0714
29|1.06761|1.06761
30|1.06761|1.06761
31|1.06691|1.06691
32|1.06686|1.06686
33|1.06686|1.06686
34|1.06686|1.06686
35|1.06686|1.06686
36|1.06686|1.06686
37|0.15436|0.15436
38|0.15436|0.15436
39|0.154359|0.154359
40|0.00531235|0.00531235
EARLY STOP: TARGET FOUND
6734ms
