1|-1238.11|-1238.11
2|-1238.14|-1238.14
3|-1241.11|-1241.11
4|-1241.11|-1241.11
5|-1241.15|-1241.15
6|-1241.25|-1241.25
7|-1241.25|-1241.25
8|-1301.15|-1301.15
9|-1381.55|-1381.55
10|-1399.36|-1399.36
11|-1447.01|-1447.01
12|-1618.75|-1618.75
13|-1706.98|-1706.98
14|-1714.66|-1714.66
15|-1718.48|-1718.48
16|-1718.5|-1718.5
17|-1718.98|-1718.98
18|-1718.98|-1718.98
19|-1740.16|-1740.16
20|-1740.62|-1740.62
21|-1740.7|-1740.7
22|-1740.73|-1740.73
23|-1740.75|-1740.75
24|-1740.76|-1740.76
25|-1740.76|-1740.76
26|-1740.76|-1740.76
27|-1740.76|-1740.76
28|-1740.76|-1740.76
29|-1777.83|-1777.83
30|-1796.16|-1796.16
31|-1814.61|-1814.61
32|-1850.43|-1850.43
33|-1859.2|-1859.2
34|-1861.38|-1861.38
35|-1861.65|-1861.65
36|-1861.72|-1861.72
37|-1861.76|-1861.76
38|-1861.77|-1861.77
39|-1861.78|-1861.78
40|-1861.79|-1861.79
41|-1861.79|-1861.79
42|-1920.12|-1920.12
43|-1920.16|-1920.16
44|-1923.5|-1923.5
45|-1923.68|-1923.68
46|-1923.77|-1923.77
47|-1923.81|-1923.81
48|-1923.81|-1923.81
49|-1923.81|-1923.81
50|-1923.81|-1923.81
51|-1923.81|-1923.81
52|-1923.81|-1923.81
53|-1989.39|-1989.39
54|-2038.74|-2038.74
55|-2115.39|-2115.39
56|-2142.14|-2142.14
57|-2329.97|-2329.97
58|-2409.29|-2409.29
59|-2440.01|-2440.01
60|-2440.01|-2440.01
61|-2440.02|-2440.02
62|-2508.27|-2508.27
63|-2543.9|-2543.9
64|-2646.26|-2646.26
65|-2660.74|-2660.74
66|-2853.59|-2853.59
67|-2929.56|-2929.56
68|-2969.29|-2969.29
69|-2969.9|-2969.9
70|-2970.08|-2970.08
71|-2970.12|-2970.12
72|-2970.12|-2970.12
73|-2970.12|-2970.12
74|-2972.43|-2972.43
75|-2972.73|-2972.73
76|-2972.77|-2972.77
77|-2972.78|-2972.78
78|-2972.78|-2972.78
79|-2972.78|-2972.78
80|-2972.78|-2972.78
81|-3324.83|-3324.83
82|-3331.68|-3331.68
83|-3358.64|-3358.64
84|-3358.75|-3358.75
85|-3358.75|-3358.75
86|-3358.75|-3358.75
87|-3358.75|-3358.75
88|-3358.75|-3358.75
89|-3358.75|-3358.75
90|-3358.75|-3358.75
91|-3358.75|-3358.75
92|-3358.75|-3358.75
93|-3358.75|-3358.75
94|-3358.75|-3358.75
95|-3358.75|-3358.75
96|-3358.75|-3358.75
97|-3358.75|-3358.75
98|-3358.75|-3358.75
99|-3358.75|-3358.75
100|-3358.75|-3358.75
101|-3358.75|-3358.75
102|-3358.75|-3358.75
103|-3358.75|-3358.75
104|-3358.75|-3358.75
105|-3358.75|-3358.75
106|-3358.75|-3358.75
107|-3358.75|-3358.75
108|-3358.75|-3358.75
109|-3358.75|-3358.75
110|-3358.75|-3358.75
111|-3358.75|-3358.75
112|-3358.75|-3358.75
113|-3358.75|-3358.75
114|-3358.75|-3358.75
115|-3358.75|-3358.75
116|-3358.75|-3358.75
117|-3358.75|-3358.75
118|-3358.75|-3358.75
119|-3358.75|-3358.75
120|-3358.75|-3358.75
121|-3358.75|-3358.75
122|-3358.75|-3358.75
123|-3358.75|-3358.75
124|-3358.75|-3358.75
125|-3358.75|-3358.75
126|-3358.75|-3358.75
127|-3358.75|-3358.75
128|-3358.75|-3358.75
129|-3358.75|-3358.75
130|-3358.75|-3358.75
131|-3358.75|-3358.75
132|-3358.75|-3358.75
133|-3358.75|-3358.75
134|-3358.75|-3358.75
135|-3358.75|-3358.75
136|-3358.75|-3358.75
137|-3358.75|-3358.75
138|-3358.75|-3358.75
139|-3358.75|-3358.75
140|-3358.75|-3358.75
141|-3358.75|-3358.75
142|-3358.75|-3358.75
143|-3358.75|-3358.75
144|-3358.75|-3358.75
145|-3358.75|-3358.75
146|-3358.75|-3358.75
147|-3358.75|-3358.75
148|-3358.75|-3358.75
149|-3358.75|-3358.75
150|-3358.75|-3358.75
151|-3358.75|-3358.75
152|-3358.75|-3358.75
153|-3358.75|-3358.75
154|-3358.75|-3358.75
155|-3358.75|-3358.75
156|-3358.75|-3358.75
157|-3358.75|-3358.75
158|-3358.75|-3358.75
159|-3358.75|-3358.75
160|-3358.75|-3358.75
161|-3358.75|-3358.75
162|-3358.75|-3358.75
163|-3358.75|-3358.75
164|-3358.75|-3358.75
165|-3358.75|-3358.75
166|-3358.75|-3358.75
167|-3358.75|-3358.75
168|-3358.75|-3358.75
169|-3358.75|-3358.75
170|-3358.75|-3358.75
171|-3358.75|-3358.75
172|-3358.75|-3358.75
173|-3358.75|-3358.75
174|-3358.75|-3358.75
175|-3358.75|-3358.75
176|-3358.75|-3358.75
177|-3358.75|-3358.75
178|-3358.75|-3358.75
179|-3358.75|-3358.75
180|-3358.75|-3358.75
181|-3358.75|-3358.75
182|-3358.75|-3358.75
183|-3358.75|-3358.75
184|-3358.75|-3358.75
185|-3358.75|-3358.75
186|-3358.75|-3358.75
187|-3358.75|-3358.75
188|-3358.75|-3358.75
189|-3358.75|-3358.75
190|-3358.75|-3358.75
191|-3358.75|-3358.75
192|-3358.75|-3358.75
193|-3358.75|-3358.75
194|-3358.75|-3358.75
195|-3358.75|-3358.75
196|-3358.75|-3358.75
197|-3358.75|-3358.75
198|-3358.75|-3358.75
199|-3358.75|-3358.75
200|-3358.75|-3358.75
201|-3358.75|-3358.75
202|-3358.75|-3358.75
203|-3358.75|-3358.75
204|-3358.75|-3358.75
205|-3358.75|-3358.75
206|-3358.75|-3358.75
207|-3358.75|-3358.75
208|-3358.75|-3358.75
209|-3358.75|-3358.75
210|-3358.75|-3358.75
211|-3358.75|-3358.75
212|-3358.75|-3358.75
213|-3358.75|-3358.75
214|-3358.75|-3358.75
215|-3358.75|-3358.75
216|-3358.75|-3358.75
217|-3358.75|-3358.75
218|-3358.75|-3358.75
219|-3358.75|-3358.75
220|-3358.75|-3358.75
221|-3358.75|-3358.75
222|-3358.75|-3358.75
223|-3358.75|-3358.75
224|-3358.75|-3358.75
225|-3358.75|-3358.75
226|-3358.75|-3358.75
227|-3358.75|-3358.75
228|-3358.75|-3358.75
229|-3358.75|-3358.75
230|-3358.75|-3358.75
231|-3358.75|-3358.75
232|-3358.75|-3358.75
233|-3358.75|-3358.75
234|-3358.75|-3358.75
235|-3358.75|-3358.75
EARLY STOP: TARGET FOUND
393484ms
