1|275.398|275.398
2|274.314|274.314
3|274.08|274.08
4|274.039|274.039
5|274.037|274.037
6|274.037|274.037
7|274.037|274.037
8|270.921|270.921
9|270.654|270.654
10|270.597|270.597
11|270.588|270.588
12|270.587|270.587
13|270.587|270.587
14|265.699|265.699
15|262.006|262.006
16|261.388|261.388
17|261.388|261.388
18|261.362|261.362
19|242.531|242.531
20|242.531|242.531
21|242.017|242.017
22|242.011|242.011
23|216.929|216.929
24|216.917|216.917
25|216.916|216.916
26|216.916|216.916
27|196.343|196.343
28|196.093|196.093
29|196.045|196.045
30|196.041|196.041
31|196.04|196.04
32|196.04|196.04
33|194.231|194.231
34|194.227|194.227
35|194.226|194.226
36|194.226|194.226
37|194.194|194.194
38|194.194|194.194
39|194.194|194.194
40|194.194|194.194
41|194.194|194.194
42|193.066|193.066
43|192.81|192.81
44|192.758|192.758
45|192.752|192.752
46|186.478|186.478
47|183.131|183.131
48|182.687|182.687
49|182.686|182.686
50|182.686|182.686
51|181.712|181.712
52|181.532|181.532
53|181.532|181.532
54|181.519|181.519
55|181.518|181.518
56|177.783|177.783
57|177.783|177.783
58|177.144|177.144
59|177.113|177.113
60|177.113|177.113
61|177.112|177.112
62|177.112|177.112
63|165.946|165.946
64|163.822|163.822
65|163.822|163.822
66|163.787|163.787
67|163.787|163.787
68|163.787|163.787
69|163.787|163.787
70|163.787|163.787
71|163.547|163.547
72|163.547|163.547
73|163.504|163.504
74|163.501|163.501
75|163.501|163.501
76|163.501|163.501
77|154.017|154.017
78|151.473|151.473
79|151.349|151.349
80|151.348|151.348
81|151.348|151.348
82|151.348|151.348
83|151.348|151.348
84|130.826|130.826
85|130.572|130.572
86|130.523|130.523
87|130.518|130.518
88|130.518|130.518
89|130.517|130.517
90|130.517|130.517
91|130.517|130.517
92|114.206|114.206
93|113.378|113.378
94|113.271|113.271
95|113.271|113.271
96|93.7104|93.7104
97|93.7104|93.7104
98|93.2882|93.2882
99|93.2882|93.2882
100|93.2882|93.2882
101|93.2882|93.2882
102|93.2881|93.2881
103|90.8695|90.8695
104|90.7976|90.7976
105|90.7808|90.7808
106|90.7808|90.7808
107|90.7772|90.7772
108|90.7772|90.7772
109|90.7766|90.7766
110|90.7766|90.7766
111|90.7766|90.7766
112|89.6692|89.6692
113|89.6692|89.6692
114|85.0308|85.0308
115|83.9404|83.9404
116|83.7025|83.7025
117|83.6603|83.6603
118|83.6603|83.6603
119|83.6577|83.6577
120|83.6577|83.6577
121|83.6576|83.6576
122|83.6576|83.6576
123|82.1614|82.1614
124|82.1614|82.1614
125|77.6203|77.6203
126|76.5785|76.5785
127|76.5785|76.5785
128|76.3648|76.3648
129|76.3648|76.3648
130|76.3347|76.3347
131|76.3346|76.3346
132|76.3345|76.3345
133|76.3336|76.3336
134|76.3336|76.3336
135|76.3334|76.3334
136|76.3334|76.3334
137|75.1746|75.1746
138|75.1746|75.1746
139|74.9024|74.9024
140|74.8431|74.8431
141|74.8326|74.8326
142|74.8326|74.8326
143|74.832|74.832
144|74.832|74.832
145|72.6736|72.6736
146|72.6736|72.6736
147|68.298|68.298
148|67.339|67.339
149|67.1667|67.1667
150|67.1556|67.1556
151|67.1548|67.1548
152|67.1548|67.1548
153|67.1548|67.1548
154|67.1547|67.1547
155|67.1547|67.1547
156|62.8713|62.8713
157|62.8713|62.8713
158|59.0269|59.0269
159|59.0269|59.0269
160|58.3336|58.3336
161|58.3336|58.3336
162|58.3336|58.3336
163|58.2882|58.2882
164|58.2849|58.2849
165|58.2844|58.2844
166|48.5448|48.5448
167|46.0645|46.0645
168|46.0645|46.0645
169|45.9564|45.9564
170|45.9564|45.9564
171|45.9563|45.9563
172|45.9563|45.9563
173|45.9563|45.9563
174|45.8087|45.8087
175|45.8087|45.8087
176|45.8046|45.8046
177|45.8038|45.8038
178|45.8037|45.8037
179|45.73|45.73
180|45.7123|45.7123
181|45.7083|45.7083
182|45.7075|45.7075
183|45.7073|45.7073
184|23.8951|23.8951
185|23.7223|23.7223
186|23.7111|23.7111
187|23.7103|23.7103
188|23.7103|23.7103
189|23.7102|23.7102
190|23.7102|23.7102
191|0.0628489|0.0628489
192|0.0628489|0.0628489
193|0.0628489|0.0628489
194|0.0628489|0.0628489
195|0.0628489|0.0628489
196|0.0628488|0.0628488
197|0.0628488|0.0628488
198|0.0628488|0.0628488
199|0.0628487|0.0628487
200|0.0628487|0.0628487
201|0.0628487|0.0628487
202|0.0628485|0.0628485
203|0.0628485|0.0628485
204|0.0628485|0.0628485
205|0.0628485|0.0628485
206|0.0628484|0.0628484
207|0.0628484|0.0628484
208|0.0628484|0.0628484
209|0.0628484|0.0628484
210|0.0628482|0.0628482
211|0.0628482|0.0628482
212|0.0628482|0.0628482
213|0.0628481|0.0628481
214|0.0628481|0.0628481
215|0.0628481|0.0628481
216|0.062848|0.062848
217|0.062848|0.062848
218|0.062848|0.062848
219|0.0628478|0.0628478
220|0.0628478|0.0628478
221|0.0628478|0.0628478
222|0.0628477|0.0628477
223|0.0628477|0.0628477
224|0.0628476|0.0628476
225|0.0628476|0.0628476
226|0.0628476|0.0628476
227|0.0628473|0.0628473
228|0.0628473|0.0628473
229|0.0628473|0.0628473
230|0.0628472|0.0628472
231|0.0628472|0.0628472
232|0.062847|0.062847
233|0.062847|0.062847
234|0.062847|0.062847
235|0.062847|0.062847
236|0.0628468|0.0628468
237|0.0628468|0.0628468
238|0.0628468|0.0628468
239|0.0628468|0.0628468
240|0.0628464|0.0628464
241|0.0628462|0.0628462
242|0.0628462|0.0628462
243|0.0628462|0.0628462
244|0.0628462|0.0628462
245|0.0628451|0.0628451
246|0.0628449|0.0628449
247|0.0628449|0.0628449
248|0.0628448|0.0628448
249|0.00822444|0.00822444
EARLY STOP: TARGET FOUND
1369810ms
