1|312.548|312.548
2|312.122|312.122
3|312.122|312.122
4|312.122|312.122
5|309.051|309.051
6|308.796|308.796
7|308.745|308.745
8|308.74|308.74
9|308.739|308.739
10|308.738|308.738
11|308.738|308.738
12|298.714|298.714
13|296.305|296.305
14|296.305|296.305
15|296.234|296.234
16|296.218|296.218
17|296.214|296.214
18|296.214|296.214
19|295.36|295.36
20|295.24|295.24
21|295.239|295.239
22|295.239|295.239
23|295.239|295.239
24|286.999|286.999
25|286.999|286.999
26|284.144|284.144
27|283.942|283.942
28|283.924|283.924
29|283.919|283.919
30|283.918|283.918
31|283.918|283.918
32|283.918|283.918
33|268.4|268.4
34|267.473|267.473
35|267.316|267.316
36|267.309|267.309
37|267.309|267.309
38|262.961|262.961
39|262.016|262.016
40|262.016|262.016
41|261.851|261.851
42|261.841|261.841
43|261.841|261.841
44|261.841|261.841
45|261.778|261.778
46|261.765|261.765
47|261.764|261.764
48|261.764|261.764
49|261.764|261.764
50|261.764|261.764
51|261.764|261.764
52|238.446|238.446
53|238.381|238.381
54|238.368|238.368
55|238.366|238.366
56|238.366|238.366
57|232.291|232.291
58|232.291|232.291
59|228.894|228.894
60|228.894|228.894
61|228.425|228.425
62|228.425|228.425
63|228.423|228.423
64|228.423|228.423
65|209.961|209.961
66|209.402|209.402
67|209.402|209.402
68|209.389|209.389
69|209.388|209.388
70|209.388|209.388
71|209.388|209.388
72|209.388|209.388
73|191.546|191.546
74|190.909|190.909
75|190.878|190.878
76|190.878|190.878
77|190.878|190.878
78|190.878|190.878
79|166.127|166.127
80|166.111|166.111
81|166.108|166.108
82|166.107|166.107
83|140.278|140.278
84|140.278|140.278
85|140.277|140.277
86|140.276|140.276
87|140.276|140.276
88|140.276|140.276
89|127.978|127.978
90|126.137|126.137
91|126.133|126.133
92|126.131|126.131
93|126.131|126.131
94|126.131|126.131
95|126.131|126.131
96|126.131|126.131
97|125.997|125.997
98|125.994|125.994
99|125.994|125.994
100|125.994|125.994
101|125.994|125.994
102|125.994|125.994
103|125.514|125.514
104|125.511|125.511
105|125.511|125.511
106|125.511|125.511
107|106.752|106.752
108|106.23|106.23
109|106.222|106.222
110|106.222|106.222
111|106.222|106.222
112|106.222|106.222
113|95.5513|95.5513
114|93.3038|93.3038
115|93.2533|93.2533
116|93.2486|93.2486
117|93.2486|93.2486
118|93.2475|93.2475
119|93.2473|93.2473
120|93.2472|93.2472
121|93.2472|93.2472
122|92.2689|92.2689
123|92.087|92.087
124|92.0735|92.0735
125|92.0716|92.0716
126|92.0716|92.0716
127|91.4693|91.4693
128|91.4516|91.4516
129|91.4476|91.4476
130|91.4467|91.4467
131|91.4467|91.4467
132|91.4466|91.4466
133|74.0777|74.0777
134|73.3816|73.3816
135|73.3356|73.3356
136|73.3321|73.3321
137|73.3316|73.3316
138|73.3315|73.3315
139|55.8955|55.8955
140|55.8955|55.8955
141|55.8955|55.8955
142|55.2078|55.2078
143|55.1638|55.1638
144|55.1609|55.1609
145|55.1609|55.1609
146|55.1606|55.1606
147|55.1606|55.1606
148|55.1606|55.1606
149|55.1606|55.1606
150|55.0169|55.0169
151|55.0134|55.0134
152|55.0128|55.0128
153|55.0128|55.0128
154|55.0128|55.0128
155|51.0813|51.0813
156|51.0813|51.0813
157|50.3443|50.3443
158|50.2881|50.2881
159|50.2792|50.2792
160|50.2789|50.2789
161|50.2789|50.2789
162|50.2789|50.2789
163|47.3428|47.3428
164|47.1207|47.1207
165|47.0865|47.0865
166|47.0858|47.0858
167|47.0858|47.0858
168|47.0858|47.0858
169|24.065|24.065
170|24.065|24.065
171|23.9908|23.9908
172|23.9729|23.9729
173|23.9688|23.9688
174|23.9679|23.9679
175|23.9677|23.9677
176|23.9677|23.9677
177|23.9677|23.9677
178|19.0724|19.0724
179|17.8536|17.8536
180|17.5514|17.5514
181|17.4771|17.4771
182|17.4591|17.4591
183|17.4549|17.4549
184|17.4549|17.4549
185|17.454|17.454
186|17.4539|17.4539
187|17.4539|17.4539
188|17.4539|17.4539
189|12.8295|12.8295
190|11.7461|11.7461
191|11.7461|11.7461
192|11.5116|11.5116
193|11.5116|11.5116
194|11.4711|11.4711
195|11.469|11.469
196|11.469|11.469
197|11.469|11.469
198|3.00473|3.00473
199|3.00473|3.00473
200|3.00473|3.00473
201|3.00473|3.00473
202|3.00473|3.00473
203|3.00473|3.00473
204|3.00473|3.00473
205|3.00473|3.00473
206|0.205585|0.205585
207|0.205585|0.205585
208|0.205585|0.205585
209|0.205585|0.205585
210|0.205585|0.205585
211|0.205585|0.205585
212|0.205585|0.205585
213|0.205585|0.205585
214|0.205585|0.205585
215|0.205585|0.205585
216|0.205585|0.205585
217|0.205585|0.205585
218|0.205585|0.205585
219|0.205585|0.205585
220|0.205584|0.205584
221|0.205584|0.205584
222|0.205584|0.205584
223|0.205584|0.205584
224|0.205584|0.205584
225|0.205584|0.205584
226|0.205584|0.205584
227|0.205584|0.205584
228|0.205584|0.205584
229|0.205584|0.205584
230|0.205584|0.205584
231|0.205584|0.205584
232|0.205584|0.205584
233|0.205584|0.205584
234|0.0177992|0.0177992
235|0.0177992|0.0177992
236|0.0177992|0.0177992
237|0.0177992|0.0177992
238|0.0177992|0.0177992
239|0.0177991|0.0177991
240|0.0177991|0.0177991
241|0.0177991|0.0177991
242|0.0177991|0.0177991
243|0.0177991|0.0177991
244|0.0177991|0.0177991
245|0.0177991|0.0177991
246|0.0177991|0.0177991
247|0.0177991|0.0177991
248|0.0177991|0.0177991
249|0.0177991|0.0177991
250|0.0177991|0.0177991
251|0.0177991|0.0177991
252|0.0177991|0.0177991
253|0.0177991|0.0177991
254|0.0177991|0.0177991
255|0.00285297|0.00285297
EARLY STOP: TARGET FOUND
1418183ms
