1|79.4566|79.4566
2|77.0707|77.0707
3|68.3716|68.3716
4|64.6418|64.6418
5|62.0986|62.0986
6|61.9391|61.9391
7|61.9304|61.9304
8|61.9282|61.9282
9|61.9271|61.9271
10|61.9269|61.9269
11|61.9267|61.9267
12|41.9143|41.9143
13|39.9054|39.9054
14|39.7803|39.7803
15|39.7737|39.7737
16|39.7736|39.7736
17|39.7736|39.7736
18|39.1224|39.1224
19|39.0489|39.0489
20|39.0488|39.0488
21|35.2891|35.2891
22|35.289|35.289
23|34.8932|34.8932
24|34.7986|34.7986
25|34.7752|34.7752
26|34.7694|34.7694
27|34.769|34.769
28|14.3867|14.3867
29|14.2585|14.2585
30|14.2399|14.2399
31|14.2368|14.2368
32|14.2361|14.2361
33|14.2358|14.2358
34|14.2357|14.2357
35|14.2356|14.2356
36|14.2356|14.2356
37|14.2356|14.2356
38|14.2356|14.2356
39|14.2356|14.2356
40|14.2356|14.2356
41|14.2356|14.2356
42|14.2356|14.2356
43|14.2356|14.2356
44|14.2356|14.2356
45|14.2356|14.2356
46|14.2356|14.2356
47|14.2356|14.2356
48|14.2356|14.2356
49|14.2356|14.2356
50|14.2356|14.2356
51|14.2356|14.2356
52|14.2356|14.2356
53|14.2356|14.2356
54|14.2356|14.2356
55|14.2356|14.2356
56|14.2356|14.2356
57|14.2356|14.2356
58|14.2356|14.2356
59|14.2356|14.2356
60|14.2356|14.2356
61|14.2356|14.2356
62|14.2356|14.2356
63|14.2356|14.2356
64|14.2356|14.2356
65|14.2356|14.2356
66|14.2356|14.2356
67|14.2356|14.2356
68|14.2356|14.2356
69|14.2356|14.2356
70|14.2356|14.2356
71|14.2356|14.2356
72|14.2356|14.2356
73|14.2356|14.2356
74|14.2356|14.2356
75|14.2356|14.2356
76|14.2356|14.2356
77|14.2356|14.2356
78|14.2356|14.2356
79|14.2356|14.2356
80|14.2356|14.2356
81|14.2356|14.2356
82|14.2356|14.2356
83|14.2356|14.2356
84|14.2356|14.2356
85|14.2356|14.2356
86|14.2356|14.2356
87|14.2356|14.2356
88|14.2356|14.2356
89|14.2356|14.2356
90|14.2356|14.2356
91|14.2356|14.2356
92|14.2356|14.2356
93|14.2356|14.2356
94|14.2356|14.2356
95|14.2356|14.2356
96|14.2356|14.2356
97|14.2356|14.2356
98|14.2356|14.2356
99|14.2356|14.2356
100|14.2356|14.2356
101|14.2356|14.2356
102|14.2356|14.2356
103|14.2356|14.2356
104|14.2356|14.2356
105|14.2356|14.2356
106|14.2356|14.2356
107|14.2356|14.2356
108|14.2356|14.2356
109|14.2356|14.2356
110|14.2356|14.2356
111|14.2356|14.2356
112|14.2356|14.2356
113|14.2356|14.2356
114|14.2356|14.2356
115|14.2356|14.2356
116|14.2356|14.2356
117|14.2356|14.2356
118|14.2356|14.2356
119|14.2356|14.2356
120|14.2356|14.2356
121|14.2356|14.2356
122|14.2356|14.2356
123|14.2356|14.2356
124|14.2356|14.2356
125|14.2356|14.2356
126|14.2356|14.2356
127|14.2356|14.2356
128|14.2356|14.2356
129|14.2356|14.2356
130|14.2356|14.2356
131|14.2356|14.2356
132|14.2356|14.2356
133|14.2356|14.2356
134|14.2356|14.2356
135|14.2356|14.2356
136|14.2356|14.2356
137|14.2356|14.2356
138|14.2356|14.2356
139|14.2356|14.2356
140|14.2356|14.2356
141|14.2356|14.2356
142|14.2356|14.2356
143|14.2356|14.2356
144|14.2356|14.2356
145|14.2356|14.2356
146|14.2356|14.2356
147|14.2356|14.2356
148|14.2356|14.2356
149|14.2356|14.2356
150|14.2356|14.2356
151|14.2356|14.2356
152|14.2356|14.2356
153|14.2356|14.2356
154|14.2356|14.2356
155|14.2356|14.2356
156|14.2356|14.2356
157|14.2356|14.2356
158|14.2356|14.2356
159|14.2356|14.2356
160|14.2356|14.2356
161|14.2356|14.2356
162|14.2356|14.2356
163|14.2356|14.2356
164|14.2356|14.2356
165|14.2356|14.2356
166|14.2356|14.2356
167|14.2356|14.2356
168|14.2356|14.2356
169|14.2356|14.2356
170|14.2356|14.2356
171|14.2356|14.2356
172|14.2356|14.2356
173|14.2356|14.2356
174|14.2356|14.2356
175|14.2356|14.2356
176|14.2356|14.2356
177|14.2356|14.2356
178|14.2356|14.2356
179|14.2356|14.2356
180|14.2356|14.2356
181|14.2356|14.2356
182|14.2356|14.2356
183|14.2356|14.2356
184|14.2356|14.2356
185|14.2356|14.2356
186|14.2356|14.2356
EARLY STOP: TARGET FOUND
65590ms
