1|-248.039|-248.039
2|-387.516|-387.516
3|-430.247|-430.247
4|-440.817|-440.817
5|-442.134|-442.134
6|-442.464|-442.464
7|-442.546|-442.546
8|-442.556|-442.556
9|-442.558|-442.558
10|-442.558|-442.558
11|-442.559|-442.559
12|-545.671|-545.671
13|-743.297|-743.297
14|-778.655|-778.655
15|-778.861|-778.861
16|-778.888|-778.888
17|-778.893|-778.893
18|-778.894|-778.894
19|-778.895|-778.895
20|-778.895|-778.895
21|-778.895|-778.895
22|-1143.2|-1143.2
23|-1188.12|-1188.12
24|-1197.22|-1197.22
25|-1197.22|-1197.22
26|-1201.43|-1201.43
27|-1202.45|-1202.45
28|-1202.96|-1202.96
29|-1203.21|-1203.21
30|-1203.22|-1203.22
31|-1203.23|-1203.23
32|-1375.32|-1375.32
33|-1383.85|-1383.85
34|-1384.35|-1384.35
35|-1384.47|-1384.47
36|-1384.51|-1384.51
37|-1384.51|-1384.51
38|-1384.51|-1384.51
39|-1511.83|-1511.83
40|-1527.1|-1527.1
41|-1533.37|-1533.37
42|-1536.16|-1536.16
43|-1537.47|-1537.47
44|-1538.1|-1538.1
45|-1538.41|-1538.41
46|-1538.57|-1538.57
47|-1538.58|-1538.58
48|-1538.58|-1538.58
49|-1538.58|-1538.58
50|-1538.59|-1538.59
51|-1538.59|-1538.59
52|-1538.59|-1538.59
53|-1538.59|-1538.59
54|-1538.59|-1538.59
55|-1538.59|-1538.59
56|-1538.59|-1538.59
57|-1538.59|-1538.59
58|-1538.59|-1538.59
59|-1538.59|-1538.59
60|-1538.59|-1538.59
61|-1538.59|-1538.59
62|-1538.59|-1538.59
63|-1538.59|-1538.59
64|-1538.59|-1538.59
65|-1538.59|-1538.59
66|-1538.59|-1538.59
67|-1538.59|-1538.59
68|-1538.59|-1538.59
69|-1538.59|-1538.59
70|-1538.59|-1538.59
71|-1538.59|-1538.59
72|-1538.59|-1538.59
73|-1538.59|-1538.59
74|-1538.59|-1538.59
75|-1538.59|-1538.59
76|-1538.59|-1538.59
77|-1538.59|-1538.59
78|-1538.59|-1538.59
79|-1538.59|-1538.59
80|-1538.59|-1538.59
81|-1538.59|-1538.59
82|-1538.59|-1538.59
83|-1538.59|-1538.59
84|-1538.59|-1538.59
85|-1538.59|-1538.59
86|-1538.59|-1538.59
87|-1538.59|-1538.59
88|-1538.59|-1538.59
89|-1538.59|-1538.59
90|-1538.59|-1538.59
91|-1538.59|-1538.59
92|-1538.59|-1538.59
93|-1538.59|-1538.59
94|-1538.59|-1538.59
95|-1538.59|-1538.59
96|-1538.59|-1538.59
97|-1538.59|-1538.59
98|-1538.59|-1538.59
99|-1538.59|-1538.59
100|-1538.59|-1538.59
101|-1538.59|-1538.59
102|-1538.59|-1538.59
103|-1538.59|-1538.59
104|-1538.59|-1538.59
105|-1538.59|-1538.59
106|-1538.59|-1538.59
107|-1538.59|-1538.59
108|-1538.59|-1538.59
109|-1538.59|-1538.59
110|-1538.59|-1538.59
111|-1538.59|-1538.59
112|-1538.59|-1538.59
113|-1538.59|-1538.59
114|-1538.59|-1538.59
115|-1538.59|-1538.59
116|-1538.59|-1538.59
117|-1538.59|-1538.59
118|-1538.59|-1538.59
119|-1538.59|-1538.59
120|-1538.59|-1538.59
121|-1538.59|-1538.59
122|-1538.59|-1538.59
123|-1538.59|-1538.59
124|-1538.59|-1538.59
125|-1538.59|-1538.59
126|-1538.59|-1538.59
127|-1538.59|-1538.59
128|-1538.59|-1538.59
129|-1538.59|-1538.59
130|-1538.59|-1538.59
131|-1538.59|-1538.59
132|-1538.59|-1538.59
133|-1538.59|-1538.59
134|-1538.59|-1538.59
135|-1538.59|-1538.59
136|-1538.59|-1538.59
137|-1538.59|-1538.59
138|-1538.59|-1538.59
139|-1538.59|-1538.59
140|-1538.59|-1538.59
141|-1538.59|-1538.59
142|-1538.59|-1538.59
143|-1538.59|-1538.59
144|-1538.59|-1538.59
145|-1538.59|-1538.59
146|-1538.59|-1538.59
147|-1538.59|-1538.59
148|-1538.59|-1538.59
149|-1538.59|-1538.59
150|-1538.59|-1538.59
151|-1538.59|-1538.59
152|-1538.59|-1538.59
153|-1538.59|-1538.59
154|-1538.59|-1538.59
155|-1538.59|-1538.59
156|-1538.59|-1538.59
157|-1538.59|-1538.59
158|-1538.59|-1538.59
159|-1538.59|-1538.59
160|-1538.59|-1538.59
161|-1538.59|-1538.59
162|-1538.59|-1538.59
163|-1538.59|-1538.59
164|-1538.59|-1538.59
165|-1538.59|-1538.59
166|-1538.59|-1538.59
167|-1538.59|-1538.59
168|-1538.59|-1538.59
169|-1538.59|-1538.59
170|-1538.59|-1538.59
171|-1538.59|-1538.59
172|-1538.59|-1538.59
173|-1538.59|-1538.59
174|-1538.59|-1538.59
175|-1538.59|-1538.59
176|-1538.59|-1538.59
177|-1538.59|-1538.59
178|-1538.59|-1538.59
179|-1538.59|-1538.59
180|-1538.59|-1538.59
181|-1538.59|-1538.59
182|-1538.59|-1538.59
183|-1538.59|-1538.59
184|-1538.59|-1538.59
185|-1538.59|-1538.59
186|-1538.59|-1538.59
187|-1538.59|-1538.59
188|-1538.59|-1538.59
189|-1538.59|-1538.59
190|-1538.59|-1538.59
191|-1538.59|-1538.59
192|-1538.59|-1538.59
193|-1538.59|-1538.59
194|-1538.59|-1538.59
195|-1538.59|-1538.59
196|-1538.59|-1538.59
197|-1538.59|-1538.59
198|-1538.59|-1538.59
199|-1538.59|-1538.59
200|-1538.59|-1538.59
201|-1538.59|-1538.59
202|-1538.59|-1538.59
203|-1538.59|-1538.59
EARLY STOP: TARGET FOUND
99149ms
