1|251.183|251.183
2|251.175|251.175
3|251.174|251.174
4|251.174|251.174
5|248.385|248.385
6|244.167|244.167
7|243.287|243.287
8|243.154|243.154
9|243.152|243.152
10|243.152|243.152
11|224.611|224.611
12|224.061|224.061
13|224.05|224.05
14|224.05|224.05
15|224.049|224.049
16|224.049|224.049
17|224.049|224.049
18|214.314|214.314
19|214.314|214.314
20|211.833|211.833
21|211.724|211.724
22|211.724|211.724
23|211.724|211.724
24|210.575|210.575
25|205.947|205.947
26|204.862|204.862
27|204.627|204.627
28|204.586|204.586
29|204.586|204.586
30|204.584|204.584
31|204.583|204.583
32|204.542|204.542
33|204.542|204.542
34|204.539|204.539
35|204.539|204.539
36|204.019|204.019
37|204.012|204.012
38|204.011|204.011
39|197.084|197.084
40|193.901|193.901
41|193.617|193.617
42|193.552|193.552
43|193.538|193.538
44|193.536|193.536
45|193.536|193.536
46|193.53|193.53
47|188.616|188.616
48|187.388|187.388
49|187.081|187.081
50|187.005|187.005
51|187.005|187.005
52|186.986|186.986
53|186.981|186.981
54|186.98|186.98
55|186.98|186.98
56|186.979|186.979
57|186.979|186.979
58|164.582|164.582
59|164.446|164.446
60|164.443|164.443
61|164.443|164.443
62|163.383|163.383
63|163.16|163.16
64|163.16|163.16
65|163.126|163.126
66|163.126|163.126
67|163.125|163.125
68|163.125|163.125
69|154.416|154.416
70|151.678|151.678
71|151.506|151.506
72|151.506|151.506
73|151.495|151.495
74|151.494|151.494
75|151.494|151.494
76|151.494|151.494
77|137.935|137.935
78|136.763|136.763
79|136.484|136.484
80|136.421|136.421
81|136.409|136.409
82|136.408|136.408
83|136.408|136.408
84|136.408|136.408
85|136.408|136.408
86|114.475|114.475
87|114.31|114.31
88|114.3|114.3
89|114.3|114.3
90|114.3|114.3
91|114.3|114.3
92|114.3|114.3
93|101.566|101.566
94|99.8345|99.8345
95|99.8334|99.8334
96|99.8332|99.8332
97|99.8331|99.8331
98|99.6225|99.6225
99|99.6225|99.6225
100|99.5939|99.5939
101|99.5939|99.5939
102|99.5939|99.5939
103|81.4147|81.4147
104|80.8199|80.8199
105|80.8199|80.8199
106|80.8031|80.8031
107|80.7995|80.7995
108|80.7989|80.7989
109|80.7989|80.7989
110|80.7989|80.7989
111|63.8897|63.8897
112|63.8897|63.8897
113|63.1362|63.1362
114|63.1362|63.1362
115|63.0758|63.0758
116|63.0648|63.0648
117|63.064|63.064
118|63.064|63.064
119|63.064|63.064
120|63.064|63.064
121|62.4983|62.4983
122|62.4983|62.4983
123|62.4852|62.4852
124|62.4834|62.4834
125|62.4834|62.4834
126|59.7055|59.7055
127|59.7055|59.7055
128|59.523|59.523
129|59.5094|59.5094
130|59.5094|59.5094
131|59.5074|59.5074
132|59.5074|59.5074
133|59.5003|59.5003
134|59.5003|59.5003
135|59.5003|59.5003
136|59.5003|59.5003
137|55.8683|55.8683
138|55.8683|55.8683
139|51.8611|51.8611
140|51.0863|51.0863
141|51.0863|51.0863
142|51.0206|51.0206
143|51.0069|51.0069
144|51.0069|51.0069
145|51.0049|51.0049
146|51.0049|51.0049
147|51.0049|51.0049
148|27.0994|27.0994
149|27.0528|27.0528
150|27.0492|27.0492
151|27.0492|27.0492
152|27.0486|27.0486
153|27.0486|27.0486
154|22.7097|22.7097
155|21.769|21.769
156|21.769|21.769
157|21.6059|21.6059
158|21.5971|21.5971
159|21.5969|21.5969
160|21.5969|21.5969
161|21.5969|21.5969
162|21.5969|21.5969
163|21.1251|21.1251
164|21.1251|21.1251
165|21.1228|21.1228
166|21.1228|21.1228
167|21.1227|21.1227
168|21.1227|21.1227
169|21.1227|21.1227
170|16.7827|16.7827
171|15.8415|15.8415
172|15.8415|15.8415
173|15.6781|15.6781
174|15.6693|15.6693
175|15.6691|15.6691
176|15.669|15.669
177|11.668|11.668
178|10.8963|10.8963
179|10.8314|10.8314
180|10.8181|10.8181
181|10.8163|10.8163
182|10.8163|10.8163
183|10.8163|10.8163
184|5.26763|5.26763
185|5.26763|5.26763
186|1.73959|1.73959
187|1.73959|1.73959
188|1.73959|1.73959
189|1.73959|1.73959
190|1.73959|1.73959
191|1.73959|1.73959
192|1.73959|1.73959
193|1.20437|1.20437
194|1.20437|1.20437
195|1.19506|1.19506
196|1.19506|1.19506
197|1.19506|1.19506
198|1.1948|1.1948
199|1.1948|1.1948
200|1.19474|1.19474
201|1.19473|1.19473
202|1.19473|1.19473
203|1.19473|1.19473
204|1.19473|1.19473
205|1.16258|1.16258
206|1.16258|1.16258
207|1.16216|1.16216
208|1.16216|1.16216
209|1.16216|1.16216
210|0.191873|0.191873
211|0.191873|0.191873
212|0.191873|0.191873
213|0.191873|0.191873
214|0.191873|0.191873
215|0.191873|0.191873
216|0.191873|0.191873
217|0.191873|0.191873
218|0.191873|0.191873
219|0.191873|0.191873
220|0.191873|0.191873
221|0.191873|0.191873
222|0.191873|0.191873
223|0.191873|0.191873
224|0.191873|0.191873
225|0.191873|0.191873
226|0.191873|0.191873
227|0.191873|0.191873
228|0.191873|0.191873
229|0.191873|0.191873
230|0.191873|0.191873
231|0.0139317|0.0139317
232|0.0139317|0.0139317
233|0.0139317|0.0139317
234|0.0139317|0.0139317
235|0.0139317|0.0139317
236|0.0139317|0.0139317
237|0.0139317|0.0139317
238|0.0139317|0.0139317
239|0.0139317|0.0139317
240|0.0139317|0.0139317
241|0.0139317|0.0139317
242|0.0139317|0.0139317
243|0.0139317|0.0139317
244|0.0139317|0.0139317
245|0.0139317|0.0139317
246|0.0139317|0.0139317
247|0.0139317|0.0139317
248|0.0139317|0.0139317
249|0.0139316|0.0139316
250|0.0139316|0.0139316
251|0.0139316|0.0139316
252|0.0139316|0.0139316
253|0.0139316|0.0139316
254|0.0139316|0.0139316
255|0.0139316|0.0139316
256|0.00144646|0.00144646
EARLY STOP: TARGET FOUND
1360269ms
