1|-609.256|-609.256
2|-682.021|-682.021
3|-943.679|-943.679
4|-1020.83|-1020.83
5|-1024.2|-1024.2
6|-1024.35|-1024.35
7|-1024.37|-1024.37
8|-1024.37|-1024.37
9|-1024.37|-1024.37
10|-1024.37|-1024.37
11|-1361.25|-1361.25
12|-1514.23|-1514.23
13|-1523.41|-1523.41
14|-1527.67|-1527.67
15|-1529.71|-1529.71
16|-1530.21|-1530.21
17|-1530.21|-1530.21
18|-1530.22|-1530.22
19|-1579.73|-1579.73
20|-1666.22|-1666.22
21|-1708.86|-1708.86
22|-1714.14|-1714.14
23|-1714.8|-1714.8
24|-1714.8|-1714.8
25|-1715.12|-1715.12
26|-1715.21|-1715.21
27|-1715.21|-1715.21
28|-1715.21|-1715.21
29|-1715.21|-1715.21
30|-1792.78|-1792.78
31|-1798.56|-1798.56
32|-1799.86|-1799.86
33|-1800.48|-1800.48
34|-1800.64|-1800.64
35|-1800.72|-1800.72
36|-1800.75|-1800.75
37|-1800.77|-1800.77
38|-1800.78|-1800.78
39|-1800.79|-1800.79
40|-1800.79|-1800.79
41|-1800.79|-1800.79
42|-1863.14|-1863.14
43|-1949.29|-1949.29
44|-1950.85|-1950.85
45|-1951.27|-1951.27
46|-1951.34|-1951.34
47|-1951.35|-1951.35
48|-1951.36|-1951.36
49|-2067.78|-2067.78
50|-2080.41|-2080.41
51|-2224.5|-2224.5
52|-2237.61|-2237.61
53|-2310.41|-2310.41
54|-2358.89|-2358.89
55|-2361.03|-2361.03
56|-2361.35|-2361.35
57|-2361.42|-2361.42
58|-2361.43|-2361.43
59|-2361.44|-2361.44
60|-2361.44|-2361.44
61|-2413.1|-2413.1
62|-2564.38|-2564.38
63|-2574.96|-2574.96
64|-2576.27|-2576.27
65|-2576.27|-2576.27
66|-2576.93|-2576.93
67|-2576.93|-2576.93
68|-2577.26|-2577.26
69|-2577.43|-2577.43
70|-2577.51|-2577.51
71|-2577.55|-2577.55
72|-2577.55|-2577.55
73|-2701.85|-2701.85
74|-2714.24|-2714.24
75|-2714.24|-2714.24
76|-2715.52|-2715.52
77|-2716.15|-2716.15
78|-2716.16|-2716.16
79|-2716.17|-2716.17
80|-2716.18|-2716.18
81|-2716.18|-2716.18
82|-2846.94|-2846.94
83|-2926.49|-2926.49
84|-2932.55|-2932.55
85|-2935.23|-2935.23
86|-2935.86|-2935.86
87|-2936.18|-2936.18
88|-2936.33|-2936.33
89|-2936.41|-2936.41
90|-2936.42|-2936.42
91|-2936.42|-2936.42
92|-2936.42|-2936.42
93|-2936.42|-2936.42
94|-2936.43|-2936.43
95|-3020.63|-3020.63
96|-3033.15|-3033.15
97|-3034.45|-3034.45
98|-3035.08|-3035.08
99|-3035.39|-3035.39
100|-3035.47|-3035.47
101|-3035.49|-3035.49
102|-3035.49|-3035.49
103|-3035.49|-3035.49
104|-3035.49|-3035.49
105|-3035.49|-3035.49
106|-3035.49|-3035.49
107|-3035.49|-3035.49
108|-3035.49|-3035.49
109|-3035.49|-3035.49
110|-3035.49|-3035.49
111|-3035.49|-3035.49
112|-3035.49|-3035.49
113|-3035.49|-3035.49
114|-3035.49|-3035.49
115|-3035.49|-3035.49
116|-3035.49|-3035.49
117|-3035.49|-3035.49
118|-3035.49|-3035.49
119|-3035.49|-3035.49
120|-3035.49|-3035.49
121|-3035.49|-3035.49
122|-3035.49|-3035.49
123|-3035.49|-3035.49
124|-3035.49|-3035.49
125|-3035.49|-3035.49
126|-3035.49|-3035.49
127|-3035.49|-3035.49
128|-3035.49|-3035.49
129|-3035.49|-3035.49
130|-3035.49|-3035.49
131|-3035.49|-3035.49
132|-3035.49|-3035.49
133|-3035.49|-3035.49
134|-3035.49|-3035.49
135|-3035.49|-3035.49
136|-3035.49|-3035.49
137|-3035.49|-3035.49
138|-3035.49|-3035.49
139|-3035.49|-3035.49
140|-3035.49|-3035.49
141|-3035.49|-3035.49
142|-3035.49|-3035.49
143|-3035.49|-3035.49
144|-3035.49|-3035.49
145|-3035.49|-3035.49
146|-3035.49|-3035.49
147|-3035.49|-3035.49
148|-3035.49|-3035.49
149|-3035.49|-3035.49
150|-3035.49|-3035.49
151|-3035.49|-3035.49
152|-3035.49|-3035.49
153|-3035.49|-3035.49
154|-3035.49|-3035.49
155|-3035.49|-3035.49
156|-3035.49|-3035.49
157|-3035.49|-3035.49
158|-3035.49|-3035.49
159|-3035.49|-3035.49
160|-3035.49|-3035.49
161|-3035.49|-3035.49
162|-3035.49|-3035.49
163|-3035.49|-3035.49
164|-3035.49|-3035.49
165|-3035.49|-3035.49
166|-3035.49|-3035.49
167|-3035.49|-3035.49
168|-3035.49|-3035.49
169|-3035.49|-3035.49
170|-3035.49|-3035.49
171|-3035.49|-3035.49
172|-3035.49|-3035.49
173|-3035.49|-3035.49
174|-3035.49|-3035.49
175|-3035.49|-3035.49
176|-3035.49|-3035.49
177|-3035.49|-3035.49
178|-3035.49|-3035.49
179|-3035.49|-3035.49
180|-3035.49|-3035.49
181|-3035.49|-3035.49
182|-3035.49|-3035.49
183|-3035.49|-3035.49
184|-3035.49|-3035.49
185|-3035.49|-3035.49
186|-3035.49|-3035.49
187|-3035.49|-3035.49
188|-3035.49|-3035.49
189|-3035.49|-3035.49
190|-3035.49|-3035.49
191|-3035.49|-3035.49
192|-3035.49|-3035.49
193|-3035.49|-3035.49
194|-3035.49|-3035.49
195|-3035.49|-3035.49
196|-3035.49|-3035.49
197|-3035.49|-3035.49
198|-3035.49|-3035.49
199|-3035.49|-3035.49
200|-3035.49|-3035.49
201|-3035.49|-3035.49
202|-3035.49|-3035.49
203|-3035.49|-3035.49
204|-3035.49|-3035.49
205|-3035.49|-3035.49
206|-3035.49|-3035.49
207|-3035.49|-3035.49
208|-3035.49|-3035.49
209|-3035.49|-3035.49
210|-3035.49|-3035.49
211|-3035.49|-3035.49
212|-3035.49|-3035.49
213|-3035.49|-3035.49
214|-3035.49|-3035.49
215|-3035.49|-3035.49
216|-3035.49|-3035.49
217|-3035.49|-3035.49
218|-3035.49|-3035.49
219|-3035.49|-3035.49
220|-3035.49|-3035.49
221|-3035.49|-3035.49
222|-3035.49|-3035.49
223|-3035.49|-3035.49
224|-3035.49|-3035.49
225|-3035.49|-3035.49
226|-3035.49|-3035.49
227|-3035.49|-3035.49
228|-3035.49|-3035.49
229|-3035.49|-3035.49
230|-3035.49|-3035.49
231|-3035.49|-3035.49
232|-3035.49|-3035.49
233|-3035.49|-3035.49
234|-3035.49|-3035.49
235|-3035.49|-3035.49
236|-3035.49|-3035.49
237|-3035.49|-3035.49
238|-3035.49|-3035.49
239|-3035.49|-3035.49
240|-3035.49|-3035.49
241|-3035.49|-3035.49
242|-3035.49|-3035.49
243|-3035.49|-3035.49
244|-3035.49|-3035.49
245|-3035.49|-3035.49
246|-3035.49|-3035.49
247|-3035.49|-3035.49
248|-3035.49|-3035.49
249|-3035.49|-3035.49
250|-3035.49|-3035.49
251|-3035.49|-3035.49
252|-3035.49|-3035.49
EARLY STOP: TARGET FOUND
416872ms
