1|525.639|525.639
2|525.297|525.297
3|524.736|524.736
4|520.361|520.361
5|520.356|520.356
6|520.354|520.354
7|520.353|520.353
8|519.89|519.89
9|519.769|519.769
10|519.768|519.768
11|519.764|519.764
12|519.764|519.764
13|519.764|519.764
14|519.763|519.763
15|519.13|519.13
16|493.714|493.714
17|493.664|493.664
18|493.654|493.654
19|493.652|493.652
20|487.508|487.508
21|478.354|478.354
22|478.351|478.351
23|478.351|478.351
24|478.351|478.351
25|461.578|461.578
26|458.648|458.648
27|458.027|458.027
28|457.969|457.969
29|457.955|457.955
30|457.952|457.952
31|457.951|457.951
32|457.951|457.951
33|453.922|453.922
34|452.505|452.505
35|452.364|452.364
36|452.297|452.297
37|452.295|452.295
38|446.727|446.727
39|445.414|445.414
40|444.966|444.966
41|444.798|444.798
42|444.762|444.762
43|444.754|444.754
44|444.753|444.753
45|444.753|444.753
46|431.953|431.953
47|431.654|431.654
48|431.518|431.518
49|431.516|431.516
50|431.515|431.515
51|424.976|424.976
52|419.529|419.529
53|407.246|407.246
54|404.806|404.806
55|404.483|404.483
56|404.483|404.483
57|402.375|402.375
58|402.223|402.223
59|402.21|402.21
60|402.207|402.207
61|402.206|402.206
62|402.206|402.206
63|383.396|383.396
64|373.634|373.634
65|367.793|367.793
66|367.246|367.246
67|367.146|367.146
68|367.145|367.145
69|364.474|364.474
70|364.474|364.474
71|364.202|364.202
72|363.988|363.988
73|358.107|358.107
74|357.998|357.998
75|357.996|357.996
76|357.995|357.995
77|342.811|342.811
78|335.193|335.193
79|335.159|335.159
80|335.142|335.142
81|335.134|335.134
82|335.133|335.133
83|316.66|316.66
84|314.181|314.181
85|313.826|313.826
86|313.824|313.824
87|308.51|308.51
88|306.471|306.471
89|297.982|297.982
90|293.723|293.723
91|291.315|291.315
92|291.24|291.24
93|291.231|291.231
94|291.229|291.229
95|291.228|291.228
96|291.228|291.228
97|287.612|287.612
98|284.788|284.788
99|284.424|284.424
100|284.407|284.407
101|284.402|284.402
102|284.4|284.4
103|284.4|284.4
104|284.4|284.4
105|282.947|282.947
106|275.383|275.383
107|274.981|274.981
108|272.553|272.553
109|271.848|271.848
110|271.235|271.235
111|266.887|266.887
112|266.88|266.88
113|266.878|266.878
114|266.878|266.878
115|266.878|266.878
116|258.77|258.77
117|258.458|258.458
118|258.315|258.315
119|258.246|258.246
120|258.213|258.213
121|258.209|258.209
122|258.208|258.208
123|258.208|258.208
124|252.151|252.151
125|251.724|251.724
126|251.594|251.594
127|251.588|251.588
128|251.586|251.586
129|251.586|251.586
130|251.586|251.586
131|251.586|251.586
132|248.781|248.781
133|248.405|248.405
134|243.399|243.399
135|242.39|242.39
136|242.378|242.378
137|242.378|242.378
138|242.377|242.377
139|225.449|225.449
140|214.809|214.809
141|212.443|212.443
142|211.627|211.627
143|211.136|211.136
144|206.724|206.724
145|206.722|206.722
146|206.718|206.718
147|206.718|206.718
148|196.675|196.675
149|196.605|196.605
150|196.605|196.605
151|196.605|196.605
152|196.605|196.605
153|181.264|181.264
154|177.998|177.998
155|177.171|177.171
156|176.988|176.988
157|176.955|176.955
158|176.953|176.953
159|176.953|176.953
160|165.681|165.681
161|165.457|165.457
162|165.277|165.277
163|165.265|165.265
164|165.265|165.265
165|165.265|165.265
166|165.265|165.265
167|162.166|162.166
168|161.443|161.443
169|161.313|161.313
170|161.305|161.305
171|161.305|161.305
172|155.568|155.568
173|151.286|151.286
174|141.037|141.037
175|140.929|140.929
176|137.553|137.553
177|136.632|136.632
178|136.594|136.594
179|136.576|136.576
180|136.568|136.568
181|136.563|136.563
182|136.561|136.561
183|136.56|136.56
184|136.56|136.56
185|136.559|136.559
186|119.796|119.796
187|112.65|112.65
188|111.403|111.403
189|110.99|110.99
190|110.911|110.911
191|110.874|110.874
192|110.866|110.866
193|110.864|110.864
194|110.863|110.863
195|94.7229|94.7229
196|84.9743|84.9743
197|84.1073|84.1073
198|84.0899|84.0899
199|84.0893|84.0893
200|84.0891|84.0891
201|84.0889|84.0889
202|79.027|79.027
203|69.2166|69.2166
204|69.1665|69.1665
205|69.1641|69.1641
206|69.1639|69.1639
207|69.1639|69.1639
208|69.1639|69.1639
209|68.4434|68.4434
210|68.1308|68.1308
211|67.987|67.987
212|67.9183|67.9183
213|67.8847|67.8847
214|67.8764|67.8764
215|67.8723|67.8723
216|67.8712|67.8712
217|67.8707|67.8707
218|67.8707|67.8707
219|67.8707|67.8707
220|67.8707|67.8707
221|67.8707|67.8707
222|67.8707|67.8707
223|67.8707|67.8707
224|67.8707|67.8707
225|67.8707|67.8707
226|67.8707|67.8707
227|67.8707|67.8707
228|67.8707|67.8707
229|67.8707|67.8707
230|67.8707|67.8707
231|67.8707|67.8707
232|67.8707|67.8707
233|67.8707|67.8707
234|67.8707|67.8707
235|67.8707|67.8707
236|67.8707|67.8707
237|67.8707|67.8707
238|67.8707|67.8707
239|67.8707|67.8707
240|67.8707|67.8707
241|67.8707|67.8707
242|67.8707|67.8707
243|67.8707|67.8707
244|67.8707|67.8707
245|67.8707|67.8707
246|67.8707|67.8707
247|67.8707|67.8707
248|67.8707|67.8707
249|67.8707|67.8707
250|67.8707|67.8707
251|67.8707|67.8707
252|67.8707|67.8707
253|67.8707|67.8707
254|67.8707|67.8707
255|67.8707|67.8707
256|67.8707|67.8707
257|67.8707|67.8707
258|67.8707|67.8707
259|67.8707|67.8707
260|67.8707|67.8707
261|67.8707|67.8707
262|67.8707|67.8707
263|67.8707|67.8707
264|67.8707|67.8707
265|67.8707|67.8707
266|67.8707|67.8707
267|67.8707|67.8707
268|67.8707|67.8707
269|67.8707|67.8707
270|67.8707|67.8707
271|67.8707|67.8707
272|67.8707|67.8707
273|67.8707|67.8707
274|67.8707|67.8707
275|67.8707|67.8707
276|67.8707|67.8707
277|67.8707|67.8707
278|67.8707|67.8707
279|67.8707|67.8707
280|67.8707|67.8707
281|67.8707|67.8707
282|67.8707|67.8707
283|67.8707|67.8707
284|67.8707|67.8707
285|67.8707|67.8707
286|67.8707|67.8707
287|67.8707|67.8707
288|67.8707|67.8707
289|67.8707|67.8707
290|67.8707|67.8707
291|67.8707|67.8707
292|67.8707|67.8707
293|67.8707|67.8707
294|67.8707|67.8707
295|67.8707|67.8707
296|67.8707|67.8707
297|67.8707|67.8707
298|67.8707|67.8707
299|67.8707|67.8707
300|67.8707|67.8707
301|67.8707|67.8707
302|67.8707|67.8707
303|67.8707|67.8707
304|67.8707|67.8707
305|67.8707|67.8707
306|67.8707|67.8707
307|67.8707|67.8707
308|67.8707|67.8707
309|67.8707|67.8707
310|67.8707|67.8707
311|67.8707|67.8707
312|67.8707|67.8707
313|67.8707|67.8707
314|67.8707|67.8707
315|67.8707|67.8707
316|67.8707|67.8707
317|67.8707|67.8707
318|67.8707|67.8707
319|67.8707|67.8707
320|67.8707|67.8707
321|67.8707|67.8707
322|67.8707|67.8707
323|67.8707|67.8707
324|67.8707|67.8707
325|67.8707|67.8707
326|67.8707|67.8707
327|67.8707|67.8707
328|67.8707|67.8707
329|67.8707|67.8707
330|67.8707|67.8707
331|67.8707|67.8707
332|67.8707|67.8707
333|67.8707|67.8707
334|67.8707|67.8707
335|67.8707|67.8707
336|67.8707|67.8707
337|67.8707|67.8707
338|67.8707|67.8707
339|67.8707|67.8707
340|67.8707|67.8707
341|67.8707|67.8707
342|67.8707|67.8707
343|67.8707|67.8707
344|67.8707|67.8707
345|67.8707|67.8707
346|67.8707|67.8707
347|67.8707|67.8707
348|67.8707|67.8707
349|67.8707|67.8707
350|67.8707|67.8707
351|67.8707|67.8707
352|67.8707|67.8707
353|67.8707|67.8707
354|67.8707|67.8707
355|67.8707|67.8707
356|67.8707|67.8707
357|67.8707|67.8707
358|67.8707|67.8707
359|67.8707|67.8707
360|67.8707|67.8707
361|67.8707|67.8707
362|67.8707|67.8707
363|67.8707|67.8707
364|67.8707|67.8707
365|67.8707|67.8707
366|67.8707|67.8707
367|67.8707|67.8707
EARLY STOP: TARGET FOUND
3111243ms
