1|138.357|138.357
2|138.238|138.238
3|132.992|132.992
4|132.115|132.115
5|132.098|132.098
6|132.087|132.087
7|132.086|132.086
8|132.086|132.086
9|132.086|132.086
10|129.562|129.562
11|129.181|129.181
12|129.178|129.178
13|129.178|129.178
14|129.178|129.178
15|103.537|103.537
16|103.523|103.523
17|103.52|103.52
18|103.519|103.519
19|103.519|103.519
20|103.519|103.519
21|88.0182|88.0182
22|81.9588|81.9588
23|80.9256|80.9256
24|79.602|79.602
25|76.8601|76.8601
26|73.8065|73.8065
27|73.374|73.374
28|73.2138|73.2138
29|73.2051|73.2051
30|73.2008|73.2008
31|73.1997|73.1997
32|73.1992|73.1992
33|71.7531|71.7531
34|68.6662|68.6662
35|68.2235|68.2235
36|68.058|68.058
37|68.04|68.04
38|68.0312|68.0312
39|68.0269|68.0269
40|68.0247|68.0247
41|68.0237|68.0237
42|68.0234|68.0234
43|65.0124|65.0124
44|64.5928|64.5928
45|64.5113|64.5113
46|64.4741|64.4741
47|64.4564|64.4564
48|64.4521|64.4521
49|64.4499|64.4499
50|64.4489|64.4489
51|59.9862|59.9862
52|49.5301|49.5301
53|45.0436|45.0436
54|45.0402|45.0402
55|45.0401|45.0401
56|45.0401|45.0401
57|41.4468|41.4468
58|38.8694|38.8694
59|38.7048|38.7048
60|38.687|38.687
61|38.6782|38.6782
62|38.6739|38.6739
63|29.7467|29.7467
64|29.2569|29.2569
65|29.0671|29.0671
66|28.9863|28.9863
67|28.9494|28.9494
68|28.9319|28.9319
69|28.9298|28.9298
70|28.9296|28.9296
71|27.9625|27.9625
72|20.042|20.042
73|14.2952|14.2952
74|13.006|13.006
75|12.5709|12.5709
76|12.4094|12.4094
77|12.3919|12.3919
78|12.3897|12.3897
79|12.3897|12.3897
80|12.3897|12.3897
81|12.3897|12.3897
82|12.3897|12.3897
83|12.3897|12.3897
84|12.3897|12.3897
85|12.3897|12.3897
86|12.3897|12.3897
87|12.3897|12.3897
88|12.3897|12.3897
89|12.3897|12.3897
90|12.3897|12.3897
91|12.3897|12.3897
92|12.3897|12.3897
93|12.3897|12.3897
94|12.3897|12.3897
95|12.3897|12.3897
96|12.3897|12.3897
97|12.3897|12.3897
98|12.3897|12.3897
99|12.3897|12.3897
100|12.3897|12.3897
101|12.3897|12.3897
102|12.3897|12.3897
103|12.3897|12.3897
104|12.3897|12.3897
105|12.3897|12.3897
106|12.3897|12.3897
107|12.3897|12.3897
108|12.3897|12.3897
109|12.3897|12.3897
110|12.3897|12.3897
111|12.3897|12.3897
112|12.3897|12.3897
113|12.3897|12.3897
114|12.3897|12.3897
115|12.3897|12.3897
116|12.3897|12.3897
117|12.3897|12.3897
118|12.3897|12.3897
119|12.3897|12.3897
120|12.3897|12.3897
121|12.3897|12.3897
122|12.3897|12.3897
123|12.3897|12.3897
124|12.3897|12.3897
125|12.3897|12.3897
126|12.3897|12.3897
127|12.3897|12.3897
128|12.3897|12.3897
129|12.3897|12.3897
130|12.3897|12.3897
131|12.3897|12.3897
132|12.3897|12.3897
133|12.3897|12.3897
134|12.3897|12.3897
135|12.3897|12.3897
136|12.3897|12.3897
137|12.3897|12.3897
138|12.3897|12.3897
139|12.3897|12.3897
140|12.3897|12.3897
141|12.3897|12.3897
142|12.3897|12.3897
143|12.3897|12.3897
144|12.3897|12.3897
145|12.3897|12.3897
146|12.3897|12.3897
147|12.3897|12.3897
148|12.3897|12.3897
149|12.3897|12.3897
150|12.3897|12.3897
151|12.3897|12.3897
152|12.3897|12.3897
153|12.3897|12.3897
154|12.3897|12.3897
155|12.3897|12.3897
156|12.3897|12.3897
157|12.3897|12.3897
158|12.3897|12.3897
159|12.3897|12.3897
160|12.3897|12.3897
161|12.3897|12.3897
162|12.3897|12.3897
163|12.3897|12.3897
164|12.3897|12.3897
165|12.3897|12.3897
166|12.3897|12.3897
167|12.3897|12.3897
168|12.3897|12.3897
169|12.3897|12.3897
170|12.3897|12.3897
171|12.3897|12.3897
172|12.3897|12.3897
173|12.3897|12.3897
174|12.3897|12.3897
175|12.3897|12.3897
176|12.3897|12.3897
177|12.3897|12.3897
178|12.3897|12.3897
179|12.3897|12.3897
180|12.3897|12.3897
181|12.3897|12.3897
182|12.3897|12.3897
183|12.3897|12.3897
184|12.3897|12.3897
185|12.3897|12.3897
186|12.3897|12.3897
187|12.3897|12.3897
188|12.3897|12.3897
189|12.3897|12.3897
190|12.3897|12.3897
191|12.3897|12.3897
192|12.3897|12.3897
193|12.3897|12.3897
194|12.3897|12.3897
195|12.3897|12.3897
196|12.3897|12.3897
197|12.3897|12.3897
198|12.3897|12.3897
199|12.3897|12.3897
200|12.3897|12.3897
201|12.3897|12.3897
202|12.3897|12.3897
203|12.3897|12.3897
204|12.3897|12.3897
205|12.3897|12.3897
206|12.3897|12.3897
207|12.3897|12.3897
208|12.3897|12.3897
209|12.3897|12.3897
210|12.3897|12.3897
211|12.3897|12.3897
212|12.3897|12.3897
213|12.3897|12.3897
214|12.3897|12.3897
215|12.3897|12.3897
216|12.3897|12.3897
217|12.3897|12.3897
218|12.3897|12.3897
219|12.3897|12.3897
220|12.3897|12.3897
221|12.3897|12.3897
222|12.3897|12.3897
223|12.3897|12.3897
224|12.3897|12.3897
225|12.3897|12.3897
226|12.3897|12.3897
227|12.3897|12.3897
228|12.3897|12.3897
EARLY STOP: TARGET FOUND
267166ms
