1|606.068|606.068
2|599.192|599.192
3|598.963|598.963
4|598.931|598.931
5|598.918|598.918
6|598.916|598.916
7|598.914|598.914
8|598.914|598.914
9|598.913|598.913
10|598.913|598.913
11|598.913|598.913
12|598.913|598.913
13|583.318|583.318
14|575.731|575.731
15|575.34|575.34
16|572.892|572.892
17|572.223|572.223
18|571.571|571.571
19|567.243|567.243
20|567.235|567.235
21|567.234|567.234
22|567.233|567.233
23|567.233|567.233
24|566.562|566.562
25|563.305|563.305
26|562.809|562.809
27|562.617|562.617
28|562.534|562.534
29|562.497|562.497
30|562.479|562.479
31|562.47|562.47
32|562.466|562.466
33|562.465|562.465
34|535.505|535.505
35|535.301|535.301
36|535.258|535.258
37|535.252|535.252
38|535.251|535.251
39|517.149|517.149
40|506.748|506.748
41|502.12|502.12
42|500.903|500.903
43|500.903|500.903
44|500.697|500.697
45|500.67|500.67
46|500.667|500.667
47|500.667|500.667
48|500.666|500.666
49|500.666|500.666
50|491.599|491.599
51|488.394|488.394
52|488.325|488.325
53|488.291|488.291
54|488.275|488.275
55|488.273|488.273
56|488.272|488.272
57|485.943|485.943
58|485.907|485.907
59|485.902|485.902
60|485.901|485.901
61|485.901|485.901
62|485.9|485.9
63|481.697|481.697
64|480.834|480.834
65|480.441|480.441
66|480.394|480.394
67|480.371|480.371
68|480.368|480.368
69|455.433|455.433
70|452.058|452.058
71|451.139|451.139
72|451.101|451.101
73|451.083|451.083
74|451.074|451.074
75|451.07|451.07
76|451.068|451.068
77|451.067|451.067
78|451.067|451.067
79|451.067|451.067
80|435.524|435.524
81|428.509|428.509
82|427.861|427.861
83|425.864|425.864
84|424.379|424.379
85|421.029|421.029
86|420.126|420.126
87|420.09|420.09
88|420.072|420.072
89|420.072|420.072
90|420.072|420.072
91|410.736|410.736
92|410.278|410.278
93|410.105|410.105
94|410.067|410.067
95|410.05|410.05
96|410.041|410.041
97|410.04|410.04
98|410.039|410.039
99|410.039|410.039
100|388.391|388.391
101|388.038|388.038
102|388.033|388.033
103|388.032|388.032
104|388.032|388.032
105|367.874|367.874
106|360.096|360.096
107|352.132|352.132
108|352.099|352.099
109|352.087|352.087
110|352.081|352.081
111|352.081|352.081
112|352.081|352.081
113|333.141|333.141
114|323.528|323.528
115|317.474|317.474
116|317.046|317.046
117|316.916|316.916
118|316.91|316.91
119|316.908|316.908
120|316.908|316.908
121|316.908|316.908
122|314.155|314.155
123|292.116|292.116
124|290.847|290.847
125|290.847|290.847
126|278.942|278.942
127|278.942|278.942
128|276.069|276.069
129|275.872|275.872
130|275.868|275.868
131|275.867|275.867
132|275.866|275.866
133|275.866|275.866
134|275.866|275.866
135|275.866|275.866
136|270.59|270.59
137|254.349|254.349
138|253.815|253.815
139|253.779|253.779
140|253.777|253.777
141|253.776|253.776
142|253.776|253.776
143|239.708|239.708
144|238.19|238.19
145|237.889|237.889
146|237.751|237.751
147|237.734|237.734
148|237.73|237.73
149|237.728|237.728
150|237.727|237.727
151|237.726|237.726
152|237.103|237.103
153|237.035|237.035
154|237.002|237.002
155|236.997|236.997
156|236.996|236.996
157|236.996|236.996
158|236.996|236.996
159|234.795|234.795
160|231.612|231.612
161|231.139|231.139
162|230.958|230.958
163|230.882|230.882
164|230.865|230.865
165|230.863|230.863
166|230.861|230.861
167|230.861|230.861
168|225.163|225.163
169|211.023|211.023
170|211.003|211.003
171|210.883|210.883
172|210.877|210.877
173|210.874|210.874
174|210.874|210.874
175|210.874|210.874
176|210.811|210.811
177|210.783|210.783
178|210.771|210.771
179|210.764|210.764
180|210.761|210.761
181|210.76|210.76
182|210.76|210.76
183|185.338|185.338
184|182.589|182.589
185|181.281|181.281
186|181.28|181.28
187|181.28|181.28
188|181.28|181.28
189|179.615|179.615
190|178.96|178.96
191|178.817|178.817
192|178.749|178.749
193|178.716|178.716
194|178.714|178.714
195|178.713|178.713
196|170.758|170.758
197|167.203|167.203
198|164.364|164.364
199|163.997|163.997
200|163.979|163.979
201|163.97|163.97
202|163.966|163.966
203|163.965|163.965
204|163.964|163.964
205|163.964|163.964
206|142.225|142.225
207|141.856|141.856
208|141.821|141.821
209|126.683|126.683
210|122.762|122.762
211|121.428|121.428
212|121.411|121.411
213|121.403|121.403
214|121.402|121.402
215|96.4584|96.4584
216|93.0724|93.0724
217|92.1459|92.1459
218|92.0718|92.0718
219|92.0674|92.0674
220|92.0664|92.0664
221|92.0662|92.0662
222|92.0662|92.0662
223|92.0662|92.0662
224|92.0662|92.0662
225|92.0662|92.0662
226|92.0662|92.0662
227|92.0662|92.0662
228|92.0662|92.0662
229|92.0662|92.0662
230|92.0662|92.0662
231|92.0662|92.0662
232|92.0662|92.0662
233|92.0662|92.0662
234|92.0662|92.0662
235|92.0662|92.0662
236|92.0662|92.0662
237|92.0662|92.0662
238|92.0662|92.0662
239|92.0662|92.0662
240|92.0662|92.0662
241|92.0662|92.0662
242|92.0662|92.0662
243|92.0662|92.0662
244|92.0662|92.0662
245|92.0662|92.0662
246|92.0662|92.0662
247|92.0662|92.0662
248|92.0662|92.0662
249|92.0662|92.0662
250|92.0662|92.0662
251|92.0662|92.0662
252|92.0662|92.0662
253|92.0662|92.0662
254|92.0662|92.0662
255|92.0662|92.0662
256|92.0662|92.0662
257|92.0662|92.0662
258|92.0662|92.0662
259|92.0662|92.0662
260|92.0662|92.0662
261|92.0662|92.0662
262|92.0662|92.0662
263|92.0662|92.0662
264|92.0662|92.0662
265|92.0662|92.0662
266|92.0662|92.0662
267|92.0662|92.0662
268|92.0662|92.0662
269|92.0662|92.0662
270|92.0662|92.0662
271|92.0662|92.0662
272|92.0662|92.0662
273|92.0662|92.0662
274|92.0662|92.0662
275|92.0662|92.0662
276|92.0662|92.0662
277|92.0662|92.0662
278|92.0662|92.0662
279|92.0662|92.0662
280|92.0662|92.0662
281|92.0662|92.0662
282|92.0662|92.0662
283|92.0662|92.0662
284|92.0662|92.0662
285|92.0662|92.0662
286|92.0662|92.0662
287|92.0662|92.0662
288|92.0662|92.0662
289|92.0662|92.0662
290|92.0662|92.0662
291|92.0662|92.0662
292|92.0662|92.0662
293|92.0662|92.0662
294|92.0662|92.0662
295|92.0662|92.0662
296|92.0662|92.0662
297|92.0662|92.0662
298|92.0662|92.0662
299|92.0662|92.0662
300|92.0662|92.0662
301|92.0662|92.0662
302|92.0662|92.0662
303|92.0662|92.0662
304|92.0662|92.0662
305|92.0662|92.0662
306|92.0662|92.0662
307|92.0662|92.0662
308|92.0662|92.0662
309|92.0662|92.0662
310|92.0662|92.0662
311|92.0662|92.0662
312|92.0662|92.0662
313|92.0662|92.0662
314|92.0662|92.0662
315|92.0662|92.0662
316|92.0662|92.0662
317|92.0662|92.0662
318|92.0662|92.0662
319|92.0662|92.0662
320|92.0662|92.0662
321|92.0662|92.0662
322|92.0662|92.0662
323|92.0662|92.0662
324|92.0662|92.0662
325|92.0662|92.0662
326|92.0662|92.0662
327|92.0662|92.0662
328|92.0662|92.0662
329|92.0662|92.0662
330|92.0662|92.0662
331|92.0662|92.0662
332|92.0662|92.0662
333|92.0662|92.0662
334|92.0662|92.0662
335|92.0662|92.0662
336|92.0662|92.0662
337|92.0662|92.0662
338|92.0662|92.0662
339|92.0662|92.0662
340|92.0662|92.0662
341|92.0662|92.0662
342|92.0662|92.0662
343|92.0662|92.0662
344|92.0662|92.0662
345|92.0662|92.0662
346|92.0662|92.0662
347|92.0662|92.0662
348|92.0662|92.0662
349|92.0662|92.0662
350|92.0662|92.0662
351|92.0662|92.0662
352|92.0662|92.0662
353|92.0662|92.0662
354|92.0662|92.0662
355|92.0662|92.0662
356|92.0662|92.0662
357|92.0662|92.0662
358|92.0662|92.0662
359|92.0662|92.0662
360|92.0662|92.0662
361|92.0662|92.0662
362|92.0662|92.0662
363|92.0662|92.0662
364|92.0662|92.0662
365|92.0662|92.0662
366|92.0662|92.0662
367|92.0662|92.0662
368|92.0662|92.0662
369|92.0662|92.0662
370|92.0662|92.0662
371|92.0662|92.0662
EARLY STOP: TARGET FOUND
2927869ms
