1|-2.74945|-2.74945
2|-2.76916|-2.76916
3|-2.77348|-2.77348
4|-2.77554|-2.77554
5|-2.77605|-2.77605
6|-2.77608|-2.77608
7|-2.7761|-2.7761
8|-2.7761|-2.7761
9|-2.77612|-2.77612
10|-3.56658|-3.56658
11|-3.75025|-3.75025
12|-3.77608|-3.77608
13|-3.7761|-3.7761
14|-3.7761|-3.7761
15|-3.7761|-3.7761
16|-3.81017|-3.81017
17|-4.46431|-4.46431
18|-4.70599|-4.70599
19|-4.73486|-4.73486
20|-4.73511|-4.73511
21|-4.73512|-4.73512
22|-4.73513|-4.73513
23|-4.73513|-4.73513
24|-4.73513|-4.73513
25|-4.74802|-4.74802
26|-4.9028|-4.9028
27|-4.92197|-4.92197
28|-4.92197|-4.92197
29|-4.92393|-4.92393
30|-4.92487|-4.92487
31|-4.92533|-4.92533
32|-4.92556|-4.92556
33|-4.92756|-4.92756
34|-4.9694|-4.9694
35|-5.74954|-5.74954
36|-5.75349|-5.75349
37|-5.7643|-5.7643
38|-5.76434|-5.76434
39|-5.76434|-5.76434
40|-5.76435|-5.76435
41|-5.76435|-5.76435
42|-6.47427|-6.47427
43|-6.51529|-6.51529
44|-6.55114|-6.55114
45|-6.55262|-6.55262
46|-6.55279|-6.55279
47|-6.55281|-6.55281
48|-6.55282|-6.55282
49|-6.55283|-6.55283
50|-6.55283|-6.55283
51|-6.89856|-6.89856
52|-6.90252|-6.90252
53|-6.90252|-6.90252
54|-7.44883|-7.44883
55|-7.57943|-7.57943
56|-7.60834|-7.60834
57|-7.60847|-7.60847
58|-7.60962|-7.60962
59|-7.60975|-7.60975
60|-7.60975|-7.60975
61|-7.60975|-7.60975
62|-7.62611|-7.62611
63|-7.6895|-7.6895
64|-7.90147|-7.90147
65|-8.33664|-8.33664
66|-8.51334|-8.51334
67|-8.54039|-8.54039
68|-8.54582|-8.54582
69|-8.54645|-8.54645
70|-8.54653|-8.54653
71|-8.54657|-8.54657
72|-8.79917|-8.79917
73|-8.97221|-8.97221
74|-8.98217|-8.98217
75|-8.98697|-8.98697
76|-8.98745|-8.98745
77|-8.98768|-8.98768
78|-8.98773|-8.98773
79|-9.95798|-9.95798
80|-9.95817|-9.95817
81|-9.95821|-9.95821
82|-9.95823|-9.95823
83|-10.2729|-10.2729
84|-10.4173|-10.4173
85|-10.768|-10.768
86|-10.7998|-10.7998
87|-10.8276|-10.8276
88|-10.8289|-10.8289
89|-10.8291|-10.8291
90|-10.8291|-10.8291
91|-10.9571|-10.9571
92|-11.0527|-11.0527
93|-11.0853|-11.0853
94|-11.3382|-11.3382
95|-11.4672|-11.4672
96|-11.5251|-11.5251
97|-11.5515|-11.5515
98|-11.5639|-11.5639
99|-11.5699|-11.5699
100|-11.5706|-11.5706
101|-11.571|-11.571
102|-11.5711|-11.5711
103|-11.9242|-11.9242
104|-12.0787|-12.0787
105|-12.0821|-12.0821
106|-12.0834|-12.0834
107|-12.0837|-12.0837
108|-12.0838|-12.0838
109|-12.9774|-12.9774
110|-13.0258|-13.0258
111|-13.029|-13.029
112|-13.0293|-13.0293
113|-13.0293|-13.0293
114|-13.317|-13.317
115|-13.8808|-13.8808
116|-13.9399|-13.9399
117|-13.9566|-13.9566
118|-13.9598|-13.9598
119|-13.9601|-13.9601
120|-13.9602|-13.9602
121|-13.9603|-13.9603
122|-13.9843|-13.9843
123|-14.2955|-14.2955
124|-14.3088|-14.3088
125|-14.3304|-14.3304
126|-14.3351|-14.3351
127|-14.3356|-14.3356
128|-14.3357|-14.3357
129|-14.3358|-14.3358
130|-14.3358|-14.3358
131|-15.1402|-15.1402
132|-15.1407|-15.1407
133|-15.1519|-15.1519
134|-15.1554|-15.1554
135|-15.1567|-15.1567
136|-15.1571|-15.1571
137|-15.1574|-15.1574
138|-15.1575|-15.1575
139|-15.1575|-15.1575
140|-15.1577|-15.1577
141|-15.1634|-15.1634
142|-15.1666|-15.1666
143|-15.1669|-15.1669
144|-15.167|-15.167
145|-15.167|-15.167
146|-15.167|-15.167
147|-15.167|-15.167
148|-15.2835|-15.2835
149|-15.4806|-15.4806
150|-15.483|-15.483
151|-16.1598|-16.1598
152|-16.1602|-16.1602
153|-16.1602|-16.1602
154|-16.1602|-16.1602
155|-16.4201|-16.4201
156|-16.421|-16.421
157|-16.4211|-16.4211
158|-16.4786|-16.4786
159|-16.5891|-16.5891
160|-16.6009|-16.6009
161|-16.6119|-16.6119
162|-16.6139|-16.6139
163|-16.614|-16.614
164|-16.6141|-16.6141
165|-16.6141|-16.6141
166|-16.6141|-16.6141
167|-17.025|-17.025
168|-17.065|-17.065
169|-17.1249|-17.1249
170|-17.1254|-17.1254
171|-17.1254|-17.1254
172|-17.1254|-17.1254
173|-17.2309|-17.2309
174|-17.4534|-17.4534
175|-18.0507|-18.0507
176|-18.0826|-18.0826
177|-18.0831|-18.0831
178|-18.0831|-18.0831
179|-18.0831|-18.0831
180|-18.9252|-18.9252
181|-19.0459|-19.0459
182|-19.0479|-19.0479
183|-19.0484|-19.0484
184|-19.0485|-19.0485
185|-19.0485|-19.0485
186|-19.0485|-19.0485
187|-19.5828|-19.5828
188|-19.7704|-19.7704
189|-19.9952|-19.9952
190|-19.9953|-19.9953
191|-19.9953|-19.9953
192|-19.9953|-19.9953
193|-20.2648|-20.2648
194|-20.5918|-20.5918
195|-20.6789|-20.6789
196|-20.6816|-20.6816
197|-20.6822|-20.6822
198|-20.6826|-20.6826
199|-21.3273|-21.3273
200|-21.3344|-21.3344
201|-21.3376|-21.3376
202|-21.3392|-21.3392
203|-21.3394|-21.3394
204|-21.607|-21.607
205|-21.9167|-21.9167
206|-22.0064|-22.0064
207|-22.0165|-22.0165
208|-22.0188|-22.0188
209|-22.0191|-22.0191
210|-22.0191|-22.0191
211|-22.0191|-22.0191
212|-22.0191|-22.0191
213|-22.0191|-22.0191
214|-22.0191|-22.0191
215|-22.0191|-22.0191
216|-22.0191|-22.0191
217|-22.0191|-22.0191
218|-22.0191|-22.0191
219|-22.0191|-22.0191
220|-22.0191|-22.0191
221|-22.0191|-22.0191
222|-22.0191|-22.0191
223|-22.0191|-22.0191
224|-22.0191|-22.0191
225|-22.0191|-22.0191
226|-22.0191|-22.0191
227|-22.0191|-22.0191
228|-22.0191|-22.0191
229|-22.0191|-22.0191
230|-22.0191|-22.0191
231|-22.0191|-22.0191
232|-22.0191|-22.0191
233|-22.0191|-22.0191
234|-22.0191|-22.0191
235|-22.0191|-22.0191
236|-22.0191|-22.0191
237|-22.0191|-22.0191
238|-22.0191|-22.0191
239|-22.0191|-22.0191
240|-22.0191|-22.0191
241|-22.0191|-22.0191
242|-22.0191|-22.0191
243|-22.0191|-22.0191
244|-22.0191|-22.0191
245|-22.0191|-22.0191
246|-22.0191|-22.0191
247|-22.0191|-22.0191
248|-22.0191|-22.0191
249|-22.0191|-22.0191
250|-22.0191|-22.0191
251|-22.0191|-22.0191
252|-22.0191|-22.0191
253|-22.0191|-22.0191
254|-22.0191|-22.0191
255|-22.0191|-22.0191
256|-22.0191|-22.0191
257|-22.0191|-22.0191
258|-22.0191|-22.0191
259|-22.0191|-22.0191
260|-22.0191|-22.0191
261|-22.0191|-22.0191
262|-22.0191|-22.0191
263|-22.0191|-22.0191
264|-22.0191|-22.0191
265|-22.0191|-22.0191
266|-22.0191|-22.0191
267|-22.0191|-22.0191
268|-22.0191|-22.0191
269|-22.0191|-22.0191
270|-22.0191|-22.0191
271|-22.0191|-22.0191
272|-22.0191|-22.0191
273|-22.0191|-22.0191
274|-22.0191|-22.0191
275|-22.0191|-22.0191
276|-22.0191|-22.0191
277|-22.0191|-22.0191
278|-22.0191|-22.0191
279|-22.0191|-22.0191
280|-22.0191|-22.0191
281|-22.0191|-22.0191
282|-22.0191|-22.0191
283|-22.0191|-22.0191
284|-22.0191|-22.0191
285|-22.0191|-22.0191
286|-22.0191|-22.0191
287|-22.0191|-22.0191
288|-22.0191|-22.0191
289|-22.0191|-22.0191
290|-22.0191|-22.0191
291|-22.0191|-22.0191
292|-22.0191|-22.0191
293|-22.0191|-22.0191
294|-22.0191|-22.0191
295|-22.0191|-22.0191
296|-22.0191|-22.0191
297|-22.0191|-22.0191
298|-22.0191|-22.0191
299|-22.0191|-22.0191
300|-22.0191|-22.0191
301|-22.0191|-22.0191
302|-22.0191|-22.0191
303|-22.0191|-22.0191
304|-22.0191|-22.0191
305|-22.0191|-22.0191
306|-22.0191|-22.0191
307|-22.0191|-22.0191
308|-22.0191|-22.0191
309|-22.0191|-22.0191
310|-22.0191|-22.0191
311|-22.0191|-22.0191
312|-22.0191|-22.0191
313|-22.0191|-22.0191
314|-22.0191|-22.0191
315|-22.0191|-22.0191
316|-22.0191|-22.0191
317|-22.0191|-22.0191
318|-22.0191|-22.0191
319|-22.0191|-22.0191
320|-22.0191|-22.0191
321|-22.0191|-22.0191
322|-22.0191|-22.0191
323|-22.0191|-22.0191
324|-22.0191|-22.0191
325|-22.0191|-22.0191
326|-22.0191|-22.0191
327|-22.0191|-22.0191
328|-22.0191|-22.0191
329|-22.0191|-22.0191
330|-22.0191|-22.0191
331|-22.0191|-22.0191
332|-22.0191|-22.0191
333|-22.0191|-22.0191
334|-22.0191|-22.0191
335|-22.0191|-22.0191
336|-22.0191|-22.0191
337|-22.0191|-22.0191
338|-22.0191|-22.0191
339|-22.0191|-22.0191
340|-22.0191|-22.0191
341|-22.0191|-22.0191
342|-22.0191|-22.0191
343|-22.0191|-22.0191
344|-22.0191|-22.0191
345|-22.0191|-22.0191
346|-22.0191|-22.0191
347|-22.0191|-22.0191
348|-22.0191|-22.0191
349|-22.0191|-22.0191
350|-22.0191|-22.0191
351|-22.0191|-22.0191
352|-22.0191|-22.0191
353|-22.0191|-22.0191
354|-22.0191|-22.0191
355|-22.0191|-22.0191
356|-22.0191|-22.0191
357|-22.0191|-22.0191
358|-22.0191|-22.0191
359|-22.0191|-22.0191
EARLY STOP: TARGET FOUND
2841405ms
