1|-1.64575|-1.64575
2|-1.64607|-1.64607
3|-1.64618|-1.64618
4|-1.64621|-1.64621
5|-1.64622|-1.64622
6|-1.64623|-1.64623
7|-1.64623|-1.64623
8|-1.64623|-1.64623
9|-1.64623|-1.64623
10|-1.64623|-1.64623
11|-2.16458|-2.16458
12|-2.60138|-2.60138
13|-2.64263|-2.64263
14|-2.64579|-2.64579
15|-2.64623|-2.64623
16|-2.64623|-2.64623
17|-2.66337|-2.66337
18|-2.66337|-2.66337
19|-2.73667|-2.73667
20|-2.73675|-2.73675
21|-2.73675|-2.73675
22|-2.73676|-2.73676
23|-2.73677|-2.73677
24|-2.73678|-2.73678
25|-2.73678|-2.73678
26|-2.77385|-2.77385
27|-2.85839|-2.85839
28|-2.86493|-2.86493
29|-2.86568|-2.86568
30|-2.86604|-2.86604
31|-2.86613|-2.86613
32|-3.84594|-3.84594
33|-3.85112|-3.85112
34|-3.85133|-3.85133
35|-3.85161|-3.85161
36|-3.85171|-3.85171
37|-3.85176|-3.85176
38|-3.85178|-3.85178
39|-3.85179|-3.85179
40|-3.85179|-3.85179
41|-3.8518|-3.8518
42|-3.8518|-3.8518
43|-3.85183|-3.85183
44|-3.85683|-3.85683
45|-3.88425|-3.88425
46|-4.28314|-4.28314
47|-4.66394|-4.66394
48|-4.80237|-4.80237
49|-4.83994|-4.83994
50|-4.84919|-4.84919
51|-4.85131|-4.85131
52|-4.85174|-4.85174
53|-4.8518|-4.8518
54|-5.1891|-5.1891
55|-5.52524|-5.52524
56|-5.54627|-5.54627
57|-5.5965|-5.5965
58|-5.59669|-5.59669
59|-5.59669|-5.59669
60|-5.96659|-5.96659
61|-6.12167|-6.12167
62|-6.15668|-6.15668
63|-6.16127|-6.16127
64|-6.16127|-6.16127
65|-6.16127|-6.16127
66|-6.81501|-6.81501
67|-6.83689|-6.83689
68|-6.83699|-6.83699
69|-6.83701|-6.83701
70|-6.83702|-6.83702
71|-6.83702|-6.83702
72|-6.83702|-6.83702
73|-7.1566|-7.1566
74|-7.23241|-7.23241
75|-7.3678|-7.3678
76|-7.37838|-7.37838
77|-7.37838|-7.37838
78|-7.37838|-7.37838
79|-7.37838|-7.37838
80|-7.37838|-7.37838
81|-7.37838|-7.37838
82|-7.37838|-7.37838
83|-7.37838|-7.37838
84|-7.37838|-7.37838
85|-7.37838|-7.37838
86|-7.37838|-7.37838
87|-7.37838|-7.37838
88|-7.37838|-7.37838
89|-7.37838|-7.37838
90|-7.37838|-7.37838
91|-7.37838|-7.37838
92|-7.37838|-7.37838
93|-7.37838|-7.37838
94|-7.37838|-7.37838
95|-7.37838|-7.37838
96|-7.37838|-7.37838
97|-7.37838|-7.37838
98|-7.37838|-7.37838
99|-7.37838|-7.37838
100|-7.37838|-7.37838
101|-7.37838|-7.37838
102|-7.37838|-7.37838
103|-7.37838|-7.37838
104|-7.37838|-7.37838
105|-7.37838|-7.37838
106|-7.37838|-7.37838
107|-7.37838|-7.37838
108|-7.37838|-7.37838
109|-7.37838|-7.37838
110|-7.37838|-7.37838
111|-7.37838|-7.37838
112|-7.37838|-7.37838
113|-7.37838|-7.37838
114|-7.37838|-7.37838
115|-7.37838|-7.37838
116|-7.37838|-7.37838
117|-7.37838|-7.37838
118|-7.37838|-7.37838
119|-7.37838|-7.37838
120|-7.37838|-7.37838
121|-7.37838|-7.37838
122|-7.37838|-7.37838
123|-7.37838|-7.37838
124|-7.37838|-7.37838
125|-7.37838|-7.37838
126|-7.37838|-7.37838
127|-7.37838|-7.37838
128|-7.37838|-7.37838
129|-7.37838|-7.37838
130|-7.37838|-7.37838
131|-7.37838|-7.37838
132|-7.37838|-7.37838
133|-7.37838|-7.37838
134|-7.37838|-7.37838
135|-7.37838|-7.37838
136|-7.37838|-7.37838
137|-7.37838|-7.37838
138|-7.37838|-7.37838
139|-7.37838|-7.37838
140|-7.37838|-7.37838
141|-7.37838|-7.37838
142|-7.37838|-7.37838
143|-7.37838|-7.37838
144|-7.37838|-7.37838
145|-7.37838|-7.37838
146|-7.37838|-7.37838
147|-7.37838|-7.37838
148|-7.37838|-7.37838
149|-7.37838|-7.37838
150|-7.37838|-7.37838
151|-7.37838|-7.37838
152|-7.37838|-7.37838
153|-7.37838|-7.37838
154|-7.37838|-7.37838
155|-7.37838|-7.37838
156|-7.37838|-7.37838
157|-7.37838|-7.37838
158|-7.37838|-7.37838
159|-7.37838|-7.37838
160|-7.37838|-7.37838
161|-7.37838|-7.37838
162|-7.37838|-7.37838
163|-7.37838|-7.37838
164|-7.37838|-7.37838
165|-7.37838|-7.37838
166|-7.37838|-7.37838
167|-7.37838|-7.37838
168|-7.37838|-7.37838
169|-7.37838|-7.37838
170|-7.37838|-7.37838
171|-7.37838|-7.37838
172|-7.37838|-7.37838
173|-7.37838|-7.37838
174|-7.37838|-7.37838
175|-7.37838|-7.37838
176|-7.37838|-7.37838
177|-7.37838|-7.37838
178|-7.37838|-7.37838
179|-7.37838|-7.37838
180|-7.37838|-7.37838
181|-7.37838|-7.37838
182|-7.37838|-7.37838
183|-7.37838|-7.37838
184|-7.37838|-7.37838
185|-7.37838|-7.37838
186|-7.37838|-7.37838
187|-7.37838|-7.37838
188|-7.37838|-7.37838
189|-7.37838|-7.37838
190|-7.37838|-7.37838
191|-7.37838|-7.37838
192|-7.37838|-7.37838
193|-7.37838|-7.37838
194|-7.37838|-7.37838
195|-7.37838|-7.37838
196|-7.37838|-7.37838
197|-7.37838|-7.37838
198|-7.37838|-7.37838
199|-7.37838|-7.37838
200|-7.37838|-7.37838
201|-7.37838|-7.37838
202|-7.37838|-7.37838
203|-7.37838|-7.37838
204|-7.37838|-7.37838
205|-7.37838|-7.37838
206|-7.37838|-7.37838
207|-7.37838|-7.37838
208|-7.37838|-7.37838
209|-7.37838|-7.37838
210|-7.37838|-7.37838
211|-7.37838|-7.37838
212|-7.37838|-7.37838
213|-7.37838|-7.37838
214|-7.37838|-7.37838
215|-7.37838|-7.37838
216|-7.37838|-7.37838
217|-7.37838|-7.37838
218|-7.37838|-7.37838
219|-7.37838|-7.37838
220|-7.37838|-7.37838
221|-7.37838|-7.37838
222|-7.37838|-7.37838
223|-7.37838|-7.37838
224|-7.37838|-7.37838
225|-7.37838|-7.37838
226|-7.37838|-7.37838
EARLY STOP: TARGET FOUND
255008ms
