1|130.617|130.617
2|130.55|130.55
3|130.536|130.536
4|130.534|130.534
5|130.533|130.533
6|130.533|130.533
7|126.926|126.926
8|126.351|126.351
9|126.336|126.336
10|126.334|126.334
11|126.334|126.334
12|126.334|126.334
13|126.334|126.334
14|125.37|125.37
15|125.37|125.37
16|125.195|125.195
17|125.184|125.184
18|125.183|125.183
19|125.183|125.183
20|125.183|125.183
21|125.109|125.109
22|125.092|125.092
23|125.088|125.088
24|125.087|125.087
25|125.087|125.087
26|125.087|125.087
27|125.087|125.087
28|125.087|125.087
29|124.939|124.939
30|124.935|124.935
31|124.934|124.934
32|124.933|124.933
33|117.054|117.054
34|117.054|117.054
35|114.109|114.109
36|113.885|113.885
37|113.849|113.849
38|113.848|113.848
39|113.848|113.848
40|113.075|113.075
41|113.01|113.01
42|112.996|112.996
43|112.994|112.994
44|112.994|112.994
45|112.756|112.756
46|112.756|112.756
47|112.714|112.714
48|112.711|112.711
49|112.711|112.711
50|111.612|111.612
51|111.612|111.612
52|111.37|111.37
53|111.325|111.325
54|111.322|111.322
55|111.322|111.322
56|111.322|111.322
57|111.322|111.322
58|98.4794|98.4794
59|96.7748|96.7748
60|96.7742|96.7742
61|96.7741|96.7741
62|95.6315|95.6315
63|95.3674|95.3674
64|95.3122|95.3122
65|95.3037|95.3037
66|95.3036|95.3036
67|95.3036|95.3036
68|90.8379|90.8379
69|89.8339|89.8339
70|89.6391|89.6391
71|89.6224|89.6224
72|89.6188|89.6188
73|89.6183|89.6183
74|89.6183|89.6183
75|89.6182|89.6182
76|78.8966|78.8966
77|76.6618|76.6618
78|76.6128|76.6128
79|76.6086|76.6086
80|76.6086|76.6086
81|76.6077|76.6077
82|76.6075|76.6075
83|76.6075|76.6075
84|76.4861|76.4861
85|76.4853|76.4853
86|76.4853|76.4853
87|76.4852|76.4852
88|74.2158|74.2158
89|74.2158|74.2158
90|74.1625|74.1625
91|74.155|74.155
92|74.155|74.155
93|70.0022|70.0022
94|66.1252|66.1252
95|66.1252|66.1252
96|65.4155|65.4155
97|65.3661|65.3661
98|65.3661|65.3661
99|65.3617|65.3617
100|65.3607|65.3607
101|65.3606|65.3606
102|65.3605|65.3605
103|65.2922|65.2922
104|65.2772|65.2772
105|65.2772|65.2772
106|65.2745|65.2745
107|65.2743|65.2743
108|65.2743|65.2743
109|65.2743|65.2743
110|65.2743|65.2743
111|55.0946|55.0946
112|52.7243|52.7243
113|52.6584|52.6584
114|52.6447|52.6447
115|52.6426|52.6426
116|52.6426|52.6426
117|52.5976|52.5976
118|52.5976|52.5976
119|52.5943|52.5943
120|52.5939|52.5939
121|50.8397|50.8397
122|50.8377|50.8377
123|50.8377|50.8377
124|46.0627|46.0627
125|42.3412|42.3412
126|41.7093|41.7093
127|41.6793|41.6793
128|41.6792|41.6792
129|41.6791|41.6791
130|41.6791|41.6791
131|39.0207|39.0207
132|39.0207|39.0207
133|38.8681|38.8681
134|38.8635|38.8635
135|38.8635|38.8635
136|38.8623|38.8623
137|38.8621|38.8621
138|38.862|38.862
139|38.862|38.862
140|37.0986|37.0986
141|37.0962|37.0962
142|37.0962|37.0962
143|37.0962|37.0962
144|29.0745|29.0745
145|29.0745|29.0745
146|29.0745|29.0745
147|26.1647|26.1647
148|26.1647|26.1647
149|25.9493|25.9493
150|25.9183|25.9183
151|25.9181|25.9181
152|25.9181|25.9181
153|25.9181|25.9181
154|25.8514|25.8514
155|25.8373|25.8373
156|25.8351|25.8351
157|25.835|25.835
158|25.835|25.835
159|23.669|23.669
160|19.2953|19.2953
161|18.3373|18.3373
162|18.1654|18.1654
163|18.1654|18.1654
164|18.1545|18.1545
165|18.1545|18.1545
166|18.1537|18.1537
167|18.1537|18.1537
168|18.1537|18.1537
169|18.1537|18.1537
170|6.90209|6.90209
171|6.90209|6.90209
172|6.90209|6.90209
173|6.90209|6.90209
174|6.90209|6.90209
175|6.90209|6.90209
176|4.79977|4.79977
177|4.79977|4.79977
178|4.76738|4.76738
179|4.76693|4.76693
180|4.76693|4.76693
181|4.76693|4.76693
182|3.8132|3.8132
183|3.8132|3.8132
184|3.8132|3.8132
185|3.8132|3.8132
186|3.8132|3.8132
187|3.8132|3.8132
188|3.8132|3.8132
189|3.64353|3.64353
190|3.64353|3.64353
191|3.63312|3.63312
192|3.63312|3.63312
193|3.63251|3.63251
194|3.63251|3.63251
195|3.63249|3.63249
196|1.8921|1.8921
197|1.8921|1.8921
198|1.8921|1.8921
199|1.8909|1.8909
200|1.8909|1.8909
201|1.89061|1.89061
202|1.8906|1.8906
203|1.89053|1.89053
204|1.89053|1.89053
205|1.89051|1.89051
206|1.89051|1.89051
207|1.89051|1.89051
208|1.89051|1.89051
209|1.89051|1.89051
210|1.89051|1.89051
211|0.00901713|0.00901713
EARLY STOP: TARGET FOUND
1136620ms
