1|74.3877|74.3877
2|65.8127|65.8127
3|65.8039|65.8039
4|65.8024|65.8024
5|65.8024|65.8024
6|63.2899|63.2899
7|60.1808|60.1808
8|59.7313|59.7313
9|59.5624|59.5624
10|59.5261|59.5261
11|59.5174|59.5174
12|59.5152|59.5152
13|59.5141|59.5141
14|59.514|59.514
15|55.3254|55.3254
16|38.3238|38.3238
17|35.4508|35.4508
18|34.8642|34.8642
19|34.8151|34.8151
20|34.8054|34.8054
21|34.8045|34.8045
22|34.8043|34.8043
23|34.8043|34.8043
24|34.8043|34.8043
25|14.336|14.336
26|11.0184|11.0184
27|10.1585|10.1585
28|9.95774|9.95774
29|9.91642|9.91642
30|9.91061|9.91061
31|9.91058|9.91058
32|9.91058|9.91058
33|9.26929|9.26929
34|9.23599|9.23599
35|9.22306|9.22306
36|9.21752|9.21752
37|9.21623|9.21623
38|9.21592|9.21592
39|9.21576|9.21576
40|9.21568|9.21568
41|9.21568|9.21568
42|9.21568|9.21568
43|9.21568|9.21568
44|9.21568|9.21568
45|9.21568|9.21568
46|9.21568|9.21568
47|9.21568|9.21568
48|9.21568|9.21568
49|9.21568|9.21568
50|9.21568|9.21568
51|9.21568|9.21568
52|9.21568|9.21568
53|9.21568|9.21568
54|9.21568|9.21568
55|9.21568|9.21568
56|9.21568|9.21568
57|9.21568|9.21568
58|9.21568|9.21568
59|9.21568|9.21568
60|9.21568|9.21568
61|9.21568|9.21568
62|9.21568|9.21568
63|9.21568|9.21568
64|9.21568|9.21568
65|9.21568|9.21568
66|9.21568|9.21568
67|9.21568|9.21568
68|9.21568|9.21568
69|9.21568|9.21568
70|9.21568|9.21568
71|9.21568|9.21568
72|9.21568|9.21568
73|9.21568|9.21568
74|9.21568|9.21568
75|9.21568|9.21568
76|9.21568|9.21568
77|9.21568|9.21568
78|9.21568|9.21568
79|9.21568|9.21568
80|9.21568|9.21568
81|9.21568|9.21568
82|9.21568|9.21568
83|9.21568|9.21568
84|9.21568|9.21568
85|9.21568|9.21568
86|9.21568|9.21568
87|9.21568|9.21568
88|9.21568|9.21568
89|9.21568|9.21568
90|9.21568|9.21568
91|9.21568|9.21568
92|9.21568|9.21568
93|9.21568|9.21568
94|9.21568|9.21568
95|9.21568|9.21568
96|9.21568|9.21568
97|9.21568|9.21568
98|9.21568|9.21568
99|9.21568|9.21568
100|9.21568|9.21568
101|9.21568|9.21568
102|9.21568|9.21568
103|9.21568|9.21568
104|9.21568|9.21568
105|9.21568|9.21568
106|9.21568|9.21568
107|9.21568|9.21568
108|9.21568|9.21568
109|9.21568|9.21568
110|9.21568|9.21568
111|9.21568|9.21568
112|9.21568|9.21568
113|9.21568|9.21568
114|9.21568|9.21568
115|9.21568|9.21568
116|9.21568|9.21568
117|9.21568|9.21568
118|9.21568|9.21568
119|9.21568|9.21568
120|9.21568|9.21568
121|9.21568|9.21568
122|9.21568|9.21568
123|9.21568|9.21568
124|9.21568|9.21568
125|9.21568|9.21568
126|9.21568|9.21568
127|9.21568|9.21568
128|9.21568|9.21568
129|9.21568|9.21568
130|9.21568|9.21568
131|9.21568|9.21568
132|9.21568|9.21568
133|9.21568|9.21568
134|9.21568|9.21568
135|9.21568|9.21568
136|9.21568|9.21568
137|9.21568|9.21568
138|9.21568|9.21568
139|9.21568|9.21568
140|9.21568|9.21568
141|9.21568|9.21568
142|9.21568|9.21568
143|9.21568|9.21568
144|9.21568|9.21568
145|9.21568|9.21568
146|9.21568|9.21568
147|9.21568|9.21568
148|9.21568|9.21568
149|9.21568|9.21568
150|9.21568|9.21568
151|9.21568|9.21568
152|9.21568|9.21568
153|9.21568|9.21568
154|9.21568|9.21568
155|9.21568|9.21568
156|9.21568|9.21568
157|9.21568|9.21568
158|9.21568|9.21568
159|9.21568|9.21568
160|9.21568|9.21568
161|9.21568|9.21568
162|9.21568|9.21568
163|9.21568|9.21568
164|9.21568|9.21568
165|9.21568|9.21568
166|9.21568|9.21568
167|9.21568|9.21568
168|9.21568|9.21568
169|9.21568|9.21568
170|9.21568|9.21568
171|9.21568|9.21568
172|9.21568|9.21568
173|9.21568|9.21568
174|9.21568|9.21568
175|9.21568|9.21568
176|9.21568|9.21568
177|9.21568|9.21568
178|9.21568|9.21568
179|9.21568|9.21568
180|9.21568|9.21568
181|9.21568|9.21568
182|9.21568|9.21568
183|9.21568|9.21568
184|9.21568|9.21568
185|9.21568|9.21568
186|9.21568|9.21568
187|9.21568|9.21568
188|9.21568|9.21568
189|9.21568|9.21568
190|9.21568|9.21568
EARLY STOP: TARGET FOUND
66832ms
