1|25.5396|25.5396
2|9.7975|9.7975
3|-19.5275|-19.5275
4|-37.3915|-37.3915
5|-46.2147|-46.2147
6|-50.5964|-50.5964
7|-52.7801|-52.7801
8|-53.8693|-53.8693
9|-54.1415|-54.1415
10|-54.1757|-54.1757
11|-54.1928|-54.1928
12|-54.2014|-54.2014
13|-54.2034|-54.2034
14|-54.2041|-54.2041
15|-181.584|-181.584
16|-290.975|-290.975
17|-291.741|-291.741
18|-291.894|-291.894
19|-291.966|-291.966
20|-292|-292
21|-292.008|-292.008
22|-292.008|-292.008
23|-292.008|-292.008
24|-356.545|-356.545
25|-487.723|-487.723
26|-528.17|-528.17
27|-543.266|-543.266
28|-549.454|-549.454
29|-552.2|-552.2
30|-553.486|-553.486
31|-554.107|-554.107
32|-554.111|-554.111
33|-554.112|-554.112
34|-554.112|-554.112
35|-554.112|-554.112
36|-597.177|-597.177
37|-834.185|-834.185
38|-951.363|-951.363
39|-1009.07|-1009.07
40|-1009.83|-1009.83
41|-1017.13|-1017.13
42|-1017.13|-1017.13
43|-1017.13|-1017.13
44|-1148.29|-1148.29
45|-1213.3|-1213.3
46|-1536.3|-1536.3
47|-1546.41|-1546.41
48|-1658.71|-1658.71
49|-1658.74|-1658.74
50|-1842.63|-1842.63
51|-2264.6|-2264.6
52|-2271.81|-2271.81
53|-2271.81|-2271.81
54|-2316.2|-2316.2
55|-2445.05|-2445.05
56|-2463.71|-2463.71
57|-2569.95|-2569.95
58|-2569.98|-2569.98
59|-2570.09|-2570.09
60|-2570.09|-2570.09
61|-2570.09|-2570.09
62|-2585.34|-2585.34
63|-2591.61|-2591.61
64|-2594.4|-2594.4
65|-2595.7|-2595.7
66|-2596.33|-2596.33
67|-2596.64|-2596.64
68|-2596.72|-2596.72
69|-2596.76|-2596.76
70|-2596.77|-2596.77
71|-2596.77|-2596.77
72|-2596.77|-2596.77
73|-2597.08|-2597.08
74|-2686.48|-2686.48
75|-2744.87|-2744.87
76|-2787.12|-2787.12
77|-2862.73|-2862.73
78|-2868.24|-2868.24
79|-2868.86|-2868.86
80|-2868.94|-2868.94
81|-2868.95|-2868.95
82|-2868.95|-2868.95
83|-2868.95|-2868.95
84|-2999.6|-2999.6
85|-3216.67|-3216.67
86|-3325|-3325
87|-3325.03|-3325.03
88|-3325.03|-3325.03
89|-3325.03|-3325.03
90|-3325.03|-3325.03
91|-3325.03|-3325.03
92|-3325.03|-3325.03
93|-3325.03|-3325.03
94|-3325.03|-3325.03
95|-3325.03|-3325.03
96|-3325.03|-3325.03
97|-3325.03|-3325.03
98|-3325.03|-3325.03
99|-3325.03|-3325.03
100|-3325.03|-3325.03
101|-3325.03|-3325.03
102|-3325.03|-3325.03
103|-3325.03|-3325.03
104|-3325.03|-3325.03
105|-3325.03|-3325.03
106|-3325.03|-3325.03
107|-3325.03|-3325.03
108|-3325.03|-3325.03
109|-3325.03|-3325.03
110|-3325.03|-3325.03
111|-3325.03|-3325.03
112|-3325.03|-3325.03
113|-3325.03|-3325.03
114|-3325.03|-3325.03
115|-3325.03|-3325.03
116|-3325.03|-3325.03
117|-3325.03|-3325.03
118|-3325.03|-3325.03
119|-3325.03|-3325.03
120|-3325.03|-3325.03
121|-3325.03|-3325.03
122|-3325.03|-3325.03
123|-3325.03|-3325.03
124|-3325.03|-3325.03
125|-3325.03|-3325.03
126|-3325.03|-3325.03
127|-3325.03|-3325.03
128|-3325.03|-3325.03
129|-3325.03|-3325.03
130|-3325.03|-3325.03
131|-3325.03|-3325.03
132|-3325.03|-3325.03
133|-3325.03|-3325.03
134|-3325.03|-3325.03
135|-3325.03|-3325.03
136|-3325.03|-3325.03
137|-3325.03|-3325.03
138|-3325.03|-3325.03
139|-3325.03|-3325.03
140|-3325.03|-3325.03
141|-3325.03|-3325.03
142|-3325.03|-3325.03
143|-3325.03|-3325.03
144|-3325.03|-3325.03
145|-3325.03|-3325.03
146|-3325.03|-3325.03
147|-3325.03|-3325.03
148|-3325.03|-3325.03
149|-3325.03|-3325.03
150|-3325.03|-3325.03
151|-3325.03|-3325.03
152|-3325.03|-3325.03
153|-3325.03|-3325.03
154|-3325.03|-3325.03
155|-3325.03|-3325.03
156|-3325.03|-3325.03
157|-3325.03|-3325.03
158|-3325.03|-3325.03
159|-3325.03|-3325.03
160|-3325.03|-3325.03
161|-3325.03|-3325.03
162|-3325.03|-3325.03
163|-3325.03|-3325.03
164|-3325.03|-3325.03
165|-3325.03|-3325.03
166|-3325.03|-3325.03
167|-3325.03|-3325.03
168|-3325.03|-3325.03
169|-3325.03|-3325.03
170|-3325.03|-3325.03
171|-3325.03|-3325.03
172|-3325.03|-3325.03
173|-3325.03|-3325.03
174|-3325.03|-3325.03
175|-3325.03|-3325.03
176|-3325.03|-3325.03
177|-3325.03|-3325.03
178|-3325.03|-3325.03
179|-3325.03|-3325.03
180|-3325.03|-3325.03
181|-3325.03|-3325.03
182|-3325.03|-3325.03
183|-3325.03|-3325.03
184|-3325.03|-3325.03
185|-3325.03|-3325.03
186|-3325.03|-3325.03
187|-3325.03|-3325.03
188|-3325.03|-3325.03
189|-3325.03|-3325.03
190|-3325.03|-3325.03
191|-3325.03|-3325.03
192|-3325.03|-3325.03
193|-3325.03|-3325.03
194|-3325.03|-3325.03
195|-3325.03|-3325.03
196|-3325.03|-3325.03
197|-3325.03|-3325.03
198|-3325.03|-3325.03
199|-3325.03|-3325.03
200|-3325.03|-3325.03
201|-3325.03|-3325.03
202|-3325.03|-3325.03
203|-3325.03|-3325.03
204|-3325.03|-3325.03
205|-3325.03|-3325.03
206|-3325.03|-3325.03
207|-3325.03|-3325.03
208|-3325.03|-3325.03
209|-3325.03|-3325.03
210|-3325.03|-3325.03
211|-3325.03|-3325.03
212|-3325.03|-3325.03
213|-3325.03|-3325.03
214|-3325.03|-3325.03
215|-3325.03|-3325.03
216|-3325.03|-3325.03
217|-3325.03|-3325.03
218|-3325.03|-3325.03
219|-3325.03|-3325.03
220|-3325.03|-3325.03
221|-3325.03|-3325.03
222|-3325.03|-3325.03
223|-3325.03|-3325.03
224|-3325.03|-3325.03
225|-3325.03|-3325.03
226|-3325.03|-3325.03
227|-3325.03|-3325.03
228|-3325.03|-3325.03
229|-3325.03|-3325.03
230|-3325.03|-3325.03
231|-3325.03|-3325.03
232|-3325.03|-3325.03
233|-3325.03|-3325.03
234|-3325.03|-3325.03
235|-3325.03|-3325.03
236|-3325.03|-3325.03
237|-3325.03|-3325.03
238|-3325.03|-3325.03
239|-3325.03|-3325.03
240|-3325.03|-3325.03
EARLY STOP: TARGET FOUND
383929ms
