1|556.521|556.521
2|552.489|552.489
3|551.471|551.471
4|547.07|547.07
5|545.729|545.729
6|545.727|545.727
7|543.826|543.826
8|543.826|543.826
9|543.73|543.73
10|543.729|543.729
11|543.729|543.729
12|538.26|538.26
13|532.448|532.448
14|530.164|530.164
15|530.147|530.147
16|530.146|530.146
17|528.309|528.309
18|526.529|526.529
19|523.247|523.247
20|522.388|522.388
21|522.379|522.379
22|522.377|522.377
23|507.523|507.523
24|498.985|498.985
25|498.275|498.275
26|497.969|497.969
27|497.828|497.828
28|497.794|497.794
29|497.777|497.777
30|497.769|497.769
31|497.765|497.765
32|497.763|497.763
33|497.762|497.762
34|497.762|497.762
35|487.798|487.798
36|487.068|487.068
37|483.18|483.18
38|480.413|480.413
39|480.221|480.221
40|480.139|480.139
41|480.101|480.101
42|480.084|480.084
43|480.075|480.075
44|480.074|480.074
45|480.073|480.073
46|480.073|480.073
47|464.942|464.942
48|461.035|461.035
49|459.713|459.713
50|459.711|459.711
51|459.71|459.71
52|439.882|439.882
53|437.813|437.813
54|437.672|437.672
55|437.661|437.661
56|437.659|437.659
57|437.659|437.659
58|437.444|437.444
59|437.395|437.395
60|437.386|437.386
61|437.385|437.385
62|437.385|437.385
63|437.385|437.385
64|416.361|416.361
65|410.347|410.347
66|401.109|401.109
67|401.108|401.108
68|401.105|401.105
69|401.104|401.104
70|401.104|401.104
71|401.104|401.104
72|401.104|401.104
73|392.31|392.31
74|390.835|390.835
75|390.546|390.546
76|390.512|390.512
77|390.495|390.495
78|390.487|390.487
79|390.485|390.485
80|390.484|390.484
81|388.105|388.105
82|387.035|387.035
83|385.776|385.776
84|382.913|382.913
85|379.889|379.889
86|379.465|379.465
87|379.382|379.382
88|379.345|379.345
89|379.327|379.327
90|379.318|379.318
91|379.314|379.314
92|379.313|379.313
93|379.312|379.312
94|379.312|379.312
95|379.312|379.312
96|358.398|358.398
97|358.361|358.361
98|358.343|358.343
99|358.339|358.339
100|358.337|358.337
101|358.336|358.336
102|358.336|358.336
103|356.91|356.91
104|356.768|356.768
105|356.7|356.7
106|356.683|356.683
107|356.679|356.679
108|356.679|356.679
109|342.612|342.612
110|333.562|333.562
111|331.786|331.786
112|331.065|331.065
113|330.752|330.752
114|330.608|330.608
115|330.54|330.54
116|330.506|330.506
117|330.498|330.498
118|330.494|330.494
119|330.492|330.492
120|330.491|330.491
121|330.49|330.49
122|324.717|324.717
123|310.85|310.85
124|310.844|310.844
125|310.844|310.844
126|306.438|306.438
127|304.692|304.692
128|303.989|303.989
129|303.686|303.686
130|303.547|303.547
131|303.514|303.514
132|303.51|303.51
133|303.509|303.509
134|292.368|292.368
135|292.235|292.235
136|292.031|292.031
137|292.005|292.005
138|292.004|292.004
139|292.003|292.003
140|292.003|292.003
141|292.003|292.003
142|282.013|282.013
143|281.934|281.934
144|281.747|281.747
145|281.74|281.74
146|281.739|281.739
147|281.739|281.739
148|281.739|281.739
149|281.739|281.739
150|280.678|280.678
151|280.678|280.678
152|280.504|280.504
153|280.467|280.467
154|280.449|280.449
155|280.44|280.44
156|280.436|280.436
157|280.435|280.435
158|280.435|280.435
159|268.646|268.646
160|265.644|265.644
161|265.482|265.482
162|265.473|265.473
163|265.47|265.47
164|265.469|265.469
165|265.468|265.468
166|265.468|265.468
167|265.468|265.468
168|241.96|241.96
169|230.34|230.34
170|229.728|229.728
171|229.668|229.668
172|229.667|229.667
173|229.667|229.667
174|229.667|229.667
175|225.518|225.518
176|224.668|224.668
177|224.472|224.472
178|224.377|224.377
179|224.33|224.33
180|224.306|224.306
181|224.306|224.306
182|207.289|207.289
183|196.621|196.621
184|194.07|194.07
185|193.585|193.585
186|192.731|192.731
187|188.509|188.509
188|188.493|188.493
189|188.493|188.493
190|188.493|188.493
191|167.424|167.424
192|167.424|167.424
193|161.511|161.511
194|152.209|152.209
195|152.204|152.204
196|152.202|152.202
197|152.201|152.201
198|152.201|152.201
199|135.154|135.154
200|135.154|135.154
201|129.043|129.043
202|127.662|127.662
203|127.176|127.176
204|126.988|126.988
205|126.908|126.908
206|126.872|126.872
207|126.863|126.863
208|126.861|126.861
209|126.86|126.86
210|126.86|126.86
211|126.859|126.859
212|110.486|110.486
213|101.784|101.784
214|100.755|100.755
215|100.589|100.589
216|100.554|100.554
217|100.554|100.554
218|100.524|100.524
219|100.518|100.518
220|100.515|100.515
221|100.514|100.514
222|100.513|100.513
223|100.513|100.513
224|100.513|100.513
225|100.513|100.513
226|94.541|94.541
227|82.6542|82.6542
228|82.6164|82.6164
229|82.5984|82.5984
230|82.5896|82.5896
231|82.5853|82.5853
232|82.5832|82.5832
233|82.5821|82.5821
234|82.5821|82.5821
235|82.5821|82.5821
236|82.5821|82.5821
237|82.5821|82.5821
238|82.5821|82.5821
239|82.5821|82.5821
240|82.5821|82.5821
241|82.5821|82.5821
242|82.5821|82.5821
243|82.5821|82.5821
244|82.5821|82.5821
245|82.5821|82.5821
246|82.5821|82.5821
247|82.5821|82.5821
248|82.5821|82.5821
249|82.5821|82.5821
250|82.5821|82.5821
251|82.5821|82.5821
252|82.5821|82.5821
253|82.5821|82.5821
254|82.5821|82.5821
255|82.5821|82.5821
256|82.5821|82.5821
257|82.5821|82.5821
258|82.5821|82.5821
259|82.5821|82.5821
260|82.5821|82.5821
261|82.5821|82.5821
262|82.5821|82.5821
263|82.5821|82.5821
264|82.5821|82.5821
265|82.5821|82.5821
266|82.5821|82.5821
267|82.5821|82.5821
268|82.5821|82.5821
269|82.5821|82.5821
270|82.5821|82.5821
271|82.5821|82.5821
272|82.5821|82.5821
273|82.5821|82.5821
274|82.5821|82.5821
275|82.5821|82.5821
276|82.5821|82.5821
277|82.5821|82.5821
278|82.5821|82.5821
279|82.5821|82.5821
280|82.5821|82.5821
281|82.5821|82.5821
282|82.5821|82.5821
283|82.5821|82.5821
284|82.5821|82.5821
285|82.5821|82.5821
286|82.5821|82.5821
287|82.5821|82.5821
288|82.5821|82.5821
289|82.5821|82.5821
290|82.5821|82.5821
291|82.5821|82.5821
292|82.5821|82.5821
293|82.5821|82.5821
294|82.5821|82.5821
295|82.5821|82.5821
296|82.5821|82.5821
297|82.5821|82.5821
298|82.5821|82.5821
299|82.5821|82.5821
300|82.5821|82.5821
301|82.5821|82.5821
302|82.5821|82.5821
303|82.5821|82.5821
304|82.5821|82.5821
305|82.5821|82.5821
306|82.5821|82.5821
307|82.5821|82.5821
308|82.5821|82.5821
309|82.5821|82.5821
310|82.5821|82.5821
311|82.5821|82.5821
312|82.5821|82.5821
313|82.5821|82.5821
314|82.5821|82.5821
315|82.5821|82.5821
316|82.5821|82.5821
317|82.5821|82.5821
318|82.5821|82.5821
319|82.5821|82.5821
320|82.5821|82.5821
321|82.5821|82.5821
322|82.5821|82.5821
323|82.5821|82.5821
324|82.5821|82.5821
325|82.5821|82.5821
326|82.5821|82.5821
327|82.5821|82.5821
328|82.5821|82.5821
329|82.5821|82.5821
330|82.5821|82.5821
331|82.5821|82.5821
332|82.5821|82.5821
333|82.5821|82.5821
334|82.5821|82.5821
335|82.5821|82.5821
336|82.5821|82.5821
337|82.5821|82.5821
338|82.5821|82.5821
339|82.5821|82.5821
340|82.5821|82.5821
341|82.5821|82.5821
342|82.5821|82.5821
343|82.5821|82.5821
344|82.5821|82.5821
345|82.5821|82.5821
346|82.5821|82.5821
347|82.5821|82.5821
348|82.5821|82.5821
349|82.5821|82.5821
350|82.5821|82.5821
351|82.5821|82.5821
352|82.5821|82.5821
353|82.5821|82.5821
354|82.5821|82.5821
355|82.5821|82.5821
356|82.5821|82.5821
357|82.5821|82.5821
358|82.5821|82.5821
359|82.5821|82.5821
360|82.5821|82.5821
361|82.5821|82.5821
362|82.5821|82.5821
363|82.5821|82.5821
364|82.5821|82.5821
365|82.5821|82.5821
366|82.5821|82.5821
367|82.5821|82.5821
368|82.5821|82.5821
369|82.5821|82.5821
370|82.5821|82.5821
371|82.5821|82.5821
372|82.5821|82.5821
373|82.5821|82.5821
374|82.5821|82.5821
375|82.5821|82.5821
376|82.5821|82.5821
377|82.5821|82.5821
378|82.5821|82.5821
379|82.5821|82.5821
380|82.5821|82.5821
381|82.5821|82.5821
382|82.5821|82.5821
383|82.5821|82.5821
EARLY STOP: TARGET FOUND
3086223ms
