1|310.342|310.342
2|307.505|307.505
3|307.307|307.307
4|307.29|307.29
5|307.286|307.286
6|307.285|307.285
7|307.285|307.285
8|303.943|303.943
9|303.943|303.943
10|303.5|303.5
11|303.5|303.5
12|303.5|303.5
13|283.267|283.267
14|282.996|282.996
15|282.937|282.937
16|282.927|282.927
17|282.926|282.926
18|282.163|282.163
19|282.1|282.1
20|282.1|282.1
21|282.088|282.088
22|282.087|282.087
23|282.087|282.087
24|282.087|282.087
25|260.731|260.731
26|260.53|260.53
27|260.511|260.511
28|260.507|260.507
29|260.506|260.506
30|260.506|260.506
31|251.608|251.608
32|251.608|251.608
33|251.608|251.608
34|248.917|248.917
35|248.757|248.757
36|248.748|248.748
37|248.748|248.748
38|224.284|224.284
39|224.255|224.255
40|224.254|224.254
41|224.254|224.254
42|222.248|222.248
43|217.834|217.834
44|216.856|216.856
45|216.675|216.675
46|216.661|216.661
47|216.659|216.659
48|216.659|216.659
49|211.915|211.915
50|208.186|208.186
51|207.55|207.55
52|207.519|207.519
53|207.519|207.519
54|207.519|207.519
55|198.634|198.634
56|195.94|195.94
57|195.778|195.778
58|195.77|195.77
59|195.77|195.77
60|195.59|195.59
61|195.59|195.59
62|195.578|195.578
63|195.578|195.578
64|195.576|195.576
65|195.562|195.562
66|195.56|195.56
67|195.56|195.56
68|195.56|195.56
69|178.435|178.435
70|177.708|177.708
71|177.655|177.655
72|177.647|177.647
73|177.647|177.647
74|177.358|177.358
75|177.358|177.358
76|177.29|177.29
77|177.275|177.275
78|177.273|177.273
79|177.273|177.273
80|174.858|174.858
81|174.786|174.786
82|174.786|174.786
83|174.77|174.77
84|174.766|174.766
85|174.766|174.766
86|174.766|174.766
87|172.989|172.989
88|172.987|172.987
89|172.986|172.986
90|172.986|172.986
91|169.652|169.652
92|169.214|169.214
93|169.213|169.213
94|166.675|166.675
95|166.553|166.553
96|166.552|166.552
97|166.552|166.552
98|147.968|147.968
99|147.424|147.424
100|147.424|147.424
101|147.414|147.414
102|147.413|147.413
103|147.413|147.413
104|147.413|147.413
105|125.434|125.434
106|125.272|125.272
107|125.263|125.263
108|125.263|125.263
109|125.263|125.263
110|125.263|125.263
111|104.45|104.45
112|104.45|104.45
113|104.214|104.214
114|104.174|104.174
115|104.171|104.171
116|104.171|104.171
117|104.171|104.171
118|104.171|104.171
119|79.5231|79.5231
120|79.505|79.505
121|79.505|79.505
122|79.5008|79.5008
123|79.4999|79.4999
124|79.4997|79.4997
125|79.4997|79.4997
126|77.6602|77.6602
127|77.6555|77.6555
128|77.6544|77.6544
129|77.6541|77.6541
130|77.654|77.654
131|77.654|77.654
132|66.6463|66.6463
133|64.483|64.483
134|64.443|64.443
135|64.441|64.441
136|64.441|64.441
137|51.7413|51.7413
138|51.7413|51.7413
139|50.001|50.001
140|50.001|50.001
141|49.9998|49.9998
142|49.9995|49.9995
143|49.9994|49.9994
144|49.9994|49.9994
145|49.9994|49.9994
146|49.9994|49.9994
147|47.6538|47.6538
148|47.591|47.591
149|47.591|47.591
150|47.5788|47.5788
151|47.5788|47.5788
152|47.5777|47.5777
153|47.5775|47.5775
154|47.5775|47.5775
155|26.3415|26.3415
156|26.3415|26.3415
157|26.1327|26.1327
158|26.1051|26.1051
159|26.1051|26.1051
160|26.1051|26.1051
161|1.948|1.948
162|1.948|1.948
163|1.948|1.948
164|1.948|1.948
165|1.948|1.948
166|1.94799|1.94799
167|1.94799|1.94799
168|1.94799|1.94799
169|1.94799|1.94799
170|1.94799|1.94799
171|1.94799|1.94799
172|1.94799|1.94799
173|1.94799|1.94799
174|1.94799|1.94799
175|1.94799|1.94799
176|1.94799|1.94799
177|1.94799|1.94799
178|1.94799|1.94799
179|1.94799|1.94799
180|1.94799|1.94799
181|1.94799|1.94799
182|1.94799|1.94799
183|1.94799|1.94799
184|1.94799|1.94799
185|1.94799|1.94799
186|1.94799|1.94799
187|1.94799|1.94799
188|1.94799|1.94799
189|1.94799|1.94799
190|1.94799|1.94799
191|1.94799|1.94799
192|1.94799|1.94799
193|1.94799|1.94799
194|1.94798|1.94798
195|1.94798|1.94798
196|1.90929|1.90929
197|1.90762|1.90762
198|1.90762|1.90762
199|1.90762|1.90762
200|0.113378|0.113378
201|0.113378|0.113378
202|0.113378|0.113378
203|0.113378|0.113378
204|0.113378|0.113378
205|0.113378|0.113378
206|0.113378|0.113378
207|0.113378|0.113378
208|0.113378|0.113378
209|0.113378|0.113378
210|0.113378|0.113378
211|0.113378|0.113378
212|0.113378|0.113378
213|0.113378|0.113378
214|0.113378|0.113378
215|0.113378|0.113378
216|0.113378|0.113378
217|0.113378|0.113378
218|0.113378|0.113378
219|0.113378|0.113378
220|0.113378|0.113378
221|0.113378|0.113378
222|0.113378|0.113378
223|0.113378|0.113378
224|0.113378|0.113378
225|0.113377|0.113377
226|0.113377|0.113377
227|0.110108|0.110108
228|0.109673|0.109673
229|0.109673|0.109673
230|0.109672|0.109672
231|0.109672|0.109672
232|0.109672|0.109672
233|0.109672|0.109672
234|0.000124741|0.000124741
EARLY STOP: TARGET FOUND
1218080ms
