1|602.762|602.762
2|598.323|598.323
3|595.694|595.694
4|595.521|595.521
5|595.484|595.484
6|595.467|595.467
7|595.462|595.462
8|595.461|595.461
9|595.461|595.461
10|595.461|595.461
11|575.034|575.034
12|571.696|571.696
13|570.823|570.823
14|570.616|570.616
15|570.571|570.571
16|570.564|570.564
17|570.564|570.564
18|557.846|557.846
19|554.522|554.522
20|548.397|548.397
21|547.389|547.389
22|546.022|546.022
23|543.362|543.362
24|540.289|540.289
25|539.85|539.85
26|539.687|539.687
27|539.669|539.669
28|539.66|539.66
29|539.66|539.66
30|517.646|517.646
31|517.229|517.229
32|517.149|517.149
33|517.112|517.112
34|517.094|517.094
35|517.092|517.092
36|517.092|517.092
37|517.092|517.092
38|514.471|514.471
39|513.119|513.119
40|513.117|513.117
41|513.117|513.117
42|513.117|513.117
43|496.126|496.126
44|485.465|485.465
45|482.966|482.966
46|482.387|482.387
47|481.637|481.637
48|477.36|477.36
49|477.348|477.348
50|477.348|477.348
51|477.348|477.348
52|461.428|461.428
53|461.025|461.025
54|461.019|461.019
55|461.019|461.019
56|461.019|461.019
57|450.794|450.794
58|449.368|449.368
59|446.068|446.068
60|445.197|445.197
61|445.18|445.18
62|445.175|445.175
63|445.175|445.175
64|436.059|436.059
65|433.351|433.351
66|430.556|430.556
67|430.202|430.202
68|430.198|430.198
69|430.196|430.196
70|430.194|430.194
71|430.194|430.194
72|430.194|430.194
73|406.347|406.347
74|405.825|405.825
75|405.793|405.793
76|405.791|405.791
77|405.791|405.791
78|403.669|403.669
79|402.15|402.15
80|402.136|402.136
81|402.136|402.136
82|373.276|373.276
83|373.276|373.276
84|373.276|373.276
85|371.509|371.509
86|364.171|364.171
87|363.665|363.665
88|363.665|363.665
89|361.418|361.418
90|360.388|360.388
91|360.13|360.13
92|355.598|355.598
93|355.596|355.596
94|355.596|355.596
95|355.596|355.596
96|346.243|346.243
97|345.313|345.313
98|345.239|345.239
99|345.234|345.234
100|345.232|345.232
101|345.231|345.231
102|345.231|345.231
103|345.23|345.23
104|345.23|345.23
105|326.711|326.711
106|325.18|325.18
107|321.902|321.902
108|321.045|321.045
109|321.036|321.036
110|321.036|321.036
111|304.848|304.848
112|294.963|294.963
113|294.351|294.351
114|290.233|290.233
115|287.525|287.525
116|287.342|287.342
117|287.264|287.264
118|287.246|287.246
119|287.238|287.238
120|287.233|287.233
121|287.233|287.233
122|277.427|277.427
123|271.653|271.653
124|271.069|271.069
125|270.978|270.978
126|270.978|270.978
127|269.319|269.319
128|269.297|269.297
129|269.29|269.29
130|269.288|269.288
131|269.288|269.288
132|269.288|269.288
133|269.288|269.288
134|268.117|268.117
135|267.306|267.306
136|267.259|267.259
137|267.235|267.235
138|267.233|267.233
139|267.232|267.232
140|259.597|259.597
141|259.228|259.228
142|256.74|256.74
143|256.142|256.142
144|255.412|255.412
145|251.125|251.125
146|251.114|251.114
147|251.113|251.113
148|251.113|251.113
149|251.113|251.113
150|237.291|237.291
151|237.287|237.287
152|237.286|237.286
153|237.286|237.286
154|237.286|237.286
155|237.286|237.286
156|214.128|214.128
157|213.431|213.431
158|213.315|213.315
159|213.312|213.312
160|213.311|213.311
161|213.311|213.311
162|213.311|213.311
163|195.045|195.045
164|192.794|192.794
165|189.666|189.666
166|189.21|189.21
167|189.039|189.039
168|189.001|189.001
169|188.984|188.984
170|188.98|188.98
171|188.978|188.978
172|188.978|188.978
173|187.52|187.52
174|168.414|168.414
175|168.413|168.413
176|168.413|168.413
177|168.413|168.413
178|156.966|156.966
179|156.966|156.966
180|150.116|150.116
181|147.353|147.353
182|147.162|147.162
183|147.139|147.139
184|147.127|147.127
185|147.121|147.121
186|147.12|147.12
187|147.119|147.119
188|147.118|147.118
189|147.085|147.085
190|147.082|147.082
191|147.082|147.082
192|147.082|147.082
193|145.034|145.034
194|121.498|121.498
195|120.894|120.894
196|120.84|120.84
197|120.828|120.828
198|120.826|120.826
199|120.825|120.825
200|120.825|120.825
201|113.594|113.594
202|111.249|111.249
203|110.862|110.862
204|110.85|110.85
205|110.847|110.847
206|110.846|110.846
207|105.528|105.528
208|103.44|103.44
209|94.9229|94.9229
210|90.7361|90.7361
211|88.3094|88.3094
212|88.2332|88.2332
213|88.2156|88.2156
214|88.2135|88.2135
215|88.2124|88.2124
216|88.2119|88.2119
217|88.0689|88.0689
218|62.2951|62.2951
219|62.2924|62.2924
220|62.292|62.292
221|62.2919|62.2919
222|62.2919|62.2919
223|62.2919|62.2919
224|62.2919|62.2919
225|62.2919|62.2919
226|62.2919|62.2919
227|62.2919|62.2919
228|62.2919|62.2919
229|62.2919|62.2919
230|62.2919|62.2919
231|62.2919|62.2919
232|62.2919|62.2919
233|62.2919|62.2919
234|62.2919|62.2919
235|62.2919|62.2919
236|62.2919|62.2919
237|62.2919|62.2919
238|62.2919|62.2919
239|62.2919|62.2919
240|62.2919|62.2919
241|62.2919|62.2919
242|62.2919|62.2919
243|62.2919|62.2919
244|62.2919|62.2919
245|62.2919|62.2919
246|62.2919|62.2919
247|62.2919|62.2919
248|62.2919|62.2919
249|62.2919|62.2919
250|62.2919|62.2919
251|62.2919|62.2919
252|62.2919|62.2919
253|62.2919|62.2919
254|62.2919|62.2919
255|62.2919|62.2919
256|62.2919|62.2919
257|62.2919|62.2919
258|62.2919|62.2919
259|62.2919|62.2919
260|62.2919|62.2919
261|62.2919|62.2919
262|62.2919|62.2919
263|62.2919|62.2919
264|62.2919|62.2919
265|62.2919|62.2919
266|62.2919|62.2919
267|62.2919|62.2919
268|62.2919|62.2919
269|62.2919|62.2919
270|62.2919|62.2919
271|62.2919|62.2919
272|62.2919|62.2919
273|62.2919|62.2919
274|62.2919|62.2919
275|62.2919|62.2919
276|62.2919|62.2919
277|62.2919|62.2919
278|62.2919|62.2919
279|62.2919|62.2919
280|62.2919|62.2919
281|62.2919|62.2919
282|62.2919|62.2919
283|62.2919|62.2919
284|62.2919|62.2919
285|62.2919|62.2919
286|62.2919|62.2919
287|62.2919|62.2919
288|62.2919|62.2919
289|62.2919|62.2919
290|62.2919|62.2919
291|62.2919|62.2919
292|62.2919|62.2919
293|62.2919|62.2919
294|62.2919|62.2919
295|62.2919|62.2919
296|62.2919|62.2919
297|62.2919|62.2919
298|62.2919|62.2919
299|62.2919|62.2919
300|62.2919|62.2919
301|62.2919|62.2919
302|62.2919|62.2919
303|62.2919|62.2919
304|62.2919|62.2919
305|62.2919|62.2919
306|62.2919|62.2919
307|62.2919|62.2919
308|62.2919|62.2919
309|62.2919|62.2919
310|62.2919|62.2919
311|62.2919|62.2919
312|62.2919|62.2919
313|62.2919|62.2919
314|62.2919|62.2919
315|62.2919|62.2919
316|62.2919|62.2919
317|62.2919|62.2919
318|62.2919|62.2919
319|62.2919|62.2919
320|62.2919|62.2919
321|62.2919|62.2919
322|62.2919|62.2919
323|62.2919|62.2919
324|62.2919|62.2919
325|62.2919|62.2919
326|62.2919|62.2919
327|62.2919|62.2919
328|62.2919|62.2919
329|62.2919|62.2919
330|62.2919|62.2919
331|62.2919|62.2919
332|62.2919|62.2919
333|62.2919|62.2919
334|62.2919|62.2919
335|62.2919|62.2919
336|62.2919|62.2919
337|62.2919|62.2919
338|62.2919|62.2919
339|62.2919|62.2919
340|62.2919|62.2919
341|62.2919|62.2919
342|62.2919|62.2919
343|62.2919|62.2919
344|62.2919|62.2919
345|62.2919|62.2919
346|62.2919|62.2919
347|62.2919|62.2919
348|62.2919|62.2919
349|62.2919|62.2919
350|62.2919|62.2919
351|62.2919|62.2919
352|62.2919|62.2919
353|62.2919|62.2919
354|62.2919|62.2919
355|62.2919|62.2919
356|62.2919|62.2919
357|62.2919|62.2919
358|62.2919|62.2919
359|62.2919|62.2919
360|62.2919|62.2919
361|62.2919|62.2919
362|62.2919|62.2919
363|62.2919|62.2919
364|62.2919|62.2919
365|62.2919|62.2919
366|62.2919|62.2919
367|62.2919|62.2919
368|62.2919|62.2919
369|62.2919|62.2919
370|62.2919|62.2919
371|62.2919|62.2919
EARLY STOP: TARGET FOUND
2969247ms
