1|105.779|105.779
2|98.073|98.073
3|91.7409|91.7409
4|90.5296|90.5296
5|90.1373|90.1373
6|90.0628|90.0628
7|90.0541|90.0541
8|79.5622|79.5622
9|78.0303|78.0303
10|58.9755|58.9755
11|58.9748|58.9748
12|58.9747|58.9747
13|35.0393|35.0393
14|34.5418|34.5418
15|34.5155|34.5155
16|34.515|34.515
17|34.5149|34.5149
18|30.9518|30.9518
19|30.9518|30.9518
20|21.3963|21.3963
21|19.7244|19.7244
22|16.6884|16.6884
23|16.2613|16.2613
24|16.1039|16.1039
25|16.0996|16.0996
26|16.0995|16.0995
27|13.5937|13.5937
28|12.4217|12.4217
29|11.34|11.34
30|8.13594|8.13594
31|5.19597|5.19597
32|4.79795|4.79795
33|4.72195|4.72195
34|4.70444|4.70444
35|4.70337|4.70337
36|4.70283|4.70283
37|4.70257|4.70257
38|4.70243|4.70243
39|4.70243|4.70243
40|4.70243|4.70243
41|4.70243|4.70243
42|4.70243|4.70243
43|4.70243|4.70243
44|4.70243|4.70243
45|4.70243|4.70243
46|4.70243|4.70243
47|4.70243|4.70243
48|4.70243|4.70243
49|4.70243|4.70243
50|4.70243|4.70243
51|4.70243|4.70243
52|4.70243|4.70243
53|4.70243|4.70243
54|4.70243|4.70243
55|4.70243|4.70243
56|4.70243|4.70243
57|4.70243|4.70243
58|4.70243|4.70243
59|4.70243|4.70243
60|4.70243|4.70243
61|4.70243|4.70243
62|4.70243|4.70243
63|4.70243|4.70243
64|4.70243|4.70243
65|4.70243|4.70243
66|4.70243|4.70243
67|4.70243|4.70243
68|4.70243|4.70243
69|4.70243|4.70243
70|4.70243|4.70243
71|4.70243|4.70243
72|4.70243|4.70243
73|4.70243|4.70243
74|4.70243|4.70243
75|4.70243|4.70243
76|4.70243|4.70243
77|4.70243|4.70243
78|4.70243|4.70243
79|4.70243|4.70243
80|4.70243|4.70243
81|4.70243|4.70243
82|4.70243|4.70243
83|4.70243|4.70243
84|4.70243|4.70243
85|4.70243|4.70243
86|4.70243|4.70243
87|4.70243|4.70243
88|4.70243|4.70243
89|4.70243|4.70243
90|4.70243|4.70243
91|4.70243|4.70243
92|4.70243|4.70243
93|4.70243|4.70243
94|4.70243|4.70243
95|4.70243|4.70243
96|4.70243|4.70243
97|4.70243|4.70243
98|4.70243|4.70243
99|4.70243|4.70243
100|4.70243|4.70243
101|4.70243|4.70243
102|4.70243|4.70243
103|4.70243|4.70243
104|4.70243|4.70243
105|4.70243|4.70243
106|4.70243|4.70243
107|4.70243|4.70243
108|4.70243|4.70243
109|4.70243|4.70243
110|4.70243|4.70243
111|4.70243|4.70243
112|4.70243|4.70243
113|4.70243|4.70243
114|4.70243|4.70243
115|4.70243|4.70243
116|4.70243|4.70243
117|4.70243|4.70243
118|4.70243|4.70243
119|4.70243|4.70243
120|4.70243|4.70243
121|4.70243|4.70243
122|4.70243|4.70243
123|4.70243|4.70243
124|4.70243|4.70243
125|4.70243|4.70243
126|4.70243|4.70243
127|4.70243|4.70243
128|4.70243|4.70243
129|4.70243|4.70243
130|4.70243|4.70243
131|4.70243|4.70243
132|4.70243|4.70243
133|4.70243|4.70243
134|4.70243|4.70243
135|4.70243|4.70243
136|4.70243|4.70243
137|4.70243|4.70243
138|4.70243|4.70243
139|4.70243|4.70243
140|4.70243|4.70243
141|4.70243|4.70243
142|4.70243|4.70243
143|4.70243|4.70243
144|4.70243|4.70243
145|4.70243|4.70243
146|4.70243|4.70243
147|4.70243|4.70243
148|4.70243|4.70243
149|4.70243|4.70243
150|4.70243|4.70243
151|4.70243|4.70243
152|4.70243|4.70243
153|4.70243|4.70243
154|4.70243|4.70243
155|4.70243|4.70243
156|4.70243|4.70243
157|4.70243|4.70243
158|4.70243|4.70243
159|4.70243|4.70243
160|4.70243|4.70243
161|4.70243|4.70243
162|4.70243|4.70243
163|4.70243|4.70243
164|4.70243|4.70243
165|4.70243|4.70243
166|4.70243|4.70243
167|4.70243|4.70243
168|4.70243|4.70243
169|4.70243|4.70243
170|4.70243|4.70243
171|4.70243|4.70243
172|4.70243|4.70243
173|4.70243|4.70243
174|4.70243|4.70243
175|4.70243|4.70243
176|4.70243|4.70243
177|4.70243|4.70243
178|4.70243|4.70243
179|4.70243|4.70243
180|4.70243|4.70243
181|4.70243|4.70243
182|4.70243|4.70243
183|4.70243|4.70243
184|4.70243|4.70243
185|4.70243|4.70243
186|4.70243|4.70243
187|4.70243|4.70243
188|4.70243|4.70243
EARLY STOP: TARGET FOUND
69474ms
