1|-320.245|-320.245
2|-456.226|-456.226
3|-499.117|-499.117
4|-520.316|-520.316
5|-521.634|-521.634
6|-522.292|-522.292
7|-522.622|-522.622
8|-522.787|-522.787
9|-522.869|-522.869
10|-522.91|-522.91
11|-522.921|-522.921
12|-522.926|-522.926
13|-685.246|-685.246
14|-778.173|-778.173
15|-779.715|-779.715
16|-779.891|-779.891
17|-779.935|-779.935
18|-779.946|-779.946
19|-779.951|-779.951
20|-779.952|-779.952
21|-779.952|-779.952
22|-779.952|-779.952
23|-779.952|-779.952
24|-883.218|-883.218
25|-948.238|-948.238
26|-953.229|-953.229
27|-954.28|-954.28
28|-954.344|-954.344
29|-954.345|-954.345
30|-954.345|-954.345
31|-954.345|-954.345
32|-954.345|-954.345
33|-1247.24|-1247.24
34|-1277.5|-1277.5
35|-1366.9|-1366.9
36|-1425.29|-1425.29
37|-1425.41|-1425.41
38|-1461.8|-1461.8
39|-1479.64|-1479.64
40|-1488.45|-1488.45
41|-1492.83|-1492.83
42|-1493.92|-1493.92
43|-1494.46|-1494.46
44|-1494.73|-1494.73
45|-1494.87|-1494.87
46|-1494.9|-1494.9
47|-1494.92|-1494.92
48|-1494.93|-1494.93
49|-1494.93|-1494.93
50|-1711.81|-1711.81
51|-1857.64|-1857.64
52|-1938.01|-1938.01
53|-1978.85|-1978.85
54|-1982.97|-1982.97
55|-1983.04|-1983.04
56|-1983.07|-1983.07
57|-1983.08|-1983.08
58|-1983.09|-1983.09
59|-1983.09|-1983.09
60|-1983.09|-1983.09
61|-2014.9|-2014.9
62|-2029.11|-2029.11
63|-2031.32|-2031.32
64|-2031.33|-2031.33
65|-2031.33|-2031.33
66|-2031.33|-2031.33
67|-2031.33|-2031.33
68|-2084|-2084
69|-2266.61|-2266.61
70|-2281.19|-2281.19
71|-2287.12|-2287.12
72|-2289.73|-2289.73
73|-2290.04|-2290.04
74|-2290.12|-2290.12
75|-2290.16|-2290.16
76|-2290.18|-2290.18
77|-2290.19|-2290.19
78|-2290.19|-2290.19
79|-2290.19|-2290.19
80|-2300.77|-2300.77
81|-2303.41|-2303.41
82|-2304.07|-2304.07
83|-2304.23|-2304.23
84|-2304.32|-2304.32
85|-2304.34|-2304.34
86|-2304.34|-2304.34
87|-2304.34|-2304.34
88|-2304.34|-2304.34
89|-2304.35|-2304.35
90|-2474.3|-2474.3
91|-2670.54|-2670.54
92|-2685.36|-2685.36
93|-2708.27|-2708.27
94|-2708.77|-2708.77
95|-3162.59|-3162.59
96|-3191.02|-3191.02
97|-3191.04|-3191.04
98|-3191.05|-3191.05
99|-3191.06|-3191.06
100|-3191.06|-3191.06
101|-3191.06|-3191.06
102|-3191.06|-3191.06
103|-3191.06|-3191.06
104|-3191.06|-3191.06
105|-3191.06|-3191.06
106|-3191.06|-3191.06
107|-3191.06|-3191.06
108|-3191.06|-3191.06
109|-3191.06|-3191.06
110|-3191.06|-3191.06
111|-3191.06|-3191.06
112|-3191.06|-3191.06
113|-3191.06|-3191.06
114|-3191.06|-3191.06
115|-3191.06|-3191.06
116|-3191.06|-3191.06
117|-3191.06|-3191.06
118|-3191.06|-3191.06
119|-3191.06|-3191.06
120|-3191.06|-3191.06
121|-3191.06|-3191.06
122|-3191.06|-3191.06
123|-3191.06|-3191.06
124|-3191.06|-3191.06
125|-3191.06|-3191.06
126|-3191.06|-3191.06
127|-3191.06|-3191.06
128|-3191.06|-3191.06
129|-3191.06|-3191.06
130|-3191.06|-3191.06
131|-3191.06|-3191.06
132|-3191.06|-3191.06
133|-3191.06|-3191.06
134|-3191.06|-3191.06
135|-3191.06|-3191.06
136|-3191.06|-3191.06
137|-3191.06|-3191.06
138|-3191.06|-3191.06
139|-3191.06|-3191.06
140|-3191.06|-3191.06
141|-3191.06|-3191.06
142|-3191.06|-3191.06
143|-3191.06|-3191.06
144|-3191.06|-3191.06
145|-3191.06|-3191.06
146|-3191.06|-3191.06
147|-3191.06|-3191.06
148|-3191.06|-3191.06
149|-3191.06|-3191.06
150|-3191.06|-3191.06
151|-3191.06|-3191.06
152|-3191.06|-3191.06
153|-3191.06|-3191.06
154|-3191.06|-3191.06
155|-3191.06|-3191.06
156|-3191.06|-3191.06
157|-3191.06|-3191.06
158|-3191.06|-3191.06
159|-3191.06|-3191.06
160|-3191.06|-3191.06
161|-3191.06|-3191.06
162|-3191.06|-3191.06
163|-3191.06|-3191.06
164|-3191.06|-3191.06
165|-3191.06|-3191.06
166|-3191.06|-3191.06
167|-3191.06|-3191.06
168|-3191.06|-3191.06
169|-3191.06|-3191.06
170|-3191.06|-3191.06
171|-3191.06|-3191.06
172|-3191.06|-3191.06
173|-3191.06|-3191.06
174|-3191.06|-3191.06
175|-3191.06|-3191.06
176|-3191.06|-3191.06
177|-3191.06|-3191.06
178|-3191.06|-3191.06
179|-3191.06|-3191.06
180|-3191.06|-3191.06
181|-3191.06|-3191.06
182|-3191.06|-3191.06
183|-3191.06|-3191.06
184|-3191.06|-3191.06
185|-3191.06|-3191.06
186|-3191.06|-3191.06
187|-3191.06|-3191.06
188|-3191.06|-3191.06
189|-3191.06|-3191.06
190|-3191.06|-3191.06
191|-3191.06|-3191.06
192|-3191.06|-3191.06
193|-3191.06|-3191.06
194|-3191.06|-3191.06
195|-3191.06|-3191.06
196|-3191.06|-3191.06
197|-3191.06|-3191.06
198|-3191.06|-3191.06
199|-3191.06|-3191.06
200|-3191.06|-3191.06
201|-3191.06|-3191.06
202|-3191.06|-3191.06
203|-3191.06|-3191.06
204|-3191.06|-3191.06
205|-3191.06|-3191.06
206|-3191.06|-3191.06
207|-3191.06|-3191.06
208|-3191.06|-3191.06
209|-3191.06|-3191.06
210|-3191.06|-3191.06
211|-3191.06|-3191.06
212|-3191.06|-3191.06
213|-3191.06|-3191.06
214|-3191.06|-3191.06
215|-3191.06|-3191.06
216|-3191.06|-3191.06
217|-3191.06|-3191.06
218|-3191.06|-3191.06
219|-3191.06|-3191.06
220|-3191.06|-3191.06
221|-3191.06|-3191.06
222|-3191.06|-3191.06
223|-3191.06|-3191.06
224|-3191.06|-3191.06
225|-3191.06|-3191.06
226|-3191.06|-3191.06
227|-3191.06|-3191.06
228|-3191.06|-3191.06
229|-3191.06|-3191.06
230|-3191.06|-3191.06
231|-3191.06|-3191.06
232|-3191.06|-3191.06
233|-3191.06|-3191.06
234|-3191.06|-3191.06
235|-3191.06|-3191.06
236|-3191.06|-3191.06
237|-3191.06|-3191.06
238|-3191.06|-3191.06
239|-3191.06|-3191.06
240|-3191.06|-3191.06
241|-3191.06|-3191.06
242|-3191.06|-3191.06
243|-3191.06|-3191.06
244|-3191.06|-3191.06
245|-3191.06|-3191.06
246|-3191.06|-3191.06
247|-3191.06|-3191.06
248|-3191.06|-3191.06
249|-3191.06|-3191.06
250|-3191.06|-3191.06
EARLY STOP: TARGET FOUND
394109ms
