1|-1.12108|-1.12108
2|-1.17047|-1.17047
3|-1.18422|-1.18422
4|-1.18674|-1.18674
5|-1.18753|-1.18753
6|-1.18761|-1.18761
7|-1.18761|-1.18761
8|-2.1871|-2.1871
9|-2.1876|-2.1876
10|-2.18761|-2.18761
11|-2.18761|-2.18761
12|-2.19617|-2.19617
13|-2.75651|-2.75651
14|-3.14197|-3.14197
15|-3.14217|-3.14217
16|-3.14227|-3.14227
17|-3.14229|-3.14229
18|-3.1423|-3.1423
19|-3.44547|-3.44547
20|-3.53744|-3.53744
21|-3.58302|-3.58302
22|-3.60543|-3.60543
23|-3.60821|-3.60821
24|-3.60959|-3.60959
25|-3.60994|-3.60994
26|-3.61011|-3.61011
27|-3.61015|-3.61015
28|-3.61687|-3.61687
29|-3.62665|-3.62665
30|-4.47805|-4.47805
31|-4.57801|-4.57801
32|-4.5974|-4.5974
33|-4.59877|-4.59877
34|-4.59895|-4.59895
35|-4.59925|-4.59925
36|-4.5993|-4.5993
37|-4.59933|-4.59933
38|-4.59934|-4.59934
39|-4.59935|-4.59935
40|-5.38441|-5.38441
41|-5.38706|-5.38706
42|-5.38715|-5.38715
43|-5.38715|-5.38715
44|-5.60482|-5.60482
45|-5.66946|-5.66946
46|-5.67898|-5.67898
47|-5.67899|-5.67899
48|-5.67901|-5.67901
49|-5.67901|-5.67901
50|-5.67902|-5.67902
51|-5.9414|-5.9414
52|-6.30632|-6.30632
53|-6.45215|-6.45215
54|-6.52103|-6.52103
55|-6.52504|-6.52504
56|-6.52703|-6.52703
57|-6.52802|-6.52802
58|-6.52814|-6.52814
59|-6.59644|-6.59644
60|-6.76994|-6.76994
61|-7.35866|-7.35866
62|-7.36786|-7.36786
63|-7.36889|-7.36889
64|-7.36901|-7.36901
65|-7.36901|-7.36901
66|-7.36901|-7.36901
67|-7.36901|-7.36901
68|-7.36901|-7.36901
69|-7.36901|-7.36901
70|-7.36901|-7.36901
71|-7.36901|-7.36901
72|-7.36901|-7.36901
73|-7.36901|-7.36901
74|-7.36901|-7.36901
75|-7.36901|-7.36901
76|-7.36901|-7.36901
77|-7.36901|-7.36901
78|-7.36901|-7.36901
79|-7.36901|-7.36901
80|-7.36901|-7.36901
81|-7.36901|-7.36901
82|-7.36901|-7.36901
83|-7.36901|-7.36901
84|-7.36901|-7.36901
85|-7.36901|-7.36901
86|-7.36901|-7.36901
87|-7.36901|-7.36901
88|-7.36901|-7.36901
89|-7.36901|-7.36901
90|-7.36901|-7.36901
91|-7.36901|-7.36901
92|-7.36901|-7.36901
93|-7.36901|-7.36901
94|-7.36901|-7.36901
95|-7.36901|-7.36901
96|-7.36901|-7.36901
97|-7.36901|-7.36901
98|-7.36901|-7.36901
99|-7.36901|-7.36901
100|-7.36901|-7.36901
101|-7.36901|-7.36901
102|-7.36901|-7.36901
103|-7.36901|-7.36901
104|-7.36901|-7.36901
105|-7.36901|-7.36901
106|-7.36901|-7.36901
107|-7.36901|-7.36901
108|-7.36901|-7.36901
109|-7.36901|-7.36901
110|-7.36901|-7.36901
111|-7.36901|-7.36901
112|-7.36901|-7.36901
113|-7.36901|-7.36901
114|-7.36901|-7.36901
115|-7.36901|-7.36901
116|-7.36901|-7.36901
117|-7.36901|-7.36901
118|-7.36901|-7.36901
119|-7.36901|-7.36901
120|-7.36901|-7.36901
121|-7.36901|-7.36901
122|-7.36901|-7.36901
123|-7.36901|-7.36901
124|-7.36901|-7.36901
125|-7.36901|-7.36901
126|-7.36901|-7.36901
127|-7.36901|-7.36901
128|-7.36901|-7.36901
129|-7.36901|-7.36901
130|-7.36901|-7.36901
131|-7.36901|-7.36901
132|-7.36901|-7.36901
133|-7.36901|-7.36901
134|-7.36901|-7.36901
135|-7.36901|-7.36901
136|-7.36901|-7.36901
137|-7.36901|-7.36901
138|-7.36901|-7.36901
139|-7.36901|-7.36901
140|-7.36901|-7.36901
141|-7.36901|-7.36901
142|-7.36901|-7.36901
143|-7.36901|-7.36901
144|-7.36901|-7.36901
145|-7.36901|-7.36901
146|-7.36901|-7.36901
147|-7.36901|-7.36901
148|-7.36901|-7.36901
149|-7.36901|-7.36901
150|-7.36901|-7.36901
151|-7.36901|-7.36901
152|-7.36901|-7.36901
153|-7.36901|-7.36901
154|-7.36901|-7.36901
155|-7.36901|-7.36901
156|-7.36901|-7.36901
157|-7.36901|-7.36901
158|-7.36901|-7.36901
159|-7.36901|-7.36901
160|-7.36901|-7.36901
161|-7.36901|-7.36901
162|-7.36901|-7.36901
163|-7.36901|-7.36901
164|-7.36901|-7.36901
165|-7.36901|-7.36901
166|-7.36901|-7.36901
167|-7.36901|-7.36901
168|-7.36901|-7.36901
169|-7.36901|-7.36901
170|-7.36901|-7.36901
171|-7.36901|-7.36901
172|-7.36901|-7.36901
173|-7.36901|-7.36901
174|-7.36901|-7.36901
175|-7.36901|-7.36901
176|-7.36901|-7.36901
177|-7.36901|-7.36901
178|-7.36901|-7.36901
179|-7.36901|-7.36901
180|-7.36901|-7.36901
181|-7.36901|-7.36901
182|-7.36901|-7.36901
183|-7.36901|-7.36901
184|-7.36901|-7.36901
185|-7.36901|-7.36901
186|-7.36901|-7.36901
187|-7.36901|-7.36901
188|-7.36901|-7.36901
189|-7.36901|-7.36901
190|-7.36901|-7.36901
191|-7.36901|-7.36901
192|-7.36901|-7.36901
193|-7.36901|-7.36901
194|-7.36901|-7.36901
195|-7.36901|-7.36901
196|-7.36901|-7.36901
197|-7.36901|-7.36901
198|-7.36901|-7.36901
199|-7.36901|-7.36901
200|-7.36901|-7.36901
201|-7.36901|-7.36901
202|-7.36901|-7.36901
203|-7.36901|-7.36901
204|-7.36901|-7.36901
205|-7.36901|-7.36901
206|-7.36901|-7.36901
207|-7.36901|-7.36901
208|-7.36901|-7.36901
209|-7.36901|-7.36901
210|-7.36901|-7.36901
211|-7.36901|-7.36901
212|-7.36901|-7.36901
213|-7.36901|-7.36901
214|-7.36901|-7.36901
EARLY STOP: TARGET FOUND
252962ms
