1|-1.18181|-1.18181
2|-1.18295|-1.18295
3|-1.18298|-1.18298
4|-1.18309|-1.18309
5|-1.18311|-1.18311
6|-1.18312|-1.18312
7|-1.18312|-1.18312
8|-1.18312|-1.18312
9|-1.18647|-1.18647
10|-1.18647|-1.18647
11|-1.19855|-1.19855
12|-1.20337|-1.20337
13|-1.20546|-1.20546
14|-1.20642|-1.20642
15|-1.20688|-1.20688
16|-1.20711|-1.20711
17|-1.20716|-1.20716
18|-1.20718|-1.20718
19|-1.20718|-1.20718
20|-1.90347|-1.90347
21|-1.93756|-1.93756
22|-1.96846|-1.96846
23|-1.98051|-1.98051
24|-1.98564|-1.98564
25|-1.98796|-1.98796
26|-1.9881|-1.9881
27|-1.98817|-1.98817
28|-1.98819|-1.98819
29|-1.99344|-1.99344
30|-2.06124|-2.06124
31|-2.45677|-2.45677
32|-2.47996|-2.47996
33|-2.60002|-2.60002
34|-2.60029|-2.60029
35|-2.60032|-2.60032
36|-2.60032|-2.60032
37|-2.62948|-2.62948
38|-2.65822|-2.65822
39|-3.26908|-3.26908
40|-3.53689|-3.53689
41|-3.57326|-3.57326
42|-3.5837|-3.5837
43|-3.58688|-3.58688
44|-3.58719|-3.58719
45|-3.58733|-3.58733
46|-3.5874|-3.5874
47|-3.5874|-3.5874
48|-3.5874|-3.5874
49|-3.5874|-3.5874
50|-3.5874|-3.5874
51|-3.5874|-3.5874
52|-3.5874|-3.5874
53|-3.5874|-3.5874
54|-3.5874|-3.5874
55|-3.5874|-3.5874
56|-3.5874|-3.5874
57|-3.5874|-3.5874
58|-3.5874|-3.5874
59|-3.5874|-3.5874
60|-3.5874|-3.5874
61|-3.5874|-3.5874
62|-3.5874|-3.5874
63|-3.5874|-3.5874
64|-3.5874|-3.5874
65|-3.5874|-3.5874
66|-3.5874|-3.5874
67|-3.5874|-3.5874
68|-3.5874|-3.5874
69|-3.5874|-3.5874
70|-3.5874|-3.5874
71|-3.5874|-3.5874
72|-3.5874|-3.5874
73|-3.5874|-3.5874
74|-3.5874|-3.5874
75|-3.5874|-3.5874
76|-3.5874|-3.5874
77|-3.5874|-3.5874
78|-3.5874|-3.5874
79|-3.5874|-3.5874
80|-3.5874|-3.5874
81|-3.5874|-3.5874
82|-3.5874|-3.5874
83|-3.5874|-3.5874
84|-3.5874|-3.5874
85|-3.5874|-3.5874
86|-3.5874|-3.5874
87|-3.5874|-3.5874
88|-3.5874|-3.5874
89|-3.5874|-3.5874
90|-3.5874|-3.5874
91|-3.5874|-3.5874
92|-3.5874|-3.5874
93|-3.5874|-3.5874
94|-3.5874|-3.5874
95|-3.5874|-3.5874
96|-3.5874|-3.5874
97|-3.5874|-3.5874
98|-3.5874|-3.5874
99|-3.5874|-3.5874
100|-3.5874|-3.5874
101|-3.5874|-3.5874
102|-3.5874|-3.5874
103|-3.5874|-3.5874
104|-3.5874|-3.5874
105|-3.5874|-3.5874
106|-3.5874|-3.5874
107|-3.5874|-3.5874
108|-3.5874|-3.5874
109|-3.5874|-3.5874
110|-3.5874|-3.5874
111|-3.5874|-3.5874
112|-3.5874|-3.5874
113|-3.5874|-3.5874
114|-3.5874|-3.5874
115|-3.5874|-3.5874
116|-3.5874|-3.5874
117|-3.5874|-3.5874
118|-3.5874|-3.5874
119|-3.5874|-3.5874
120|-3.5874|-3.5874
121|-3.5874|-3.5874
122|-3.5874|-3.5874
123|-3.5874|-3.5874
124|-3.5874|-3.5874
125|-3.5874|-3.5874
126|-3.5874|-3.5874
127|-3.5874|-3.5874
128|-3.5874|-3.5874
129|-3.5874|-3.5874
130|-3.5874|-3.5874
131|-3.5874|-3.5874
132|-3.5874|-3.5874
133|-3.5874|-3.5874
134|-3.5874|-3.5874
135|-3.5874|-3.5874
136|-3.5874|-3.5874
137|-3.5874|-3.5874
138|-3.5874|-3.5874
139|-3.5874|-3.5874
140|-3.5874|-3.5874
141|-3.5874|-3.5874
142|-3.5874|-3.5874
143|-3.5874|-3.5874
144|-3.5874|-3.5874
145|-3.5874|-3.5874
146|-3.5874|-3.5874
147|-3.5874|-3.5874
148|-3.5874|-3.5874
149|-3.5874|-3.5874
150|-3.5874|-3.5874
151|-3.5874|-3.5874
152|-3.5874|-3.5874
153|-3.5874|-3.5874
154|-3.5874|-3.5874
155|-3.5874|-3.5874
156|-3.5874|-3.5874
157|-3.5874|-3.5874
158|-3.5874|-3.5874
159|-3.5874|-3.5874
160|-3.5874|-3.5874
161|-3.5874|-3.5874
162|-3.5874|-3.5874
163|-3.5874|-3.5874
164|-3.5874|-3.5874
165|-3.5874|-3.5874
166|-3.5874|-3.5874
167|-3.5874|-3.5874
168|-3.5874|-3.5874
169|-3.5874|-3.5874
170|-3.5874|-3.5874
171|-3.5874|-3.5874
172|-3.5874|-3.5874
173|-3.5874|-3.5874
174|-3.5874|-3.5874
175|-3.5874|-3.5874
176|-3.5874|-3.5874
177|-3.5874|-3.5874
178|-3.5874|-3.5874
179|-3.5874|-3.5874
180|-3.5874|-3.5874
181|-3.5874|-3.5874
182|-3.5874|-3.5874
183|-3.5874|-3.5874
184|-3.5874|-3.5874
185|-3.5874|-3.5874
186|-3.5874|-3.5874
187|-3.5874|-3.5874
188|-3.5874|-3.5874
189|-3.5874|-3.5874
190|-3.5874|-3.5874
191|-3.5874|-3.5874
192|-3.5874|-3.5874
193|-3.5874|-3.5874
194|-3.5874|-3.5874
195|-3.5874|-3.5874
196|-3.5874|-3.5874
EARLY STOP: TARGET FOUND
66608ms
