1|-501.084|-501.084
2|-711.118|-711.118
3|-724.355|-724.355
4|-735.729|-735.729
5|-783.763|-783.763
6|-792.565|-792.565
7|-796.935|-796.935
8|-798.024|-798.024
9|-798.059|-798.059
10|-798.067|-798.067
11|-798.071|-798.071
12|-798.072|-798.072
13|-909.245|-909.245
14|-911.66|-911.66
15|-1031.37|-1031.37
16|-1057.68|-1057.68
17|-1127.8|-1127.8
18|-1181.18|-1181.18
19|-1183.86|-1183.86
20|-1185.48|-1185.48
21|-1186.21|-1186.21
22|-1186.25|-1186.25
23|-1186.26|-1186.26
24|-1186.26|-1186.26
25|-1186.26|-1186.26
26|-1186.26|-1186.26
27|-1232.45|-1232.45
28|-1250.44|-1250.44
29|-1250.94|-1250.94
30|-1251.19|-1251.19
31|-1251.25|-1251.25
32|-1251.29|-1251.29
33|-1251.29|-1251.29
34|-1251.3|-1251.3
35|-1251.3|-1251.3
36|-1251.3|-1251.3
37|-1251.3|-1251.3
38|-1319.59|-1319.59
39|-1655.67|-1655.67
40|-1705.26|-1705.26
41|-1725.08|-1725.08
42|-1733.68|-1733.68
43|-1734.69|-1734.69
44|-1734.94|-1734.94
45|-1734.94|-1734.94
46|-1862.87|-1862.87
47|-1891.15|-1891.15
48|-1892.43|-1892.43
49|-1892.74|-1892.74
50|-1892.9|-1892.9
51|-1892.93|-1892.93
52|-1892.94|-1892.94
53|-1892.95|-1892.95
54|-1892.95|-1892.95
55|-1892.95|-1892.95
56|-2172.21|-2172.21
57|-2236.54|-2236.54
58|-2241.63|-2241.63
59|-2242.72|-2242.72
60|-2242.79|-2242.79
61|-2242.81|-2242.81
62|-2242.81|-2242.81
63|-2242.81|-2242.81
64|-2242.82|-2242.82
65|-2276.72|-2276.72
66|-2345.32|-2345.32
67|-2408.12|-2408.12
68|-2414.63|-2414.63
69|-2414.67|-2414.67
70|-2414.67|-2414.67
71|-2414.67|-2414.67
72|-2470.37|-2470.37
73|-2566.51|-2566.51
74|-2604.32|-2604.32
75|-2617.98|-2617.98
76|-2623.43|-2623.43
77|-2623.74|-2623.74
78|-2623.82|-2623.82
79|-2623.83|-2623.83
80|-2623.83|-2623.83
81|-2623.84|-2623.84
82|-2623.84|-2623.84
83|-2623.84|-2623.84
84|-2623.84|-2623.84
85|-2771.6|-2771.6
86|-2871.49|-2871.49
87|-2871.96|-2871.96
88|-2872.21|-2872.21
89|-2872.24|-2872.24
90|-3046.3|-3046.3
91|-3133.33|-3133.33
92|-3144.03|-3144.03
93|-3146.32|-3146.32
94|-3147.11|-3147.11
95|-3147.2|-3147.2
96|-3147.27|-3147.27
97|-3147.28|-3147.28
98|-3147.28|-3147.28
99|-3147.28|-3147.28
100|-3147.28|-3147.28
101|-3147.28|-3147.28
102|-3147.28|-3147.28
103|-3147.28|-3147.28
104|-3147.28|-3147.28
105|-3147.28|-3147.28
106|-3147.28|-3147.28
107|-3147.28|-3147.28
108|-3147.28|-3147.28
109|-3147.28|-3147.28
110|-3147.28|-3147.28
111|-3147.28|-3147.28
112|-3147.28|-3147.28
113|-3147.28|-3147.28
114|-3147.28|-3147.28
115|-3147.28|-3147.28
116|-3147.28|-3147.28
117|-3147.28|-3147.28
118|-3147.28|-3147.28
119|-3147.28|-3147.28
120|-3147.28|-3147.28
121|-3147.28|-3147.28
122|-3147.28|-3147.28
123|-3147.28|-3147.28
124|-3147.28|-3147.28
125|-3147.28|-3147.28
126|-3147.28|-3147.28
127|-3147.28|-3147.28
128|-3147.28|-3147.28
129|-3147.28|-3147.28
130|-3147.28|-3147.28
131|-3147.28|-3147.28
132|-3147.28|-3147.28
133|-3147.28|-3147.28
134|-3147.28|-3147.28
135|-3147.28|-3147.28
136|-3147.28|-3147.28
137|-3147.28|-3147.28
138|-3147.28|-3147.28
139|-3147.28|-3147.28
140|-3147.28|-3147.28
141|-3147.28|-3147.28
142|-3147.28|-3147.28
143|-3147.28|-3147.28
144|-3147.28|-3147.28
145|-3147.28|-3147.28
146|-3147.28|-3147.28
147|-3147.28|-3147.28
148|-3147.28|-3147.28
149|-3147.28|-3147.28
150|-3147.28|-3147.28
151|-3147.28|-3147.28
152|-3147.28|-3147.28
153|-3147.28|-3147.28
154|-3147.28|-3147.28
155|-3147.28|-3147.28
156|-3147.28|-3147.28
157|-3147.28|-3147.28
158|-3147.28|-3147.28
159|-3147.28|-3147.28
160|-3147.28|-3147.28
161|-3147.28|-3147.28
162|-3147.28|-3147.28
163|-3147.28|-3147.28
164|-3147.28|-3147.28
165|-3147.28|-3147.28
166|-3147.28|-3147.28
167|-3147.28|-3147.28
168|-3147.28|-3147.28
169|-3147.28|-3147.28
170|-3147.28|-3147.28
171|-3147.28|-3147.28
172|-3147.28|-3147.28
173|-3147.28|-3147.28
174|-3147.28|-3147.28
175|-3147.28|-3147.28
176|-3147.28|-3147.28
177|-3147.28|-3147.28
178|-3147.28|-3147.28
179|-3147.28|-3147.28
180|-3147.28|-3147.28
181|-3147.28|-3147.28
182|-3147.28|-3147.28
183|-3147.28|-3147.28
184|-3147.28|-3147.28
185|-3147.28|-3147.28
186|-3147.28|-3147.28
187|-3147.28|-3147.28
188|-3147.28|-3147.28
189|-3147.28|-3147.28
190|-3147.28|-3147.28
191|-3147.28|-3147.28
192|-3147.28|-3147.28
193|-3147.28|-3147.28
194|-3147.28|-3147.28
195|-3147.28|-3147.28
196|-3147.28|-3147.28
197|-3147.28|-3147.28
198|-3147.28|-3147.28
199|-3147.28|-3147.28
200|-3147.28|-3147.28
201|-3147.28|-3147.28
202|-3147.28|-3147.28
203|-3147.28|-3147.28
204|-3147.28|-3147.28
205|-3147.28|-3147.28
206|-3147.28|-3147.28
207|-3147.28|-3147.28
208|-3147.28|-3147.28
209|-3147.28|-3147.28
210|-3147.28|-3147.28
211|-3147.28|-3147.28
212|-3147.28|-3147.28
213|-3147.28|-3147.28
214|-3147.28|-3147.28
215|-3147.28|-3147.28
216|-3147.28|-3147.28
217|-3147.28|-3147.28
218|-3147.28|-3147.28
219|-3147.28|-3147.28
220|-3147.28|-3147.28
221|-3147.28|-3147.28
222|-3147.28|-3147.28
223|-3147.28|-3147.28
224|-3147.28|-3147.28
225|-3147.28|-3147.28
226|-3147.28|-3147.28
227|-3147.28|-3147.28
228|-3147.28|-3147.28
229|-3147.28|-3147.28
230|-3147.28|-3147.28
231|-3147.28|-3147.28
232|-3147.28|-3147.28
233|-3147.28|-3147.28
234|-3147.28|-3147.28
235|-3147.28|-3147.28
236|-3147.28|-3147.28
237|-3147.28|-3147.28
238|-3147.28|-3147.28
239|-3147.28|-3147.28
240|-3147.28|-3147.28
241|-3147.28|-3147.28
242|-3147.28|-3147.28
243|-3147.28|-3147.28
244|-3147.28|-3147.28
245|-3147.28|-3147.28
246|-3147.28|-3147.28
247|-3147.28|-3147.28
248|-3147.28|-3147.28
EARLY STOP: TARGET FOUND
388603ms
