1|841.387|841.387
2|826.126|826.126
3|819.853|819.853
4|817.064|817.064
5|815.757|815.757
6|815.125|815.125
7|814.815|814.815
8|814.738|814.738
9|814.7|814.7
10|814.68|814.68
11|814.671|814.671
12|814.666|814.666
13|814.664|814.664
14|814.662|814.662
15|814.662|814.662
16|814.662|814.662
17|662.421|662.421
18|452.982|452.982
19|439.389|439.389
20|427.915|427.915
21|380.315|380.315
22|371.509|371.509
23|367.137|367.137
24|366.047|366.047
25|365.775|365.775
26|365.638|365.638
27|365.57|365.57
28|365.553|365.553
29|365.549|365.549
30|365.549|365.549
31|281.043|281.043
32|281.043|281.043
33|235.881|235.881
34|169.491|169.491
35|92.5006|92.5006
36|89.8712|89.8712
37|89.2529|89.2529
38|89.0796|89.0796
39|89.0323|89.0323
40|89.0313|89.0313
41|89.0299|89.0299
42|89.0299|89.0299
43|-42.1262|-42.1262
44|-107.13|-107.13
45|-430.104|-430.104
46|-440.252|-440.252
47|-552.535|-552.535
48|-552.535|-552.535
49|-552.558|-552.558
50|-552.563|-552.563
51|-552.564|-552.564
52|-552.564|-552.564
53|-559.194|-559.194
54|-595.397|-595.397
55|-613.108|-613.108
56|-617.488|-617.488
57|-619.67|-619.67
58|-620.215|-620.215
59|-620.487|-620.487
60|-620.555|-620.555
61|-620.572|-620.572
62|-620.581|-620.581
63|-620.585|-620.585
64|-682.622|-682.622
65|-750.937|-750.937
66|-791.812|-791.812
67|-832.64|-832.64
68|-1011.44|-1011.44
69|-1095.96|-1095.96
70|-1113.08|-1113.08
71|-1113.8|-1113.8
72|-1113.95|-1113.95
73|-1113.95|-1113.95
74|-1113.96|-1113.96
75|-1113.96|-1113.96
76|-1113.96|-1113.96
77|-1113.96|-1113.96
78|-1236.98|-1236.98
79|-1333.5|-1333.5
80|-1760.55|-1760.55
81|-1769.71|-1769.71
82|-1773.96|-1773.96
83|-1776|-1776
84|-1776.25|-1776.25
85|-1776.31|-1776.31
86|-1776.34|-1776.34
87|-1776.36|-1776.36
88|-1776.36|-1776.36
89|-1981.23|-1981.23
90|-2097.83|-2097.83
91|-2097.83|-2097.83
92|-2097.83|-2097.83
93|-2528.63|-2528.63
94|-2532.75|-2532.75
95|-2533.37|-2533.37
96|-2533.37|-2533.37
97|-2533.38|-2533.38
98|-2533.38|-2533.38
99|-2846.57|-2846.57
100|-2848.24|-2848.24
101|-2945.45|-2945.45
102|-3010.35|-3010.35
103|-3022.16|-3022.16
104|-3068.31|-3068.31
105|-3077.13|-3077.13
106|-3081.51|-3081.51
107|-3083.69|-3083.69
108|-3084.24|-3084.24
109|-3084.51|-3084.51
110|-3084.58|-3084.58
111|-3084.6|-3084.6
112|-3084.6|-3084.6
113|-3084.61|-3084.61
114|-3084.61|-3084.61
115|-3084.61|-3084.61
116|-3084.61|-3084.61
117|-3084.61|-3084.61
118|-3084.61|-3084.61
119|-3084.61|-3084.61
120|-3084.61|-3084.61
121|-3084.61|-3084.61
122|-3084.61|-3084.61
123|-3084.61|-3084.61
124|-3084.61|-3084.61
125|-3084.61|-3084.61
126|-3084.61|-3084.61
127|-3084.61|-3084.61
128|-3084.61|-3084.61
129|-3084.61|-3084.61
130|-3084.61|-3084.61
131|-3084.61|-3084.61
132|-3084.61|-3084.61
133|-3084.61|-3084.61
134|-3084.61|-3084.61
135|-3084.61|-3084.61
136|-3084.61|-3084.61
137|-3084.61|-3084.61
138|-3084.61|-3084.61
139|-3084.61|-3084.61
140|-3084.61|-3084.61
141|-3084.61|-3084.61
142|-3084.61|-3084.61
143|-3084.61|-3084.61
144|-3084.61|-3084.61
145|-3084.61|-3084.61
146|-3084.61|-3084.61
147|-3084.61|-3084.61
148|-3084.61|-3084.61
149|-3084.61|-3084.61
150|-3084.61|-3084.61
151|-3084.61|-3084.61
152|-3084.61|-3084.61
153|-3084.61|-3084.61
154|-3084.61|-3084.61
155|-3084.61|-3084.61
156|-3084.61|-3084.61
157|-3084.61|-3084.61
158|-3084.61|-3084.61
159|-3084.61|-3084.61
160|-3084.61|-3084.61
161|-3084.61|-3084.61
162|-3084.61|-3084.61
163|-3084.61|-3084.61
164|-3084.61|-3084.61
165|-3084.61|-3084.61
166|-3084.61|-3084.61
167|-3084.61|-3084.61
168|-3084.61|-3084.61
169|-3084.61|-3084.61
170|-3084.61|-3084.61
171|-3084.61|-3084.61
172|-3084.61|-3084.61
173|-3084.61|-3084.61
174|-3084.61|-3084.61
175|-3084.61|-3084.61
176|-3084.61|-3084.61
177|-3084.61|-3084.61
178|-3084.61|-3084.61
179|-3084.61|-3084.61
180|-3084.61|-3084.61
181|-3084.61|-3084.61
182|-3084.61|-3084.61
183|-3084.61|-3084.61
184|-3084.61|-3084.61
185|-3084.61|-3084.61
186|-3084.61|-3084.61
187|-3084.61|-3084.61
188|-3084.61|-3084.61
189|-3084.61|-3084.61
190|-3084.61|-3084.61
191|-3084.61|-3084.61
192|-3084.61|-3084.61
193|-3084.61|-3084.61
194|-3084.61|-3084.61
195|-3084.61|-3084.61
196|-3084.61|-3084.61
197|-3084.61|-3084.61
198|-3084.61|-3084.61
199|-3084.61|-3084.61
200|-3084.61|-3084.61
201|-3084.61|-3084.61
202|-3084.61|-3084.61
203|-3084.61|-3084.61
204|-3084.61|-3084.61
205|-3084.61|-3084.61
206|-3084.61|-3084.61
207|-3084.61|-3084.61
208|-3084.61|-3084.61
209|-3084.61|-3084.61
210|-3084.61|-3084.61
211|-3084.61|-3084.61
212|-3084.61|-3084.61
213|-3084.61|-3084.61
214|-3084.61|-3084.61
215|-3084.61|-3084.61
216|-3084.61|-3084.61
217|-3084.61|-3084.61
218|-3084.61|-3084.61
219|-3084.61|-3084.61
220|-3084.61|-3084.61
221|-3084.61|-3084.61
222|-3084.61|-3084.61
223|-3084.61|-3084.61
224|-3084.61|-3084.61
225|-3084.61|-3084.61
226|-3084.61|-3084.61
227|-3084.61|-3084.61
228|-3084.61|-3084.61
229|-3084.61|-3084.61
230|-3084.61|-3084.61
231|-3084.61|-3084.61
232|-3084.61|-3084.61
233|-3084.61|-3084.61
234|-3084.61|-3084.61
235|-3084.61|-3084.61
236|-3084.61|-3084.61
237|-3084.61|-3084.61
238|-3084.61|-3084.61
239|-3084.61|-3084.61
240|-3084.61|-3084.61
241|-3084.61|-3084.61
242|-3084.61|-3084.61
243|-3084.61|-3084.61
244|-3084.61|-3084.61
245|-3084.61|-3084.61
246|-3084.61|-3084.61
247|-3084.61|-3084.61
248|-3084.61|-3084.61
249|-3084.61|-3084.61
250|-3084.61|-3084.61
251|-3084.61|-3084.61
252|-3084.61|-3084.61
253|-3084.61|-3084.61
254|-3084.61|-3084.61
255|-3084.61|-3084.61
256|-3084.61|-3084.61
257|-3084.61|-3084.61
258|-3084.61|-3084.61
259|-3084.61|-3084.61
260|-3084.61|-3084.61
261|-3084.61|-3084.61
262|-3084.61|-3084.61
263|-3084.61|-3084.61
264|-3084.61|-3084.61
265|-3084.61|-3084.61
EARLY STOP: TARGET FOUND
432244ms
