1|-888.409|-888.409
2|-888.826|-888.826
3|-888.827|-888.827
4|-888.829|-888.829
5|-888.829|-888.829
6|-910.025|-910.025
7|-911.343|-911.343
8|-912.002|-912.002
9|-912.33|-912.33
10|-912.372|-912.372
11|-912.392|-912.392
12|-912.394|-912.394
13|-914.576|-914.576
14|-916.234|-916.234
15|-916.976|-916.976
16|-917.152|-917.152
17|-917.195|-917.195
18|-917.2|-917.2
19|-917.202|-917.202
20|-917.202|-917.202
21|-917.203|-917.203
22|-917.203|-917.203
23|-945.854|-945.854
24|-963.729|-963.729
25|-972.559|-972.559
26|-976.945|-976.945
27|-979.129|-979.129
28|-980.22|-980.22
29|-980.764|-980.764
30|-981.037|-981.037
31|-981.173|-981.173
32|-981.241|-981.241
33|-981.275|-981.275
34|-981.284|-981.284
35|-981.288|-981.288
36|-981.29|-981.29
37|-1126.05|-1126.05
38|-1138.8|-1138.8
39|-1211.67|-1211.67
40|-1259.95|-1259.95
41|-1261.97|-1261.97
42|-1262.29|-1262.29
43|-1262.37|-1262.37
44|-1262.4|-1262.4
45|-1262.42|-1262.42
46|-1262.42|-1262.42
47|-1262.42|-1262.42
48|-1262.43|-1262.43
49|-1262.43|-1262.43
50|-1262.43|-1262.43
51|-1262.43|-1262.43
52|-1262.43|-1262.43
53|-1262.43|-1262.43
54|-1262.43|-1262.43
55|-1262.43|-1262.43
56|-1262.43|-1262.43
57|-1262.43|-1262.43
58|-1262.43|-1262.43
59|-1262.43|-1262.43
60|-1262.43|-1262.43
61|-1262.43|-1262.43
62|-1262.43|-1262.43
63|-1262.43|-1262.43
64|-1262.43|-1262.43
65|-1262.43|-1262.43
66|-1262.43|-1262.43
67|-1262.43|-1262.43
68|-1262.43|-1262.43
69|-1262.43|-1262.43
70|-1262.43|-1262.43
71|-1262.43|-1262.43
72|-1262.43|-1262.43
73|-1262.43|-1262.43
74|-1262.43|-1262.43
75|-1262.43|-1262.43
76|-1262.43|-1262.43
77|-1262.43|-1262.43
78|-1262.43|-1262.43
79|-1262.43|-1262.43
80|-1262.43|-1262.43
81|-1262.43|-1262.43
82|-1262.43|-1262.43
83|-1262.43|-1262.43
84|-1262.43|-1262.43
85|-1262.43|-1262.43
86|-1262.43|-1262.43
87|-1262.43|-1262.43
88|-1262.43|-1262.43
89|-1262.43|-1262.43
90|-1262.43|-1262.43
91|-1262.43|-1262.43
92|-1262.43|-1262.43
93|-1262.43|-1262.43
94|-1262.43|-1262.43
95|-1262.43|-1262.43
96|-1262.43|-1262.43
97|-1262.43|-1262.43
98|-1262.43|-1262.43
99|-1262.43|-1262.43
100|-1262.43|-1262.43
101|-1262.43|-1262.43
102|-1262.43|-1262.43
103|-1262.43|-1262.43
104|-1262.43|-1262.43
105|-1262.43|-1262.43
106|-1262.43|-1262.43
107|-1262.43|-1262.43
108|-1262.43|-1262.43
109|-1262.43|-1262.43
110|-1262.43|-1262.43
111|-1262.43|-1262.43
112|-1262.43|-1262.43
113|-1262.43|-1262.43
114|-1262.43|-1262.43
115|-1262.43|-1262.43
116|-1262.43|-1262.43
117|-1262.43|-1262.43
118|-1262.43|-1262.43
119|-1262.43|-1262.43
120|-1262.43|-1262.43
121|-1262.43|-1262.43
122|-1262.43|-1262.43
123|-1262.43|-1262.43
124|-1262.43|-1262.43
125|-1262.43|-1262.43
126|-1262.43|-1262.43
127|-1262.43|-1262.43
128|-1262.43|-1262.43
129|-1262.43|-1262.43
130|-1262.43|-1262.43
131|-1262.43|-1262.43
132|-1262.43|-1262.43
133|-1262.43|-1262.43
134|-1262.43|-1262.43
135|-1262.43|-1262.43
136|-1262.43|-1262.43
137|-1262.43|-1262.43
138|-1262.43|-1262.43
139|-1262.43|-1262.43
140|-1262.43|-1262.43
141|-1262.43|-1262.43
142|-1262.43|-1262.43
143|-1262.43|-1262.43
144|-1262.43|-1262.43
145|-1262.43|-1262.43
146|-1262.43|-1262.43
147|-1262.43|-1262.43
148|-1262.43|-1262.43
149|-1262.43|-1262.43
150|-1262.43|-1262.43
151|-1262.43|-1262.43
152|-1262.43|-1262.43
153|-1262.43|-1262.43
154|-1262.43|-1262.43
155|-1262.43|-1262.43
156|-1262.43|-1262.43
157|-1262.43|-1262.43
158|-1262.43|-1262.43
159|-1262.43|-1262.43
160|-1262.43|-1262.43
161|-1262.43|-1262.43
162|-1262.43|-1262.43
163|-1262.43|-1262.43
164|-1262.43|-1262.43
165|-1262.43|-1262.43
166|-1262.43|-1262.43
167|-1262.43|-1262.43
168|-1262.43|-1262.43
169|-1262.43|-1262.43
170|-1262.43|-1262.43
171|-1262.43|-1262.43
172|-1262.43|-1262.43
173|-1262.43|-1262.43
174|-1262.43|-1262.43
175|-1262.43|-1262.43
176|-1262.43|-1262.43
177|-1262.43|-1262.43
178|-1262.43|-1262.43
179|-1262.43|-1262.43
180|-1262.43|-1262.43
181|-1262.43|-1262.43
182|-1262.43|-1262.43
183|-1262.43|-1262.43
184|-1262.43|-1262.43
185|-1262.43|-1262.43
186|-1262.43|-1262.43
187|-1262.43|-1262.43
188|-1262.43|-1262.43
189|-1262.43|-1262.43
190|-1262.43|-1262.43
191|-1262.43|-1262.43
192|-1262.43|-1262.43
193|-1262.43|-1262.43
194|-1262.43|-1262.43
195|-1262.43|-1262.43
196|-1262.43|-1262.43
197|-1262.43|-1262.43
198|-1262.43|-1262.43
EARLY STOP: TARGET FOUND
99062ms
