1|480.77|480.77
2|480.469|480.469
3|480.332|480.332
4|480.315|480.315
5|480.314|480.314
6|480.314|480.314
7|474.742|474.742
8|474.693|474.693
9|474.683|474.683
10|474.682|474.682
11|467.618|467.618
12|459.097|459.097
13|459.082|459.082
14|459.082|459.082
15|433.875|433.875
16|426.241|426.241
17|426.176|426.176
18|426.17|426.17
19|426.17|426.17
20|411.255|411.255
21|407.738|407.738
22|407.425|407.425
23|407.282|407.282
24|407.213|407.213
25|407.18|407.18
26|407.172|407.172
27|407.169|407.169
28|407.169|407.169
29|402.2|402.2
30|392.659|392.659
31|390.584|390.584
32|387.419|387.419
33|386.952|386.952
34|386.774|386.774
35|386.699|386.699
36|386.691|386.691
37|386.689|386.689
38|386.689|386.689
39|386.689|386.689
40|383.013|383.013
41|382.945|382.945
42|382.944|382.944
43|361.253|361.253
44|360.892|360.892
45|360.875|360.875
46|360.873|360.873
47|360.873|360.873
48|338.26|338.26
49|337.358|337.358
50|337.322|337.322
51|337.313|337.313
52|337.309|337.309
53|337.306|337.306
54|337.305|337.305
55|337.305|337.305
56|337.305|337.305
57|335.188|335.188
58|328.108|328.108
59|327.489|327.489
60|325.442|325.442
61|324.047|324.047
62|320.677|320.677
63|319.76|319.76
64|319.723|319.723
65|319.705|319.705
66|319.696|319.696
67|319.692|319.692
68|319.692|319.692
69|297.28|297.28
70|294.942|294.942
71|294.725|294.725
72|294.676|294.676
73|294.666|294.666
74|294.665|294.665
75|294.665|294.665
76|294.665|294.665
77|294.665|294.665
78|293.844|293.844
79|290.619|290.619
80|290.134|290.134
81|289.946|289.946
82|289.867|289.867
83|289.83|289.83
84|289.822|289.822
85|289.819|289.819
86|289.819|289.819
87|285.83|285.83
88|275.442|275.442
89|275.299|275.299
90|275.287|275.287
91|275.286|275.286
92|275.286|275.286
93|275.286|275.286
94|267.407|267.407
95|267.346|267.346
96|267.344|267.344
97|267.344|267.344
98|267.343|267.343
99|267.343|267.343
100|243.997|243.997
101|242.15|242.15
102|242.068|242.068
103|242.068|242.068
104|232.548|232.548
105|232.543|232.543
106|232.526|232.526
107|232.525|232.525
108|232.348|232.348
109|232.273|232.273
110|232.265|232.265
111|232.264|232.264
112|232.251|232.251
113|232.245|232.245
114|232.242|232.242
115|232.241|232.241
116|232.24|232.24
117|232.24|232.24
118|232.24|232.24
119|220.398|220.398
120|219.503|219.503
121|219.5|219.5
122|219.499|219.499
123|219.499|219.499
124|219.499|219.499
125|219.499|219.499
126|218.867|218.867
127|218.807|218.807
128|218.78|218.78
129|218.774|218.774
130|218.771|218.771
131|218.77|218.77
132|218.77|218.77
133|218.767|218.767
134|218.766|218.766
135|218.766|218.766
136|218.766|218.766
137|212.565|212.565
138|211.586|211.586
139|210.167|210.167
140|207.606|207.606
141|204.508|204.508
142|204.063|204.063
143|203.895|203.895
144|203.86|203.86
145|203.855|203.855
146|203.855|203.855
147|203.855|203.855
148|193.028|193.028
149|192.754|192.754
150|192.753|192.753
151|192.753|192.753
152|192.753|192.753
153|192.753|192.753
154|192.753|192.753
155|168.105|168.105
156|165.07|165.07
157|164.643|164.643
158|164.486|164.486
159|164.484|164.484
160|164.483|164.483
161|164.482|164.482
162|164.482|164.482
163|164.41|164.41
164|161.399|161.399
165|159.689|159.689
166|159.308|159.308
167|159.218|159.218
168|159.188|159.188
169|159.177|159.177
170|159.176|159.176
171|159.176|159.176
172|159.176|159.176
173|155.17|155.17
174|154.353|154.353
175|154.258|154.258
176|154.235|154.235
177|135.138|135.138
178|135.137|135.137
179|135.137|135.137
180|135.136|135.136
181|135.136|135.136
182|127.619|127.619
183|127.531|127.531
184|127.501|127.501
185|127.496|127.496
186|127.493|127.493
187|127.492|127.492
188|127.492|127.492
189|127.492|127.492
190|127.492|127.492
191|126.688|126.688
192|126.664|126.664
193|126.663|126.663
194|121.193|121.193
195|117.941|117.941
196|108.637|108.637
197|106.375|106.375
198|103.475|103.475
199|103.09|103.09
200|103.052|103.052
201|103.034|103.034
202|103.025|103.025
203|103.021|103.021
204|103.02|103.02
205|103.02|103.02
206|103.02|103.02
207|103.02|103.02
208|103.02|103.02
209|103.02|103.02
210|103.02|103.02
211|103.02|103.02
212|103.02|103.02
213|103.02|103.02
214|103.02|103.02
215|103.02|103.02
216|103.02|103.02
217|103.02|103.02
218|103.02|103.02
219|103.02|103.02
220|103.02|103.02
221|103.02|103.02
222|103.02|103.02
223|103.02|103.02
224|103.02|103.02
225|103.02|103.02
226|103.02|103.02
227|103.02|103.02
228|103.02|103.02
229|103.02|103.02
230|103.02|103.02
231|103.02|103.02
232|103.02|103.02
233|103.02|103.02
234|103.02|103.02
235|103.02|103.02
236|103.02|103.02
237|103.02|103.02
238|103.02|103.02
239|103.02|103.02
240|103.02|103.02
241|103.02|103.02
242|103.02|103.02
243|103.02|103.02
244|103.02|103.02
245|103.02|103.02
246|103.02|103.02
247|103.02|103.02
248|103.02|103.02
249|103.02|103.02
250|103.02|103.02
251|103.02|103.02
252|103.02|103.02
253|103.02|103.02
254|103.02|103.02
255|103.02|103.02
256|103.02|103.02
257|103.02|103.02
258|103.02|103.02
259|103.02|103.02
260|103.02|103.02
261|103.02|103.02
262|103.02|103.02
263|103.02|103.02
264|103.02|103.02
265|103.02|103.02
266|103.02|103.02
267|103.02|103.02
268|103.02|103.02
269|103.02|103.02
270|103.02|103.02
271|103.02|103.02
272|103.02|103.02
273|103.02|103.02
274|103.02|103.02
275|103.02|103.02
276|103.02|103.02
277|103.02|103.02
278|103.02|103.02
279|103.02|103.02
280|103.02|103.02
281|103.02|103.02
282|103.02|103.02
283|103.02|103.02
284|103.02|103.02
285|103.02|103.02
286|103.02|103.02
287|103.02|103.02
288|103.02|103.02
289|103.02|103.02
290|103.02|103.02
291|103.02|103.02
292|103.02|103.02
293|103.02|103.02
294|103.02|103.02
295|103.02|103.02
296|103.02|103.02
297|103.02|103.02
298|103.02|103.02
299|103.02|103.02
300|103.02|103.02
301|103.02|103.02
302|103.02|103.02
303|103.02|103.02
304|103.02|103.02
305|103.02|103.02
306|103.02|103.02
307|103.02|103.02
308|103.02|103.02
309|103.02|103.02
310|103.02|103.02
311|103.02|103.02
312|103.02|103.02
313|103.02|103.02
314|103.02|103.02
315|103.02|103.02
316|103.02|103.02
317|103.02|103.02
318|103.02|103.02
319|103.02|103.02
320|103.02|103.02
321|103.02|103.02
322|103.02|103.02
323|103.02|103.02
324|103.02|103.02
325|103.02|103.02
326|103.02|103.02
327|103.02|103.02
328|103.02|103.02
329|103.02|103.02
330|103.02|103.02
331|103.02|103.02
332|103.02|103.02
333|103.02|103.02
334|103.02|103.02
335|103.02|103.02
336|103.02|103.02
337|103.02|103.02
338|103.02|103.02
339|103.02|103.02
340|103.02|103.02
341|103.02|103.02
342|103.02|103.02
343|103.02|103.02
344|103.02|103.02
345|103.02|103.02
346|103.02|103.02
347|103.02|103.02
348|103.02|103.02
349|103.02|103.02
350|103.02|103.02
351|103.02|103.02
352|103.02|103.02
353|103.02|103.02
354|103.02|103.02
355|103.02|103.02
EARLY STOP: TARGET FOUND
2942590ms
