1|-0.965446|-0.965446
2|-1.32525|-1.32525
3|-1.32808|-1.32808
4|-1.32904|-1.32904
5|-1.3294|-1.3294
6|-1.32948|-1.32948
7|-1.32948|-1.32948
8|-1.32948|-1.32948
9|-1.32949|-1.32949
10|-2.27756|-2.27756
11|-2.32427|-2.32427
12|-2.32839|-2.32839
13|-2.3293|-2.3293
14|-2.32947|-2.32947
15|-2.32948|-2.32948
16|-2.32949|-2.32949
17|-2.78761|-2.78761
18|-2.90322|-2.90322
19|-3.2748|-3.2748
20|-3.2756|-3.2756
21|-3.27565|-3.27565
22|-3.27566|-3.27566
23|-3.27566|-3.27566
24|-3.44431|-3.44431
25|-3.69583|-3.69583
26|-3.85249|-3.85249
27|-3.89184|-3.89184
28|-3.89306|-3.89306
29|-3.89337|-3.89337
30|-3.90146|-3.90146
31|-4.09588|-4.09588
32|-4.29245|-4.29245
33|-4.63489|-4.63489
34|-4.68922|-4.68922
35|-4.68924|-4.68924
36|-4.68929|-4.68929
37|-4.71433|-4.71433
38|-4.77708|-4.77708
39|-5.58625|-5.58625
40|-5.59071|-5.59071
41|-5.59079|-5.59079
42|-5.5908|-5.5908
43|-6.21191|-6.21191
44|-6.54418|-6.54418
45|-6.54418|-6.54418
46|-6.55104|-6.55104
47|-7.16074|-7.16074
48|-7.50151|-7.50151
49|-7.50746|-7.50746
50|-7.51913|-7.51913
51|-7.52068|-7.52068
52|-7.52083|-7.52083
53|-7.52091|-7.52091
54|-7.52093|-7.52093
55|-7.57277|-7.57277
56|-7.59811|-7.59811
57|-7.60123|-7.60123
58|-7.60279|-7.60279
59|-7.60357|-7.60357
60|-7.60396|-7.60396
61|-7.60401|-7.60401
62|-7.83167|-7.83167
63|-8.44893|-8.44893
64|-8.59149|-8.59149
65|-8.5915|-8.5915
66|-8.5915|-8.5915
67|-8.5915|-8.5915
68|-8.5915|-8.5915
69|-8.5915|-8.5915
70|-8.5915|-8.5915
71|-8.5915|-8.5915
72|-8.5915|-8.5915
73|-8.5915|-8.5915
74|-8.5915|-8.5915
75|-8.5915|-8.5915
76|-8.5915|-8.5915
77|-8.5915|-8.5915
78|-8.5915|-8.5915
79|-8.5915|-8.5915
80|-8.5915|-8.5915
81|-8.5915|-8.5915
82|-8.5915|-8.5915
83|-8.5915|-8.5915
84|-8.5915|-8.5915
85|-8.5915|-8.5915
86|-8.5915|-8.5915
87|-8.5915|-8.5915
88|-8.5915|-8.5915
89|-8.5915|-8.5915
90|-8.5915|-8.5915
91|-8.5915|-8.5915
92|-8.5915|-8.5915
93|-8.5915|-8.5915
94|-8.5915|-8.5915
95|-8.5915|-8.5915
96|-8.5915|-8.5915
97|-8.5915|-8.5915
98|-8.5915|-8.5915
99|-8.5915|-8.5915
100|-8.5915|-8.5915
101|-8.5915|-8.5915
102|-8.5915|-8.5915
103|-8.5915|-8.5915
104|-8.5915|-8.5915
105|-8.5915|-8.5915
106|-8.5915|-8.5915
107|-8.5915|-8.5915
108|-8.5915|-8.5915
109|-8.5915|-8.5915
110|-8.5915|-8.5915
111|-8.5915|-8.5915
112|-8.5915|-8.5915
113|-8.5915|-8.5915
114|-8.5915|-8.5915
115|-8.5915|-8.5915
116|-8.5915|-8.5915
117|-8.5915|-8.5915
118|-8.5915|-8.5915
119|-8.5915|-8.5915
120|-8.5915|-8.5915
121|-8.5915|-8.5915
122|-8.5915|-8.5915
123|-8.5915|-8.5915
124|-8.5915|-8.5915
125|-8.5915|-8.5915
126|-8.5915|-8.5915
127|-8.5915|-8.5915
128|-8.5915|-8.5915
129|-8.5915|-8.5915
130|-8.5915|-8.5915
131|-8.5915|-8.5915
132|-8.5915|-8.5915
133|-8.5915|-8.5915
134|-8.5915|-8.5915
135|-8.5915|-8.5915
136|-8.5915|-8.5915
137|-8.5915|-8.5915
138|-8.5915|-8.5915
139|-8.5915|-8.5915
140|-8.5915|-8.5915
141|-8.5915|-8.5915
142|-8.5915|-8.5915
143|-8.5915|-8.5915
144|-8.5915|-8.5915
145|-8.5915|-8.5915
146|-8.5915|-8.5915
147|-8.5915|-8.5915
148|-8.5915|-8.5915
149|-8.5915|-8.5915
150|-8.5915|-8.5915
151|-8.5915|-8.5915
152|-8.5915|-8.5915
153|-8.5915|-8.5915
154|-8.5915|-8.5915
155|-8.5915|-8.5915
156|-8.5915|-8.5915
157|-8.5915|-8.5915
158|-8.5915|-8.5915
159|-8.5915|-8.5915
160|-8.5915|-8.5915
161|-8.5915|-8.5915
162|-8.5915|-8.5915
163|-8.5915|-8.5915
164|-8.5915|-8.5915
165|-8.5915|-8.5915
166|-8.5915|-8.5915
167|-8.5915|-8.5915
168|-8.5915|-8.5915
169|-8.5915|-8.5915
170|-8.5915|-8.5915
171|-8.5915|-8.5915
172|-8.5915|-8.5915
173|-8.5915|-8.5915
174|-8.5915|-8.5915
175|-8.5915|-8.5915
176|-8.5915|-8.5915
177|-8.5915|-8.5915
178|-8.5915|-8.5915
179|-8.5915|-8.5915
180|-8.5915|-8.5915
181|-8.5915|-8.5915
182|-8.5915|-8.5915
183|-8.5915|-8.5915
184|-8.5915|-8.5915
185|-8.5915|-8.5915
186|-8.5915|-8.5915
187|-8.5915|-8.5915
188|-8.5915|-8.5915
189|-8.5915|-8.5915
190|-8.5915|-8.5915
191|-8.5915|-8.5915
192|-8.5915|-8.5915
193|-8.5915|-8.5915
194|-8.5915|-8.5915
195|-8.5915|-8.5915
196|-8.5915|-8.5915
197|-8.5915|-8.5915
198|-8.5915|-8.5915
199|-8.5915|-8.5915
200|-8.5915|-8.5915
201|-8.5915|-8.5915
202|-8.5915|-8.5915
203|-8.5915|-8.5915
204|-8.5915|-8.5915
205|-8.5915|-8.5915
206|-8.5915|-8.5915
207|-8.5915|-8.5915
208|-8.5915|-8.5915
209|-8.5915|-8.5915
210|-8.5915|-8.5915
211|-8.5915|-8.5915
212|-8.5915|-8.5915
213|-8.5915|-8.5915
214|-8.5915|-8.5915
215|-8.5915|-8.5915
EARLY STOP: TARGET FOUND
251564ms
