1|-2.23667|-2.23667
2|-2.25716|-2.25716
3|-2.26596|-2.26596
4|-2.26699|-2.26699
5|-2.26749|-2.26749
6|-2.26775|-2.26775
7|-2.26787|-2.26787
8|-2.78071|-2.78071
9|-3.00938|-3.00938
10|-3.06684|-3.06684
11|-3.07765|-3.07765
12|-3.07843|-3.07843
13|-3.07854|-3.07854
14|-3.07854|-3.07854
15|-3.0865|-3.0865
16|-3.66437|-3.66437
17|-4.03002|-4.03002
18|-4.03191|-4.03191
19|-4.03275|-4.03275
20|-4.03315|-4.03315
21|-4.0332|-4.0332
22|-4.03322|-4.03322
23|-4.03323|-4.03323
24|-4.22519|-4.22519
25|-4.23586|-4.23586
26|-4.2362|-4.2362
27|-4.23622|-4.23622
28|-4.23622|-4.23622
29|-4.32268|-4.32268
30|-4.34525|-4.34525
31|-4.35665|-4.35665
32|-4.36237|-4.36237
33|-4.3638|-4.3638
34|-4.36452|-4.36452
35|-4.36487|-4.36487
36|-4.82346|-4.82346
37|-5.05242|-5.05242
38|-5.08357|-5.08357
39|-5.08714|-5.08714
40|-5.08889|-5.08889
41|-5.08976|-5.08976
42|-5.08997|-5.08997
43|-5.09008|-5.09008
44|-5.09014|-5.09014
45|-5.09016|-5.09016
46|-5.25732|-5.25732
47|-5.55778|-5.55778
48|-5.56877|-5.56877
49|-5.56946|-5.56946
50|-5.56963|-5.56963
51|-5.83601|-5.83601
52|-5.97247|-5.97247
53|-6.1253|-6.1253
54|-6.20047|-6.20047
55|-6.20956|-6.20956
56|-6.21069|-6.21069
57|-6.21097|-6.21097
58|-6.21111|-6.21111
59|-6.3378|-6.3378
60|-6.34683|-6.34683
61|-6.34783|-6.34783
62|-6.3481|-6.3481
63|-6.34813|-6.34813
64|-6.34814|-6.34814
65|-6.34814|-6.34814
66|-6.82593|-6.82593
67|-6.89756|-6.89756
68|-6.89767|-6.89767
69|-6.89767|-6.89767
70|-6.89767|-6.89767
71|-6.89767|-6.89767
72|-6.89767|-6.89767
73|-6.89767|-6.89767
74|-6.89767|-6.89767
75|-6.89767|-6.89767
76|-6.89767|-6.89767
77|-6.89767|-6.89767
78|-6.89767|-6.89767
79|-6.89767|-6.89767
80|-6.89767|-6.89767
81|-6.89767|-6.89767
82|-6.89767|-6.89767
83|-6.89767|-6.89767
84|-6.89767|-6.89767
85|-6.89767|-6.89767
86|-6.89767|-6.89767
87|-6.89767|-6.89767
88|-6.89767|-6.89767
89|-6.89767|-6.89767
90|-6.89767|-6.89767
91|-6.89767|-6.89767
92|-6.89767|-6.89767
93|-6.89767|-6.89767
94|-6.89767|-6.89767
95|-6.89767|-6.89767
96|-6.89767|-6.89767
97|-6.89767|-6.89767
98|-6.89767|-6.89767
99|-6.89767|-6.89767
100|-6.89767|-6.89767
101|-6.89767|-6.89767
102|-6.89767|-6.89767
103|-6.89767|-6.89767
104|-6.89767|-6.89767
105|-6.89767|-6.89767
106|-6.89767|-6.89767
107|-6.89767|-6.89767
108|-6.89767|-6.89767
109|-6.89767|-6.89767
110|-6.89767|-6.89767
111|-6.89767|-6.89767
112|-6.89767|-6.89767
113|-6.89767|-6.89767
114|-6.89767|-6.89767
115|-6.89767|-6.89767
116|-6.89767|-6.89767
117|-6.89767|-6.89767
118|-6.89767|-6.89767
119|-6.89767|-6.89767
120|-6.89767|-6.89767
121|-6.89767|-6.89767
122|-6.89767|-6.89767
123|-6.89767|-6.89767
124|-6.89767|-6.89767
125|-6.89767|-6.89767
126|-6.89767|-6.89767
127|-6.89767|-6.89767
128|-6.89767|-6.89767
129|-6.89767|-6.89767
130|-6.89767|-6.89767
131|-6.89767|-6.89767
132|-6.89767|-6.89767
133|-6.89767|-6.89767
134|-6.89767|-6.89767
135|-6.89767|-6.89767
136|-6.89767|-6.89767
137|-6.89767|-6.89767
138|-6.89767|-6.89767
139|-6.89767|-6.89767
140|-6.89767|-6.89767
141|-6.89767|-6.89767
142|-6.89767|-6.89767
143|-6.89767|-6.89767
144|-6.89767|-6.89767
145|-6.89767|-6.89767
146|-6.89767|-6.89767
147|-6.89767|-6.89767
148|-6.89767|-6.89767
149|-6.89767|-6.89767
150|-6.89767|-6.89767
151|-6.89767|-6.89767
152|-6.89767|-6.89767
153|-6.89767|-6.89767
154|-6.89767|-6.89767
155|-6.89767|-6.89767
156|-6.89767|-6.89767
157|-6.89767|-6.89767
158|-6.89767|-6.89767
159|-6.89767|-6.89767
160|-6.89767|-6.89767
161|-6.89767|-6.89767
162|-6.89767|-6.89767
163|-6.89767|-6.89767
164|-6.89767|-6.89767
165|-6.89767|-6.89767
166|-6.89767|-6.89767
167|-6.89767|-6.89767
168|-6.89767|-6.89767
169|-6.89767|-6.89767
170|-6.89767|-6.89767
171|-6.89767|-6.89767
172|-6.89767|-6.89767
173|-6.89767|-6.89767
174|-6.89767|-6.89767
175|-6.89767|-6.89767
176|-6.89767|-6.89767
177|-6.89767|-6.89767
178|-6.89767|-6.89767
179|-6.89767|-6.89767
180|-6.89767|-6.89767
181|-6.89767|-6.89767
182|-6.89767|-6.89767
183|-6.89767|-6.89767
184|-6.89767|-6.89767
185|-6.89767|-6.89767
186|-6.89767|-6.89767
187|-6.89767|-6.89767
188|-6.89767|-6.89767
189|-6.89767|-6.89767
190|-6.89767|-6.89767
191|-6.89767|-6.89767
192|-6.89767|-6.89767
193|-6.89767|-6.89767
194|-6.89767|-6.89767
195|-6.89767|-6.89767
196|-6.89767|-6.89767
197|-6.89767|-6.89767
198|-6.89767|-6.89767
199|-6.89767|-6.89767
200|-6.89767|-6.89767
201|-6.89767|-6.89767
202|-6.89767|-6.89767
203|-6.89767|-6.89767
204|-6.89767|-6.89767
205|-6.89767|-6.89767
206|-6.89767|-6.89767
207|-6.89767|-6.89767
208|-6.89767|-6.89767
209|-6.89767|-6.89767
210|-6.89767|-6.89767
211|-6.89767|-6.89767
212|-6.89767|-6.89767
213|-6.89767|-6.89767
214|-6.89767|-6.89767
215|-6.89767|-6.89767
216|-6.89767|-6.89767
217|-6.89767|-6.89767
218|-6.89767|-6.89767
219|-6.89767|-6.89767
220|-6.89767|-6.89767
EARLY STOP: TARGET FOUND
503917ms
