1|-1.50385|-1.50385
2|-1.50391|-1.50391
3|-1.50391|-1.50391
4|-1.50391|-1.50391
5|-1.57621|-1.57621
6|-1.89303|-1.89303
7|-1.90414|-1.90414
8|-1.90844|-1.90844
9|-1.90937|-1.90937
10|-1.9096|-1.9096
11|-1.90971|-1.90971
12|-1.90974|-1.90974
13|-1.91748|-1.91748
14|-1.91886|-1.91886
15|-1.9191|-1.9191
16|-1.91916|-1.91916
17|-1.91917|-1.91917
18|-1.91918|-1.91918
19|-1.9599|-1.9599
20|-2.0504|-2.0504
21|-2.09722|-2.09722
22|-2.10607|-2.10607
23|-2.10803|-2.10803
24|-2.10897|-2.10897
25|-2.10943|-2.10943
26|-2.10954|-2.10954
27|-2.1096|-2.1096
28|-2.16791|-2.16791
29|-2.90133|-2.90133
30|-2.94732|-2.94732
31|-2.94745|-2.94745
32|-2.94745|-2.94745
33|-2.94745|-2.94745
34|-3.08346|-3.08346
35|-3.40059|-3.40059
36|-3.44763|-3.44763
37|-3.75207|-3.75207
38|-3.7749|-3.7749
39|-3.77641|-3.77641
40|-3.77652|-3.77652
41|-3.77654|-3.77654
42|-3.77654|-3.77654
43|-3.77655|-3.77655
44|-4.02091|-4.02091
45|-4.0733|-4.0733
46|-4.18209|-4.18209
47|-4.20841|-4.20841
48|-4.21484|-4.21484
49|-4.21803|-4.21803
50|-4.21813|-4.21813
51|-4.24261|-4.24261
52|-4.54078|-4.54078
53|-4.55924|-4.55924
54|-4.56835|-4.56835
55|-4.57062|-4.57062
56|-4.57175|-4.57175
57|-4.57203|-4.57203
58|-4.57217|-4.57217
59|-5.26039|-5.26039
60|-5.27509|-5.27509
61|-5.28708|-5.28708
62|-5.28771|-5.28771
63|-5.28778|-5.28778
64|-5.28779|-5.28779
65|-5.30254|-5.30254
66|-5.30478|-5.30478
67|-5.30485|-5.30485
68|-5.30489|-5.30489
69|-5.30489|-5.30489
70|-5.30489|-5.30489
71|-5.30489|-5.30489
72|-5.30489|-5.30489
73|-5.30489|-5.30489
74|-5.30489|-5.30489
75|-5.30489|-5.30489
76|-5.30489|-5.30489
77|-5.30489|-5.30489
78|-5.30489|-5.30489
79|-5.30489|-5.30489
80|-5.30489|-5.30489
81|-5.30489|-5.30489
82|-5.30489|-5.30489
83|-5.30489|-5.30489
84|-5.30489|-5.30489
85|-5.30489|-5.30489
86|-5.30489|-5.30489
87|-5.30489|-5.30489
88|-5.30489|-5.30489
89|-5.30489|-5.30489
90|-5.30489|-5.30489
91|-5.30489|-5.30489
92|-5.30489|-5.30489
93|-5.30489|-5.30489
94|-5.30489|-5.30489
95|-5.30489|-5.30489
96|-5.30489|-5.30489
97|-5.30489|-5.30489
98|-5.30489|-5.30489
99|-5.30489|-5.30489
100|-5.30489|-5.30489
101|-5.30489|-5.30489
102|-5.30489|-5.30489
103|-5.30489|-5.30489
104|-5.30489|-5.30489
105|-5.30489|-5.30489
106|-5.30489|-5.30489
107|-5.30489|-5.30489
108|-5.30489|-5.30489
109|-5.30489|-5.30489
110|-5.30489|-5.30489
111|-5.30489|-5.30489
112|-5.30489|-5.30489
113|-5.30489|-5.30489
114|-5.30489|-5.30489
115|-5.30489|-5.30489
116|-5.30489|-5.30489
117|-5.30489|-5.30489
118|-5.30489|-5.30489
119|-5.30489|-5.30489
120|-5.30489|-5.30489
121|-5.30489|-5.30489
122|-5.30489|-5.30489
123|-5.30489|-5.30489
124|-5.30489|-5.30489
125|-5.30489|-5.30489
126|-5.30489|-5.30489
127|-5.30489|-5.30489
128|-5.30489|-5.30489
129|-5.30489|-5.30489
130|-5.30489|-5.30489
131|-5.30489|-5.30489
132|-5.30489|-5.30489
133|-5.30489|-5.30489
134|-5.30489|-5.30489
135|-5.30489|-5.30489
136|-5.30489|-5.30489
137|-5.30489|-5.30489
138|-5.30489|-5.30489
139|-5.30489|-5.30489
140|-5.30489|-5.30489
141|-5.30489|-5.30489
142|-5.30489|-5.30489
143|-5.30489|-5.30489
144|-5.30489|-5.30489
145|-5.30489|-5.30489
146|-5.30489|-5.30489
147|-5.30489|-5.30489
148|-5.30489|-5.30489
149|-5.30489|-5.30489
150|-5.30489|-5.30489
151|-5.30489|-5.30489
152|-5.30489|-5.30489
153|-5.30489|-5.30489
154|-5.30489|-5.30489
155|-5.30489|-5.30489
156|-5.30489|-5.30489
157|-5.30489|-5.30489
158|-5.30489|-5.30489
159|-5.30489|-5.30489
160|-5.30489|-5.30489
161|-5.30489|-5.30489
162|-5.30489|-5.30489
163|-5.30489|-5.30489
164|-5.30489|-5.30489
165|-5.30489|-5.30489
166|-5.30489|-5.30489
167|-5.30489|-5.30489
168|-5.30489|-5.30489
169|-5.30489|-5.30489
170|-5.30489|-5.30489
171|-5.30489|-5.30489
172|-5.30489|-5.30489
173|-5.30489|-5.30489
174|-5.30489|-5.30489
175|-5.30489|-5.30489
176|-5.30489|-5.30489
177|-5.30489|-5.30489
178|-5.30489|-5.30489
179|-5.30489|-5.30489
180|-5.30489|-5.30489
181|-5.30489|-5.30489
182|-5.30489|-5.30489
183|-5.30489|-5.30489
184|-5.30489|-5.30489
185|-5.30489|-5.30489
186|-5.30489|-5.30489
187|-5.30489|-5.30489
188|-5.30489|-5.30489
189|-5.30489|-5.30489
190|-5.30489|-5.30489
191|-5.30489|-5.30489
192|-5.30489|-5.30489
193|-5.30489|-5.30489
194|-5.30489|-5.30489
195|-5.30489|-5.30489
196|-5.30489|-5.30489
197|-5.30489|-5.30489
198|-5.30489|-5.30489
199|-5.30489|-5.30489
200|-5.30489|-5.30489
201|-5.30489|-5.30489
202|-5.30489|-5.30489
203|-5.30489|-5.30489
204|-5.30489|-5.30489
205|-5.30489|-5.30489
206|-5.30489|-5.30489
207|-5.30489|-5.30489
208|-5.30489|-5.30489
209|-5.30489|-5.30489
210|-5.30489|-5.30489
211|-5.30489|-5.30489
212|-5.30489|-5.30489
213|-5.30489|-5.30489
214|-5.30489|-5.30489
215|-5.30489|-5.30489
216|-5.30489|-5.30489
217|-5.30489|-5.30489
218|-5.30489|-5.30489
EARLY STOP: TARGET FOUND
252453ms
