1|-0.972252|-0.972252
2|-1.20044|-1.20044
3|-1.21891|-1.21891
4|-1.21993|-1.21993
5|-1.22019|-1.22019
6|-1.22031|-1.22031
7|-1.22034|-1.22034
8|-1.22036|-1.22036
9|-1.22037|-1.22037
10|-1.437|-1.437
11|-1.53408|-1.53408
12|-1.55602|-1.55602
13|-1.56629|-1.56629
14|-1.56754|-1.56754
15|-1.56769|-1.56769
16|-1.56777|-1.56777
17|-1.56781|-1.56781
18|-1.59285|-1.59285
19|-1.88041|-1.88041
20|-2.29975|-2.29975
21|-2.47494|-2.47494
22|-2.52523|-2.52523
23|-2.52605|-2.52605
24|-2.52613|-2.52613
25|-2.52615|-2.52615
26|-2.52616|-2.52616
27|-2.52683|-2.52683
28|-2.52684|-2.52684
29|-2.52685|-2.52685
30|-2.52685|-2.52685
31|-2.52685|-2.52685
32|-2.52685|-2.52685
33|-2.89638|-2.89638
34|-3.2183|-3.2183
35|-3.33294|-3.33294
36|-3.34201|-3.34201
37|-3.34603|-3.34603
38|-3.34698|-3.34698
39|-3.3471|-3.3471
40|-3.34711|-3.34711
41|-3.47422|-3.47422
42|-3.47514|-3.47514
43|-3.47988|-3.47988
44|-3.48056|-3.48056
45|-3.48082|-3.48082
46|-3.48088|-3.48088
47|-3.48091|-3.48091
48|-3.48092|-3.48092
49|-3.48092|-3.48092
50|-3.74329|-3.74329
51|-3.90517|-3.90517
52|-3.94904|-3.94904
53|-3.96003|-3.96003
54|-3.96037|-3.96037
55|-3.96054|-3.96054
56|-3.96058|-3.96058
57|-3.97858|-3.97858
58|-4.0233|-4.0233
59|-4.03011|-4.03011
60|-4.03263|-4.03263
61|-4.04446|-4.04446
62|-4.6629|-4.6629
63|-4.66865|-4.66865
64|-4.66876|-4.66876
65|-4.66877|-4.66877
66|-4.66882|-4.66882
67|-5.60235|-5.60235
68|-5.60499|-5.60499
69|-5.60562|-5.60562
70|-6.14674|-6.14674
71|-6.15794|-6.15794
72|-6.15802|-6.15802
73|-6.15803|-6.15803
74|-6.15803|-6.15803
75|-6.15803|-6.15803
76|-6.15803|-6.15803
77|-6.15803|-6.15803
78|-6.15803|-6.15803
79|-6.15803|-6.15803
80|-6.15803|-6.15803
81|-6.15803|-6.15803
82|-6.15803|-6.15803
83|-6.15803|-6.15803
84|-6.15803|-6.15803
85|-6.15803|-6.15803
86|-6.15803|-6.15803
87|-6.15803|-6.15803
88|-6.15803|-6.15803
89|-6.15803|-6.15803
90|-6.15803|-6.15803
91|-6.15803|-6.15803
92|-6.15803|-6.15803
93|-6.15803|-6.15803
94|-6.15803|-6.15803
95|-6.15803|-6.15803
96|-6.15803|-6.15803
97|-6.15803|-6.15803
98|-6.15803|-6.15803
99|-6.15803|-6.15803
100|-6.15803|-6.15803
101|-6.15803|-6.15803
102|-6.15803|-6.15803
103|-6.15803|-6.15803
104|-6.15803|-6.15803
105|-6.15803|-6.15803
106|-6.15803|-6.15803
107|-6.15803|-6.15803
108|-6.15803|-6.15803
109|-6.15803|-6.15803
110|-6.15803|-6.15803
111|-6.15803|-6.15803
112|-6.15803|-6.15803
113|-6.15803|-6.15803
114|-6.15803|-6.15803
115|-6.15803|-6.15803
116|-6.15803|-6.15803
117|-6.15803|-6.15803
118|-6.15803|-6.15803
119|-6.15803|-6.15803
120|-6.15803|-6.15803
121|-6.15803|-6.15803
122|-6.15803|-6.15803
123|-6.15803|-6.15803
124|-6.15803|-6.15803
125|-6.15803|-6.15803
126|-6.15803|-6.15803
127|-6.15803|-6.15803
128|-6.15803|-6.15803
129|-6.15803|-6.15803
130|-6.15803|-6.15803
131|-6.15803|-6.15803
132|-6.15803|-6.15803
133|-6.15803|-6.15803
134|-6.15803|-6.15803
135|-6.15803|-6.15803
136|-6.15803|-6.15803
137|-6.15803|-6.15803
138|-6.15803|-6.15803
139|-6.15803|-6.15803
140|-6.15803|-6.15803
141|-6.15803|-6.15803
142|-6.15803|-6.15803
143|-6.15803|-6.15803
144|-6.15803|-6.15803
145|-6.15803|-6.15803
146|-6.15803|-6.15803
147|-6.15803|-6.15803
148|-6.15803|-6.15803
149|-6.15803|-6.15803
150|-6.15803|-6.15803
151|-6.15803|-6.15803
152|-6.15803|-6.15803
153|-6.15803|-6.15803
154|-6.15803|-6.15803
155|-6.15803|-6.15803
156|-6.15803|-6.15803
157|-6.15803|-6.15803
158|-6.15803|-6.15803
159|-6.15803|-6.15803
160|-6.15803|-6.15803
161|-6.15803|-6.15803
162|-6.15803|-6.15803
163|-6.15803|-6.15803
164|-6.15803|-6.15803
165|-6.15803|-6.15803
166|-6.15803|-6.15803
167|-6.15803|-6.15803
168|-6.15803|-6.15803
169|-6.15803|-6.15803
170|-6.15803|-6.15803
171|-6.15803|-6.15803
172|-6.15803|-6.15803
173|-6.15803|-6.15803
174|-6.15803|-6.15803
175|-6.15803|-6.15803
176|-6.15803|-6.15803
177|-6.15803|-6.15803
178|-6.15803|-6.15803
179|-6.15803|-6.15803
180|-6.15803|-6.15803
181|-6.15803|-6.15803
182|-6.15803|-6.15803
183|-6.15803|-6.15803
184|-6.15803|-6.15803
185|-6.15803|-6.15803
186|-6.15803|-6.15803
187|-6.15803|-6.15803
188|-6.15803|-6.15803
189|-6.15803|-6.15803
190|-6.15803|-6.15803
191|-6.15803|-6.15803
192|-6.15803|-6.15803
193|-6.15803|-6.15803
194|-6.15803|-6.15803
195|-6.15803|-6.15803
196|-6.15803|-6.15803
197|-6.15803|-6.15803
198|-6.15803|-6.15803
199|-6.15803|-6.15803
200|-6.15803|-6.15803
201|-6.15803|-6.15803
202|-6.15803|-6.15803
203|-6.15803|-6.15803
204|-6.15803|-6.15803
205|-6.15803|-6.15803
206|-6.15803|-6.15803
207|-6.15803|-6.15803
208|-6.15803|-6.15803
209|-6.15803|-6.15803
210|-6.15803|-6.15803
211|-6.15803|-6.15803
212|-6.15803|-6.15803
213|-6.15803|-6.15803
214|-6.15803|-6.15803
215|-6.15803|-6.15803
216|-6.15803|-6.15803
217|-6.15803|-6.15803
218|-6.15803|-6.15803
219|-6.15803|-6.15803
220|-6.15803|-6.15803
221|-6.15803|-6.15803
222|-6.15803|-6.15803
223|-6.15803|-6.15803
EARLY STOP: TARGET FOUND
250948ms
