1|184.886|184.886
2|183.469|183.469
3|183.328|183.328
4|183.261|183.261
5|183.26|183.26
6|183.259|183.259
7|177.834|177.834
8|163.404|163.404
9|162.108|162.108
10|162.107|162.107
11|162.107|162.107
12|140.395|140.395
13|140.395|140.395
14|138.995|138.995
15|138.99|138.99
16|138.99|138.99
17|127.842|127.842
18|127.804|127.804
19|107.809|107.809
20|107.804|107.804
21|107.746|107.746
22|107.737|107.737
23|107.734|107.734
24|107.733|107.733
25|107.732|107.732
26|107.732|107.732
27|107.732|107.732
28|83.7456|83.7456
29|83.2625|83.2625
30|83.2399|83.2399
31|83.2398|83.2398
32|73.2228|73.2228
33|72.602|72.602
34|69.3339|69.3339
35|68.4837|68.4837
36|68.4815|68.4815
37|68.4813|68.4813
38|60.4721|60.4721
39|60.4454|60.4454
40|60.4428|60.4428
41|60.4422|60.4422
42|60.442|60.442
43|60.442|60.442
44|49.3393|49.3393
45|49.2376|49.2376
46|49.0266|49.0266
47|48.9985|48.9985
48|48.993|48.993
49|48.9924|48.9924
50|48.9921|48.9921
51|48.9919|48.9919
52|48.9918|48.9918
53|48.9918|48.9918
54|48.5074|48.5074
55|38.4152|38.4152
56|37.9356|37.9356
57|37.7509|37.7509
58|37.6728|37.6728
59|37.6373|37.6373
60|37.637|37.637
61|27.6774|27.6774
62|22.1484|22.1484
63|21.428|21.428
64|21.3715|21.3715
65|21.3699|21.3699
66|21.3699|21.3699
67|21.3699|21.3699
68|21.3699|21.3699
69|21.3699|21.3699
70|21.3699|21.3699
71|21.3699|21.3699
72|21.3699|21.3699
73|21.3699|21.3699
74|21.3699|21.3699
75|21.3699|21.3699
76|21.3699|21.3699
77|21.3699|21.3699
78|21.3699|21.3699
79|21.3699|21.3699
80|21.3699|21.3699
81|21.3699|21.3699
82|21.3699|21.3699
83|21.3699|21.3699
84|21.3699|21.3699
85|21.3699|21.3699
86|21.3699|21.3699
87|21.3699|21.3699
88|21.3699|21.3699
89|21.3699|21.3699
90|21.3699|21.3699
91|21.3699|21.3699
92|21.3699|21.3699
93|21.3699|21.3699
94|21.3699|21.3699
95|21.3699|21.3699
96|21.3699|21.3699
97|21.3699|21.3699
98|21.3699|21.3699
99|21.3699|21.3699
100|21.3699|21.3699
101|21.3699|21.3699
102|21.3699|21.3699
103|21.3699|21.3699
104|21.3699|21.3699
105|21.3699|21.3699
106|21.3699|21.3699
107|21.3699|21.3699
108|21.3699|21.3699
109|21.3699|21.3699
110|21.3699|21.3699
111|21.3699|21.3699
112|21.3699|21.3699
113|21.3699|21.3699
114|21.3699|21.3699
115|21.3699|21.3699
116|21.3699|21.3699
117|21.3699|21.3699
118|21.3699|21.3699
119|21.3699|21.3699
120|21.3699|21.3699
121|21.3699|21.3699
122|21.3699|21.3699
123|21.3699|21.3699
124|21.3699|21.3699
125|21.3699|21.3699
126|21.3699|21.3699
127|21.3699|21.3699
128|21.3699|21.3699
129|21.3699|21.3699
130|21.3699|21.3699
131|21.3699|21.3699
132|21.3699|21.3699
133|21.3699|21.3699
134|21.3699|21.3699
135|21.3699|21.3699
136|21.3699|21.3699
137|21.3699|21.3699
138|21.3699|21.3699
139|21.3699|21.3699
140|21.3699|21.3699
141|21.3699|21.3699
142|21.3699|21.3699
143|21.3699|21.3699
144|21.3699|21.3699
145|21.3699|21.3699
146|21.3699|21.3699
147|21.3699|21.3699
148|21.3699|21.3699
149|21.3699|21.3699
150|21.3699|21.3699
151|21.3699|21.3699
152|21.3699|21.3699
153|21.3699|21.3699
154|21.3699|21.3699
155|21.3699|21.3699
156|21.3699|21.3699
157|21.3699|21.3699
158|21.3699|21.3699
159|21.3699|21.3699
160|21.3699|21.3699
161|21.3699|21.3699
162|21.3699|21.3699
163|21.3699|21.3699
164|21.3699|21.3699
165|21.3699|21.3699
166|21.3699|21.3699
167|21.3699|21.3699
168|21.3699|21.3699
169|21.3699|21.3699
170|21.3699|21.3699
171|21.3699|21.3699
172|21.3699|21.3699
173|21.3699|21.3699
174|21.3699|21.3699
175|21.3699|21.3699
176|21.3699|21.3699
177|21.3699|21.3699
178|21.3699|21.3699
179|21.3699|21.3699
180|21.3699|21.3699
181|21.3699|21.3699
182|21.3699|21.3699
183|21.3699|21.3699
184|21.3699|21.3699
185|21.3699|21.3699
186|21.3699|21.3699
187|21.3699|21.3699
188|21.3699|21.3699
189|21.3699|21.3699
190|21.3699|21.3699
191|21.3699|21.3699
192|21.3699|21.3699
193|21.3699|21.3699
194|21.3699|21.3699
195|21.3699|21.3699
196|21.3699|21.3699
197|21.3699|21.3699
198|21.3699|21.3699
199|21.3699|21.3699
200|21.3699|21.3699
201|21.3699|21.3699
202|21.3699|21.3699
203|21.3699|21.3699
204|21.3699|21.3699
205|21.3699|21.3699
206|21.3699|21.3699
207|21.3699|21.3699
208|21.3699|21.3699
209|21.3699|21.3699
210|21.3699|21.3699
211|21.3699|21.3699
212|21.3699|21.3699
213|21.3699|21.3699
214|21.3699|21.3699
215|21.3699|21.3699
216|21.3699|21.3699
217|21.3699|21.3699
EARLY STOP: TARGET FOUND
261237ms
