1|-0.638499|-0.638499
2|-0.638724|-0.638724
3|-0.639142|-0.639142
4|-0.639326|-0.639326
5|-0.639435|-0.639435
6|-0.639464|-0.639464
7|-0.639471|-0.639471
8|-0.639473|-0.639473
9|-0.639474|-0.639474
10|-0.641548|-0.641548
11|-1.0333|-1.0333
12|-1.04314|-1.04314
13|-1.04506|-1.04506
14|-1.04528|-1.04528
15|-1.04534|-1.04534
16|-1.04535|-1.04535
17|-1.04536|-1.04536
18|-1.25866|-1.25866
19|-1.49094|-1.49094
20|-1.52606|-1.52606
21|-1.54394|-1.54394
22|-1.54619|-1.54619
23|-1.54732|-1.54732
24|-1.54788|-1.54788
25|-1.54802|-1.54802
26|-1.54806|-1.54806
27|-1.97781|-1.97781
28|-2.11776|-2.11776
29|-2.13188|-2.13188
30|-2.13527|-2.13527
31|-2.13694|-2.13694
32|-2.13777|-2.13777
33|-2.13798|-2.13798
34|-2.13808|-2.13808
35|-2.13814|-2.13814
36|-2.27937|-2.27937
37|-2.47765|-2.47765
38|-2.91042|-2.91042
39|-2.92597|-2.92597
40|-2.93322|-2.93322
41|-2.93406|-2.93406
42|-2.93406|-2.93406
43|-3.01785|-3.01785
44|-3.05403|-3.05403
45|-3.05847|-3.05847
46|-3.06234|-3.06234
47|-3.0626|-3.0626
48|-3.06265|-3.06265
49|-3.06266|-3.06266
50|-3.76182|-3.76182
51|-3.8426|-3.8426
52|-3.84484|-3.84484
53|-3.84486|-3.84486
54|-3.84486|-3.84486
55|-3.84662|-3.84662
56|-4.77479|-4.77479
57|-4.81539|-4.81539
58|-4.82305|-4.82305
59|-4.82553|-4.82553
60|-4.82642|-4.82642
61|-4.82651|-4.82651
62|-4.82656|-4.82656
63|-4.82657|-4.82657
64|-5.13615|-5.13615
65|-5.43285|-5.43285
66|-5.53847|-5.53847
67|-5.61324|-5.61324
68|-5.648|-5.648
69|-5.66455|-5.66455
70|-5.6726|-5.6726
71|-5.67458|-5.67458
72|-5.67557|-5.67557
73|-5.6757|-5.6757
74|-5.82626|-5.82626
75|-5.82689|-5.82689
76|-5.8272|-5.8272
77|-5.82735|-5.82735
78|-5.82743|-5.82743
79|-5.82743|-5.82743
80|-5.82743|-5.82743
81|-5.82743|-5.82743
82|-5.82743|-5.82743
83|-5.82743|-5.82743
84|-5.82743|-5.82743
85|-5.82743|-5.82743
86|-5.82743|-5.82743
87|-5.82743|-5.82743
88|-5.82743|-5.82743
89|-5.82743|-5.82743
90|-5.82743|-5.82743
91|-5.82743|-5.82743
92|-5.82743|-5.82743
93|-5.82743|-5.82743
94|-5.82743|-5.82743
95|-5.82743|-5.82743
96|-5.82743|-5.82743
97|-5.82743|-5.82743
98|-5.82743|-5.82743
99|-5.82743|-5.82743
100|-5.82743|-5.82743
101|-5.82743|-5.82743
102|-5.82743|-5.82743
103|-5.82743|-5.82743
104|-5.82743|-5.82743
105|-5.82743|-5.82743
106|-5.82743|-5.82743
107|-5.82743|-5.82743
108|-5.82743|-5.82743
109|-5.82743|-5.82743
110|-5.82743|-5.82743
111|-5.82743|-5.82743
112|-5.82743|-5.82743
113|-5.82743|-5.82743
114|-5.82743|-5.82743
115|-5.82743|-5.82743
116|-5.82743|-5.82743
117|-5.82743|-5.82743
118|-5.82743|-5.82743
119|-5.82743|-5.82743
120|-5.82743|-5.82743
121|-5.82743|-5.82743
122|-5.82743|-5.82743
123|-5.82743|-5.82743
124|-5.82743|-5.82743
125|-5.82743|-5.82743
126|-5.82743|-5.82743
127|-5.82743|-5.82743
128|-5.82743|-5.82743
129|-5.82743|-5.82743
130|-5.82743|-5.82743
131|-5.82743|-5.82743
132|-5.82743|-5.82743
133|-5.82743|-5.82743
134|-5.82743|-5.82743
135|-5.82743|-5.82743
136|-5.82743|-5.82743
137|-5.82743|-5.82743
138|-5.82743|-5.82743
139|-5.82743|-5.82743
140|-5.82743|-5.82743
141|-5.82743|-5.82743
142|-5.82743|-5.82743
143|-5.82743|-5.82743
144|-5.82743|-5.82743
145|-5.82743|-5.82743
146|-5.82743|-5.82743
147|-5.82743|-5.82743
148|-5.82743|-5.82743
149|-5.82743|-5.82743
150|-5.82743|-5.82743
151|-5.82743|-5.82743
152|-5.82743|-5.82743
153|-5.82743|-5.82743
154|-5.82743|-5.82743
155|-5.82743|-5.82743
156|-5.82743|-5.82743
157|-5.82743|-5.82743
158|-5.82743|-5.82743
159|-5.82743|-5.82743
160|-5.82743|-5.82743
161|-5.82743|-5.82743
162|-5.82743|-5.82743
163|-5.82743|-5.82743
164|-5.82743|-5.82743
165|-5.82743|-5.82743
166|-5.82743|-5.82743
167|-5.82743|-5.82743
168|-5.82743|-5.82743
169|-5.82743|-5.82743
170|-5.82743|-5.82743
171|-5.82743|-5.82743
172|-5.82743|-5.82743
173|-5.82743|-5.82743
174|-5.82743|-5.82743
175|-5.82743|-5.82743
176|-5.82743|-5.82743
177|-5.82743|-5.82743
178|-5.82743|-5.82743
179|-5.82743|-5.82743
180|-5.82743|-5.82743
181|-5.82743|-5.82743
182|-5.82743|-5.82743
183|-5.82743|-5.82743
184|-5.82743|-5.82743
185|-5.82743|-5.82743
186|-5.82743|-5.82743
187|-5.82743|-5.82743
188|-5.82743|-5.82743
189|-5.82743|-5.82743
190|-5.82743|-5.82743
191|-5.82743|-5.82743
192|-5.82743|-5.82743
193|-5.82743|-5.82743
194|-5.82743|-5.82743
195|-5.82743|-5.82743
196|-5.82743|-5.82743
197|-5.82743|-5.82743
198|-5.82743|-5.82743
199|-5.82743|-5.82743
200|-5.82743|-5.82743
201|-5.82743|-5.82743
202|-5.82743|-5.82743
203|-5.82743|-5.82743
204|-5.82743|-5.82743
205|-5.82743|-5.82743
206|-5.82743|-5.82743
207|-5.82743|-5.82743
208|-5.82743|-5.82743
209|-5.82743|-5.82743
210|-5.82743|-5.82743
211|-5.82743|-5.82743
212|-5.82743|-5.82743
213|-5.82743|-5.82743
214|-5.82743|-5.82743
215|-5.82743|-5.82743
216|-5.82743|-5.82743
217|-5.82743|-5.82743
218|-5.82743|-5.82743
219|-5.82743|-5.82743
220|-5.82743|-5.82743
221|-5.82743|-5.82743
222|-5.82743|-5.82743
223|-5.82743|-5.82743
224|-5.82743|-5.82743
225|-5.82743|-5.82743
226|-5.82743|-5.82743
227|-5.82743|-5.82743
228|-5.82743|-5.82743
EARLY STOP: TARGET FOUND
258832ms
