1|81.0381|81.0381
2|80.9779|80.9779
3|80.967|80.967
4|80.9662|80.9662
5|80.9662|80.9662
6|80.9662|80.9662
7|59.3132|59.3132
8|59.1305|59.1305
9|59.1168|59.1168
10|59.1148|59.1148
11|59.1148|59.1148
12|48.4162|48.4162
13|46.1756|46.1756
14|46.126|46.126
15|46.1215|46.1215
16|46.1205|46.1205
17|46.1203|46.1203
18|46.1203|46.1203
19|23.6836|23.6836
20|23.5499|23.5499
21|23.5476|23.5476
22|23.5475|23.5475
23|23.5475|23.5475
24|23.5475|23.5475
25|0.0715179|0.0715179
26|0.0715176|0.0715176
27|0.0715175|0.0715175
28|0.0715175|0.0715175
29|0.0715175|0.0715175
30|0.0715173|0.0715173
31|0.0715173|0.0715173
32|0.0715172|0.0715172
33|0.0715172|0.0715172
34|0.0115405|0.0115405
35|0.0115405|0.0115405
36|0.0115405|0.0115405
37|0.0115405|0.0115405
38|0.0115405|0.0115405
39|0.00075223|0.00075223
EARLY STOP: TARGET FOUND
6362ms
