1|82.4677|82.4677
2|80.2254|80.2254
3|80.1755|80.1755
4|80.171|80.171
5|80.17|80.17
6|80.1697|80.1697
7|80.1697|80.1697
8|77.7703|77.7703
9|77.7703|77.7703
10|77.7008|77.7008
11|77.6852|77.6852
12|77.6822|77.6822
13|77.682|77.682
14|77.6819|77.6819
15|74.6017|74.6017
16|74.6017|74.6017
17|74.3436|74.3436
18|74.2914|74.2914
19|74.2845|74.2845
20|74.2845|74.2845
21|74.2845|74.2845
22|73.8661|73.8661
23|73.8661|73.8661
24|62.6145|62.6145
25|62.6145|62.6145
26|60.5122|60.5122
27|60.4798|60.4798
28|60.4793|60.4793
29|57.4053|57.4053
30|53.2586|53.2586
31|53.2586|53.2586
32|52.414|52.414
33|52.299|52.299
34|52.299|52.299
35|52.2987|52.2987
36|52.2986|52.2986
37|52.2986|52.2986
38|52.2986|52.2986
39|52.2986|52.2986
40|52.2986|52.2986
41|27.1563|27.1563
42|27.1459|27.1459
43|27.1453|27.1453
44|27.1453|27.1453
45|27.1453|27.1453
46|23.7173|23.7173
47|23.2322|23.2322
48|23.2321|23.2321
49|23.229|23.229
50|23.2287|23.2287
51|23.2287|23.2287
52|23.2287|23.2287
53|23.2287|23.2287
54|23.2287|23.2287
55|4.69948|4.69948
56|4.69948|4.69948
57|4.14842|4.14842
58|4.14842|4.14842
59|4.13714|4.13714
60|4.13632|4.13632
61|4.13632|4.13632
62|4.13621|4.13621
63|0.568163|0.568163
64|0.568163|0.568163
65|0.568163|0.568163
66|0.568163|0.568163
67|0.568163|0.568163
68|0.568163|0.568163
69|0.568163|0.568163
70|0.568163|0.568163
71|0.568162|0.568162
72|0.568162|0.568162
73|0.0129425|0.0129425
74|0.0129425|0.0129425
75|0.0129425|0.0129425
76|0.0129425|0.0129425
77|0.0129425|0.0129425
78|0.0129425|0.0129425
79|0.0129425|0.0129425
80|0.0129425|0.0129425
81|0.0129425|0.0129425
82|0.0129425|0.0129425
83|0.0129425|0.0129425
84|0.0129424|0.0129424
85|0.0129424|0.0129424
86|0.0129424|0.0129424
87|0.00114005|0.00114005
EARLY STOP: TARGET FOUND
56431ms
