1|275.645|275.645
2|274.619|274.619
3|274.414|274.414
4|274.388|274.388
5|273.78|273.78
6|269.017|269.017
7|267.864|267.864
8|267.595|267.595
9|267.537|267.537
10|267.527|267.527
11|267.527|267.527
12|267.525|267.525
13|267.525|267.525
14|265.804|265.804
15|265.803|265.803
16|265.803|265.803
17|241.386|241.386
18|241.386|241.386
19|241.356|241.356
20|241.356|241.356
21|241.356|241.356
22|229.127|229.127
23|227.269|227.269
24|227.261|227.261
25|227.261|227.261
26|227.043|227.043
27|227.011|227.011
28|227.011|227.011
29|208.928|208.928
30|208.928|208.928
31|208.321|208.321
32|208.303|208.303
33|208.298|208.298
34|208.298|208.298
35|208.297|208.297
36|208.297|208.297
37|205.528|205.528
38|205.348|205.348
39|205.335|205.335
40|205.335|205.335
41|205.333|205.333
42|205.333|205.333
43|189.638|189.638
44|189.638|189.638
45|188.732|188.732
46|188.587|188.587
47|188.583|188.583
48|188.583|188.583
49|188.582|188.582
50|174.315|174.315
51|173.231|173.231
52|172.997|172.997
53|172.997|172.997
54|172.956|172.956
55|172.954|172.954
56|172.954|172.954
57|172.954|172.954
58|158.711|158.711
59|157.624|157.624
60|157.388|157.388
61|157.347|157.347
62|157.344|157.344
63|157.344|157.344
64|157.344|157.344
65|150.662|150.662
66|150.662|150.662
67|147.417|147.417
68|147.118|147.118
69|147.045|147.045
70|147.028|147.028
71|147.024|147.024
72|147.024|147.024
73|147.023|147.023
74|147.023|147.023
75|134.843|134.843
76|132.973|132.973
77|132.965|132.965
78|132.965|132.965
79|120.917|120.917
80|120.917|120.917
81|119.014|119.014
82|119.003|119.003
83|119.003|119.003
84|119.003|119.003
85|119.003|119.003
86|119.003|119.003
87|97.903|97.903
88|97.6858|97.6858
89|97.6858|97.6858
90|97.6539|97.6539
91|97.6536|97.6536
92|97.6536|97.6536
93|97.6536|97.6536
94|97.6536|97.6536
95|93.0512|93.0512
96|91.9789|91.9789
97|91.9789|91.9789
98|91.7499|91.7499
99|91.7499|91.7499
100|91.7122|91.7122
101|91.7111|91.7111
102|91.7108|91.7108
103|91.7108|91.7108
104|91.7108|91.7108
105|73.0588|73.0588
106|72.5231|72.5231
107|72.5137|72.5137
108|72.5135|72.5135
109|72.5135|72.5135
110|72.5134|72.5134
111|72.5134|72.5134
112|72.5134|72.5134
113|72.4722|72.4722
114|72.4722|72.4722
115|72.4699|72.4699
116|72.4698|72.4698
117|72.4698|72.4698
118|72.3379|72.3379
119|72.3358|72.3358
120|72.3357|72.3357
121|72.3357|72.3357
122|62.9234|62.9234
123|62.9234|62.9234
124|60.3612|60.3612
125|60.3612|60.3612
126|60.2327|60.2327
127|60.231|60.231
128|60.231|60.231
129|49.9396|49.9396
130|47.5972|47.5972
131|47.5348|47.5348
132|47.5228|47.5228
133|47.5218|47.5218
134|47.5216|47.5216
135|47.5216|47.5216
136|47.5216|47.5216
137|44.3755|44.3755
138|44.1009|44.1009
139|44.1009|44.1009
140|44.0405|44.0405
141|44.0294|44.0294
142|44.0287|44.0287
143|44.0286|44.0286
144|44.0286|44.0286
145|44.0286|44.0286
146|44.0281|44.0281
147|44.028|44.028
148|44.028|44.028
149|37.0254|37.0254
150|33.8608|33.8608
151|33.5817|33.5817
152|33.5189|33.5189
153|33.5189|33.5189
154|33.5068|33.5068
155|33.5067|33.5067
156|33.5057|33.5057
157|33.5055|33.5055
158|33.5054|33.5054
159|19.4694|19.4694
160|19.4694|19.4694
161|18.3567|18.3567
162|18.3567|18.3567
163|18.1075|18.1075
164|18.0597|18.0597
165|18.0558|18.0558
166|18.055|18.055
167|18.055|18.055
168|18.055|18.055
169|18.0549|18.0549
170|17.4831|17.4831
171|17.4692|17.4692
172|17.4671|17.4671
173|17.4671|17.4671
174|17.4671|17.4671
175|10.7807|10.7807
176|7.53709|7.53709
177|7.53709|7.53709
178|7.23818|7.23818
179|7.23818|7.23818
180|7.16553|7.16553
181|7.16553|7.16553
182|7.1484|7.1484
183|7.14464|7.14464
184|7.14464|7.14464
185|7.14396|7.14396
186|7.14391|7.14391
187|7.14391|7.14391
188|7.14391|7.14391
189|7.14391|7.14391
190|3.01054|3.01054
191|3.01054|3.01054
192|3.01054|3.01054
193|3.01054|3.01054
194|3.01054|3.01054
195|3.01054|3.01054
196|2.17266|2.17266
197|2.17266|2.17266
198|2.06091|2.06091
199|2.06072|2.06072
200|2.06072|2.06072
201|2.06071|2.06071
202|2.06071|2.06071
203|2.0607|2.0607
204|2.0607|2.0607
205|2.0607|2.0607
206|2.0607|2.0607
207|0.0241853|0.0241853
208|0.0241853|0.0241853
209|0.0241853|0.0241853
210|0.0241853|0.0241853
211|0.0241852|0.0241852
212|0.0241852|0.0241852
213|0.0241852|0.0241852
214|0.0241852|0.0241852
215|0.0241852|0.0241852
216|0.0241851|0.0241851
217|0.0241851|0.0241851
218|0.0241851|0.0241851
219|0.0241851|0.0241851
220|0.024185|0.024185
221|0.024185|0.024185
222|0.024185|0.024185
223|0.024185|0.024185
224|0.024185|0.024185
225|0.024185|0.024185
226|0.024185|0.024185
227|0.024185|0.024185
228|0.024185|0.024185
229|0.024185|0.024185
230|0.024185|0.024185
231|0.024185|0.024185
232|0.0241849|0.0241849
233|0.0241849|0.0241849
234|0.0241849|0.0241849
235|0.0241849|0.0241849
236|0.0241849|0.0241849
237|0.0241849|0.0241849
238|0.0241848|0.0241848
239|0.0241848|0.0241848
240|0.0241848|0.0241848
241|0.0241848|0.0241848
242|0.0241848|0.0241848
243|0.0241847|0.0241847
244|0.0241847|0.0241847
245|0.0241847|0.0241847
246|0.0241847|0.0241847
247|0.0241847|0.0241847
248|0.0241847|0.0241847
249|0.0241847|0.0241847
250|0.0241847|0.0241847
251|0.0241847|0.0241847
252|0.0241846|0.0241846
253|0.0241846|0.0241846
254|0.0241846|0.0241846
255|0.0241846|0.0241846
256|0.0241845|0.0241845
257|0.0241845|0.0241845
258|0.0241845|0.0241845
259|0.0241845|0.0241845
260|0.0241845|0.0241845
261|0.0241845|0.0241845
262|0.0241845|0.0241845
263|0.0241844|0.0241844
264|0.0241844|0.0241844
265|0.0241844|0.0241844
266|0.0241844|0.0241844
267|0.0241844|0.0241844
268|0.0241843|0.0241843
269|0.0241843|0.0241843
270|0.0241843|0.0241843
271|0.0241843|0.0241843
272|0.0241843|0.0241843
273|0.0241842|0.0241842
274|0.0241842|0.0241842
275|0.00570218|0.00570218
EARLY STOP: TARGET FOUND
1557257ms
