1|190.383|190.383
2|181.455|181.455
3|181.401|181.401
4|165.878|165.878
5|159.173|159.173
6|158.395|158.395
7|156.626|156.626
8|154.72|154.72
9|151.467|151.467
10|150.973|150.973
11|150.781|150.781
12|150.699|150.699
13|150.662|150.662
14|150.644|150.644
15|150.636|150.636
16|150.635|150.635
17|150.634|150.634
18|150.634|150.634
19|146.554|146.554
20|143.837|143.837
21|143.652|143.652
22|143.573|143.573
23|143.538|143.538
24|143.537|143.537
25|143.537|143.537
26|143.385|143.385
27|142.523|142.523
28|142.132|142.132
29|142.085|142.085
30|142.074|142.074
31|142.072|142.072
32|142.071|142.071
33|142.071|142.071
34|137.409|137.409
35|127.376|127.376
36|127.29|127.29
37|127.29|127.29
38|127.29|127.29
39|127.29|127.29
40|125.975|125.975
41|101.299|101.299
42|101.086|101.086
43|101.039|101.039
44|101.03|101.03
45|101.029|101.029
46|101.029|101.029
47|100.45|100.45
48|99.6092|99.6092
49|99.4156|99.4156
50|99.3215|99.3215
51|99.3186|99.3186
52|99.3171|99.3171
53|81.963|81.963
54|81.8123|81.8123
55|81.7906|81.7906
56|81.7905|81.7905
57|57.29|57.29
58|57.2899|57.2899
59|56.9631|56.9631
60|56.963|56.963
61|47.5647|47.5647
62|47.5609|47.5609
63|42.222|42.222
64|39.8393|39.8393
65|39.8015|39.8015
66|39.7836|39.7836
67|39.7748|39.7748
68|39.7705|39.7705
69|39.7683|39.7683
70|39.7678|39.7678
71|39.7677|39.7677
72|39.7677|39.7677
73|39.7677|39.7677
74|39.7677|39.7677
75|39.7677|39.7677
76|39.7677|39.7677
77|39.7677|39.7677
78|39.7677|39.7677
79|39.7677|39.7677
80|39.7677|39.7677
81|39.7677|39.7677
82|39.7677|39.7677
83|39.7677|39.7677
84|39.7677|39.7677
85|39.7677|39.7677
86|39.7677|39.7677
87|39.7677|39.7677
88|39.7677|39.7677
89|39.7677|39.7677
90|39.7677|39.7677
91|39.7677|39.7677
92|39.7677|39.7677
93|39.7677|39.7677
94|39.7677|39.7677
95|39.7677|39.7677
96|39.7677|39.7677
97|39.7677|39.7677
98|39.7677|39.7677
99|39.7677|39.7677
100|39.7677|39.7677
101|39.7677|39.7677
102|39.7677|39.7677
103|39.7677|39.7677
104|39.7677|39.7677
105|39.7677|39.7677
106|39.7677|39.7677
107|39.7677|39.7677
108|39.7677|39.7677
109|39.7677|39.7677
110|39.7677|39.7677
111|39.7677|39.7677
112|39.7677|39.7677
113|39.7677|39.7677
114|39.7677|39.7677
115|39.7677|39.7677
116|39.7677|39.7677
117|39.7677|39.7677
118|39.7677|39.7677
119|39.7677|39.7677
120|39.7677|39.7677
121|39.7677|39.7677
122|39.7677|39.7677
123|39.7677|39.7677
124|39.7677|39.7677
125|39.7677|39.7677
126|39.7677|39.7677
127|39.7677|39.7677
128|39.7677|39.7677
129|39.7677|39.7677
130|39.7677|39.7677
131|39.7677|39.7677
132|39.7677|39.7677
133|39.7677|39.7677
134|39.7677|39.7677
135|39.7677|39.7677
136|39.7677|39.7677
137|39.7677|39.7677
138|39.7677|39.7677
139|39.7677|39.7677
140|39.7677|39.7677
141|39.7677|39.7677
142|39.7677|39.7677
143|39.7677|39.7677
144|39.7677|39.7677
145|39.7677|39.7677
146|39.7677|39.7677
147|39.7677|39.7677
148|39.7677|39.7677
149|39.7677|39.7677
150|39.7677|39.7677
151|39.7677|39.7677
152|39.7677|39.7677
153|39.7677|39.7677
154|39.7677|39.7677
155|39.7677|39.7677
156|39.7677|39.7677
157|39.7677|39.7677
158|39.7677|39.7677
159|39.7677|39.7677
160|39.7677|39.7677
161|39.7677|39.7677
162|39.7677|39.7677
163|39.7677|39.7677
164|39.7677|39.7677
165|39.7677|39.7677
166|39.7677|39.7677
167|39.7677|39.7677
168|39.7677|39.7677
169|39.7677|39.7677
170|39.7677|39.7677
171|39.7677|39.7677
172|39.7677|39.7677
173|39.7677|39.7677
174|39.7677|39.7677
175|39.7677|39.7677
176|39.7677|39.7677
177|39.7677|39.7677
178|39.7677|39.7677
179|39.7677|39.7677
180|39.7677|39.7677
181|39.7677|39.7677
182|39.7677|39.7677
183|39.7677|39.7677
184|39.7677|39.7677
185|39.7677|39.7677
186|39.7677|39.7677
187|39.7677|39.7677
188|39.7677|39.7677
189|39.7677|39.7677
190|39.7677|39.7677
191|39.7677|39.7677
192|39.7677|39.7677
193|39.7677|39.7677
194|39.7677|39.7677
195|39.7677|39.7677
196|39.7677|39.7677
197|39.7677|39.7677
198|39.7677|39.7677
199|39.7677|39.7677
200|39.7677|39.7677
201|39.7677|39.7677
202|39.7677|39.7677
203|39.7677|39.7677
204|39.7677|39.7677
205|39.7677|39.7677
206|39.7677|39.7677
207|39.7677|39.7677
208|39.7677|39.7677
209|39.7677|39.7677
210|39.7677|39.7677
211|39.7677|39.7677
212|39.7677|39.7677
213|39.7677|39.7677
214|39.7677|39.7677
215|39.7677|39.7677
216|39.7677|39.7677
217|39.7677|39.7677
218|39.7677|39.7677
219|39.7677|39.7677
220|39.7677|39.7677
221|39.7677|39.7677
EARLY STOP: TARGET FOUND
257130ms
