1|-0.430071|-0.430071
2|-0.471044|-0.471044
3|-0.481303|-0.481303
4|-0.482585|-0.482585
5|-0.483226|-0.483226
6|-0.483307|-0.483307
7|-0.483327|-0.483327
8|-0.868203|-0.868203
9|-0.892158|-0.892158
10|-0.892401|-0.892401
11|-0.892434|-0.892434
12|-0.892434|-0.892434
13|-0.892434|-0.892434
14|-0.922731|-0.922731
15|-1.16323|-1.16323
16|-1.66534|-1.66534
17|-1.77132|-1.77132
18|-1.84197|-1.84197
19|-1.85151|-1.85151
20|-2.74612|-2.74612
21|-2.78925|-2.78925
22|-2.7896|-2.7896
23|-2.78996|-2.78996
24|-2.78997|-2.78997
25|-2.78997|-2.78997
26|-2.78997|-2.78997
27|-2.79022|-2.79022
28|-3.07687|-3.07687
29|-3.14693|-3.14693
30|-3.61861|-3.61861
31|-3.62864|-3.62864
32|-3.62875|-3.62875
33|-3.62876|-3.62876
34|-3.62876|-3.62876
35|-3.62876|-3.62876
36|-3.62876|-3.62876
37|-3.62876|-3.62876
38|-3.62876|-3.62876
39|-3.62876|-3.62876
40|-3.62876|-3.62876
41|-3.62876|-3.62876
42|-3.62876|-3.62876
43|-3.62876|-3.62876
44|-3.62876|-3.62876
45|-3.62876|-3.62876
46|-3.62876|-3.62876
47|-3.62876|-3.62876
48|-3.62876|-3.62876
49|-3.62876|-3.62876
50|-3.62876|-3.62876
51|-3.62876|-3.62876
52|-3.62876|-3.62876
53|-3.62876|-3.62876
54|-3.62876|-3.62876
55|-3.62876|-3.62876
56|-3.62876|-3.62876
57|-3.62876|-3.62876
58|-3.62876|-3.62876
59|-3.62876|-3.62876
60|-3.62876|-3.62876
61|-3.62876|-3.62876
62|-3.62876|-3.62876
63|-3.62876|-3.62876
64|-3.62876|-3.62876
65|-3.62876|-3.62876
66|-3.62876|-3.62876
67|-3.62876|-3.62876
68|-3.62876|-3.62876
69|-3.62876|-3.62876
70|-3.62876|-3.62876
71|-3.62876|-3.62876
72|-3.62876|-3.62876
73|-3.62876|-3.62876
74|-3.62876|-3.62876
75|-3.62876|-3.62876
76|-3.62876|-3.62876
77|-3.62876|-3.62876
78|-3.62876|-3.62876
79|-3.62876|-3.62876
80|-3.62876|-3.62876
81|-3.62876|-3.62876
82|-3.62876|-3.62876
83|-3.62876|-3.62876
84|-3.62876|-3.62876
85|-3.62876|-3.62876
86|-3.62876|-3.62876
87|-3.62876|-3.62876
88|-3.62876|-3.62876
89|-3.62876|-3.62876
90|-3.62876|-3.62876
91|-3.62876|-3.62876
92|-3.62876|-3.62876
93|-3.62876|-3.62876
94|-3.62876|-3.62876
95|-3.62876|-3.62876
96|-3.62876|-3.62876
97|-3.62876|-3.62876
98|-3.62876|-3.62876
99|-3.62876|-3.62876
100|-3.62876|-3.62876
101|-3.62876|-3.62876
102|-3.62876|-3.62876
103|-3.62876|-3.62876
104|-3.62876|-3.62876
105|-3.62876|-3.62876
106|-3.62876|-3.62876
107|-3.62876|-3.62876
108|-3.62876|-3.62876
109|-3.62876|-3.62876
110|-3.62876|-3.62876
111|-3.62876|-3.62876
112|-3.62876|-3.62876
113|-3.62876|-3.62876
114|-3.62876|-3.62876
115|-3.62876|-3.62876
116|-3.62876|-3.62876
117|-3.62876|-3.62876
118|-3.62876|-3.62876
119|-3.62876|-3.62876
120|-3.62876|-3.62876
121|-3.62876|-3.62876
122|-3.62876|-3.62876
123|-3.62876|-3.62876
124|-3.62876|-3.62876
125|-3.62876|-3.62876
126|-3.62876|-3.62876
127|-3.62876|-3.62876
128|-3.62876|-3.62876
129|-3.62876|-3.62876
130|-3.62876|-3.62876
131|-3.62876|-3.62876
132|-3.62876|-3.62876
133|-3.62876|-3.62876
134|-3.62876|-3.62876
135|-3.62876|-3.62876
136|-3.62876|-3.62876
137|-3.62876|-3.62876
138|-3.62876|-3.62876
139|-3.62876|-3.62876
140|-3.62876|-3.62876
141|-3.62876|-3.62876
142|-3.62876|-3.62876
143|-3.62876|-3.62876
144|-3.62876|-3.62876
145|-3.62876|-3.62876
146|-3.62876|-3.62876
147|-3.62876|-3.62876
148|-3.62876|-3.62876
149|-3.62876|-3.62876
150|-3.62876|-3.62876
151|-3.62876|-3.62876
152|-3.62876|-3.62876
153|-3.62876|-3.62876
154|-3.62876|-3.62876
155|-3.62876|-3.62876
156|-3.62876|-3.62876
157|-3.62876|-3.62876
158|-3.62876|-3.62876
159|-3.62876|-3.62876
160|-3.62876|-3.62876
161|-3.62876|-3.62876
162|-3.62876|-3.62876
163|-3.62876|-3.62876
164|-3.62876|-3.62876
165|-3.62876|-3.62876
166|-3.62876|-3.62876
167|-3.62876|-3.62876
168|-3.62876|-3.62876
169|-3.62876|-3.62876
170|-3.62876|-3.62876
171|-3.62876|-3.62876
172|-3.62876|-3.62876
173|-3.62876|-3.62876
174|-3.62876|-3.62876
175|-3.62876|-3.62876
176|-3.62876|-3.62876
177|-3.62876|-3.62876
178|-3.62876|-3.62876
179|-3.62876|-3.62876
180|-3.62876|-3.62876
181|-3.62876|-3.62876
182|-3.62876|-3.62876
183|-3.62876|-3.62876
184|-3.62876|-3.62876
185|-3.62876|-3.62876
EARLY STOP: TARGET FOUND
65348ms
