1|-0.000767085|-0.000767085
2|-0.000868161|-0.000868161
3|-0.000923243|-0.000923243
4|-0.000951991|-0.000951991
5|-0.000966677|-0.000966677
6|-0.000974098|-0.000974098
7|-0.000977828|-0.000977828
8|-0.000979698|-0.000979698
9|-0.000979933|-0.000979933
10|-0.000980087|-0.000980087
11|-0.962212|-0.962212
12|-0.999321|-0.999321
13|-1.00098|-1.00098
14|-1.00098|-1.00098
15|-1.00098|-1.00098
16|-1.00098|-1.00098
17|-1.08713|-1.08713
18|-1.20393|-1.20393
19|-1.8801|-1.8801
20|-1.9506|-1.9506
21|-1.96006|-1.96006
22|-1.96006|-1.96006
23|-1.96007|-1.96007
24|-1.96007|-1.96007
25|-1.96007|-1.96007
26|-2.0007|-2.0007
27|-2.09115|-2.09115
28|-2.138|-2.138
29|-2.14687|-2.14687
30|-2.14884|-2.14884
31|-2.14978|-2.14978
32|-2.15024|-2.15024
33|-2.15047|-2.15047
34|-2.1505|-2.1505
35|-2.18919|-2.18919
36|-2.31369|-2.31369
37|-2.6202|-2.6202
38|-2.92168|-2.92168
39|-2.96571|-2.96571
40|-2.96972|-2.96972
41|-2.97067|-2.97067
42|-2.97073|-2.97073
43|-2.97076|-2.97076
44|-2.97704|-2.97704
45|-3.01756|-3.01756
46|-3.4825|-3.4825
47|-3.85074|-3.85074
48|-3.95499|-3.95499
49|-3.97066|-3.97066
50|-3.97075|-3.97075
51|-3.97076|-3.97076
52|-3.97076|-3.97076
53|-3.97116|-3.97116
54|-4.72765|-4.72765
55|-4.96353|-4.96353
56|-4.96395|-4.96395
57|-4.96396|-4.96396
58|-4.96397|-4.96397
59|-4.96556|-4.96556
60|-5.86281|-5.86281
61|-5.88376|-5.88376
62|-5.94143|-5.94143
63|-5.94181|-5.94181
64|-5.94192|-5.94192
65|-5.94193|-5.94193
66|-6.07201|-6.07201
67|-6.39333|-6.39333
68|-6.39554|-6.39554
69|-6.39618|-6.39618
70|-6.39639|-6.39639
71|-6.39646|-6.39646
72|-6.39647|-6.39647
73|-6.39817|-6.39817
74|-6.43825|-6.43825
75|-6.8776|-6.8776
76|-6.9534|-6.9534
77|-6.96462|-6.96462
78|-7.14046|-7.14046
79|-7.20431|-7.20431
80|-7.22745|-7.22745
81|-7.23657|-7.23657
82|-7.23708|-7.23708
83|-7.23734|-7.23734
84|-7.23734|-7.23734
85|-7.23734|-7.23734
86|-7.23734|-7.23734
87|-7.23734|-7.23734
88|-7.23734|-7.23734
89|-7.23734|-7.23734
90|-7.23734|-7.23734
91|-7.23734|-7.23734
92|-7.23734|-7.23734
93|-7.23734|-7.23734
94|-7.23734|-7.23734
95|-7.23734|-7.23734
96|-7.23734|-7.23734
97|-7.23734|-7.23734
98|-7.23734|-7.23734
99|-7.23734|-7.23734
100|-7.23734|-7.23734
101|-7.23734|-7.23734
102|-7.23734|-7.23734
103|-7.23734|-7.23734
104|-7.23734|-7.23734
105|-7.23734|-7.23734
106|-7.23734|-7.23734
107|-7.23734|-7.23734
108|-7.23734|-7.23734
109|-7.23734|-7.23734
110|-7.23734|-7.23734
111|-7.23734|-7.23734
112|-7.23734|-7.23734
113|-7.23734|-7.23734
114|-7.23734|-7.23734
115|-7.23734|-7.23734
116|-7.23734|-7.23734
117|-7.23734|-7.23734
118|-7.23734|-7.23734
119|-7.23734|-7.23734
120|-7.23734|-7.23734
121|-7.23734|-7.23734
122|-7.23734|-7.23734
123|-7.23734|-7.23734
124|-7.23734|-7.23734
125|-7.23734|-7.23734
126|-7.23734|-7.23734
127|-7.23734|-7.23734
128|-7.23734|-7.23734
129|-7.23734|-7.23734
130|-7.23734|-7.23734
131|-7.23734|-7.23734
132|-7.23734|-7.23734
133|-7.23734|-7.23734
134|-7.23734|-7.23734
135|-7.23734|-7.23734
136|-7.23734|-7.23734
137|-7.23734|-7.23734
138|-7.23734|-7.23734
139|-7.23734|-7.23734
140|-7.23734|-7.23734
141|-7.23734|-7.23734
142|-7.23734|-7.23734
143|-7.23734|-7.23734
144|-7.23734|-7.23734
145|-7.23734|-7.23734
146|-7.23734|-7.23734
147|-7.23734|-7.23734
148|-7.23734|-7.23734
149|-7.23734|-7.23734
150|-7.23734|-7.23734
151|-7.23734|-7.23734
152|-7.23734|-7.23734
153|-7.23734|-7.23734
154|-7.23734|-7.23734
155|-7.23734|-7.23734
156|-7.23734|-7.23734
157|-7.23734|-7.23734
158|-7.23734|-7.23734
159|-7.23734|-7.23734
160|-7.23734|-7.23734
161|-7.23734|-7.23734
162|-7.23734|-7.23734
163|-7.23734|-7.23734
164|-7.23734|-7.23734
165|-7.23734|-7.23734
166|-7.23734|-7.23734
167|-7.23734|-7.23734
168|-7.23734|-7.23734
169|-7.23734|-7.23734
170|-7.23734|-7.23734
171|-7.23734|-7.23734
172|-7.23734|-7.23734
173|-7.23734|-7.23734
174|-7.23734|-7.23734
175|-7.23734|-7.23734
176|-7.23734|-7.23734
177|-7.23734|-7.23734
178|-7.23734|-7.23734
179|-7.23734|-7.23734
180|-7.23734|-7.23734
181|-7.23734|-7.23734
182|-7.23734|-7.23734
183|-7.23734|-7.23734
184|-7.23734|-7.23734
185|-7.23734|-7.23734
186|-7.23734|-7.23734
187|-7.23734|-7.23734
188|-7.23734|-7.23734
189|-7.23734|-7.23734
190|-7.23734|-7.23734
191|-7.23734|-7.23734
192|-7.23734|-7.23734
193|-7.23734|-7.23734
194|-7.23734|-7.23734
195|-7.23734|-7.23734
196|-7.23734|-7.23734
197|-7.23734|-7.23734
198|-7.23734|-7.23734
199|-7.23734|-7.23734
200|-7.23734|-7.23734
201|-7.23734|-7.23734
202|-7.23734|-7.23734
203|-7.23734|-7.23734
204|-7.23734|-7.23734
205|-7.23734|-7.23734
206|-7.23734|-7.23734
207|-7.23734|-7.23734
208|-7.23734|-7.23734
209|-7.23734|-7.23734
210|-7.23734|-7.23734
211|-7.23734|-7.23734
212|-7.23734|-7.23734
213|-7.23734|-7.23734
214|-7.23734|-7.23734
215|-7.23734|-7.23734
216|-7.23734|-7.23734
217|-7.23734|-7.23734
218|-7.23734|-7.23734
219|-7.23734|-7.23734
220|-7.23734|-7.23734
221|-7.23734|-7.23734
222|-7.23734|-7.23734
223|-7.23734|-7.23734
224|-7.23734|-7.23734
225|-7.23734|-7.23734
226|-7.23734|-7.23734
227|-7.23734|-7.23734
228|-7.23734|-7.23734
229|-7.23734|-7.23734
230|-7.23734|-7.23734
231|-7.23734|-7.23734
232|-7.23734|-7.23734
233|-7.23734|-7.23734
EARLY STOP: TARGET FOUND
261336ms
