1|550.545|550.545
2|543.859|543.859
3|535.068|535.068
4|535.066|535.066
5|535.065|535.065
6|531.738|531.738
7|531.738|531.738
8|530.85|530.85
9|530.814|530.814
10|530.812|530.812
11|530.811|530.811
12|530.81|530.81
13|505.948|505.948
14|502.664|502.664
15|501.803|501.803
16|501.794|501.794
17|501.792|501.792
18|501.791|501.791
19|501.791|501.791
20|501.791|501.791
21|484.13|484.13
22|473.499|473.499
23|469.678|469.678
24|468.852|468.852
25|468.022|468.022
26|468.01|468.01
27|468.009|468.009
28|468.008|468.008
29|468.008|468.008
30|467.642|467.642
31|467.624|467.624
32|467.616|467.616
33|467.613|467.613
34|467.613|467.613
35|467.613|467.613
36|467.148|467.148
37|467.134|467.134
38|467.131|467.131
39|467.13|467.13
40|467.13|467.13
41|467.117|467.117
42|464.002|464.002
43|462.407|462.407
44|461.967|461.967
45|461.884|461.884
46|461.858|461.858
47|461.855|461.855
48|461.855|461.855
49|461.855|461.855
50|439.395|439.395
51|438.899|438.899
52|438.706|438.706
53|438.623|438.623
54|438.586|438.586
55|438.568|438.568
56|438.559|438.559
57|438.555|438.555
58|438.554|438.554
59|438.553|438.553
60|438.553|438.553
61|433.938|433.938
62|431.517|431.517
63|423.046|423.046
64|421.983|421.983
65|421.809|421.809
66|421.771|421.771
67|421.753|421.753
68|421.744|421.744
69|421.74|421.74
70|421.738|421.738
71|421.737|421.737
72|421.545|421.545
73|421.522|421.522
74|421.516|421.516
75|421.513|421.513
76|421.513|421.513
77|412.021|412.021
78|410.202|410.202
79|407.199|407.199
80|406.782|406.782
81|406.702|406.702
82|406.665|406.665
83|406.647|406.647
84|406.645|406.645
85|406.645|406.645
86|402.1|402.1
87|385.879|385.879
88|385.57|385.57
89|385.408|385.408
90|385.4|385.4
91|385.397|385.397
92|385.395|385.395
93|385.395|385.395
94|385.395|385.395
95|377.52|377.52
96|377.52|377.52
97|377.49|377.49
98|377.478|377.478
99|377.477|377.477
100|377.477|377.477
101|372.364|372.364
102|362.583|362.583
103|362.537|362.537
104|362.534|362.534
105|362.534|362.534
106|362.534|362.534
107|362.534|362.534
108|350.725|350.725
109|349.875|349.875
110|349.869|349.869
111|349.866|349.866
112|349.865|349.865
113|349.864|349.864
114|349.864|349.864
115|349.864|349.864
116|344.523|344.523
117|340.215|340.215
118|339.379|339.379
119|334.806|334.806
120|333.559|333.559
121|333.559|333.559
122|325.65|325.65
123|320.401|320.401
124|305.452|305.452
125|304.439|304.439
126|304.428|304.428
127|304.428|304.428
128|304.427|304.427
129|304.427|304.427
130|295.499|295.499
131|292.335|292.335
132|289.651|289.651
133|289.471|289.471
134|289.396|289.396
135|289.378|289.378
136|289.378|289.378
137|270.537|270.537
138|260.81|260.81
139|254.919|254.919
140|254.399|254.399
141|254.292|254.292
142|254.29|254.29
143|254.29|254.29
144|254.29|254.29
145|233.365|233.365
146|230.272|230.272
147|229.551|229.551
148|229.424|229.424
149|229.416|229.416
150|229.416|229.416
151|229.416|229.416
152|229.416|229.416
153|210.553|210.553
154|200.851|200.851
155|194.923|194.923
156|194.424|194.424
157|194.312|194.312
158|194.309|194.309
159|194.309|194.309
160|194.309|194.309
161|194.309|194.309
162|194.261|194.261
163|185.774|185.774
164|185.646|185.646
165|185.62|185.62
166|185.614|185.614
167|185.613|185.613
168|185.613|185.613
169|180.223|180.223
170|164.766|164.766
171|164.569|164.569
172|164.53|164.53
173|164.526|164.526
174|164.525|164.525
175|164.525|164.525
176|164.525|164.525
177|164.525|164.525
178|156.17|156.17
179|151.568|151.568
180|149.249|149.249
181|149.214|149.214
182|149.213|149.213
183|149.213|149.213
184|138.875|138.875
185|138.415|138.415
186|138.241|138.241
187|138.204|138.204
188|138.186|138.186
189|138.177|138.177
190|138.173|138.173
191|138.172|138.172
192|138.172|138.172
193|138.172|138.172
194|127.24|127.24
195|126.93|126.93
196|126.93|126.93
197|119.285|119.285
198|115.444|115.444
199|112.672|112.672
200|112.479|112.479
201|112.397|112.397
202|112.359|112.359
203|112.341|112.341
204|112.333|112.333
205|112.328|112.328
206|112.328|112.328
207|108.141|108.141
208|101.196|101.196
209|99.9216|99.9216
210|99.4947|99.4947
211|99.3374|99.3374
212|99.3353|99.3353
213|99.3342|99.3342
214|99.3336|99.3336
215|99.3334|99.3334
216|99.2442|99.2442
217|99.2152|99.2152
218|97.2612|97.2612
219|95.6966|95.6966
220|92.365|92.365
221|91.4738|91.4738
222|91.4379|91.4379
223|91.4335|91.4335
224|91.4314|91.4314
225|87.9336|87.9336
226|87.8387|87.8387
227|87.7918|87.7918
228|87.7904|87.7904
229|87.7897|87.7897
230|87.7893|87.7893
231|87.7893|87.7893
232|87.7893|87.7893
233|87.7893|87.7893
234|87.7893|87.7893
235|87.7893|87.7893
236|87.7893|87.7893
237|87.7893|87.7893
238|87.7893|87.7893
239|87.7893|87.7893
240|87.7893|87.7893
241|87.7893|87.7893
242|87.7893|87.7893
243|87.7893|87.7893
244|87.7893|87.7893
245|87.7893|87.7893
246|87.7893|87.7893
247|87.7893|87.7893
248|87.7893|87.7893
249|87.7893|87.7893
250|87.7893|87.7893
251|87.7893|87.7893
252|87.7893|87.7893
253|87.7893|87.7893
254|87.7893|87.7893
255|87.7893|87.7893
256|87.7893|87.7893
257|87.7893|87.7893
258|87.7893|87.7893
259|87.7893|87.7893
260|87.7893|87.7893
261|87.7893|87.7893
262|87.7893|87.7893
263|87.7893|87.7893
264|87.7893|87.7893
265|87.7893|87.7893
266|87.7893|87.7893
267|87.7893|87.7893
268|87.7893|87.7893
269|87.7893|87.7893
270|87.7893|87.7893
271|87.7893|87.7893
272|87.7893|87.7893
273|87.7893|87.7893
274|87.7893|87.7893
275|87.7893|87.7893
276|87.7893|87.7893
277|87.7893|87.7893
278|87.7893|87.7893
279|87.7893|87.7893
280|87.7893|87.7893
281|87.7893|87.7893
282|87.7893|87.7893
283|87.7893|87.7893
284|87.7893|87.7893
285|87.7893|87.7893
286|87.7893|87.7893
287|87.7893|87.7893
288|87.7893|87.7893
289|87.7893|87.7893
290|87.7893|87.7893
291|87.7893|87.7893
292|87.7893|87.7893
293|87.7893|87.7893
294|87.7893|87.7893
295|87.7893|87.7893
296|87.7893|87.7893
297|87.7893|87.7893
298|87.7893|87.7893
299|87.7893|87.7893
300|87.7893|87.7893
301|87.7893|87.7893
302|87.7893|87.7893
303|87.7893|87.7893
304|87.7893|87.7893
305|87.7893|87.7893
306|87.7893|87.7893
307|87.7893|87.7893
308|87.7893|87.7893
309|87.7893|87.7893
310|87.7893|87.7893
311|87.7893|87.7893
312|87.7893|87.7893
313|87.7893|87.7893
314|87.7893|87.7893
315|87.7893|87.7893
316|87.7893|87.7893
317|87.7893|87.7893
318|87.7893|87.7893
319|87.7893|87.7893
320|87.7893|87.7893
321|87.7893|87.7893
322|87.7893|87.7893
323|87.7893|87.7893
324|87.7893|87.7893
325|87.7893|87.7893
326|87.7893|87.7893
327|87.7893|87.7893
328|87.7893|87.7893
329|87.7893|87.7893
330|87.7893|87.7893
331|87.7893|87.7893
332|87.7893|87.7893
333|87.7893|87.7893
334|87.7893|87.7893
335|87.7893|87.7893
336|87.7893|87.7893
337|87.7893|87.7893
338|87.7893|87.7893
339|87.7893|87.7893
340|87.7893|87.7893
341|87.7893|87.7893
342|87.7893|87.7893
343|87.7893|87.7893
344|87.7893|87.7893
345|87.7893|87.7893
346|87.7893|87.7893
347|87.7893|87.7893
348|87.7893|87.7893
349|87.7893|87.7893
350|87.7893|87.7893
351|87.7893|87.7893
352|87.7893|87.7893
353|87.7893|87.7893
354|87.7893|87.7893
355|87.7893|87.7893
356|87.7893|87.7893
357|87.7893|87.7893
358|87.7893|87.7893
359|87.7893|87.7893
360|87.7893|87.7893
361|87.7893|87.7893
362|87.7893|87.7893
363|87.7893|87.7893
364|87.7893|87.7893
365|87.7893|87.7893
366|87.7893|87.7893
367|87.7893|87.7893
368|87.7893|87.7893
369|87.7893|87.7893
370|87.7893|87.7893
371|87.7893|87.7893
372|87.7893|87.7893
373|87.7893|87.7893
374|87.7893|87.7893
375|87.7893|87.7893
376|87.7893|87.7893
377|87.7893|87.7893
378|87.7893|87.7893
379|87.7893|87.7893
380|87.7893|87.7893
EARLY STOP: TARGET FOUND
3045591ms
