1|46.3696|46.3696
2|45.2372|45.2372
3|44.9783|44.9783
4|44.9256|44.9256
5|44.9184|44.9184
6|44.9184|44.9184
7|44.9184|44.9184
8|44.9184|44.9184
9|43.8712|43.8712
10|43.6548|43.6548
11|43.6233|43.6233
12|43.6231|43.6231
13|43.623|43.623
14|43.623|43.623
15|32.02|32.02
16|30.0056|30.0056
17|29.9885|29.9885
18|29.9885|29.9885
19|29.9847|29.9847
20|29.984|29.984
21|29.984|29.984
22|29.984|29.984
23|29.7637|29.7637
24|29.7303|29.7303
25|29.7297|29.7297
26|29.7297|29.7297
27|29.7297|29.7297
28|29.7297|29.7297
29|22.193|22.193
30|19.162|19.162
31|18.9162|18.9162
32|18.8701|18.8701
33|18.8666|18.8666
34|18.8661|18.8661
35|18.866|18.866
36|18.866|18.866
37|17.4026|17.4026
38|12.8532|12.8532
39|11.8074|11.8074
40|11.5916|11.5916
41|11.5606|11.5606
42|11.5603|11.5603
43|11.5603|11.5603
44|11.5603|11.5603
45|11.5603|11.5603
46|6.89023|6.89023
47|5.78401|5.78401
48|5.5381|5.5381
49|5.5381|5.5381
50|5.49195|5.49195
51|5.48841|5.48841
52|5.48784|5.48784
53|5.48782|5.48782
54|5.48782|5.48782
55|5.48782|5.48782
56|5.31567|5.31567
57|5.30463|5.30463
58|5.30387|5.30387
59|5.3038|5.3038
60|5.30379|5.30379
61|5.30379|5.30379
62|5.30379|5.30379
63|5.10965|5.10965
64|5.09312|5.09312
65|5.08965|5.08965
66|5.08912|5.08912
67|5.08911|5.08911
68|5.08911|5.08911
69|0.952389|0.952389
70|0.952389|0.952389
71|0.952389|0.952389
72|0.952389|0.952389
73|0.112831|0.112831
74|0.112831|0.112831
75|0.112831|0.112831
76|0.112831|0.112831
77|0.112831|0.112831
78|0.112831|0.112831
79|0.112831|0.112831
80|0.112831|0.112831
81|0.112831|0.112831
82|0.112831|0.112831
83|0.000252923|0.000252923
EARLY STOP: TARGET FOUND
52993ms
