1|68.0458|68.0458
2|67.8664|67.8664
3|67.8535|67.8535
4|67.8519|67.8519
5|65.4693|65.4693
6|65.4019|65.4019
7|65.3874|65.3874
8|65.3849|65.3849
9|65.3848|65.3848
10|62.1626|62.1626
11|61.8691|61.8691
12|61.7991|61.7991
13|61.7833|61.7833
14|61.7802|61.7802
15|61.7799|61.7799
16|61.7799|61.7799
17|61.7799|61.7799
18|46.7259|46.7259
19|45.7404|45.7404
20|45.5549|45.5549
21|45.5405|45.5405
22|45.5381|45.5381
23|45.538|45.538
24|45.538|45.538
25|45.538|45.538
26|27.241|27.241
27|26.661|26.661
28|26.661|26.661
29|26.646|26.646
30|26.6434|26.6434
31|26.6432|26.6432
32|26.6432|26.6432
33|25.5561|25.5561
34|25.3197|25.3197
35|25.3197|25.3197
36|25.2783|25.2783
37|25.2783|25.2783
38|25.2759|25.2759
39|25.2759|25.2759
40|25.2759|25.2759
41|25.2759|25.2759
42|25.2759|25.2759
43|25.2759|25.2759
44|25.0959|25.0959
45|25.0829|25.0829
46|25.0812|25.0812
47|24.9371|24.9371
48|24.9371|24.9371
49|24.9335|24.9335
50|24.9335|24.9335
51|24.9329|24.9329
52|24.9329|24.9329
53|12.5742|12.5742
54|10.7487|10.7487
55|10.7487|10.7487
56|10.7444|10.7444
57|10.7435|10.7435
58|10.7433|10.7433
59|10.7433|10.7433
60|3.39408|3.39408
61|3.39408|3.39408
62|3.39408|3.39408
63|3.39408|3.39408
64|0.316182|0.316182
65|0.316182|0.316182
66|0.316182|0.316182
67|0.316182|0.316182
68|0.316182|0.316182
69|0.316182|0.316182
70|0.316182|0.316182
71|0.316182|0.316182
72|0.0587093|0.0587093
73|0.0587093|0.0587093
74|0.0587093|0.0587093
75|0.0587093|0.0587093
76|0.0587093|0.0587093
77|0.0587093|0.0587093
78|0.0587093|0.0587093
79|0.0587093|0.0587093
80|0.00677328|0.00677328
EARLY STOP: TARGET FOUND
51776ms
