1|314.699|314.699
2|314.563|314.563
3|314.561|314.561
4|314.56|314.56
5|308.584|308.584
6|305.163|305.163
7|304.681|304.681
8|304.681|304.681
9|304.678|304.678
10|304.678|304.678
11|304.678|304.678
12|280.22|280.22
13|280.191|280.191
14|280.191|280.191
15|259.041|259.041
16|258.827|258.827
17|258.797|258.797
18|258.797|258.797
19|250.882|250.882
20|250.882|250.882
21|250.882|250.882
22|247.946|247.946
23|247.723|247.723
24|247.723|247.723
25|247.689|247.689
26|247.689|247.689
27|247.688|247.688
28|236.939|236.939
29|236.939|236.939
30|234.712|234.712
31|234.663|234.663
32|234.659|234.659
33|234.659|234.659
34|234.659|234.659
35|234.658|234.658
36|230.194|230.194
37|229.19|229.19
38|228.995|228.995
39|228.979|228.979
40|228.979|228.979
41|228.975|228.975
42|228.975|228.975
43|228.975|228.975
44|225.511|225.511
45|221.462|221.462
46|220.666|220.666
47|220.595|220.595
48|220.579|220.579
49|220.575|220.575
50|220.575|220.575
51|207.187|207.187
52|207.187|207.187
53|205.993|205.993
54|205.704|205.704
55|205.704|205.704
56|205.636|205.636
57|205.621|205.621
58|205.618|205.618
59|205.618|205.618
60|200.154|200.154
61|200.154|200.154
62|196.605|196.605
63|196.059|196.059
64|196.049|196.049
65|196.049|196.049
66|196.048|196.048
67|196.048|196.048
68|196.048|196.048
69|192.224|192.224
70|191.54|191.54
71|191.497|191.497
72|191.495|191.495
73|191.495|191.495
74|187.155|187.155
75|187.155|187.155
76|186.215|186.215
77|186.215|186.215
78|186.051|186.051
79|186.043|186.043
80|186.042|186.042
81|186.042|186.042
82|186.042|186.042
83|185.846|185.846
84|185.846|185.846
85|185.829|185.829
86|185.826|185.826
87|185.825|185.825
88|185.825|185.825
89|184.721|184.721
90|184.476|184.476
91|184.431|184.431
92|184.431|184.431
93|184.427|184.427
94|184.427|184.427
95|184.427|184.427
96|182.172|182.172
97|182.172|182.172
98|182.121|182.121
99|182.114|182.114
100|179.422|179.422
101|175.18|175.18
102|174.287|174.287
103|174.149|174.149
104|174.146|174.146
105|174.145|174.145
106|174.145|174.145
107|153.512|153.512
108|153.266|153.266
109|153.266|153.266
110|153.219|153.219
111|153.216|153.216
112|153.215|153.215
113|153.215|153.215
114|135.088|135.088
115|134.486|134.486
116|134.486|134.486
117|134.469|134.469
118|134.465|134.465
119|134.464|134.464
120|134.464|134.464
121|134.464|134.464
122|112.681|112.681
123|112.681|112.681
124|112.507|112.507
125|112.507|112.507
126|112.495|112.495
127|112.494|112.494
128|112.494|112.494
129|112.494|112.494
130|112.494|112.494
131|97.9598|97.9598
132|96.9093|96.9093
133|96.6913|96.6913
134|96.6591|96.6591
135|96.6587|96.6587
136|75.1324|75.1324
137|74.9417|74.9417
138|74.9261|74.9261
139|74.9231|74.9231
140|74.9228|74.9228
141|74.9228|74.9228
142|74.9228|74.9228
143|50.6501|50.6501
144|50.6501|50.6501
145|50.615|50.615
146|50.615|50.615
147|50.6142|50.6142
148|50.6141|50.6141
149|50.6141|50.6141
150|50.6141|50.6141
151|50.6141|50.6141
152|48.3524|48.3524
153|48.3001|48.3001
154|48.2931|48.2931
155|48.2931|48.2931
156|46.0551|46.0551
157|46.0551|46.0551
158|46.0057|46.0057
159|46.0014|46.0014
160|46.0004|46.0004
161|46.0002|46.0002
162|46.0002|46.0002
163|46.0002|46.0002
164|40.2838|40.2838
165|40.2838|40.2838
166|36.7977|36.7977
167|36.2834|36.2834
168|36.2767|36.2767
169|36.2728|36.2728
170|36.2728|36.2728
171|36.2721|36.2721
172|36.272|36.272
173|36.272|36.272
174|36.272|36.272
175|36.2426|36.2426
176|36.2425|36.2425
177|35.2623|35.2623
178|35.2623|35.2623
179|35.0794|35.0794
180|35.0657|35.0657
181|35.0636|35.0636
182|35.0636|35.0636
183|14.5635|14.5635
184|14.3088|14.3088
185|14.2582|14.2582
186|14.2535|14.2535
187|14.2524|14.2524
188|14.2522|14.2522
189|14.2522|14.2522
190|14.2521|14.2521
191|14.2521|14.2521
192|14.2521|14.2521
193|1.80852|1.80852
194|1.80852|1.80852
195|1.80852|1.80852
196|1.80852|1.80852
197|1.80852|1.80852
198|1.80852|1.80852
199|1.80852|1.80852
200|1.80852|1.80852
201|1.80852|1.80852
202|1.80852|1.80852
203|1.80852|1.80852
204|1.80852|1.80852
205|1.80852|1.80852
206|1.80852|1.80852
207|0.00420109|0.00420109
EARLY STOP: TARGET FOUND
1111727ms
