1|-205.301|-205.301
2|-206.652|-206.652
3|-208.471|-208.471
4|-209.36|-209.36
5|-209.47|-209.47
6|-209.525|-209.525
7|-209.529|-209.529
8|-209.529|-209.529
9|-209.53|-209.53
10|-209.53|-209.53
11|-209.53|-209.53
12|-278.011|-278.011
13|-312.508|-312.508
14|-416.969|-416.969
15|-430.388|-430.388
16|-623.59|-623.59
17|-699.297|-699.297
18|-739.734|-739.734
19|-740.539|-740.539
20|-740.619|-740.619
21|-740.7|-740.7
22|-740.702|-740.702
23|-740.703|-740.703
24|-740.703|-740.703
25|-740.703|-740.703
26|-915.847|-915.847
27|-1098.18|-1098.18
28|-1127.06|-1127.06
29|-1142.95|-1142.95
30|-1171.67|-1171.67
31|-1189.55|-1189.55
32|-1198.37|-1198.37
33|-1202.76|-1202.76
34|-1204.94|-1204.94
35|-1206.04|-1206.04
36|-1206.58|-1206.58
37|-1206.85|-1206.85
38|-1206.99|-1206.99
39|-1207.02|-1207.02
40|-1207.02|-1207.02
41|-1207.02|-1207.02
42|-1342.45|-1342.45
43|-1342.45|-1342.45
44|-1448.12|-1448.12
45|-1448.22|-1448.22
46|-1448.29|-1448.29
47|-1448.3|-1448.3
48|-1448.3|-1448.3
49|-1461.52|-1461.52
50|-1464.25|-1464.25
51|-1465.52|-1465.52
52|-1465.83|-1465.83
53|-1465.91|-1465.91
54|-1465.95|-1465.95
55|-1465.97|-1465.97
56|-1465.97|-1465.97
57|-1465.97|-1465.97
58|-1465.97|-1465.97
59|-1465.97|-1465.97
60|-1465.97|-1465.97
61|-1465.97|-1465.97
62|-1465.97|-1465.97
63|-1465.97|-1465.97
64|-1465.97|-1465.97
65|-1465.97|-1465.97
66|-1465.97|-1465.97
67|-1465.97|-1465.97
68|-1465.97|-1465.97
69|-1465.97|-1465.97
70|-1465.97|-1465.97
71|-1465.97|-1465.97
72|-1465.97|-1465.97
73|-1465.97|-1465.97
74|-1465.97|-1465.97
75|-1465.97|-1465.97
76|-1465.97|-1465.97
77|-1465.97|-1465.97
78|-1465.97|-1465.97
79|-1465.97|-1465.97
80|-1465.97|-1465.97
81|-1465.97|-1465.97
82|-1465.97|-1465.97
83|-1465.97|-1465.97
84|-1465.97|-1465.97
85|-1465.97|-1465.97
86|-1465.97|-1465.97
87|-1465.97|-1465.97
88|-1465.97|-1465.97
89|-1465.97|-1465.97
90|-1465.97|-1465.97
91|-1465.97|-1465.97
92|-1465.97|-1465.97
93|-1465.97|-1465.97
94|-1465.97|-1465.97
95|-1465.97|-1465.97
96|-1465.97|-1465.97
97|-1465.97|-1465.97
98|-1465.97|-1465.97
99|-1465.97|-1465.97
100|-1465.97|-1465.97
101|-1465.97|-1465.97
102|-1465.97|-1465.97
103|-1465.97|-1465.97
104|-1465.97|-1465.97
105|-1465.97|-1465.97
106|-1465.97|-1465.97
107|-1465.97|-1465.97
108|-1465.97|-1465.97
109|-1465.97|-1465.97
110|-1465.97|-1465.97
111|-1465.97|-1465.97
112|-1465.97|-1465.97
113|-1465.97|-1465.97
114|-1465.97|-1465.97
115|-1465.97|-1465.97
116|-1465.97|-1465.97
117|-1465.97|-1465.97
118|-1465.97|-1465.97
119|-1465.97|-1465.97
120|-1465.97|-1465.97
121|-1465.97|-1465.97
122|-1465.97|-1465.97
123|-1465.97|-1465.97
124|-1465.97|-1465.97
125|-1465.97|-1465.97
126|-1465.97|-1465.97
127|-1465.97|-1465.97
128|-1465.97|-1465.97
129|-1465.97|-1465.97
130|-1465.97|-1465.97
131|-1465.97|-1465.97
132|-1465.97|-1465.97
133|-1465.97|-1465.97
134|-1465.97|-1465.97
135|-1465.97|-1465.97
136|-1465.97|-1465.97
137|-1465.97|-1465.97
138|-1465.97|-1465.97
139|-1465.97|-1465.97
140|-1465.97|-1465.97
141|-1465.97|-1465.97
142|-1465.97|-1465.97
143|-1465.97|-1465.97
144|-1465.97|-1465.97
145|-1465.97|-1465.97
146|-1465.97|-1465.97
147|-1465.97|-1465.97
148|-1465.97|-1465.97
149|-1465.97|-1465.97
150|-1465.97|-1465.97
151|-1465.97|-1465.97
152|-1465.97|-1465.97
153|-1465.97|-1465.97
154|-1465.97|-1465.97
155|-1465.97|-1465.97
156|-1465.97|-1465.97
157|-1465.97|-1465.97
158|-1465.97|-1465.97
159|-1465.97|-1465.97
160|-1465.97|-1465.97
161|-1465.97|-1465.97
162|-1465.97|-1465.97
163|-1465.97|-1465.97
164|-1465.97|-1465.97
165|-1465.97|-1465.97
166|-1465.97|-1465.97
167|-1465.97|-1465.97
168|-1465.97|-1465.97
169|-1465.97|-1465.97
170|-1465.97|-1465.97
171|-1465.97|-1465.97
172|-1465.97|-1465.97
173|-1465.97|-1465.97
174|-1465.97|-1465.97
175|-1465.97|-1465.97
176|-1465.97|-1465.97
177|-1465.97|-1465.97
178|-1465.97|-1465.97
179|-1465.97|-1465.97
180|-1465.97|-1465.97
181|-1465.97|-1465.97
182|-1465.97|-1465.97
183|-1465.97|-1465.97
184|-1465.97|-1465.97
185|-1465.97|-1465.97
186|-1465.97|-1465.97
187|-1465.97|-1465.97
188|-1465.97|-1465.97
189|-1465.97|-1465.97
190|-1465.97|-1465.97
191|-1465.97|-1465.97
192|-1465.97|-1465.97
193|-1465.97|-1465.97
194|-1465.97|-1465.97
195|-1465.97|-1465.97
196|-1465.97|-1465.97
197|-1465.97|-1465.97
198|-1465.97|-1465.97
199|-1465.97|-1465.97
200|-1465.97|-1465.97
201|-1465.97|-1465.97
202|-1465.97|-1465.97
203|-1465.97|-1465.97
204|-1465.97|-1465.97
205|-1465.97|-1465.97
206|-1465.97|-1465.97
207|-1465.97|-1465.97
EARLY STOP: TARGET FOUND
98359ms
