1|104.316|104.316
2|96.8605|96.8605
3|95.8062|95.8062
4|95.6337|95.6337
5|95.5965|95.5965
6|95.5788|95.5788
7|95.5745|95.5745
8|95.5723|95.5723
9|95.5712|95.5712
10|95.5711|95.5711
11|95.0526|95.0526
12|90.749|90.749
13|88.0894|88.0894
14|87.913|87.913
15|87.839|87.839
16|87.8347|87.8347
17|87.8345|87.8345
18|84.6248|84.6248
19|63.8235|63.8235
20|62.0834|62.0834
21|62.0375|62.0375
22|62.0294|62.0294
23|62.0289|62.0289
24|62.0289|62.0289
25|38.4854|38.4854
26|26.8993|26.8993
27|26.3256|26.3256
28|26.2602|26.2602
29|26.2548|26.2548
30|26.2545|26.2545
31|26.2543|26.2543
32|26.2543|26.2543
33|18.5149|18.5149
34|10.519|10.519
35|10.4874|10.4874
36|10.4753|10.4753
37|10.4727|10.4727
38|10.472|10.472
39|10.4717|10.4717
40|10.4717|10.4717
41|10.4717|10.4717
42|10.4717|10.4717
43|10.4717|10.4717
44|10.4717|10.4717
45|10.4717|10.4717
46|10.4717|10.4717
47|10.4717|10.4717
48|10.4717|10.4717
49|10.4717|10.4717
50|10.4717|10.4717
51|10.4717|10.4717
52|10.4717|10.4717
53|10.4717|10.4717
54|10.4717|10.4717
55|10.4717|10.4717
56|10.4717|10.4717
57|10.4717|10.4717
58|10.4717|10.4717
59|10.4717|10.4717
60|10.4717|10.4717
61|10.4717|10.4717
62|10.4717|10.4717
63|10.4717|10.4717
64|10.4717|10.4717
65|10.4717|10.4717
66|10.4717|10.4717
67|10.4717|10.4717
68|10.4717|10.4717
69|10.4717|10.4717
70|10.4717|10.4717
71|10.4717|10.4717
72|10.4717|10.4717
73|10.4717|10.4717
74|10.4717|10.4717
75|10.4717|10.4717
76|10.4717|10.4717
77|10.4717|10.4717
78|10.4717|10.4717
79|10.4717|10.4717
80|10.4717|10.4717
81|10.4717|10.4717
82|10.4717|10.4717
83|10.4717|10.4717
84|10.4717|10.4717
85|10.4717|10.4717
86|10.4717|10.4717
87|10.4717|10.4717
88|10.4717|10.4717
89|10.4717|10.4717
90|10.4717|10.4717
91|10.4717|10.4717
92|10.4717|10.4717
93|10.4717|10.4717
94|10.4717|10.4717
95|10.4717|10.4717
96|10.4717|10.4717
97|10.4717|10.4717
98|10.4717|10.4717
99|10.4717|10.4717
100|10.4717|10.4717
101|10.4717|10.4717
102|10.4717|10.4717
103|10.4717|10.4717
104|10.4717|10.4717
105|10.4717|10.4717
106|10.4717|10.4717
107|10.4717|10.4717
108|10.4717|10.4717
109|10.4717|10.4717
110|10.4717|10.4717
111|10.4717|10.4717
112|10.4717|10.4717
113|10.4717|10.4717
114|10.4717|10.4717
115|10.4717|10.4717
116|10.4717|10.4717
117|10.4717|10.4717
118|10.4717|10.4717
119|10.4717|10.4717
120|10.4717|10.4717
121|10.4717|10.4717
122|10.4717|10.4717
123|10.4717|10.4717
124|10.4717|10.4717
125|10.4717|10.4717
126|10.4717|10.4717
127|10.4717|10.4717
128|10.4717|10.4717
129|10.4717|10.4717
130|10.4717|10.4717
131|10.4717|10.4717
132|10.4717|10.4717
133|10.4717|10.4717
134|10.4717|10.4717
135|10.4717|10.4717
136|10.4717|10.4717
137|10.4717|10.4717
138|10.4717|10.4717
139|10.4717|10.4717
140|10.4717|10.4717
141|10.4717|10.4717
142|10.4717|10.4717
143|10.4717|10.4717
144|10.4717|10.4717
145|10.4717|10.4717
146|10.4717|10.4717
147|10.4717|10.4717
148|10.4717|10.4717
149|10.4717|10.4717
150|10.4717|10.4717
151|10.4717|10.4717
152|10.4717|10.4717
153|10.4717|10.4717
154|10.4717|10.4717
155|10.4717|10.4717
156|10.4717|10.4717
157|10.4717|10.4717
158|10.4717|10.4717
159|10.4717|10.4717
160|10.4717|10.4717
161|10.4717|10.4717
162|10.4717|10.4717
163|10.4717|10.4717
164|10.4717|10.4717
165|10.4717|10.4717
166|10.4717|10.4717
167|10.4717|10.4717
168|10.4717|10.4717
169|10.4717|10.4717
170|10.4717|10.4717
171|10.4717|10.4717
172|10.4717|10.4717
173|10.4717|10.4717
174|10.4717|10.4717
175|10.4717|10.4717
176|10.4717|10.4717
177|10.4717|10.4717
178|10.4717|10.4717
179|10.4717|10.4717
180|10.4717|10.4717
181|10.4717|10.4717
182|10.4717|10.4717
183|10.4717|10.4717
184|10.4717|10.4717
185|10.4717|10.4717
186|10.4717|10.4717
187|10.4717|10.4717
188|10.4717|10.4717
189|10.4717|10.4717
EARLY STOP: TARGET FOUND
65909ms
