1|-1.0501|-1.0501
2|-1.05016|-1.05016
3|-1.05019|-1.05019
4|-1.0502|-1.0502
5|-1.05021|-1.05021
6|-1.05021|-1.05021
7|-1.05021|-1.05021
8|-1.16362|-1.16362
9|-1.16441|-1.16441
10|-1.16451|-1.16451
11|-1.16452|-1.16452
12|-1.49037|-1.49037
13|-1.8477|-1.8477
14|-1.90608|-1.90608
15|-1.95761|-1.95761
16|-1.96057|-1.96057
17|-1.96084|-1.96084
18|-1.96085|-1.96085
19|-1.96085|-1.96085
20|-2.02602|-2.02602
21|-2.03045|-2.03045
22|-2.15315|-2.15315
23|-2.21729|-2.21729
24|-2.24845|-2.24845
25|-2.24941|-2.24941
26|-2.24989|-2.24989
27|-3.02204|-3.02204
28|-3.06517|-3.06517
29|-3.06716|-3.06716
30|-3.06812|-3.06812
31|-3.06859|-3.06859
32|-3.06871|-3.06871
33|-3.06874|-3.06874
34|-3.06875|-3.06875
35|-3.06875|-3.06875
36|-3.06875|-3.06875
37|-3.06875|-3.06875
38|-3.06875|-3.06875
39|-3.06875|-3.06875
40|-3.06875|-3.06875
41|-3.06875|-3.06875
42|-3.06875|-3.06875
43|-3.06875|-3.06875
44|-3.06875|-3.06875
45|-3.06875|-3.06875
46|-3.06875|-3.06875
47|-3.06875|-3.06875
48|-3.06875|-3.06875
49|-3.06875|-3.06875
50|-3.06875|-3.06875
51|-3.06875|-3.06875
52|-3.06875|-3.06875
53|-3.06875|-3.06875
54|-3.06875|-3.06875
55|-3.06875|-3.06875
56|-3.06875|-3.06875
57|-3.06875|-3.06875
58|-3.06875|-3.06875
59|-3.06875|-3.06875
60|-3.06875|-3.06875
61|-3.06875|-3.06875
62|-3.06875|-3.06875
63|-3.06875|-3.06875
64|-3.06875|-3.06875
65|-3.06875|-3.06875
66|-3.06875|-3.06875
67|-3.06875|-3.06875
68|-3.06875|-3.06875
69|-3.06875|-3.06875
70|-3.06875|-3.06875
71|-3.06875|-3.06875
72|-3.06875|-3.06875
73|-3.06875|-3.06875
74|-3.06875|-3.06875
75|-3.06875|-3.06875
76|-3.06875|-3.06875
77|-3.06875|-3.06875
78|-3.06875|-3.06875
79|-3.06875|-3.06875
80|-3.06875|-3.06875
81|-3.06875|-3.06875
82|-3.06875|-3.06875
83|-3.06875|-3.06875
84|-3.06875|-3.06875
85|-3.06875|-3.06875
86|-3.06875|-3.06875
87|-3.06875|-3.06875
88|-3.06875|-3.06875
89|-3.06875|-3.06875
90|-3.06875|-3.06875
91|-3.06875|-3.06875
92|-3.06875|-3.06875
93|-3.06875|-3.06875
94|-3.06875|-3.06875
95|-3.06875|-3.06875
96|-3.06875|-3.06875
97|-3.06875|-3.06875
98|-3.06875|-3.06875
99|-3.06875|-3.06875
100|-3.06875|-3.06875
101|-3.06875|-3.06875
102|-3.06875|-3.06875
103|-3.06875|-3.06875
104|-3.06875|-3.06875
105|-3.06875|-3.06875
106|-3.06875|-3.06875
107|-3.06875|-3.06875
108|-3.06875|-3.06875
109|-3.06875|-3.06875
110|-3.06875|-3.06875
111|-3.06875|-3.06875
112|-3.06875|-3.06875
113|-3.06875|-3.06875
114|-3.06875|-3.06875
115|-3.06875|-3.06875
116|-3.06875|-3.06875
117|-3.06875|-3.06875
118|-3.06875|-3.06875
119|-3.06875|-3.06875
120|-3.06875|-3.06875
121|-3.06875|-3.06875
122|-3.06875|-3.06875
123|-3.06875|-3.06875
124|-3.06875|-3.06875
125|-3.06875|-3.06875
126|-3.06875|-3.06875
127|-3.06875|-3.06875
128|-3.06875|-3.06875
129|-3.06875|-3.06875
130|-3.06875|-3.06875
131|-3.06875|-3.06875
132|-3.06875|-3.06875
133|-3.06875|-3.06875
134|-3.06875|-3.06875
135|-3.06875|-3.06875
136|-3.06875|-3.06875
137|-3.06875|-3.06875
138|-3.06875|-3.06875
139|-3.06875|-3.06875
140|-3.06875|-3.06875
141|-3.06875|-3.06875
142|-3.06875|-3.06875
143|-3.06875|-3.06875
144|-3.06875|-3.06875
145|-3.06875|-3.06875
146|-3.06875|-3.06875
147|-3.06875|-3.06875
148|-3.06875|-3.06875
149|-3.06875|-3.06875
150|-3.06875|-3.06875
151|-3.06875|-3.06875
152|-3.06875|-3.06875
153|-3.06875|-3.06875
154|-3.06875|-3.06875
155|-3.06875|-3.06875
156|-3.06875|-3.06875
157|-3.06875|-3.06875
158|-3.06875|-3.06875
159|-3.06875|-3.06875
160|-3.06875|-3.06875
161|-3.06875|-3.06875
162|-3.06875|-3.06875
163|-3.06875|-3.06875
164|-3.06875|-3.06875
165|-3.06875|-3.06875
166|-3.06875|-3.06875
167|-3.06875|-3.06875
168|-3.06875|-3.06875
169|-3.06875|-3.06875
170|-3.06875|-3.06875
171|-3.06875|-3.06875
172|-3.06875|-3.06875
173|-3.06875|-3.06875
174|-3.06875|-3.06875
175|-3.06875|-3.06875
176|-3.06875|-3.06875
177|-3.06875|-3.06875
178|-3.06875|-3.06875
179|-3.06875|-3.06875
180|-3.06875|-3.06875
181|-3.06875|-3.06875
182|-3.06875|-3.06875
183|-3.06875|-3.06875
184|-3.06875|-3.06875
EARLY STOP: TARGET FOUND
64887ms
