1|-1.72067|-1.72067
2|-1.87761|-1.87761
3|-1.89813|-1.89813
4|-1.90839|-1.90839
5|-1.90843|-1.90843
6|-1.90844|-1.90844
7|-2.75575|-2.75575
8|-2.90096|-2.90096
9|-2.90837|-2.90837
10|-2.90842|-2.90842
11|-2.90843|-2.90843
12|-2.90843|-2.90843
13|-2.98168|-2.98168
14|-3.7526|-3.7526
15|-3.78557|-3.78557
16|-3.79624|-3.79624
17|-3.80003|-3.80003
18|-3.80043|-3.80043
19|-3.80053|-3.80053
20|-3.80055|-3.80055
21|-3.80056|-3.80056
22|-3.80057|-3.80057
23|-3.97368|-3.97368
24|-4.35419|-4.35419
25|-4.5436|-4.5436
26|-4.54443|-4.54443
27|-4.54464|-4.54464
28|-4.54469|-4.54469
29|-4.65384|-4.65384
30|-4.77482|-4.77482
31|-4.89018|-4.89018
32|-4.97422|-4.97422
33|-5.01881|-5.01881
34|-5.04158|-5.04158
35|-5.04445|-5.04445
36|-5.04516|-5.04516
37|-5.04552|-5.04552
38|-5.0457|-5.0457
39|-5.07673|-5.07673
40|-5.30139|-5.30139
41|-5.9314|-5.9314
42|-6.03295|-6.03295
43|-6.0427|-6.0427
44|-6.04504|-6.04504
45|-6.04558|-6.04558
46|-6.04569|-6.04569
47|-6.0457|-6.0457
48|-6.76958|-6.76958
49|-6.78387|-6.78387
50|-6.78391|-6.78391
51|-6.78392|-6.78392
52|-6.79852|-6.79852
53|-7.12098|-7.12098
54|-7.56635|-7.56635
55|-7.65785|-7.65785
56|-7.66764|-7.66764
57|-7.67238|-7.67238
58|-7.67355|-7.67355
59|-7.67413|-7.67413
60|-7.67442|-7.67442
61|-7.88185|-7.88185
62|-7.97086|-7.97086
63|-8.40729|-8.40729
64|-8.58051|-8.58051
65|-8.6063|-8.6063
66|-8.60891|-8.60891
67|-8.60907|-8.60907
68|-8.60915|-8.60915
69|-8.95864|-8.95864
70|-9.00805|-9.00805
71|-9.00822|-9.00822
72|-9.00823|-9.00823
73|-9.16061|-9.16061
74|-9.33361|-9.33361
75|-9.58467|-9.58467
76|-9.89656|-9.89656
77|-9.89689|-9.89689
78|-10.4162|-10.4162
79|-10.4515|-10.4515
80|-10.4588|-10.4588
81|-10.4622|-10.4622
82|-10.4638|-10.4638
83|-10.4646|-10.4646
84|-10.465|-10.465
85|-10.4651|-10.4651
86|-10.6289|-10.6289
87|-10.6943|-10.6943
88|-10.6944|-10.6944
89|-10.6946|-10.6946
90|-10.6946|-10.6946
91|-10.9042|-10.9042
92|-11.2448|-11.2448
93|-11.2462|-11.2462
94|-11.2463|-11.2463
95|-11.2464|-11.2464
96|-11.2738|-11.2738
97|-12.0741|-12.0741
98|-12.2286|-12.2286
99|-12.2448|-12.2448
100|-12.245|-12.245
101|-12.245|-12.245
102|-12.245|-12.245
103|-12.2453|-12.2453
104|-12.3136|-12.3136
105|-12.3816|-12.3816
106|-12.3925|-12.3925
107|-12.3953|-12.3953
108|-12.3967|-12.3967
109|-12.3971|-12.3971
110|-12.3973|-12.3973
111|-12.6539|-12.6539
112|-12.8641|-12.8641
113|-12.8802|-12.8802
114|-12.8835|-12.8835
115|-12.8836|-12.8836
116|-12.8837|-12.8837
117|-12.8837|-12.8837
118|-12.9327|-12.9327
119|-12.994|-12.994
120|-13.7533|-13.7533
121|-13.8188|-13.8188
122|-13.8215|-13.8215
123|-13.8218|-13.8218
124|-13.8218|-13.8218
125|-14.1297|-14.1297
126|-14.5256|-14.5256
127|-14.6188|-14.6188
128|-14.6519|-14.6519
129|-14.6558|-14.6558
130|-14.6578|-14.6578
131|-14.6588|-14.6588
132|-15.1408|-15.1408
133|-15.1615|-15.1615
134|-15.2479|-15.2479
135|-15.2483|-15.2483
136|-15.2483|-15.2483
137|-15.2483|-15.2483
138|-15.2506|-15.2506
139|-15.2622|-15.2622
140|-15.9751|-15.9751
141|-15.9769|-15.9769
142|-15.9772|-15.9772
143|-15.9772|-15.9772
144|-16.0572|-16.0572
145|-16.4493|-16.4493
146|-16.7851|-16.7851
147|-16.8466|-16.8466
148|-16.8469|-16.8469
149|-16.8483|-16.8483
150|-17.6233|-17.6233
151|-17.6348|-17.6348
152|-17.6405|-17.6405
153|-17.6433|-17.6433
154|-17.6447|-17.6447
155|-17.6454|-17.6454
156|-17.6454|-17.6454
157|-18.3663|-18.3663
158|-18.4044|-18.4044
159|-18.4122|-18.4122
160|-18.4181|-18.4181
161|-18.5925|-18.5925
162|-18.5992|-18.5992
163|-18.5999|-18.5999
164|-18.6002|-18.6002
165|-18.6002|-18.6002
166|-18.6002|-18.6002
167|-18.6003|-18.6003
168|-18.6012|-18.6012
169|-18.6504|-18.6504
170|-18.7076|-18.7076
171|-19.0564|-19.0564
172|-19.5113|-19.5113
173|-19.5189|-19.5189
174|-19.5227|-19.5227
175|-19.5227|-19.5227
176|-19.5229|-19.5229
177|-19.5229|-19.5229
178|-20.3462|-20.3462
179|-20.3501|-20.3501
180|-20.3501|-20.3501
181|-21.1419|-21.1419
182|-21.3412|-21.3412
183|-21.3423|-21.3423
184|-21.3433|-21.3433
185|-21.3436|-21.3436
186|-21.3436|-21.3436
187|-21.7259|-21.7259
188|-21.7469|-21.7469
189|-21.7473|-21.7473
190|-21.7474|-21.7474
191|-21.7512|-21.7512
192|-21.7639|-21.7639
193|-22.3335|-22.3335
194|-22.655|-22.655
195|-22.692|-22.692
196|-22.6923|-22.6923
197|-22.6924|-22.6924
198|-22.6924|-22.6924
199|-22.6924|-22.6924
200|-22.8178|-22.8178
201|-23.5197|-23.5197
202|-23.5436|-23.5436
203|-23.5496|-23.5496
204|-23.5505|-23.5505
205|-23.5506|-23.5506
206|-23.5506|-23.5506
207|-23.5506|-23.5506
208|-23.5506|-23.5506
209|-23.5506|-23.5506
210|-23.5506|-23.5506
211|-23.5506|-23.5506
212|-23.5506|-23.5506
213|-23.5506|-23.5506
214|-23.5506|-23.5506
215|-23.5506|-23.5506
216|-23.5506|-23.5506
217|-23.5506|-23.5506
218|-23.5506|-23.5506
219|-23.5506|-23.5506
220|-23.5506|-23.5506
221|-23.5506|-23.5506
222|-23.5506|-23.5506
223|-23.5506|-23.5506
224|-23.5506|-23.5506
225|-23.5506|-23.5506
226|-23.5506|-23.5506
227|-23.5506|-23.5506
228|-23.5506|-23.5506
229|-23.5506|-23.5506
230|-23.5506|-23.5506
231|-23.5506|-23.5506
232|-23.5506|-23.5506
233|-23.5506|-23.5506
234|-23.5506|-23.5506
235|-23.5506|-23.5506
236|-23.5506|-23.5506
237|-23.5506|-23.5506
238|-23.5506|-23.5506
239|-23.5506|-23.5506
240|-23.5506|-23.5506
241|-23.5506|-23.5506
242|-23.5506|-23.5506
243|-23.5506|-23.5506
244|-23.5506|-23.5506
245|-23.5506|-23.5506
246|-23.5506|-23.5506
247|-23.5506|-23.5506
248|-23.5506|-23.5506
249|-23.5506|-23.5506
250|-23.5506|-23.5506
251|-23.5506|-23.5506
252|-23.5506|-23.5506
253|-23.5506|-23.5506
254|-23.5506|-23.5506
255|-23.5506|-23.5506
256|-23.5506|-23.5506
257|-23.5506|-23.5506
258|-23.5506|-23.5506
259|-23.5506|-23.5506
260|-23.5506|-23.5506
261|-23.5506|-23.5506
262|-23.5506|-23.5506
263|-23.5506|-23.5506
264|-23.5506|-23.5506
265|-23.5506|-23.5506
266|-23.5506|-23.5506
267|-23.5506|-23.5506
268|-23.5506|-23.5506
269|-23.5506|-23.5506
270|-23.5506|-23.5506
271|-23.5506|-23.5506
272|-23.5506|-23.5506
273|-23.5506|-23.5506
274|-23.5506|-23.5506
275|-23.5506|-23.5506
276|-23.5506|-23.5506
277|-23.5506|-23.5506
278|-23.5506|-23.5506
279|-23.5506|-23.5506
280|-23.5506|-23.5506
281|-23.5506|-23.5506
282|-23.5506|-23.5506
283|-23.5506|-23.5506
284|-23.5506|-23.5506
285|-23.5506|-23.5506
286|-23.5506|-23.5506
287|-23.5506|-23.5506
288|-23.5506|-23.5506
289|-23.5506|-23.5506
290|-23.5506|-23.5506
291|-23.5506|-23.5506
292|-23.5506|-23.5506
293|-23.5506|-23.5506
294|-23.5506|-23.5506
295|-23.5506|-23.5506
296|-23.5506|-23.5506
297|-23.5506|-23.5506
298|-23.5506|-23.5506
299|-23.5506|-23.5506
300|-23.5506|-23.5506
301|-23.5506|-23.5506
302|-23.5506|-23.5506
303|-23.5506|-23.5506
304|-23.5506|-23.5506
305|-23.5506|-23.5506
306|-23.5506|-23.5506
307|-23.5506|-23.5506
308|-23.5506|-23.5506
309|-23.5506|-23.5506
310|-23.5506|-23.5506
311|-23.5506|-23.5506
312|-23.5506|-23.5506
313|-23.5506|-23.5506
314|-23.5506|-23.5506
315|-23.5506|-23.5506
316|-23.5506|-23.5506
317|-23.5506|-23.5506
318|-23.5506|-23.5506
319|-23.5506|-23.5506
320|-23.5506|-23.5506
321|-23.5506|-23.5506
322|-23.5506|-23.5506
323|-23.5506|-23.5506
324|-23.5506|-23.5506
325|-23.5506|-23.5506
326|-23.5506|-23.5506
327|-23.5506|-23.5506
328|-23.5506|-23.5506
329|-23.5506|-23.5506
330|-23.5506|-23.5506
331|-23.5506|-23.5506
332|-23.5506|-23.5506
333|-23.5506|-23.5506
334|-23.5506|-23.5506
335|-23.5506|-23.5506
336|-23.5506|-23.5506
337|-23.5506|-23.5506
338|-23.5506|-23.5506
339|-23.5506|-23.5506
340|-23.5506|-23.5506
341|-23.5506|-23.5506
342|-23.5506|-23.5506
343|-23.5506|-23.5506
344|-23.5506|-23.5506
345|-23.5506|-23.5506
346|-23.5506|-23.5506
347|-23.5506|-23.5506
348|-23.5506|-23.5506
349|-23.5506|-23.5506
350|-23.5506|-23.5506
351|-23.5506|-23.5506
352|-23.5506|-23.5506
353|-23.5506|-23.5506
354|-23.5506|-23.5506
355|-23.5506|-23.5506
EARLY STOP: TARGET FOUND
2873281ms
