1|558.305|558.305
2|548.392|548.392
3|548.343|548.343
4|548.34|548.34
5|548.34|548.34
6|548.34|548.34
7|548.34|548.34
8|544.215|544.215
9|542.724|542.724
10|542.713|542.713
11|542.712|542.712
12|542.712|542.712
13|542.712|542.712
14|520.185|520.185
15|519.315|519.315
16|519.297|519.297
17|519.295|519.295
18|519.294|519.294
19|519.293|519.293
20|508.094|508.094
21|507.921|507.921
22|507.728|507.728
23|507.715|507.715
24|507.71|507.71
25|507.708|507.708
26|507.708|507.708
27|507.708|507.708
28|507.708|507.708
29|502.855|502.855
30|491.872|491.872
31|487.973|487.973
32|487.935|487.935
33|487.93|487.93
34|478.86|478.86
35|476.041|476.041
36|473.273|473.273
37|473.081|473.081
38|472.999|472.999
39|472.962|472.962
40|472.944|472.944
41|472.935|472.935
42|472.933|472.933
43|459.696|459.696
44|457.992|457.992
45|450.608|450.608
46|450.123|450.123
47|447.84|447.84
48|446.875|446.875
49|446.546|446.546
50|442.051|442.051
51|442.048|442.048
52|442.047|442.047
53|442.047|442.047
54|441.975|441.975
55|441.932|441.932
56|441.928|441.928
57|441.928|441.928
58|436.661|436.661
59|435.482|435.482
60|427.458|427.458
61|421.989|421.989
62|420.664|420.664
63|420.209|420.209
64|420.037|420.037
65|420|420
66|419.982|419.982
67|419.978|419.978
68|419.977|419.977
69|419.977|419.977
70|419.977|419.977
71|393.484|393.484
72|393.103|393.103
73|393.1|393.1
74|393.099|393.099
75|393.099|393.099
76|383.444|383.444
77|383.138|383.138
78|378.41|378.41
79|375.862|375.862
80|375.702|375.702
81|375.693|375.693
82|375.689|375.689
83|375.688|375.688
84|375.687|375.687
85|374.723|374.723
86|366.804|366.804
87|361.053|361.053
88|359.765|359.765
89|359.33|359.33
90|359.169|359.169
91|359.151|359.151
92|359.15|359.15
93|359.15|359.15
94|333.703|333.703
95|328.493|328.493
96|328.071|328.071
97|327.94|327.94
98|327.933|327.933
99|327.931|327.931
100|327.931|327.931
101|323.613|323.613
102|307.311|307.311
103|307.311|307.311
104|304.266|304.266
105|303.576|303.576
106|303.464|303.464
107|303.461|303.461
108|303.461|303.461
109|303.461|303.461
110|298.444|298.444
111|282.991|282.991
112|282.256|282.256
113|282.203|282.203
114|282.202|282.202
115|282.201|282.201
116|282.201|282.201
117|277.221|277.221
118|269.455|269.455
119|265.725|265.725
120|262.927|262.927
121|262.571|262.571
122|262.562|262.562
123|262.561|262.561
124|262.561|262.561
125|262.36|262.36
126|262.335|262.335
127|262.334|262.334
128|262.334|262.334
129|262.334|262.334
130|253.587|253.587
131|252.151|252.151
132|252.008|252.008
133|251.939|251.939
134|251.906|251.906
135|251.897|251.897
136|251.895|251.895
137|243.272|243.272
138|243.266|243.266
139|243.264|243.264
140|243.264|243.264
141|243.264|243.264
142|243.146|243.146
143|243.143|243.143
144|243.143|243.143
145|243.142|243.142
146|234.421|234.421
147|233.004|233.004
148|232.864|232.864
149|232.796|232.796
150|232.795|232.795
151|232.795|232.795
152|232.795|232.795
153|207.946|207.946
154|204.677|204.677
155|203.827|203.827
156|203.824|203.824
157|203.824|203.824
158|200.766|200.766
159|200.332|200.332
160|200.171|200.171
161|200.153|200.153
162|199.659|199.659
163|199.584|199.584
164|199.571|199.571
165|199.566|199.566
166|199.565|199.565
167|199.565|199.565
168|199.565|199.565
169|195.038|195.038
170|189.963|189.963
171|189.653|189.653
172|184.585|184.585
173|183.61|183.61
174|183.594|183.594
175|183.594|183.594
176|183.594|183.594
177|166.566|166.566
178|155.894|155.894
179|153.319|153.319
180|153.319|153.319
181|152.877|152.877
182|152.861|152.861
183|146.895|146.895
184|146.772|146.772
185|146.766|146.766
186|146.766|146.766
187|137.656|137.656
188|137.181|137.181
189|136.998|136.998
190|136.998|136.998
191|136.921|136.921
192|136.904|136.904
193|136.895|136.895
194|136.894|136.894
195|127.506|127.506
196|123.956|123.956
197|106.564|106.564
198|106.424|106.424
199|106.399|106.399
200|106.399|106.399
201|106.399|106.399
202|106.399|106.399
203|82.8984|82.8984
204|81.6495|81.6495
205|81.2366|81.2366
206|81.1568|81.1568
207|81.1204|81.1204
208|81.1117|81.1117
209|81.1096|81.1096
210|81.1085|81.1085
211|81.108|81.108
212|79.7866|79.7866
213|70.3887|70.3887
214|69.466|69.466
215|69.3925|69.3925
216|69.3914|69.3914
217|69.3909|69.3909
218|69.3907|69.3907
219|69.3907|69.3907
220|69.3907|69.3907
221|69.3907|69.3907
222|69.3907|69.3907
223|69.3907|69.3907
224|69.3907|69.3907
225|69.3907|69.3907
226|69.3907|69.3907
227|69.3907|69.3907
228|69.3907|69.3907
229|69.3907|69.3907
230|69.3907|69.3907
231|69.3907|69.3907
232|69.3907|69.3907
233|69.3907|69.3907
234|69.3907|69.3907
235|69.3907|69.3907
236|69.3907|69.3907
237|69.3907|69.3907
238|69.3907|69.3907
239|69.3907|69.3907
240|69.3907|69.3907
241|69.3907|69.3907
242|69.3907|69.3907
243|69.3907|69.3907
244|69.3907|69.3907
245|69.3907|69.3907
246|69.3907|69.3907
247|69.3907|69.3907
248|69.3907|69.3907
249|69.3907|69.3907
250|69.3907|69.3907
251|69.3907|69.3907
252|69.3907|69.3907
253|69.3907|69.3907
254|69.3907|69.3907
255|69.3907|69.3907
256|69.3907|69.3907
257|69.3907|69.3907
258|69.3907|69.3907
259|69.3907|69.3907
260|69.3907|69.3907
261|69.3907|69.3907
262|69.3907|69.3907
263|69.3907|69.3907
264|69.3907|69.3907
265|69.3907|69.3907
266|69.3907|69.3907
267|69.3907|69.3907
268|69.3907|69.3907
269|69.3907|69.3907
270|69.3907|69.3907
271|69.3907|69.3907
272|69.3907|69.3907
273|69.3907|69.3907
274|69.3907|69.3907
275|69.3907|69.3907
276|69.3907|69.3907
277|69.3907|69.3907
278|69.3907|69.3907
279|69.3907|69.3907
280|69.3907|69.3907
281|69.3907|69.3907
282|69.3907|69.3907
283|69.3907|69.3907
284|69.3907|69.3907
285|69.3907|69.3907
286|69.3907|69.3907
287|69.3907|69.3907
288|69.3907|69.3907
289|69.3907|69.3907
290|69.3907|69.3907
291|69.3907|69.3907
292|69.3907|69.3907
293|69.3907|69.3907
294|69.3907|69.3907
295|69.3907|69.3907
296|69.3907|69.3907
297|69.3907|69.3907
298|69.3907|69.3907
299|69.3907|69.3907
300|69.3907|69.3907
301|69.3907|69.3907
302|69.3907|69.3907
303|69.3907|69.3907
304|69.3907|69.3907
305|69.3907|69.3907
306|69.3907|69.3907
307|69.3907|69.3907
308|69.3907|69.3907
309|69.3907|69.3907
310|69.3907|69.3907
311|69.3907|69.3907
312|69.3907|69.3907
313|69.3907|69.3907
314|69.3907|69.3907
315|69.3907|69.3907
316|69.3907|69.3907
317|69.3907|69.3907
318|69.3907|69.3907
319|69.3907|69.3907
320|69.3907|69.3907
321|69.3907|69.3907
322|69.3907|69.3907
323|69.3907|69.3907
324|69.3907|69.3907
325|69.3907|69.3907
326|69.3907|69.3907
327|69.3907|69.3907
328|69.3907|69.3907
329|69.3907|69.3907
330|69.3907|69.3907
331|69.3907|69.3907
332|69.3907|69.3907
333|69.3907|69.3907
334|69.3907|69.3907
335|69.3907|69.3907
336|69.3907|69.3907
337|69.3907|69.3907
338|69.3907|69.3907
339|69.3907|69.3907
340|69.3907|69.3907
341|69.3907|69.3907
342|69.3907|69.3907
343|69.3907|69.3907
344|69.3907|69.3907
345|69.3907|69.3907
346|69.3907|69.3907
347|69.3907|69.3907
348|69.3907|69.3907
349|69.3907|69.3907
350|69.3907|69.3907
351|69.3907|69.3907
352|69.3907|69.3907
353|69.3907|69.3907
354|69.3907|69.3907
355|69.3907|69.3907
356|69.3907|69.3907
357|69.3907|69.3907
358|69.3907|69.3907
359|69.3907|69.3907
360|69.3907|69.3907
361|69.3907|69.3907
362|69.3907|69.3907
363|69.3907|69.3907
364|69.3907|69.3907
365|69.3907|69.3907
366|69.3907|69.3907
367|69.3907|69.3907
368|69.3907|69.3907
EARLY STOP: TARGET FOUND
2963616ms
