1|176.124|176.124
2|175.647|175.647
3|175.464|175.464
4|175.386|175.386
5|175.368|175.368
6|175.36|175.36
7|175.358|175.358
8|175.357|175.357
9|175.356|175.356
10|150.023|150.023
11|148.479|148.479
12|147.55|147.55
13|146.772|146.772
14|146.759|146.759
15|146.753|146.753
16|146.75|146.75
17|146.749|146.749
18|146.749|146.749
19|146.749|146.749
20|140.758|140.758
21|135.915|135.915
22|124.948|124.948
23|121.032|121.032
24|120.995|120.995
25|120.991|120.991
26|120.991|120.991
27|120.991|120.991
28|105.176|105.176
29|105.176|105.176
30|96.3131|96.3131
31|96.2573|96.2573
32|96.2448|96.2448
33|96.2447|96.2447
34|96.2446|96.2446
35|80.8359|80.8359
36|80.6468|80.6468
37|80.6114|80.6114
38|80.6087|80.6087
39|80.6084|80.6084
40|80.6083|80.6083
41|65.1112|65.1112
42|59.7128|59.7128
43|59.6346|59.6346
44|54.3504|54.3504
45|53.4944|53.4944
46|53.4722|53.4722
47|53.4635|53.4635
48|53.462|53.462
49|53.462|53.462
50|43.7401|43.7401
51|43.3503|43.3503
52|38.7907|38.7907
53|36.1984|36.1984
54|36.0317|36.0317
55|35.996|35.996
56|35.9939|35.9939
57|35.9928|35.9928
58|35.9925|35.9925
59|34.5955|34.5955
60|34.1004|34.1004
61|33.9078|33.9078
62|33.8256|33.8256
63|33.788|33.788
64|33.7702|33.7702
65|33.7614|33.7614
66|33.7593|33.7593
67|33.7582|33.7582
68|33.7577|33.7577
69|33.7575|33.7575
70|33.699|33.699
71|33.6734|33.6734
72|33.6718|33.6718
73|33.6715|33.6715
74|33.6713|33.6713
75|31.1915|31.1915
76|30.8352|30.8352
77|30.8339|30.8339
78|30.8339|30.8339
79|30.8339|30.8339
80|30.8339|30.8339
81|30.8339|30.8339
82|30.8339|30.8339
83|30.8339|30.8339
84|30.8339|30.8339
85|30.8339|30.8339
86|30.8339|30.8339
87|30.8339|30.8339
88|30.8339|30.8339
89|30.8339|30.8339
90|30.8339|30.8339
91|30.8339|30.8339
92|30.8339|30.8339
93|30.8339|30.8339
94|30.8339|30.8339
95|30.8339|30.8339
96|30.8339|30.8339
97|30.8339|30.8339
98|30.8339|30.8339
99|30.8339|30.8339
100|30.8339|30.8339
101|30.8339|30.8339
102|30.8339|30.8339
103|30.8339|30.8339
104|30.8339|30.8339
105|30.8339|30.8339
106|30.8339|30.8339
107|30.8339|30.8339
108|30.8339|30.8339
109|30.8339|30.8339
110|30.8339|30.8339
111|30.8339|30.8339
112|30.8339|30.8339
113|30.8339|30.8339
114|30.8339|30.8339
115|30.8339|30.8339
116|30.8339|30.8339
117|30.8339|30.8339
118|30.8339|30.8339
119|30.8339|30.8339
120|30.8339|30.8339
121|30.8339|30.8339
122|30.8339|30.8339
123|30.8339|30.8339
124|30.8339|30.8339
125|30.8339|30.8339
126|30.8339|30.8339
127|30.8339|30.8339
128|30.8339|30.8339
129|30.8339|30.8339
130|30.8339|30.8339
131|30.8339|30.8339
132|30.8339|30.8339
133|30.8339|30.8339
134|30.8339|30.8339
135|30.8339|30.8339
136|30.8339|30.8339
137|30.8339|30.8339
138|30.8339|30.8339
139|30.8339|30.8339
140|30.8339|30.8339
141|30.8339|30.8339
142|30.8339|30.8339
143|30.8339|30.8339
144|30.8339|30.8339
145|30.8339|30.8339
146|30.8339|30.8339
147|30.8339|30.8339
148|30.8339|30.8339
149|30.8339|30.8339
150|30.8339|30.8339
151|30.8339|30.8339
152|30.8339|30.8339
153|30.8339|30.8339
154|30.8339|30.8339
155|30.8339|30.8339
156|30.8339|30.8339
157|30.8339|30.8339
158|30.8339|30.8339
159|30.8339|30.8339
160|30.8339|30.8339
161|30.8339|30.8339
162|30.8339|30.8339
163|30.8339|30.8339
164|30.8339|30.8339
165|30.8339|30.8339
166|30.8339|30.8339
167|30.8339|30.8339
168|30.8339|30.8339
169|30.8339|30.8339
170|30.8339|30.8339
171|30.8339|30.8339
172|30.8339|30.8339
173|30.8339|30.8339
174|30.8339|30.8339
175|30.8339|30.8339
176|30.8339|30.8339
177|30.8339|30.8339
178|30.8339|30.8339
179|30.8339|30.8339
180|30.8339|30.8339
181|30.8339|30.8339
182|30.8339|30.8339
183|30.8339|30.8339
184|30.8339|30.8339
185|30.8339|30.8339
186|30.8339|30.8339
187|30.8339|30.8339
188|30.8339|30.8339
189|30.8339|30.8339
190|30.8339|30.8339
191|30.8339|30.8339
192|30.8339|30.8339
193|30.8339|30.8339
194|30.8339|30.8339
195|30.8339|30.8339
196|30.8339|30.8339
197|30.8339|30.8339
198|30.8339|30.8339
199|30.8339|30.8339
200|30.8339|30.8339
201|30.8339|30.8339
202|30.8339|30.8339
203|30.8339|30.8339
204|30.8339|30.8339
205|30.8339|30.8339
206|30.8339|30.8339
207|30.8339|30.8339
208|30.8339|30.8339
209|30.8339|30.8339
210|30.8339|30.8339
211|30.8339|30.8339
212|30.8339|30.8339
213|30.8339|30.8339
214|30.8339|30.8339
215|30.8339|30.8339
216|30.8339|30.8339
217|30.8339|30.8339
218|30.8339|30.8339
219|30.8339|30.8339
220|30.8339|30.8339
221|30.8339|30.8339
222|30.8339|30.8339
223|30.8339|30.8339
224|30.8339|30.8339
225|30.8339|30.8339
226|30.8339|30.8339
227|30.8339|30.8339
228|30.8339|30.8339
EARLY STOP: TARGET FOUND
261328ms
