1|-2714.99|-2714.99
2|-2733.71|-2733.71
3|-2737.84|-2737.84
4|-2737.96|-2737.96
5|-2738|-2738
6|-2738.01|-2738.01
7|-2738.02|-2738.02
8|-2738.02|-2738.02
9|-2809.11|-2809.11
10|-2895.26|-2895.26
11|-2916.46|-2916.46
12|-2917.78|-2917.78
13|-2918.43|-2918.43
14|-2918.76|-2918.76
15|-2918.77|-2918.77
16|-2918.78|-2918.78
17|-2918.78|-2918.78
18|-2920.3|-2920.3
19|-2920.7|-2920.7
20|-2920.74|-2920.74
21|-2920.75|-2920.75
22|-2920.76|-2920.76
23|-2920.76|-2920.76
24|-2920.76|-2920.76
25|-2920.76|-2920.76
26|-2993.22|-2993.22
27|-3054.51|-3054.51
28|-3167.02|-3167.02
29|-3167.02|-3167.02
30|-3171.27|-3171.27
31|-3171.27|-3171.27
32|-3173.31|-3173.31
33|-3173.57|-3173.57
34|-3173.69|-3173.69
35|-3173.75|-3173.75
36|-3173.79|-3173.79
37|-3173.79|-3173.79
38|-3173.79|-3173.79
39|-3218.04|-3218.04
40|-3219.88|-3219.88
41|-3219.88|-3219.88
42|-3219.88|-3219.88
43|-3458.61|-3458.61
44|-3552|-3552
45|-3553.07|-3553.07
46|-3553.14|-3553.14
47|-3553.14|-3553.14
48|-3553.14|-3553.14
49|-3553.14|-3553.14
50|-3553.14|-3553.14
51|-3614.31|-3614.31
52|-3619.81|-3619.81
53|-3621.12|-3621.12
54|-3621.3|-3621.3
55|-3621.36|-3621.36
56|-3621.37|-3621.37
57|-3751.89|-3751.89
58|-3823.25|-3823.25
59|-4171.31|-4171.31
60|-4218.99|-4218.99
61|-4218.99|-4218.99
62|-4237.78|-4237.78
63|-4237.78|-4237.78
64|-4241.92|-4241.92
65|-4242.18|-4242.18
66|-4242.3|-4242.3
67|-4242.36|-4242.36
68|-4242.39|-4242.39
69|-4242.41|-4242.41
70|-4242.42|-4242.42
71|-4242.42|-4242.42
72|-4242.42|-4242.42
73|-4242.42|-4242.42
74|-4282.41|-4282.41
75|-4297.26|-4297.26
76|-4303.31|-4303.31
77|-4306|-4306
78|-4306.63|-4306.63
79|-4306.94|-4306.94
80|-4307.1|-4307.1
81|-4307.17|-4307.17
82|-4307.18|-4307.18
83|-4307.18|-4307.18
84|-4307.18|-4307.18
85|-4307.18|-4307.18
86|-4643.12|-4643.12
87|-4843.72|-4843.72
88|-4911.37|-4911.37
89|-4911.37|-4911.37
90|-4980.21|-4980.21
91|-4985.08|-4985.08
92|-4985.31|-4985.31
93|-4985.33|-4985.33
94|-4985.33|-4985.33
95|-4985.33|-4985.33
96|-4985.34|-4985.34
97|-4990.37|-4990.37
98|-5149.24|-5149.24
99|-5167.51|-5167.51
100|-5286.64|-5286.64
101|-5401.55|-5401.55
102|-5458.16|-5458.16
103|-5459.12|-5459.12
104|-5460.85|-5460.85
105|-5461.63|-5461.63
106|-5462|-5462
107|-5462.17|-5462.17
108|-5462.26|-5462.26
109|-5462.31|-5462.31
110|-5462.32|-5462.32
111|-5462.32|-5462.32
112|-5462.32|-5462.32
113|-5462.32|-5462.32
114|-5540.28|-5540.28
115|-5574.63|-5574.63
116|-5574.7|-5574.7
117|-5574.77|-5574.77
118|-5574.78|-5574.78
119|-5574.78|-5574.78
120|-5654.56|-5654.56
121|-5841.65|-5841.65
122|-6254.87|-6254.87
123|-6259.1|-6259.1
124|-6263.8|-6263.8
125|-6264.38|-6264.38
126|-6264.57|-6264.57
127|-6264.65|-6264.65
128|-6264.68|-6264.68
129|-6264.69|-6264.69
130|-6264.7|-6264.7
131|-6391.95|-6391.95
132|-6501.4|-6501.4
133|-6502.18|-6502.18
134|-6502.33|-6502.33
135|-6502.4|-6502.4
136|-6502.44|-6502.44
137|-6502.46|-6502.46
138|-6502.46|-6502.46
139|-6502.47|-6502.47
140|-6556.28|-6556.28
141|-6784.46|-6784.46
142|-6790.39|-6790.39
143|-6793.01|-6793.01
144|-6793.32|-6793.32
145|-6793.47|-6793.47
146|-6793.49|-6793.49
147|-6793.49|-6793.49
148|-6793.49|-6793.49
149|-6859.28|-6859.28
150|-6943.68|-6943.68
151|-6945.36|-6945.36
152|-6945.84|-6945.84
153|-6945.99|-6945.99
154|-6946|-6946
155|-6946|-6946
156|-6946|-6946
157|-6946|-6946
158|-6946|-6946
159|-6946|-6946
160|-7312.8|-7312.8
161|-7510.63|-7510.63
162|-7582.38|-7582.38
163|-7625.88|-7625.88
164|-7633.79|-7633.79
165|-7633.97|-7633.97
166|-7634.01|-7634.01
167|-7634.02|-7634.02
168|-7634.03|-7634.03
169|-7634.03|-7634.03
170|-7634.03|-7634.03
171|-7696.22|-7696.22
172|-7701.59|-7701.59
173|-7702.83|-7702.83
174|-7702.98|-7702.98
175|-7703.02|-7703.02
176|-7703.02|-7703.02
177|-7703.02|-7703.02
178|-7703.02|-7703.02
179|-7796.35|-7796.35
180|-7797.12|-7797.12
181|-7797.48|-7797.48
182|-7797.65|-7797.65
183|-7797.7|-7797.7
184|-7797.7|-7797.7
185|-7797.7|-7797.7
186|-7797.7|-7797.7
187|-7845.68|-7845.68
188|-7924.91|-7924.91
189|-7950.5|-7950.5
190|-8138.89|-8138.89
191|-8217.86|-8217.86
192|-8249.51|-8249.51
193|-8249.53|-8249.53
194|-8249.54|-8249.54
195|-8318|-8318
196|-8654.77|-8654.77
197|-8704.25|-8704.25
198|-8724.01|-8724.01
199|-8732.58|-8732.58
200|-8733.09|-8733.09
201|-8733.34|-8733.34
202|-8733.46|-8733.46
203|-8733.53|-8733.53
204|-8733.56|-8733.56
205|-8733.56|-8733.56
206|-8733.57|-8733.57
207|-8733.57|-8733.57
208|-8763.86|-8763.86
209|-8763.86|-8763.86
210|-8766.62|-8766.62
211|-8767.92|-8767.92
212|-8768.54|-8768.54
213|-8768.7|-8768.7
214|-8768.74|-8768.74
215|-8768.74|-8768.74
216|-8770.34|-8770.34
217|-8770.7|-8770.7
218|-8770.88|-8770.88
219|-8770.92|-8770.92
220|-8770.93|-8770.93
221|-8770.93|-8770.93
222|-8770.93|-8770.93
223|-8788.88|-8788.88
224|-8946.88|-8946.88
225|-8952.39|-8952.39
226|-9026.74|-9026.74
227|-9070.9|-9070.9
228|-9072.71|-9072.71
229|-9072.71|-9072.71
230|-9189.77|-9189.77
231|-9318.15|-9318.15
232|-9367.44|-9367.44
233|-9372.29|-9372.29
234|-9373.06|-9373.06
235|-9373.43|-9373.43
236|-9373.61|-9373.61
237|-9373.7|-9373.7
238|-9373.72|-9373.72
239|-9373.73|-9373.73
240|-9373.73|-9373.73
241|-9373.74|-9373.74
242|-9495.2|-9495.2
243|-9593.17|-9593.17
244|-9658.86|-9658.86
245|-9664.58|-9664.58
246|-9664.6|-9664.6
247|-9664.69|-9664.69
248|-9664.7|-9664.7
249|-9664.71|-9664.71
250|-9664.71|-9664.71
251|-9664.71|-9664.71
252|-9664.71|-9664.71
253|-9735.05|-9735.05
254|-9736.33|-9736.33
255|-9736.64|-9736.64
256|-9736.8|-9736.8
257|-9736.88|-9736.88
258|-9736.89|-9736.89
259|-9852.9|-9852.9
260|-9853.89|-9853.89
261|-9855.62|-9855.62
262|-9856.4|-9856.4
263|-9856.77|-9856.77
264|-9856.95|-9856.95
265|-9857.03|-9857.03
266|-9857.08|-9857.08
267|-9857.08|-9857.08
268|-9857.08|-9857.08
269|-9881.42|-9881.42
270|-9929.05|-9929.05
271|-9947.82|-9947.82
272|-9951.96|-9951.96
273|-9952.21|-9952.21
274|-9952.33|-9952.33
275|-9952.34|-9952.34
276|-9952.34|-9952.34
277|-9952.34|-9952.34
278|-9952.34|-9952.34
279|-9952.34|-9952.34
280|-9952.34|-9952.34
281|-9952.34|-9952.34
282|-9952.34|-9952.34
283|-9952.34|-9952.34
284|-9952.34|-9952.34
285|-9952.34|-9952.34
286|-9952.34|-9952.34
287|-9952.34|-9952.34
288|-9952.34|-9952.34
289|-9952.34|-9952.34
290|-9952.34|-9952.34
291|-9952.34|-9952.34
292|-9952.34|-9952.34
293|-9952.34|-9952.34
294|-9952.34|-9952.34
295|-9952.34|-9952.34
296|-9952.34|-9952.34
297|-9952.34|-9952.34
298|-9952.34|-9952.34
299|-9952.34|-9952.34
300|-9952.34|-9952.34
301|-9952.34|-9952.34
302|-9952.34|-9952.34
303|-9952.34|-9952.34
304|-9952.34|-9952.34
305|-9952.34|-9952.34
306|-9952.34|-9952.34
307|-9952.34|-9952.34
308|-9952.34|-9952.34
309|-9952.34|-9952.34
310|-9952.34|-9952.34
311|-9952.34|-9952.34
312|-9952.34|-9952.34
313|-9952.34|-9952.34
314|-9952.34|-9952.34
315|-9952.34|-9952.34
316|-9952.34|-9952.34
317|-9952.34|-9952.34
318|-9952.34|-9952.34
319|-9952.34|-9952.34
320|-9952.34|-9952.34
321|-9952.34|-9952.34
322|-9952.34|-9952.34
323|-9952.34|-9952.34
324|-9952.34|-9952.34
325|-9952.34|-9952.34
326|-9952.34|-9952.34
327|-9952.34|-9952.34
328|-9952.34|-9952.34
329|-9952.34|-9952.34
330|-9952.34|-9952.34
331|-9952.34|-9952.34
332|-9952.34|-9952.34
333|-9952.34|-9952.34
334|-9952.34|-9952.34
335|-9952.34|-9952.34
336|-9952.34|-9952.34
337|-9952.34|-9952.34
338|-9952.34|-9952.34
339|-9952.34|-9952.34
340|-9952.34|-9952.34
341|-9952.34|-9952.34
342|-9952.34|-9952.34
343|-9952.34|-9952.34
344|-9952.34|-9952.34
345|-9952.34|-9952.34
346|-9952.34|-9952.34
347|-9952.34|-9952.34
348|-9952.34|-9952.34
349|-9952.34|-9952.34
350|-9952.34|-9952.34
351|-9952.34|-9952.34
352|-9952.34|-9952.34
353|-9952.34|-9952.34
354|-9952.34|-9952.34
355|-9952.34|-9952.34
356|-9952.34|-9952.34
357|-9952.34|-9952.34
358|-9952.34|-9952.34
359|-9952.34|-9952.34
360|-9952.34|-9952.34
361|-9952.34|-9952.34
362|-9952.34|-9952.34
363|-9952.34|-9952.34
364|-9952.34|-9952.34
365|-9952.34|-9952.34
366|-9952.34|-9952.34
367|-9952.34|-9952.34
368|-9952.34|-9952.34
369|-9952.34|-9952.34
370|-9952.34|-9952.34
371|-9952.34|-9952.34
372|-9952.34|-9952.34
373|-9952.34|-9952.34
374|-9952.34|-9952.34
375|-9952.34|-9952.34
376|-9952.34|-9952.34
377|-9952.34|-9952.34
378|-9952.34|-9952.34
379|-9952.34|-9952.34
380|-9952.34|-9952.34
381|-9952.34|-9952.34
382|-9952.34|-9952.34
383|-9952.34|-9952.34
384|-9952.34|-9952.34
385|-9952.34|-9952.34
386|-9952.34|-9952.34
387|-9952.34|-9952.34
388|-9952.34|-9952.34
389|-9952.34|-9952.34
390|-9952.34|-9952.34
391|-9952.34|-9952.34
392|-9952.34|-9952.34
393|-9952.34|-9952.34
394|-9952.34|-9952.34
395|-9952.34|-9952.34
396|-9952.34|-9952.34
397|-9952.34|-9952.34
398|-9952.34|-9952.34
399|-9952.34|-9952.34
400|-9952.34|-9952.34
401|-9952.34|-9952.34
402|-9952.34|-9952.34
403|-9952.34|-9952.34
404|-9952.34|-9952.34
405|-9952.34|-9952.34
406|-9952.34|-9952.34
407|-9952.34|-9952.34
408|-9952.34|-9952.34
409|-9952.34|-9952.34
410|-9952.34|-9952.34
411|-9952.34|-9952.34
412|-9952.34|-9952.34
413|-9952.34|-9952.34
414|-9952.34|-9952.34
415|-9952.34|-9952.34
416|-9952.34|-9952.34
417|-9952.34|-9952.34
418|-9952.34|-9952.34
419|-9952.34|-9952.34
420|-9952.34|-9952.34
421|-9952.34|-9952.34
422|-9952.34|-9952.34
423|-9952.34|-9952.34
424|-9952.34|-9952.34
425|-9952.34|-9952.34
426|-9952.34|-9952.34
EARLY STOP: TARGET FOUND
4842505ms
