1|-0.11507|-0.11507
2|-0.813075|-0.813075
3|-0.831381|-0.831381
4|-0.834146|-0.834146
5|-0.834155|-0.834155
6|-0.834157|-0.834157
7|-0.834158|-0.834158
8|-0.834158|-0.834158
9|-1.29756|-1.29756
10|-1.75668|-1.75668
11|-1.81718|-1.81718
12|-1.8313|-1.8313
13|-1.83395|-1.83395
14|-1.83413|-1.83413
15|-1.83415|-1.83415
16|-1.83416|-1.83416
17|-1.83416|-1.83416
18|-1.83416|-1.83416
19|-2.4815|-2.4815
20|-2.59697|-2.59697
21|-2.60875|-2.60875
22|-2.61372|-2.61372
23|-2.61487|-2.61487
24|-2.61515|-2.61515
25|-2.61517|-2.61517
26|-3.29606|-3.29606
27|-3.39826|-3.39826
28|-3.42741|-3.42741
29|-3.43416|-3.43416
30|-3.43426|-3.43426
31|-3.76507|-3.76507
32|-4.11552|-4.11552
33|-4.23159|-4.23159
34|-4.23981|-4.23981
35|-4.24013|-4.24013
36|-4.2402|-4.2402
37|-4.2402|-4.2402
38|-4.2402|-4.2402
39|-4.2402|-4.2402
40|-4.2402|-4.2402
41|-4.2402|-4.2402
42|-4.2402|-4.2402
43|-4.2402|-4.2402
44|-4.2402|-4.2402
45|-4.2402|-4.2402
46|-4.2402|-4.2402
47|-4.2402|-4.2402
48|-4.2402|-4.2402
49|-4.2402|-4.2402
50|-4.2402|-4.2402
51|-4.2402|-4.2402
52|-4.2402|-4.2402
53|-4.2402|-4.2402
54|-4.2402|-4.2402
55|-4.2402|-4.2402
56|-4.2402|-4.2402
57|-4.2402|-4.2402
58|-4.2402|-4.2402
59|-4.2402|-4.2402
60|-4.2402|-4.2402
61|-4.2402|-4.2402
62|-4.2402|-4.2402
63|-4.2402|-4.2402
64|-4.2402|-4.2402
65|-4.2402|-4.2402
66|-4.2402|-4.2402
67|-4.2402|-4.2402
68|-4.2402|-4.2402
69|-4.2402|-4.2402
70|-4.2402|-4.2402
71|-4.2402|-4.2402
72|-4.2402|-4.2402
73|-4.2402|-4.2402
74|-4.2402|-4.2402
75|-4.2402|-4.2402
76|-4.2402|-4.2402
77|-4.2402|-4.2402
78|-4.2402|-4.2402
79|-4.2402|-4.2402
80|-4.2402|-4.2402
81|-4.2402|-4.2402
82|-4.2402|-4.2402
83|-4.2402|-4.2402
84|-4.2402|-4.2402
85|-4.2402|-4.2402
86|-4.2402|-4.2402
87|-4.2402|-4.2402
88|-4.2402|-4.2402
89|-4.2402|-4.2402
90|-4.2402|-4.2402
91|-4.2402|-4.2402
92|-4.2402|-4.2402
93|-4.2402|-4.2402
94|-4.2402|-4.2402
95|-4.2402|-4.2402
96|-4.2402|-4.2402
97|-4.2402|-4.2402
98|-4.2402|-4.2402
99|-4.2402|-4.2402
100|-4.2402|-4.2402
101|-4.2402|-4.2402
102|-4.2402|-4.2402
103|-4.2402|-4.2402
104|-4.2402|-4.2402
105|-4.2402|-4.2402
106|-4.2402|-4.2402
107|-4.2402|-4.2402
108|-4.2402|-4.2402
109|-4.2402|-4.2402
110|-4.2402|-4.2402
111|-4.2402|-4.2402
112|-4.2402|-4.2402
113|-4.2402|-4.2402
114|-4.2402|-4.2402
115|-4.2402|-4.2402
116|-4.2402|-4.2402
117|-4.2402|-4.2402
118|-4.2402|-4.2402
119|-4.2402|-4.2402
120|-4.2402|-4.2402
121|-4.2402|-4.2402
122|-4.2402|-4.2402
123|-4.2402|-4.2402
124|-4.2402|-4.2402
125|-4.2402|-4.2402
126|-4.2402|-4.2402
127|-4.2402|-4.2402
128|-4.2402|-4.2402
129|-4.2402|-4.2402
130|-4.2402|-4.2402
131|-4.2402|-4.2402
132|-4.2402|-4.2402
133|-4.2402|-4.2402
134|-4.2402|-4.2402
135|-4.2402|-4.2402
136|-4.2402|-4.2402
137|-4.2402|-4.2402
138|-4.2402|-4.2402
139|-4.2402|-4.2402
140|-4.2402|-4.2402
141|-4.2402|-4.2402
142|-4.2402|-4.2402
143|-4.2402|-4.2402
144|-4.2402|-4.2402
145|-4.2402|-4.2402
146|-4.2402|-4.2402
147|-4.2402|-4.2402
148|-4.2402|-4.2402
149|-4.2402|-4.2402
150|-4.2402|-4.2402
151|-4.2402|-4.2402
152|-4.2402|-4.2402
153|-4.2402|-4.2402
154|-4.2402|-4.2402
155|-4.2402|-4.2402
156|-4.2402|-4.2402
157|-4.2402|-4.2402
158|-4.2402|-4.2402
159|-4.2402|-4.2402
160|-4.2402|-4.2402
161|-4.2402|-4.2402
162|-4.2402|-4.2402
163|-4.2402|-4.2402
164|-4.2402|-4.2402
165|-4.2402|-4.2402
166|-4.2402|-4.2402
167|-4.2402|-4.2402
168|-4.2402|-4.2402
169|-4.2402|-4.2402
170|-4.2402|-4.2402
171|-4.2402|-4.2402
172|-4.2402|-4.2402
173|-4.2402|-4.2402
174|-4.2402|-4.2402
175|-4.2402|-4.2402
176|-4.2402|-4.2402
177|-4.2402|-4.2402
178|-4.2402|-4.2402
179|-4.2402|-4.2402
180|-4.2402|-4.2402
181|-4.2402|-4.2402
182|-4.2402|-4.2402
183|-4.2402|-4.2402
184|-4.2402|-4.2402
185|-4.2402|-4.2402
186|-4.2402|-4.2402
187|-4.2402|-4.2402
EARLY STOP: TARGET FOUND
64665ms
