1|17.8592|17.8592
2|17.8254|17.8254
3|17.8248|17.8248
4|17.8247|17.8247
5|14.8858|14.8858
6|14.663|14.663
7|14.6285|14.6285
8|14.6285|14.6285
9|14.6277|14.6277
10|14.6277|14.6277
11|14.6277|14.6277
12|10.1478|10.1478
13|10.1478|10.1478
14|6.35257|6.35257
15|5.68375|5.68375
16|5.64454|5.64454
17|5.64274|5.64274
18|5.64274|5.64274
19|5.43958|5.43958
20|5.42079|5.42079
21|5.42078|5.42078
22|5.41619|5.41619
23|5.41509|5.41509
24|5.41484|5.41484
25|5.41479|5.41479
26|5.41479|5.41479
27|5.41479|5.41479
28|5.41479|5.41479
29|5.41479|5.41479
30|1.09614|1.09614
31|0.165623|0.165623
32|0.165623|0.165623
33|0.00756342|0.00756342
EARLY STOP: TARGET FOUND
6155ms
