1|-335.794|-335.794
2|-346.766|-346.766
3|-396.056|-396.056
4|-565.539|-565.539
5|-654.916|-654.916
6|-659.699|-659.699
7|-664.984|-664.984
8|-665.112|-665.112
9|-665.171|-665.171
10|-665.171|-665.171
11|-665.172|-665.172
12|-665.172|-665.172
13|-666.106|-666.106
14|-666.106|-666.106
15|-673.332|-673.332
16|-673.34|-673.34
17|-673.341|-673.341
18|-873.524|-873.524
19|-942.141|-942.141
20|-1004.83|-1004.83
21|-1011.37|-1011.37
22|-1011.41|-1011.41
23|-1011.41|-1011.41
24|-1011.41|-1011.41
25|-1103.7|-1103.7
26|-1142.01|-1142.01
27|-1142.01|-1142.01
28|-1155.95|-1155.95
29|-1161.54|-1161.54
30|-1162.17|-1162.17
31|-1162.48|-1162.48
32|-1162.63|-1162.63
33|-1162.67|-1162.67
34|-1162.69|-1162.69
35|-1162.69|-1162.69
36|-1162.7|-1162.7
37|-1162.7|-1162.7
38|-1270.45|-1270.45
39|-1448.07|-1448.07
40|-1489.06|-1489.06
41|-1490.01|-1490.01
42|-1490.02|-1490.02
43|-1490.14|-1490.14
44|-1490.14|-1490.14
45|-1490.14|-1490.14
46|-1490.14|-1490.14
47|-1490.14|-1490.14
48|-1490.14|-1490.14
49|-1490.14|-1490.14
50|-1490.14|-1490.14
51|-1490.14|-1490.14
52|-1490.14|-1490.14
53|-1490.14|-1490.14
54|-1490.14|-1490.14
55|-1490.14|-1490.14
56|-1490.14|-1490.14
57|-1490.14|-1490.14
58|-1490.14|-1490.14
59|-1490.14|-1490.14
60|-1490.14|-1490.14
61|-1490.14|-1490.14
62|-1490.14|-1490.14
63|-1490.14|-1490.14
64|-1490.14|-1490.14
65|-1490.14|-1490.14
66|-1490.14|-1490.14
67|-1490.14|-1490.14
68|-1490.14|-1490.14
69|-1490.14|-1490.14
70|-1490.14|-1490.14
71|-1490.14|-1490.14
72|-1490.14|-1490.14
73|-1490.14|-1490.14
74|-1490.14|-1490.14
75|-1490.14|-1490.14
76|-1490.14|-1490.14
77|-1490.14|-1490.14
78|-1490.14|-1490.14
79|-1490.14|-1490.14
80|-1490.14|-1490.14
81|-1490.14|-1490.14
82|-1490.14|-1490.14
83|-1490.14|-1490.14
84|-1490.14|-1490.14
85|-1490.14|-1490.14
86|-1490.14|-1490.14
87|-1490.14|-1490.14
88|-1490.14|-1490.14
89|-1490.14|-1490.14
90|-1490.14|-1490.14
91|-1490.14|-1490.14
92|-1490.14|-1490.14
93|-1490.14|-1490.14
94|-1490.14|-1490.14
95|-1490.14|-1490.14
96|-1490.14|-1490.14
97|-1490.14|-1490.14
98|-1490.14|-1490.14
99|-1490.14|-1490.14
100|-1490.14|-1490.14
101|-1490.14|-1490.14
102|-1490.14|-1490.14
103|-1490.14|-1490.14
104|-1490.14|-1490.14
105|-1490.14|-1490.14
106|-1490.14|-1490.14
107|-1490.14|-1490.14
108|-1490.14|-1490.14
109|-1490.14|-1490.14
110|-1490.14|-1490.14
111|-1490.14|-1490.14
112|-1490.14|-1490.14
113|-1490.14|-1490.14
114|-1490.14|-1490.14
115|-1490.14|-1490.14
116|-1490.14|-1490.14
117|-1490.14|-1490.14
118|-1490.14|-1490.14
119|-1490.14|-1490.14
120|-1490.14|-1490.14
121|-1490.14|-1490.14
122|-1490.14|-1490.14
123|-1490.14|-1490.14
124|-1490.14|-1490.14
125|-1490.14|-1490.14
126|-1490.14|-1490.14
127|-1490.14|-1490.14
128|-1490.14|-1490.14
129|-1490.14|-1490.14
130|-1490.14|-1490.14
131|-1490.14|-1490.14
132|-1490.14|-1490.14
133|-1490.14|-1490.14
134|-1490.14|-1490.14
135|-1490.14|-1490.14
136|-1490.14|-1490.14
137|-1490.14|-1490.14
138|-1490.14|-1490.14
139|-1490.14|-1490.14
140|-1490.14|-1490.14
141|-1490.14|-1490.14
142|-1490.14|-1490.14
143|-1490.14|-1490.14
144|-1490.14|-1490.14
145|-1490.14|-1490.14
146|-1490.14|-1490.14
147|-1490.14|-1490.14
148|-1490.14|-1490.14
149|-1490.14|-1490.14
150|-1490.14|-1490.14
151|-1490.14|-1490.14
152|-1490.14|-1490.14
153|-1490.14|-1490.14
154|-1490.14|-1490.14
155|-1490.14|-1490.14
156|-1490.14|-1490.14
157|-1490.14|-1490.14
158|-1490.14|-1490.14
159|-1490.14|-1490.14
160|-1490.14|-1490.14
161|-1490.14|-1490.14
162|-1490.14|-1490.14
163|-1490.14|-1490.14
164|-1490.14|-1490.14
165|-1490.14|-1490.14
166|-1490.14|-1490.14
167|-1490.14|-1490.14
168|-1490.14|-1490.14
169|-1490.14|-1490.14
170|-1490.14|-1490.14
171|-1490.14|-1490.14
172|-1490.14|-1490.14
173|-1490.14|-1490.14
174|-1490.14|-1490.14
175|-1490.14|-1490.14
176|-1490.14|-1490.14
177|-1490.14|-1490.14
178|-1490.14|-1490.14
179|-1490.14|-1490.14
180|-1490.14|-1490.14
181|-1490.14|-1490.14
182|-1490.14|-1490.14
183|-1490.14|-1490.14
184|-1490.14|-1490.14
185|-1490.14|-1490.14
186|-1490.14|-1490.14
187|-1490.14|-1490.14
188|-1490.14|-1490.14
189|-1490.14|-1490.14
190|-1490.14|-1490.14
191|-1490.14|-1490.14
192|-1490.14|-1490.14
193|-1490.14|-1490.14
EARLY STOP: TARGET FOUND
95327ms
