1|86.4482|86.4482
2|40.659|40.659
3|-42.6714|-42.6714
4|-66.387|-66.387
5|-255.642|-255.642
6|-334.058|-334.058
7|-367.18|-367.18
8|-367.256|-367.256
9|-367.26|-367.26
10|-367.26|-367.26
11|-367.26|-367.26
12|-374.951|-374.951
13|-378.789|-378.789
14|-379.272|-379.272
15|-496.677|-496.677
16|-583.044|-583.044
17|-583.044|-583.044
18|-604.361|-604.361
19|-614.949|-614.949
20|-620.224|-620.224
21|-620.306|-620.306
22|-620.347|-620.347
23|-620.367|-620.367
24|-620.373|-620.373
25|-620.374|-620.374
26|-993.83|-993.83
27|-1018.23|-1018.23
28|-1018.39|-1018.39
29|-1018.42|-1018.42
30|-1018.42|-1018.42
31|-1018.42|-1018.42
32|-1018.42|-1018.42
33|-1071.43|-1071.43
34|-1200.64|-1200.64
35|-1286.34|-1286.34
36|-1288.98|-1288.98
37|-1289.02|-1289.02
38|-1289.02|-1289.02
39|-1289.03|-1289.03
40|-1469.26|-1469.26
41|-1553|-1553
42|-1572.15|-1572.15
43|-1572.47|-1572.47
44|-1572.54|-1572.54
45|-1572.58|-1572.58
46|-1572.6|-1572.6
47|-1572.6|-1572.6
48|-1581.54|-1581.54
49|-1581.54|-1581.54
50|-1585.67|-1585.67
51|-1585.92|-1585.92
52|-1585.99|-1585.99
53|-1585.99|-1585.99
54|-1585.99|-1585.99
55|-1585.99|-1585.99
56|-1585.99|-1585.99
57|-1589.68|-1589.68
58|-1589.87|-1589.87
59|-1589.94|-1589.94
60|-1589.97|-1589.97
61|-1589.97|-1589.97
62|-1589.97|-1589.97
63|-1589.97|-1589.97
64|-1676.28|-1676.28
65|-1697.57|-1697.57
66|-1708.13|-1708.13
67|-1709.45|-1709.45
68|-1709.45|-1709.45
69|-1709.45|-1709.45
70|-1830.84|-1830.84
71|-1917.04|-1917.04
72|-1938.26|-1938.26
73|-1940.9|-1940.9
74|-1942.22|-1942.22
75|-1942.87|-1942.87
76|-1942.96|-1942.96
77|-1942.97|-1942.97
78|-2074.19|-2074.19
79|-2136.4|-2136.4
80|-2448.07|-2448.07
81|-2473.01|-2473.01
82|-2577.99|-2577.99
83|-2578.14|-2578.14
84|-2578.17|-2578.17
85|-2578.18|-2578.18
86|-2578.18|-2578.18
87|-2586.87|-2586.87
88|-2701.33|-2701.33
89|-2845.08|-2845.08
90|-2895.22|-2895.22
91|-2898.27|-2898.27
92|-2898.34|-2898.34
93|-2898.37|-2898.37
94|-2898.38|-2898.38
95|-2898.38|-2898.38
96|-2898.38|-2898.38
97|-2960.36|-2960.36
98|-2998.08|-2998.08
99|-3045.47|-3045.47
100|-3054.28|-3054.28
101|-3058.65|-3058.65
102|-3059.74|-3059.74
103|-3060.29|-3060.29
104|-3060.42|-3060.42
105|-3060.44|-3060.44
106|-3060.45|-3060.45
107|-3060.45|-3060.45
108|-3060.46|-3060.46
109|-3105.73|-3105.73
110|-3280.27|-3280.27
111|-3367.06|-3367.06
112|-3378.39|-3378.39
113|-3380.36|-3380.36
114|-3381.3|-3381.3
115|-3381.31|-3381.31
116|-3381.43|-3381.43
117|-3434.95|-3434.95
118|-3587.76|-3587.76
119|-3617.74|-3617.74
120|-3620.47|-3620.47
121|-3621.74|-3621.74
122|-3622.05|-3622.05
123|-3622.13|-3622.13
124|-3622.13|-3622.13
125|-3622.13|-3622.13
126|-3622.13|-3622.13
127|-3622.13|-3622.13
128|-4036.88|-4036.88
129|-4040.23|-4040.23
130|-4045.16|-4045.16
131|-4046.17|-4046.17
132|-4046.2|-4046.2
133|-4046.21|-4046.21
134|-4046.21|-4046.21
135|-4046.22|-4046.22
136|-4046.22|-4046.22
137|-4046.22|-4046.22
138|-4145.83|-4145.83
139|-4414.35|-4414.35
140|-4449.87|-4449.87
141|-4450.96|-4450.96
142|-4451.5|-4451.5
143|-4451.54|-4451.54
144|-4451.55|-4451.55
145|-4533.68|-4533.68
146|-4533.68|-4533.68
147|-4631.28|-4631.28
148|-4791.55|-4791.55
149|-4820.44|-4820.44
150|-4823.02|-4823.02
151|-4823.1|-4823.1
152|-4823.13|-4823.13
153|-4823.13|-4823.13
154|-4823.14|-4823.14
155|-4871.61|-4871.61
156|-4893.46|-4893.46
157|-4897.35|-4897.35
158|-4933.63|-4933.63
159|-4951.4|-4951.4
160|-4960.17|-4960.17
161|-4961.26|-4961.26
162|-4961.8|-4961.8
163|-4962.08|-4962.08
164|-4962.11|-4962.11
165|-4962.13|-4962.13
166|-4962.14|-4962.14
167|-4962.14|-4962.14
168|-5334.05|-5334.05
169|-5377.6|-5377.6
170|-5377.6|-5377.6
171|-5386.33|-5386.33
172|-5388.38|-5388.38
173|-5388.38|-5388.38
174|-5388.63|-5388.63
175|-5388.76|-5388.76
176|-5388.82|-5388.82
177|-5388.85|-5388.85
178|-5388.87|-5388.87
179|-5388.87|-5388.87
180|-5388.88|-5388.88
181|-5388.88|-5388.88
182|-5793.97|-5793.97
183|-5793.97|-5793.97
184|-5882|-5882
185|-6008.21|-6008.21
186|-6022.36|-6022.36
187|-6028.06|-6028.06
188|-6028.06|-6028.06
189|-6029.34|-6029.34
190|-6029.65|-6029.65
191|-6029.8|-6029.8
192|-6029.82|-6029.82
193|-6029.82|-6029.82
194|-6186.12|-6186.12
195|-6186.12|-6186.12
196|-6222.89|-6222.89
197|-6234.54|-6234.54
198|-6237.39|-6237.39
199|-6237.39|-6237.39
200|-6237.5|-6237.5
201|-6258.69|-6258.69
202|-6260.01|-6260.01
203|-6260.09|-6260.09
204|-6260.13|-6260.13
205|-6260.14|-6260.14
206|-6260.14|-6260.14
207|-6260.14|-6260.14
208|-6310.85|-6310.85
209|-6310.85|-6310.85
210|-6542.96|-6542.96
211|-6548.72|-6548.72
212|-6550.02|-6550.02
213|-6550.65|-6550.65
214|-6550.8|-6550.8
215|-6550.84|-6550.84
216|-6550.86|-6550.86
217|-6550.86|-6550.86
218|-6550.87|-6550.87
219|-6738.2|-6738.2
220|-6914.04|-6914.04
221|-6940.14|-6940.14
222|-6957.29|-6957.29
223|-6958.76|-6958.76
224|-6958.79|-6958.79
225|-7051.33|-7051.33
226|-7214.43|-7214.43
227|-7672.07|-7672.07
228|-7672.09|-7672.09
229|-7672.09|-7672.09
230|-7672.09|-7672.09
231|-7815.22|-7815.22
232|-7869.38|-7869.38
233|-7869.38|-7869.38
234|-8097.11|-8097.11
235|-8103.06|-8103.06
236|-8105.69|-8105.69
237|-8106|-8106
238|-8106.15|-8106.15
239|-8106.23|-8106.23
240|-8106.27|-8106.27
241|-8106.27|-8106.27
242|-8106.28|-8106.28
243|-8106.28|-8106.28
244|-8232.45|-8232.45
245|-8320.6|-8320.6
246|-8726|-8726
247|-8746.12|-8746.12
248|-8754.87|-8754.87
249|-8756.92|-8756.92
250|-8757.42|-8757.42
251|-8757.48|-8757.48
252|-8757.52|-8757.52
253|-8757.53|-8757.53
254|-8757.54|-8757.54
255|-8757.54|-8757.54
256|-8757.54|-8757.54
257|-8771.83|-8771.83
258|-8777.6|-8777.6
259|-8778.9|-8778.9
260|-8779.53|-8779.53
261|-8779.68|-8779.68
262|-8779.76|-8779.76
263|-8779.78|-8779.78
264|-8779.78|-8779.78
265|-8779.79|-8779.79
266|-8779.79|-8779.79
267|-8989.34|-8989.34
268|-9002.87|-9002.87
269|-9014.32|-9014.32
270|-9062|-9062
271|-9070.81|-9070.81
272|-9075.18|-9075.18
273|-9076.27|-9076.27
274|-9076.54|-9076.54
275|-9076.68|-9076.68
276|-9076.68|-9076.68
277|-9076.68|-9076.68
278|-9076.68|-9076.68
279|-9076.68|-9076.68
280|-9076.68|-9076.68
281|-9076.68|-9076.68
282|-9076.68|-9076.68
283|-9076.68|-9076.68
284|-9076.68|-9076.68
285|-9076.68|-9076.68
286|-9076.68|-9076.68
287|-9076.68|-9076.68
288|-9076.68|-9076.68
289|-9076.68|-9076.68
290|-9076.68|-9076.68
291|-9076.68|-9076.68
292|-9076.68|-9076.68
293|-9076.68|-9076.68
294|-9076.68|-9076.68
295|-9076.68|-9076.68
296|-9076.68|-9076.68
297|-9076.68|-9076.68
298|-9076.68|-9076.68
299|-9076.68|-9076.68
300|-9076.68|-9076.68
301|-9076.68|-9076.68
302|-9076.68|-9076.68
303|-9076.68|-9076.68
304|-9076.68|-9076.68
305|-9076.68|-9076.68
306|-9076.68|-9076.68
307|-9076.68|-9076.68
308|-9076.68|-9076.68
309|-9076.68|-9076.68
310|-9076.68|-9076.68
311|-9076.68|-9076.68
312|-9076.68|-9076.68
313|-9076.68|-9076.68
314|-9076.68|-9076.68
315|-9076.68|-9076.68
316|-9076.68|-9076.68
317|-9076.68|-9076.68
318|-9076.68|-9076.68
319|-9076.68|-9076.68
320|-9076.68|-9076.68
321|-9076.68|-9076.68
322|-9076.68|-9076.68
323|-9076.68|-9076.68
324|-9076.68|-9076.68
325|-9076.68|-9076.68
326|-9076.68|-9076.68
327|-9076.68|-9076.68
328|-9076.68|-9076.68
329|-9076.68|-9076.68
330|-9076.68|-9076.68
331|-9076.68|-9076.68
332|-9076.68|-9076.68
333|-9076.68|-9076.68
334|-9076.68|-9076.68
335|-9076.68|-9076.68
336|-9076.68|-9076.68
337|-9076.68|-9076.68
338|-9076.68|-9076.68
339|-9076.68|-9076.68
340|-9076.68|-9076.68
341|-9076.68|-9076.68
342|-9076.68|-9076.68
343|-9076.68|-9076.68
344|-9076.68|-9076.68
345|-9076.68|-9076.68
346|-9076.68|-9076.68
347|-9076.68|-9076.68
348|-9076.68|-9076.68
349|-9076.68|-9076.68
350|-9076.68|-9076.68
351|-9076.68|-9076.68
352|-9076.68|-9076.68
353|-9076.68|-9076.68
354|-9076.68|-9076.68
355|-9076.68|-9076.68
356|-9076.68|-9076.68
357|-9076.68|-9076.68
358|-9076.68|-9076.68
359|-9076.68|-9076.68
360|-9076.68|-9076.68
361|-9076.68|-9076.68
362|-9076.68|-9076.68
363|-9076.68|-9076.68
364|-9076.68|-9076.68
365|-9076.68|-9076.68
366|-9076.68|-9076.68
367|-9076.68|-9076.68
368|-9076.68|-9076.68
369|-9076.68|-9076.68
370|-9076.68|-9076.68
371|-9076.68|-9076.68
372|-9076.68|-9076.68
373|-9076.68|-9076.68
374|-9076.68|-9076.68
375|-9076.68|-9076.68
376|-9076.68|-9076.68
377|-9076.68|-9076.68
378|-9076.68|-9076.68
379|-9076.68|-9076.68
380|-9076.68|-9076.68
381|-9076.68|-9076.68
382|-9076.68|-9076.68
383|-9076.68|-9076.68
384|-9076.68|-9076.68
385|-9076.68|-9076.68
386|-9076.68|-9076.68
387|-9076.68|-9076.68
388|-9076.68|-9076.68
389|-9076.68|-9076.68
390|-9076.68|-9076.68
391|-9076.68|-9076.68
392|-9076.68|-9076.68
393|-9076.68|-9076.68
394|-9076.68|-9076.68
395|-9076.68|-9076.68
396|-9076.68|-9076.68
397|-9076.68|-9076.68
398|-9076.68|-9076.68
399|-9076.68|-9076.68
400|-9076.68|-9076.68
401|-9076.68|-9076.68
402|-9076.68|-9076.68
403|-9076.68|-9076.68
404|-9076.68|-9076.68
405|-9076.68|-9076.68
406|-9076.68|-9076.68
407|-9076.68|-9076.68
408|-9076.68|-9076.68
409|-9076.68|-9076.68
410|-9076.68|-9076.68
411|-9076.68|-9076.68
412|-9076.68|-9076.68
413|-9076.68|-9076.68
414|-9076.68|-9076.68
415|-9076.68|-9076.68
416|-9076.68|-9076.68
417|-9076.68|-9076.68
418|-9076.68|-9076.68
419|-9076.68|-9076.68
420|-9076.68|-9076.68
421|-9076.68|-9076.68
422|-9076.68|-9076.68
423|-9076.68|-9076.68
424|-9076.68|-9076.68
425|-9076.68|-9076.68
426|-9076.68|-9076.68
427|-9076.68|-9076.68
EARLY STOP: TARGET FOUND
4903938ms
