1|-0.150285|-0.150285
2|-0.865942|-0.865942
3|-0.870109|-0.870109
4|-0.877787|-0.877787
5|-0.877874|-0.877874
6|-0.877888|-0.877888
7|-0.877889|-0.877889
8|-0.877889|-0.877889
9|-0.90373|-0.90373
10|-0.93434|-0.93434
11|-1.61253|-1.61253
12|-1.8152|-1.8152
13|-1.86776|-1.86776
14|-1.87735|-1.87735
15|-1.87787|-1.87787
16|-1.87789|-1.87789
17|-1.87789|-1.87789
18|-1.8796|-1.8796
19|-2.75466|-2.75466
20|-2.82666|-2.82666
21|-2.83692|-2.83692
22|-2.83696|-2.83696
23|-2.83696|-2.83696
24|-2.83697|-2.83697
25|-3.38771|-3.38771
26|-3.39884|-3.39884
27|-3.39953|-3.39953
28|-3.3997|-3.3997
29|-3.39975|-3.39975
30|-3.40255|-3.40255
31|-3.43739|-3.43739
32|-4.23278|-4.23278
33|-4.23714|-4.23714
34|-4.23762|-4.23762
35|-4.23782|-4.23782
36|-4.23791|-4.23791
37|-4.23793|-4.23793
38|-4.23794|-4.23794
39|-4.23794|-4.23794
40|-4.25331|-4.25331
41|-4.268|-4.268
42|-4.32352|-4.32352
43|-4.34761|-4.34761
44|-4.34892|-4.34892
45|-4.34924|-4.34924
46|-4.3494|-4.3494
47|-4.34948|-4.34948
48|-4.34952|-4.34952
49|-4.34954|-4.34954
50|-4.35446|-4.35446
51|-4.9672|-4.9672
52|-5.19884|-5.19884
53|-5.20164|-5.20164
54|-5.20302|-5.20302
55|-5.20371|-5.20371
56|-5.20406|-5.20406
57|-5.20414|-5.20414
58|-5.22712|-5.22712
59|-5.39224|-5.39224
60|-5.79186|-5.79186
61|-6.01207|-6.01207
62|-6.05787|-6.05787
63|-6.07861|-6.07861
64|-6.08838|-6.08838
65|-6.09311|-6.09311
66|-6.09428|-6.09428
67|-6.09457|-6.09457
68|-6.09464|-6.09464
69|-6.74309|-6.74309
70|-6.76957|-6.76957
71|-6.77036|-6.77036
72|-6.77039|-6.77039
73|-6.77039|-6.77039
74|-6.77039|-6.77039
75|-6.77039|-6.77039
76|-7.76411|-7.76411
77|-7.76945|-7.76945
78|-7.77035|-7.77035
79|-7.77039|-7.77039
80|-7.77039|-7.77039
81|-7.77039|-7.77039
82|-7.77039|-7.77039
83|-7.77039|-7.77039
84|-7.77039|-7.77039
85|-7.77039|-7.77039
86|-7.77039|-7.77039
87|-7.77039|-7.77039
88|-7.77039|-7.77039
89|-7.77039|-7.77039
90|-7.77039|-7.77039
91|-7.77039|-7.77039
92|-7.77039|-7.77039
93|-7.77039|-7.77039
94|-7.77039|-7.77039
95|-7.77039|-7.77039
96|-7.77039|-7.77039
97|-7.77039|-7.77039
98|-7.77039|-7.77039
99|-7.77039|-7.77039
100|-7.77039|-7.77039
101|-7.77039|-7.77039
102|-7.77039|-7.77039
103|-7.77039|-7.77039
104|-7.77039|-7.77039
105|-7.77039|-7.77039
106|-7.77039|-7.77039
107|-7.77039|-7.77039
108|-7.77039|-7.77039
109|-7.77039|-7.77039
110|-7.77039|-7.77039
111|-7.77039|-7.77039
112|-7.77039|-7.77039
113|-7.77039|-7.77039
114|-7.77039|-7.77039
115|-7.77039|-7.77039
116|-7.77039|-7.77039
117|-7.77039|-7.77039
118|-7.77039|-7.77039
119|-7.77039|-7.77039
120|-7.77039|-7.77039
121|-7.77039|-7.77039
122|-7.77039|-7.77039
123|-7.77039|-7.77039
124|-7.77039|-7.77039
125|-7.77039|-7.77039
126|-7.77039|-7.77039
127|-7.77039|-7.77039
128|-7.77039|-7.77039
129|-7.77039|-7.77039
130|-7.77039|-7.77039
131|-7.77039|-7.77039
132|-7.77039|-7.77039
133|-7.77039|-7.77039
134|-7.77039|-7.77039
135|-7.77039|-7.77039
136|-7.77039|-7.77039
137|-7.77039|-7.77039
138|-7.77039|-7.77039
139|-7.77039|-7.77039
140|-7.77039|-7.77039
141|-7.77039|-7.77039
142|-7.77039|-7.77039
143|-7.77039|-7.77039
144|-7.77039|-7.77039
145|-7.77039|-7.77039
146|-7.77039|-7.77039
147|-7.77039|-7.77039
148|-7.77039|-7.77039
149|-7.77039|-7.77039
150|-7.77039|-7.77039
151|-7.77039|-7.77039
152|-7.77039|-7.77039
153|-7.77039|-7.77039
154|-7.77039|-7.77039
155|-7.77039|-7.77039
156|-7.77039|-7.77039
157|-7.77039|-7.77039
158|-7.77039|-7.77039
159|-7.77039|-7.77039
160|-7.77039|-7.77039
161|-7.77039|-7.77039
162|-7.77039|-7.77039
163|-7.77039|-7.77039
164|-7.77039|-7.77039
165|-7.77039|-7.77039
166|-7.77039|-7.77039
167|-7.77039|-7.77039
168|-7.77039|-7.77039
169|-7.77039|-7.77039
170|-7.77039|-7.77039
171|-7.77039|-7.77039
172|-7.77039|-7.77039
173|-7.77039|-7.77039
174|-7.77039|-7.77039
175|-7.77039|-7.77039
176|-7.77039|-7.77039
177|-7.77039|-7.77039
178|-7.77039|-7.77039
179|-7.77039|-7.77039
180|-7.77039|-7.77039
181|-7.77039|-7.77039
182|-7.77039|-7.77039
183|-7.77039|-7.77039
184|-7.77039|-7.77039
185|-7.77039|-7.77039
186|-7.77039|-7.77039
187|-7.77039|-7.77039
188|-7.77039|-7.77039
189|-7.77039|-7.77039
190|-7.77039|-7.77039
191|-7.77039|-7.77039
192|-7.77039|-7.77039
193|-7.77039|-7.77039
194|-7.77039|-7.77039
195|-7.77039|-7.77039
196|-7.77039|-7.77039
197|-7.77039|-7.77039
198|-7.77039|-7.77039
199|-7.77039|-7.77039
200|-7.77039|-7.77039
201|-7.77039|-7.77039
202|-7.77039|-7.77039
203|-7.77039|-7.77039
204|-7.77039|-7.77039
205|-7.77039|-7.77039
206|-7.77039|-7.77039
207|-7.77039|-7.77039
208|-7.77039|-7.77039
209|-7.77039|-7.77039
210|-7.77039|-7.77039
211|-7.77039|-7.77039
212|-7.77039|-7.77039
213|-7.77039|-7.77039
214|-7.77039|-7.77039
215|-7.77039|-7.77039
216|-7.77039|-7.77039
217|-7.77039|-7.77039
218|-7.77039|-7.77039
219|-7.77039|-7.77039
220|-7.77039|-7.77039
221|-7.77039|-7.77039
222|-7.77039|-7.77039
223|-7.77039|-7.77039
224|-7.77039|-7.77039
225|-7.77039|-7.77039
226|-7.77039|-7.77039
227|-7.77039|-7.77039
228|-7.77039|-7.77039
229|-7.77039|-7.77039
EARLY STOP: TARGET FOUND
263257ms
