1|-0.82695|-0.82695
2|-0.867763|-0.867763
3|-0.888282|-0.888282
4|-0.893412|-0.893412
5|-0.895977|-0.895977
6|-0.897259|-0.897259
7|-0.8979|-0.8979
8|-0.89806|-0.89806
9|-0.898141|-0.898141
10|-0.89818|-0.89818
11|-0.898255|-0.898255
12|-1.2285|-1.2285
13|-1.23902|-1.23902
14|-1.24409|-1.24409
15|-1.24534|-1.24534
16|-1.24549|-1.24549
17|-1.24557|-1.24557
18|-1.24561|-1.24561
19|-1.24563|-1.24563
20|-1.96312|-1.96312
21|-2.00842|-2.00842
22|-2.11488|-2.11488
23|-2.11663|-2.11663
24|-2.11664|-2.11664
25|-2.11664|-2.11664
26|-2.11664|-2.11664
27|-2.29348|-2.29348
28|-2.38515|-2.38515
29|-2.40758|-2.40758
30|-2.41313|-2.41313
31|-2.41347|-2.41347
32|-2.41352|-2.41352
33|-2.77465|-2.77465
34|-2.82032|-2.82032
35|-3.16913|-3.16913
36|-3.2477|-3.2477
37|-3.24926|-3.24926
38|-3.25046|-3.25046
39|-3.25092|-3.25092
40|-3.25111|-3.25111
41|-3.25113|-3.25113
42|-3.25113|-3.25113
43|-3.25114|-3.25114
44|-3.25114|-3.25114
45|-3.25114|-3.25114
46|-3.25114|-3.25114
47|-3.25114|-3.25114
48|-3.25114|-3.25114
49|-3.25114|-3.25114
50|-3.25114|-3.25114
51|-3.25114|-3.25114
52|-3.25114|-3.25114
53|-3.25114|-3.25114
54|-3.25114|-3.25114
55|-3.25114|-3.25114
56|-3.25114|-3.25114
57|-3.25114|-3.25114
58|-3.25114|-3.25114
59|-3.25114|-3.25114
60|-3.25114|-3.25114
61|-3.25114|-3.25114
62|-3.25114|-3.25114
63|-3.25114|-3.25114
64|-3.25114|-3.25114
65|-3.25114|-3.25114
66|-3.25114|-3.25114
67|-3.25114|-3.25114
68|-3.25114|-3.25114
69|-3.25114|-3.25114
70|-3.25114|-3.25114
71|-3.25114|-3.25114
72|-3.25114|-3.25114
73|-3.25114|-3.25114
74|-3.25114|-3.25114
75|-3.25114|-3.25114
76|-3.25114|-3.25114
77|-3.25114|-3.25114
78|-3.25114|-3.25114
79|-3.25114|-3.25114
80|-3.25114|-3.25114
81|-3.25114|-3.25114
82|-3.25114|-3.25114
83|-3.25114|-3.25114
84|-3.25114|-3.25114
85|-3.25114|-3.25114
86|-3.25114|-3.25114
87|-3.25114|-3.25114
88|-3.25114|-3.25114
89|-3.25114|-3.25114
90|-3.25114|-3.25114
91|-3.25114|-3.25114
92|-3.25114|-3.25114
93|-3.25114|-3.25114
94|-3.25114|-3.25114
95|-3.25114|-3.25114
96|-3.25114|-3.25114
97|-3.25114|-3.25114
98|-3.25114|-3.25114
99|-3.25114|-3.25114
100|-3.25114|-3.25114
101|-3.25114|-3.25114
102|-3.25114|-3.25114
103|-3.25114|-3.25114
104|-3.25114|-3.25114
105|-3.25114|-3.25114
106|-3.25114|-3.25114
107|-3.25114|-3.25114
108|-3.25114|-3.25114
109|-3.25114|-3.25114
110|-3.25114|-3.25114
111|-3.25114|-3.25114
112|-3.25114|-3.25114
113|-3.25114|-3.25114
114|-3.25114|-3.25114
115|-3.25114|-3.25114
116|-3.25114|-3.25114
117|-3.25114|-3.25114
118|-3.25114|-3.25114
119|-3.25114|-3.25114
120|-3.25114|-3.25114
121|-3.25114|-3.25114
122|-3.25114|-3.25114
123|-3.25114|-3.25114
124|-3.25114|-3.25114
125|-3.25114|-3.25114
126|-3.25114|-3.25114
127|-3.25114|-3.25114
128|-3.25114|-3.25114
129|-3.25114|-3.25114
130|-3.25114|-3.25114
131|-3.25114|-3.25114
132|-3.25114|-3.25114
133|-3.25114|-3.25114
134|-3.25114|-3.25114
135|-3.25114|-3.25114
136|-3.25114|-3.25114
137|-3.25114|-3.25114
138|-3.25114|-3.25114
139|-3.25114|-3.25114
140|-3.25114|-3.25114
141|-3.25114|-3.25114
142|-3.25114|-3.25114
143|-3.25114|-3.25114
144|-3.25114|-3.25114
145|-3.25114|-3.25114
146|-3.25114|-3.25114
147|-3.25114|-3.25114
148|-3.25114|-3.25114
149|-3.25114|-3.25114
150|-3.25114|-3.25114
151|-3.25114|-3.25114
152|-3.25114|-3.25114
153|-3.25114|-3.25114
154|-3.25114|-3.25114
155|-3.25114|-3.25114
156|-3.25114|-3.25114
157|-3.25114|-3.25114
158|-3.25114|-3.25114
159|-3.25114|-3.25114
160|-3.25114|-3.25114
161|-3.25114|-3.25114
162|-3.25114|-3.25114
163|-3.25114|-3.25114
164|-3.25114|-3.25114
165|-3.25114|-3.25114
166|-3.25114|-3.25114
167|-3.25114|-3.25114
168|-3.25114|-3.25114
169|-3.25114|-3.25114
170|-3.25114|-3.25114
171|-3.25114|-3.25114
172|-3.25114|-3.25114
173|-3.25114|-3.25114
174|-3.25114|-3.25114
175|-3.25114|-3.25114
176|-3.25114|-3.25114
177|-3.25114|-3.25114
178|-3.25114|-3.25114
179|-3.25114|-3.25114
180|-3.25114|-3.25114
181|-3.25114|-3.25114
182|-3.25114|-3.25114
183|-3.25114|-3.25114
184|-3.25114|-3.25114
185|-3.25114|-3.25114
186|-3.25114|-3.25114
187|-3.25114|-3.25114
188|-3.25114|-3.25114
189|-3.25114|-3.25114
190|-3.25114|-3.25114
191|-3.25114|-3.25114
192|-3.25114|-3.25114
193|-3.25114|-3.25114
EARLY STOP: TARGET FOUND
67970ms
