1|163.384|163.384
2|162.425|162.425
3|160.973|160.973
4|158.473|158.473
5|155.361|155.361
6|154.911|154.911
7|154.741|154.741
8|154.705|154.705
9|154.696|154.696
10|154.692|154.692
11|154.691|154.691
12|154.691|154.691
13|138.155|138.155
14|130.126|130.126
15|128.999|128.999
16|128.807|128.807
17|128.725|128.725
18|128.688|128.688
19|128.67|128.67
20|128.662|128.662
21|128.661|128.661
22|107.226|107.226
23|107.049|107.049
24|106.974|106.974
25|106.97|106.97
26|106.968|106.968
27|106.967|106.967
28|106.966|106.966
29|106.966|106.966
30|106.966|106.966
31|95.5492|95.5492
32|95.1559|95.1559
33|95.0675|95.0675
34|95.0381|95.0381
35|95.0324|95.0324
36|95.0297|95.0297
37|95.0284|95.0284
38|95.0284|95.0284
39|95.0283|95.0283
40|86.6571|86.6571
41|83.4869|83.4869
42|80.5607|80.5607
43|80.1668|80.1668
44|80.0919|80.0919
45|80.0832|80.0832
46|80.0811|80.0811
47|80.0805|80.0805
48|80.0803|80.0803
49|75.7388|75.7388
50|74.0551|74.0551
51|73.3894|73.3894
52|73.106|73.106
53|73.0977|73.0977
54|73.0935|73.0935
55|73.0915|73.0915
56|73.0912|73.0912
57|54.1753|54.1753
58|44.5342|44.5342
59|38.5196|38.5196
60|38.0694|38.0694
61|37.9452|37.9452
62|37.9422|37.9422
63|37.9392|37.9392
64|37.9387|37.9387
65|37.9387|37.9387
66|37.9387|37.9387
67|28.2598|28.2598
68|27.3816|27.3816
69|27.3638|27.3638
70|27.3551|27.3551
71|27.3529|27.3529
72|27.3524|27.3524
73|27.3522|27.3522
74|27.0421|27.0421
75|27.0421|27.0421
76|27.0421|27.0421
77|27.0421|27.0421
78|27.0421|27.0421
79|27.0421|27.0421
80|27.0421|27.0421
81|27.0421|27.0421
82|27.0421|27.0421
83|27.0421|27.0421
84|27.0421|27.0421
85|27.0421|27.0421
86|27.0421|27.0421
87|27.0421|27.0421
88|27.0421|27.0421
89|27.0421|27.0421
90|27.0421|27.0421
91|27.0421|27.0421
92|27.0421|27.0421
93|27.0421|27.0421
94|27.0421|27.0421
95|27.0421|27.0421
96|27.0421|27.0421
97|27.0421|27.0421
98|27.0421|27.0421
99|27.0421|27.0421
100|27.0421|27.0421
101|27.0421|27.0421
102|27.0421|27.0421
103|27.0421|27.0421
104|27.0421|27.0421
105|27.0421|27.0421
106|27.0421|27.0421
107|27.0421|27.0421
108|27.0421|27.0421
109|27.0421|27.0421
110|27.0421|27.0421
111|27.0421|27.0421
112|27.0421|27.0421
113|27.0421|27.0421
114|27.0421|27.0421
115|27.0421|27.0421
116|27.0421|27.0421
117|27.0421|27.0421
118|27.0421|27.0421
119|27.0421|27.0421
120|27.0421|27.0421
121|27.0421|27.0421
122|27.0421|27.0421
123|27.0421|27.0421
124|27.0421|27.0421
125|27.0421|27.0421
126|27.0421|27.0421
127|27.0421|27.0421
128|27.0421|27.0421
129|27.0421|27.0421
130|27.0421|27.0421
131|27.0421|27.0421
132|27.0421|27.0421
133|27.0421|27.0421
134|27.0421|27.0421
135|27.0421|27.0421
136|27.0421|27.0421
137|27.0421|27.0421
138|27.0421|27.0421
139|27.0421|27.0421
140|27.0421|27.0421
141|27.0421|27.0421
142|27.0421|27.0421
143|27.0421|27.0421
144|27.0421|27.0421
145|27.0421|27.0421
146|27.0421|27.0421
147|27.0421|27.0421
148|27.0421|27.0421
149|27.0421|27.0421
150|27.0421|27.0421
151|27.0421|27.0421
152|27.0421|27.0421
153|27.0421|27.0421
154|27.0421|27.0421
155|27.0421|27.0421
156|27.0421|27.0421
157|27.0421|27.0421
158|27.0421|27.0421
159|27.0421|27.0421
160|27.0421|27.0421
161|27.0421|27.0421
162|27.0421|27.0421
163|27.0421|27.0421
164|27.0421|27.0421
165|27.0421|27.0421
166|27.0421|27.0421
167|27.0421|27.0421
168|27.0421|27.0421
169|27.0421|27.0421
170|27.0421|27.0421
171|27.0421|27.0421
172|27.0421|27.0421
173|27.0421|27.0421
174|27.0421|27.0421
175|27.0421|27.0421
176|27.0421|27.0421
177|27.0421|27.0421
178|27.0421|27.0421
179|27.0421|27.0421
180|27.0421|27.0421
181|27.0421|27.0421
182|27.0421|27.0421
183|27.0421|27.0421
184|27.0421|27.0421
185|27.0421|27.0421
186|27.0421|27.0421
187|27.0421|27.0421
188|27.0421|27.0421
189|27.0421|27.0421
190|27.0421|27.0421
191|27.0421|27.0421
192|27.0421|27.0421
193|27.0421|27.0421
194|27.0421|27.0421
195|27.0421|27.0421
196|27.0421|27.0421
197|27.0421|27.0421
198|27.0421|27.0421
199|27.0421|27.0421
200|27.0421|27.0421
201|27.0421|27.0421
202|27.0421|27.0421
203|27.0421|27.0421
204|27.0421|27.0421
205|27.0421|27.0421
206|27.0421|27.0421
207|27.0421|27.0421
208|27.0421|27.0421
209|27.0421|27.0421
210|27.0421|27.0421
211|27.0421|27.0421
212|27.0421|27.0421
213|27.0421|27.0421
214|27.0421|27.0421
215|27.0421|27.0421
216|27.0421|27.0421
217|27.0421|27.0421
218|27.0421|27.0421
219|27.0421|27.0421
220|27.0421|27.0421
221|27.0421|27.0421
222|27.0421|27.0421
223|27.0421|27.0421
224|27.0421|27.0421
225|27.0421|27.0421
226|27.0421|27.0421
EARLY STOP: TARGET FOUND
257837ms
