1|318.73|318.73
2|250.32|250.32
3|186.328|186.328
4|180.141|180.141
5|180.069|180.069
6|180.065|180.065
7|180.064|180.064
8|180.064|180.064
9|180.064|180.064
10|55.7745|55.7745
11|25.425|25.425
12|-168.616|-168.616
13|-336.582|-336.582
14|-366.996|-366.996
15|-381.923|-381.923
16|-383.954|-383.954
17|-383.955|-383.955
18|-383.955|-383.955
19|-383.955|-383.955
20|-422.899|-422.899
21|-467.474|-467.474
22|-485.061|-485.061
23|-485.333|-485.333
24|-485.401|-485.401
25|-485.435|-485.435
26|-485.443|-485.443
27|-485.448|-485.448
28|-593.335|-593.335
29|-770.357|-770.357
30|-811.51|-811.51
31|-812.507|-812.507
32|-812.594|-812.594
33|-812.614|-812.614
34|-812.614|-812.614
35|-1181.23|-1181.23
36|-1378.8|-1378.8
37|-1450.82|-1450.82
38|-1501.47|-1501.47
39|-1504.81|-1504.81
40|-1504.83|-1504.83
41|-1504.83|-1504.83
42|-1504.84|-1504.84
43|-1504.84|-1504.84
44|-1504.84|-1504.84
45|-1504.84|-1504.84
46|-1504.84|-1504.84
47|-1504.84|-1504.84
48|-1504.84|-1504.84
49|-1504.84|-1504.84
50|-1504.84|-1504.84
51|-1504.84|-1504.84
52|-1504.84|-1504.84
53|-1504.84|-1504.84
54|-1504.84|-1504.84
55|-1504.84|-1504.84
56|-1504.84|-1504.84
57|-1504.84|-1504.84
58|-1504.84|-1504.84
59|-1504.84|-1504.84
60|-1504.84|-1504.84
61|-1504.84|-1504.84
62|-1504.84|-1504.84
63|-1504.84|-1504.84
64|-1504.84|-1504.84
65|-1504.84|-1504.84
66|-1504.84|-1504.84
67|-1504.84|-1504.84
68|-1504.84|-1504.84
69|-1504.84|-1504.84
70|-1504.84|-1504.84
71|-1504.84|-1504.84
72|-1504.84|-1504.84
73|-1504.84|-1504.84
74|-1504.84|-1504.84
75|-1504.84|-1504.84
76|-1504.84|-1504.84
77|-1504.84|-1504.84
78|-1504.84|-1504.84
79|-1504.84|-1504.84
80|-1504.84|-1504.84
81|-1504.84|-1504.84
82|-1504.84|-1504.84
83|-1504.84|-1504.84
84|-1504.84|-1504.84
85|-1504.84|-1504.84
86|-1504.84|-1504.84
87|-1504.84|-1504.84
88|-1504.84|-1504.84
89|-1504.84|-1504.84
90|-1504.84|-1504.84
91|-1504.84|-1504.84
92|-1504.84|-1504.84
93|-1504.84|-1504.84
94|-1504.84|-1504.84
95|-1504.84|-1504.84
96|-1504.84|-1504.84
97|-1504.84|-1504.84
98|-1504.84|-1504.84
99|-1504.84|-1504.84
100|-1504.84|-1504.84
101|-1504.84|-1504.84
102|-1504.84|-1504.84
103|-1504.84|-1504.84
104|-1504.84|-1504.84
105|-1504.84|-1504.84
106|-1504.84|-1504.84
107|-1504.84|-1504.84
108|-1504.84|-1504.84
109|-1504.84|-1504.84
110|-1504.84|-1504.84
111|-1504.84|-1504.84
112|-1504.84|-1504.84
113|-1504.84|-1504.84
114|-1504.84|-1504.84
115|-1504.84|-1504.84
116|-1504.84|-1504.84
117|-1504.84|-1504.84
118|-1504.84|-1504.84
119|-1504.84|-1504.84
120|-1504.84|-1504.84
121|-1504.84|-1504.84
122|-1504.84|-1504.84
123|-1504.84|-1504.84
124|-1504.84|-1504.84
125|-1504.84|-1504.84
126|-1504.84|-1504.84
127|-1504.84|-1504.84
128|-1504.84|-1504.84
129|-1504.84|-1504.84
130|-1504.84|-1504.84
131|-1504.84|-1504.84
132|-1504.84|-1504.84
133|-1504.84|-1504.84
134|-1504.84|-1504.84
135|-1504.84|-1504.84
136|-1504.84|-1504.84
137|-1504.84|-1504.84
138|-1504.84|-1504.84
139|-1504.84|-1504.84
140|-1504.84|-1504.84
141|-1504.84|-1504.84
142|-1504.84|-1504.84
143|-1504.84|-1504.84
144|-1504.84|-1504.84
145|-1504.84|-1504.84
146|-1504.84|-1504.84
147|-1504.84|-1504.84
148|-1504.84|-1504.84
149|-1504.84|-1504.84
150|-1504.84|-1504.84
151|-1504.84|-1504.84
152|-1504.84|-1504.84
153|-1504.84|-1504.84
154|-1504.84|-1504.84
155|-1504.84|-1504.84
156|-1504.84|-1504.84
157|-1504.84|-1504.84
158|-1504.84|-1504.84
159|-1504.84|-1504.84
160|-1504.84|-1504.84
161|-1504.84|-1504.84
162|-1504.84|-1504.84
163|-1504.84|-1504.84
164|-1504.84|-1504.84
165|-1504.84|-1504.84
166|-1504.84|-1504.84
167|-1504.84|-1504.84
168|-1504.84|-1504.84
169|-1504.84|-1504.84
170|-1504.84|-1504.84
171|-1504.84|-1504.84
172|-1504.84|-1504.84
173|-1504.84|-1504.84
174|-1504.84|-1504.84
175|-1504.84|-1504.84
176|-1504.84|-1504.84
177|-1504.84|-1504.84
178|-1504.84|-1504.84
179|-1504.84|-1504.84
180|-1504.84|-1504.84
181|-1504.84|-1504.84
182|-1504.84|-1504.84
183|-1504.84|-1504.84
184|-1504.84|-1504.84
185|-1504.84|-1504.84
186|-1504.84|-1504.84
187|-1504.84|-1504.84
188|-1504.84|-1504.84
189|-1504.84|-1504.84
190|-1504.84|-1504.84
191|-1504.84|-1504.84
192|-1504.84|-1504.84
193|-1504.84|-1504.84
EARLY STOP: TARGET FOUND
95059ms
