1|62.9119|62.9119
2|62.734|62.734
3|62.7215|62.7215
4|62.7203|62.7203
5|62.7201|62.7201
6|62.72|62.72
7|62.72|62.72
8|47.7019|47.7019
9|46.712|46.712
10|46.5242|46.5242
11|46.5093|46.5093
12|46.5066|46.5066
13|46.5064|46.5064
14|46.5064|46.5064
15|43.0967|43.0967
16|42.6206|42.6206
17|42.618|42.618
18|42.6179|42.6179
19|42.6179|42.6179
20|39.9142|39.9142
21|39.7502|39.7502
22|39.7413|39.7413
23|39.741|39.741
24|39.741|39.741
25|39.1721|39.1721
26|39.1721|39.1721
27|34.3992|34.3992
28|34.3992|34.3992
29|33.2415|33.2415
30|32.9698|32.9698
31|32.9698|32.9698
32|32.9108|32.9108
33|32.9005|32.9005
34|32.8999|32.8999
35|32.8999|32.8999
36|32.8999|32.8999
37|9.70788|9.70788
38|9.70788|9.70788
39|9.63903|9.63903
40|9.6238|9.6238
41|9.6238|9.6238
42|9.62099|9.62099
43|9.62099|9.62099
44|9.62079|9.62079
45|9.62076|9.62076
46|5.60021|5.60021
47|4.81874|4.81874
48|4.81874|4.81874
49|4.75138|4.75138
50|4.73689|4.73689
51|4.73689|4.73689
52|4.73445|4.73445
53|4.73434|4.73434
54|4.29776|4.29776
55|4.29776|4.29776
56|4.29732|4.29732
57|4.29731|4.29731
58|1.0906|1.0906
59|1.0906|1.0906
60|1.0906|1.0906
61|1.0906|1.0906
62|0.800917|0.800917
63|0.800917|0.800917
64|0.800917|0.800917
65|0.732878|0.732878
66|0.718059|0.718059
67|0.715449|0.715449
68|0.715449|0.715449
69|0.715296|0.715296
70|0.715296|0.715296
71|0.715289|0.715289
72|0.042332|0.042332
73|0.042332|0.042332
74|0.042332|0.042332
75|0.042332|0.042332
76|0.042332|0.042332
77|0.0423319|0.0423319
78|0.0423319|0.0423319
79|0.00209281|0.00209281
EARLY STOP: TARGET FOUND
47977ms
