1|80.7239|80.7239
2|79.658|79.658
3|79.4323|79.4323
4|79.3962|79.3962
5|79.3953|79.3953
6|79.3952|79.3952
7|79.3951|79.3951
8|74.486|74.486
9|73.2603|73.2603
10|72.9546|72.9546
11|72.8786|72.8786
12|72.8597|72.8597
13|72.8551|72.8551
14|72.854|72.854
15|72.854|72.854
16|72.8538|72.8538
17|72.8537|72.8537
18|72.8537|72.8537
19|68.577|68.577
20|67.6675|67.6675
21|67.5199|67.5199
22|67.5159|67.5159
23|67.515|67.515
24|67.5149|67.5149
25|62.2588|62.2588
26|58.6576|58.6576
27|58.6576|58.6576
28|58.0858|58.0858
29|58.0719|58.0719
30|58.0719|58.0719
31|58.0698|58.0698
32|58.0698|58.0698
33|44.9741|44.9741
34|44.9741|44.9741
35|43.3328|43.3328
36|41.4209|41.4209
37|41.4102|41.4102
38|41.4102|41.4102
39|41.4096|41.4096
40|41.4095|41.4095
41|41.4095|41.4095
42|39.7546|39.7546
43|39.7545|39.7545
44|39.7545|39.7545
45|39.7545|39.7545
46|30.4027|30.4027
47|27.8255|27.8255
48|27.6932|27.6932
49|27.691|27.691
50|27.691|27.691
51|27.691|27.691
52|27.691|27.691
53|2.24657|2.24657
54|2.24657|2.24657
55|2.24657|2.24657
56|2.24216|2.24216
57|2.24216|2.24216
58|2.24115|2.24115
59|2.24115|2.24115
60|2.24094|2.24094
61|2.24092|2.24092
62|2.24092|2.24092
63|0.0470753|0.0470753
64|0.0470753|0.0470753
65|0.0470753|0.0470753
66|0.0470752|0.0470752
67|0.0470752|0.0470752
68|0.0470752|0.0470752
69|0.0470752|0.0470752
70|0.0470752|0.0470752
71|0.0470752|0.0470752
72|0.0470752|0.0470752
73|0.0470751|0.0470751
74|0.0470751|0.0470751
75|0.0470751|0.0470751
76|0.00324534|0.00324534
EARLY STOP: TARGET FOUND
43679ms
