1|43.4021|43.4021
2|-12.9802|-12.9802
3|-301.15|-301.15
4|-355.993|-355.993
5|-445.963|-445.963
6|-447.266|-447.266
7|-447.441|-447.441
8|-447.506|-447.506
9|-447.51|-447.51
10|-447.511|-447.511
11|-447.512|-447.512
12|-447.512|-447.512
13|-567.087|-567.087
14|-813.753|-813.753
15|-849.828|-849.828
16|-867.458|-867.458
17|-869.64|-869.64
18|-870.184|-870.184
19|-870.201|-870.201
20|-870.205|-870.205
21|-870.207|-870.207
22|-930.411|-930.411
23|-941.745|-941.745
24|-1024.96|-1024.96
25|-1037.2|-1037.2
26|-1038.47|-1038.47
27|-1038.63|-1038.63
28|-1038.7|-1038.7
29|-1038.72|-1038.72
30|-1038.73|-1038.73
31|-1038.74|-1038.74
32|-1038.74|-1038.74
33|-1038.74|-1038.74
34|-1509.21|-1509.21
35|-1510.54|-1510.54
36|-1517.56|-1517.56
37|-1517.57|-1517.57
38|-1517.57|-1517.57
39|-1517.57|-1517.57
40|-1681.86|-1681.86
41|-1736.57|-1736.57
42|-1780.58|-1780.58
43|-1789.44|-1789.44
44|-1791.51|-1791.51
45|-1792.53|-1792.53
46|-1793.03|-1793.03
47|-1793.09|-1793.09
48|-1793.13|-1793.13
49|-1793.13|-1793.13
50|-1793.13|-1793.13
51|-1893.82|-1893.82
52|-2015.13|-2015.13
53|-2015.13|-2015.13
54|-2020.56|-2020.56
55|-2020.72|-2020.72
56|-2020.8|-2020.8
57|-2020.83|-2020.83
58|-2020.85|-2020.85
59|-2020.86|-2020.86
60|-2020.86|-2020.86
61|-2020.86|-2020.86
62|-2020.86|-2020.86
63|-2142.98|-2142.98
64|-2235.77|-2235.77
65|-2304.21|-2304.21
66|-2309.18|-2309.18
67|-2309.39|-2309.39
68|-2309.42|-2309.42
69|-2309.42|-2309.42
70|-2309.42|-2309.42
71|-2309.42|-2309.42
72|-2317.08|-2317.08
73|-2320.93|-2320.93
74|-2321.42|-2321.42
75|-2768.69|-2768.69
76|-2769.74|-2769.74
77|-2769.84|-2769.84
78|-2836.49|-2836.49
79|-2911.75|-2911.75
80|-2914.86|-2914.86
81|-2915.24|-2915.24
82|-2915.53|-2915.53
83|-2915.55|-2915.55
84|-2915.55|-2915.55
85|-2985.4|-2985.4
86|-3013.04|-3013.04
87|-3130.27|-3130.27
88|-3131.58|-3131.58
89|-3242.15|-3242.15
90|-3406.36|-3406.36
91|-3451.03|-3451.03
92|-3451.07|-3451.07
93|-3451.91|-3451.91
94|-3452.24|-3452.24
95|-3452.38|-3452.38
96|-3452.38|-3452.38
97|-3452.39|-3452.39
98|-3459.98|-3459.98
99|-3614.19|-3614.19
100|-3630.72|-3630.72
101|-3749.03|-3749.03
102|-3869.4|-3869.4
103|-3923.06|-3923.06
104|-3925.59|-3925.59
105|-3927.23|-3927.23
106|-3927.96|-3927.96
107|-3928.04|-3928.04
108|-3928.05|-3928.05
109|-3928.05|-3928.05
110|-4361.64|-4361.64
111|-4370.33|-4370.33
112|-4370.33|-4370.33
113|-4372.37|-4372.37
114|-4372.49|-4372.49
115|-4387.03|-4387.03
116|-4387.03|-4387.03
117|-4526.54|-4526.54
118|-4591.06|-4591.06
119|-4660.95|-4660.95
120|-4662.22|-4662.22
121|-4662.37|-4662.37
122|-4662.45|-4662.45
123|-4662.46|-4662.46
124|-4662.46|-4662.46
125|-4668.39|-4668.39
126|-5027.98|-5027.98
127|-5027.98|-5027.98
128|-5136.62|-5136.62
129|-5157|-5157
130|-5165.88|-5165.88
131|-5167.96|-5167.96
132|-5168.97|-5168.97
133|-5169.48|-5169.48
134|-5169.73|-5169.73
135|-5169.76|-5169.76
136|-5169.77|-5169.77
137|-5169.77|-5169.77
138|-5169.77|-5169.77
139|-5169.77|-5169.77
140|-5257.53|-5257.53
141|-5266.4|-5266.4
142|-5269.62|-5269.62
143|-5269.94|-5269.94
144|-5270.26|-5270.26
145|-5270.27|-5270.27
146|-5270.28|-5270.28
147|-5270.28|-5270.28
148|-5723.04|-5723.04
149|-5752.44|-5752.44
150|-5752.45|-5752.45
151|-5752.45|-5752.45
152|-5752.45|-5752.45
153|-5876.91|-5876.91
154|-5900.66|-5900.66
155|-5971.29|-5971.29
156|-5971.29|-5971.29
157|-6021.54|-6021.54
158|-6025.88|-6025.88
159|-6027.41|-6027.41
160|-6027.49|-6027.49
161|-6027.54|-6027.54
162|-6027.54|-6027.54
163|-6027.54|-6027.54
164|-6145.84|-6145.84
165|-6153.35|-6153.35
166|-6153.36|-6153.36
167|-6153.71|-6153.71
168|-6153.73|-6153.73
169|-6153.74|-6153.74
170|-6153.74|-6153.74
171|-6345.02|-6345.02
172|-6422.09|-6422.09
173|-6458.81|-6458.81
174|-6458.81|-6458.81
175|-6458.82|-6458.82
176|-6505.98|-6505.98
177|-6531.71|-6531.71
178|-6567.27|-6567.27
179|-6567.28|-6567.28
180|-6569.46|-6569.46
181|-6570|-6570
182|-6570.28|-6570.28
183|-6570.41|-6570.41
184|-6570.45|-6570.45
185|-6570.46|-6570.46
186|-6570.46|-6570.46
187|-6570.47|-6570.47
188|-6659.13|-6659.13
189|-6659.13|-6659.13
190|-6939.34|-6939.34
191|-6957.07|-6957.07
192|-6965.82|-6965.82
193|-6965.84|-6965.84
194|-6965.85|-6965.85
195|-6965.85|-6965.85
196|-7029.74|-7029.74
197|-7135.45|-7135.45
198|-7372.03|-7372.03
199|-7466.92|-7466.92
200|-7467.89|-7467.89
201|-7467.9|-7467.9
202|-7467.9|-7467.9
203|-7504.26|-7504.26
204|-7522.08|-7522.08
205|-7530.87|-7530.87
206|-7535.24|-7535.24
207|-7535.51|-7535.51
208|-7535.65|-7535.65
209|-7535.72|-7535.72
210|-7535.75|-7535.75
211|-7535.77|-7535.77
212|-7535.77|-7535.77
213|-7535.78|-7535.78
214|-7535.78|-7535.78
215|-7649.83|-7649.83
216|-7649.83|-7649.83
217|-8106.95|-8106.95
218|-8132.13|-8132.13
219|-8132.34|-8132.34
220|-8132.35|-8132.35
221|-8132.37|-8132.37
222|-8132.38|-8132.38
223|-8264.5|-8264.5
224|-8264.5|-8264.5
225|-8371.7|-8371.7
226|-8371.7|-8371.7
227|-8371.7|-8371.7
228|-8373.02|-8373.02
229|-8373.35|-8373.35
230|-8373.51|-8373.51
231|-8373.56|-8373.56
232|-8373.58|-8373.58
233|-8373.58|-8373.58
234|-8373.58|-8373.58
235|-8408.48|-8408.48
236|-8742.33|-8742.33
237|-8900.63|-8900.63
238|-8909.63|-8909.63
239|-8913.79|-8913.79
240|-8914.3|-8914.3
241|-8914.55|-8914.55
242|-8914.68|-8914.68
243|-8914.68|-8914.68
244|-9378.34|-9378.34
245|-9395.61|-9395.61
246|-9397.05|-9397.05
247|-9397.08|-9397.08
248|-9469.25|-9469.25
249|-9485.94|-9485.94
250|-9511.29|-9511.29
251|-9546.86|-9546.86
252|-9549.04|-9549.04
253|-9550.13|-9550.13
254|-9550.41|-9550.41
255|-9550.44|-9550.44
256|-9550.46|-9550.46
257|-9550.47|-9550.47
258|-9550.47|-9550.47
259|-9550.47|-9550.47
260|-9550.47|-9550.47
261|-9550.47|-9550.47
262|-9550.47|-9550.47
263|-9550.47|-9550.47
264|-9550.47|-9550.47
265|-9550.47|-9550.47
266|-9550.47|-9550.47
267|-9550.47|-9550.47
268|-9550.47|-9550.47
269|-9550.47|-9550.47
270|-9550.47|-9550.47
271|-9550.47|-9550.47
272|-9550.47|-9550.47
273|-9550.47|-9550.47
274|-9550.47|-9550.47
275|-9550.47|-9550.47
276|-9550.47|-9550.47
277|-9550.47|-9550.47
278|-9550.47|-9550.47
279|-9550.47|-9550.47
280|-9550.47|-9550.47
281|-9550.47|-9550.47
282|-9550.47|-9550.47
283|-9550.47|-9550.47
284|-9550.47|-9550.47
285|-9550.47|-9550.47
286|-9550.47|-9550.47
287|-9550.47|-9550.47
288|-9550.47|-9550.47
289|-9550.47|-9550.47
290|-9550.47|-9550.47
291|-9550.47|-9550.47
292|-9550.47|-9550.47
293|-9550.47|-9550.47
294|-9550.47|-9550.47
295|-9550.47|-9550.47
296|-9550.47|-9550.47
297|-9550.47|-9550.47
298|-9550.47|-9550.47
299|-9550.47|-9550.47
300|-9550.47|-9550.47
301|-9550.47|-9550.47
302|-9550.47|-9550.47
303|-9550.47|-9550.47
304|-9550.47|-9550.47
305|-9550.47|-9550.47
306|-9550.47|-9550.47
307|-9550.47|-9550.47
308|-9550.47|-9550.47
309|-9550.47|-9550.47
310|-9550.47|-9550.47
311|-9550.47|-9550.47
312|-9550.47|-9550.47
313|-9550.47|-9550.47
314|-9550.47|-9550.47
315|-9550.47|-9550.47
316|-9550.47|-9550.47
317|-9550.47|-9550.47
318|-9550.47|-9550.47
319|-9550.47|-9550.47
320|-9550.47|-9550.47
321|-9550.47|-9550.47
322|-9550.47|-9550.47
323|-9550.47|-9550.47
324|-9550.47|-9550.47
325|-9550.47|-9550.47
326|-9550.47|-9550.47
327|-9550.47|-9550.47
328|-9550.47|-9550.47
329|-9550.47|-9550.47
330|-9550.47|-9550.47
331|-9550.47|-9550.47
332|-9550.47|-9550.47
333|-9550.47|-9550.47
334|-9550.47|-9550.47
335|-9550.47|-9550.47
336|-9550.47|-9550.47
337|-9550.47|-9550.47
338|-9550.47|-9550.47
339|-9550.47|-9550.47
340|-9550.47|-9550.47
341|-9550.47|-9550.47
342|-9550.47|-9550.47
343|-9550.47|-9550.47
344|-9550.47|-9550.47
345|-9550.47|-9550.47
346|-9550.47|-9550.47
347|-9550.47|-9550.47
348|-9550.47|-9550.47
349|-9550.47|-9550.47
350|-9550.47|-9550.47
351|-9550.47|-9550.47
352|-9550.47|-9550.47
353|-9550.47|-9550.47
354|-9550.47|-9550.47
355|-9550.47|-9550.47
356|-9550.47|-9550.47
357|-9550.47|-9550.47
358|-9550.47|-9550.47
359|-9550.47|-9550.47
360|-9550.47|-9550.47
361|-9550.47|-9550.47
362|-9550.47|-9550.47
363|-9550.47|-9550.47
364|-9550.47|-9550.47
365|-9550.47|-9550.47
366|-9550.47|-9550.47
367|-9550.47|-9550.47
368|-9550.47|-9550.47
369|-9550.47|-9550.47
370|-9550.47|-9550.47
371|-9550.47|-9550.47
372|-9550.47|-9550.47
373|-9550.47|-9550.47
374|-9550.47|-9550.47
375|-9550.47|-9550.47
376|-9550.47|-9550.47
377|-9550.47|-9550.47
378|-9550.47|-9550.47
379|-9550.47|-9550.47
380|-9550.47|-9550.47
381|-9550.47|-9550.47
382|-9550.47|-9550.47
383|-9550.47|-9550.47
384|-9550.47|-9550.47
385|-9550.47|-9550.47
386|-9550.47|-9550.47
387|-9550.47|-9550.47
388|-9550.47|-9550.47
389|-9550.47|-9550.47
390|-9550.47|-9550.47
391|-9550.47|-9550.47
392|-9550.47|-9550.47
393|-9550.47|-9550.47
394|-9550.47|-9550.47
395|-9550.47|-9550.47
396|-9550.47|-9550.47
397|-9550.47|-9550.47
398|-9550.47|-9550.47
399|-9550.47|-9550.47
400|-9550.47|-9550.47
401|-9550.47|-9550.47
402|-9550.47|-9550.47
403|-9550.47|-9550.47
404|-9550.47|-9550.47
405|-9550.47|-9550.47
406|-9550.47|-9550.47
407|-9550.47|-9550.47
408|-9550.47|-9550.47
409|-9550.47|-9550.47
410|-9550.47|-9550.47
EARLY STOP: TARGET FOUND
4588582ms
