1|111.041|111.041
2|107.607|107.607
3|101.574|101.574
4|100.531|100.531
5|99.2246|99.2246
6|96.4498|96.4498
7|93.4042|93.4042
8|92.9742|92.9742
9|92.8152|92.8152
10|92.8066|92.8066
11|92.8055|92.8055
12|92.8052|92.8052
13|92.275|92.275
14|80.3741|80.3741
15|79.6964|79.6964
16|79.6654|79.6654
17|79.6536|79.6536
18|79.6524|79.6524
19|79.6517|79.6517
20|79.6516|79.6516
21|79.6515|79.6515
22|65.9427|65.9427
23|64.5853|64.5853
24|64.5179|64.5179
25|64.5096|64.5096
26|64.5093|64.5093
27|42.4778|42.4778
28|41.2061|41.2061
29|41.206|41.206
30|41.2059|41.2059
31|16.1508|16.1508
32|16.1507|16.1507
33|16.1507|16.1507
34|15.4855|15.4855
35|11.1645|11.1645
36|11.1558|11.1558
37|11.1552|11.1552
38|11.1544|11.1544
39|11.1542|11.1542
40|11.1542|11.1542
41|11.1542|11.1542
42|11.1542|11.1542
43|11.1542|11.1542
44|11.1542|11.1542
45|11.1542|11.1542
46|11.1542|11.1542
47|11.1542|11.1542
48|11.1542|11.1542
49|11.1542|11.1542
50|11.1542|11.1542
51|11.1542|11.1542
52|11.1542|11.1542
53|11.1542|11.1542
54|11.1542|11.1542
55|11.1542|11.1542
56|11.1542|11.1542
57|11.1542|11.1542
58|11.1542|11.1542
59|11.1542|11.1542
60|11.1542|11.1542
61|11.1542|11.1542
62|11.1542|11.1542
63|11.1542|11.1542
64|11.1542|11.1542
65|11.1542|11.1542
66|11.1542|11.1542
67|11.1542|11.1542
68|11.1542|11.1542
69|11.1542|11.1542
70|11.1542|11.1542
71|11.1542|11.1542
72|11.1542|11.1542
73|11.1542|11.1542
74|11.1542|11.1542
75|11.1542|11.1542
76|11.1542|11.1542
77|11.1542|11.1542
78|11.1542|11.1542
79|11.1542|11.1542
80|11.1542|11.1542
81|11.1542|11.1542
82|11.1542|11.1542
83|11.1542|11.1542
84|11.1542|11.1542
85|11.1542|11.1542
86|11.1542|11.1542
87|11.1542|11.1542
88|11.1542|11.1542
89|11.1542|11.1542
90|11.1542|11.1542
91|11.1542|11.1542
92|11.1542|11.1542
93|11.1542|11.1542
94|11.1542|11.1542
95|11.1542|11.1542
96|11.1542|11.1542
97|11.1542|11.1542
98|11.1542|11.1542
99|11.1542|11.1542
100|11.1542|11.1542
101|11.1542|11.1542
102|11.1542|11.1542
103|11.1542|11.1542
104|11.1542|11.1542
105|11.1542|11.1542
106|11.1542|11.1542
107|11.1542|11.1542
108|11.1542|11.1542
109|11.1542|11.1542
110|11.1542|11.1542
111|11.1542|11.1542
112|11.1542|11.1542
113|11.1542|11.1542
114|11.1542|11.1542
115|11.1542|11.1542
116|11.1542|11.1542
117|11.1542|11.1542
118|11.1542|11.1542
119|11.1542|11.1542
120|11.1542|11.1542
121|11.1542|11.1542
122|11.1542|11.1542
123|11.1542|11.1542
124|11.1542|11.1542
125|11.1542|11.1542
126|11.1542|11.1542
127|11.1542|11.1542
128|11.1542|11.1542
129|11.1542|11.1542
130|11.1542|11.1542
131|11.1542|11.1542
132|11.1542|11.1542
133|11.1542|11.1542
134|11.1542|11.1542
135|11.1542|11.1542
136|11.1542|11.1542
137|11.1542|11.1542
138|11.1542|11.1542
139|11.1542|11.1542
140|11.1542|11.1542
141|11.1542|11.1542
142|11.1542|11.1542
143|11.1542|11.1542
144|11.1542|11.1542
145|11.1542|11.1542
146|11.1542|11.1542
147|11.1542|11.1542
148|11.1542|11.1542
149|11.1542|11.1542
150|11.1542|11.1542
151|11.1542|11.1542
152|11.1542|11.1542
153|11.1542|11.1542
154|11.1542|11.1542
155|11.1542|11.1542
156|11.1542|11.1542
157|11.1542|11.1542
158|11.1542|11.1542
159|11.1542|11.1542
160|11.1542|11.1542
161|11.1542|11.1542
162|11.1542|11.1542
163|11.1542|11.1542
164|11.1542|11.1542
165|11.1542|11.1542
166|11.1542|11.1542
167|11.1542|11.1542
168|11.1542|11.1542
169|11.1542|11.1542
170|11.1542|11.1542
171|11.1542|11.1542
172|11.1542|11.1542
173|11.1542|11.1542
174|11.1542|11.1542
175|11.1542|11.1542
176|11.1542|11.1542
177|11.1542|11.1542
178|11.1542|11.1542
179|11.1542|11.1542
180|11.1542|11.1542
181|11.1542|11.1542
182|11.1542|11.1542
183|11.1542|11.1542
184|11.1542|11.1542
185|11.1542|11.1542
186|11.1542|11.1542
187|11.1542|11.1542
188|11.1542|11.1542
189|11.1542|11.1542
190|11.1542|11.1542
EARLY STOP: TARGET FOUND
65636ms
