1|-278.894|-278.894
2|-314.464|-314.464
3|-316.647|-316.647
4|-317.736|-317.736
5|-317.872|-317.872
6|-317.881|-317.881
7|-317.882|-317.882
8|-701.076|-701.076
9|-742.485|-742.485
10|-746.681|-746.681
11|-747.695|-747.695
12|-747.947|-747.947
13|-748.072|-748.072
14|-748.135|-748.135
15|-748.135|-748.135
16|-748.139|-748.139
17|-748.139|-748.139
18|-748.139|-748.139
19|-748.139|-748.139
20|-838.86|-838.86
21|-898.339|-898.339
22|-906.707|-906.707
23|-967.925|-967.925
24|-968.47|-968.47
25|-968.606|-968.606
26|-968.64|-968.64
27|-968.649|-968.649
28|-968.653|-968.653
29|-968.655|-968.655
30|-968.656|-968.656
31|-968.657|-968.657
32|-1026.02|-1026.02
33|-1030.39|-1030.39
34|-1030.66|-1030.66
35|-1030.66|-1030.66
36|-1198.26|-1198.26
37|-1226.06|-1226.06
38|-1226.69|-1226.69
39|-1227|-1227
40|-1227.15|-1227.15
41|-1227.16|-1227.16
42|-1227.17|-1227.17
43|-1227.17|-1227.17
44|-1227.17|-1227.17
45|-1227.17|-1227.17
46|-1227.17|-1227.17
47|-1227.17|-1227.17
48|-1227.17|-1227.17
49|-1227.17|-1227.17
50|-1227.17|-1227.17
51|-1227.17|-1227.17
52|-1227.17|-1227.17
53|-1227.17|-1227.17
54|-1227.17|-1227.17
55|-1227.17|-1227.17
56|-1227.17|-1227.17
57|-1227.17|-1227.17
58|-1227.17|-1227.17
59|-1227.17|-1227.17
60|-1227.17|-1227.17
61|-1227.17|-1227.17
62|-1227.17|-1227.17
63|-1227.17|-1227.17
64|-1227.17|-1227.17
65|-1227.17|-1227.17
66|-1227.17|-1227.17
67|-1227.17|-1227.17
68|-1227.17|-1227.17
69|-1227.17|-1227.17
70|-1227.17|-1227.17
71|-1227.17|-1227.17
72|-1227.17|-1227.17
73|-1227.17|-1227.17
74|-1227.17|-1227.17
75|-1227.17|-1227.17
76|-1227.17|-1227.17
77|-1227.17|-1227.17
78|-1227.17|-1227.17
79|-1227.17|-1227.17
80|-1227.17|-1227.17
81|-1227.17|-1227.17
82|-1227.17|-1227.17
83|-1227.17|-1227.17
84|-1227.17|-1227.17
85|-1227.17|-1227.17
86|-1227.17|-1227.17
87|-1227.17|-1227.17
88|-1227.17|-1227.17
89|-1227.17|-1227.17
90|-1227.17|-1227.17
91|-1227.17|-1227.17
92|-1227.17|-1227.17
93|-1227.17|-1227.17
94|-1227.17|-1227.17
95|-1227.17|-1227.17
96|-1227.17|-1227.17
97|-1227.17|-1227.17
98|-1227.17|-1227.17
99|-1227.17|-1227.17
100|-1227.17|-1227.17
101|-1227.17|-1227.17
102|-1227.17|-1227.17
103|-1227.17|-1227.17
104|-1227.17|-1227.17
105|-1227.17|-1227.17
106|-1227.17|-1227.17
107|-1227.17|-1227.17
108|-1227.17|-1227.17
109|-1227.17|-1227.17
110|-1227.17|-1227.17
111|-1227.17|-1227.17
112|-1227.17|-1227.17
113|-1227.17|-1227.17
114|-1227.17|-1227.17
115|-1227.17|-1227.17
116|-1227.17|-1227.17
117|-1227.17|-1227.17
118|-1227.17|-1227.17
119|-1227.17|-1227.17
120|-1227.17|-1227.17
121|-1227.17|-1227.17
122|-1227.17|-1227.17
123|-1227.17|-1227.17
124|-1227.17|-1227.17
125|-1227.17|-1227.17
126|-1227.17|-1227.17
127|-1227.17|-1227.17
128|-1227.17|-1227.17
129|-1227.17|-1227.17
130|-1227.17|-1227.17
131|-1227.17|-1227.17
132|-1227.17|-1227.17
133|-1227.17|-1227.17
134|-1227.17|-1227.17
135|-1227.17|-1227.17
136|-1227.17|-1227.17
137|-1227.17|-1227.17
138|-1227.17|-1227.17
139|-1227.17|-1227.17
140|-1227.17|-1227.17
141|-1227.17|-1227.17
142|-1227.17|-1227.17
143|-1227.17|-1227.17
144|-1227.17|-1227.17
145|-1227.17|-1227.17
146|-1227.17|-1227.17
147|-1227.17|-1227.17
148|-1227.17|-1227.17
149|-1227.17|-1227.17
150|-1227.17|-1227.17
151|-1227.17|-1227.17
152|-1227.17|-1227.17
153|-1227.17|-1227.17
154|-1227.17|-1227.17
155|-1227.17|-1227.17
156|-1227.17|-1227.17
157|-1227.17|-1227.17
158|-1227.17|-1227.17
159|-1227.17|-1227.17
160|-1227.17|-1227.17
161|-1227.17|-1227.17
162|-1227.17|-1227.17
163|-1227.17|-1227.17
164|-1227.17|-1227.17
165|-1227.17|-1227.17
166|-1227.17|-1227.17
167|-1227.17|-1227.17
168|-1227.17|-1227.17
169|-1227.17|-1227.17
170|-1227.17|-1227.17
171|-1227.17|-1227.17
172|-1227.17|-1227.17
173|-1227.17|-1227.17
174|-1227.17|-1227.17
175|-1227.17|-1227.17
176|-1227.17|-1227.17
177|-1227.17|-1227.17
178|-1227.17|-1227.17
179|-1227.17|-1227.17
180|-1227.17|-1227.17
181|-1227.17|-1227.17
182|-1227.17|-1227.17
183|-1227.17|-1227.17
184|-1227.17|-1227.17
185|-1227.17|-1227.17
186|-1227.17|-1227.17
187|-1227.17|-1227.17
188|-1227.17|-1227.17
189|-1227.17|-1227.17
190|-1227.17|-1227.17
191|-1227.17|-1227.17
192|-1227.17|-1227.17
193|-1227.17|-1227.17
EARLY STOP: TARGET FOUND
94833ms
