1|281.141|281.141
2|280.006|280.006
3|279.746|279.746
4|279.693|279.693
5|279.686|279.686
6|279.686|279.686
7|279.472|279.472
8|279.441|279.441
9|279.441|279.441
10|279.441|279.441
11|277.791|277.791
12|260.29|260.29
13|260.29|260.29
14|259.611|259.611
15|259.611|259.611
16|259.569|259.569
17|259.566|259.566
18|259.566|259.566
19|259.566|259.566
20|259.566|259.566
21|259.01|259.01
22|258.998|258.998
23|258.997|258.997
24|258.997|258.997
25|254.92|254.92
26|254.92|254.92
27|251.024|251.024
28|250.305|250.305
29|250.253|250.253
30|250.247|250.247
31|239.924|239.924
32|237.589|237.589
33|237.528|237.528
34|237.528|237.528
35|237.516|237.516
36|237.516|237.516
37|237.515|237.515
38|237.515|237.515
39|223.352|223.352
40|222.256|222.256
41|222.014|222.014
42|221.971|221.971
43|221.968|221.968
44|221.968|221.968
45|221.967|221.967
46|221.967|221.967
47|219.419|219.419
48|219.294|219.294
49|219.293|219.293
50|219.293|219.293
51|219.293|219.293
52|219.293|219.293
53|218.81|218.81
54|218.807|218.807
55|218.807|218.807
56|218.807|218.807
57|218.791|218.791
58|218.791|218.791
59|218.788|218.788
60|218.788|218.788
61|218.788|218.788
62|203.955|203.955
63|202.942|202.942
64|202.742|202.742
65|202.724|202.724
66|202.72|202.72
67|202.719|202.719
68|202.719|202.719
69|202.719|202.719
70|178.677|178.677
71|178.635|178.635
72|178.633|178.633
73|178.632|178.632
74|170.334|170.334
75|170.334|170.334
76|167.493|167.493
77|167.493|167.493
78|167.295|167.295
79|167.278|167.278
80|167.274|167.274
81|167.273|167.273
82|167.273|167.273
83|167.273|167.273
84|167.273|167.273
85|166.785|166.785
86|166.782|166.782
87|166.781|166.781
88|158.876|158.876
89|155.937|155.937
90|155.714|155.714
91|155.68|155.68
92|155.679|155.679
93|155.679|155.679
94|155.679|155.679
95|155.679|155.679
96|154.523|154.523
97|154.253|154.253
98|154.194|154.194
99|154.184|154.184
100|154.184|154.184
101|154.184|154.184
102|147.598|147.598
103|144.329|144.329
104|144.024|144.024
105|143.948|143.948
106|143.93|143.93
107|143.93|143.93
108|143.925|143.925
109|143.924|143.924
110|143.924|143.924
111|143.924|143.924
112|143.653|143.653
113|143.595|143.595
114|143.585|143.585
115|143.585|143.585
116|143.584|143.584
117|117.971|117.971
118|117.971|117.971
119|117.968|117.968
120|117.968|117.968
121|117.968|117.968
122|117.968|117.968
123|117.968|117.968
124|117.968|117.968
125|97.2747|97.2747
126|97.032|97.032
127|97.032|97.032
128|96.9875|96.9875
129|96.9843|96.9843
130|96.9841|96.9841
131|96.984|96.984
132|96.984|96.984
133|96.2915|96.2915
134|96.2464|96.2464
135|96.2464|96.2464
136|96.2432|96.2432
137|96.2427|96.2427
138|96.2427|96.2427
139|95.499|95.499
140|95.4411|95.4411
141|95.4411|95.4411
142|95.4313|95.4313
143|95.4308|95.4308
144|91.7419|91.7419
145|91.1262|91.1262
146|91.1003|91.1003
147|77.6332|77.6332
148|76.4494|76.4494
149|76.1647|76.1647
150|76.1647|76.1647
151|76.0992|76.0992
152|76.0856|76.0856
153|76.0836|76.0836
154|76.0836|76.0836
155|66.2503|66.2503
156|63.7934|63.7934
157|63.7934|63.7934
158|63.7934|63.7934
159|63.7167|63.7167
160|63.6975|63.6975
161|63.6928|63.6928
162|63.6916|63.6916
163|63.6913|63.6913
164|63.6912|63.6912
165|63.6912|63.6912
166|63.6912|63.6912
167|63.6912|63.6912
168|47.7973|47.7973
169|46.9168|46.9168
170|46.7838|46.7838
171|46.7816|46.7816
172|46.7815|46.7815
173|46.7815|46.7815
174|24.2398|24.2398
175|24.1127|24.1127
176|24.1127|24.1127
177|24.1115|24.1115
178|24.1113|24.1113
179|24.1113|24.1113
180|24.1112|24.1112
181|24.1112|24.1112
182|24.1112|24.1112
183|20.3179|20.3179
184|20.3179|20.3179
185|19.6501|19.6501
186|19.6112|19.6112
187|19.6112|19.6112
188|19.6094|19.6094
189|19.6094|19.6094
190|19.6094|19.6094
191|0.478529|0.478529
192|0.478529|0.478529
193|0.478529|0.478529
194|0.478528|0.478528
195|0.478528|0.478528
196|0.478528|0.478528
197|0.478528|0.478528
198|0.478528|0.478528
199|0.478527|0.478527
200|0.478527|0.478527
201|0.478527|0.478527
202|0.478527|0.478527
203|0.478527|0.478527
204|0.478527|0.478527
205|0.478527|0.478527
206|0.478527|0.478527
207|0.478527|0.478527
208|0.478526|0.478526
209|0.478526|0.478526
210|0.478526|0.478526
211|0.478526|0.478526
212|0.478526|0.478526
213|0.478526|0.478526
214|0.478526|0.478526
215|0.478526|0.478526
216|0.478525|0.478525
217|0.478525|0.478525
218|0.478525|0.478525
219|0.478525|0.478525
220|0.478525|0.478525
221|0.478525|0.478525
222|0.478525|0.478525
223|0.478525|0.478525
224|0.478525|0.478525
225|0.478525|0.478525
226|0.478524|0.478524
227|0.478524|0.478524
228|0.478524|0.478524
229|0.478524|0.478524
230|0.478523|0.478523
231|0.478523|0.478523
232|0.478523|0.478523
233|0.478523|0.478523
234|0.478523|0.478523
235|0.00267846|0.00267846
EARLY STOP: TARGET FOUND
1315380ms
