1|-1.07977|-1.07977
2|-1.08046|-1.08046
3|-1.08057|-1.08057
4|-1.08062|-1.08062
5|-1.08065|-1.08065
6|-1.08065|-1.08065
7|-1.08066|-1.08066
8|-1.08066|-1.08066
9|-1.2361|-1.2361
10|-2.043|-2.043
11|-2.07805|-2.07805
12|-2.07916|-2.07916
13|-2.07944|-2.07944
14|-2.0795|-2.0795
15|-2.07952|-2.07952
16|-2.07952|-2.07952
17|-2.07952|-2.07952
18|-2.08353|-2.08353
19|-2.08353|-2.08353
20|-2.81627|-2.81627
21|-2.97466|-2.97466
22|-3.03334|-3.03334
23|-3.03414|-3.03414
24|-3.03419|-3.03419
25|-3.0342|-3.0342
26|-3.03421|-3.03421
27|-3.45079|-3.45079
28|-3.60681|-3.60681
29|-3.6463|-3.6463
30|-3.6561|-3.6561
31|-3.65855|-3.65855
32|-3.65977|-3.65977
33|-3.66038|-3.66038
34|-3.66068|-3.66068
35|-3.66084|-3.66084
36|-3.66091|-3.66091
37|-3.66402|-3.66402
38|-3.66986|-3.66986
39|-4.58912|-4.58912
40|-4.64831|-4.64831
41|-4.64947|-4.64947
42|-4.64959|-4.64959
43|-4.64971|-4.64971
44|-4.64971|-4.64971
45|-4.74854|-4.74854
46|-4.76174|-4.76174
47|-4.76174|-4.76174
48|-4.77964|-4.77964
49|-4.77976|-4.77976
50|-4.77979|-4.77979
51|-4.7798|-4.7798
52|-4.77981|-4.77981
53|-4.77981|-4.77981
54|-4.77986|-4.77986
55|-5.12097|-5.12097
56|-5.45091|-5.45091
57|-5.47649|-5.47649
58|-5.52428|-5.52428
59|-5.52471|-5.52471
60|-5.52476|-5.52476
61|-5.52476|-5.52476
62|-5.76838|-5.76838
63|-5.86325|-5.86325
64|-5.89417|-5.89417
65|-5.9041|-5.9041
66|-5.90459|-5.90459
67|-5.90482|-5.90482
68|-5.90488|-5.90488
69|-5.91206|-5.91206
70|-5.91391|-5.91391
71|-5.91392|-5.91392
72|-5.91399|-5.91399
73|-5.98412|-5.98412
74|-6.35866|-6.35866
75|-6.75279|-6.75279
76|-6.79148|-6.79148
77|-6.79362|-6.79362
78|-6.79467|-6.79467
79|-6.79493|-6.79493
80|-6.79506|-6.79506
81|-6.79513|-6.79513
82|-6.79513|-6.79513
83|-6.79513|-6.79513
84|-6.79513|-6.79513
85|-6.79513|-6.79513
86|-6.79513|-6.79513
87|-6.79513|-6.79513
88|-6.79513|-6.79513
89|-6.79513|-6.79513
90|-6.79513|-6.79513
91|-6.79513|-6.79513
92|-6.79513|-6.79513
93|-6.79513|-6.79513
94|-6.79513|-6.79513
95|-6.79513|-6.79513
96|-6.79513|-6.79513
97|-6.79513|-6.79513
98|-6.79513|-6.79513
99|-6.79513|-6.79513
100|-6.79513|-6.79513
101|-6.79513|-6.79513
102|-6.79513|-6.79513
103|-6.79513|-6.79513
104|-6.79513|-6.79513
105|-6.79513|-6.79513
106|-6.79513|-6.79513
107|-6.79513|-6.79513
108|-6.79513|-6.79513
109|-6.79513|-6.79513
110|-6.79513|-6.79513
111|-6.79513|-6.79513
112|-6.79513|-6.79513
113|-6.79513|-6.79513
114|-6.79513|-6.79513
115|-6.79513|-6.79513
116|-6.79513|-6.79513
117|-6.79513|-6.79513
118|-6.79513|-6.79513
119|-6.79513|-6.79513
120|-6.79513|-6.79513
121|-6.79513|-6.79513
122|-6.79513|-6.79513
123|-6.79513|-6.79513
124|-6.79513|-6.79513
125|-6.79513|-6.79513
126|-6.79513|-6.79513
127|-6.79513|-6.79513
128|-6.79513|-6.79513
129|-6.79513|-6.79513
130|-6.79513|-6.79513
131|-6.79513|-6.79513
132|-6.79513|-6.79513
133|-6.79513|-6.79513
134|-6.79513|-6.79513
135|-6.79513|-6.79513
136|-6.79513|-6.79513
137|-6.79513|-6.79513
138|-6.79513|-6.79513
139|-6.79513|-6.79513
140|-6.79513|-6.79513
141|-6.79513|-6.79513
142|-6.79513|-6.79513
143|-6.79513|-6.79513
144|-6.79513|-6.79513
145|-6.79513|-6.79513
146|-6.79513|-6.79513
147|-6.79513|-6.79513
148|-6.79513|-6.79513
149|-6.79513|-6.79513
150|-6.79513|-6.79513
151|-6.79513|-6.79513
152|-6.79513|-6.79513
153|-6.79513|-6.79513
154|-6.79513|-6.79513
155|-6.79513|-6.79513
156|-6.79513|-6.79513
157|-6.79513|-6.79513
158|-6.79513|-6.79513
159|-6.79513|-6.79513
160|-6.79513|-6.79513
161|-6.79513|-6.79513
162|-6.79513|-6.79513
163|-6.79513|-6.79513
164|-6.79513|-6.79513
165|-6.79513|-6.79513
166|-6.79513|-6.79513
167|-6.79513|-6.79513
168|-6.79513|-6.79513
169|-6.79513|-6.79513
170|-6.79513|-6.79513
171|-6.79513|-6.79513
172|-6.79513|-6.79513
173|-6.79513|-6.79513
174|-6.79513|-6.79513
175|-6.79513|-6.79513
176|-6.79513|-6.79513
177|-6.79513|-6.79513
178|-6.79513|-6.79513
179|-6.79513|-6.79513
180|-6.79513|-6.79513
181|-6.79513|-6.79513
182|-6.79513|-6.79513
183|-6.79513|-6.79513
184|-6.79513|-6.79513
185|-6.79513|-6.79513
186|-6.79513|-6.79513
187|-6.79513|-6.79513
188|-6.79513|-6.79513
189|-6.79513|-6.79513
190|-6.79513|-6.79513
191|-6.79513|-6.79513
192|-6.79513|-6.79513
193|-6.79513|-6.79513
194|-6.79513|-6.79513
195|-6.79513|-6.79513
196|-6.79513|-6.79513
197|-6.79513|-6.79513
198|-6.79513|-6.79513
199|-6.79513|-6.79513
200|-6.79513|-6.79513
201|-6.79513|-6.79513
202|-6.79513|-6.79513
203|-6.79513|-6.79513
204|-6.79513|-6.79513
205|-6.79513|-6.79513
206|-6.79513|-6.79513
207|-6.79513|-6.79513
208|-6.79513|-6.79513
209|-6.79513|-6.79513
210|-6.79513|-6.79513
211|-6.79513|-6.79513
212|-6.79513|-6.79513
213|-6.79513|-6.79513
214|-6.79513|-6.79513
215|-6.79513|-6.79513
216|-6.79513|-6.79513
217|-6.79513|-6.79513
218|-6.79513|-6.79513
219|-6.79513|-6.79513
220|-6.79513|-6.79513
221|-6.79513|-6.79513
222|-6.79513|-6.79513
223|-6.79513|-6.79513
224|-6.79513|-6.79513
225|-6.79513|-6.79513
226|-6.79513|-6.79513
227|-6.79513|-6.79513
228|-6.79513|-6.79513
229|-6.79513|-6.79513
230|-6.79513|-6.79513
231|-6.79513|-6.79513
EARLY STOP: TARGET FOUND
259420ms
