1|98.0077|98.0077
2|83.4427|83.4427
3|82.2201|82.2201
4|82.22|82.22
5|82.22|82.22
6|73.8791|73.8791
7|66.4086|66.4086
8|66.3171|66.3171
9|66.2861|66.2861
10|66.2744|66.2744
11|66.2731|66.2731
12|66.2725|66.2725
13|66.2724|66.2724
14|66.2724|66.2724
15|55.9261|55.9261
16|51.1605|51.1605
17|50.0188|50.0188
18|50.0165|50.0165
19|50.0163|50.0163
20|50.0162|50.0162
21|50.0162|50.0162
22|27.9808|27.9808
23|27.5602|27.5602
24|27.4784|27.4784
25|27.4411|27.4411
26|27.4233|27.4233
27|27.4147|27.4147
28|27.4141|27.4141
29|27.4139|27.4139
30|27.4137|27.4137
31|19.6509|19.6509
32|19.343|19.343
33|16.7483|16.7483
34|16.341|16.341
35|16.2845|16.2845
36|10.3363|10.3363
37|10.216|10.216
38|10.2106|10.2106
39|10.2106|10.2106
40|10.2106|10.2106
41|10.2106|10.2106
42|10.2106|10.2106
43|10.2106|10.2106
44|10.2106|10.2106
45|10.2106|10.2106
46|10.2106|10.2106
47|10.2106|10.2106
48|10.2106|10.2106
49|10.2106|10.2106
50|10.2106|10.2106
51|10.2106|10.2106
52|10.2106|10.2106
53|10.2106|10.2106
54|10.2106|10.2106
55|10.2106|10.2106
56|10.2106|10.2106
57|10.2106|10.2106
58|10.2106|10.2106
59|10.2106|10.2106
60|10.2106|10.2106
61|10.2106|10.2106
62|10.2106|10.2106
63|10.2106|10.2106
64|10.2106|10.2106
65|10.2106|10.2106
66|10.2106|10.2106
67|10.2106|10.2106
68|10.2106|10.2106
69|10.2106|10.2106
70|10.2106|10.2106
71|10.2106|10.2106
72|10.2106|10.2106
73|10.2106|10.2106
74|10.2106|10.2106
75|10.2106|10.2106
76|10.2106|10.2106
77|10.2106|10.2106
78|10.2106|10.2106
79|10.2106|10.2106
80|10.2106|10.2106
81|10.2106|10.2106
82|10.2106|10.2106
83|10.2106|10.2106
84|10.2106|10.2106
85|10.2106|10.2106
86|10.2106|10.2106
87|10.2106|10.2106
88|10.2106|10.2106
89|10.2106|10.2106
90|10.2106|10.2106
91|10.2106|10.2106
92|10.2106|10.2106
93|10.2106|10.2106
94|10.2106|10.2106
95|10.2106|10.2106
96|10.2106|10.2106
97|10.2106|10.2106
98|10.2106|10.2106
99|10.2106|10.2106
100|10.2106|10.2106
101|10.2106|10.2106
102|10.2106|10.2106
103|10.2106|10.2106
104|10.2106|10.2106
105|10.2106|10.2106
106|10.2106|10.2106
107|10.2106|10.2106
108|10.2106|10.2106
109|10.2106|10.2106
110|10.2106|10.2106
111|10.2106|10.2106
112|10.2106|10.2106
113|10.2106|10.2106
114|10.2106|10.2106
115|10.2106|10.2106
116|10.2106|10.2106
117|10.2106|10.2106
118|10.2106|10.2106
119|10.2106|10.2106
120|10.2106|10.2106
121|10.2106|10.2106
122|10.2106|10.2106
123|10.2106|10.2106
124|10.2106|10.2106
125|10.2106|10.2106
126|10.2106|10.2106
127|10.2106|10.2106
128|10.2106|10.2106
129|10.2106|10.2106
130|10.2106|10.2106
131|10.2106|10.2106
132|10.2106|10.2106
133|10.2106|10.2106
134|10.2106|10.2106
135|10.2106|10.2106
136|10.2106|10.2106
137|10.2106|10.2106
138|10.2106|10.2106
139|10.2106|10.2106
140|10.2106|10.2106
141|10.2106|10.2106
142|10.2106|10.2106
143|10.2106|10.2106
144|10.2106|10.2106
145|10.2106|10.2106
146|10.2106|10.2106
147|10.2106|10.2106
148|10.2106|10.2106
149|10.2106|10.2106
150|10.2106|10.2106
151|10.2106|10.2106
152|10.2106|10.2106
153|10.2106|10.2106
154|10.2106|10.2106
155|10.2106|10.2106
156|10.2106|10.2106
157|10.2106|10.2106
158|10.2106|10.2106
159|10.2106|10.2106
160|10.2106|10.2106
161|10.2106|10.2106
162|10.2106|10.2106
163|10.2106|10.2106
164|10.2106|10.2106
165|10.2106|10.2106
166|10.2106|10.2106
167|10.2106|10.2106
168|10.2106|10.2106
169|10.2106|10.2106
170|10.2106|10.2106
171|10.2106|10.2106
172|10.2106|10.2106
173|10.2106|10.2106
174|10.2106|10.2106
175|10.2106|10.2106
176|10.2106|10.2106
177|10.2106|10.2106
178|10.2106|10.2106
179|10.2106|10.2106
180|10.2106|10.2106
181|10.2106|10.2106
182|10.2106|10.2106
183|10.2106|10.2106
184|10.2106|10.2106
185|10.2106|10.2106
186|10.2106|10.2106
187|10.2106|10.2106
188|10.2106|10.2106
189|10.2106|10.2106
EARLY STOP: TARGET FOUND
67097ms
