1|18.4021|18.4021
2|17.5085|17.5085
3|17.3689|17.3689
4|17.3659|17.3659
5|17.3656|17.3656
6|17.3656|17.3656
7|17.3655|17.3655
8|15.6575|15.6575
9|15.6575|15.6575
10|15.6568|15.6568
11|15.6568|15.6568
12|15.6568|15.6568
13|15.6568|15.6568
14|11.8914|11.8914
15|7.91756|7.91756
16|7.15943|7.15943
17|7.09789|7.09789
18|7.08633|7.08633
19|7.08633|7.08633
20|7.08544|7.08544
21|7.08543|7.08543
22|7.08529|7.08529
23|7.08529|7.08529
24|7.08528|7.08528
25|2.69856|2.69856
26|2.69856|2.69856
27|1.734|1.734
28|1.55893|1.55893
29|1.55893|1.55893
30|1.54716|1.54716
31|1.54621|1.54621
32|1.54604|1.54604
33|1.54603|1.54603
34|1.54603|1.54603
35|1.54603|1.54603
36|0.364084|0.364084
37|0.0803121|0.0803121
38|0.0803121|0.0803121
39|0.0803121|0.0803121
40|0.0803121|0.0803121
41|0.015226|0.015226
42|0.015226|0.015226
43|0.015226|0.015226
44|0.015226|0.015226
45|0.001883|0.001883
EARLY STOP: TARGET FOUND
8131ms
