1|25.9557|25.9557
2|25.9068|25.9068
3|25.9025|25.9025
4|25.9016|25.9016
5|25.9015|25.9015
6|25.9015|25.9015
7|25.9015|25.9015
8|25.6027|25.6027
9|25.5302|25.5302
10|25.5131|25.5131
11|25.5093|25.5093
12|25.5087|25.5087
13|25.5086|25.5086
14|25.5086|25.5086
15|23.2747|23.2747
16|23.2258|23.2258
17|23.2216|23.2216
18|23.2207|23.2207
19|23.2207|23.2207
20|23.2206|23.2206
21|23.2206|23.2206
22|1.24608|1.24608
23|1.24608|1.24608
24|1.08348|1.08348
25|1.08348|1.08348
26|1.07483|1.07483
27|1.07465|1.07465
28|1.07464|1.07464
29|1.07464|1.07464
30|0.157328|0.157328
31|0.157328|0.157328
32|0.157328|0.157328
33|0.157328|0.157328
34|0.00587455|0.00587455
EARLY STOP: TARGET FOUND
5866ms
