1|101.106|101.106
2|96.4993|96.4993
3|95.4248|95.4248
4|95.1947|95.1947
5|95.1565|95.1565
6|95.1553|95.1553
7|95.1551|95.1551
8|95.155|95.155
9|95.155|95.155
10|80.1545|80.1545
11|80.1545|80.1545
12|79.1623|79.1623
13|78.9735|78.9735
14|78.9582|78.9582
15|78.9554|78.9554
16|78.9552|78.9552
17|78.9552|78.9552
18|53.6845|53.6845
19|53.6762|53.6762
20|53.676|53.676
21|53.676|53.676
22|42.6304|42.6304
23|42.6303|42.6303
24|40.4766|40.4766
25|40.4377|40.4377
26|40.436|40.436
27|40.436|40.436
28|37.0211|37.0211
29|36.5424|36.5424
30|36.5397|36.5397
31|36.5395|36.5395
32|36.5395|36.5395
33|36.5395|36.5395
34|29.8378|29.8378
35|26.598|26.598
36|26.3001|26.3001
37|26.2279|26.2279
38|26.2279|26.2279
39|26.211|26.211
40|26.2074|26.2074
41|26.2067|26.2067
42|26.2067|26.2067
43|11.7849|11.7849
44|11.7849|11.7849
45|10.7204|10.7204
46|10.4954|10.4954
47|10.4597|10.4597
48|10.4588|10.4588
49|10.4588|10.4588
50|10.4587|10.4587
51|10.4587|10.4587
52|10.4578|10.4578
53|10.4578|10.4578
54|10.4576|10.4576
55|10.4576|10.4576
56|6.14562|6.14562
57|6.14562|6.14562
58|5.21844|5.21844
59|5.21844|5.21844
60|5.06205|5.06205
61|5.05495|5.05495
62|5.05493|5.05493
63|5.05493|5.05493
64|5.05493|5.05493
65|0.937637|0.937637
66|0.937637|0.937637
67|0.937637|0.937637
68|0.937637|0.937637
69|0.107791|0.107791
70|0.107791|0.107791
71|0.107791|0.107791
72|0.107791|0.107791
73|0.107791|0.107791
74|0.107791|0.107791
75|6.91732e-05|6.91732e-05
EARLY STOP: TARGET FOUND
47531ms
