1|95.8755|95.8755
2|9.80707|9.80707
3|2.98251|2.98251
4|-47.2179|-47.2179
5|-215.296|-215.296
6|-305.379|-305.379
7|-308.391|-308.391
8|-314.57|-314.57
9|-314.643|-314.643
10|-314.647|-314.647
11|-314.647|-314.647
12|-450.873|-450.873
13|-502.099|-502.099
14|-524.826|-524.826
15|-525.152|-525.152
16|-561.54|-561.54
17|-561.54|-561.54
18|-579.375|-579.375
19|-588.183|-588.183
20|-592.557|-592.557
21|-593.647|-593.647
22|-594.192|-594.192
23|-594.328|-594.328
24|-594.396|-594.396
25|-594.405|-594.405
26|-594.409|-594.409
27|-594.411|-594.411
28|-594.412|-594.412
29|-600.128|-600.128
30|-601.411|-601.411
31|-601.723|-601.723
32|-601.878|-601.878
33|-601.954|-601.954
34|-601.974|-601.974
35|-601.983|-601.983
36|-601.988|-601.988
37|-601.99|-601.99
38|-601.992|-601.992
39|-601.992|-601.992
40|-709.858|-709.858
41|-709.858|-709.858
42|-840.538|-840.538
43|-1310.1|-1310.1
44|-1315.4|-1315.4
45|-1319.84|-1319.84
46|-1320.62|-1320.62
47|-1320.65|-1320.65
48|-1320.66|-1320.66
49|-1320.67|-1320.67
50|-1412.43|-1412.43
51|-1413.08|-1413.08
52|-1413.09|-1413.09
53|-1413.09|-1413.09
54|-1413.09|-1413.09
55|-1500.27|-1500.27
56|-1556.88|-1556.88
57|-1561.07|-1561.07
58|-1597.34|-1597.34
59|-1615.1|-1615.1
60|-1623.87|-1623.87
61|-1624.96|-1624.96
62|-1625.23|-1625.23
63|-1625.37|-1625.37
64|-1625.43|-1625.43
65|-1625.47|-1625.47
66|-1625.48|-1625.48
67|-1625.48|-1625.48
68|-1625.48|-1625.48
69|-1625.48|-1625.48
70|-1809.53|-1809.53
71|-2231.09|-2231.09
72|-2238.43|-2238.43
73|-2238.43|-2238.43
74|-2301.62|-2301.62
75|-2400.39|-2400.39
76|-2400.57|-2400.57
77|-2400.58|-2400.58
78|-2400.58|-2400.58
79|-2400.58|-2400.58
80|-2423.04|-2423.04
81|-2423.42|-2423.42
82|-2423.45|-2423.45
83|-2423.45|-2423.45
84|-2423.45|-2423.45
85|-2423.45|-2423.45
86|-2878.52|-2878.52
87|-2990.91|-2990.91
88|-3107.13|-3107.13
89|-3108.72|-3108.72
90|-3110.41|-3110.41
91|-3111.17|-3111.17
92|-3111.53|-3111.53
93|-3111.62|-3111.62
94|-3111.62|-3111.62
95|-3111.62|-3111.62
96|-3111.62|-3111.62
97|-3111.62|-3111.62
98|-3111.62|-3111.62
99|-3111.62|-3111.62
100|-3111.62|-3111.62
101|-3111.62|-3111.62
102|-3111.62|-3111.62
103|-3111.62|-3111.62
104|-3111.62|-3111.62
105|-3111.62|-3111.62
106|-3111.62|-3111.62
107|-3111.62|-3111.62
108|-3111.62|-3111.62
109|-3111.62|-3111.62
110|-3111.62|-3111.62
111|-3111.62|-3111.62
112|-3111.62|-3111.62
113|-3111.62|-3111.62
114|-3111.62|-3111.62
115|-3111.62|-3111.62
116|-3111.62|-3111.62
117|-3111.62|-3111.62
118|-3111.62|-3111.62
119|-3111.62|-3111.62
120|-3111.62|-3111.62
121|-3111.62|-3111.62
122|-3111.62|-3111.62
123|-3111.62|-3111.62
124|-3111.62|-3111.62
125|-3111.62|-3111.62
126|-3111.62|-3111.62
127|-3111.62|-3111.62
128|-3111.62|-3111.62
129|-3111.62|-3111.62
130|-3111.62|-3111.62
131|-3111.62|-3111.62
132|-3111.62|-3111.62
133|-3111.62|-3111.62
134|-3111.62|-3111.62
135|-3111.62|-3111.62
136|-3111.62|-3111.62
137|-3111.62|-3111.62
138|-3111.62|-3111.62
139|-3111.62|-3111.62
140|-3111.62|-3111.62
141|-3111.62|-3111.62
142|-3111.62|-3111.62
143|-3111.62|-3111.62
144|-3111.62|-3111.62
145|-3111.62|-3111.62
146|-3111.62|-3111.62
147|-3111.62|-3111.62
148|-3111.62|-3111.62
149|-3111.62|-3111.62
150|-3111.62|-3111.62
151|-3111.62|-3111.62
152|-3111.62|-3111.62
153|-3111.62|-3111.62
154|-3111.62|-3111.62
155|-3111.62|-3111.62
156|-3111.62|-3111.62
157|-3111.62|-3111.62
158|-3111.62|-3111.62
159|-3111.62|-3111.62
160|-3111.62|-3111.62
161|-3111.62|-3111.62
162|-3111.62|-3111.62
163|-3111.62|-3111.62
164|-3111.62|-3111.62
165|-3111.62|-3111.62
166|-3111.62|-3111.62
167|-3111.62|-3111.62
168|-3111.62|-3111.62
169|-3111.62|-3111.62
170|-3111.62|-3111.62
171|-3111.62|-3111.62
172|-3111.62|-3111.62
173|-3111.62|-3111.62
174|-3111.62|-3111.62
175|-3111.62|-3111.62
176|-3111.62|-3111.62
177|-3111.62|-3111.62
178|-3111.62|-3111.62
179|-3111.62|-3111.62
180|-3111.62|-3111.62
181|-3111.62|-3111.62
182|-3111.62|-3111.62
183|-3111.62|-3111.62
184|-3111.62|-3111.62
185|-3111.62|-3111.62
186|-3111.62|-3111.62
187|-3111.62|-3111.62
188|-3111.62|-3111.62
189|-3111.62|-3111.62
190|-3111.62|-3111.62
191|-3111.62|-3111.62
192|-3111.62|-3111.62
193|-3111.62|-3111.62
194|-3111.62|-3111.62
195|-3111.62|-3111.62
196|-3111.62|-3111.62
197|-3111.62|-3111.62
198|-3111.62|-3111.62
199|-3111.62|-3111.62
200|-3111.62|-3111.62
201|-3111.62|-3111.62
202|-3111.62|-3111.62
203|-3111.62|-3111.62
204|-3111.62|-3111.62
205|-3111.62|-3111.62
206|-3111.62|-3111.62
207|-3111.62|-3111.62
208|-3111.62|-3111.62
209|-3111.62|-3111.62
210|-3111.62|-3111.62
211|-3111.62|-3111.62
212|-3111.62|-3111.62
213|-3111.62|-3111.62
214|-3111.62|-3111.62
215|-3111.62|-3111.62
216|-3111.62|-3111.62
217|-3111.62|-3111.62
218|-3111.62|-3111.62
219|-3111.62|-3111.62
220|-3111.62|-3111.62
221|-3111.62|-3111.62
222|-3111.62|-3111.62
223|-3111.62|-3111.62
224|-3111.62|-3111.62
225|-3111.62|-3111.62
226|-3111.62|-3111.62
227|-3111.62|-3111.62
228|-3111.62|-3111.62
229|-3111.62|-3111.62
230|-3111.62|-3111.62
231|-3111.62|-3111.62
232|-3111.62|-3111.62
233|-3111.62|-3111.62
234|-3111.62|-3111.62
235|-3111.62|-3111.62
236|-3111.62|-3111.62
237|-3111.62|-3111.62
238|-3111.62|-3111.62
239|-3111.62|-3111.62
240|-3111.62|-3111.62
241|-3111.62|-3111.62
242|-3111.62|-3111.62
243|-3111.62|-3111.62
244|-3111.62|-3111.62
245|-3111.62|-3111.62
246|-3111.62|-3111.62
EARLY STOP: TARGET FOUND
453180ms
