1|-327.255|-327.255
2|-409.042|-409.042
3|-461.388|-461.388
4|-475.294|-475.294
5|-511.265|-511.265
6|-520.086|-520.086
7|-524.467|-524.467
8|-526.65|-526.65
9|-527.739|-527.739
10|-527.807|-527.807
11|-527.841|-527.841
12|-527.85|-527.85
13|-527.854|-527.854
14|-527.856|-527.856
15|-748.031|-748.031
16|-786.332|-786.332
17|-913.44|-913.44
18|-957.18|-957.18
19|-1050.94|-1050.94
20|-1051.27|-1051.27
21|-1051.34|-1051.34
22|-1051.37|-1051.37
23|-1051.38|-1051.38
24|-1051.38|-1051.38
25|-1051.38|-1051.38
26|-1051.38|-1051.38
27|-1232.96|-1232.96
28|-1660.51|-1660.51
29|-1665.15|-1665.15
30|-1665.16|-1665.16
31|-1666.04|-1666.04
32|-1666.13|-1666.13
33|-1666.13|-1666.13
34|-1888.09|-1888.09
35|-1894.28|-1894.28
36|-1897.03|-1897.03
37|-1897.03|-1897.03
38|-1898.31|-1898.31
39|-1898.31|-1898.31
40|-1898.93|-1898.93
41|-1898.95|-1898.95
42|-1898.96|-1898.96
43|-1898.96|-1898.96
44|-1898.96|-1898.96
45|-1898.96|-1898.96
46|-1931.26|-1931.26
47|-1949.07|-1949.07
48|-1957.86|-1957.86
49|-1962.23|-1962.23
50|-1962.5|-1962.5
51|-1962.57|-1962.57
52|-1962.59|-1962.59
53|-1962.6|-1962.6
54|-1962.6|-1962.6
55|-1962.6|-1962.6
56|-1962.6|-1962.6
57|-2081.58|-2081.58
58|-2108.28|-2108.28
59|-2178.32|-2178.32
60|-2232.19|-2232.19
61|-2234.61|-2234.61
62|-2236.25|-2236.25
63|-2236.98|-2236.98
64|-2237.07|-2237.07
65|-2237.11|-2237.11
66|-2237.12|-2237.12
67|-2237.12|-2237.12
68|-2237.12|-2237.12
69|-2237.12|-2237.12
70|-2237.13|-2237.13
71|-2359.13|-2359.13
72|-2458.14|-2458.14
73|-2890.67|-2890.67
74|-2899.44|-2899.44
75|-2901.49|-2901.49
76|-2902|-2902
77|-2902|-2902
78|-2902.25|-2902.25
79|-2902.31|-2902.31
80|-2902.33|-2902.33
81|-2902.33|-2902.33
82|-2902.33|-2902.33
83|-2902.33|-2902.33
84|-2902.33|-2902.33
85|-2997.39|-2997.39
86|-3060.47|-3060.47
87|-3071.1|-3071.1
88|-3122.36|-3122.36
89|-3131.13|-3131.13
90|-3132.22|-3132.22
91|-3132.77|-3132.77
92|-3133.04|-3133.04
93|-3133.17|-3133.17
94|-3133.24|-3133.24
95|-3133.28|-3133.28
96|-3133.28|-3133.28
97|-3133.29|-3133.29
98|-3133.29|-3133.29
99|-3133.29|-3133.29
100|-3193.79|-3193.79
101|-3194.88|-3194.88
102|-3195.16|-3195.16
103|-3195.22|-3195.22
104|-3195.24|-3195.24
105|-3195.25|-3195.25
106|-3195.25|-3195.25
107|-3195.25|-3195.25
108|-3349.2|-3349.2
109|-3814.86|-3814.86
110|-3815.31|-3815.31
111|-3815.38|-3815.38
112|-3815.41|-3815.41
113|-3815.42|-3815.42
114|-3815.42|-3815.42
115|-3815.42|-3815.42
116|-3947.87|-3947.87
117|-4417.97|-4417.97
118|-4421.21|-4421.21
119|-4427.27|-4427.27
120|-4427.35|-4427.35
121|-4427.36|-4427.36
122|-4427.36|-4427.36
123|-4431.74|-4431.74
124|-4433.92|-4433.92
125|-4433.92|-4433.92
126|-4434.46|-4434.46
127|-4434.74|-4434.74
128|-4434.77|-4434.77
129|-4434.78|-4434.78
130|-4434.78|-4434.78
131|-4434.78|-4434.78
132|-4489.28|-4489.28
133|-4498.28|-4498.28
134|-4534.41|-4534.41
135|-4552.08|-4552.08
136|-4556.44|-4556.44
137|-4556.71|-4556.71
138|-4556.75|-4556.75
139|-4556.76|-4556.76
140|-4556.76|-4556.76
141|-4556.76|-4556.76
142|-4562.78|-4562.78
143|-4591.73|-4591.73
144|-4609.6|-4609.6
145|-4618.43|-4618.43
146|-4622.81|-4622.81
147|-4625|-4625
148|-4626.09|-4626.09
149|-4626.63|-4626.63
150|-4626.77|-4626.77
151|-4626.8|-4626.8
152|-4626.82|-4626.82
153|-4626.83|-4626.83
154|-4626.83|-4626.83
155|-4626.83|-4626.83
156|-4712.66|-4712.66
157|-4719.95|-4719.95
158|-4770.05|-4770.05
159|-4938.29|-4938.29
160|-5028.29|-5028.29
161|-5031.5|-5031.5
162|-5037.58|-5037.58
163|-5037.67|-5037.67
164|-5037.67|-5037.67
165|-5037.67|-5037.67
166|-5068.15|-5068.15
167|-5070.94|-5070.94
168|-5072.25|-5072.25
169|-5072.88|-5072.88
170|-5073.19|-5073.19
171|-5073.35|-5073.35
172|-5073.35|-5073.35
173|-5073.35|-5073.35
174|-5224.33|-5224.33
175|-5322.7|-5322.7
176|-5324.11|-5324.11
177|-5324.13|-5324.13
178|-5324.14|-5324.14
179|-5426.05|-5426.05
180|-5426.15|-5426.15
181|-5426.21|-5426.21
182|-5426.22|-5426.22
183|-5426.22|-5426.22
184|-5426.22|-5426.22
185|-5426.22|-5426.22
186|-5576.06|-5576.06
187|-5788.29|-5788.29
188|-5800.21|-5800.21
189|-5811.21|-5811.21
190|-5860.86|-5860.86
191|-5869.64|-5869.64
192|-5871.83|-5871.83
193|-5872.92|-5872.92
194|-5873.46|-5873.46
195|-5873.47|-5873.47
196|-5873.47|-5873.47
197|-5873.47|-5873.47
198|-5919.57|-5919.57
199|-5937.5|-5937.5
200|-5938.01|-5938.01
201|-5938.13|-5938.13
202|-5938.13|-5938.13
203|-6227.24|-6227.24
204|-6284.26|-6284.26
205|-6285.38|-6285.38
206|-6292.5|-6292.5
207|-6292.51|-6292.51
208|-6368.91|-6368.91
209|-6394.39|-6394.39
210|-6439.99|-6439.99
211|-6614.18|-6614.18
212|-6701.14|-6701.14
213|-6712.01|-6712.01
214|-6714.22|-6714.22
215|-6715.05|-6715.05
216|-6715.11|-6715.11
217|-6715.2|-6715.2
218|-6715.2|-6715.2
219|-6715.2|-6715.2
220|-6803.03|-6803.03
221|-6896.79|-6896.79
222|-7064.2|-7064.2
223|-7092.03|-7092.03
224|-7092.66|-7092.66
225|-7092.97|-7092.97
226|-7093.13|-7093.13
227|-7093.16|-7093.16
228|-7093.17|-7093.17
229|-7093.17|-7093.17
230|-7123.12|-7123.12
231|-7123.12|-7123.12
232|-7123.12|-7123.12
233|-7123.12|-7123.12
234|-7139.12|-7139.12
235|-7140.46|-7140.46
236|-7140.65|-7140.65
237|-7140.72|-7140.72
238|-7140.73|-7140.73
239|-7140.74|-7140.74
240|-7140.74|-7140.74
241|-7259.51|-7259.51
242|-7345.83|-7345.83
243|-7367.11|-7367.11
244|-7377.68|-7377.68
245|-7379|-7379
246|-7379.16|-7379.16
247|-7379.24|-7379.24
248|-7379.28|-7379.28
249|-7379.29|-7379.29
250|-7379.29|-7379.29
251|-7379.29|-7379.29
252|-7464.08|-7464.08
253|-7642.39|-7642.39
254|-8076.96|-8076.96
255|-8080.44|-8080.44
256|-8080.73|-8080.73
257|-8080.75|-8080.75
258|-8080.75|-8080.75
259|-8092.19|-8092.19
260|-8141.38|-8141.38
261|-8311.02|-8311.02
262|-8400.31|-8400.31
263|-8405.3|-8405.3
264|-8410.48|-8410.48
265|-8410.63|-8410.63
266|-8410.67|-8410.67
267|-8410.68|-8410.68
268|-8410.68|-8410.68
269|-8410.68|-8410.68
270|-8410.69|-8410.69
271|-8515.17|-8515.17
272|-8707.12|-8707.12
273|-8744.09|-8744.09
274|-8744.12|-8744.12
275|-8744.12|-8744.12
276|-8744.13|-8744.13
277|-8744.13|-8744.13
278|-8854.7|-8854.7
279|-8984.6|-8984.6
280|-9003.6|-9003.6
281|-9007.8|-9007.8
282|-9008.81|-9008.81
283|-9009.06|-9009.06
284|-9009.19|-9009.19
285|-9009.25|-9009.25
286|-9009.27|-9009.27
287|-9009.28|-9009.28
288|-9009.28|-9009.28
289|-9009.28|-9009.28
290|-9009.28|-9009.28
291|-9009.28|-9009.28
292|-9009.28|-9009.28
293|-9009.28|-9009.28
294|-9009.28|-9009.28
295|-9009.28|-9009.28
296|-9009.28|-9009.28
297|-9009.28|-9009.28
298|-9009.28|-9009.28
299|-9009.28|-9009.28
300|-9009.28|-9009.28
301|-9009.28|-9009.28
302|-9009.28|-9009.28
303|-9009.28|-9009.28
304|-9009.28|-9009.28
305|-9009.28|-9009.28
306|-9009.28|-9009.28
307|-9009.28|-9009.28
308|-9009.28|-9009.28
309|-9009.28|-9009.28
310|-9009.28|-9009.28
311|-9009.28|-9009.28
312|-9009.28|-9009.28
313|-9009.28|-9009.28
314|-9009.28|-9009.28
315|-9009.28|-9009.28
316|-9009.28|-9009.28
317|-9009.28|-9009.28
318|-9009.28|-9009.28
319|-9009.28|-9009.28
320|-9009.28|-9009.28
321|-9009.28|-9009.28
322|-9009.28|-9009.28
323|-9009.28|-9009.28
324|-9009.28|-9009.28
325|-9009.28|-9009.28
326|-9009.28|-9009.28
327|-9009.28|-9009.28
328|-9009.28|-9009.28
329|-9009.28|-9009.28
330|-9009.28|-9009.28
331|-9009.28|-9009.28
332|-9009.28|-9009.28
333|-9009.28|-9009.28
334|-9009.28|-9009.28
335|-9009.28|-9009.28
336|-9009.28|-9009.28
337|-9009.28|-9009.28
338|-9009.28|-9009.28
339|-9009.28|-9009.28
340|-9009.28|-9009.28
341|-9009.28|-9009.28
342|-9009.28|-9009.28
343|-9009.28|-9009.28
344|-9009.28|-9009.28
345|-9009.28|-9009.28
346|-9009.28|-9009.28
347|-9009.28|-9009.28
348|-9009.28|-9009.28
349|-9009.28|-9009.28
350|-9009.28|-9009.28
351|-9009.28|-9009.28
352|-9009.28|-9009.28
353|-9009.28|-9009.28
354|-9009.28|-9009.28
355|-9009.28|-9009.28
356|-9009.28|-9009.28
357|-9009.28|-9009.28
358|-9009.28|-9009.28
359|-9009.28|-9009.28
360|-9009.28|-9009.28
361|-9009.28|-9009.28
362|-9009.28|-9009.28
363|-9009.28|-9009.28
364|-9009.28|-9009.28
365|-9009.28|-9009.28
366|-9009.28|-9009.28
367|-9009.28|-9009.28
368|-9009.28|-9009.28
369|-9009.28|-9009.28
370|-9009.28|-9009.28
371|-9009.28|-9009.28
372|-9009.28|-9009.28
373|-9009.28|-9009.28
374|-9009.28|-9009.28
375|-9009.28|-9009.28
376|-9009.28|-9009.28
377|-9009.28|-9009.28
378|-9009.28|-9009.28
379|-9009.28|-9009.28
380|-9009.28|-9009.28
381|-9009.28|-9009.28
382|-9009.28|-9009.28
383|-9009.28|-9009.28
384|-9009.28|-9009.28
385|-9009.28|-9009.28
386|-9009.28|-9009.28
387|-9009.28|-9009.28
388|-9009.28|-9009.28
389|-9009.28|-9009.28
390|-9009.28|-9009.28
391|-9009.28|-9009.28
392|-9009.28|-9009.28
393|-9009.28|-9009.28
394|-9009.28|-9009.28
395|-9009.28|-9009.28
396|-9009.28|-9009.28
397|-9009.28|-9009.28
398|-9009.28|-9009.28
399|-9009.28|-9009.28
400|-9009.28|-9009.28
401|-9009.28|-9009.28
402|-9009.28|-9009.28
403|-9009.28|-9009.28
404|-9009.28|-9009.28
405|-9009.28|-9009.28
406|-9009.28|-9009.28
407|-9009.28|-9009.28
408|-9009.28|-9009.28
409|-9009.28|-9009.28
410|-9009.28|-9009.28
411|-9009.28|-9009.28
412|-9009.28|-9009.28
413|-9009.28|-9009.28
414|-9009.28|-9009.28
415|-9009.28|-9009.28
416|-9009.28|-9009.28
417|-9009.28|-9009.28
418|-9009.28|-9009.28
419|-9009.28|-9009.28
420|-9009.28|-9009.28
421|-9009.28|-9009.28
422|-9009.28|-9009.28
423|-9009.28|-9009.28
424|-9009.28|-9009.28
425|-9009.28|-9009.28
426|-9009.28|-9009.28
427|-9009.28|-9009.28
428|-9009.28|-9009.28
429|-9009.28|-9009.28
430|-9009.28|-9009.28
431|-9009.28|-9009.28
432|-9009.28|-9009.28
433|-9009.28|-9009.28
434|-9009.28|-9009.28
435|-9009.28|-9009.28
436|-9009.28|-9009.28
437|-9009.28|-9009.28
438|-9009.28|-9009.28
EARLY STOP: TARGET FOUND
4871694ms
