1|526.251|526.251
2|520.742|520.742
3|520.698|520.698
4|520.69|520.69
5|520.69|520.69
6|496.103|496.103
7|486.173|486.173
8|486.121|486.121
9|486.119|486.119
10|486.119|486.119
11|486.119|486.119
12|475.841|475.841
13|474.563|474.563
14|471.734|471.734
15|468.702|468.702
16|468.276|468.276
17|468.119|468.119
18|468.117|468.117
19|468.116|468.116
20|462.799|462.799
21|446.908|446.908
22|446.516|446.516
23|446.513|446.513
24|446.512|446.512
25|446.512|446.512
26|446.512|446.512
27|441.308|441.308
28|426.248|426.248
29|425.296|425.296
30|425.278|425.278
31|425.278|425.278
32|411.821|411.821
33|410|410
34|409.945|409.945
35|409.937|409.937
36|409.934|409.934
37|409.934|409.934
38|409.934|409.934
39|409.934|409.934
40|402.031|402.031
41|402.001|402.001
42|401.995|401.995
43|401.992|401.992
44|401.991|401.991
45|401.991|401.991
46|401.99|401.99
47|401.99|401.99
48|400.549|400.549
49|400.545|400.545
50|400.542|400.542
51|400.542|400.542
52|379.006|379.006
53|378.82|378.82
54|378.742|378.742
55|378.742|378.742
56|378.706|378.706
57|378.702|378.702
58|378.701|378.701
59|378.701|378.701
60|352.998|352.998
61|352.989|352.989
62|352.988|352.988
63|352.988|352.988
64|343.425|343.425
65|341.371|341.371
66|341.371|341.371
67|338.201|338.201
68|337.733|337.733
69|337.554|337.554
70|337.479|337.479
71|337.47|337.47
72|337.466|337.466
73|333.514|333.514
74|332.83|332.83
75|331.929|331.929
76|331.926|331.926
77|331.926|331.926
78|331.926|331.926
79|329.453|329.453
80|328.308|328.308
81|327.18|327.18
82|324.066|324.066
83|321.103|321.103
84|320.699|320.699
85|320.621|320.621
86|320.603|320.603
87|320.594|320.594
88|320.59|320.59
89|320.589|320.589
90|320.588|320.588
91|319.88|319.88
92|317.989|317.989
93|316.308|316.308
94|313.003|313.003
95|312.129|312.129
96|312.111|312.111
97|312.107|312.107
98|312.105|312.105
99|312.104|312.104
100|312.104|312.104
101|312.104|312.104
102|308.531|308.531
103|307.435|307.435
104|306.741|306.741
105|306.711|306.711
106|306.705|306.705
107|306.703|306.703
108|306.701|306.701
109|306.701|306.701
110|306.7|306.7
111|306.7|306.7
112|306.7|306.7
113|306.7|306.7
114|296.458|296.458
115|296.339|296.339
116|296.338|296.338
117|296.335|296.335
118|296.334|296.334
119|296.334|296.334
120|296.334|296.334
121|296.334|296.334
122|271.979|271.979
123|271.605|271.605
124|271.603|271.603
125|271.602|271.602
126|271.602|271.602
127|268.694|268.694
128|268.694|268.694
129|268.305|268.305
130|268.231|268.231
131|268.23|268.23
132|268.23|268.23
133|268.23|268.23
134|265.541|265.541
135|243.346|243.346
136|242.438|242.438
137|242.211|242.211
138|242.157|242.157
139|242.145|242.145
140|242.142|242.142
141|242.142|242.142
142|242.142|242.142
143|242.142|242.142
144|241.092|241.092
145|240.921|240.921
146|240.884|240.884
147|240.867|240.867
148|240.865|240.865
149|240.864|240.864
150|240.864|240.864
151|224.999|224.999
152|224.15|224.15
153|223.322|223.322
154|223.132|223.132
155|223.131|223.131
156|223.131|223.131
157|207.623|207.623
158|201.305|201.305
159|200.372|200.372
160|198.873|198.873
161|196.461|196.461
162|193.328|193.328
163|192.871|192.871
164|192.699|192.699
165|192.661|192.661
166|192.644|192.644
167|192.635|192.635
168|192.635|192.635
169|186.464|186.464
170|185.091|185.091
171|184.609|184.609
172|184.423|184.423
173|184.345|184.345
174|184.309|184.309
175|184.304|184.304
176|184.304|184.304
177|184.299|184.299
178|184.297|184.297
179|184.297|184.297
180|184.296|184.296
181|184.296|184.296
182|163.89|163.89
183|163.754|163.754
184|163.737|163.737
185|163.734|163.734
186|163.734|163.734
187|163.734|163.734
188|158.997|158.997
189|145.748|145.748
190|140.444|140.444
191|140.416|140.416
192|140.415|140.415
193|140.415|140.415
194|124.802|124.802
195|124.802|124.802
196|124.802|124.802
197|121.732|121.732
198|121.637|121.637
199|121.625|121.625
200|121.62|121.62
201|121.619|121.619
202|108.841|108.841
203|108.544|108.544
204|108.476|108.476
205|108.442|108.442
206|108.425|108.425
207|108.423|108.423
208|108.423|108.423
209|108.422|108.422
210|91.7044|91.7044
211|84.3868|84.3868
212|83.162|83.162
213|82.7624|82.7624
214|82.686|82.686
215|82.6684|82.6684
216|82.6641|82.6641
217|82.6636|82.6636
218|82.6634|82.6634
219|71.7151|71.7151
220|71.5351|71.5351
221|71.4593|71.4593
222|71.4419|71.4419
223|71.4416|71.4416
224|71.4415|71.4415
225|71.4415|71.4415
226|71.4415|71.4415
227|71.4415|71.4415
228|71.4415|71.4415
229|71.4415|71.4415
230|71.4415|71.4415
231|71.4415|71.4415
232|71.4415|71.4415
233|71.4415|71.4415
234|71.4415|71.4415
235|71.4415|71.4415
236|71.4415|71.4415
237|71.4415|71.4415
238|71.4415|71.4415
239|71.4415|71.4415
240|71.4415|71.4415
241|71.4415|71.4415
242|71.4415|71.4415
243|71.4415|71.4415
244|71.4415|71.4415
245|71.4415|71.4415
246|71.4415|71.4415
247|71.4415|71.4415
248|71.4415|71.4415
249|71.4415|71.4415
250|71.4415|71.4415
251|71.4415|71.4415
252|71.4415|71.4415
253|71.4415|71.4415
254|71.4415|71.4415
255|71.4415|71.4415
256|71.4415|71.4415
257|71.4415|71.4415
258|71.4415|71.4415
259|71.4415|71.4415
260|71.4415|71.4415
261|71.4415|71.4415
262|71.4415|71.4415
263|71.4415|71.4415
264|71.4415|71.4415
265|71.4415|71.4415
266|71.4415|71.4415
267|71.4415|71.4415
268|71.4415|71.4415
269|71.4415|71.4415
270|71.4415|71.4415
271|71.4415|71.4415
272|71.4415|71.4415
273|71.4415|71.4415
274|71.4415|71.4415
275|71.4415|71.4415
276|71.4415|71.4415
277|71.4415|71.4415
278|71.4415|71.4415
279|71.4415|71.4415
280|71.4415|71.4415
281|71.4415|71.4415
282|71.4415|71.4415
283|71.4415|71.4415
284|71.4415|71.4415
285|71.4415|71.4415
286|71.4415|71.4415
287|71.4415|71.4415
288|71.4415|71.4415
289|71.4415|71.4415
290|71.4415|71.4415
291|71.4415|71.4415
292|71.4415|71.4415
293|71.4415|71.4415
294|71.4415|71.4415
295|71.4415|71.4415
296|71.4415|71.4415
297|71.4415|71.4415
298|71.4415|71.4415
299|71.4415|71.4415
300|71.4415|71.4415
301|71.4415|71.4415
302|71.4415|71.4415
303|71.4415|71.4415
304|71.4415|71.4415
305|71.4415|71.4415
306|71.4415|71.4415
307|71.4415|71.4415
308|71.4415|71.4415
309|71.4415|71.4415
310|71.4415|71.4415
311|71.4415|71.4415
312|71.4415|71.4415
313|71.4415|71.4415
314|71.4415|71.4415
315|71.4415|71.4415
316|71.4415|71.4415
317|71.4415|71.4415
318|71.4415|71.4415
319|71.4415|71.4415
320|71.4415|71.4415
321|71.4415|71.4415
322|71.4415|71.4415
323|71.4415|71.4415
324|71.4415|71.4415
325|71.4415|71.4415
326|71.4415|71.4415
327|71.4415|71.4415
328|71.4415|71.4415
329|71.4415|71.4415
330|71.4415|71.4415
331|71.4415|71.4415
332|71.4415|71.4415
333|71.4415|71.4415
334|71.4415|71.4415
335|71.4415|71.4415
336|71.4415|71.4415
337|71.4415|71.4415
338|71.4415|71.4415
339|71.4415|71.4415
340|71.4415|71.4415
341|71.4415|71.4415
342|71.4415|71.4415
343|71.4415|71.4415
344|71.4415|71.4415
345|71.4415|71.4415
346|71.4415|71.4415
347|71.4415|71.4415
348|71.4415|71.4415
349|71.4415|71.4415
350|71.4415|71.4415
351|71.4415|71.4415
352|71.4415|71.4415
353|71.4415|71.4415
354|71.4415|71.4415
355|71.4415|71.4415
356|71.4415|71.4415
357|71.4415|71.4415
358|71.4415|71.4415
359|71.4415|71.4415
360|71.4415|71.4415
361|71.4415|71.4415
362|71.4415|71.4415
363|71.4415|71.4415
364|71.4415|71.4415
365|71.4415|71.4415
366|71.4415|71.4415
367|71.4415|71.4415
368|71.4415|71.4415
369|71.4415|71.4415
370|71.4415|71.4415
371|71.4415|71.4415
372|71.4415|71.4415
373|71.4415|71.4415
374|71.4415|71.4415
EARLY STOP: TARGET FOUND
3026308ms
