1|53.8974|53.8974
2|49.1725|49.1725
3|48.0389|48.0389
4|47.7793|47.7793
5|47.7263|47.7263
6|47.719|47.719
7|47.7189|47.7189
8|28.0124|28.0124
9|27.708|27.708
10|27.6326|27.6326
11|27.6326|27.6326
12|27.6142|27.6142
13|27.6097|27.6097
14|27.6087|27.6087
15|27.6085|27.6085
16|27.6085|27.6085
17|25.3187|25.3187
18|25.2628|25.2628
19|25.2541|25.2541
20|25.2539|25.2539
21|25.2539|25.2539
22|25.2539|25.2539
23|4.11793|4.11793
24|4.11793|4.11793
25|3.90292|3.90292
26|3.90292|3.90292
27|3.90292|3.90292
28|3.87222|3.87222
29|3.872|3.872
30|3.87197|3.87197
31|3.87197|3.87197
32|3.87197|3.87197
33|0.472973|0.472973
34|0.00227812|0.00227812
EARLY STOP: TARGET FOUND
5458ms
