1|249.693|249.693
2|249.675|249.675
3|249.671|249.671
4|249.671|249.671
5|249.671|249.671
6|227.084|227.084
7|227.084|227.084
8|226.959|226.959
9|226.958|226.958
10|226.958|226.958
11|226.958|226.958
12|226.958|226.958
13|224.053|224.053
14|223.839|223.839
15|223.808|223.808
16|223.808|223.808
17|223.808|223.808
18|219.409|219.409
19|218.438|218.438
20|218.259|218.259
21|218.259|218.259
22|218.247|218.247
23|218.246|218.246
24|218.245|218.245
25|218.245|218.245
26|218.245|218.245
27|214.39|214.39
28|214.39|214.39
29|213.691|213.691
30|213.644|213.644
31|213.641|213.641
32|213.64|213.64
33|213.64|213.64
34|208.769|208.769
35|205.072|205.072
36|204.452|204.452
37|204.425|204.425
38|204.425|204.425
39|199.645|199.645
40|198.484|198.484
41|198.211|198.211
42|198.151|198.151
43|198.14|198.14
44|198.14|198.14
45|198.14|198.14
46|185.615|185.615
47|183.831|183.831
48|183.828|183.828
49|183.828|183.828
50|183.828|183.828
51|176.404|176.404
52|173.345|173.345
53|173.092|173.092
54|173.092|173.092
55|173.042|173.042
56|173.038|173.038
57|173.038|173.038
58|173.037|173.037
59|173.037|173.037
60|173.037|173.037
61|173.037|173.037
62|173.037|173.037
63|173.035|173.035
64|172.914|172.914
65|172.914|172.914
66|172.913|172.913
67|172.913|172.913
68|172.913|172.913
69|172.913|172.913
70|171.74|171.74
71|171.46|171.46
72|171.397|171.397
73|171.385|171.385
74|171.384|171.384
75|171.384|171.384
76|171.384|171.384
77|156.297|156.297
78|155.316|155.316
79|155.133|155.133
80|155.119|155.119
81|155.117|155.117
82|155.117|155.117
83|155.116|155.116
84|138.857|138.857
85|138.022|138.022
86|137.912|137.912
87|137.912|137.912
88|137.912|137.912
89|134.948|134.948
90|134.719|134.719
91|134.681|134.681
92|134.68|134.68
93|134.68|134.68
94|134.68|134.68
95|134.199|134.199
96|134.196|134.196
97|134.196|134.196
98|134.196|134.196
99|134.196|134.196
100|133.7|133.7
101|133.696|133.696
102|133.696|133.696
103|133.696|133.696
104|133.696|133.696
105|132.328|132.328
106|127.754|127.754
107|127.754|127.754
108|126.697|126.697
109|126.475|126.475
110|126.441|126.441
111|126.441|126.441
112|126.44|126.44
113|126.44|126.44
114|120.471|120.471
115|117.048|117.048
116|116.566|116.566
117|116.566|116.566
118|116.563|116.563
119|116.563|116.563
120|116.562|116.562
121|116.562|116.562
122|116.562|116.562
123|91.9692|91.9692
124|91.9502|91.9502
125|91.9456|91.9456
126|91.9444|91.9444
127|91.9442|91.9442
128|91.9441|91.9441
129|91.9441|91.9441
130|91.7678|91.7678
131|91.7678|91.7678
132|91.7557|91.7557
133|91.7547|91.7547
134|91.7545|91.7545
135|91.7545|91.7545
136|88.4448|88.4448
137|88.0188|88.0188
138|88.0187|88.0187
139|88.0187|88.0187
140|87.8404|87.8404
141|87.8279|87.8279
142|87.8279|87.8279
143|87.8267|87.8267
144|87.8265|87.8265
145|87.8265|87.8265
146|87.8264|87.8264
147|87.8264|87.8264
148|72.8922|72.8922
149|71.8918|71.8918
150|71.6988|71.6988
151|71.6825|71.6825
152|71.6792|71.6792
153|71.6787|71.6787
154|61.8749|61.8749
155|59.4107|59.4107
156|59.4107|59.4107
157|59.3066|59.3066
158|59.3066|59.3066
159|47.2338|47.2338
160|47.2338|47.2338
161|45.3368|45.3368
162|45.3368|45.3368
163|45.3271|45.3271
164|45.3266|45.3266
165|44.1982|44.1982
166|44.1982|44.1982
167|39.5651|39.5651
168|38.4773|38.4773
169|38.2406|38.2406
170|38.1991|38.1991
171|38.1967|38.1967
172|38.1967|38.1967
173|38.1967|38.1967
174|38.1966|38.1966
175|38.1966|38.1966
176|38.1966|38.1966
177|25.1925|25.1925
178|25.1925|25.1925
179|23.5283|23.5283
180|23.5282|23.5282
181|17.1972|17.1972
182|17.1972|17.1972
183|13.8648|13.8648
184|13.8648|13.8648
185|13.4273|13.4273
186|13.4273|13.4273
187|13.4269|13.4269
188|13.4269|13.4269
189|13.4268|13.4268
190|2.11918|2.11918
191|2.11918|2.11918
192|2.11918|2.11918
193|2.11918|2.11918
194|2.11918|2.11918
195|0.0308863|0.0308863
196|0.0308862|0.0308862
197|0.0308862|0.0308862
198|0.0308862|0.0308862
199|0.0308862|0.0308862
200|0.0308862|0.0308862
201|0.0308862|0.0308862
202|0.0308862|0.0308862
203|0.0308861|0.0308861
204|0.0308861|0.0308861
205|0.0308861|0.0308861
206|0.0308861|0.0308861
207|0.0308861|0.0308861
208|0.0308861|0.0308861
209|0.0308861|0.0308861
210|0.030886|0.030886
211|0.030886|0.030886
212|0.030886|0.030886
213|0.030886|0.030886
214|0.030886|0.030886
215|0.030886|0.030886
216|0.030886|0.030886
217|0.0308859|0.0308859
218|0.0308859|0.0308859
219|0.0308859|0.0308859
220|0.0308859|0.0308859
221|0.0308857|0.0308857
222|0.0308856|0.0308856
223|0.0308856|0.0308856
224|0.0308856|0.0308856
225|0.0308856|0.0308856
226|0.0308854|0.0308854
227|0.0308854|0.0308854
228|0.0308854|0.0308854
229|0.0308852|0.0308852
230|0.0308852|0.0308852
231|0.0308852|0.0308852
232|0.0308852|0.0308852
233|0.0308852|0.0308852
234|0.030885|0.030885
235|0.030885|0.030885
236|0.030885|0.030885
237|0.0308849|0.0308849
238|0.0308849|0.0308849
239|0.0308849|0.0308849
240|0.0308848|0.0308848
241|0.0308848|0.0308848
242|0.0308846|0.0308846
243|0.0308846|0.0308846
244|0.0308846|0.0308846
245|0.0308845|0.0308845
246|0.0308844|0.0308844
247|0.0308844|0.0308844
248|0.0308843|0.0308843
249|0.0308842|0.0308842
250|0.0308841|0.0308841
251|0.0308841|0.0308841
252|0.0308841|0.0308841
253|0.0308841|0.0308841
254|0.0308839|0.0308839
255|0.0308839|0.0308839
256|0.0308839|0.0308839
257|0.0308837|0.0308837
258|0.0308837|0.0308837
259|0.000247669|0.000247669
EARLY STOP: TARGET FOUND
1338206ms
