1|108.271|108.271
2|106.039|106.039
3|97.435|97.435
4|93.4667|93.4667
5|90.984|90.984
6|90.9038|90.9038
7|90.8672|90.8672
8|90.8585|90.8585
9|90.8542|90.8542
10|90.852|90.852
11|90.8518|90.8518
12|77.1629|77.1629
13|75.8142|75.8142
14|75.7805|75.7805
15|75.7639|75.7639
16|75.7597|75.7597
17|75.7577|75.7577
18|75.7572|75.7572
19|75.7569|75.7569
20|69.8812|69.8812
21|65.2607|65.2607
22|54.6065|54.6065
23|50.3414|50.3414
24|50.3287|50.3287
25|50.3281|50.3281
26|50.3281|50.3281
27|50.3281|50.3281
28|42.9308|42.9308
29|42.9308|42.9308
30|42.452|42.452
31|40.158|40.158
32|39.2122|39.2122
33|38.862|38.862
34|34.3777|34.3777
35|34.3742|34.3742
36|34.3741|34.3741
37|34.3741|34.3741
38|11.0166|11.0166
39|9.82578|9.82578
40|9.44473|9.44473
41|9.40771|9.40771
42|9.39009|9.39009
43|9.38579|9.38579
44|9.38525|9.38525
45|9.38498|9.38498
46|9.38498|9.38498
47|9.38498|9.38498
48|9.38498|9.38498
49|9.38498|9.38498
50|9.38498|9.38498
51|9.38498|9.38498
52|9.38498|9.38498
53|9.38498|9.38498
54|9.38498|9.38498
55|9.38498|9.38498
56|9.38498|9.38498
57|9.38498|9.38498
58|9.38498|9.38498
59|9.38498|9.38498
60|9.38498|9.38498
61|9.38498|9.38498
62|9.38498|9.38498
63|9.38498|9.38498
64|9.38498|9.38498
65|9.38498|9.38498
66|9.38498|9.38498
67|9.38498|9.38498
68|9.38498|9.38498
69|9.38498|9.38498
70|9.38498|9.38498
71|9.38498|9.38498
72|9.38498|9.38498
73|9.38498|9.38498
74|9.38498|9.38498
75|9.38498|9.38498
76|9.38498|9.38498
77|9.38498|9.38498
78|9.38498|9.38498
79|9.38498|9.38498
80|9.38498|9.38498
81|9.38498|9.38498
82|9.38498|9.38498
83|9.38498|9.38498
84|9.38498|9.38498
85|9.38498|9.38498
86|9.38498|9.38498
87|9.38498|9.38498
88|9.38498|9.38498
89|9.38498|9.38498
90|9.38498|9.38498
91|9.38498|9.38498
92|9.38498|9.38498
93|9.38498|9.38498
94|9.38498|9.38498
95|9.38498|9.38498
96|9.38498|9.38498
97|9.38498|9.38498
98|9.38498|9.38498
99|9.38498|9.38498
100|9.38498|9.38498
101|9.38498|9.38498
102|9.38498|9.38498
103|9.38498|9.38498
104|9.38498|9.38498
105|9.38498|9.38498
106|9.38498|9.38498
107|9.38498|9.38498
108|9.38498|9.38498
109|9.38498|9.38498
110|9.38498|9.38498
111|9.38498|9.38498
112|9.38498|9.38498
113|9.38498|9.38498
114|9.38498|9.38498
115|9.38498|9.38498
116|9.38498|9.38498
117|9.38498|9.38498
118|9.38498|9.38498
119|9.38498|9.38498
120|9.38498|9.38498
121|9.38498|9.38498
122|9.38498|9.38498
123|9.38498|9.38498
124|9.38498|9.38498
125|9.38498|9.38498
126|9.38498|9.38498
127|9.38498|9.38498
128|9.38498|9.38498
129|9.38498|9.38498
130|9.38498|9.38498
131|9.38498|9.38498
132|9.38498|9.38498
133|9.38498|9.38498
134|9.38498|9.38498
135|9.38498|9.38498
136|9.38498|9.38498
137|9.38498|9.38498
138|9.38498|9.38498
139|9.38498|9.38498
140|9.38498|9.38498
141|9.38498|9.38498
142|9.38498|9.38498
143|9.38498|9.38498
144|9.38498|9.38498
145|9.38498|9.38498
146|9.38498|9.38498
147|9.38498|9.38498
148|9.38498|9.38498
149|9.38498|9.38498
150|9.38498|9.38498
151|9.38498|9.38498
152|9.38498|9.38498
153|9.38498|9.38498
154|9.38498|9.38498
155|9.38498|9.38498
156|9.38498|9.38498
157|9.38498|9.38498
158|9.38498|9.38498
159|9.38498|9.38498
160|9.38498|9.38498
161|9.38498|9.38498
162|9.38498|9.38498
163|9.38498|9.38498
164|9.38498|9.38498
165|9.38498|9.38498
166|9.38498|9.38498
167|9.38498|9.38498
168|9.38498|9.38498
169|9.38498|9.38498
170|9.38498|9.38498
171|9.38498|9.38498
172|9.38498|9.38498
173|9.38498|9.38498
174|9.38498|9.38498
175|9.38498|9.38498
176|9.38498|9.38498
177|9.38498|9.38498
178|9.38498|9.38498
179|9.38498|9.38498
180|9.38498|9.38498
181|9.38498|9.38498
182|9.38498|9.38498
183|9.38498|9.38498
184|9.38498|9.38498
185|9.38498|9.38498
186|9.38498|9.38498
187|9.38498|9.38498
188|9.38498|9.38498
189|9.38498|9.38498
190|9.38498|9.38498
191|9.38498|9.38498
192|9.38498|9.38498
193|9.38498|9.38498
194|9.38498|9.38498
195|9.38498|9.38498
EARLY STOP: TARGET FOUND
67290ms
