1|60.808|60.808
2|60.7629|60.7629
3|60.7596|60.7596
4|60.7592|60.7592
5|60.7592|60.7592
6|43.7684|43.7684
7|43.0251|43.0251
8|42.9672|42.9672
9|42.9575|42.9575
10|42.9571|42.9571
11|39.6606|39.6606
12|39.2412|39.2412
13|39.2411|39.2411
14|39.2411|39.2411
15|13.1162|13.1162
16|13.1162|13.1162
17|13.1162|13.1162
18|13.1161|13.1161
19|13.1161|13.1161
20|13.1044|13.1044
21|13.1035|13.1035
22|13.1033|13.1033
23|13.1033|13.1033
24|13.1033|13.1033
25|12.1206|12.1206
26|11.9364|11.9364
27|11.9224|11.9224
28|11.9202|11.9202
29|11.9201|11.9201
30|11.9201|11.9201
31|11.6944|11.6944
32|11.6583|11.6583
33|11.6574|11.6574
34|11.6572|11.6572
35|11.6572|11.6572
36|11.6572|11.6572
37|11.6572|11.6572
38|7.51868|7.51868
39|3.63811|3.63811
40|2.92663|2.92663
41|2.92662|2.92662
42|2.87675|2.87675
43|2.87229|2.87229
44|2.87125|2.87125
45|2.87104|2.87104
46|2.87104|2.87104
47|2.871|2.871
48|2.871|2.871
49|1.99403|1.99403
50|1.99403|1.99403
51|1.86275|1.86275
52|1.86074|1.86074
53|1.86071|1.86071
54|1.86071|1.86071
55|0.00706916|0.00706916
EARLY STOP: TARGET FOUND
35096ms
