1|-1.7091|-1.7091
2|-1.77011|-1.77011
3|-1.97802|-1.97802
4|-2.13406|-2.13406
5|-2.15457|-2.15457
6|-2.16483|-2.16483
7|-2.16996|-2.16996
8|-2.17124|-2.17124
9|-2.17188|-2.17188
10|-2.17221|-2.17221
11|-2.17237|-2.17237
12|-2.17241|-2.17241
13|-2.20536|-2.20536
14|-2.31344|-2.31344
15|-2.58449|-2.58449
16|-2.58514|-2.58514
17|-2.58515|-2.58515
18|-2.58515|-2.58515
19|-2.58515|-2.58515
20|-2.59438|-2.59438
21|-3.13592|-3.13592
22|-3.14659|-3.14659
23|-3.14925|-3.14925
24|-3.15059|-3.15059
25|-3.15125|-3.15125
26|-3.15159|-3.15159
27|-3.15175|-3.15175
28|-3.29637|-3.29637
29|-3.48792|-3.48792
30|-3.73571|-3.73571
31|-3.75844|-3.75844
32|-3.76139|-3.76139
33|-3.76147|-3.76147
34|-3.7615|-3.7615
35|-3.76368|-3.76368
36|-3.80364|-3.80364
37|-4.58825|-4.58825
38|-4.59116|-4.59116
39|-4.59183|-4.59183
40|-4.59215|-4.59215
41|-4.59231|-4.59231
42|-4.59235|-4.59235
43|-4.59237|-4.59237
44|-4.6899|-4.6899
45|-4.71713|-4.71713
46|-4.77702|-4.77702
47|-5.58816|-5.58816
48|-5.59233|-5.59233
49|-5.59236|-5.59236
50|-5.59237|-5.59237
51|-5.59237|-5.59237
52|-5.68877|-5.68877
53|-6.55107|-6.55107
54|-6.57801|-6.57801
55|-6.5801|-6.5801
56|-6.58252|-6.58252
57|-6.58299|-6.58299
58|-6.58304|-6.58304
59|-6.60019|-6.60019
60|-6.86249|-6.86249
61|-7.30096|-7.30096
62|-7.40393|-7.40393
63|-7.44823|-7.44823
64|-7.4681|-7.4681
65|-7.47281|-7.47281
66|-7.4734|-7.4734
67|-7.47354|-7.47354
68|-7.57569|-7.57569
69|-7.64003|-7.64003
70|-7.82393|-7.82393
71|-7.92772|-7.92772
72|-7.95293|-7.95293
73|-7.95312|-7.95312
74|-7.95322|-7.95322
75|-8.8175|-8.8175
76|-8.82664|-8.82664
77|-8.83101|-8.83101
78|-8.83314|-8.83314
79|-8.83419|-8.83419
80|-8.83445|-8.83445
81|-9.24949|-9.24949
82|-9.45216|-9.45216
83|-9.45413|-9.45413
84|-9.45486|-9.45486
85|-9.45516|-9.45516
86|-9.4553|-9.4553
87|-9.45537|-9.45537
88|-9.45538|-9.45538
89|-9.45539|-9.45539
90|-9.45954|-9.45954
91|-9.65682|-9.65682
92|-9.65709|-9.65709
93|-9.65714|-9.65714
94|-9.80894|-9.80894
95|-10.1844|-10.1844
96|-10.205|-10.205
97|-10.3124|-10.3124
98|-10.5943|-10.5943
99|-10.6182|-10.6182
100|-10.6204|-10.6204
101|-10.6209|-10.6209
102|-10.621|-10.621
103|-10.621|-10.621
104|-10.621|-10.621
105|-10.6403|-10.6403
106|-10.6447|-10.6447
107|-10.645|-10.645
108|-10.645|-10.645
109|-10.645|-10.645
110|-10.7715|-10.7715
111|-11.4297|-11.4297
112|-11.5017|-11.5017
113|-11.5167|-11.5167
114|-11.5238|-11.5238
115|-11.5272|-11.5272
116|-11.5288|-11.5288
117|-11.5293|-11.5293
118|-11.5295|-11.5295
119|-11.6736|-11.6736
120|-12.5109|-12.5109
121|-12.5219|-12.5219
122|-12.5235|-12.5235
123|-12.5239|-12.5239
124|-12.5241|-12.5241
125|-12.5242|-12.5242
126|-12.5242|-12.5242
127|-12.5242|-12.5242
128|-13.1837|-13.1837
129|-13.2868|-13.2868
130|-13.3112|-13.3112
131|-13.3155|-13.3155
132|-13.3156|-13.3156
133|-13.3157|-13.3157
134|-14.047|-14.047
135|-14.0476|-14.0476
136|-14.0476|-14.0476
137|-14.0476|-14.0476
138|-14.1605|-14.1605
139|-14.3588|-14.3588
140|-14.3735|-14.3735
141|-14.5267|-14.5267
142|-14.5992|-14.5992
143|-14.6332|-14.6332
144|-14.6495|-14.6495
145|-14.6535|-14.6535
146|-14.6554|-14.6554
147|-14.6564|-14.6564
148|-14.7267|-14.7267
149|-14.7344|-14.7344
150|-14.7378|-14.7378
151|-14.7393|-14.7393
152|-14.7395|-14.7395
153|-14.7429|-14.7429
154|-14.8693|-14.8693
155|-15.5005|-15.5005
156|-15.5602|-15.5602
157|-15.5631|-15.5631
158|-15.8243|-15.8243
159|-16.1039|-16.1039
160|-16.1111|-16.1111
161|-16.1139|-16.1139
162|-16.114|-16.114
163|-16.3409|-16.3409
164|-16.7512|-16.7512
165|-16.7751|-16.7751
166|-16.7805|-16.7805
167|-16.7812|-16.7812
168|-16.7813|-16.7813
169|-16.7814|-16.7814
170|-16.8043|-16.8043
171|-17.6997|-17.6997
172|-17.7458|-17.7458
173|-17.7476|-17.7476
174|-17.7481|-17.7481
175|-17.7488|-17.7488
176|-18.1747|-18.1747
177|-18.5517|-18.5517
178|-18.6898|-18.6898
179|-18.7288|-18.7288
180|-18.7347|-18.7347
181|-18.7371|-18.7371
182|-18.7382|-18.7382
183|-18.7384|-18.7384
184|-18.7386|-18.7386
185|-18.7393|-18.7393
186|-18.9266|-18.9266
187|-19.5429|-19.5429
188|-19.6523|-19.6523
189|-19.6524|-19.6524
190|-19.6524|-19.6524
191|-19.6524|-19.6524
192|-19.7127|-19.7127
193|-19.7595|-19.7595
194|-19.7667|-19.7667
195|-19.7669|-19.7669
196|-19.767|-19.767
197|-19.7671|-19.7671
198|-19.7682|-19.7682
199|-19.7963|-19.7963
200|-19.9046|-19.9046
201|-19.9542|-19.9542
202|-19.983|-19.983
203|-19.984|-19.984
204|-20.0618|-20.0618
205|-20.0631|-20.0631
206|-20.0636|-20.0636
207|-20.0638|-20.0638
208|-20.0638|-20.0638
209|-20.1424|-20.1424
210|-20.7171|-20.7171
211|-21.018|-21.018
212|-21.0181|-21.0181
213|-21.0182|-21.0182
214|-21.0182|-21.0182
215|-21.0182|-21.0182
216|-21.0182|-21.0182
217|-21.0182|-21.0182
218|-21.0182|-21.0182
219|-21.0182|-21.0182
220|-21.0182|-21.0182
221|-21.0182|-21.0182
222|-21.0182|-21.0182
223|-21.0182|-21.0182
224|-21.0182|-21.0182
225|-21.0182|-21.0182
226|-21.0182|-21.0182
227|-21.0182|-21.0182
228|-21.0182|-21.0182
229|-21.0182|-21.0182
230|-21.0182|-21.0182
231|-21.0182|-21.0182
232|-21.0182|-21.0182
233|-21.0182|-21.0182
234|-21.0182|-21.0182
235|-21.0182|-21.0182
236|-21.0182|-21.0182
237|-21.0182|-21.0182
238|-21.0182|-21.0182
239|-21.0182|-21.0182
240|-21.0182|-21.0182
241|-21.0182|-21.0182
242|-21.0182|-21.0182
243|-21.0182|-21.0182
244|-21.0182|-21.0182
245|-21.0182|-21.0182
246|-21.0182|-21.0182
247|-21.0182|-21.0182
248|-21.0182|-21.0182
249|-21.0182|-21.0182
250|-21.0182|-21.0182
251|-21.0182|-21.0182
252|-21.0182|-21.0182
253|-21.0182|-21.0182
254|-21.0182|-21.0182
255|-21.0182|-21.0182
256|-21.0182|-21.0182
257|-21.0182|-21.0182
258|-21.0182|-21.0182
259|-21.0182|-21.0182
260|-21.0182|-21.0182
261|-21.0182|-21.0182
262|-21.0182|-21.0182
263|-21.0182|-21.0182
264|-21.0182|-21.0182
265|-21.0182|-21.0182
266|-21.0182|-21.0182
267|-21.0182|-21.0182
268|-21.0182|-21.0182
269|-21.0182|-21.0182
270|-21.0182|-21.0182
271|-21.0182|-21.0182
272|-21.0182|-21.0182
273|-21.0182|-21.0182
274|-21.0182|-21.0182
275|-21.0182|-21.0182
276|-21.0182|-21.0182
277|-21.0182|-21.0182
278|-21.0182|-21.0182
279|-21.0182|-21.0182
280|-21.0182|-21.0182
281|-21.0182|-21.0182
282|-21.0182|-21.0182
283|-21.0182|-21.0182
284|-21.0182|-21.0182
285|-21.0182|-21.0182
286|-21.0182|-21.0182
287|-21.0182|-21.0182
288|-21.0182|-21.0182
289|-21.0182|-21.0182
290|-21.0182|-21.0182
291|-21.0182|-21.0182
292|-21.0182|-21.0182
293|-21.0182|-21.0182
294|-21.0182|-21.0182
295|-21.0182|-21.0182
296|-21.0182|-21.0182
297|-21.0182|-21.0182
298|-21.0182|-21.0182
299|-21.0182|-21.0182
300|-21.0182|-21.0182
301|-21.0182|-21.0182
302|-21.0182|-21.0182
303|-21.0182|-21.0182
304|-21.0182|-21.0182
305|-21.0182|-21.0182
306|-21.0182|-21.0182
307|-21.0182|-21.0182
308|-21.0182|-21.0182
309|-21.0182|-21.0182
310|-21.0182|-21.0182
311|-21.0182|-21.0182
312|-21.0182|-21.0182
313|-21.0182|-21.0182
314|-21.0182|-21.0182
315|-21.0182|-21.0182
316|-21.0182|-21.0182
317|-21.0182|-21.0182
318|-21.0182|-21.0182
319|-21.0182|-21.0182
320|-21.0182|-21.0182
321|-21.0182|-21.0182
322|-21.0182|-21.0182
323|-21.0182|-21.0182
324|-21.0182|-21.0182
325|-21.0182|-21.0182
326|-21.0182|-21.0182
327|-21.0182|-21.0182
328|-21.0182|-21.0182
329|-21.0182|-21.0182
330|-21.0182|-21.0182
331|-21.0182|-21.0182
332|-21.0182|-21.0182
333|-21.0182|-21.0182
334|-21.0182|-21.0182
335|-21.0182|-21.0182
336|-21.0182|-21.0182
337|-21.0182|-21.0182
338|-21.0182|-21.0182
339|-21.0182|-21.0182
340|-21.0182|-21.0182
341|-21.0182|-21.0182
342|-21.0182|-21.0182
343|-21.0182|-21.0182
344|-21.0182|-21.0182
345|-21.0182|-21.0182
346|-21.0182|-21.0182
347|-21.0182|-21.0182
348|-21.0182|-21.0182
349|-21.0182|-21.0182
350|-21.0182|-21.0182
351|-21.0182|-21.0182
352|-21.0182|-21.0182
353|-21.0182|-21.0182
354|-21.0182|-21.0182
355|-21.0182|-21.0182
356|-21.0182|-21.0182
357|-21.0182|-21.0182
358|-21.0182|-21.0182
359|-21.0182|-21.0182
360|-21.0182|-21.0182
361|-21.0182|-21.0182
362|-21.0182|-21.0182
363|-21.0182|-21.0182
EARLY STOP: TARGET FOUND
2845930ms
