1|139.857|139.857
2|132.809|132.809
3|132.605|132.605
4|132.579|132.579
5|132.576|132.576
6|132.576|132.576
7|132.576|132.576
8|124.305|124.305
9|124.254|124.254
10|121.207|121.207
11|119.536|119.536
12|119.135|119.135
13|119.048|119.048
14|119.019|119.019
15|119.013|119.013
16|119.011|119.011
17|119.01|119.01
18|109.705|109.705
19|107.447|107.447
20|104.546|104.546
21|104.16|104.16
22|104.122|104.122
23|104.104|104.104
24|104.096|104.096
25|104.091|104.091
26|104.09|104.09
27|104.09|104.09
28|104.089|104.089
29|104.03|104.03
30|104.029|104.029
31|104.029|104.029
32|104.029|104.029
33|104.029|104.029
34|83.4658|83.4658
35|83.2788|83.2788
36|83.272|83.272
37|83.2713|83.2713
38|83.271|83.271
39|83.2708|83.2708
40|83.2707|83.2707
41|83.2707|83.2707
42|79.4363|79.4363
43|79.3898|79.3898
44|79.3866|79.3866
45|79.3865|79.3865
46|79.3865|79.3865
47|74.6446|74.6446
48|73.4899|73.4899
49|73.488|73.488
50|73.4879|73.4879
51|61.787|61.787
52|61.7094|61.7094
53|61.6915|61.6915
54|61.6828|61.6828
55|61.6785|61.6785
56|61.678|61.678
57|61.4467|61.4467
58|53.8591|53.8591
59|47.1971|47.1971
60|46.0308|46.0308
61|45.6631|45.6631
62|45.6452|45.6452
63|45.6364|45.6364
64|45.6321|45.6321
65|45.631|45.631
66|45.6305|45.6305
67|45.6302|45.6302
68|45.6301|45.6301
69|22.4848|22.4848
70|21.7843|21.7843
71|21.6668|21.6668
72|21.6633|21.6633
73|21.6624|21.6624
74|21.6622|21.6622
75|21.6622|21.6622
76|21.6622|21.6622
77|21.6622|21.6622
78|21.6622|21.6622
79|21.6622|21.6622
80|21.6622|21.6622
81|21.6622|21.6622
82|21.6622|21.6622
83|21.6622|21.6622
84|21.6622|21.6622
85|21.6622|21.6622
86|21.6622|21.6622
87|21.6622|21.6622
88|21.6622|21.6622
89|21.6622|21.6622
90|21.6622|21.6622
91|21.6622|21.6622
92|21.6622|21.6622
93|21.6622|21.6622
94|21.6622|21.6622
95|21.6622|21.6622
96|21.6622|21.6622
97|21.6622|21.6622
98|21.6622|21.6622
99|21.6622|21.6622
100|21.6622|21.6622
101|21.6622|21.6622
102|21.6622|21.6622
103|21.6622|21.6622
104|21.6622|21.6622
105|21.6622|21.6622
106|21.6622|21.6622
107|21.6622|21.6622
108|21.6622|21.6622
109|21.6622|21.6622
110|21.6622|21.6622
111|21.6622|21.6622
112|21.6622|21.6622
113|21.6622|21.6622
114|21.6622|21.6622
115|21.6622|21.6622
116|21.6622|21.6622
117|21.6622|21.6622
118|21.6622|21.6622
119|21.6622|21.6622
120|21.6622|21.6622
121|21.6622|21.6622
122|21.6622|21.6622
123|21.6622|21.6622
124|21.6622|21.6622
125|21.6622|21.6622
126|21.6622|21.6622
127|21.6622|21.6622
128|21.6622|21.6622
129|21.6622|21.6622
130|21.6622|21.6622
131|21.6622|21.6622
132|21.6622|21.6622
133|21.6622|21.6622
134|21.6622|21.6622
135|21.6622|21.6622
136|21.6622|21.6622
137|21.6622|21.6622
138|21.6622|21.6622
139|21.6622|21.6622
140|21.6622|21.6622
141|21.6622|21.6622
142|21.6622|21.6622
143|21.6622|21.6622
144|21.6622|21.6622
145|21.6622|21.6622
146|21.6622|21.6622
147|21.6622|21.6622
148|21.6622|21.6622
149|21.6622|21.6622
150|21.6622|21.6622
151|21.6622|21.6622
152|21.6622|21.6622
153|21.6622|21.6622
154|21.6622|21.6622
155|21.6622|21.6622
156|21.6622|21.6622
157|21.6622|21.6622
158|21.6622|21.6622
159|21.6622|21.6622
160|21.6622|21.6622
161|21.6622|21.6622
162|21.6622|21.6622
163|21.6622|21.6622
164|21.6622|21.6622
165|21.6622|21.6622
166|21.6622|21.6622
167|21.6622|21.6622
168|21.6622|21.6622
169|21.6622|21.6622
170|21.6622|21.6622
171|21.6622|21.6622
172|21.6622|21.6622
173|21.6622|21.6622
174|21.6622|21.6622
175|21.6622|21.6622
176|21.6622|21.6622
177|21.6622|21.6622
178|21.6622|21.6622
179|21.6622|21.6622
180|21.6622|21.6622
181|21.6622|21.6622
182|21.6622|21.6622
183|21.6622|21.6622
184|21.6622|21.6622
185|21.6622|21.6622
186|21.6622|21.6622
187|21.6622|21.6622
188|21.6622|21.6622
189|21.6622|21.6622
190|21.6622|21.6622
191|21.6622|21.6622
192|21.6622|21.6622
193|21.6622|21.6622
194|21.6622|21.6622
195|21.6622|21.6622
196|21.6622|21.6622
197|21.6622|21.6622
198|21.6622|21.6622
199|21.6622|21.6622
200|21.6622|21.6622
201|21.6622|21.6622
202|21.6622|21.6622
203|21.6622|21.6622
204|21.6622|21.6622
205|21.6622|21.6622
206|21.6622|21.6622
207|21.6622|21.6622
208|21.6622|21.6622
209|21.6622|21.6622
210|21.6622|21.6622
211|21.6622|21.6622
212|21.6622|21.6622
213|21.6622|21.6622
214|21.6622|21.6622
215|21.6622|21.6622
216|21.6622|21.6622
217|21.6622|21.6622
218|21.6622|21.6622
219|21.6622|21.6622
220|21.6622|21.6622
221|21.6622|21.6622
222|21.6622|21.6622
223|21.6622|21.6622
224|21.6622|21.6622
225|21.6622|21.6622
226|21.6622|21.6622
227|21.6622|21.6622
EARLY STOP: TARGET FOUND
265502ms
