1|574.297|574.297
2|574.286|574.286
3|574.284|574.284
4|574.284|574.284
5|559.515|559.515
6|550.867|550.867
7|549.503|549.503
8|549.435|549.435
9|549.418|549.418
10|549.414|549.414
11|549.413|549.413
12|541.102|541.102
13|541.072|541.072
14|537.986|537.986
15|536.358|536.358
16|535.935|535.935
17|535.851|535.851
18|535.823|535.823
19|535.818|535.818
20|524.384|524.384
21|524.119|524.119
22|523.485|523.485
23|523.485|523.485
24|519.148|519.148
25|519.141|519.141
26|519.139|519.139
27|519.139|519.139
28|519.139|519.139
29|498.091|498.091
30|498.013|498.013
31|497.995|497.995
32|497.987|497.987
33|497.985|497.985
34|497.984|497.984
35|497.983|497.983
36|497.983|497.983
37|489.58|489.58
38|484.76|484.76
39|468.958|468.958
40|468.416|468.416
41|468.372|468.372
42|468.324|468.324
43|468.32|468.32
44|468.319|468.319
45|468.319|468.319
46|468.319|468.319
47|468.318|468.318
48|468.318|468.318
49|468.314|468.314
50|452.797|452.797
51|452.797|452.797
52|448.21|448.21
53|447.562|447.562
54|442.812|442.812
55|441.661|441.661
56|441.659|441.659
57|441.659|441.659
58|419.621|419.621
59|419.621|419.621
60|419.199|419.199
61|419.117|419.117
62|419.08|419.08
63|419.062|419.062
64|419.054|419.054
65|419.052|419.052
66|419.052|419.052
67|419.052|419.052
68|419.052|419.052
69|408.38|408.38
70|404.816|404.816
71|403.71|403.71
72|403.021|403.021
73|402.991|402.991
74|402.98|402.98
75|402.979|402.979
76|402.979|402.979
77|402.979|402.979
78|402.979|402.979
79|402.948|402.948
80|402.947|402.947
81|402.946|402.946
82|393.883|393.883
83|390.712|390.712
84|390.644|390.644
85|390.636|390.636
86|390.634|390.634
87|390.633|390.633
88|390.632|390.632
89|390.632|390.632
90|386.358|386.358
91|385.586|385.586
92|385.543|385.543
93|385.539|385.539
94|385.539|385.539
95|385.539|385.539
96|371.157|371.157
97|362.209|362.209
98|360.587|360.587
99|359.958|359.958
100|359.889|359.889
101|359.855|359.855
102|359.838|359.838
103|359.83|359.83
104|359.826|359.826
105|359.824|359.824
106|344.962|344.962
107|336.435|336.435
108|335.729|335.729
109|335.424|335.424
110|335.284|335.284
111|335.251|335.251
112|335.234|335.234
113|335.233|335.233
114|335.233|335.233
115|335.199|335.199
116|335.197|335.197
117|335.196|335.196
118|329.946|329.946
119|328.593|328.593
120|328.122|328.122
121|327.943|327.943
122|327.867|327.867
123|327.849|327.849
124|327.849|327.849
125|321.016|321.016
126|312.122|312.122
127|311.63|311.63
128|311.439|311.439
129|311.357|311.357
130|311.32|311.32
131|311.302|311.302
132|311.298|311.298
133|311.296|311.296
134|311.295|311.295
135|311.295|311.295
136|310.05|310.05
137|305.864|305.864
138|304.406|304.406
139|304.399|304.399
140|304.397|304.397
141|304.397|304.397
142|301.01|301.01
143|280.762|280.762
144|280.762|280.762
145|278.831|278.831
146|278.727|278.727
147|278.725|278.725
148|278.725|278.725
149|263.506|263.506
150|259.159|259.159
151|259.159|259.159
152|257.471|257.471
153|256.802|256.802
154|256.517|256.517
155|256.5|256.5
156|256.492|256.492
157|256.491|256.491
158|256.491|256.491
159|256.49|256.49
160|251.048|251.048
161|246.838|246.838
162|245.937|245.937
163|241.425|241.425
164|240.145|240.145
165|240.144|240.144
166|237.321|237.321
167|215.458|215.458
168|214.118|214.118
169|214.116|214.116
170|214.116|214.116
171|213.663|213.663
172|209.229|209.229
173|206.603|206.603
174|206.432|206.432
175|206.395|206.395
176|206.377|206.377
177|206.375|206.375
178|206.374|206.374
179|206.374|206.374
180|206.374|206.374
181|191.916|191.916
182|183.008|183.008
183|181.43|181.43
184|180.826|180.826
185|180.81|180.81
186|180.801|180.801
187|180.797|180.797
188|179.053|179.053
189|179.008|179.008
190|179.005|179.005
191|179.005|179.005
192|179.005|179.005
193|175.487|175.487
194|169.525|169.525
195|168.455|168.455
196|167.195|167.195
197|164.332|164.332
198|161.308|161.308
199|160.884|160.884
200|160.802|160.802
201|160.764|160.764
202|160.746|160.746
203|160.737|160.737
204|160.733|160.733
205|160.732|160.732
206|160.731|160.731
207|160.731|160.731
208|139.134|139.134
209|134.502|134.502
210|124.453|124.453
211|124.364|124.364
212|124.364|124.364
213|124.364|124.364
214|109.435|109.435
215|105.896|105.896
216|105.297|105.297
217|105.293|105.293
218|105.291|105.291
219|80.3588|80.3588
220|76.9865|76.9865
221|76.0688|76.0688
222|76.0312|76.0312
223|76.0132|76.0132
224|76.0045|76.0045
225|76.0002|76.0002
226|75.9991|75.9991
227|75.9988|75.9988
228|75.9988|75.9988
229|75.9988|75.9988
230|75.9988|75.9988
231|75.9988|75.9988
232|75.9988|75.9988
233|75.9988|75.9988
234|75.9988|75.9988
235|75.9988|75.9988
236|75.9988|75.9988
237|75.9988|75.9988
238|75.9988|75.9988
239|75.9988|75.9988
240|75.9988|75.9988
241|75.9988|75.9988
242|75.9988|75.9988
243|75.9988|75.9988
244|75.9988|75.9988
245|75.9988|75.9988
246|75.9988|75.9988
247|75.9988|75.9988
248|75.9988|75.9988
249|75.9988|75.9988
250|75.9988|75.9988
251|75.9988|75.9988
252|75.9988|75.9988
253|75.9988|75.9988
254|75.9988|75.9988
255|75.9988|75.9988
256|75.9988|75.9988
257|75.9988|75.9988
258|75.9988|75.9988
259|75.9988|75.9988
260|75.9988|75.9988
261|75.9988|75.9988
262|75.9988|75.9988
263|75.9988|75.9988
264|75.9988|75.9988
265|75.9988|75.9988
266|75.9988|75.9988
267|75.9988|75.9988
268|75.9988|75.9988
269|75.9988|75.9988
270|75.9988|75.9988
271|75.9988|75.9988
272|75.9988|75.9988
273|75.9988|75.9988
274|75.9988|75.9988
275|75.9988|75.9988
276|75.9988|75.9988
277|75.9988|75.9988
278|75.9988|75.9988
279|75.9988|75.9988
280|75.9988|75.9988
281|75.9988|75.9988
282|75.9988|75.9988
283|75.9988|75.9988
284|75.9988|75.9988
285|75.9988|75.9988
286|75.9988|75.9988
287|75.9988|75.9988
288|75.9988|75.9988
289|75.9988|75.9988
290|75.9988|75.9988
291|75.9988|75.9988
292|75.9988|75.9988
293|75.9988|75.9988
294|75.9988|75.9988
295|75.9988|75.9988
296|75.9988|75.9988
297|75.9988|75.9988
298|75.9988|75.9988
299|75.9988|75.9988
300|75.9988|75.9988
301|75.9988|75.9988
302|75.9988|75.9988
303|75.9988|75.9988
304|75.9988|75.9988
305|75.9988|75.9988
306|75.9988|75.9988
307|75.9988|75.9988
308|75.9988|75.9988
309|75.9988|75.9988
310|75.9988|75.9988
311|75.9988|75.9988
312|75.9988|75.9988
313|75.9988|75.9988
314|75.9988|75.9988
315|75.9988|75.9988
316|75.9988|75.9988
317|75.9988|75.9988
318|75.9988|75.9988
319|75.9988|75.9988
320|75.9988|75.9988
321|75.9988|75.9988
322|75.9988|75.9988
323|75.9988|75.9988
324|75.9988|75.9988
325|75.9988|75.9988
326|75.9988|75.9988
327|75.9988|75.9988
328|75.9988|75.9988
329|75.9988|75.9988
330|75.9988|75.9988
331|75.9988|75.9988
332|75.9988|75.9988
333|75.9988|75.9988
334|75.9988|75.9988
335|75.9988|75.9988
336|75.9988|75.9988
337|75.9988|75.9988
338|75.9988|75.9988
339|75.9988|75.9988
340|75.9988|75.9988
341|75.9988|75.9988
342|75.9988|75.9988
343|75.9988|75.9988
344|75.9988|75.9988
345|75.9988|75.9988
346|75.9988|75.9988
347|75.9988|75.9988
348|75.9988|75.9988
349|75.9988|75.9988
350|75.9988|75.9988
351|75.9988|75.9988
352|75.9988|75.9988
353|75.9988|75.9988
354|75.9988|75.9988
355|75.9988|75.9988
356|75.9988|75.9988
357|75.9988|75.9988
358|75.9988|75.9988
359|75.9988|75.9988
360|75.9988|75.9988
361|75.9988|75.9988
362|75.9988|75.9988
363|75.9988|75.9988
364|75.9988|75.9988
365|75.9988|75.9988
366|75.9988|75.9988
367|75.9988|75.9988
368|75.9988|75.9988
369|75.9988|75.9988
370|75.9988|75.9988
371|75.9988|75.9988
372|75.9988|75.9988
373|75.9988|75.9988
374|75.9988|75.9988
375|75.9988|75.9988
376|75.9988|75.9988
377|75.9988|75.9988
EARLY STOP: TARGET FOUND
3112118ms
