1|-4.93498|-4.93498
2|-5.07145|-5.07145
3|-5.07167|-5.07167
4|-5.07173|-5.07173
5|-5.07174|-5.07174
6|-5.34161|-5.34161
7|-5.38899|-5.38899
8|-5.41066|-5.41066
9|-5.41577|-5.41577
10|-5.41829|-5.41829
11|-5.41891|-5.41891
12|-5.41906|-5.41906
13|-5.41914|-5.41914
14|-5.41916|-5.41916
15|-6.14711|-6.14711
16|-6.18258|-6.18258
17|-6.19463|-6.19463
18|-6.19913|-6.19913
19|-6.20099|-6.20099
20|-6.20182|-6.20182
21|-6.20202|-6.20202
22|-6.20211|-6.20211
23|-6.20214|-6.20214
24|-6.20214|-6.20214
25|-6.24643|-6.24643
26|-6.26747|-6.26747
27|-6.2676|-6.2676
28|-6.27028|-6.27028
29|-7.05872|-7.05872
30|-7.05872|-7.05872
31|-7.0793|-7.0793
32|-7.08757|-7.08757
33|-7.0878|-7.0878
34|-7.08792|-7.08792
35|-7.08798|-7.08798
36|-7.22537|-7.22537
37|-7.97332|-7.97332
38|-8.03453|-8.03453
39|-8.03484|-8.03484
40|-8.03485|-8.03485
41|-8.03485|-8.03485
42|-8.3526|-8.3526
43|-8.59642|-8.59642
44|-8.80177|-8.80177
45|-8.82225|-8.82225
46|-8.8272|-8.8272
47|-8.82831|-8.82831
48|-8.82852|-8.82852
49|-8.82854|-8.82854
50|-8.83612|-8.83612
51|-9.42837|-9.42837
52|-9.64639|-9.64639
53|-9.69105|-9.69105
54|-9.69105|-9.69105
55|-9.71113|-9.71113
56|-9.7159|-9.7159
57|-9.71824|-9.71824
58|-9.71882|-9.71882
59|-9.71897|-9.71897
60|-9.71904|-9.71904
61|-10.3584|-10.3584
62|-10.4125|-10.4125
63|-10.4136|-10.4136
64|-10.4139|-10.4139
65|-10.4141|-10.4141
66|-10.4141|-10.4141
67|-10.4141|-10.4141
68|-10.4387|-10.4387
69|-10.5824|-10.5824
70|-10.5979|-10.5979
71|-10.606|-10.606
72|-10.6101|-10.6101
73|-10.6111|-10.6111
74|-10.6425|-10.6425
75|-11.3465|-11.3465
76|-11.35|-11.35
77|-11.3517|-11.3517
78|-11.3526|-11.3526
79|-11.353|-11.353
80|-12.2427|-12.2427
81|-12.2431|-12.2431
82|-12.2475|-12.2475
83|-12.2486|-12.2486
84|-12.2488|-12.2488
85|-12.2488|-12.2488
86|-12.2488|-12.2488
87|-12.2488|-12.2488
88|-12.2492|-12.2492
89|-12.3097|-12.3097
90|-12.5666|-12.5666
91|-12.747|-12.747
92|-13.0969|-13.0969
93|-13.2049|-13.2049
94|-13.2127|-13.2127
95|-13.2161|-13.2161
96|-13.2163|-13.2163
97|-13.2514|-13.2514
98|-13.3087|-13.3087
99|-13.3164|-13.3164
100|-13.3165|-13.3165
101|-13.3166|-13.3166
102|-13.5761|-13.5761
103|-14.1046|-14.1046
104|-14.1671|-14.1671
105|-14.1778|-14.1778
106|-14.1782|-14.1782
107|-14.1782|-14.1782
108|-14.3432|-14.3432
109|-14.551|-14.551
110|-14.7263|-14.7263
111|-14.7358|-14.7358
112|-14.7382|-14.7382
113|-14.7394|-14.7394
114|-14.74|-14.74
115|-14.7403|-14.7403
116|-14.8367|-14.8367
117|-14.8485|-14.8485
118|-15.4899|-15.4899
119|-15.4901|-15.4901
120|-15.4902|-15.4902
121|-15.4903|-15.4903
122|-15.4903|-15.4903
123|-16.41|-16.41
124|-16.4101|-16.4101
125|-17.2976|-17.2976
126|-17.3835|-17.3835
127|-17.3837|-17.3837
128|-17.3837|-17.3837
129|-17.3858|-17.3858
130|-17.5837|-17.5837
131|-17.8733|-17.8733
132|-18.0497|-18.0497
133|-18.2655|-18.2655
134|-18.2767|-18.2767
135|-18.2792|-18.2792
136|-18.2795|-18.2795
137|-18.2796|-18.2796
138|-18.9506|-18.9506
139|-18.9516|-18.9516
140|-18.9522|-18.9522
141|-18.9522|-18.9522
142|-18.9522|-18.9522
143|-19.3292|-19.3292
144|-19.473|-19.473
145|-19.5071|-19.5071
146|-19.5154|-19.5154
147|-19.5175|-19.5175
148|-19.565|-19.565
149|-19.5665|-19.5665
150|-19.5666|-19.5666
151|-19.5666|-19.5666
152|-19.5666|-19.5666
153|-19.8357|-19.8357
154|-19.9934|-19.9934
155|-20.1626|-20.1626
156|-20.2044|-20.2044
157|-20.2103|-20.2103
158|-20.2103|-20.2103
159|-20.2104|-20.2104
160|-20.2278|-20.2278
161|-20.905|-20.905
162|-20.905|-20.905
163|-20.905|-20.905
164|-21.3883|-21.3883
165|-21.4303|-21.4303
166|-21.4332|-21.4332
167|-21.438|-21.438
168|-21.438|-21.438
169|-21.4381|-21.4381
170|-21.4381|-21.4381
171|-21.6737|-21.6737
172|-21.6959|-21.6959
173|-21.7061|-21.7061
174|-21.7109|-21.7109
175|-21.7133|-21.7133
176|-21.7144|-21.7144
177|-21.715|-21.715
178|-21.7449|-21.7449
179|-22.3247|-22.3247
180|-22.6264|-22.6264
181|-22.6446|-22.6446
182|-22.6517|-22.6517
183|-22.6533|-22.6533
184|-22.654|-22.654
185|-22.6544|-22.6544
186|-22.6546|-22.6546
187|-22.6555|-22.6555
188|-22.8587|-22.8587
189|-23.6255|-23.6255
190|-23.6274|-23.6274
191|-23.628|-23.628
192|-23.6281|-23.6281
193|-23.9458|-23.9458
194|-24.421|-24.421
195|-24.4363|-24.4363
196|-24.4377|-24.4377
197|-24.4378|-24.4378
198|-24.4378|-24.4378
199|-24.4378|-24.4378
200|-24.4378|-24.4378
201|-24.4378|-24.4378
202|-24.4378|-24.4378
203|-24.4378|-24.4378
204|-24.4378|-24.4378
205|-24.4378|-24.4378
206|-24.4378|-24.4378
207|-24.4378|-24.4378
208|-24.4378|-24.4378
209|-24.4378|-24.4378
210|-24.4378|-24.4378
211|-24.4378|-24.4378
212|-24.4378|-24.4378
213|-24.4378|-24.4378
214|-24.4378|-24.4378
215|-24.4378|-24.4378
216|-24.4378|-24.4378
217|-24.4378|-24.4378
218|-24.4378|-24.4378
219|-24.4378|-24.4378
220|-24.4378|-24.4378
221|-24.4378|-24.4378
222|-24.4378|-24.4378
223|-24.4378|-24.4378
224|-24.4378|-24.4378
225|-24.4378|-24.4378
226|-24.4378|-24.4378
227|-24.4378|-24.4378
228|-24.4378|-24.4378
229|-24.4378|-24.4378
230|-24.4378|-24.4378
231|-24.4378|-24.4378
232|-24.4378|-24.4378
233|-24.4378|-24.4378
234|-24.4378|-24.4378
235|-24.4378|-24.4378
236|-24.4378|-24.4378
237|-24.4378|-24.4378
238|-24.4378|-24.4378
239|-24.4378|-24.4378
240|-24.4378|-24.4378
241|-24.4378|-24.4378
242|-24.4378|-24.4378
243|-24.4378|-24.4378
244|-24.4378|-24.4378
245|-24.4378|-24.4378
246|-24.4378|-24.4378
247|-24.4378|-24.4378
248|-24.4378|-24.4378
249|-24.4378|-24.4378
250|-24.4378|-24.4378
251|-24.4378|-24.4378
252|-24.4378|-24.4378
253|-24.4378|-24.4378
254|-24.4378|-24.4378
255|-24.4378|-24.4378
256|-24.4378|-24.4378
257|-24.4378|-24.4378
258|-24.4378|-24.4378
259|-24.4378|-24.4378
260|-24.4378|-24.4378
261|-24.4378|-24.4378
262|-24.4378|-24.4378
263|-24.4378|-24.4378
264|-24.4378|-24.4378
265|-24.4378|-24.4378
266|-24.4378|-24.4378
267|-24.4378|-24.4378
268|-24.4378|-24.4378
269|-24.4378|-24.4378
270|-24.4378|-24.4378
271|-24.4378|-24.4378
272|-24.4378|-24.4378
273|-24.4378|-24.4378
274|-24.4378|-24.4378
275|-24.4378|-24.4378
276|-24.4378|-24.4378
277|-24.4378|-24.4378
278|-24.4378|-24.4378
279|-24.4378|-24.4378
280|-24.4378|-24.4378
281|-24.4378|-24.4378
282|-24.4378|-24.4378
283|-24.4378|-24.4378
284|-24.4378|-24.4378
285|-24.4378|-24.4378
286|-24.4378|-24.4378
287|-24.4378|-24.4378
288|-24.4378|-24.4378
289|-24.4378|-24.4378
290|-24.4378|-24.4378
291|-24.4378|-24.4378
292|-24.4378|-24.4378
293|-24.4378|-24.4378
294|-24.4378|-24.4378
295|-24.4378|-24.4378
296|-24.4378|-24.4378
297|-24.4378|-24.4378
298|-24.4378|-24.4378
299|-24.4378|-24.4378
300|-24.4378|-24.4378
301|-24.4378|-24.4378
302|-24.4378|-24.4378
303|-24.4378|-24.4378
304|-24.4378|-24.4378
305|-24.4378|-24.4378
306|-24.4378|-24.4378
307|-24.4378|-24.4378
308|-24.4378|-24.4378
309|-24.4378|-24.4378
310|-24.4378|-24.4378
311|-24.4378|-24.4378
312|-24.4378|-24.4378
313|-24.4378|-24.4378
314|-24.4378|-24.4378
315|-24.4378|-24.4378
316|-24.4378|-24.4378
317|-24.4378|-24.4378
318|-24.4378|-24.4378
319|-24.4378|-24.4378
320|-24.4378|-24.4378
321|-24.4378|-24.4378
322|-24.4378|-24.4378
323|-24.4378|-24.4378
324|-24.4378|-24.4378
325|-24.4378|-24.4378
326|-24.4378|-24.4378
327|-24.4378|-24.4378
328|-24.4378|-24.4378
329|-24.4378|-24.4378
330|-24.4378|-24.4378
331|-24.4378|-24.4378
332|-24.4378|-24.4378
333|-24.4378|-24.4378
334|-24.4378|-24.4378
335|-24.4378|-24.4378
336|-24.4378|-24.4378
337|-24.4378|-24.4378
338|-24.4378|-24.4378
339|-24.4378|-24.4378
340|-24.4378|-24.4378
341|-24.4378|-24.4378
342|-24.4378|-24.4378
343|-24.4378|-24.4378
344|-24.4378|-24.4378
345|-24.4378|-24.4378
346|-24.4378|-24.4378
347|-24.4378|-24.4378
348|-24.4378|-24.4378
349|-24.4378|-24.4378
EARLY STOP: TARGET FOUND
2863497ms
