1|32.1316|32.1316
2|27.4004|27.4004
3|26.2635|26.2635
4|26.0023|26.0023
5|25.9485|25.9485
6|25.9408|25.9408
7|25.9407|25.9407
8|25.9407|25.9407
9|25.2481|25.2481
10|25.2481|25.2481
11|25.203|25.203
12|25.1997|25.1997
13|25.1992|25.1992
14|24.0089|24.0089
15|24.0089|24.0089
16|19.3913|19.3913
17|18.3113|18.3113
18|18.0785|18.0785
19|18.0389|18.0389
20|18.037|18.037
21|18.0369|18.0369
22|9.33638|9.33638
23|9.33638|9.33638
24|9.33638|9.33638
25|6.59631|6.59631
26|6.42329|6.42329
27|6.41204|6.41204
28|6.41123|6.41123
29|6.41112|6.41112
30|1.56755|1.56755
31|1.56755|1.56755
32|0.374565|0.374565
33|0.374565|0.374565
34|0.0852738|0.0852738
35|0.0174284|0.0174284
36|0.00270573|0.00270573
EARLY STOP: TARGET FOUND
6399ms
