1|207.083|207.083
2|198.075|198.075
3|196.376|196.376
4|195.701|195.701
5|195.413|195.413
6|195.379|195.379
7|195.363|195.363
8|195.361|195.361
9|195.359|195.359
10|195.359|195.359
11|194.051|194.051
12|194.051|194.051
13|194.051|194.051
14|189.242|189.242
15|178.327|178.327
16|174.353|174.353
17|174.32|174.32
18|174.318|174.318
19|174.318|174.318
20|174.318|174.318
21|166.62|166.62
22|166.559|166.559
23|166.557|166.557
24|166.557|166.557
25|166.557|166.557
26|141.51|141.51
27|133.068|133.068
28|133.051|133.051
29|133.051|133.051
30|108.846|108.846
31|108.846|108.846
32|98.1264|98.1264
33|97.9136|97.9136
34|97.9078|97.9078
35|97.9056|97.9056
36|97.9054|97.9054
37|97.9053|97.9053
38|97.9053|97.9053
39|92.4196|92.4196
40|79.9786|79.9786
41|77.6206|77.6206
42|77.3439|77.3439
43|77.3439|77.3439
44|77.343|77.343
45|77.3428|77.3428
46|77.3427|77.3427
47|77.3427|77.3427
48|71.3342|71.3342
49|59.5922|59.5922
50|59.5156|59.5156
51|59.4979|59.4979
52|59.4936|59.4936
53|59.4915|59.4915
54|56.0812|56.0812
55|35.9083|35.9083
56|33.9523|33.9523
57|33.8417|33.8417
58|33.839|33.839
59|33.8385|33.8385
60|33.8385|33.8385
61|33.0921|33.0921
62|31.2675|31.2675
63|29.4644|29.4644
64|26.1877|26.1877
65|25.3321|25.3321
66|25.3277|25.3277
67|25.3256|25.3256
68|25.3245|25.3245
69|25.3245|25.3245
70|25.3245|25.3245
71|25.3245|25.3245
72|25.3245|25.3245
73|25.3245|25.3245
74|25.3245|25.3245
75|25.3245|25.3245
76|25.3245|25.3245
77|25.3245|25.3245
78|25.3245|25.3245
79|25.3245|25.3245
80|25.3245|25.3245
81|25.3245|25.3245
82|25.3245|25.3245
83|25.3245|25.3245
84|25.3245|25.3245
85|25.3245|25.3245
86|25.3245|25.3245
87|25.3245|25.3245
88|25.3245|25.3245
89|25.3245|25.3245
90|25.3245|25.3245
91|25.3245|25.3245
92|25.3245|25.3245
93|25.3245|25.3245
94|25.3245|25.3245
95|25.3245|25.3245
96|25.3245|25.3245
97|25.3245|25.3245
98|25.3245|25.3245
99|25.3245|25.3245
100|25.3245|25.3245
101|25.3245|25.3245
102|25.3245|25.3245
103|25.3245|25.3245
104|25.3245|25.3245
105|25.3245|25.3245
106|25.3245|25.3245
107|25.3245|25.3245
108|25.3245|25.3245
109|25.3245|25.3245
110|25.3245|25.3245
111|25.3245|25.3245
112|25.3245|25.3245
113|25.3245|25.3245
114|25.3245|25.3245
115|25.3245|25.3245
116|25.3245|25.3245
117|25.3245|25.3245
118|25.3245|25.3245
119|25.3245|25.3245
120|25.3245|25.3245
121|25.3245|25.3245
122|25.3245|25.3245
123|25.3245|25.3245
124|25.3245|25.3245
125|25.3245|25.3245
126|25.3245|25.3245
127|25.3245|25.3245
128|25.3245|25.3245
129|25.3245|25.3245
130|25.3245|25.3245
131|25.3245|25.3245
132|25.3245|25.3245
133|25.3245|25.3245
134|25.3245|25.3245
135|25.3245|25.3245
136|25.3245|25.3245
137|25.3245|25.3245
138|25.3245|25.3245
139|25.3245|25.3245
140|25.3245|25.3245
141|25.3245|25.3245
142|25.3245|25.3245
143|25.3245|25.3245
144|25.3245|25.3245
145|25.3245|25.3245
146|25.3245|25.3245
147|25.3245|25.3245
148|25.3245|25.3245
149|25.3245|25.3245
150|25.3245|25.3245
151|25.3245|25.3245
152|25.3245|25.3245
153|25.3245|25.3245
154|25.3245|25.3245
155|25.3245|25.3245
156|25.3245|25.3245
157|25.3245|25.3245
158|25.3245|25.3245
159|25.3245|25.3245
160|25.3245|25.3245
161|25.3245|25.3245
162|25.3245|25.3245
163|25.3245|25.3245
164|25.3245|25.3245
165|25.3245|25.3245
166|25.3245|25.3245
167|25.3245|25.3245
168|25.3245|25.3245
169|25.3245|25.3245
170|25.3245|25.3245
171|25.3245|25.3245
172|25.3245|25.3245
173|25.3245|25.3245
174|25.3245|25.3245
175|25.3245|25.3245
176|25.3245|25.3245
177|25.3245|25.3245
178|25.3245|25.3245
179|25.3245|25.3245
180|25.3245|25.3245
181|25.3245|25.3245
182|25.3245|25.3245
183|25.3245|25.3245
184|25.3245|25.3245
185|25.3245|25.3245
186|25.3245|25.3245
187|25.3245|25.3245
188|25.3245|25.3245
189|25.3245|25.3245
190|25.3245|25.3245
191|25.3245|25.3245
192|25.3245|25.3245
193|25.3245|25.3245
194|25.3245|25.3245
195|25.3245|25.3245
196|25.3245|25.3245
197|25.3245|25.3245
198|25.3245|25.3245
199|25.3245|25.3245
200|25.3245|25.3245
201|25.3245|25.3245
202|25.3245|25.3245
203|25.3245|25.3245
204|25.3245|25.3245
205|25.3245|25.3245
206|25.3245|25.3245
207|25.3245|25.3245
208|25.3245|25.3245
209|25.3245|25.3245
210|25.3245|25.3245
211|25.3245|25.3245
212|25.3245|25.3245
213|25.3245|25.3245
214|25.3245|25.3245
215|25.3245|25.3245
216|25.3245|25.3245
217|25.3245|25.3245
218|25.3245|25.3245
EARLY STOP: TARGET FOUND
258546ms
