1|191.532|191.532
2|191.126|191.126
3|190.933|190.933
4|190.886|190.886
5|190.862|190.862
6|190.851|190.851
7|190.85|190.85
8|185.061|185.061
9|184.966|184.966
10|184.966|184.966
11|184.966|184.966
12|169.371|169.371
13|166.084|166.084
14|166.061|166.061
15|166.058|166.058
16|166.057|166.057
17|160.896|160.896
18|160.647|160.647
19|155.523|155.523
20|154.578|154.578
21|154.578|154.578
22|131.95|131.95
23|131.042|131.042
24|131.005|131.005
25|130.987|130.987
26|130.983|130.983
27|130.982|130.982
28|130.982|130.982
29|129.643|129.643
30|129.179|129.179
31|129.003|129.003
32|128.929|128.929
33|128.927|128.927
34|128.926|128.926
35|128.926|128.926
36|127.239|127.239
37|103.093|103.093
38|102.656|102.656
39|102.646|102.646
40|102.644|102.644
41|102.644|102.644
42|88.4762|88.4762
43|79.4492|79.4492
44|79.4492|79.4492
45|77.719|77.719
46|77.0257|77.0257
47|76.7275|76.7275
48|76.6583|76.6583
49|76.6245|76.6245
50|76.6078|76.6078
51|76.5995|76.5995
52|76.5953|76.5953
53|76.5943|76.5943
54|76.5938|76.5938
55|76.5935|76.5935
56|73.5707|73.5707
57|52.2333|52.2333
58|50.6891|50.6891
59|50.6742|50.6742
60|50.6705|50.6705
61|50.6696|50.6696
62|50.6694|50.6694
63|50.6693|50.6693
64|50.6693|50.6693
65|50.6693|50.6693
66|35.1677|35.1677
67|34.4592|34.4592
68|34.4002|34.4002
69|34.4001|34.4001
70|34.3989|34.3989
71|34.3989|34.3989
72|34.3989|34.3989
73|34.3989|34.3989
74|34.3989|34.3989
75|34.3989|34.3989
76|34.3989|34.3989
77|34.3989|34.3989
78|34.3989|34.3989
79|34.3989|34.3989
80|34.3989|34.3989
81|34.3989|34.3989
82|34.3989|34.3989
83|34.3989|34.3989
84|34.3989|34.3989
85|34.3989|34.3989
86|34.3989|34.3989
87|34.3989|34.3989
88|34.3989|34.3989
89|34.3989|34.3989
90|34.3989|34.3989
91|34.3989|34.3989
92|34.3989|34.3989
93|34.3989|34.3989
94|34.3989|34.3989
95|34.3989|34.3989
96|34.3989|34.3989
97|34.3989|34.3989
98|34.3989|34.3989
99|34.3989|34.3989
100|34.3989|34.3989
101|34.3989|34.3989
102|34.3989|34.3989
103|34.3989|34.3989
104|34.3989|34.3989
105|34.3989|34.3989
106|34.3989|34.3989
107|34.3989|34.3989
108|34.3989|34.3989
109|34.3989|34.3989
110|34.3989|34.3989
111|34.3989|34.3989
112|34.3989|34.3989
113|34.3989|34.3989
114|34.3989|34.3989
115|34.3989|34.3989
116|34.3989|34.3989
117|34.3989|34.3989
118|34.3989|34.3989
119|34.3989|34.3989
120|34.3989|34.3989
121|34.3989|34.3989
122|34.3989|34.3989
123|34.3989|34.3989
124|34.3989|34.3989
125|34.3989|34.3989
126|34.3989|34.3989
127|34.3989|34.3989
128|34.3989|34.3989
129|34.3989|34.3989
130|34.3989|34.3989
131|34.3989|34.3989
132|34.3989|34.3989
133|34.3989|34.3989
134|34.3989|34.3989
135|34.3989|34.3989
136|34.3989|34.3989
137|34.3989|34.3989
138|34.3989|34.3989
139|34.3989|34.3989
140|34.3989|34.3989
141|34.3989|34.3989
142|34.3989|34.3989
143|34.3989|34.3989
144|34.3989|34.3989
145|34.3989|34.3989
146|34.3989|34.3989
147|34.3989|34.3989
148|34.3989|34.3989
149|34.3989|34.3989
150|34.3989|34.3989
151|34.3989|34.3989
152|34.3989|34.3989
153|34.3989|34.3989
154|34.3989|34.3989
155|34.3989|34.3989
156|34.3989|34.3989
157|34.3989|34.3989
158|34.3989|34.3989
159|34.3989|34.3989
160|34.3989|34.3989
161|34.3989|34.3989
162|34.3989|34.3989
163|34.3989|34.3989
164|34.3989|34.3989
165|34.3989|34.3989
166|34.3989|34.3989
167|34.3989|34.3989
168|34.3989|34.3989
169|34.3989|34.3989
170|34.3989|34.3989
171|34.3989|34.3989
172|34.3989|34.3989
173|34.3989|34.3989
174|34.3989|34.3989
175|34.3989|34.3989
176|34.3989|34.3989
177|34.3989|34.3989
178|34.3989|34.3989
179|34.3989|34.3989
180|34.3989|34.3989
181|34.3989|34.3989
182|34.3989|34.3989
183|34.3989|34.3989
184|34.3989|34.3989
185|34.3989|34.3989
186|34.3989|34.3989
187|34.3989|34.3989
188|34.3989|34.3989
189|34.3989|34.3989
190|34.3989|34.3989
191|34.3989|34.3989
192|34.3989|34.3989
193|34.3989|34.3989
194|34.3989|34.3989
195|34.3989|34.3989
196|34.3989|34.3989
197|34.3989|34.3989
198|34.3989|34.3989
199|34.3989|34.3989
200|34.3989|34.3989
201|34.3989|34.3989
202|34.3989|34.3989
203|34.3989|34.3989
204|34.3989|34.3989
205|34.3989|34.3989
206|34.3989|34.3989
207|34.3989|34.3989
208|34.3989|34.3989
209|34.3989|34.3989
210|34.3989|34.3989
211|34.3989|34.3989
212|34.3989|34.3989
213|34.3989|34.3989
214|34.3989|34.3989
215|34.3989|34.3989
216|34.3989|34.3989
217|34.3989|34.3989
218|34.3989|34.3989
219|34.3989|34.3989
220|34.3989|34.3989
EARLY STOP: TARGET FOUND
265904ms
