1|620.999|620.999
2|618.166|618.166
3|611.641|611.641
4|610.79|610.79
5|609.149|609.149
6|607.005|607.005
7|603.808|603.808
8|603.331|603.331
9|603.148|603.148
10|603.071|603.071
11|603.053|603.053
12|603.044|603.044
13|603.042|603.042
14|603.042|603.042
15|603.041|603.041
16|575.161|575.161
17|575.104|575.104
18|575.091|575.091
19|575.088|575.088
20|575.087|575.087
21|575.087|575.087
22|553.811|553.811
23|548.382|548.382
24|538.785|538.785
25|538.768|538.768
26|538.757|538.757
27|538.756|538.756
28|538.756|538.756
29|523.532|523.532
30|519.229|519.229
31|517.581|517.581
32|516.936|516.936
33|516.796|516.796
34|516.762|516.762
35|516.745|516.745
36|516.737|516.737
37|516.735|516.735
38|516.734|516.734
39|516.734|516.734
40|507.687|507.687
41|505.919|505.919
42|505.203|505.203
43|504.892|504.892
44|504.75|504.75
45|504.682|504.682
46|504.665|504.665
47|504.657|504.657
48|504.655|504.655
49|504.654|504.654
50|504.653|504.653
51|504.653|504.653
52|500.438|500.438
53|500.421|500.421
54|500.421|500.421
55|489.629|489.629
56|488.754|488.754
57|469.264|469.264
58|469.242|469.242
59|461.99|461.99
60|459.669|459.669
61|459.669|459.669
62|459.28|459.28
63|459.257|459.257
64|459.256|459.256
65|459.256|459.256
66|455.385|455.385
67|436.913|436.913
68|434.434|434.434
69|434.078|434.078
70|434.077|434.077
71|434.001|434.001
72|433.988|433.988
73|433.982|433.982
74|433.981|433.981
75|433.981|433.981
76|428.431|428.431
77|414.612|414.612
78|412.985|412.985
79|412.966|412.966
80|412.962|412.962
81|412.961|412.961
82|412.96|412.96
83|412.96|412.96
84|412.96|412.96
85|411.622|411.622
86|411.621|411.621
87|411.588|411.588
88|411.587|411.587
89|411.587|411.587
90|402.579|402.579
91|400.88|400.88
92|400.205|400.205
93|399.916|399.916
94|399.883|399.883
95|399.866|399.866
96|399.864|399.864
97|399.863|399.863
98|396.251|396.251
99|378.921|378.921
100|378.764|378.764
101|378.744|378.744
102|371.054|371.054
103|370.711|370.711
104|368.178|368.178
105|367.661|367.661
106|366.843|366.843
107|362.602|362.602
108|362.587|362.587
109|362.587|362.587
110|337.269|337.269
111|330.406|330.406
112|330.23|330.23
113|330.225|330.225
114|330.222|330.222
115|330.221|330.221
116|330.221|330.221
117|330.221|330.221
118|323.827|323.827
119|314.837|314.837
120|314.837|314.837
121|304.6|304.6
122|299.589|299.589
123|298.582|298.582
124|298.57|298.57
125|298.57|298.57
126|298.57|298.57
127|290.417|290.417
128|289.816|289.816
129|289.799|289.799
130|289.799|289.799
131|289.799|289.799
132|280.768|280.768
133|273.996|273.996
134|273.97|273.97
135|273.668|273.668
136|273.668|273.668
137|262.817|262.817
138|262.534|262.534
139|262.534|262.534
140|262.534|262.534
141|250.222|250.222
142|244.505|244.505
143|244.423|244.423
144|244.423|244.423
145|219.005|219.005
146|216.336|216.336
147|215|215
148|214.999|214.999
149|195.181|195.181
150|190.032|190.032
151|190.018|190.018
152|190.015|190.015
153|190.015|190.015
154|190.015|190.015
155|186.183|186.183
156|185.779|185.779
157|185.588|185.588
158|185.564|185.564
159|185.553|185.553
160|185.55|185.55
161|185.548|185.548
162|185.548|185.548
163|185.547|185.547
164|163.555|163.555
165|161|161
166|160.601|160.601
167|160.595|160.595
168|160.595|160.595
169|153.003|153.003
170|147.564|147.564
171|133.184|133.184
172|131.86|131.86
173|131.86|131.86
174|131.859|131.859
175|131.859|131.859
176|131.859|131.859
177|128.539|128.539
178|127.167|127.167
179|126.613|126.613
180|126.545|126.545
181|126.54|126.54
182|126.537|126.537
183|126.537|126.537
184|126.537|126.537
185|126.537|126.537
186|126.537|126.537
187|106.673|106.673
188|101.575|101.575
189|101.563|101.563
190|101.561|101.561
191|101.561|101.561
192|91.4288|91.4288
193|91.0362|91.0362
194|90.9615|90.9615
195|90.9529|90.9529
196|90.9523|90.9523
197|90.9522|90.9522
198|90.9522|90.9522
199|90.9522|90.9522
200|90.9522|90.9522
201|90.9522|90.9522
202|90.9522|90.9522
203|90.9522|90.9522
204|90.9522|90.9522
205|90.9522|90.9522
206|90.9522|90.9522
207|90.9522|90.9522
208|90.9522|90.9522
209|90.9522|90.9522
210|90.9522|90.9522
211|90.9522|90.9522
212|90.9522|90.9522
213|90.9522|90.9522
214|90.9522|90.9522
215|90.9522|90.9522
216|90.9522|90.9522
217|90.9522|90.9522
218|90.9522|90.9522
219|90.9522|90.9522
220|90.9522|90.9522
221|90.9522|90.9522
222|90.9522|90.9522
223|90.9522|90.9522
224|90.9522|90.9522
225|90.9522|90.9522
226|90.9522|90.9522
227|90.9522|90.9522
228|90.9522|90.9522
229|90.9522|90.9522
230|90.9522|90.9522
231|90.9522|90.9522
232|90.9522|90.9522
233|90.9522|90.9522
234|90.9522|90.9522
235|90.9522|90.9522
236|90.9522|90.9522
237|90.9522|90.9522
238|90.9522|90.9522
239|90.9522|90.9522
240|90.9522|90.9522
241|90.9522|90.9522
242|90.9522|90.9522
243|90.9522|90.9522
244|90.9522|90.9522
245|90.9522|90.9522
246|90.9522|90.9522
247|90.9522|90.9522
248|90.9522|90.9522
249|90.9522|90.9522
250|90.9522|90.9522
251|90.9522|90.9522
252|90.9522|90.9522
253|90.9522|90.9522
254|90.9522|90.9522
255|90.9522|90.9522
256|90.9522|90.9522
257|90.9522|90.9522
258|90.9522|90.9522
259|90.9522|90.9522
260|90.9522|90.9522
261|90.9522|90.9522
262|90.9522|90.9522
263|90.9522|90.9522
264|90.9522|90.9522
265|90.9522|90.9522
266|90.9522|90.9522
267|90.9522|90.9522
268|90.9522|90.9522
269|90.9522|90.9522
270|90.9522|90.9522
271|90.9522|90.9522
272|90.9522|90.9522
273|90.9522|90.9522
274|90.9522|90.9522
275|90.9522|90.9522
276|90.9522|90.9522
277|90.9522|90.9522
278|90.9522|90.9522
279|90.9522|90.9522
280|90.9522|90.9522
281|90.9522|90.9522
282|90.9522|90.9522
283|90.9522|90.9522
284|90.9522|90.9522
285|90.9522|90.9522
286|90.9522|90.9522
287|90.9522|90.9522
288|90.9522|90.9522
289|90.9522|90.9522
290|90.9522|90.9522
291|90.9522|90.9522
292|90.9522|90.9522
293|90.9522|90.9522
294|90.9522|90.9522
295|90.9522|90.9522
296|90.9522|90.9522
297|90.9522|90.9522
298|90.9522|90.9522
299|90.9522|90.9522
300|90.9522|90.9522
301|90.9522|90.9522
302|90.9522|90.9522
303|90.9522|90.9522
304|90.9522|90.9522
305|90.9522|90.9522
306|90.9522|90.9522
307|90.9522|90.9522
308|90.9522|90.9522
309|90.9522|90.9522
310|90.9522|90.9522
311|90.9522|90.9522
312|90.9522|90.9522
313|90.9522|90.9522
314|90.9522|90.9522
315|90.9522|90.9522
316|90.9522|90.9522
317|90.9522|90.9522
318|90.9522|90.9522
319|90.9522|90.9522
320|90.9522|90.9522
321|90.9522|90.9522
322|90.9522|90.9522
323|90.9522|90.9522
324|90.9522|90.9522
325|90.9522|90.9522
326|90.9522|90.9522
327|90.9522|90.9522
328|90.9522|90.9522
329|90.9522|90.9522
330|90.9522|90.9522
331|90.9522|90.9522
332|90.9522|90.9522
333|90.9522|90.9522
334|90.9522|90.9522
335|90.9522|90.9522
336|90.9522|90.9522
337|90.9522|90.9522
338|90.9522|90.9522
339|90.9522|90.9522
340|90.9522|90.9522
341|90.9522|90.9522
342|90.9522|90.9522
343|90.9522|90.9522
344|90.9522|90.9522
345|90.9522|90.9522
346|90.9522|90.9522
347|90.9522|90.9522
EARLY STOP: TARGET FOUND
2771590ms
