1|86.117|86.117
2|76.1219|76.1219
3|75.4521|75.4521
4|72.1945|72.1945
5|71.6991|71.6991
6|71.5062|71.5062
7|71.4239|71.4239
8|71.3863|71.3863
9|71.3684|71.3684
10|71.3597|71.3597
11|71.3554|71.3554
12|71.3551|71.3551
13|71.355|71.355
14|61.6006|61.6006
15|58.6527|58.6527
16|40.6958|40.6958
17|40.6421|40.6421
18|40.6349|40.6349
19|40.6335|40.6335
20|40.6328|40.6328
21|40.6327|40.6327
22|40.6327|40.6327
23|39.9879|39.9879
24|35.9338|35.9338
25|33.2093|33.2093
26|33.0235|33.0235
27|32.9448|32.9448
28|32.909|32.909
29|32.9047|32.9047
30|32.9044|32.9044
31|32.9042|32.9042
32|22.3835|22.3835
33|20.4979|20.4979
34|18.8074|18.8074
35|15.5047|15.5047
36|14.6322|14.6322
37|14.6146|14.6146
38|14.6103|14.6103
39|14.6092|14.6092
40|14.6087|14.6087
41|14.6085|14.6085
42|13.9016|13.9016
43|13.7848|13.7848
44|13.7833|13.7833
45|13.7833|13.7833
46|13.7833|13.7833
47|13.7833|13.7833
48|13.7833|13.7833
49|13.7833|13.7833
50|13.7833|13.7833
51|13.7833|13.7833
52|13.7833|13.7833
53|13.7833|13.7833
54|13.7833|13.7833
55|13.7833|13.7833
56|13.7833|13.7833
57|13.7833|13.7833
58|13.7833|13.7833
59|13.7833|13.7833
60|13.7833|13.7833
61|13.7833|13.7833
62|13.7833|13.7833
63|13.7833|13.7833
64|13.7833|13.7833
65|13.7833|13.7833
66|13.7833|13.7833
67|13.7833|13.7833
68|13.7833|13.7833
69|13.7833|13.7833
70|13.7833|13.7833
71|13.7833|13.7833
72|13.7833|13.7833
73|13.7833|13.7833
74|13.7833|13.7833
75|13.7833|13.7833
76|13.7833|13.7833
77|13.7833|13.7833
78|13.7833|13.7833
79|13.7833|13.7833
80|13.7833|13.7833
81|13.7833|13.7833
82|13.7833|13.7833
83|13.7833|13.7833
84|13.7833|13.7833
85|13.7833|13.7833
86|13.7833|13.7833
87|13.7833|13.7833
88|13.7833|13.7833
89|13.7833|13.7833
90|13.7833|13.7833
91|13.7833|13.7833
92|13.7833|13.7833
93|13.7833|13.7833
94|13.7833|13.7833
95|13.7833|13.7833
96|13.7833|13.7833
97|13.7833|13.7833
98|13.7833|13.7833
99|13.7833|13.7833
100|13.7833|13.7833
101|13.7833|13.7833
102|13.7833|13.7833
103|13.7833|13.7833
104|13.7833|13.7833
105|13.7833|13.7833
106|13.7833|13.7833
107|13.7833|13.7833
108|13.7833|13.7833
109|13.7833|13.7833
110|13.7833|13.7833
111|13.7833|13.7833
112|13.7833|13.7833
113|13.7833|13.7833
114|13.7833|13.7833
115|13.7833|13.7833
116|13.7833|13.7833
117|13.7833|13.7833
118|13.7833|13.7833
119|13.7833|13.7833
120|13.7833|13.7833
121|13.7833|13.7833
122|13.7833|13.7833
123|13.7833|13.7833
124|13.7833|13.7833
125|13.7833|13.7833
126|13.7833|13.7833
127|13.7833|13.7833
128|13.7833|13.7833
129|13.7833|13.7833
130|13.7833|13.7833
131|13.7833|13.7833
132|13.7833|13.7833
133|13.7833|13.7833
134|13.7833|13.7833
135|13.7833|13.7833
136|13.7833|13.7833
137|13.7833|13.7833
138|13.7833|13.7833
139|13.7833|13.7833
140|13.7833|13.7833
141|13.7833|13.7833
142|13.7833|13.7833
143|13.7833|13.7833
144|13.7833|13.7833
145|13.7833|13.7833
146|13.7833|13.7833
147|13.7833|13.7833
148|13.7833|13.7833
149|13.7833|13.7833
150|13.7833|13.7833
151|13.7833|13.7833
152|13.7833|13.7833
153|13.7833|13.7833
154|13.7833|13.7833
155|13.7833|13.7833
156|13.7833|13.7833
157|13.7833|13.7833
158|13.7833|13.7833
159|13.7833|13.7833
160|13.7833|13.7833
161|13.7833|13.7833
162|13.7833|13.7833
163|13.7833|13.7833
164|13.7833|13.7833
165|13.7833|13.7833
166|13.7833|13.7833
167|13.7833|13.7833
168|13.7833|13.7833
169|13.7833|13.7833
170|13.7833|13.7833
171|13.7833|13.7833
172|13.7833|13.7833
173|13.7833|13.7833
174|13.7833|13.7833
175|13.7833|13.7833
176|13.7833|13.7833
177|13.7833|13.7833
178|13.7833|13.7833
179|13.7833|13.7833
180|13.7833|13.7833
181|13.7833|13.7833
182|13.7833|13.7833
183|13.7833|13.7833
184|13.7833|13.7833
185|13.7833|13.7833
186|13.7833|13.7833
187|13.7833|13.7833
188|13.7833|13.7833
189|13.7833|13.7833
190|13.7833|13.7833
191|13.7833|13.7833
192|13.7833|13.7833
193|13.7833|13.7833
194|13.7833|13.7833
EARLY STOP: TARGET FOUND
65849ms
