1|-1.41385|-1.41385
2|-1.4181|-1.4181
3|-1.41912|-1.41912
4|-1.41937|-1.41937
5|-1.4195|-1.4195
6|-1.41956|-1.41956
7|-1.41959|-1.41959
8|-1.77218|-1.77218
9|-1.77233|-1.77233
10|-1.77234|-1.77234
11|-1.77877|-1.77877
12|-2.40775|-2.40775
13|-2.71154|-2.71154
14|-2.72237|-2.72237
15|-2.72623|-2.72623
16|-2.72664|-2.72664
17|-2.72684|-2.72684
18|-2.72694|-2.72694
19|-2.72699|-2.72699
20|-2.72701|-2.72701
21|-2.72702|-2.72702
22|-2.93053|-2.93053
23|-2.93058|-2.93058
24|-2.93062|-2.93062
25|-2.93063|-2.93063
26|-2.93063|-2.93063
27|-2.93063|-2.93063
28|-3.79681|-3.79681
29|-3.89661|-3.89661
30|-3.91721|-3.91721
31|-3.9175|-3.9175
32|-3.91757|-3.91757
33|-3.91761|-3.91761
34|-3.91762|-3.91762
35|-3.91762|-3.91762
36|-3.91762|-3.91762
37|-3.91762|-3.91762
38|-3.91762|-3.91762
39|-3.91762|-3.91762
40|-3.91762|-3.91762
41|-3.91762|-3.91762
42|-3.91762|-3.91762
43|-3.91762|-3.91762
44|-3.91762|-3.91762
45|-3.91762|-3.91762
46|-3.91762|-3.91762
47|-3.91762|-3.91762
48|-3.91762|-3.91762
49|-3.91762|-3.91762
50|-3.91762|-3.91762
51|-3.91762|-3.91762
52|-3.91762|-3.91762
53|-3.91762|-3.91762
54|-3.91762|-3.91762
55|-3.91762|-3.91762
56|-3.91762|-3.91762
57|-3.91762|-3.91762
58|-3.91762|-3.91762
59|-3.91762|-3.91762
60|-3.91762|-3.91762
61|-3.91762|-3.91762
62|-3.91762|-3.91762
63|-3.91762|-3.91762
64|-3.91762|-3.91762
65|-3.91762|-3.91762
66|-3.91762|-3.91762
67|-3.91762|-3.91762
68|-3.91762|-3.91762
69|-3.91762|-3.91762
70|-3.91762|-3.91762
71|-3.91762|-3.91762
72|-3.91762|-3.91762
73|-3.91762|-3.91762
74|-3.91762|-3.91762
75|-3.91762|-3.91762
76|-3.91762|-3.91762
77|-3.91762|-3.91762
78|-3.91762|-3.91762
79|-3.91762|-3.91762
80|-3.91762|-3.91762
81|-3.91762|-3.91762
82|-3.91762|-3.91762
83|-3.91762|-3.91762
84|-3.91762|-3.91762
85|-3.91762|-3.91762
86|-3.91762|-3.91762
87|-3.91762|-3.91762
88|-3.91762|-3.91762
89|-3.91762|-3.91762
90|-3.91762|-3.91762
91|-3.91762|-3.91762
92|-3.91762|-3.91762
93|-3.91762|-3.91762
94|-3.91762|-3.91762
95|-3.91762|-3.91762
96|-3.91762|-3.91762
97|-3.91762|-3.91762
98|-3.91762|-3.91762
99|-3.91762|-3.91762
100|-3.91762|-3.91762
101|-3.91762|-3.91762
102|-3.91762|-3.91762
103|-3.91762|-3.91762
104|-3.91762|-3.91762
105|-3.91762|-3.91762
106|-3.91762|-3.91762
107|-3.91762|-3.91762
108|-3.91762|-3.91762
109|-3.91762|-3.91762
110|-3.91762|-3.91762
111|-3.91762|-3.91762
112|-3.91762|-3.91762
113|-3.91762|-3.91762
114|-3.91762|-3.91762
115|-3.91762|-3.91762
116|-3.91762|-3.91762
117|-3.91762|-3.91762
118|-3.91762|-3.91762
119|-3.91762|-3.91762
120|-3.91762|-3.91762
121|-3.91762|-3.91762
122|-3.91762|-3.91762
123|-3.91762|-3.91762
124|-3.91762|-3.91762
125|-3.91762|-3.91762
126|-3.91762|-3.91762
127|-3.91762|-3.91762
128|-3.91762|-3.91762
129|-3.91762|-3.91762
130|-3.91762|-3.91762
131|-3.91762|-3.91762
132|-3.91762|-3.91762
133|-3.91762|-3.91762
134|-3.91762|-3.91762
135|-3.91762|-3.91762
136|-3.91762|-3.91762
137|-3.91762|-3.91762
138|-3.91762|-3.91762
139|-3.91762|-3.91762
140|-3.91762|-3.91762
141|-3.91762|-3.91762
142|-3.91762|-3.91762
143|-3.91762|-3.91762
144|-3.91762|-3.91762
145|-3.91762|-3.91762
146|-3.91762|-3.91762
147|-3.91762|-3.91762
148|-3.91762|-3.91762
149|-3.91762|-3.91762
150|-3.91762|-3.91762
151|-3.91762|-3.91762
152|-3.91762|-3.91762
153|-3.91762|-3.91762
154|-3.91762|-3.91762
155|-3.91762|-3.91762
156|-3.91762|-3.91762
157|-3.91762|-3.91762
158|-3.91762|-3.91762
159|-3.91762|-3.91762
160|-3.91762|-3.91762
161|-3.91762|-3.91762
162|-3.91762|-3.91762
163|-3.91762|-3.91762
164|-3.91762|-3.91762
165|-3.91762|-3.91762
166|-3.91762|-3.91762
167|-3.91762|-3.91762
168|-3.91762|-3.91762
169|-3.91762|-3.91762
170|-3.91762|-3.91762
171|-3.91762|-3.91762
172|-3.91762|-3.91762
173|-3.91762|-3.91762
174|-3.91762|-3.91762
175|-3.91762|-3.91762
176|-3.91762|-3.91762
177|-3.91762|-3.91762
178|-3.91762|-3.91762
179|-3.91762|-3.91762
180|-3.91762|-3.91762
181|-3.91762|-3.91762
182|-3.91762|-3.91762
183|-3.91762|-3.91762
184|-3.91762|-3.91762
EARLY STOP: TARGET FOUND
65822ms
