1|-732.046|-732.046
2|-735.365|-735.365
3|-735.542|-735.542
4|-735.585|-735.585
5|-735.596|-735.596
6|-735.601|-735.601
7|-735.602|-735.602
8|-735.602|-735.602
9|-735.602|-735.602
10|-861.561|-861.561
11|-918.694|-918.694
12|-1005.66|-1005.66
13|-1006.49|-1006.49
14|-1006.81|-1006.81
15|-1006.88|-1006.88
16|-1006.92|-1006.92
17|-1006.93|-1006.93
18|-1006.93|-1006.93
19|-1006.93|-1006.93
20|-1115.01|-1115.01
21|-1201.58|-1201.58
22|-1244.42|-1244.42
23|-1255.03|-1255.03
24|-1260.32|-1260.32
25|-1262.95|-1262.95
26|-1264.27|-1264.27
27|-1264.44|-1264.44
28|-1264.52|-1264.52
29|-1264.53|-1264.53
30|-1264.53|-1264.53
31|-1264.53|-1264.53
32|-1264.54|-1264.54
33|-1273.79|-1273.79
34|-1278.09|-1278.09
35|-1280.16|-1280.16
36|-1281.17|-1281.17
37|-1281.29|-1281.29
38|-1281.36|-1281.36
39|-1281.39|-1281.39
40|-1281.4|-1281.4
41|-1281.41|-1281.41
42|-1302.27|-1302.27
43|-1338|-1338
44|-1342.39|-1342.39
45|-1344.57|-1344.57
46|-1345.66|-1345.66
47|-1346.21|-1346.21
48|-1346.48|-1346.48
49|-1346.62|-1346.62
50|-1346.62|-1346.62
51|-1346.63|-1346.63
52|-1346.63|-1346.63
53|-1346.63|-1346.63
54|-1346.63|-1346.63
55|-1346.63|-1346.63
56|-1346.63|-1346.63
57|-1346.63|-1346.63
58|-1346.63|-1346.63
59|-1346.63|-1346.63
60|-1346.63|-1346.63
61|-1346.63|-1346.63
62|-1346.63|-1346.63
63|-1346.63|-1346.63
64|-1346.63|-1346.63
65|-1346.63|-1346.63
66|-1346.63|-1346.63
67|-1346.63|-1346.63
68|-1346.63|-1346.63
69|-1346.63|-1346.63
70|-1346.63|-1346.63
71|-1346.63|-1346.63
72|-1346.63|-1346.63
73|-1346.63|-1346.63
74|-1346.63|-1346.63
75|-1346.63|-1346.63
76|-1346.63|-1346.63
77|-1346.63|-1346.63
78|-1346.63|-1346.63
79|-1346.63|-1346.63
80|-1346.63|-1346.63
81|-1346.63|-1346.63
82|-1346.63|-1346.63
83|-1346.63|-1346.63
84|-1346.63|-1346.63
85|-1346.63|-1346.63
86|-1346.63|-1346.63
87|-1346.63|-1346.63
88|-1346.63|-1346.63
89|-1346.63|-1346.63
90|-1346.63|-1346.63
91|-1346.63|-1346.63
92|-1346.63|-1346.63
93|-1346.63|-1346.63
94|-1346.63|-1346.63
95|-1346.63|-1346.63
96|-1346.63|-1346.63
97|-1346.63|-1346.63
98|-1346.63|-1346.63
99|-1346.63|-1346.63
100|-1346.63|-1346.63
101|-1346.63|-1346.63
102|-1346.63|-1346.63
103|-1346.63|-1346.63
104|-1346.63|-1346.63
105|-1346.63|-1346.63
106|-1346.63|-1346.63
107|-1346.63|-1346.63
108|-1346.63|-1346.63
109|-1346.63|-1346.63
110|-1346.63|-1346.63
111|-1346.63|-1346.63
112|-1346.63|-1346.63
113|-1346.63|-1346.63
114|-1346.63|-1346.63
115|-1346.63|-1346.63
116|-1346.63|-1346.63
117|-1346.63|-1346.63
118|-1346.63|-1346.63
119|-1346.63|-1346.63
120|-1346.63|-1346.63
121|-1346.63|-1346.63
122|-1346.63|-1346.63
123|-1346.63|-1346.63
124|-1346.63|-1346.63
125|-1346.63|-1346.63
126|-1346.63|-1346.63
127|-1346.63|-1346.63
128|-1346.63|-1346.63
129|-1346.63|-1346.63
130|-1346.63|-1346.63
131|-1346.63|-1346.63
132|-1346.63|-1346.63
133|-1346.63|-1346.63
134|-1346.63|-1346.63
135|-1346.63|-1346.63
136|-1346.63|-1346.63
137|-1346.63|-1346.63
138|-1346.63|-1346.63
139|-1346.63|-1346.63
140|-1346.63|-1346.63
141|-1346.63|-1346.63
142|-1346.63|-1346.63
143|-1346.63|-1346.63
144|-1346.63|-1346.63
145|-1346.63|-1346.63
146|-1346.63|-1346.63
147|-1346.63|-1346.63
148|-1346.63|-1346.63
149|-1346.63|-1346.63
150|-1346.63|-1346.63
151|-1346.63|-1346.63
152|-1346.63|-1346.63
153|-1346.63|-1346.63
154|-1346.63|-1346.63
155|-1346.63|-1346.63
156|-1346.63|-1346.63
157|-1346.63|-1346.63
158|-1346.63|-1346.63
159|-1346.63|-1346.63
160|-1346.63|-1346.63
161|-1346.63|-1346.63
162|-1346.63|-1346.63
163|-1346.63|-1346.63
164|-1346.63|-1346.63
165|-1346.63|-1346.63
166|-1346.63|-1346.63
167|-1346.63|-1346.63
168|-1346.63|-1346.63
169|-1346.63|-1346.63
170|-1346.63|-1346.63
171|-1346.63|-1346.63
172|-1346.63|-1346.63
173|-1346.63|-1346.63
174|-1346.63|-1346.63
175|-1346.63|-1346.63
176|-1346.63|-1346.63
177|-1346.63|-1346.63
178|-1346.63|-1346.63
179|-1346.63|-1346.63
180|-1346.63|-1346.63
181|-1346.63|-1346.63
182|-1346.63|-1346.63
183|-1346.63|-1346.63
184|-1346.63|-1346.63
185|-1346.63|-1346.63
186|-1346.63|-1346.63
187|-1346.63|-1346.63
188|-1346.63|-1346.63
189|-1346.63|-1346.63
190|-1346.63|-1346.63
191|-1346.63|-1346.63
192|-1346.63|-1346.63
193|-1346.63|-1346.63
194|-1346.63|-1346.63
195|-1346.63|-1346.63
196|-1346.63|-1346.63
197|-1346.63|-1346.63
198|-1346.63|-1346.63
199|-1346.63|-1346.63
200|-1346.63|-1346.63
201|-1346.63|-1346.63
202|-1346.63|-1346.63
EARLY STOP: TARGET FOUND
99436ms
