1|134.682|134.682
2|134.519|134.519
3|134.501|134.501
4|134.492|134.492
5|134.492|134.492
6|134.491|134.491
7|134.491|134.491
8|130.827|130.827
9|129.836|129.836
10|129.822|129.822
11|129.822|129.822
12|129.822|129.822
13|110.503|110.503
14|104.794|104.794
15|104.712|104.712
16|104.712|104.712
17|96.6083|96.6083
18|96.4698|96.4698
19|93.5762|93.5762
20|91.7377|91.7377
21|91.4231|91.4231
22|91.3247|91.3247
23|91.2904|91.2904
24|91.2769|91.2769
25|91.2711|91.2711
26|91.2684|91.2684
27|91.2671|91.2671
28|91.267|91.267
29|91.2669|91.2669
30|75.0108|75.0108
31|74.471|74.471
32|74.4338|74.4338
33|74.4307|74.4307
34|74.4301|74.4301
35|74.43|74.43
36|74.43|74.43
37|69.7726|69.7726
38|69.7726|69.7726
39|67.0152|67.0152
40|58.8323|58.8323
41|57.7278|57.7278
42|57.5418|57.5418
43|57.463|57.463
44|57.4271|57.4271
45|57.4228|57.4228
46|57.4223|57.4223
47|57.422|57.422
48|57.4219|57.4219
49|49.3512|49.3512
50|49.1957|49.1957
51|46.3322|46.3322
52|44.4607|44.4607
53|44.1631|44.1631
54|44.0016|44.0016
55|44.0009|44.0009
56|44.0006|44.0006
57|44.0005|44.0005
58|44.0004|44.0004
59|32.7321|32.7321
60|29.1517|29.1517
61|29.1468|29.1468
62|29.0886|29.0886
63|29.0802|29.0802
64|29.077|29.077
65|29.0756|29.0756
66|29.0752|29.0752
67|29.0751|29.0751
68|29.075|29.075
69|20.4339|20.4339
70|20.4293|20.4293
71|20.4267|20.4267
72|20.4263|20.4263
73|20.4263|20.4263
74|20.4263|20.4263
75|20.4263|20.4263
76|20.4263|20.4263
77|20.4263|20.4263
78|20.4263|20.4263
79|20.4263|20.4263
80|20.4263|20.4263
81|20.4263|20.4263
82|20.4263|20.4263
83|20.4263|20.4263
84|20.4263|20.4263
85|20.4263|20.4263
86|20.4263|20.4263
87|20.4263|20.4263
88|20.4263|20.4263
89|20.4263|20.4263
90|20.4263|20.4263
91|20.4263|20.4263
92|20.4263|20.4263
93|20.4263|20.4263
94|20.4263|20.4263
95|20.4263|20.4263
96|20.4263|20.4263
97|20.4263|20.4263
98|20.4263|20.4263
99|20.4263|20.4263
100|20.4263|20.4263
101|20.4263|20.4263
102|20.4263|20.4263
103|20.4263|20.4263
104|20.4263|20.4263
105|20.4263|20.4263
106|20.4263|20.4263
107|20.4263|20.4263
108|20.4263|20.4263
109|20.4263|20.4263
110|20.4263|20.4263
111|20.4263|20.4263
112|20.4263|20.4263
113|20.4263|20.4263
114|20.4263|20.4263
115|20.4263|20.4263
116|20.4263|20.4263
117|20.4263|20.4263
118|20.4263|20.4263
119|20.4263|20.4263
120|20.4263|20.4263
121|20.4263|20.4263
122|20.4263|20.4263
123|20.4263|20.4263
124|20.4263|20.4263
125|20.4263|20.4263
126|20.4263|20.4263
127|20.4263|20.4263
128|20.4263|20.4263
129|20.4263|20.4263
130|20.4263|20.4263
131|20.4263|20.4263
132|20.4263|20.4263
133|20.4263|20.4263
134|20.4263|20.4263
135|20.4263|20.4263
136|20.4263|20.4263
137|20.4263|20.4263
138|20.4263|20.4263
139|20.4263|20.4263
140|20.4263|20.4263
141|20.4263|20.4263
142|20.4263|20.4263
143|20.4263|20.4263
144|20.4263|20.4263
145|20.4263|20.4263
146|20.4263|20.4263
147|20.4263|20.4263
148|20.4263|20.4263
149|20.4263|20.4263
150|20.4263|20.4263
151|20.4263|20.4263
152|20.4263|20.4263
153|20.4263|20.4263
154|20.4263|20.4263
155|20.4263|20.4263
156|20.4263|20.4263
157|20.4263|20.4263
158|20.4263|20.4263
159|20.4263|20.4263
160|20.4263|20.4263
161|20.4263|20.4263
162|20.4263|20.4263
163|20.4263|20.4263
164|20.4263|20.4263
165|20.4263|20.4263
166|20.4263|20.4263
167|20.4263|20.4263
168|20.4263|20.4263
169|20.4263|20.4263
170|20.4263|20.4263
171|20.4263|20.4263
172|20.4263|20.4263
173|20.4263|20.4263
174|20.4263|20.4263
175|20.4263|20.4263
176|20.4263|20.4263
177|20.4263|20.4263
178|20.4263|20.4263
179|20.4263|20.4263
180|20.4263|20.4263
181|20.4263|20.4263
182|20.4263|20.4263
183|20.4263|20.4263
184|20.4263|20.4263
185|20.4263|20.4263
186|20.4263|20.4263
187|20.4263|20.4263
188|20.4263|20.4263
189|20.4263|20.4263
190|20.4263|20.4263
191|20.4263|20.4263
192|20.4263|20.4263
193|20.4263|20.4263
194|20.4263|20.4263
195|20.4263|20.4263
196|20.4263|20.4263
197|20.4263|20.4263
198|20.4263|20.4263
199|20.4263|20.4263
200|20.4263|20.4263
201|20.4263|20.4263
202|20.4263|20.4263
203|20.4263|20.4263
204|20.4263|20.4263
205|20.4263|20.4263
206|20.4263|20.4263
207|20.4263|20.4263
208|20.4263|20.4263
209|20.4263|20.4263
210|20.4263|20.4263
211|20.4263|20.4263
212|20.4263|20.4263
213|20.4263|20.4263
214|20.4263|20.4263
215|20.4263|20.4263
216|20.4263|20.4263
217|20.4263|20.4263
218|20.4263|20.4263
219|20.4263|20.4263
220|20.4263|20.4263
221|20.4263|20.4263
222|20.4263|20.4263
223|20.4263|20.4263
EARLY STOP: TARGET FOUND
266852ms
