1|-501.554|-501.554
2|-523.035|-523.035
3|-528.46|-528.46
4|-564.698|-564.698
5|-582.434|-582.434
6|-591.186|-591.186
7|-591.323|-591.323
8|-591.331|-591.331
9|-591.335|-591.335
10|-591.337|-591.337
11|-591.339|-591.339
12|-641.022|-641.022
13|-960.8|-960.8
14|-1142.35|-1142.35
15|-1142.35|-1142.35
16|-1146.57|-1146.57
17|-1147.58|-1147.58
18|-1148.09|-1148.09
19|-1148.21|-1148.21
20|-1148.28|-1148.28
21|-1148.31|-1148.31
22|-1148.32|-1148.32
23|-1148.33|-1148.33
24|-1148.33|-1148.33
25|-1148.33|-1148.33
26|-1148.33|-1148.33
27|-1607.12|-1607.12
28|-1722.64|-1722.64
29|-1837.45|-1837.45
30|-1843.99|-1843.99
31|-1844.04|-1844.04
32|-1844.04|-1844.04
33|-1844.04|-1844.04
34|-1869.77|-1869.77
35|-1887.1|-1887.1
36|-1888.53|-1888.53
37|-1888.53|-1888.53
38|-1888.55|-1888.55
39|-1888.56|-1888.56
40|-1888.56|-1888.56
41|-1888.56|-1888.56
42|-2114.67|-2114.67
43|-2114.67|-2114.67
44|-2233.84|-2233.84
45|-2292.33|-2292.33
46|-2327.63|-2327.63
47|-2380.62|-2380.62
48|-2389.38|-2389.38
49|-2389.65|-2389.65
50|-2389.72|-2389.72
51|-2389.75|-2389.75
52|-2389.75|-2389.75
53|-2389.76|-2389.76
54|-2389.76|-2389.76
55|-2389.76|-2389.76
56|-2520.35|-2520.35
57|-2556.72|-2556.72
58|-2569.6|-2569.6
59|-2572.25|-2572.25
60|-2572.87|-2572.87
61|-2572.95|-2572.95
62|-2572.99|-2572.99
63|-2573.01|-2573.01
64|-2573.02|-2573.02
65|-2573.02|-2573.02
66|-2573.02|-2573.02
67|-2573.02|-2573.02
68|-2573.02|-2573.02
69|-2577.18|-2577.18
70|-2577.69|-2577.69
71|-2577.94|-2577.94
72|-2578|-2578
73|-2578.03|-2578.03
74|-2578.04|-2578.04
75|-2578.05|-2578.05
76|-2593.93|-2593.93
77|-2687.37|-2687.37
78|-2749.09|-2749.09
79|-2758.86|-2758.86
80|-2813.89|-2813.89
81|-2818.26|-2818.26
82|-2820.45|-2820.45
83|-2820.72|-2820.72
84|-2820.85|-2820.85
85|-2820.92|-2820.92
86|-2820.92|-2820.92
87|-2840.96|-2840.96
88|-2841.81|-2841.81
89|-2841.88|-2841.88
90|-2841.89|-2841.89
91|-2859.83|-2859.83
92|-2872.53|-2872.53
93|-2914.81|-2914.81
94|-2932.44|-2932.44
95|-2934.62|-2934.62
96|-2935.17|-2935.17
97|-2935.23|-2935.23
98|-2935.24|-2935.24
99|-2935.24|-2935.24
100|-2935.24|-2935.24
101|-2935.24|-2935.24
102|-2935.24|-2935.24
103|-2935.24|-2935.24
104|-2935.24|-2935.24
105|-2935.24|-2935.24
106|-2935.24|-2935.24
107|-2935.24|-2935.24
108|-2935.24|-2935.24
109|-2935.24|-2935.24
110|-2935.24|-2935.24
111|-2935.24|-2935.24
112|-2935.24|-2935.24
113|-2935.24|-2935.24
114|-2935.24|-2935.24
115|-2935.24|-2935.24
116|-2935.24|-2935.24
117|-2935.24|-2935.24
118|-2935.24|-2935.24
119|-2935.24|-2935.24
120|-2935.24|-2935.24
121|-2935.24|-2935.24
122|-2935.24|-2935.24
123|-2935.24|-2935.24
124|-2935.24|-2935.24
125|-2935.24|-2935.24
126|-2935.24|-2935.24
127|-2935.24|-2935.24
128|-2935.24|-2935.24
129|-2935.24|-2935.24
130|-2935.24|-2935.24
131|-2935.24|-2935.24
132|-2935.24|-2935.24
133|-2935.24|-2935.24
134|-2935.24|-2935.24
135|-2935.24|-2935.24
136|-2935.24|-2935.24
137|-2935.24|-2935.24
138|-2935.24|-2935.24
139|-2935.24|-2935.24
140|-2935.24|-2935.24
141|-2935.24|-2935.24
142|-2935.24|-2935.24
143|-2935.24|-2935.24
144|-2935.24|-2935.24
145|-2935.24|-2935.24
146|-2935.24|-2935.24
147|-2935.24|-2935.24
148|-2935.24|-2935.24
149|-2935.24|-2935.24
150|-2935.24|-2935.24
151|-2935.24|-2935.24
152|-2935.24|-2935.24
153|-2935.24|-2935.24
154|-2935.24|-2935.24
155|-2935.24|-2935.24
156|-2935.24|-2935.24
157|-2935.24|-2935.24
158|-2935.24|-2935.24
159|-2935.24|-2935.24
160|-2935.24|-2935.24
161|-2935.24|-2935.24
162|-2935.24|-2935.24
163|-2935.24|-2935.24
164|-2935.24|-2935.24
165|-2935.24|-2935.24
166|-2935.24|-2935.24
167|-2935.24|-2935.24
168|-2935.24|-2935.24
169|-2935.24|-2935.24
170|-2935.24|-2935.24
171|-2935.24|-2935.24
172|-2935.24|-2935.24
173|-2935.24|-2935.24
174|-2935.24|-2935.24
175|-2935.24|-2935.24
176|-2935.24|-2935.24
177|-2935.24|-2935.24
178|-2935.24|-2935.24
179|-2935.24|-2935.24
180|-2935.24|-2935.24
181|-2935.24|-2935.24
182|-2935.24|-2935.24
183|-2935.24|-2935.24
184|-2935.24|-2935.24
185|-2935.24|-2935.24
186|-2935.24|-2935.24
187|-2935.24|-2935.24
188|-2935.24|-2935.24
189|-2935.24|-2935.24
190|-2935.24|-2935.24
191|-2935.24|-2935.24
192|-2935.24|-2935.24
193|-2935.24|-2935.24
194|-2935.24|-2935.24
195|-2935.24|-2935.24
196|-2935.24|-2935.24
197|-2935.24|-2935.24
198|-2935.24|-2935.24
199|-2935.24|-2935.24
200|-2935.24|-2935.24
201|-2935.24|-2935.24
202|-2935.24|-2935.24
203|-2935.24|-2935.24
204|-2935.24|-2935.24
205|-2935.24|-2935.24
206|-2935.24|-2935.24
207|-2935.24|-2935.24
208|-2935.24|-2935.24
209|-2935.24|-2935.24
210|-2935.24|-2935.24
211|-2935.24|-2935.24
212|-2935.24|-2935.24
213|-2935.24|-2935.24
214|-2935.24|-2935.24
215|-2935.24|-2935.24
216|-2935.24|-2935.24
217|-2935.24|-2935.24
218|-2935.24|-2935.24
219|-2935.24|-2935.24
220|-2935.24|-2935.24
221|-2935.24|-2935.24
222|-2935.24|-2935.24
223|-2935.24|-2935.24
224|-2935.24|-2935.24
225|-2935.24|-2935.24
226|-2935.24|-2935.24
227|-2935.24|-2935.24
228|-2935.24|-2935.24
229|-2935.24|-2935.24
230|-2935.24|-2935.24
231|-2935.24|-2935.24
232|-2935.24|-2935.24
233|-2935.24|-2935.24
234|-2935.24|-2935.24
235|-2935.24|-2935.24
236|-2935.24|-2935.24
237|-2935.24|-2935.24
238|-2935.24|-2935.24
239|-2935.24|-2935.24
240|-2935.24|-2935.24
241|-2935.24|-2935.24
242|-2935.24|-2935.24
243|-2935.24|-2935.24
244|-2935.24|-2935.24
245|-2935.24|-2935.24
246|-2935.24|-2935.24
247|-2935.24|-2935.24
248|-2935.24|-2935.24
249|-2935.24|-2935.24
250|-2935.24|-2935.24
EARLY STOP: TARGET FOUND
431181ms
