1|-0.221152|-0.221152
2|-0.355901|-0.355901
3|-0.434494|-0.434494
4|-0.475234|-0.475234
5|-0.495745|-0.495745
6|-0.506007|-0.506007
7|-0.511135|-0.511135
8|-0.511295|-0.511295
9|-0.511376|-0.511376
10|-0.511416|-0.511416
11|-1.04385|-1.04385
12|-1.49272|-1.49272
13|-1.508|-1.508
14|-1.51104|-1.51104
15|-1.51133|-1.51133
16|-1.51139|-1.51139
17|-1.51141|-1.51141
18|-1.51141|-1.51141
19|-1.51142|-1.51142
20|-1.51142|-1.51142
21|-1.6937|-1.6937
22|-2.37269|-2.37269
23|-2.45164|-2.45164
24|-2.4621|-2.4621
25|-2.46578|-2.46578
26|-2.46598|-2.46598
27|-2.46599|-2.46599
28|-2.466|-2.466
29|-2.46701|-2.46701
30|-2.60017|-2.60017
31|-2.67021|-2.67021
32|-3.16495|-3.16495
33|-3.23532|-3.23532
34|-3.2659|-3.2659
35|-3.27995|-3.27995
36|-3.28332|-3.28332
37|-3.28499|-3.28499
38|-3.28509|-3.28509
39|-4.03096|-4.03096
40|-4.11986|-4.11986
41|-4.21959|-4.21959
42|-4.24015|-4.24015
43|-4.24044|-4.24044
44|-4.24051|-4.24051
45|-4.24052|-4.24052
46|-4.24053|-4.24053
47|-4.24053|-4.24053
48|-4.24053|-4.24053
49|-4.24053|-4.24053
50|-4.24053|-4.24053
51|-4.24053|-4.24053
52|-4.24053|-4.24053
53|-4.24053|-4.24053
54|-4.24053|-4.24053
55|-4.24053|-4.24053
56|-4.24053|-4.24053
57|-4.24053|-4.24053
58|-4.24053|-4.24053
59|-4.24053|-4.24053
60|-4.24053|-4.24053
61|-4.24053|-4.24053
62|-4.24053|-4.24053
63|-4.24053|-4.24053
64|-4.24053|-4.24053
65|-4.24053|-4.24053
66|-4.24053|-4.24053
67|-4.24053|-4.24053
68|-4.24053|-4.24053
69|-4.24053|-4.24053
70|-4.24053|-4.24053
71|-4.24053|-4.24053
72|-4.24053|-4.24053
73|-4.24053|-4.24053
74|-4.24053|-4.24053
75|-4.24053|-4.24053
76|-4.24053|-4.24053
77|-4.24053|-4.24053
78|-4.24053|-4.24053
79|-4.24053|-4.24053
80|-4.24053|-4.24053
81|-4.24053|-4.24053
82|-4.24053|-4.24053
83|-4.24053|-4.24053
84|-4.24053|-4.24053
85|-4.24053|-4.24053
86|-4.24053|-4.24053
87|-4.24053|-4.24053
88|-4.24053|-4.24053
89|-4.24053|-4.24053
90|-4.24053|-4.24053
91|-4.24053|-4.24053
92|-4.24053|-4.24053
93|-4.24053|-4.24053
94|-4.24053|-4.24053
95|-4.24053|-4.24053
96|-4.24053|-4.24053
97|-4.24053|-4.24053
98|-4.24053|-4.24053
99|-4.24053|-4.24053
100|-4.24053|-4.24053
101|-4.24053|-4.24053
102|-4.24053|-4.24053
103|-4.24053|-4.24053
104|-4.24053|-4.24053
105|-4.24053|-4.24053
106|-4.24053|-4.24053
107|-4.24053|-4.24053
108|-4.24053|-4.24053
109|-4.24053|-4.24053
110|-4.24053|-4.24053
111|-4.24053|-4.24053
112|-4.24053|-4.24053
113|-4.24053|-4.24053
114|-4.24053|-4.24053
115|-4.24053|-4.24053
116|-4.24053|-4.24053
117|-4.24053|-4.24053
118|-4.24053|-4.24053
119|-4.24053|-4.24053
120|-4.24053|-4.24053
121|-4.24053|-4.24053
122|-4.24053|-4.24053
123|-4.24053|-4.24053
124|-4.24053|-4.24053
125|-4.24053|-4.24053
126|-4.24053|-4.24053
127|-4.24053|-4.24053
128|-4.24053|-4.24053
129|-4.24053|-4.24053
130|-4.24053|-4.24053
131|-4.24053|-4.24053
132|-4.24053|-4.24053
133|-4.24053|-4.24053
134|-4.24053|-4.24053
135|-4.24053|-4.24053
136|-4.24053|-4.24053
137|-4.24053|-4.24053
138|-4.24053|-4.24053
139|-4.24053|-4.24053
140|-4.24053|-4.24053
141|-4.24053|-4.24053
142|-4.24053|-4.24053
143|-4.24053|-4.24053
144|-4.24053|-4.24053
145|-4.24053|-4.24053
146|-4.24053|-4.24053
147|-4.24053|-4.24053
148|-4.24053|-4.24053
149|-4.24053|-4.24053
150|-4.24053|-4.24053
151|-4.24053|-4.24053
152|-4.24053|-4.24053
153|-4.24053|-4.24053
154|-4.24053|-4.24053
155|-4.24053|-4.24053
156|-4.24053|-4.24053
157|-4.24053|-4.24053
158|-4.24053|-4.24053
159|-4.24053|-4.24053
160|-4.24053|-4.24053
161|-4.24053|-4.24053
162|-4.24053|-4.24053
163|-4.24053|-4.24053
164|-4.24053|-4.24053
165|-4.24053|-4.24053
166|-4.24053|-4.24053
167|-4.24053|-4.24053
168|-4.24053|-4.24053
169|-4.24053|-4.24053
170|-4.24053|-4.24053
171|-4.24053|-4.24053
172|-4.24053|-4.24053
173|-4.24053|-4.24053
174|-4.24053|-4.24053
175|-4.24053|-4.24053
176|-4.24053|-4.24053
177|-4.24053|-4.24053
178|-4.24053|-4.24053
179|-4.24053|-4.24053
180|-4.24053|-4.24053
181|-4.24053|-4.24053
182|-4.24053|-4.24053
183|-4.24053|-4.24053
184|-4.24053|-4.24053
185|-4.24053|-4.24053
186|-4.24053|-4.24053
187|-4.24053|-4.24053
188|-4.24053|-4.24053
189|-4.24053|-4.24053
190|-4.24053|-4.24053
191|-4.24053|-4.24053
192|-4.24053|-4.24053
193|-4.24053|-4.24053
194|-4.24053|-4.24053
195|-4.24053|-4.24053
196|-4.24053|-4.24053
EARLY STOP: TARGET FOUND
86005ms
