1|-0.286171|-0.286171
2|-0.286769|-0.286769
3|-0.286942|-0.286942
4|-0.287045|-0.287045
5|-0.287101|-0.287101
6|-0.28713|-0.28713
7|-0.287138|-0.287138
8|-0.287139|-0.287139
9|-0.28714|-0.28714
10|-0.287141|-0.287141
11|-0.287141|-0.287141
12|-0.287141|-0.287141
13|-0.776183|-0.776183
14|-1.22601|-1.22601
15|-1.27767|-1.27767
16|-1.28674|-1.28674
17|-1.28714|-1.28714
18|-1.28714|-1.28714
19|-1.28714|-1.28714
20|-2.14351|-2.14351
21|-2.24133|-2.24133
22|-2.24271|-2.24271
23|-2.2435|-2.2435
24|-2.24352|-2.24352
25|-2.24352|-2.24352
26|-2.24353|-2.24353
27|-2.24401|-2.24401
28|-2.24415|-2.24415
29|-2.24419|-2.24419
30|-2.2442|-2.2442
31|-2.24421|-2.24421
32|-2.24421|-2.24421
33|-2.24421|-2.24421
34|-2.24421|-2.24421
35|-2.24421|-2.24421
36|-2.2524|-2.2524
37|-2.80363|-2.80363
38|-2.85923|-2.85923
39|-2.93777|-2.93777
40|-2.97047|-2.97047
41|-2.98479|-2.98479
42|-2.98648|-2.98648
43|-2.9869|-2.9869
44|-2.98711|-2.98711
45|-2.98721|-2.98721
46|-2.98868|-2.98868
47|-2.9946|-2.9946
48|-2.99461|-2.99461
49|-2.99462|-2.99462
50|-2.99462|-2.99462
51|-3.02614|-3.02614
52|-3.89122|-3.89122
53|-3.89454|-3.89454
54|-3.89503|-3.89503
55|-3.89503|-3.89503
56|-3.89503|-3.89503
57|-3.89503|-3.89503
58|-3.9161|-3.9161
59|-4.36405|-4.36405
60|-4.52473|-4.52473
61|-4.57808|-4.57808
62|-4.59423|-4.59423
63|-4.59932|-4.59932
64|-4.60109|-4.60109
65|-4.60148|-4.60148
66|-4.60222|-4.60222
67|-4.60222|-4.60222
68|-5.0016|-5.0016
69|-5.2427|-5.2427
70|-5.24284|-5.24284
71|-5.24286|-5.24286
72|-5.24288|-5.24288
73|-5.24288|-5.24288
74|-5.24288|-5.24288
75|-5.25058|-5.25058
76|-6.11428|-6.11428
77|-6.123|-6.123
78|-6.12405|-6.12405
79|-6.12411|-6.12411
80|-6.14384|-6.14384
81|-6.4542|-6.4542
82|-6.73166|-6.73166
83|-6.78799|-6.78799
84|-6.78844|-6.78844
85|-6.78849|-6.78849
86|-6.78852|-6.78852
87|-7.61675|-7.61675
88|-7.63278|-7.63278
89|-7.63983|-7.63983
90|-7.6431|-7.6431
91|-7.64389|-7.64389
92|-7.6439|-7.6439
93|-7.64407|-7.64407
94|-8.52016|-8.52016
95|-8.57627|-8.57627
96|-8.59695|-8.59695
97|-8.60527|-8.60527
98|-8.6089|-8.6089
99|-8.61059|-8.61059
100|-8.6114|-8.6114
101|-8.61145|-8.61145
102|-8.76652|-8.76652
103|-9.27503|-9.27503
104|-9.55758|-9.55758
105|-9.57178|-9.57178
106|-9.57438|-9.57438
107|-9.57453|-9.57453
108|-9.57457|-9.57457
109|-10.166|-10.166
110|-10.2144|-10.2144
111|-10.2246|-10.2246
112|-10.227|-10.227
113|-10.2282|-10.2282
114|-10.2288|-10.2288
115|-10.229|-10.229
116|-10.3244|-10.3244
117|-11.1954|-11.1954
118|-11.1987|-11.1987
119|-11.2003|-11.2003
120|-11.2004|-11.2004
121|-11.2629|-11.2629
122|-11.3688|-11.3688
123|-12.1215|-12.1215
124|-12.1247|-12.1247
125|-12.1261|-12.1261
126|-12.1262|-12.1262
127|-12.1263|-12.1263
128|-12.1519|-12.1519
129|-12.1527|-12.1527
130|-12.1529|-12.1529
131|-12.153|-12.153
132|-12.153|-12.153
133|-12.4441|-12.4441
134|-12.7286|-12.7286
135|-12.7874|-12.7874
136|-13.0698|-13.0698
137|-13.0776|-13.0776
138|-13.1176|-13.1176
139|-13.1177|-13.1177
140|-13.1177|-13.1177
141|-13.233|-13.233
142|-13.2336|-13.2336
143|-13.2337|-13.2337
144|-13.2337|-13.2337
145|-13.2337|-13.2337
146|-13.2351|-13.2351
147|-13.2446|-13.2446
148|-13.4165|-13.4165
149|-13.5083|-13.5083
150|-13.9796|-13.9796
151|-14.1493|-14.1493
152|-14.2254|-14.2254
153|-14.2318|-14.2318
154|-14.2325|-14.2325
155|-14.2328|-14.2328
156|-14.2329|-14.2329
157|-14.2329|-14.2329
158|-14.2329|-14.2329
159|-14.4905|-14.4905
160|-14.5254|-14.5254
161|-14.5554|-14.5554
162|-14.5589|-14.5589
163|-14.5598|-14.5598
164|-14.5602|-14.5602
165|-14.7583|-14.7583
166|-15.4496|-15.4496
167|-15.4751|-15.4751
168|-15.4849|-15.4849
169|-15.486|-15.486
170|-15.486|-15.486
171|-15.486|-15.486
172|-16.1145|-16.1145
173|-16.2242|-16.2242
174|-16.2744|-16.2744
175|-16.2978|-16.2978
176|-16.3035|-16.3035
177|-16.3063|-16.3063
178|-16.3077|-16.3077
179|-16.3083|-16.3083
180|-16.3087|-16.3087
181|-16.3385|-16.3385
182|-16.7304|-16.7304
183|-17.2732|-17.2732
184|-17.3392|-17.3392
185|-17.6307|-17.6307
186|-17.739|-17.739
187|-17.7433|-17.7433
188|-17.7434|-17.7434
189|-17.7434|-17.7434
190|-18.3162|-18.3162
191|-18.5623|-18.5623
192|-18.7371|-18.7371
193|-18.7384|-18.7384
194|-18.7419|-18.7419
195|-18.7419|-18.7419
196|-18.7419|-18.7419
197|-18.7792|-18.7792
198|-19.4865|-19.4865
199|-19.5672|-19.5672
200|-19.6907|-19.6907
201|-19.6913|-19.6913
202|-19.6932|-19.6932
203|-19.6937|-19.6937
204|-19.6938|-19.6938
205|-19.6938|-19.6938
206|-19.7622|-19.7622
207|-19.764|-19.764
208|-20.1436|-20.1436
209|-20.663|-20.663
210|-20.6804|-20.6804
211|-20.6859|-20.6859
212|-20.6869|-20.6869
213|-20.6872|-20.6872
214|-20.6873|-20.6873
215|-20.6873|-20.6873
216|-20.9509|-20.9509
217|-21.6201|-21.6201
218|-21.6239|-21.6239
219|-21.6247|-21.6247
220|-21.6248|-21.6248
221|-21.6248|-21.6248
222|-21.6248|-21.6248
223|-21.6248|-21.6248
224|-21.6248|-21.6248
225|-21.6248|-21.6248
226|-21.6248|-21.6248
227|-21.6248|-21.6248
228|-21.6248|-21.6248
229|-21.6248|-21.6248
230|-21.6248|-21.6248
231|-21.6248|-21.6248
232|-21.6248|-21.6248
233|-21.6248|-21.6248
234|-21.6248|-21.6248
235|-21.6248|-21.6248
236|-21.6248|-21.6248
237|-21.6248|-21.6248
238|-21.6248|-21.6248
239|-21.6248|-21.6248
240|-21.6248|-21.6248
241|-21.6248|-21.6248
242|-21.6248|-21.6248
243|-21.6248|-21.6248
244|-21.6248|-21.6248
245|-21.6248|-21.6248
246|-21.6248|-21.6248
247|-21.6248|-21.6248
248|-21.6248|-21.6248
249|-21.6248|-21.6248
250|-21.6248|-21.6248
251|-21.6248|-21.6248
252|-21.6248|-21.6248
253|-21.6248|-21.6248
254|-21.6248|-21.6248
255|-21.6248|-21.6248
256|-21.6248|-21.6248
257|-21.6248|-21.6248
258|-21.6248|-21.6248
259|-21.6248|-21.6248
260|-21.6248|-21.6248
261|-21.6248|-21.6248
262|-21.6248|-21.6248
263|-21.6248|-21.6248
264|-21.6248|-21.6248
265|-21.6248|-21.6248
266|-21.6248|-21.6248
267|-21.6248|-21.6248
268|-21.6248|-21.6248
269|-21.6248|-21.6248
270|-21.6248|-21.6248
271|-21.6248|-21.6248
272|-21.6248|-21.6248
273|-21.6248|-21.6248
274|-21.6248|-21.6248
275|-21.6248|-21.6248
276|-21.6248|-21.6248
277|-21.6248|-21.6248
278|-21.6248|-21.6248
279|-21.6248|-21.6248
280|-21.6248|-21.6248
281|-21.6248|-21.6248
282|-21.6248|-21.6248
283|-21.6248|-21.6248
284|-21.6248|-21.6248
285|-21.6248|-21.6248
286|-21.6248|-21.6248
287|-21.6248|-21.6248
288|-21.6248|-21.6248
289|-21.6248|-21.6248
290|-21.6248|-21.6248
291|-21.6248|-21.6248
292|-21.6248|-21.6248
293|-21.6248|-21.6248
294|-21.6248|-21.6248
295|-21.6248|-21.6248
296|-21.6248|-21.6248
297|-21.6248|-21.6248
298|-21.6248|-21.6248
299|-21.6248|-21.6248
300|-21.6248|-21.6248
301|-21.6248|-21.6248
302|-21.6248|-21.6248
303|-21.6248|-21.6248
304|-21.6248|-21.6248
305|-21.6248|-21.6248
306|-21.6248|-21.6248
307|-21.6248|-21.6248
308|-21.6248|-21.6248
309|-21.6248|-21.6248
310|-21.6248|-21.6248
311|-21.6248|-21.6248
312|-21.6248|-21.6248
313|-21.6248|-21.6248
314|-21.6248|-21.6248
315|-21.6248|-21.6248
316|-21.6248|-21.6248
317|-21.6248|-21.6248
318|-21.6248|-21.6248
319|-21.6248|-21.6248
320|-21.6248|-21.6248
321|-21.6248|-21.6248
322|-21.6248|-21.6248
323|-21.6248|-21.6248
324|-21.6248|-21.6248
325|-21.6248|-21.6248
326|-21.6248|-21.6248
327|-21.6248|-21.6248
328|-21.6248|-21.6248
329|-21.6248|-21.6248
330|-21.6248|-21.6248
331|-21.6248|-21.6248
332|-21.6248|-21.6248
333|-21.6248|-21.6248
334|-21.6248|-21.6248
335|-21.6248|-21.6248
336|-21.6248|-21.6248
337|-21.6248|-21.6248
338|-21.6248|-21.6248
339|-21.6248|-21.6248
340|-21.6248|-21.6248
341|-21.6248|-21.6248
342|-21.6248|-21.6248
343|-21.6248|-21.6248
344|-21.6248|-21.6248
345|-21.6248|-21.6248
346|-21.6248|-21.6248
347|-21.6248|-21.6248
348|-21.6248|-21.6248
349|-21.6248|-21.6248
350|-21.6248|-21.6248
351|-21.6248|-21.6248
352|-21.6248|-21.6248
353|-21.6248|-21.6248
354|-21.6248|-21.6248
355|-21.6248|-21.6248
356|-21.6248|-21.6248
357|-21.6248|-21.6248
358|-21.6248|-21.6248
359|-21.6248|-21.6248
360|-21.6248|-21.6248
361|-21.6248|-21.6248
362|-21.6248|-21.6248
363|-21.6248|-21.6248
364|-21.6248|-21.6248
365|-21.6248|-21.6248
366|-21.6248|-21.6248
367|-21.6248|-21.6248
368|-21.6248|-21.6248
369|-21.6248|-21.6248
370|-21.6248|-21.6248
EARLY STOP: TARGET FOUND
2958483ms
