1|-4.41275|-4.41275
2|-4.45071|-4.45071
3|-4.45072|-4.45072
4|-4.45072|-4.45072
5|-4.45072|-4.45072
6|-4.97959|-4.97959
7|-5.07843|-5.07843
8|-5.07846|-5.07846
9|-5.24859|-5.24859
10|-5.26377|-5.26377
11|-5.26401|-5.26401
12|-5.26423|-5.26423
13|-5.26424|-5.26424
14|-5.26424|-5.26424
15|-5.26424|-5.26424
16|-5.30311|-5.30311
17|-5.3924|-5.3924
18|-5.43997|-5.43997
19|-5.44919|-5.44919
20|-5.4532|-5.4532
21|-5.45414|-5.45414
22|-5.4546|-5.4546
23|-5.45465|-5.45465
24|-5.45467|-5.45467
25|-6.25205|-6.25205
26|-6.27018|-6.27018
27|-6.27113|-6.27113
28|-6.27118|-6.27118
29|-6.27121|-6.27121
30|-6.58509|-6.58509
31|-7.23147|-7.23147
32|-7.24135|-7.24135
33|-7.24379|-7.24379
34|-7.24438|-7.24438
35|-7.24452|-7.24452
36|-7.24455|-7.24455
37|-7.24455|-7.24455
38|-7.25484|-7.25484
39|-7.3246|-7.3246
40|-7.35614|-7.35614
41|-7.36054|-7.36054
42|-7.3611|-7.3611
43|-7.36124|-7.36124
44|-7.36124|-7.36124
45|-7.40841|-7.40841
46|-7.87093|-7.87093
47|-8.01876|-8.01876
48|-8.05951|-8.05951
49|-8.06824|-8.06824
50|-8.06842|-8.06842
51|-8.06844|-8.06844
52|-8.06846|-8.06846
53|-8.06847|-8.06847
54|-8.06847|-8.06847
55|-8.06847|-8.06847
56|-8.50376|-8.50376
57|-8.51594|-8.51594
58|-8.55938|-8.55938
59|-8.87169|-8.87169
60|-8.90543|-8.90543
61|-8.9135|-8.9135
62|-8.91747|-8.91747
63|-8.91759|-8.91759
64|-8.91824|-8.91824
65|-8.98497|-8.98497
66|-9.45646|-9.45646
67|-9.75472|-9.75472
68|-9.76885|-9.76885
69|-9.77617|-9.77617
70|-9.77706|-9.77706
71|-9.79009|-9.79009
72|-9.79014|-9.79014
73|-9.79017|-9.79017
74|-9.79212|-9.79212
75|-9.84257|-9.84257
76|-10.4088|-10.4088
77|-10.5189|-10.5189
78|-10.5445|-10.5445
79|-10.5569|-10.5569
80|-10.563|-10.563
81|-10.566|-10.566
82|-10.5664|-10.5664
83|-10.5666|-10.5666
84|-10.7335|-10.7335
85|-10.8033|-10.8033
86|-10.8047|-10.8047
87|-10.8047|-10.8047
88|-10.8047|-10.8047
89|-10.8075|-10.8075
90|-11.0837|-11.0837
91|-11.3647|-11.3647
92|-11.3649|-11.3649
93|-11.365|-11.365
94|-11.365|-11.365
95|-11.365|-11.365
96|-11.365|-11.365
97|-11.4215|-11.4215
98|-11.9193|-11.9193
99|-12.058|-12.058
100|-12.0892|-12.0892
101|-12.104|-12.104
102|-12.1112|-12.1112
103|-12.1114|-12.1114
104|-12.1185|-12.1185
105|-12.2203|-12.2203
106|-12.2371|-12.2371
107|-12.238|-12.238
108|-12.2382|-12.2382
109|-12.2384|-12.2384
110|-12.245|-12.245
111|-12.4002|-12.4002
112|-12.4483|-12.4483
113|-12.4514|-12.4514
114|-12.4516|-12.4516
115|-12.7654|-12.7654
116|-12.8178|-12.8178
117|-12.9455|-12.9455
118|-12.9509|-12.9509
119|-12.9514|-12.9514
120|-12.9514|-12.9514
121|-12.9515|-12.9515
122|-12.9532|-12.9532
123|-13.0869|-13.0869
124|-13.742|-13.742
125|-13.8663|-13.8663
126|-13.8697|-13.8697
127|-13.8711|-13.8711
128|-13.8712|-13.8712
129|-13.8713|-13.8713
130|-13.8713|-13.8713
131|-14.4591|-14.4591
132|-14.6745|-14.6745
133|-14.6749|-14.6749
134|-14.675|-14.675
135|-14.6751|-14.6751
136|-14.6751|-14.6751
137|-14.6751|-14.6751
138|-14.6751|-14.6751
139|-14.722|-14.722
140|-15.5552|-15.5552
141|-15.6323|-15.6323
142|-15.6339|-15.6339
143|-15.6339|-15.6339
144|-15.634|-15.634
145|-15.6387|-15.6387
146|-15.7719|-15.7719
147|-16.2331|-16.2331
148|-16.3297|-16.3297
149|-16.3983|-16.3983
150|-16.4017|-16.4017
151|-16.4285|-16.4285
152|-16.434|-16.434
153|-16.4353|-16.4353
154|-17.1193|-17.1193
155|-17.2012|-17.2012
156|-17.2178|-17.2178
157|-17.2254|-17.2254
158|-17.2272|-17.2272
159|-17.2276|-17.2276
160|-17.2278|-17.2278
161|-17.8498|-17.8498
162|-17.8717|-17.8717
163|-17.8718|-17.8718
164|-18.1233|-18.1233
165|-18.6903|-18.6903
166|-18.7097|-18.7097
167|-19.0225|-19.0225
168|-19.6183|-19.6183
169|-19.62|-19.62
170|-19.6488|-19.6488
171|-19.6546|-19.6546
172|-19.6572|-19.6572
173|-19.6579|-19.6579
174|-19.6582|-19.6582
175|-19.6643|-19.6643
176|-19.715|-19.715
177|-19.7151|-19.7151
178|-20.5336|-20.5336
179|-20.6051|-20.6051
180|-20.6292|-20.6292
181|-20.6663|-20.6663
182|-20.6887|-20.6887
183|-20.6959|-20.6959
184|-20.6985|-20.6985
185|-20.6988|-20.6988
186|-20.6989|-20.6989
187|-20.7216|-20.7216
188|-20.7494|-20.7494
189|-21.5393|-21.5393
190|-21.6788|-21.6788
191|-21.6938|-21.6938
192|-21.6938|-21.6938
193|-21.6939|-21.6939
194|-21.6939|-21.6939
195|-21.711|-21.711
196|-22.4195|-22.4195
197|-22.4561|-22.4561
198|-22.4583|-22.4583
199|-22.4586|-22.4586
200|-22.4588|-22.4588
201|-22.4588|-22.4588
202|-22.4588|-22.4588
203|-22.4588|-22.4588
204|-22.4588|-22.4588
205|-22.4588|-22.4588
206|-22.4588|-22.4588
207|-22.4588|-22.4588
208|-22.4588|-22.4588
209|-22.4588|-22.4588
210|-22.4588|-22.4588
211|-22.4588|-22.4588
212|-22.4588|-22.4588
213|-22.4588|-22.4588
214|-22.4588|-22.4588
215|-22.4588|-22.4588
216|-22.4588|-22.4588
217|-22.4588|-22.4588
218|-22.4588|-22.4588
219|-22.4588|-22.4588
220|-22.4588|-22.4588
221|-22.4588|-22.4588
222|-22.4588|-22.4588
223|-22.4588|-22.4588
224|-22.4588|-22.4588
225|-22.4588|-22.4588
226|-22.4588|-22.4588
227|-22.4588|-22.4588
228|-22.4588|-22.4588
229|-22.4588|-22.4588
230|-22.4588|-22.4588
231|-22.4588|-22.4588
232|-22.4588|-22.4588
233|-22.4588|-22.4588
234|-22.4588|-22.4588
235|-22.4588|-22.4588
236|-22.4588|-22.4588
237|-22.4588|-22.4588
238|-22.4588|-22.4588
239|-22.4588|-22.4588
240|-22.4588|-22.4588
241|-22.4588|-22.4588
242|-22.4588|-22.4588
243|-22.4588|-22.4588
244|-22.4588|-22.4588
245|-22.4588|-22.4588
246|-22.4588|-22.4588
247|-22.4588|-22.4588
248|-22.4588|-22.4588
249|-22.4588|-22.4588
250|-22.4588|-22.4588
251|-22.4588|-22.4588
252|-22.4588|-22.4588
253|-22.4588|-22.4588
254|-22.4588|-22.4588
255|-22.4588|-22.4588
256|-22.4588|-22.4588
257|-22.4588|-22.4588
258|-22.4588|-22.4588
259|-22.4588|-22.4588
260|-22.4588|-22.4588
261|-22.4588|-22.4588
262|-22.4588|-22.4588
263|-22.4588|-22.4588
264|-22.4588|-22.4588
265|-22.4588|-22.4588
266|-22.4588|-22.4588
267|-22.4588|-22.4588
268|-22.4588|-22.4588
269|-22.4588|-22.4588
270|-22.4588|-22.4588
271|-22.4588|-22.4588
272|-22.4588|-22.4588
273|-22.4588|-22.4588
274|-22.4588|-22.4588
275|-22.4588|-22.4588
276|-22.4588|-22.4588
277|-22.4588|-22.4588
278|-22.4588|-22.4588
279|-22.4588|-22.4588
280|-22.4588|-22.4588
281|-22.4588|-22.4588
282|-22.4588|-22.4588
283|-22.4588|-22.4588
284|-22.4588|-22.4588
285|-22.4588|-22.4588
286|-22.4588|-22.4588
287|-22.4588|-22.4588
288|-22.4588|-22.4588
289|-22.4588|-22.4588
290|-22.4588|-22.4588
291|-22.4588|-22.4588
292|-22.4588|-22.4588
293|-22.4588|-22.4588
294|-22.4588|-22.4588
295|-22.4588|-22.4588
296|-22.4588|-22.4588
297|-22.4588|-22.4588
298|-22.4588|-22.4588
299|-22.4588|-22.4588
300|-22.4588|-22.4588
301|-22.4588|-22.4588
302|-22.4588|-22.4588
303|-22.4588|-22.4588
304|-22.4588|-22.4588
305|-22.4588|-22.4588
306|-22.4588|-22.4588
307|-22.4588|-22.4588
308|-22.4588|-22.4588
309|-22.4588|-22.4588
310|-22.4588|-22.4588
311|-22.4588|-22.4588
312|-22.4588|-22.4588
313|-22.4588|-22.4588
314|-22.4588|-22.4588
315|-22.4588|-22.4588
316|-22.4588|-22.4588
317|-22.4588|-22.4588
318|-22.4588|-22.4588
319|-22.4588|-22.4588
320|-22.4588|-22.4588
321|-22.4588|-22.4588
322|-22.4588|-22.4588
323|-22.4588|-22.4588
324|-22.4588|-22.4588
325|-22.4588|-22.4588
326|-22.4588|-22.4588
327|-22.4588|-22.4588
328|-22.4588|-22.4588
329|-22.4588|-22.4588
330|-22.4588|-22.4588
331|-22.4588|-22.4588
332|-22.4588|-22.4588
333|-22.4588|-22.4588
334|-22.4588|-22.4588
335|-22.4588|-22.4588
336|-22.4588|-22.4588
337|-22.4588|-22.4588
338|-22.4588|-22.4588
339|-22.4588|-22.4588
340|-22.4588|-22.4588
341|-22.4588|-22.4588
342|-22.4588|-22.4588
343|-22.4588|-22.4588
344|-22.4588|-22.4588
345|-22.4588|-22.4588
346|-22.4588|-22.4588
347|-22.4588|-22.4588
348|-22.4588|-22.4588
349|-22.4588|-22.4588
350|-22.4588|-22.4588
351|-22.4588|-22.4588
EARLY STOP: TARGET FOUND
2843092ms
