1|107.785|107.785
2|84.0737|84.0737
3|83.5151|83.5151
4|83.4731|83.4731
5|83.467|83.467
6|83.467|83.467
7|83.467|83.467
8|83.467|83.467
9|67.9339|67.9339
10|61.066|61.066
11|60.3558|60.3558
12|58.4676|58.4676
13|56.7819|56.7819
14|53.4781|53.4781
15|52.605|52.605
16|52.5873|52.5873
17|52.583|52.583
18|52.5808|52.5808
19|52.5806|52.5806
20|50.031|50.031
21|48.8234|48.8234
22|47.8037|47.8037
23|44.4803|44.4803
24|41.5701|41.5701
25|41.181|41.181
26|41.1073|41.1073
27|41.1052|41.1052
28|41.1046|41.1046
29|26.6072|26.6072
30|24.8811|24.8811
31|24.1902|24.1902
32|23.8934|23.8934
33|23.8245|23.8245
34|23.7909|23.7909
35|23.7742|23.7742
36|23.7722|23.7722
37|23.7711|23.7711
38|23.7706|23.7706
39|23.7704|23.7704
40|15.0609|15.0609
41|11.3568|11.3568
42|8.80715|8.80715
43|8.64666|8.64666
44|8.63789|8.63789
45|8.63357|8.63357
46|8.63142|8.63142
47|8.63089|8.63089
48|8.63089|8.63089
49|8.63089|8.63089
50|8.63089|8.63089
51|8.63089|8.63089
52|8.63089|8.63089
53|8.63089|8.63089
54|8.63089|8.63089
55|8.63089|8.63089
56|8.63089|8.63089
57|8.63089|8.63089
58|8.63089|8.63089
59|8.63089|8.63089
60|8.63089|8.63089
61|8.63089|8.63089
62|8.63089|8.63089
63|8.63089|8.63089
64|8.63089|8.63089
65|8.63089|8.63089
66|8.63089|8.63089
67|8.63089|8.63089
68|8.63089|8.63089
69|8.63089|8.63089
70|8.63089|8.63089
71|8.63089|8.63089
72|8.63089|8.63089
73|8.63089|8.63089
74|8.63089|8.63089
75|8.63089|8.63089
76|8.63089|8.63089
77|8.63089|8.63089
78|8.63089|8.63089
79|8.63089|8.63089
80|8.63089|8.63089
81|8.63089|8.63089
82|8.63089|8.63089
83|8.63089|8.63089
84|8.63089|8.63089
85|8.63089|8.63089
86|8.63089|8.63089
87|8.63089|8.63089
88|8.63089|8.63089
89|8.63089|8.63089
90|8.63089|8.63089
91|8.63089|8.63089
92|8.63089|8.63089
93|8.63089|8.63089
94|8.63089|8.63089
95|8.63089|8.63089
96|8.63089|8.63089
97|8.63089|8.63089
98|8.63089|8.63089
99|8.63089|8.63089
100|8.63089|8.63089
101|8.63089|8.63089
102|8.63089|8.63089
103|8.63089|8.63089
104|8.63089|8.63089
105|8.63089|8.63089
106|8.63089|8.63089
107|8.63089|8.63089
108|8.63089|8.63089
109|8.63089|8.63089
110|8.63089|8.63089
111|8.63089|8.63089
112|8.63089|8.63089
113|8.63089|8.63089
114|8.63089|8.63089
115|8.63089|8.63089
116|8.63089|8.63089
117|8.63089|8.63089
118|8.63089|8.63089
119|8.63089|8.63089
120|8.63089|8.63089
121|8.63089|8.63089
122|8.63089|8.63089
123|8.63089|8.63089
124|8.63089|8.63089
125|8.63089|8.63089
126|8.63089|8.63089
127|8.63089|8.63089
128|8.63089|8.63089
129|8.63089|8.63089
130|8.63089|8.63089
131|8.63089|8.63089
132|8.63089|8.63089
133|8.63089|8.63089
134|8.63089|8.63089
135|8.63089|8.63089
136|8.63089|8.63089
137|8.63089|8.63089
138|8.63089|8.63089
139|8.63089|8.63089
140|8.63089|8.63089
141|8.63089|8.63089
142|8.63089|8.63089
143|8.63089|8.63089
144|8.63089|8.63089
145|8.63089|8.63089
146|8.63089|8.63089
147|8.63089|8.63089
148|8.63089|8.63089
149|8.63089|8.63089
150|8.63089|8.63089
151|8.63089|8.63089
152|8.63089|8.63089
153|8.63089|8.63089
154|8.63089|8.63089
155|8.63089|8.63089
156|8.63089|8.63089
157|8.63089|8.63089
158|8.63089|8.63089
159|8.63089|8.63089
160|8.63089|8.63089
161|8.63089|8.63089
162|8.63089|8.63089
163|8.63089|8.63089
164|8.63089|8.63089
165|8.63089|8.63089
166|8.63089|8.63089
167|8.63089|8.63089
168|8.63089|8.63089
169|8.63089|8.63089
170|8.63089|8.63089
171|8.63089|8.63089
172|8.63089|8.63089
173|8.63089|8.63089
174|8.63089|8.63089
175|8.63089|8.63089
176|8.63089|8.63089
177|8.63089|8.63089
178|8.63089|8.63089
179|8.63089|8.63089
180|8.63089|8.63089
181|8.63089|8.63089
182|8.63089|8.63089
183|8.63089|8.63089
184|8.63089|8.63089
185|8.63089|8.63089
186|8.63089|8.63089
187|8.63089|8.63089
188|8.63089|8.63089
189|8.63089|8.63089
190|8.63089|8.63089
191|8.63089|8.63089
192|8.63089|8.63089
193|8.63089|8.63089
194|8.63089|8.63089
195|8.63089|8.63089
196|8.63089|8.63089
197|8.63089|8.63089
EARLY STOP: TARGET FOUND
67744ms
