1|-2.20338|-2.20338
2|-2.56916|-2.56916
3|-3.00358|-3.00358
4|-3.00438|-3.00438
5|-3.00459|-3.00459
6|-3.00466|-3.00466
7|-3.00466|-3.00466
8|-3.00466|-3.00466
9|-3.00466|-3.00466
10|-3.00466|-3.00466
11|-3.14235|-3.14235
12|-3.14235|-3.14235
13|-3.94755|-3.94755
14|-3.99569|-3.99569
15|-4.0028|-4.0028
16|-4.00284|-4.00284
17|-4.00284|-4.00284
18|-4.00284|-4.00284
19|-4.69382|-4.69382
20|-4.69387|-4.69387
21|-4.69396|-4.69396
22|-4.69397|-4.69397
23|-4.69397|-4.69397
24|-4.69397|-4.69397
25|-4.69429|-4.69429
26|-4.69429|-4.69429
27|-4.69451|-4.69451
28|-4.69458|-4.69458
29|-4.69462|-4.69462
30|-4.69464|-4.69464
31|-4.69465|-4.69465
32|-4.69466|-4.69466
33|-4.94474|-4.94474
34|-4.94474|-4.94474
35|-5.28047|-5.28047
36|-5.33739|-5.33739
37|-5.33739|-5.33739
38|-5.33739|-5.33739
39|-5.3374|-5.3374
40|-5.3374|-5.3374
41|-5.34114|-5.34114
42|-5.85311|-5.85311
43|-5.99662|-5.99662
44|-6.30857|-6.30857
45|-6.33448|-6.33448
46|-6.33678|-6.33678
47|-6.33729|-6.33729
48|-6.33739|-6.33739
49|-6.33739|-6.33739
50|-6.3374|-6.3374
51|-6.34473|-6.34473
52|-6.4307|-6.4307
53|-6.89036|-6.89036
54|-6.89702|-6.89702
55|-6.91558|-6.91558
56|-6.91576|-6.91576
57|-6.91585|-6.91585
58|-6.9159|-6.9159
59|-6.91592|-6.91592
60|-7.05827|-7.05827
61|-7.08427|-7.08427
62|-7.08534|-7.08534
63|-7.08851|-7.08851
64|-7.10383|-7.10383
65|-7.49924|-7.49924
66|-7.75875|-7.75875
67|-7.7607|-7.7607
68|-7.76108|-7.76108
69|-7.76109|-7.76109
70|-7.76109|-7.76109
71|-7.76109|-7.76109
72|-7.84405|-7.84405
73|-7.8646|-7.8646
74|-7.86597|-7.86597
75|-7.86666|-7.86666
76|-7.867|-7.867
77|-7.86709|-7.86709
78|-7.91077|-7.91077
79|-8.01343|-8.01343
80|-8.03736|-8.03736
81|-8.04173|-8.04173
82|-8.04197|-8.04197
83|-8.04201|-8.04201
84|-8.04203|-8.04203
85|-8.04204|-8.04204
86|-8.70484|-8.70484
87|-8.87101|-8.87101
88|-8.90646|-8.90646
89|-8.91066|-8.91066
90|-8.91118|-8.91118
91|-8.91131|-8.91131
92|-9.01184|-9.01184
93|-9.41785|-9.41785
94|-9.46788|-9.46788
95|-9.47669|-9.47669
96|-9.47697|-9.47697
97|-9.47701|-9.47701
98|-9.47703|-9.47703
99|-9.4879|-9.4879
100|-9.69193|-9.69193
101|-9.80834|-9.80834
102|-9.83567|-9.83567
103|-9.84881|-9.84881
104|-9.85524|-9.85524
105|-9.85841|-9.85841
106|-9.85844|-9.85844
107|-10.2596|-10.2596
108|-10.3471|-10.3471
109|-10.3636|-10.3636
110|-10.3708|-10.3708
111|-10.3741|-10.3741
112|-10.3744|-10.3744
113|-10.3744|-10.3744
114|-10.3751|-10.3751
115|-10.9139|-10.9139
116|-10.9331|-10.9331
117|-10.9379|-10.9379
118|-10.95|-10.95
119|-11.5382|-11.5382
120|-11.9356|-11.9356
121|-11.9368|-11.9368
122|-11.9368|-11.9368
123|-11.9368|-11.9368
124|-12.0895|-12.0895
125|-12.8143|-12.8143
126|-12.8289|-12.8289
127|-12.8338|-12.8338
128|-12.834|-12.834
129|-12.8341|-12.8341
130|-12.8341|-12.8341
131|-12.8341|-12.8341
132|-12.8341|-12.8341
133|-12.8354|-12.8354
134|-12.8983|-12.8983
135|-13.2422|-13.2422
136|-13.6585|-13.6585
137|-13.6957|-13.6957
138|-13.6967|-13.6967
139|-13.6967|-13.6967
140|-13.6978|-13.6978
141|-13.7818|-13.7818
142|-13.8486|-13.8486
143|-14.2328|-14.2328
144|-14.3254|-14.3254
145|-14.3473|-14.3473
146|-14.3579|-14.3579
147|-14.3631|-14.3631
148|-14.3644|-14.3644
149|-14.3651|-14.3651
150|-14.3654|-14.3654
151|-14.3654|-14.3654
152|-14.7695|-14.7695
153|-15.1654|-15.1654
154|-15.2698|-15.2698
155|-15.3163|-15.3163
156|-15.3241|-15.3241
157|-15.3242|-15.3242
158|-15.3242|-15.3242
159|-15.3593|-15.3593
160|-15.6423|-15.6423
161|-15.7768|-15.7768
162|-16.2411|-16.2411
163|-16.2738|-16.2738
164|-16.274|-16.274
165|-16.274|-16.274
166|-16.2741|-16.2741
167|-16.2752|-16.2752
168|-16.6888|-16.6888
169|-16.9403|-16.9403
170|-17.2151|-17.2151
171|-17.217|-17.217
172|-17.2171|-17.2171
173|-17.2171|-17.2171
174|-17.2171|-17.2171
175|-17.8041|-17.8041
176|-17.8684|-17.8684
177|-17.8736|-17.8736
178|-17.8741|-17.8741
179|-17.8742|-17.8742
180|-17.8743|-17.8743
181|-17.8743|-17.8743
182|-17.9347|-17.9347
183|-18.1809|-18.1809
184|-18.2328|-18.2328
185|-18.233|-18.233
186|-18.2331|-18.2331
187|-18.2331|-18.2331
188|-19.0481|-19.0481
189|-19.0867|-19.0867
190|-19.0951|-19.0951
191|-19.0952|-19.0952
192|-19.0953|-19.0953
193|-19.5185|-19.5185
194|-20.0489|-20.0489
195|-20.0499|-20.0499
196|-20.0499|-20.0499
197|-20.0499|-20.0499
198|-20.0499|-20.0499
199|-20.0501|-20.0501
200|-20.0716|-20.0716
201|-20.2612|-20.2612
202|-20.626|-20.626
203|-20.6545|-20.6545
204|-20.6688|-20.6688
205|-21.0805|-21.0805
206|-21.0998|-21.0998
207|-21.1004|-21.1004
208|-21.1005|-21.1005
209|-21.1005|-21.1005
210|-21.4244|-21.4244
211|-21.956|-21.956
212|-22.02|-22.02
213|-22.0308|-22.0308
214|-22.0311|-22.0311
215|-22.0312|-22.0312
216|-22.0312|-22.0312
217|-22.0312|-22.0312
218|-22.0312|-22.0312
219|-22.0312|-22.0312
220|-22.0312|-22.0312
221|-22.0312|-22.0312
222|-22.0312|-22.0312
223|-22.0312|-22.0312
224|-22.0312|-22.0312
225|-22.0312|-22.0312
226|-22.0312|-22.0312
227|-22.0312|-22.0312
228|-22.0312|-22.0312
229|-22.0312|-22.0312
230|-22.0312|-22.0312
231|-22.0312|-22.0312
232|-22.0312|-22.0312
233|-22.0312|-22.0312
234|-22.0312|-22.0312
235|-22.0312|-22.0312
236|-22.0312|-22.0312
237|-22.0312|-22.0312
238|-22.0312|-22.0312
239|-22.0312|-22.0312
240|-22.0312|-22.0312
241|-22.0312|-22.0312
242|-22.0312|-22.0312
243|-22.0312|-22.0312
244|-22.0312|-22.0312
245|-22.0312|-22.0312
246|-22.0312|-22.0312
247|-22.0312|-22.0312
248|-22.0312|-22.0312
249|-22.0312|-22.0312
250|-22.0312|-22.0312
251|-22.0312|-22.0312
252|-22.0312|-22.0312
253|-22.0312|-22.0312
254|-22.0312|-22.0312
255|-22.0312|-22.0312
256|-22.0312|-22.0312
257|-22.0312|-22.0312
258|-22.0312|-22.0312
259|-22.0312|-22.0312
260|-22.0312|-22.0312
261|-22.0312|-22.0312
262|-22.0312|-22.0312
263|-22.0312|-22.0312
264|-22.0312|-22.0312
265|-22.0312|-22.0312
266|-22.0312|-22.0312
267|-22.0312|-22.0312
268|-22.0312|-22.0312
269|-22.0312|-22.0312
270|-22.0312|-22.0312
271|-22.0312|-22.0312
272|-22.0312|-22.0312
273|-22.0312|-22.0312
274|-22.0312|-22.0312
275|-22.0312|-22.0312
276|-22.0312|-22.0312
277|-22.0312|-22.0312
278|-22.0312|-22.0312
279|-22.0312|-22.0312
280|-22.0312|-22.0312
281|-22.0312|-22.0312
282|-22.0312|-22.0312
283|-22.0312|-22.0312
284|-22.0312|-22.0312
285|-22.0312|-22.0312
286|-22.0312|-22.0312
287|-22.0312|-22.0312
288|-22.0312|-22.0312
289|-22.0312|-22.0312
290|-22.0312|-22.0312
291|-22.0312|-22.0312
292|-22.0312|-22.0312
293|-22.0312|-22.0312
294|-22.0312|-22.0312
295|-22.0312|-22.0312
296|-22.0312|-22.0312
297|-22.0312|-22.0312
298|-22.0312|-22.0312
299|-22.0312|-22.0312
300|-22.0312|-22.0312
301|-22.0312|-22.0312
302|-22.0312|-22.0312
303|-22.0312|-22.0312
304|-22.0312|-22.0312
305|-22.0312|-22.0312
306|-22.0312|-22.0312
307|-22.0312|-22.0312
308|-22.0312|-22.0312
309|-22.0312|-22.0312
310|-22.0312|-22.0312
311|-22.0312|-22.0312
312|-22.0312|-22.0312
313|-22.0312|-22.0312
314|-22.0312|-22.0312
315|-22.0312|-22.0312
316|-22.0312|-22.0312
317|-22.0312|-22.0312
318|-22.0312|-22.0312
319|-22.0312|-22.0312
320|-22.0312|-22.0312
321|-22.0312|-22.0312
322|-22.0312|-22.0312
323|-22.0312|-22.0312
324|-22.0312|-22.0312
325|-22.0312|-22.0312
326|-22.0312|-22.0312
327|-22.0312|-22.0312
328|-22.0312|-22.0312
329|-22.0312|-22.0312
330|-22.0312|-22.0312
331|-22.0312|-22.0312
332|-22.0312|-22.0312
333|-22.0312|-22.0312
334|-22.0312|-22.0312
335|-22.0312|-22.0312
336|-22.0312|-22.0312
337|-22.0312|-22.0312
338|-22.0312|-22.0312
339|-22.0312|-22.0312
340|-22.0312|-22.0312
341|-22.0312|-22.0312
342|-22.0312|-22.0312
343|-22.0312|-22.0312
344|-22.0312|-22.0312
345|-22.0312|-22.0312
346|-22.0312|-22.0312
347|-22.0312|-22.0312
348|-22.0312|-22.0312
349|-22.0312|-22.0312
350|-22.0312|-22.0312
351|-22.0312|-22.0312
352|-22.0312|-22.0312
353|-22.0312|-22.0312
354|-22.0312|-22.0312
355|-22.0312|-22.0312
356|-22.0312|-22.0312
357|-22.0312|-22.0312
358|-22.0312|-22.0312
359|-22.0312|-22.0312
360|-22.0312|-22.0312
361|-22.0312|-22.0312
362|-22.0312|-22.0312
363|-22.0312|-22.0312
364|-22.0312|-22.0312
365|-22.0312|-22.0312
EARLY STOP: TARGET FOUND
2905283ms
