1|-0.985205|-0.985205
2|-1.6065|-1.6065
3|-1.65384|-1.65384
4|-1.66863|-1.66863
5|-1.67101|-1.67101
6|-1.67141|-1.67141
7|-1.67159|-1.67159
8|-1.67166|-1.67166
9|-1.67168|-1.67168
10|-1.67169|-1.67169
11|-1.67709|-1.67709
12|-2.3101|-2.3101
13|-2.63135|-2.63135
14|-2.63158|-2.63158
15|-2.63162|-2.63162
16|-2.63162|-2.63162
17|-2.63162|-2.63162
18|-2.63209|-2.63209
19|-3.59064|-3.59064
20|-3.59068|-3.59068
21|-3.5907|-3.5907
22|-3.5907|-3.5907
23|-3.5907|-3.5907
24|-3.5921|-3.5921
25|-3.67172|-3.67172
26|-3.76914|-3.76914
27|-3.77793|-3.77793
28|-3.77987|-3.77987
29|-3.7808|-3.7808
30|-3.78103|-3.78103
31|-3.78109|-3.78109
32|-3.78111|-3.78111
33|-3.78113|-3.78113
34|-3.78841|-3.78841
35|-3.78841|-3.78841
36|-3.78842|-3.78842
37|-3.78842|-3.78842
38|-3.78842|-3.78842
39|-3.78842|-3.78842
40|-3.78842|-3.78842
41|-3.78842|-3.78842
42|-3.78842|-3.78842
43|-3.78842|-3.78842
44|-3.78842|-3.78842
45|-3.78842|-3.78842
46|-3.78842|-3.78842
47|-3.78842|-3.78842
48|-3.78842|-3.78842
49|-3.78842|-3.78842
50|-3.78842|-3.78842
51|-3.78842|-3.78842
52|-3.78842|-3.78842
53|-3.78842|-3.78842
54|-3.78842|-3.78842
55|-3.78842|-3.78842
56|-3.78842|-3.78842
57|-3.78842|-3.78842
58|-3.78842|-3.78842
59|-3.78842|-3.78842
60|-3.78842|-3.78842
61|-3.78842|-3.78842
62|-3.78842|-3.78842
63|-3.78842|-3.78842
64|-3.78842|-3.78842
65|-3.78842|-3.78842
66|-3.78842|-3.78842
67|-3.78842|-3.78842
68|-3.78842|-3.78842
69|-3.78842|-3.78842
70|-3.78842|-3.78842
71|-3.78842|-3.78842
72|-3.78842|-3.78842
73|-3.78842|-3.78842
74|-3.78842|-3.78842
75|-3.78842|-3.78842
76|-3.78842|-3.78842
77|-3.78842|-3.78842
78|-3.78842|-3.78842
79|-3.78842|-3.78842
80|-3.78842|-3.78842
81|-3.78842|-3.78842
82|-3.78842|-3.78842
83|-3.78842|-3.78842
84|-3.78842|-3.78842
85|-3.78842|-3.78842
86|-3.78842|-3.78842
87|-3.78842|-3.78842
88|-3.78842|-3.78842
89|-3.78842|-3.78842
90|-3.78842|-3.78842
91|-3.78842|-3.78842
92|-3.78842|-3.78842
93|-3.78842|-3.78842
94|-3.78842|-3.78842
95|-3.78842|-3.78842
96|-3.78842|-3.78842
97|-3.78842|-3.78842
98|-3.78842|-3.78842
99|-3.78842|-3.78842
100|-3.78842|-3.78842
101|-3.78842|-3.78842
102|-3.78842|-3.78842
103|-3.78842|-3.78842
104|-3.78842|-3.78842
105|-3.78842|-3.78842
106|-3.78842|-3.78842
107|-3.78842|-3.78842
108|-3.78842|-3.78842
109|-3.78842|-3.78842
110|-3.78842|-3.78842
111|-3.78842|-3.78842
112|-3.78842|-3.78842
113|-3.78842|-3.78842
114|-3.78842|-3.78842
115|-3.78842|-3.78842
116|-3.78842|-3.78842
117|-3.78842|-3.78842
118|-3.78842|-3.78842
119|-3.78842|-3.78842
120|-3.78842|-3.78842
121|-3.78842|-3.78842
122|-3.78842|-3.78842
123|-3.78842|-3.78842
124|-3.78842|-3.78842
125|-3.78842|-3.78842
126|-3.78842|-3.78842
127|-3.78842|-3.78842
128|-3.78842|-3.78842
129|-3.78842|-3.78842
130|-3.78842|-3.78842
131|-3.78842|-3.78842
132|-3.78842|-3.78842
133|-3.78842|-3.78842
134|-3.78842|-3.78842
135|-3.78842|-3.78842
136|-3.78842|-3.78842
137|-3.78842|-3.78842
138|-3.78842|-3.78842
139|-3.78842|-3.78842
140|-3.78842|-3.78842
141|-3.78842|-3.78842
142|-3.78842|-3.78842
143|-3.78842|-3.78842
144|-3.78842|-3.78842
145|-3.78842|-3.78842
146|-3.78842|-3.78842
147|-3.78842|-3.78842
148|-3.78842|-3.78842
149|-3.78842|-3.78842
150|-3.78842|-3.78842
151|-3.78842|-3.78842
152|-3.78842|-3.78842
153|-3.78842|-3.78842
154|-3.78842|-3.78842
155|-3.78842|-3.78842
156|-3.78842|-3.78842
157|-3.78842|-3.78842
158|-3.78842|-3.78842
159|-3.78842|-3.78842
160|-3.78842|-3.78842
161|-3.78842|-3.78842
162|-3.78842|-3.78842
163|-3.78842|-3.78842
164|-3.78842|-3.78842
165|-3.78842|-3.78842
166|-3.78842|-3.78842
167|-3.78842|-3.78842
168|-3.78842|-3.78842
169|-3.78842|-3.78842
170|-3.78842|-3.78842
171|-3.78842|-3.78842
172|-3.78842|-3.78842
173|-3.78842|-3.78842
174|-3.78842|-3.78842
175|-3.78842|-3.78842
176|-3.78842|-3.78842
177|-3.78842|-3.78842
178|-3.78842|-3.78842
179|-3.78842|-3.78842
180|-3.78842|-3.78842
181|-3.78842|-3.78842
182|-3.78842|-3.78842
183|-3.78842|-3.78842
184|-3.78842|-3.78842
185|-3.78842|-3.78842
186|-3.78842|-3.78842
EARLY STOP: TARGET FOUND
64021ms
