1|-0.764233|-0.764233
2|-0.764728|-0.764728
3|-0.765056|-0.765056
4|-0.765165|-0.765165
5|-0.765194|-0.765194
6|-0.765202|-0.765202
7|-0.765204|-0.765204
8|-0.765205|-0.765205
9|-1.38778|-1.38778
10|-1.76355|-1.76355
11|-1.7647|-1.7647
12|-1.76498|-1.76498
13|-1.76505|-1.76505
14|-1.76507|-1.76507
15|-1.76508|-1.76508
16|-1.76508|-1.76508
17|-1.76508|-1.76508
18|-1.76508|-1.76508
19|-1.77615|-1.77615
20|-2.33868|-2.33868
21|-2.72358|-2.72358
22|-2.72366|-2.72366
23|-2.72372|-2.72372
24|-2.72375|-2.72375
25|-2.72376|-2.72376
26|-2.72377|-2.72377
27|-2.72378|-2.72378
28|-2.72378|-2.72378
29|-2.74955|-2.74955
30|-2.81128|-2.81128
31|-2.81807|-2.81807
32|-2.8189|-2.8189
33|-2.81932|-2.81932
34|-2.81942|-2.81942
35|-2.81947|-2.81947
36|-2.8195|-2.8195
37|-2.8349|-2.8349
38|-3.05818|-3.05818
39|-3.53536|-3.53536
40|-3.61363|-3.61363
41|-3.61502|-3.61502
42|-3.61624|-3.61624
43|-3.61671|-3.61671
44|-3.6169|-3.6169
45|-3.61695|-3.61695
46|-3.61697|-3.61697
47|-4.49942|-4.49942
48|-4.51401|-4.51401
49|-4.51439|-4.51439
50|-4.5144|-4.5144
51|-4.63921|-4.63921
52|-5.29211|-5.29211
53|-5.30774|-5.30774
54|-5.31016|-5.31016
55|-5.31019|-5.31019
56|-5.31021|-5.31021
57|-5.31021|-5.31021
58|-5.31979|-5.31979
59|-5.81361|-5.81361
60|-6.04351|-6.04351
61|-6.14412|-6.14412
62|-6.18677|-6.18677
63|-6.19645|-6.19645
64|-6.19881|-6.19881
65|-6.19998|-6.19998
66|-6.20056|-6.20056
67|-6.2007|-6.2007
68|-6.55097|-6.55097
69|-6.77625|-6.77625
70|-6.85482|-6.85482
71|-7.00623|-7.00623
72|-7.03982|-7.03982
73|-7.04785|-7.04785
74|-7.04983|-7.04983
75|-7.35717|-7.35717
76|-7.40507|-7.40507
77|-7.45798|-7.45798
78|-7.50698|-7.50698
79|-7.56721|-7.56721
80|-7.59018|-7.59018
81|-7.59142|-7.59142
82|-7.59173|-7.59173
83|-7.59173|-7.59173
84|-7.59173|-7.59173
85|-7.59173|-7.59173
86|-7.59173|-7.59173
87|-7.59173|-7.59173
88|-7.59173|-7.59173
89|-7.59173|-7.59173
90|-7.59173|-7.59173
91|-7.59173|-7.59173
92|-7.59173|-7.59173
93|-7.59173|-7.59173
94|-7.59173|-7.59173
95|-7.59173|-7.59173
96|-7.59173|-7.59173
97|-7.59173|-7.59173
98|-7.59173|-7.59173
99|-7.59173|-7.59173
100|-7.59173|-7.59173
101|-7.59173|-7.59173
102|-7.59173|-7.59173
103|-7.59173|-7.59173
104|-7.59173|-7.59173
105|-7.59173|-7.59173
106|-7.59173|-7.59173
107|-7.59173|-7.59173
108|-7.59173|-7.59173
109|-7.59173|-7.59173
110|-7.59173|-7.59173
111|-7.59173|-7.59173
112|-7.59173|-7.59173
113|-7.59173|-7.59173
114|-7.59173|-7.59173
115|-7.59173|-7.59173
116|-7.59173|-7.59173
117|-7.59173|-7.59173
118|-7.59173|-7.59173
119|-7.59173|-7.59173
120|-7.59173|-7.59173
121|-7.59173|-7.59173
122|-7.59173|-7.59173
123|-7.59173|-7.59173
124|-7.59173|-7.59173
125|-7.59173|-7.59173
126|-7.59173|-7.59173
127|-7.59173|-7.59173
128|-7.59173|-7.59173
129|-7.59173|-7.59173
130|-7.59173|-7.59173
131|-7.59173|-7.59173
132|-7.59173|-7.59173
133|-7.59173|-7.59173
134|-7.59173|-7.59173
135|-7.59173|-7.59173
136|-7.59173|-7.59173
137|-7.59173|-7.59173
138|-7.59173|-7.59173
139|-7.59173|-7.59173
140|-7.59173|-7.59173
141|-7.59173|-7.59173
142|-7.59173|-7.59173
143|-7.59173|-7.59173
144|-7.59173|-7.59173
145|-7.59173|-7.59173
146|-7.59173|-7.59173
147|-7.59173|-7.59173
148|-7.59173|-7.59173
149|-7.59173|-7.59173
150|-7.59173|-7.59173
151|-7.59173|-7.59173
152|-7.59173|-7.59173
153|-7.59173|-7.59173
154|-7.59173|-7.59173
155|-7.59173|-7.59173
156|-7.59173|-7.59173
157|-7.59173|-7.59173
158|-7.59173|-7.59173
159|-7.59173|-7.59173
160|-7.59173|-7.59173
161|-7.59173|-7.59173
162|-7.59173|-7.59173
163|-7.59173|-7.59173
164|-7.59173|-7.59173
165|-7.59173|-7.59173
166|-7.59173|-7.59173
167|-7.59173|-7.59173
168|-7.59173|-7.59173
169|-7.59173|-7.59173
170|-7.59173|-7.59173
171|-7.59173|-7.59173
172|-7.59173|-7.59173
173|-7.59173|-7.59173
174|-7.59173|-7.59173
175|-7.59173|-7.59173
176|-7.59173|-7.59173
177|-7.59173|-7.59173
178|-7.59173|-7.59173
179|-7.59173|-7.59173
180|-7.59173|-7.59173
181|-7.59173|-7.59173
182|-7.59173|-7.59173
183|-7.59173|-7.59173
184|-7.59173|-7.59173
185|-7.59173|-7.59173
186|-7.59173|-7.59173
187|-7.59173|-7.59173
188|-7.59173|-7.59173
189|-7.59173|-7.59173
190|-7.59173|-7.59173
191|-7.59173|-7.59173
192|-7.59173|-7.59173
193|-7.59173|-7.59173
194|-7.59173|-7.59173
195|-7.59173|-7.59173
196|-7.59173|-7.59173
197|-7.59173|-7.59173
198|-7.59173|-7.59173
199|-7.59173|-7.59173
200|-7.59173|-7.59173
201|-7.59173|-7.59173
202|-7.59173|-7.59173
203|-7.59173|-7.59173
204|-7.59173|-7.59173
205|-7.59173|-7.59173
206|-7.59173|-7.59173
207|-7.59173|-7.59173
208|-7.59173|-7.59173
209|-7.59173|-7.59173
210|-7.59173|-7.59173
211|-7.59173|-7.59173
212|-7.59173|-7.59173
213|-7.59173|-7.59173
214|-7.59173|-7.59173
215|-7.59173|-7.59173
216|-7.59173|-7.59173
217|-7.59173|-7.59173
218|-7.59173|-7.59173
219|-7.59173|-7.59173
220|-7.59173|-7.59173
221|-7.59173|-7.59173
222|-7.59173|-7.59173
223|-7.59173|-7.59173
224|-7.59173|-7.59173
225|-7.59173|-7.59173
226|-7.59173|-7.59173
227|-7.59173|-7.59173
228|-7.59173|-7.59173
229|-7.59173|-7.59173
230|-7.59173|-7.59173
231|-7.59173|-7.59173
232|-7.59173|-7.59173
EARLY STOP: TARGET FOUND
287862ms
