1|286.435|286.435
2|286.322|286.322
3|286.322|286.322
4|286.322|286.322
5|271.186|271.186
6|270.211|270.211
7|270.031|270.031
8|270.017|270.017
9|270.016|270.016
10|265.585|265.585
11|264.598|264.598
12|264.412|264.412
13|264.397|264.397
14|264.395|264.395
15|264.395|264.395
16|250.066|250.066
17|250.066|250.066
18|248.99|248.99
19|248.759|248.759
20|248.72|248.72
21|248.719|248.719
22|224.808|224.808
23|224.761|224.761
24|224.758|224.758
25|224.757|224.757
26|224.757|224.757
27|224.622|224.622
28|224.622|224.622
29|219.74|219.74
30|218.528|218.528
31|218.23|218.23
32|218.157|218.157
33|218.14|218.14
34|218.136|218.136
35|218.136|218.136
36|218.136|218.136
37|192.177|192.177
38|192.176|192.176
39|192.176|192.176
40|192.176|192.176
41|192.006|192.006
42|191.996|191.996
43|191.995|191.995
44|191.995|191.995
45|191.995|191.995
46|191.477|191.477
47|191.47|191.47
48|191.47|191.47
49|191.47|191.47
50|186.521|186.521
51|186.521|186.521
52|182.843|182.843
53|182.233|182.233
54|182.214|182.214
55|182.209|182.209
56|182.208|182.208
57|182.208|182.208
58|182.208|182.208
59|177.647|177.647
60|176.596|176.596
61|176.377|176.377
62|176.345|176.345
63|176.344|176.344
64|176.344|176.344
65|175.131|175.131
66|174.831|174.831
67|174.759|174.759
68|174.741|174.741
69|174.741|174.741
70|174.737|174.737
71|174.737|174.737
72|174.737|174.737
73|149.932|149.932
74|149.932|149.932
75|149.916|149.916
76|149.913|149.913
77|149.913|149.913
78|149.913|149.913
79|128.488|128.488
80|128.488|128.488
81|128.291|128.291
82|128.274|128.274
83|128.27|128.27
84|128.269|128.269
85|128.269|128.269
86|123.845|123.845
87|123.845|123.845
88|122.862|122.862
89|122.678|122.678
90|122.678|122.678
91|122.664|122.664
92|122.662|122.662
93|122.662|122.662
94|122.662|122.662
95|122.662|122.662
96|121.837|121.837
97|121.732|121.732
98|121.732|121.732
99|119.172|119.172
100|119.172|119.172
101|119.044|119.044
102|119.043|119.043
103|119.043|119.043
104|119.043|119.043
105|119.043|119.043
106|119.043|119.043
107|118.913|118.913
108|118.913|118.913
109|118.912|118.912
110|118.912|118.912
111|116.592|116.592
112|116.532|116.532
113|116.532|116.532
114|116.522|116.522
115|116.522|116.522
116|116.521|116.521
117|116.521|116.521
118|116.521|116.521
119|95.1082|95.1082
120|94.9105|94.9105
121|94.8931|94.8931
122|94.8892|94.8892
123|94.8884|94.8884
124|94.8884|94.8884
125|94.8884|94.8884
126|94.8883|94.8883
127|91.3565|91.3565
128|91.3565|91.3565
129|87.3242|87.3242
130|86.5369|86.5369
131|86.4681|86.4681
132|86.4529|86.4529
133|86.4529|86.4529
134|86.4501|86.4501
135|86.4501|86.4501
136|86.4499|86.4499
137|86.4498|86.4498
138|86.4498|86.4498
139|65.9064|65.9064
140|65.6543|65.6543
141|65.6543|65.6543
142|65.6051|65.6051
143|65.6008|65.6008
144|65.5999|65.5999
145|65.5998|65.5998
146|65.5997|65.5997
147|65.5997|65.5997
148|58.5081|58.5081
149|58.5081|58.5081
150|55.3658|55.3658
151|55.3658|55.3658
152|55.0922|55.0922
153|55.0922|55.0922
154|55.0322|55.0322
155|55.0214|55.0214
156|55.0207|55.0207
157|55.0207|55.0207
158|55.0207|55.0207
159|55.0207|55.0207
160|50.6089|50.6089
161|49.6319|49.6319
162|49.4506|49.4506
163|49.4372|49.4372
164|49.4354|49.4354
165|49.4353|49.4353
166|28.8414|28.8414
167|28.8414|28.8414
168|28.5925|28.5925
169|28.5448|28.5448
170|28.5448|28.5448
171|28.5409|28.5409
172|28.5409|28.5409
173|28.5402|28.5402
174|28.5401|28.5401
175|28.5401|28.5401
176|28.5401|28.5401
177|9.61791|9.61791
178|9.11598|9.11598
179|9.11598|9.11598
180|9.11181|9.11181
181|9.11092|9.11092
182|9.11092|9.11092
183|9.11078|9.11078
184|9.11078|9.11078
185|9.11077|9.11077
186|7.22398|7.22398
187|7.22398|7.22398
188|7.21486|7.21486
189|7.21462|7.21462
190|7.21457|7.21457
191|7.21457|7.21457
192|7.21457|7.21457
193|7.21457|7.21457
194|7.02038|7.02038
195|7.00383|7.00383
196|7.00036|7.00036
197|7.00036|7.00036
198|6.99982|6.99982
199|6.99981|6.99981
200|6.99981|6.99981
201|6.99981|6.99981
202|6.99981|6.99981
203|2.22096|2.22096
204|1.06034|1.06034
205|1.06034|1.06034
206|0.78723|0.78723
207|0.78723|0.78723
208|0.78723|0.78723
209|0.78723|0.78723
210|0.78723|0.78723
211|0.78723|0.78723
212|0.78723|0.78723
213|0.78723|0.78723
214|0.78723|0.78723
215|0.727475|0.727475
216|0.727475|0.727475
217|0.716798|0.716798
218|0.716798|0.716798
219|0.716128|0.716128
220|0.716128|0.716128
221|0.716086|0.716086
222|0.716086|0.716086
223|0.716083|0.716083
224|0.716083|0.716083
225|0.716083|0.716083
226|0.716083|0.716083
227|0.0425254|0.0425254
228|0.0425254|0.0425254
229|0.0425254|0.0425254
230|0.0425254|0.0425254
231|0.0425254|0.0425254
232|0.0425254|0.0425254
233|0.0425253|0.0425253
234|0.0425253|0.0425253
235|0.0425253|0.0425253
236|0.0425253|0.0425253
237|0.0425253|0.0425253
238|0.0425253|0.0425253
239|0.0425253|0.0425253
240|0.0425253|0.0425253
241|0.0425253|0.0425253
242|0.0425253|0.0425253
243|0.0425253|0.0425253
244|0.0425253|0.0425253
245|0.0425252|0.0425252
246|0.0425252|0.0425252
247|0.0425252|0.0425252
248|0.0425252|0.0425252
249|0.0425252|0.0425252
250|0.0425252|0.0425252
251|0.0425252|0.0425252
252|0.0425252|0.0425252
253|0.0425251|0.0425251
254|0.0425251|0.0425251
255|0.0425251|0.0425251
256|0.0425251|0.0425251
257|0.0425251|0.0425251
258|0.0425251|0.0425251
259|0.0425251|0.0425251
260|0.0425251|0.0425251
261|0.0425251|0.0425251
262|0.0425251|0.0425251
263|0.0425251|0.0425251
264|0.00213592|0.00213592
EARLY STOP: TARGET FOUND
1465832ms
