1|81.4457|81.4457
2|79.7536|79.7536
3|79.7532|79.7532
4|79.7532|79.7532
5|76.4171|76.4171
6|75.9778|75.9778
7|75.9773|75.9773
8|75.9773|75.9773
9|66.1381|66.1381
10|63.6827|63.6827
11|63.6062|63.6062
12|63.5871|63.5871
13|63.5824|63.5824
14|63.5812|63.5812
15|63.5809|63.5809
16|63.5809|63.5809
17|63.5808|63.5808
18|62.858|62.858
19|58.1235|58.1235
20|56.9851|56.9851
21|56.9851|56.9851
22|56.723|56.723
23|56.6688|56.6688
24|56.6609|56.6609
25|56.6608|56.6608
26|56.6608|56.6608
27|56.6608|56.6608
28|56.4627|56.4627
29|56.4451|56.4451
30|56.4451|56.4451
31|56.4412|56.4412
32|56.4404|56.4404
33|56.4403|56.4403
34|56.4403|56.4403
35|56.4403|56.4403
36|32.386|32.386
37|32.3441|32.3441
38|32.3416|32.3416
39|32.3415|32.3415
40|32.3412|32.3412
41|32.3412|32.3412
42|32.3412|32.3412
43|32.3412|32.3412
44|24.0073|24.0073
45|21.1756|21.1756
46|20.9796|20.9796
47|20.9627|20.9627
48|20.9627|20.9627
49|20.959|20.959
50|20.9583|20.9583
51|20.9583|20.9583
52|20.9583|20.9583
53|4.7259|4.7259
54|3.88775|3.88775
55|3.88775|3.88775
56|3.88775|3.88775
57|3.88774|3.88774
58|3.88774|3.88774
59|3.77587|3.77587
60|3.77587|3.77587
61|3.77567|3.77567
62|3.77565|3.77565
63|3.77565|3.77565
64|3.77565|3.77565
65|3.77565|3.77565
66|0.439703|0.439703
67|0.439703|0.439703
68|0.439703|0.439703
69|0.439703|0.439703
70|0.000533675|0.000533675
EARLY STOP: TARGET FOUND
46305ms
