1|-675.073|-675.073
2|-710.197|-710.197
3|-722.415|-722.415
4|-723.681|-723.681
5|-723.835|-723.835
6|-723.873|-723.873
7|-723.893|-723.893
8|-723.893|-723.893
9|-723.893|-723.893
10|-723.894|-723.894
11|-723.894|-723.894
12|-783.87|-783.87
13|-863.835|-863.835
14|-882.476|-882.476
15|-929.91|-929.91
16|-1101.92|-1101.92
17|-1190.02|-1190.02
18|-1198.04|-1198.04
19|-1201.68|-1201.68
20|-1201.79|-1201.79
21|-1202.22|-1202.22
22|-1202.22|-1202.22
23|-1202.22|-1202.22
24|-1261.07|-1261.07
25|-1261.07|-1261.07
26|-1267.01|-1267.01
27|-1296.58|-1296.58
28|-1314.44|-1314.44
29|-1323.26|-1323.26
30|-1327.64|-1327.64
31|-1329.83|-1329.83
32|-1330.91|-1330.91
33|-1330.98|-1330.98
34|-1330.98|-1330.98
35|-1330.99|-1330.99
36|-1337.2|-1337.2
37|-1339.96|-1339.96
38|-1341.26|-1341.26
39|-1341.88|-1341.88
40|-1342.04|-1342.04
41|-1342.05|-1342.05
42|-1342.05|-1342.05
43|-1383.14|-1383.14
44|-1428.8|-1428.8
45|-1438.09|-1438.09
46|-1442.4|-1442.4
47|-1444.48|-1444.48
48|-1445.49|-1445.49
49|-1445.99|-1445.99
50|-1446.02|-1446.02
51|-1446.03|-1446.03
52|-1446.04|-1446.04
53|-1446.04|-1446.04
54|-1446.04|-1446.04
55|-1446.04|-1446.04
56|-1446.04|-1446.04
57|-1446.04|-1446.04
58|-1446.04|-1446.04
59|-1446.04|-1446.04
60|-1446.04|-1446.04
61|-1446.04|-1446.04
62|-1446.04|-1446.04
63|-1446.04|-1446.04
64|-1446.04|-1446.04
65|-1446.04|-1446.04
66|-1446.04|-1446.04
67|-1446.04|-1446.04
68|-1446.04|-1446.04
69|-1446.04|-1446.04
70|-1446.04|-1446.04
71|-1446.04|-1446.04
72|-1446.04|-1446.04
73|-1446.04|-1446.04
74|-1446.04|-1446.04
75|-1446.04|-1446.04
76|-1446.04|-1446.04
77|-1446.04|-1446.04
78|-1446.04|-1446.04
79|-1446.04|-1446.04
80|-1446.04|-1446.04
81|-1446.04|-1446.04
82|-1446.04|-1446.04
83|-1446.04|-1446.04
84|-1446.04|-1446.04
85|-1446.04|-1446.04
86|-1446.04|-1446.04
87|-1446.04|-1446.04
88|-1446.04|-1446.04
89|-1446.04|-1446.04
90|-1446.04|-1446.04
91|-1446.04|-1446.04
92|-1446.04|-1446.04
93|-1446.04|-1446.04
94|-1446.04|-1446.04
95|-1446.04|-1446.04
96|-1446.04|-1446.04
97|-1446.04|-1446.04
98|-1446.04|-1446.04
99|-1446.04|-1446.04
100|-1446.04|-1446.04
101|-1446.04|-1446.04
102|-1446.04|-1446.04
103|-1446.04|-1446.04
104|-1446.04|-1446.04
105|-1446.04|-1446.04
106|-1446.04|-1446.04
107|-1446.04|-1446.04
108|-1446.04|-1446.04
109|-1446.04|-1446.04
110|-1446.04|-1446.04
111|-1446.04|-1446.04
112|-1446.04|-1446.04
113|-1446.04|-1446.04
114|-1446.04|-1446.04
115|-1446.04|-1446.04
116|-1446.04|-1446.04
117|-1446.04|-1446.04
118|-1446.04|-1446.04
119|-1446.04|-1446.04
120|-1446.04|-1446.04
121|-1446.04|-1446.04
122|-1446.04|-1446.04
123|-1446.04|-1446.04
124|-1446.04|-1446.04
125|-1446.04|-1446.04
126|-1446.04|-1446.04
127|-1446.04|-1446.04
128|-1446.04|-1446.04
129|-1446.04|-1446.04
130|-1446.04|-1446.04
131|-1446.04|-1446.04
132|-1446.04|-1446.04
133|-1446.04|-1446.04
134|-1446.04|-1446.04
135|-1446.04|-1446.04
136|-1446.04|-1446.04
137|-1446.04|-1446.04
138|-1446.04|-1446.04
139|-1446.04|-1446.04
140|-1446.04|-1446.04
141|-1446.04|-1446.04
142|-1446.04|-1446.04
143|-1446.04|-1446.04
144|-1446.04|-1446.04
145|-1446.04|-1446.04
146|-1446.04|-1446.04
147|-1446.04|-1446.04
148|-1446.04|-1446.04
149|-1446.04|-1446.04
150|-1446.04|-1446.04
151|-1446.04|-1446.04
152|-1446.04|-1446.04
153|-1446.04|-1446.04
154|-1446.04|-1446.04
155|-1446.04|-1446.04
156|-1446.04|-1446.04
157|-1446.04|-1446.04
158|-1446.04|-1446.04
159|-1446.04|-1446.04
160|-1446.04|-1446.04
161|-1446.04|-1446.04
162|-1446.04|-1446.04
163|-1446.04|-1446.04
164|-1446.04|-1446.04
165|-1446.04|-1446.04
166|-1446.04|-1446.04
167|-1446.04|-1446.04
168|-1446.04|-1446.04
169|-1446.04|-1446.04
170|-1446.04|-1446.04
171|-1446.04|-1446.04
172|-1446.04|-1446.04
173|-1446.04|-1446.04
174|-1446.04|-1446.04
175|-1446.04|-1446.04
176|-1446.04|-1446.04
177|-1446.04|-1446.04
178|-1446.04|-1446.04
179|-1446.04|-1446.04
180|-1446.04|-1446.04
181|-1446.04|-1446.04
182|-1446.04|-1446.04
183|-1446.04|-1446.04
184|-1446.04|-1446.04
185|-1446.04|-1446.04
186|-1446.04|-1446.04
187|-1446.04|-1446.04
188|-1446.04|-1446.04
189|-1446.04|-1446.04
190|-1446.04|-1446.04
191|-1446.04|-1446.04
192|-1446.04|-1446.04
193|-1446.04|-1446.04
194|-1446.04|-1446.04
195|-1446.04|-1446.04
196|-1446.04|-1446.04
197|-1446.04|-1446.04
198|-1446.04|-1446.04
199|-1446.04|-1446.04
200|-1446.04|-1446.04
201|-1446.04|-1446.04
202|-1446.04|-1446.04
203|-1446.04|-1446.04
204|-1446.04|-1446.04
205|-1446.04|-1446.04
EARLY STOP: TARGET FOUND
98553ms
