1|471.979|471.979
2|471.957|471.957
3|471.95|471.95
4|471.948|471.948
5|471.948|471.948
6|471.948|471.948
7|471.948|471.948
8|450.583|450.583
9|445.368|445.368
10|435.646|435.646
11|435.609|435.609
12|435.608|435.608
13|435.604|435.604
14|435.604|435.604
15|435.604|435.604
16|426.734|426.734
17|419.787|419.787
18|419.569|419.569
19|419.539|419.539
20|419.533|419.533
21|419.531|419.531
22|419.529|419.529
23|419.529|419.529
24|419.528|419.528
25|419.528|419.528
26|419.528|419.528
27|414.192|414.192
28|411.903|411.903
29|403.264|403.264
30|399.383|399.383
31|396.878|396.878
32|396.796|396.796
33|396.759|396.759
34|396.741|396.741
35|396.733|396.733
36|396.732|396.732
37|396.348|396.348
38|396.311|396.311
39|396.293|396.293
40|396.285|396.285
41|396.284|396.284
42|387.491|387.491
43|380.464|380.464
44|380.257|380.257
45|380.23|380.23
46|380.227|380.227
47|380.226|380.226
48|380.226|380.226
49|380.226|380.226
50|355.202|355.202
51|346.662|346.662
52|346.651|346.651
53|346.65|346.65
54|346.65|346.65
55|346.65|346.65
56|344.924|344.924
57|344.233|344.233
58|343.936|343.936
59|343.868|343.868
60|343.834|343.834
61|343.817|343.817
62|343.815|343.815
63|343.814|343.814
64|343.814|343.814
65|340.799|340.799
66|322.901|322.901
67|322.843|322.843
68|322.835|322.835
69|322.832|322.832
70|322.83|322.83
71|322.83|322.83
72|322.83|322.83
73|313.755|313.755
74|310.427|310.427
75|310.145|310.145
76|310.144|310.144
77|310.144|310.144
78|307.395|307.395
79|306.882|306.882
80|306.852|306.852
81|306.851|306.851
82|305.622|305.622
83|305.221|305.221
84|305.144|305.144
85|305.126|305.126
86|305.122|305.122
87|305.12|305.12
88|305.119|305.119
89|305.118|305.118
90|305.118|305.118
91|305.118|305.118
92|304.944|304.944
93|304.939|304.939
94|304.937|304.937
95|304.937|304.937
96|304.937|304.937
97|304.937|304.937
98|304.937|304.937
99|294.783|294.783
100|294.697|294.697
101|294.697|294.697
102|294.696|294.696
103|285.544|285.544
104|281.644|281.644
105|264.62|264.62
106|264.375|264.375
107|264.371|264.371
108|264.371|264.371
109|260.825|260.825
110|260.811|260.811
111|260.755|260.755
112|260.747|260.747
113|260.744|260.744
114|260.744|260.744
115|260.744|260.744
116|260.744|260.744
117|260.546|260.546
118|260.359|260.359
119|260.347|260.347
120|260.344|260.344
121|260.343|260.343
122|260.343|260.343
123|256.004|256.004
124|254.322|254.322
125|253.657|253.657
126|253.375|253.375
127|253.366|253.366
128|253.365|253.365
129|253.365|253.365
130|251.61|251.61
131|251.022|251.022
132|248.919|248.919
133|247.626|247.626
134|244.233|244.233
135|243.301|243.301
136|243.227|243.227
137|243.218|243.218
138|243.217|243.217
139|243.217|243.217
140|243.217|243.217
141|238.251|238.251
142|228.58|228.58
143|226.628|226.628
144|223.436|223.436
145|222.962|222.962
146|222.779|222.779
147|222.703|222.703
148|222.685|222.685
149|222.681|222.681
150|222.678|222.678
151|222.677|222.677
152|222.677|222.677
153|222.676|222.676
154|221.079|221.079
155|196.797|196.797
156|196.401|196.401
157|196.396|196.396
158|182.044|182.044
159|180.391|180.391
160|179.743|179.743
161|179.602|179.602
162|179.535|179.535
163|179.531|179.531
164|179.53|179.53
165|179.529|179.529
166|179.529|179.529
167|173.608|173.608
168|173.492|173.492
169|173.489|173.489
170|173.488|173.488
171|173.488|173.488
172|173.488|173.488
173|148.899|148.899
174|145.93|145.93
175|145.523|145.523
176|145.444|145.444
177|145.409|145.409
178|145.408|145.408
179|145.407|145.407
180|140.882|140.882
181|134.234|134.234
182|132.921|132.921
183|132.473|132.473
184|132.304|132.304
185|132.268|132.268
186|132.259|132.259
187|132.258|132.258
188|126.737|126.737
189|114.12|114.12
190|111.854|111.854
191|111.629|111.629
192|111.626|111.626
193|111.623|111.623
194|111.622|111.622
195|111.622|111.622
196|110.273|110.273
197|109.708|109.708
198|109.641|109.641
199|109.636|109.636
200|109.634|109.634
201|109.634|109.634
202|109.634|109.634
203|88.2429|88.2429
204|88.069|88.069
205|88.0315|88.0315
206|88.0137|88.0137
207|88.005|88.005
208|88.0028|88.0028
209|88.0017|88.0017
210|88.0012|88.0012
211|87.2324|87.2324
212|87.0769|87.0769
213|82.4924|82.4924
214|82.4915|82.4915
215|82.4913|82.4913
216|82.4912|82.4912
217|82.4912|82.4912
218|76.6599|76.6599
219|71.1716|71.1716
220|68.8038|68.8038
221|68.7666|68.7666
222|68.7488|68.7488
223|68.7445|68.7445
224|68.7423|68.7423
225|68.7413|68.7413
226|68.7407|68.7407
227|68.7406|68.7406
228|68.7406|68.7406
229|68.7406|68.7406
230|68.7406|68.7406
231|68.7406|68.7406
232|68.7406|68.7406
233|68.7406|68.7406
234|68.7406|68.7406
235|68.7406|68.7406
236|68.7406|68.7406
237|68.7406|68.7406
238|68.7406|68.7406
239|68.7406|68.7406
240|68.7406|68.7406
241|68.7406|68.7406
242|68.7406|68.7406
243|68.7406|68.7406
244|68.7406|68.7406
245|68.7406|68.7406
246|68.7406|68.7406
247|68.7406|68.7406
248|68.7406|68.7406
249|68.7406|68.7406
250|68.7406|68.7406
251|68.7406|68.7406
252|68.7406|68.7406
253|68.7406|68.7406
254|68.7406|68.7406
255|68.7406|68.7406
256|68.7406|68.7406
257|68.7406|68.7406
258|68.7406|68.7406
259|68.7406|68.7406
260|68.7406|68.7406
261|68.7406|68.7406
262|68.7406|68.7406
263|68.7406|68.7406
264|68.7406|68.7406
265|68.7406|68.7406
266|68.7406|68.7406
267|68.7406|68.7406
268|68.7406|68.7406
269|68.7406|68.7406
270|68.7406|68.7406
271|68.7406|68.7406
272|68.7406|68.7406
273|68.7406|68.7406
274|68.7406|68.7406
275|68.7406|68.7406
276|68.7406|68.7406
277|68.7406|68.7406
278|68.7406|68.7406
279|68.7406|68.7406
280|68.7406|68.7406
281|68.7406|68.7406
282|68.7406|68.7406
283|68.7406|68.7406
284|68.7406|68.7406
285|68.7406|68.7406
286|68.7406|68.7406
287|68.7406|68.7406
288|68.7406|68.7406
289|68.7406|68.7406
290|68.7406|68.7406
291|68.7406|68.7406
292|68.7406|68.7406
293|68.7406|68.7406
294|68.7406|68.7406
295|68.7406|68.7406
296|68.7406|68.7406
297|68.7406|68.7406
298|68.7406|68.7406
299|68.7406|68.7406
300|68.7406|68.7406
301|68.7406|68.7406
302|68.7406|68.7406
303|68.7406|68.7406
304|68.7406|68.7406
305|68.7406|68.7406
306|68.7406|68.7406
307|68.7406|68.7406
308|68.7406|68.7406
309|68.7406|68.7406
310|68.7406|68.7406
311|68.7406|68.7406
312|68.7406|68.7406
313|68.7406|68.7406
314|68.7406|68.7406
315|68.7406|68.7406
316|68.7406|68.7406
317|68.7406|68.7406
318|68.7406|68.7406
319|68.7406|68.7406
320|68.7406|68.7406
321|68.7406|68.7406
322|68.7406|68.7406
323|68.7406|68.7406
324|68.7406|68.7406
325|68.7406|68.7406
326|68.7406|68.7406
327|68.7406|68.7406
328|68.7406|68.7406
329|68.7406|68.7406
330|68.7406|68.7406
331|68.7406|68.7406
332|68.7406|68.7406
333|68.7406|68.7406
334|68.7406|68.7406
335|68.7406|68.7406
336|68.7406|68.7406
337|68.7406|68.7406
338|68.7406|68.7406
339|68.7406|68.7406
340|68.7406|68.7406
341|68.7406|68.7406
342|68.7406|68.7406
343|68.7406|68.7406
344|68.7406|68.7406
345|68.7406|68.7406
346|68.7406|68.7406
347|68.7406|68.7406
348|68.7406|68.7406
349|68.7406|68.7406
350|68.7406|68.7406
351|68.7406|68.7406
352|68.7406|68.7406
353|68.7406|68.7406
354|68.7406|68.7406
355|68.7406|68.7406
356|68.7406|68.7406
357|68.7406|68.7406
358|68.7406|68.7406
359|68.7406|68.7406
360|68.7406|68.7406
361|68.7406|68.7406
362|68.7406|68.7406
363|68.7406|68.7406
364|68.7406|68.7406
365|68.7406|68.7406
366|68.7406|68.7406
367|68.7406|68.7406
368|68.7406|68.7406
369|68.7406|68.7406
370|68.7406|68.7406
371|68.7406|68.7406
372|68.7406|68.7406
373|68.7406|68.7406
374|68.7406|68.7406
375|68.7406|68.7406
376|68.7406|68.7406
377|68.7406|68.7406
EARLY STOP: TARGET FOUND
3031226ms
