1|74.1249|74.1249
2|72.9481|72.9481
3|72.6669|72.6669
4|72.6031|72.6031
5|72.5904|72.5904
6|72.5892|72.5892
7|72.5889|72.5889
8|72.5888|72.5888
9|72.5888|72.5888
10|72.5888|72.5888
11|68.6441|68.6441
12|67.9006|67.9006
13|67.8427|67.8427
14|67.8329|67.8329
15|67.8325|67.8325
16|48.0548|48.0548
17|47.7549|47.7549
18|47.6818|47.6818
19|47.6644|47.6644
20|47.6605|47.6605
21|47.6598|47.6598
22|47.6597|47.6597
23|47.6597|47.6597
24|47.6597|47.6597
25|43.4787|43.4787
26|43.4787|43.4787
27|42.617|42.617
28|42.4934|42.4934
29|42.4924|42.4924
30|42.4924|42.4924
31|42.4923|42.4923
32|42.4923|42.4923
33|34.3436|34.3436
34|31.4655|31.4655
35|31.258|31.258
36|31.258|31.258
37|31.2311|31.2311
38|31.2311|31.2311
39|31.2311|31.2311
40|31.2311|31.2311
41|27.7141|27.7141
42|27.1845|27.1845
43|27.1759|27.1759
44|27.1757|27.1757
45|27.1757|27.1757
46|27.1757|27.1757
47|23.7718|23.7718
48|23.2987|23.2987
49|23.2964|23.2964
50|23.2963|23.2963
51|23.2963|23.2963
52|23.2963|23.2963
53|20.4624|20.4624
54|20.266|20.266
55|20.2488|20.2488
56|20.2451|20.2451
57|20.2444|20.2444
58|20.2444|20.2444
59|20.2444|20.2444
60|13.7375|13.7375
61|13.7375|13.7375
62|13.7375|13.7375
63|10.449|10.449
64|10.0336|10.0336
65|10.0335|10.0335
66|10.0335|10.0335
67|10.0335|10.0335
68|3.81198|3.81198
69|3.81198|3.81198
70|3.81198|3.81198
71|3.81198|3.81198
72|0.452159|0.452159
73|0.452159|0.452159
74|0.452159|0.452159
75|0.452159|0.452159
76|0.452159|0.452159
77|0.00105153|0.00105153
EARLY STOP: TARGET FOUND
46921ms
