1|592.537|592.537
2|591.114|591.114
3|591.107|591.107
4|591.107|591.107
5|569.686|569.686
6|569.686|569.686
7|569.509|569.509
8|569.435|569.435
9|569.431|569.431
10|569.387|569.387
11|569.386|569.386
12|569.385|569.385
13|564.415|564.415
14|557.248|557.248
15|552.969|552.969
16|550.301|550.301
17|550.123|550.123
18|550.048|550.048
19|550.04|550.04
20|550.039|550.039
21|549.874|549.874
22|549.856|549.856
23|549.856|549.856
24|531.968|531.968
25|528.598|528.598
26|525.717|525.717
27|525.337|525.337
28|525.3|525.3
29|525.282|525.282
30|525.28|525.28
31|525.279|525.279
32|525.279|525.279
33|520.489|520.489
34|507.79|507.79
35|502.242|502.242
36|502.194|502.194
37|502.185|502.185
38|502.184|502.184
39|502.184|502.184
40|481.779|481.779
41|478.431|478.431
42|477.551|477.551
43|477.34|477.34
44|477.294|477.294
45|477.286|477.286
46|477.285|477.285
47|477.285|477.285
48|461.764|461.764
49|457.275|457.275
50|456.561|456.561
51|451.873|451.873
52|450.689|450.689
53|450.688|450.688
54|450.688|450.688
55|450.688|450.688
56|443.192|443.192
57|442.758|442.758
58|440.385|440.385
59|439.582|439.582
60|439.076|439.076
61|434.672|434.672
62|434.669|434.669
63|434.666|434.666
64|434.666|434.666
65|413.321|413.321
66|408.058|408.058
67|398.363|398.363
68|398.331|398.331
69|398.327|398.327
70|398.325|398.325
71|398.324|398.324
72|378.806|378.806
73|369.97|369.97
74|362.988|362.988
75|362.774|362.774
76|362.774|362.774
77|362.746|362.746
78|362.74|362.74
79|362.739|362.739
80|362.738|362.738
81|362.738|362.738
82|362.738|362.738
83|362.738|362.738
84|355.132|355.132
85|348.521|348.521
86|347.347|347.347
87|346.976|346.976
88|346.94|346.94
89|346.936|346.936
90|346.935|346.935
91|346.935|346.935
92|340.928|340.928
93|339.534|339.534
94|339.041|339.041
95|338.849|338.849
96|338.767|338.767
97|338.73|338.73
98|338.712|338.712
99|338.704|338.704
100|338.703|338.703
101|331.451|331.451
102|330.217|330.217
103|329.813|329.813
104|329.735|329.735
105|329.717|329.717
106|329.708|329.708
107|329.704|329.704
108|329.704|329.704
109|329.703|329.703
110|329.703|329.703
111|323.126|323.126
112|314.26|314.26
113|314.259|314.259
114|314.259|314.259
115|294.226|294.226
116|289.317|289.317
117|289.314|289.314
118|289.313|289.313
119|289.313|289.313
120|260.707|260.707
121|260.7|260.7
122|260.7|260.7
123|260.7|260.7
124|242.674|242.674
125|240.07|240.07
126|239.642|239.642
127|239.633|239.633
128|239.633|239.633
129|239.632|239.632
130|239.632|239.632
131|235.188|235.188
132|219.655|219.655
133|216.432|216.432
134|215.632|215.632
135|215.463|215.463
136|215.437|215.437
137|215.437|215.437
138|215.437|215.437
139|204.915|204.915
140|200.502|200.502
141|200.5|200.5
142|200.496|200.496
143|200.496|200.496
144|200.496|200.496
145|180.691|180.691
146|175.527|175.527
147|175.513|175.513
148|175.51|175.51
149|175.509|175.509
150|175.509|175.509
151|159.959|159.959
152|156.034|156.034
153|154.947|154.947
154|150.611|150.611
155|149.234|149.234
156|149.231|149.231
157|149.231|149.231
158|145.051|145.051
159|128.006|128.006
160|128.005|128.005
161|125.144|125.144
162|124.564|124.564
163|124.516|124.516
164|124.507|124.507
165|124.507|124.507
166|124.507|124.507
167|120.193|120.193
168|119.436|119.436
169|119.389|119.389
170|119.386|119.386
171|119.385|119.385
172|119.385|119.385
173|108.361|108.361
174|108.326|108.326
175|108.098|108.098
176|108.066|108.066
177|108.053|108.053
178|108.05|108.05
179|108.049|108.049
180|108.048|108.048
181|108.048|108.048
182|92.5294|92.5294
183|89.3036|89.3036
184|88.5014|88.5014
185|88.3309|88.3309
186|88.3048|88.3048
187|88.3044|88.3044
188|88.3043|88.3043
189|78.286|78.286
190|77.6683|77.6683
191|74.3995|74.3995
192|73.5488|73.5488
193|73.5467|73.5467
194|73.5462|73.5462
195|73.546|73.546
196|61.624|61.624
197|61.5563|61.5563
198|61.548|61.548
199|61.5439|61.5439
200|61.5418|61.5418
201|61.5408|61.5408
202|61.5402|61.5402
203|52.6249|52.6249
204|51.0386|51.0386
205|50.43|50.43
206|50.3965|50.3965
207|50.3882|50.3882
208|50.384|50.384
209|50.382|50.382
210|50.3817|50.3817
211|50.3817|50.3817
212|50.3817|50.3817
213|50.3817|50.3817
214|50.3817|50.3817
215|50.3817|50.3817
216|50.3817|50.3817
217|50.3817|50.3817
218|50.3817|50.3817
219|50.3817|50.3817
220|50.3817|50.3817
221|50.3817|50.3817
222|50.3817|50.3817
223|50.3817|50.3817
224|50.3817|50.3817
225|50.3817|50.3817
226|50.3817|50.3817
227|50.3817|50.3817
228|50.3817|50.3817
229|50.3817|50.3817
230|50.3817|50.3817
231|50.3817|50.3817
232|50.3817|50.3817
233|50.3817|50.3817
234|50.3817|50.3817
235|50.3817|50.3817
236|50.3817|50.3817
237|50.3817|50.3817
238|50.3817|50.3817
239|50.3817|50.3817
240|50.3817|50.3817
241|50.3817|50.3817
242|50.3817|50.3817
243|50.3817|50.3817
244|50.3817|50.3817
245|50.3817|50.3817
246|50.3817|50.3817
247|50.3817|50.3817
248|50.3817|50.3817
249|50.3817|50.3817
250|50.3817|50.3817
251|50.3817|50.3817
252|50.3817|50.3817
253|50.3817|50.3817
254|50.3817|50.3817
255|50.3817|50.3817
256|50.3817|50.3817
257|50.3817|50.3817
258|50.3817|50.3817
259|50.3817|50.3817
260|50.3817|50.3817
261|50.3817|50.3817
262|50.3817|50.3817
263|50.3817|50.3817
264|50.3817|50.3817
265|50.3817|50.3817
266|50.3817|50.3817
267|50.3817|50.3817
268|50.3817|50.3817
269|50.3817|50.3817
270|50.3817|50.3817
271|50.3817|50.3817
272|50.3817|50.3817
273|50.3817|50.3817
274|50.3817|50.3817
275|50.3817|50.3817
276|50.3817|50.3817
277|50.3817|50.3817
278|50.3817|50.3817
279|50.3817|50.3817
280|50.3817|50.3817
281|50.3817|50.3817
282|50.3817|50.3817
283|50.3817|50.3817
284|50.3817|50.3817
285|50.3817|50.3817
286|50.3817|50.3817
287|50.3817|50.3817
288|50.3817|50.3817
289|50.3817|50.3817
290|50.3817|50.3817
291|50.3817|50.3817
292|50.3817|50.3817
293|50.3817|50.3817
294|50.3817|50.3817
295|50.3817|50.3817
296|50.3817|50.3817
297|50.3817|50.3817
298|50.3817|50.3817
299|50.3817|50.3817
300|50.3817|50.3817
301|50.3817|50.3817
302|50.3817|50.3817
303|50.3817|50.3817
304|50.3817|50.3817
305|50.3817|50.3817
306|50.3817|50.3817
307|50.3817|50.3817
308|50.3817|50.3817
309|50.3817|50.3817
310|50.3817|50.3817
311|50.3817|50.3817
312|50.3817|50.3817
313|50.3817|50.3817
314|50.3817|50.3817
315|50.3817|50.3817
316|50.3817|50.3817
317|50.3817|50.3817
318|50.3817|50.3817
319|50.3817|50.3817
320|50.3817|50.3817
321|50.3817|50.3817
322|50.3817|50.3817
323|50.3817|50.3817
324|50.3817|50.3817
325|50.3817|50.3817
326|50.3817|50.3817
327|50.3817|50.3817
328|50.3817|50.3817
329|50.3817|50.3817
330|50.3817|50.3817
331|50.3817|50.3817
332|50.3817|50.3817
333|50.3817|50.3817
334|50.3817|50.3817
335|50.3817|50.3817
336|50.3817|50.3817
337|50.3817|50.3817
338|50.3817|50.3817
339|50.3817|50.3817
340|50.3817|50.3817
341|50.3817|50.3817
342|50.3817|50.3817
343|50.3817|50.3817
344|50.3817|50.3817
345|50.3817|50.3817
346|50.3817|50.3817
347|50.3817|50.3817
348|50.3817|50.3817
349|50.3817|50.3817
350|50.3817|50.3817
351|50.3817|50.3817
352|50.3817|50.3817
353|50.3817|50.3817
354|50.3817|50.3817
355|50.3817|50.3817
356|50.3817|50.3817
357|50.3817|50.3817
358|50.3817|50.3817
359|50.3817|50.3817
360|50.3817|50.3817
EARLY STOP: TARGET FOUND
2952201ms
