1|75.2633|75.2633
2|75.1263|75.1263
3|75.118|75.118
4|58.3084|58.3084
5|51.3363|51.3363
6|50.0655|50.0655
7|49.6405|49.6405
8|49.4842|49.4842
9|49.484|49.484
10|49.4838|49.4838
11|47.2273|47.2273
12|47.0337|47.0337
13|46.9959|46.9959
14|46.9927|46.9927
15|46.992|46.992
16|46.9919|46.9919
17|46.9919|46.9919
18|37.2347|37.2347
19|34.2917|34.2917
20|16.3306|16.3306
21|16.2772|16.2772
22|16.27|16.27
23|16.2686|16.2686
24|16.2683|16.2683
25|16.2681|16.2681
26|16.268|16.268
27|16.268|16.268
28|16.2419|16.2419
29|16.2357|16.2357
30|16.2353|16.2353
31|16.2351|16.2351
32|16.235|16.235
33|16.235|16.235
34|16.235|16.235
35|16.235|16.235
36|16.235|16.235
37|16.235|16.235
38|16.235|16.235
39|16.235|16.235
40|16.235|16.235
41|16.235|16.235
42|16.235|16.235
43|16.235|16.235
44|16.235|16.235
45|16.235|16.235
46|16.235|16.235
47|16.235|16.235
48|16.235|16.235
49|16.235|16.235
50|16.235|16.235
51|16.235|16.235
52|16.235|16.235
53|16.235|16.235
54|16.235|16.235
55|16.235|16.235
56|16.235|16.235
57|16.235|16.235
58|16.235|16.235
59|16.235|16.235
60|16.235|16.235
61|16.235|16.235
62|16.235|16.235
63|16.235|16.235
64|16.235|16.235
65|16.235|16.235
66|16.235|16.235
67|16.235|16.235
68|16.235|16.235
69|16.235|16.235
70|16.235|16.235
71|16.235|16.235
72|16.235|16.235
73|16.235|16.235
74|16.235|16.235
75|16.235|16.235
76|16.235|16.235
77|16.235|16.235
78|16.235|16.235
79|16.235|16.235
80|16.235|16.235
81|16.235|16.235
82|16.235|16.235
83|16.235|16.235
84|16.235|16.235
85|16.235|16.235
86|16.235|16.235
87|16.235|16.235
88|16.235|16.235
89|16.235|16.235
90|16.235|16.235
91|16.235|16.235
92|16.235|16.235
93|16.235|16.235
94|16.235|16.235
95|16.235|16.235
96|16.235|16.235
97|16.235|16.235
98|16.235|16.235
99|16.235|16.235
100|16.235|16.235
101|16.235|16.235
102|16.235|16.235
103|16.235|16.235
104|16.235|16.235
105|16.235|16.235
106|16.235|16.235
107|16.235|16.235
108|16.235|16.235
109|16.235|16.235
110|16.235|16.235
111|16.235|16.235
112|16.235|16.235
113|16.235|16.235
114|16.235|16.235
115|16.235|16.235
116|16.235|16.235
117|16.235|16.235
118|16.235|16.235
119|16.235|16.235
120|16.235|16.235
121|16.235|16.235
122|16.235|16.235
123|16.235|16.235
124|16.235|16.235
125|16.235|16.235
126|16.235|16.235
127|16.235|16.235
128|16.235|16.235
129|16.235|16.235
130|16.235|16.235
131|16.235|16.235
132|16.235|16.235
133|16.235|16.235
134|16.235|16.235
135|16.235|16.235
136|16.235|16.235
137|16.235|16.235
138|16.235|16.235
139|16.235|16.235
140|16.235|16.235
141|16.235|16.235
142|16.235|16.235
143|16.235|16.235
144|16.235|16.235
145|16.235|16.235
146|16.235|16.235
147|16.235|16.235
148|16.235|16.235
149|16.235|16.235
150|16.235|16.235
151|16.235|16.235
152|16.235|16.235
153|16.235|16.235
154|16.235|16.235
155|16.235|16.235
156|16.235|16.235
157|16.235|16.235
158|16.235|16.235
159|16.235|16.235
160|16.235|16.235
161|16.235|16.235
162|16.235|16.235
163|16.235|16.235
164|16.235|16.235
165|16.235|16.235
166|16.235|16.235
167|16.235|16.235
168|16.235|16.235
169|16.235|16.235
170|16.235|16.235
171|16.235|16.235
172|16.235|16.235
173|16.235|16.235
174|16.235|16.235
175|16.235|16.235
176|16.235|16.235
177|16.235|16.235
178|16.235|16.235
179|16.235|16.235
180|16.235|16.235
181|16.235|16.235
182|16.235|16.235
EARLY STOP: TARGET FOUND
65576ms
