1|-3.29241|-3.29241
2|-3.49715|-3.49715
3|-3.65239|-3.65239
4|-3.6934|-3.6934
5|-3.69596|-3.69596
6|-3.6966|-3.6966
7|-3.69693|-3.69693
8|-3.69709|-3.69709
9|-3.69713|-3.69713
10|-3.69858|-3.69858
11|-4.10277|-4.10277
12|-4.10299|-4.10299
13|-4.10301|-4.10301
14|-4.57911|-4.57911
15|-4.65333|-4.65333
16|-4.89757|-4.89757
17|-4.89878|-4.89878
18|-4.89883|-4.89883
19|-4.89883|-4.89883
20|-4.89981|-4.89981
21|-4.90068|-4.90068
22|-4.93978|-4.93978
23|-5.19038|-5.19038
24|-5.7515|-5.7515
25|-5.75387|-5.75387
26|-5.77239|-5.77239
27|-5.77619|-5.77619
28|-5.77797|-5.77797
29|-5.7784|-5.7784
30|-5.77851|-5.77851
31|-5.77853|-5.77853
32|-5.77855|-5.77855
33|-6.60127|-6.60127
34|-6.74634|-6.74634
35|-6.74659|-6.74659
36|-6.74687|-6.74687
37|-6.74697|-6.74697
38|-6.74702|-6.74702
39|-6.74704|-6.74704
40|-6.74704|-6.74704
41|-6.74704|-6.74704
42|-6.80421|-6.80421
43|-7.49492|-7.49492
44|-7.73431|-7.73431
45|-7.73859|-7.73859
46|-7.73865|-7.73865
47|-7.73865|-7.73865
48|-7.88988|-7.88988
49|-7.97653|-7.97653
50|-7.98752|-7.98752
51|-7.99302|-7.99302
52|-7.99576|-7.99576
53|-7.99714|-7.99714
54|-7.99748|-7.99748
55|-7.99765|-7.99765
56|-7.99769|-7.99769
57|-8.09661|-8.09661
58|-8.10697|-8.10697
59|-8.11371|-8.11371
60|-8.40986|-8.40986
61|-8.44703|-8.44703
62|-8.45613|-8.45613
63|-8.45839|-8.45839
64|-8.45895|-8.45895
65|-8.45909|-8.45909
66|-8.84214|-8.84214
67|-9.37974|-9.37974
68|-9.38052|-9.38052
69|-9.3807|-9.3807
70|-9.38075|-9.38075
71|-9.44525|-9.44525
72|-9.49287|-9.49287
73|-9.49392|-9.49392
74|-9.49415|-9.49415
75|-9.49418|-9.49418
76|-10.1364|-10.1364
77|-10.141|-10.141
78|-10.1431|-10.1431
79|-10.1436|-10.1436
80|-10.1438|-10.1438
81|-10.1439|-10.1439
82|-10.3084|-10.3084
83|-10.9277|-10.9277
84|-10.9584|-10.9584
85|-10.9616|-10.9616
86|-10.9624|-10.9624
87|-10.9628|-10.9628
88|-11.1449|-11.1449
89|-11.3575|-11.3575
90|-11.3588|-11.3588
91|-11.3611|-11.3611
92|-11.6144|-11.6144
93|-12.2153|-12.2153
94|-12.2153|-12.2153
95|-12.2153|-12.2153
96|-12.2184|-12.2184
97|-12.2207|-12.2207
98|-12.4474|-12.4474
99|-13.1954|-13.1954
100|-13.1998|-13.1998
101|-13.2034|-13.2034
102|-13.2035|-13.2035
103|-13.2036|-13.2036
104|-13.21|-13.21
105|-13.2231|-13.2231
106|-13.4731|-13.4731
107|-14.0158|-14.0158
108|-14.0951|-14.0951
109|-14.0966|-14.0966
110|-14.0967|-14.0967
111|-14.0967|-14.0967
112|-14.7585|-14.7585
113|-14.8698|-14.8698
114|-15.0481|-15.0481
115|-15.0712|-15.0712
116|-15.0754|-15.0754
117|-15.0763|-15.0763
118|-15.0768|-15.0768
119|-15.077|-15.077
120|-15.3801|-15.3801
121|-15.4095|-15.4095
122|-15.4156|-15.4156
123|-15.4165|-15.4165
124|-15.4165|-15.4165
125|-15.4297|-15.4297
126|-15.4574|-15.4574
127|-15.616|-15.616
128|-15.649|-15.649
129|-15.6666|-15.6666
130|-15.6711|-15.6711
131|-15.6717|-15.6717
132|-15.672|-15.672
133|-15.7214|-15.7214
134|-15.7277|-15.7277
135|-15.7794|-15.7794
136|-16.3031|-16.3031
137|-16.6163|-16.6163
138|-16.6806|-16.6806
139|-16.6808|-16.6808
140|-16.6809|-16.6809
141|-16.6814|-16.6814
142|-16.7067|-16.7067
143|-16.9929|-16.9929
144|-17.0049|-17.0049
145|-17.0064|-17.0064
146|-17.0066|-17.0066
147|-17.4111|-17.4111
148|-17.6492|-17.6492
149|-17.9697|-17.9697
150|-17.9852|-17.9852
151|-17.9885|-17.9885
152|-17.9886|-17.9886
153|-17.9886|-17.9886
154|-18.0455|-18.0455
155|-18.0952|-18.0952
156|-18.097|-18.097
157|-18.097|-18.097
158|-18.097|-18.097
159|-18.5463|-18.5463
160|-18.6484|-18.6484
161|-18.7209|-18.7209
162|-18.7367|-18.7367
163|-18.7369|-18.7369
164|-18.7371|-18.7371
165|-18.7371|-18.7371
166|-18.7371|-18.7371
167|-18.7392|-18.7392
168|-18.7639|-18.7639
169|-18.7912|-18.7912
170|-18.8003|-18.8003
171|-18.8053|-18.8053
172|-18.8078|-18.8078
173|-18.8085|-18.8085
174|-18.8088|-18.8088
175|-19.089|-19.089
176|-19.7076|-19.7076
177|-19.7106|-19.7106
178|-19.7108|-19.7108
179|-19.7108|-19.7108
180|-19.7118|-19.7118
181|-20.265|-20.265
182|-20.265|-20.265
183|-21.2095|-21.2095
184|-21.21|-21.21
185|-21.21|-21.21
186|-21.21|-21.21
187|-21.2121|-21.2121
188|-21.2588|-21.2588
189|-21.3498|-21.3498
190|-21.3528|-21.3528
191|-21.4902|-21.4902
192|-21.6534|-21.6534
193|-21.6986|-21.6986
194|-21.7215|-21.7215
195|-21.7243|-21.7243
196|-21.7258|-21.7258
197|-21.7261|-21.7261
198|-21.7261|-21.7261
199|-21.7261|-21.7261
200|-21.7261|-21.7261
201|-21.7261|-21.7261
202|-21.7261|-21.7261
203|-21.7261|-21.7261
204|-21.7261|-21.7261
205|-21.7261|-21.7261
206|-21.7261|-21.7261
207|-21.7261|-21.7261
208|-21.7261|-21.7261
209|-21.7261|-21.7261
210|-21.7261|-21.7261
211|-21.7261|-21.7261
212|-21.7261|-21.7261
213|-21.7261|-21.7261
214|-21.7261|-21.7261
215|-21.7261|-21.7261
216|-21.7261|-21.7261
217|-21.7261|-21.7261
218|-21.7261|-21.7261
219|-21.7261|-21.7261
220|-21.7261|-21.7261
221|-21.7261|-21.7261
222|-21.7261|-21.7261
223|-21.7261|-21.7261
224|-21.7261|-21.7261
225|-21.7261|-21.7261
226|-21.7261|-21.7261
227|-21.7261|-21.7261
228|-21.7261|-21.7261
229|-21.7261|-21.7261
230|-21.7261|-21.7261
231|-21.7261|-21.7261
232|-21.7261|-21.7261
233|-21.7261|-21.7261
234|-21.7261|-21.7261
235|-21.7261|-21.7261
236|-21.7261|-21.7261
237|-21.7261|-21.7261
238|-21.7261|-21.7261
239|-21.7261|-21.7261
240|-21.7261|-21.7261
241|-21.7261|-21.7261
242|-21.7261|-21.7261
243|-21.7261|-21.7261
244|-21.7261|-21.7261
245|-21.7261|-21.7261
246|-21.7261|-21.7261
247|-21.7261|-21.7261
248|-21.7261|-21.7261
249|-21.7261|-21.7261
250|-21.7261|-21.7261
251|-21.7261|-21.7261
252|-21.7261|-21.7261
253|-21.7261|-21.7261
254|-21.7261|-21.7261
255|-21.7261|-21.7261
256|-21.7261|-21.7261
257|-21.7261|-21.7261
258|-21.7261|-21.7261
259|-21.7261|-21.7261
260|-21.7261|-21.7261
261|-21.7261|-21.7261
262|-21.7261|-21.7261
263|-21.7261|-21.7261
264|-21.7261|-21.7261
265|-21.7261|-21.7261
266|-21.7261|-21.7261
267|-21.7261|-21.7261
268|-21.7261|-21.7261
269|-21.7261|-21.7261
270|-21.7261|-21.7261
271|-21.7261|-21.7261
272|-21.7261|-21.7261
273|-21.7261|-21.7261
274|-21.7261|-21.7261
275|-21.7261|-21.7261
276|-21.7261|-21.7261
277|-21.7261|-21.7261
278|-21.7261|-21.7261
279|-21.7261|-21.7261
280|-21.7261|-21.7261
281|-21.7261|-21.7261
282|-21.7261|-21.7261
283|-21.7261|-21.7261
284|-21.7261|-21.7261
285|-21.7261|-21.7261
286|-21.7261|-21.7261
287|-21.7261|-21.7261
288|-21.7261|-21.7261
289|-21.7261|-21.7261
290|-21.7261|-21.7261
291|-21.7261|-21.7261
292|-21.7261|-21.7261
293|-21.7261|-21.7261
294|-21.7261|-21.7261
295|-21.7261|-21.7261
296|-21.7261|-21.7261
297|-21.7261|-21.7261
298|-21.7261|-21.7261
299|-21.7261|-21.7261
300|-21.7261|-21.7261
301|-21.7261|-21.7261
302|-21.7261|-21.7261
303|-21.7261|-21.7261
304|-21.7261|-21.7261
305|-21.7261|-21.7261
306|-21.7261|-21.7261
307|-21.7261|-21.7261
308|-21.7261|-21.7261
309|-21.7261|-21.7261
310|-21.7261|-21.7261
311|-21.7261|-21.7261
312|-21.7261|-21.7261
313|-21.7261|-21.7261
314|-21.7261|-21.7261
315|-21.7261|-21.7261
316|-21.7261|-21.7261
317|-21.7261|-21.7261
318|-21.7261|-21.7261
319|-21.7261|-21.7261
320|-21.7261|-21.7261
321|-21.7261|-21.7261
322|-21.7261|-21.7261
323|-21.7261|-21.7261
324|-21.7261|-21.7261
325|-21.7261|-21.7261
326|-21.7261|-21.7261
327|-21.7261|-21.7261
328|-21.7261|-21.7261
329|-21.7261|-21.7261
330|-21.7261|-21.7261
331|-21.7261|-21.7261
332|-21.7261|-21.7261
333|-21.7261|-21.7261
334|-21.7261|-21.7261
335|-21.7261|-21.7261
336|-21.7261|-21.7261
337|-21.7261|-21.7261
338|-21.7261|-21.7261
339|-21.7261|-21.7261
340|-21.7261|-21.7261
341|-21.7261|-21.7261
342|-21.7261|-21.7261
343|-21.7261|-21.7261
344|-21.7261|-21.7261
345|-21.7261|-21.7261
346|-21.7261|-21.7261
347|-21.7261|-21.7261
EARLY STOP: TARGET FOUND
2787703ms
