1|1444.84|1444.84
2|1416.87|1416.87
3|1371.99|1371.99
4|1197.03|1197.03
5|1110.46|1110.46
6|1098.57|1098.57
7|1096.89|1096.89
8|1095.79|1095.79
9|1095.72|1095.72
10|1095.71|1095.71
11|1095.71|1095.71
12|1095.71|1095.71
13|980.425|980.425
14|980.425|980.425
15|980.425|980.425
16|980.416|980.416
17|980.413|980.413
18|980.412|980.412
19|975.895|975.895
20|966.939|966.939
21|908.323|908.323
22|906.14|906.14
23|905.05|905.05
24|904.982|904.982
25|904.965|904.965
26|904.961|904.961
27|904.959|904.959
28|904.958|904.958
29|437.841|437.841
30|286.244|286.244
31|188.165|188.165
32|186.578|186.578
33|186.569|186.569
34|186.568|186.568
35|186.568|186.568
36|149.663|149.663
37|23.4015|23.4015
38|-74.4063|-74.4063
39|-111.996|-111.996
40|-125.542|-125.542
41|-130.932|-130.932
42|-131.009|-131.009
43|-131.013|-131.013
44|-131.015|-131.015
45|-131.015|-131.015
46|-193.265|-193.265
47|-298.732|-298.732
48|-298.817|-298.817
49|-298.817|-298.817
50|-298.895|-298.895
51|-298.898|-298.898
52|-298.899|-298.899
53|-298.899|-298.899
54|-416.964|-416.964
55|-432.974|-432.974
56|-585.807|-585.807
57|-594.152|-594.152
58|-667.919|-667.919
59|-713.688|-713.688
60|-714.328|-714.328
61|-715.093|-715.093
62|-715.247|-715.247
63|-715.318|-715.318
64|-715.352|-715.352
65|-715.356|-715.356
66|-715.358|-715.358
67|-715.358|-715.358
68|-767.75|-767.75
69|-904.042|-904.042
70|-946.921|-946.921
71|-968.109|-968.109
72|-969.427|-969.427
73|-969.591|-969.591
74|-969.673|-969.673
75|-969.715|-969.715
76|-969.718|-969.718
77|-969.718|-969.718
78|-1065.75|-1065.75
79|-1491.67|-1491.67
80|-1500.91|-1500.91
81|-1505.19|-1505.19
82|-1507.25|-1507.25
83|-1508.26|-1508.26
84|-1508.29|-1508.29
85|-1508.31|-1508.31
86|-1508.32|-1508.32
87|-1508.32|-1508.32
88|-1508.32|-1508.32
89|-1508.32|-1508.32
90|-1508.32|-1508.32
91|-1613.47|-1613.47
92|-1732.88|-1732.88
93|-1734.15|-1734.15
94|-1734.3|-1734.3
95|-1734.34|-1734.34
96|-1734.36|-1734.36
97|-1734.37|-1734.37
98|-1734.37|-1734.37
99|-1734.37|-1734.37
100|-2196.1|-2196.1
101|-2314.5|-2314.5
102|-2428.01|-2428.01
103|-2432.78|-2432.78
104|-2433.03|-2433.03
105|-2433.05|-2433.05
106|-2542.13|-2542.13
107|-2659.83|-2659.83
108|-2659.83|-2659.83
109|-2665.59|-2665.59
110|-2666.34|-2666.34
111|-2666.52|-2666.52
112|-2666.6|-2666.6
113|-2666.65|-2666.65
114|-2666.66|-2666.66
115|-2666.66|-2666.66
116|-2776.62|-2776.62
117|-2943.87|-2943.87
118|-2987.71|-2987.71
119|-2989.43|-2989.43
120|-2989.44|-2989.44
121|-3131.92|-3131.92
122|-3234.29|-3234.29
123|-3234.39|-3234.39
124|-3234.39|-3234.39
125|-3698.69|-3698.69
126|-3820.05|-3820.05
127|-3932.21|-3932.21
128|-3935.18|-3935.18
129|-3935.18|-3935.18
130|-3935.63|-3935.63
131|-3935.88|-3935.88
132|-3935.91|-3935.91
133|-3935.91|-3935.91
134|-4101.73|-4101.73
135|-4102.94|-4102.94
136|-4178.18|-4178.18
137|-4219.9|-4219.9
138|-4221.05|-4221.05
139|-4221.11|-4221.11
140|-4221.12|-4221.12
141|-4221.12|-4221.12
142|-4221.12|-4221.12
143|-4221.12|-4221.12
144|-4691.93|-4691.93
145|-4828.57|-4828.57
146|-4933.67|-4933.67
147|-4933.74|-4933.74
148|-4933.75|-4933.75
149|-4933.75|-4933.75
150|-5134.02|-5134.02
151|-5139.02|-5139.02
152|-5188.89|-5188.89
153|-5208.86|-5208.86
154|-5217.53|-5217.53
155|-5218.56|-5218.56
156|-5219.06|-5219.06
157|-5219.06|-5219.06
158|-5219.31|-5219.31
159|-5219.44|-5219.44
160|-5219.5|-5219.5
161|-5219.51|-5219.51
162|-5219.51|-5219.51
163|-5219.51|-5219.51
164|-5428.41|-5428.41
165|-5460.52|-5460.52
166|-5460.55|-5460.55
167|-5809.01|-5809.01
168|-5880.46|-5880.46
169|-6010.97|-6010.97
170|-6046.95|-6046.95
171|-6059.63|-6059.63
172|-6062.22|-6062.22
173|-6062.37|-6062.37
174|-6062.41|-6062.41
175|-6062.42|-6062.42
176|-6062.42|-6062.42
177|-6143.52|-6143.52
178|-6203.3|-6203.3
179|-6221.57|-6221.57
180|-6303.12|-6303.12
181|-6314.87|-6314.87
182|-6315.03|-6315.03
183|-6315.07|-6315.07
184|-6315.09|-6315.09
185|-6315.09|-6315.09
186|-6315.09|-6315.09
187|-6315.09|-6315.09
188|-6480.12|-6480.12
189|-6512.14|-6512.14
190|-6526.24|-6526.24
191|-6528.48|-6528.48
192|-6528.49|-6528.49
193|-6528.49|-6528.49
194|-6606.88|-6606.88
195|-6800.36|-6800.36
196|-6814.11|-6814.11
197|-6819.61|-6819.61
198|-6820.23|-6820.23
199|-6820.25|-6820.25
200|-6820.25|-6820.25
201|-6820.25|-6820.25
202|-6881.71|-6881.71
203|-6992.96|-6992.96
204|-6992.97|-6992.97
205|-6992.97|-6992.97
206|-7317.37|-7317.37
207|-7347.1|-7347.1
208|-7362.38|-7362.38
209|-7364.32|-7364.32
210|-7463.33|-7463.33
211|-7895.84|-7895.84
212|-7904.61|-7904.61
213|-7906.67|-7906.67
214|-7907.17|-7907.17
215|-7907.42|-7907.42
216|-7907.48|-7907.48
217|-7907.5|-7907.5
218|-7907.51|-7907.51
219|-7907.51|-7907.51
220|-7907.51|-7907.51
221|-7907.52|-7907.52
222|-8080.23|-8080.23
223|-8111.98|-8111.98
224|-8366.93|-8366.93
225|-8368.21|-8368.21
226|-8368.52|-8368.52
227|-8368.67|-8368.67
228|-8368.69|-8368.69
229|-8368.7|-8368.7
230|-8368.7|-8368.7
231|-8368.7|-8368.7
232|-8436.17|-8436.17
233|-8449.66|-8449.66
234|-8488.57|-8488.57
235|-8506.26|-8506.26
236|-8510.63|-8510.63
237|-8511.72|-8511.72
238|-8512.27|-8512.27
239|-8512.54|-8512.54
240|-8512.61|-8512.61
241|-8512.63|-8512.63
242|-8512.63|-8512.63
243|-8512.64|-8512.64
244|-8563.92|-8563.92
245|-8567.71|-8567.71
246|-8569.27|-8569.27
247|-8569.45|-8569.45
248|-8569.54|-8569.54
249|-8569.58|-8569.58
250|-8569.6|-8569.6
251|-8569.61|-8569.61
252|-8569.61|-8569.61
253|-8569.61|-8569.61
254|-8718.07|-8718.07
255|-9186.76|-9186.76
256|-9188.21|-9188.21
257|-9188.57|-9188.57
258|-9188.59|-9188.59
259|-9188.59|-9188.59
260|-9188.59|-9188.59
261|-9188.59|-9188.59
262|-9188.59|-9188.59
263|-9188.59|-9188.59
264|-9188.59|-9188.59
265|-9188.59|-9188.59
266|-9188.59|-9188.59
267|-9188.59|-9188.59
268|-9188.59|-9188.59
269|-9188.59|-9188.59
270|-9188.59|-9188.59
271|-9188.59|-9188.59
272|-9188.59|-9188.59
273|-9188.59|-9188.59
274|-9188.59|-9188.59
275|-9188.59|-9188.59
276|-9188.59|-9188.59
277|-9188.59|-9188.59
278|-9188.59|-9188.59
279|-9188.59|-9188.59
280|-9188.59|-9188.59
281|-9188.59|-9188.59
282|-9188.59|-9188.59
283|-9188.59|-9188.59
284|-9188.59|-9188.59
285|-9188.59|-9188.59
286|-9188.59|-9188.59
287|-9188.59|-9188.59
288|-9188.59|-9188.59
289|-9188.59|-9188.59
290|-9188.59|-9188.59
291|-9188.59|-9188.59
292|-9188.59|-9188.59
293|-9188.59|-9188.59
294|-9188.59|-9188.59
295|-9188.59|-9188.59
296|-9188.59|-9188.59
297|-9188.59|-9188.59
298|-9188.59|-9188.59
299|-9188.59|-9188.59
300|-9188.59|-9188.59
301|-9188.59|-9188.59
302|-9188.59|-9188.59
303|-9188.59|-9188.59
304|-9188.59|-9188.59
305|-9188.59|-9188.59
306|-9188.59|-9188.59
307|-9188.59|-9188.59
308|-9188.59|-9188.59
309|-9188.59|-9188.59
310|-9188.59|-9188.59
311|-9188.59|-9188.59
312|-9188.59|-9188.59
313|-9188.59|-9188.59
314|-9188.59|-9188.59
315|-9188.59|-9188.59
316|-9188.59|-9188.59
317|-9188.59|-9188.59
318|-9188.59|-9188.59
319|-9188.59|-9188.59
320|-9188.59|-9188.59
321|-9188.59|-9188.59
322|-9188.59|-9188.59
323|-9188.59|-9188.59
324|-9188.59|-9188.59
325|-9188.59|-9188.59
326|-9188.59|-9188.59
327|-9188.59|-9188.59
328|-9188.59|-9188.59
329|-9188.59|-9188.59
330|-9188.59|-9188.59
331|-9188.59|-9188.59
332|-9188.59|-9188.59
333|-9188.59|-9188.59
334|-9188.59|-9188.59
335|-9188.59|-9188.59
336|-9188.59|-9188.59
337|-9188.59|-9188.59
338|-9188.59|-9188.59
339|-9188.59|-9188.59
340|-9188.59|-9188.59
341|-9188.59|-9188.59
342|-9188.59|-9188.59
343|-9188.59|-9188.59
344|-9188.59|-9188.59
345|-9188.59|-9188.59
346|-9188.59|-9188.59
347|-9188.59|-9188.59
348|-9188.59|-9188.59
349|-9188.59|-9188.59
350|-9188.59|-9188.59
351|-9188.59|-9188.59
352|-9188.59|-9188.59
353|-9188.59|-9188.59
354|-9188.59|-9188.59
355|-9188.59|-9188.59
356|-9188.59|-9188.59
357|-9188.59|-9188.59
358|-9188.59|-9188.59
359|-9188.59|-9188.59
360|-9188.59|-9188.59
361|-9188.59|-9188.59
362|-9188.59|-9188.59
363|-9188.59|-9188.59
364|-9188.59|-9188.59
365|-9188.59|-9188.59
366|-9188.59|-9188.59
367|-9188.59|-9188.59
368|-9188.59|-9188.59
369|-9188.59|-9188.59
370|-9188.59|-9188.59
371|-9188.59|-9188.59
372|-9188.59|-9188.59
373|-9188.59|-9188.59
374|-9188.59|-9188.59
375|-9188.59|-9188.59
376|-9188.59|-9188.59
377|-9188.59|-9188.59
378|-9188.59|-9188.59
379|-9188.59|-9188.59
380|-9188.59|-9188.59
381|-9188.59|-9188.59
382|-9188.59|-9188.59
383|-9188.59|-9188.59
384|-9188.59|-9188.59
385|-9188.59|-9188.59
386|-9188.59|-9188.59
387|-9188.59|-9188.59
388|-9188.59|-9188.59
389|-9188.59|-9188.59
390|-9188.59|-9188.59
391|-9188.59|-9188.59
392|-9188.59|-9188.59
393|-9188.59|-9188.59
394|-9188.59|-9188.59
395|-9188.59|-9188.59
396|-9188.59|-9188.59
397|-9188.59|-9188.59
398|-9188.59|-9188.59
399|-9188.59|-9188.59
400|-9188.59|-9188.59
401|-9188.59|-9188.59
402|-9188.59|-9188.59
403|-9188.59|-9188.59
404|-9188.59|-9188.59
405|-9188.59|-9188.59
406|-9188.59|-9188.59
407|-9188.59|-9188.59
408|-9188.59|-9188.59
409|-9188.59|-9188.59
410|-9188.59|-9188.59
EARLY STOP: TARGET FOUND
4574545ms
