1|70.9636|70.9636
2|70.1861|70.1861
3|70.1197|70.1197
4|70.1057|70.1057
5|70.1035|70.1035
6|70.1035|70.1035
7|70.1035|70.1035
8|44.0451|44.0451
9|44.0451|44.0451
10|44.0449|44.0449
11|44.0449|44.0449
12|44.0448|44.0448
13|43.9765|43.9765
14|43.9616|43.9616
15|43.9589|43.9589
16|43.9587|43.9587
17|43.9587|43.9587
18|43.9587|43.9587
19|43.8537|43.8537
20|43.8537|43.8537
21|43.8537|43.8537
22|24.643|24.643
23|24.1771|24.1771
24|24.1752|24.1752
25|24.1752|24.1752
26|24.1752|24.1752
27|23.9419|23.9419
28|23.902|23.902
29|23.9001|23.9001
30|23.9001|23.9001
31|23.9001|23.9001
32|22.09|22.09
33|17.6273|17.6273
34|16.6248|16.6248
35|16.6248|16.6248
36|16.4307|16.4307
37|16.4142|16.4142
38|16.4107|16.4107
39|16.4102|16.4102
40|16.4102|16.4102
41|11.7835|11.7835
42|11.7835|11.7835
43|10.699|10.699
44|10.699|10.699
45|10.4639|10.4639
46|10.4639|10.4639
47|10.4232|10.4232
48|10.421|10.421
49|10.421|10.421
50|10.4209|10.4209
51|10.4209|10.4209
52|10.4209|10.4209
53|9.56198|9.56198
54|9.56198|9.56198
55|4.86151|4.86151
56|3.74007|3.74007
57|3.74007|3.74007
58|3.48656|3.48656
59|3.48656|3.48656
60|3.4366|3.4366
61|3.43211|3.43211
62|3.43106|3.43106
63|3.43084|3.43084
64|3.43081|3.43081
65|3.4308|3.4308
66|3.4308|3.4308
67|0.327461|0.327461
68|0.327461|0.327461
69|0.327461|0.327461
70|0.0636258|0.0636258
71|0.0636258|0.0636258
72|0.0636258|0.0636258
73|0.0636258|0.0636258
74|0.0636258|0.0636258
75|0.0636258|0.0636258
76|0.0636258|0.0636258
77|0.0636257|0.0636257
78|0.00850846|0.00850846
EARLY STOP: TARGET FOUND
54717ms
