1|-4.13477|-4.13477
2|-4.1396|-4.1396
3|-4.14021|-4.14021
4|-4.31995|-4.31995
5|-4.41782|-4.41782
6|-4.46299|-4.46299
7|-4.47321|-4.47321
8|-4.47321|-4.47321
9|-4.47352|-4.47352
10|-4.47367|-4.47367
11|-4.47369|-4.47369
12|-4.68711|-4.68711
13|-4.75513|-4.75513
14|-4.79067|-4.79067
15|-4.79517|-4.79517
16|-4.79573|-4.79573
17|-5.11414|-5.11414
18|-5.65314|-5.65314
19|-5.6669|-5.6669
20|-5.67078|-5.67078
21|-5.67159|-5.67159
22|-5.67187|-5.67187
23|-5.67193|-5.67193
24|-5.67193|-5.67193
25|-5.70545|-5.70545
26|-6.50326|-6.50326
27|-6.50326|-6.50326
28|-6.50557|-6.50557
29|-6.50668|-6.50668
30|-6.50709|-6.50709
31|-6.50711|-6.50711
32|-6.50712|-6.50712
33|-6.50713|-6.50713
34|-6.50854|-6.50854
35|-6.89246|-6.89246
36|-6.91543|-6.91543
37|-6.91615|-6.91615
38|-6.91617|-6.91617
39|-6.91617|-6.91617
40|-6.91617|-6.91617
41|-7.02908|-7.02908
42|-7.19041|-7.19041
43|-7.19043|-7.19043
44|-7.19441|-7.19441
45|-7.19745|-7.19745
46|-7.19755|-7.19755
47|-7.19755|-7.19755
48|-7.22139|-7.22139
49|-8.10058|-8.10058
50|-8.10069|-8.10069
51|-8.10077|-8.10077
52|-8.10077|-8.10077
53|-8.55296|-8.55296
54|-8.66281|-8.66281
55|-8.66691|-8.66691
56|-8.66691|-8.66691
57|-8.66694|-8.66694
58|-8.66695|-8.66695
59|-8.66695|-8.66695
60|-8.67132|-8.67132
61|-8.67453|-8.67453
62|-8.67539|-8.67539
63|-8.67584|-8.67584
64|-8.67606|-8.67606
65|-8.67617|-8.67617
66|-8.86225|-8.86225
67|-8.8743|-8.8743
68|-8.87468|-8.87468
69|-8.8748|-8.8748
70|-8.87481|-8.87481
71|-9.34578|-9.34578
72|-9.35007|-9.35007
73|-9.3537|-9.3537
74|-9.35373|-9.35373
75|-9.35373|-9.35373
76|-9.35374|-9.35374
77|-9.35375|-9.35375
78|-9.35375|-9.35375
79|-9.35376|-9.35376
80|-9.88921|-9.88921
81|-10.2063|-10.2063
82|-10.2065|-10.2065
83|-10.2068|-10.2068
84|-10.2068|-10.2068
85|-10.2068|-10.2068
86|-10.2068|-10.2068
87|-10.2555|-10.2555
88|-10.5794|-10.5794
89|-10.7226|-10.7226
90|-10.7287|-10.7287
91|-10.8836|-10.8836
92|-10.9245|-10.9245
93|-10.9253|-10.9253
94|-10.9254|-10.9254
95|-10.9255|-10.9255
96|-11.1922|-11.1922
97|-11.7018|-11.7018
98|-11.7595|-11.7595
99|-11.7659|-11.7659
100|-11.7674|-11.7674
101|-11.7676|-11.7676
102|-11.7678|-11.7678
103|-11.8067|-11.8067
104|-11.8362|-11.8362
105|-11.8741|-11.8741
106|-11.9974|-11.9974
107|-12.3571|-12.3571
108|-12.3724|-12.3724
109|-12.7486|-12.7486
110|-12.7533|-12.7533
111|-12.7539|-12.7539
112|-12.7539|-12.7539
113|-12.7539|-12.7539
114|-12.754|-12.754
115|-12.8035|-12.8035
116|-13.2182|-13.2182
117|-13.2257|-13.2257
118|-13.2267|-13.2267
119|-13.2269|-13.2269
120|-13.8305|-13.8305
121|-13.8881|-13.8881
122|-13.9094|-13.9094
123|-13.9134|-13.9134
124|-13.9152|-13.9152
125|-13.9153|-13.9153
126|-13.9153|-13.9153
127|-14.0824|-14.0824
128|-14.1114|-14.1114
129|-14.3461|-14.3461
130|-14.4663|-14.4663
131|-14.492|-14.492
132|-14.4951|-14.4951
133|-14.4966|-14.4966
134|-14.4968|-14.4968
135|-14.4972|-14.4972
136|-14.5438|-14.5438
137|-14.9078|-14.9078
138|-14.9398|-14.9398
139|-14.9507|-14.9507
140|-15.3985|-15.3985
141|-15.4436|-15.4436
142|-15.4461|-15.4461
143|-15.4467|-15.4467
144|-15.4468|-15.4468
145|-15.4468|-15.4468
146|-15.4468|-15.4468
147|-15.4481|-15.4481
148|-15.6713|-15.6713
149|-15.7418|-15.7418
150|-15.9056|-15.9056
151|-15.9061|-15.9061
152|-15.9063|-15.9063
153|-15.9064|-15.9064
154|-16.3448|-16.3448
155|-16.7888|-16.7888
156|-16.8128|-16.8128
157|-16.8297|-16.8297
158|-16.8308|-16.8308
159|-16.8308|-16.8308
160|-16.8308|-16.8308
161|-17.5226|-17.5226
162|-17.5255|-17.5255
163|-17.5267|-17.5267
164|-17.5267|-17.5267
165|-17.5267|-17.5267
166|-17.5267|-17.5267
167|-17.6043|-17.6043
168|-18.2466|-18.2466
169|-18.3082|-18.3082
170|-18.3454|-18.3454
171|-18.3508|-18.3508
172|-18.3509|-18.3509
173|-18.3509|-18.3509
174|-18.5947|-18.5947
175|-18.7223|-18.7223
176|-19.2026|-19.2026
177|-19.2757|-19.2757
178|-19.2876|-19.2876
179|-19.8302|-19.8302
180|-20.0306|-20.0306
181|-20.1774|-20.1774
182|-20.2383|-20.2383
183|-20.256|-20.256
184|-20.2587|-20.2587
185|-20.2593|-20.2593
186|-20.2596|-20.2596
187|-20.5062|-20.5062
188|-20.541|-20.541
189|-20.631|-20.631
190|-20.6384|-20.6384
191|-20.6398|-20.6398
192|-20.6405|-20.6405
193|-20.6407|-20.6407
194|-20.6408|-20.6408
195|-20.6554|-20.6554
196|-21.3961|-21.3961
197|-21.5866|-21.5866
198|-21.5999|-21.5999
199|-21.6029|-21.6029
200|-21.6043|-21.6043
201|-21.6043|-21.6043
202|-21.6043|-21.6043
203|-21.6043|-21.6043
204|-21.6043|-21.6043
205|-21.6043|-21.6043
206|-21.6043|-21.6043
207|-21.6043|-21.6043
208|-21.6043|-21.6043
209|-21.6043|-21.6043
210|-21.6043|-21.6043
211|-21.6043|-21.6043
212|-21.6043|-21.6043
213|-21.6043|-21.6043
214|-21.6043|-21.6043
215|-21.6043|-21.6043
216|-21.6043|-21.6043
217|-21.6043|-21.6043
218|-21.6043|-21.6043
219|-21.6043|-21.6043
220|-21.6043|-21.6043
221|-21.6043|-21.6043
222|-21.6043|-21.6043
223|-21.6043|-21.6043
224|-21.6043|-21.6043
225|-21.6043|-21.6043
226|-21.6043|-21.6043
227|-21.6043|-21.6043
228|-21.6043|-21.6043
229|-21.6043|-21.6043
230|-21.6043|-21.6043
231|-21.6043|-21.6043
232|-21.6043|-21.6043
233|-21.6043|-21.6043
234|-21.6043|-21.6043
235|-21.6043|-21.6043
236|-21.6043|-21.6043
237|-21.6043|-21.6043
238|-21.6043|-21.6043
239|-21.6043|-21.6043
240|-21.6043|-21.6043
241|-21.6043|-21.6043
242|-21.6043|-21.6043
243|-21.6043|-21.6043
244|-21.6043|-21.6043
245|-21.6043|-21.6043
246|-21.6043|-21.6043
247|-21.6043|-21.6043
248|-21.6043|-21.6043
249|-21.6043|-21.6043
250|-21.6043|-21.6043
251|-21.6043|-21.6043
252|-21.6043|-21.6043
253|-21.6043|-21.6043
254|-21.6043|-21.6043
255|-21.6043|-21.6043
256|-21.6043|-21.6043
257|-21.6043|-21.6043
258|-21.6043|-21.6043
259|-21.6043|-21.6043
260|-21.6043|-21.6043
261|-21.6043|-21.6043
262|-21.6043|-21.6043
263|-21.6043|-21.6043
264|-21.6043|-21.6043
265|-21.6043|-21.6043
266|-21.6043|-21.6043
267|-21.6043|-21.6043
268|-21.6043|-21.6043
269|-21.6043|-21.6043
270|-21.6043|-21.6043
271|-21.6043|-21.6043
272|-21.6043|-21.6043
273|-21.6043|-21.6043
274|-21.6043|-21.6043
275|-21.6043|-21.6043
276|-21.6043|-21.6043
277|-21.6043|-21.6043
278|-21.6043|-21.6043
279|-21.6043|-21.6043
280|-21.6043|-21.6043
281|-21.6043|-21.6043
282|-21.6043|-21.6043
283|-21.6043|-21.6043
284|-21.6043|-21.6043
285|-21.6043|-21.6043
286|-21.6043|-21.6043
287|-21.6043|-21.6043
288|-21.6043|-21.6043
289|-21.6043|-21.6043
290|-21.6043|-21.6043
291|-21.6043|-21.6043
292|-21.6043|-21.6043
293|-21.6043|-21.6043
294|-21.6043|-21.6043
295|-21.6043|-21.6043
296|-21.6043|-21.6043
297|-21.6043|-21.6043
298|-21.6043|-21.6043
299|-21.6043|-21.6043
300|-21.6043|-21.6043
301|-21.6043|-21.6043
302|-21.6043|-21.6043
303|-21.6043|-21.6043
304|-21.6043|-21.6043
305|-21.6043|-21.6043
306|-21.6043|-21.6043
307|-21.6043|-21.6043
308|-21.6043|-21.6043
309|-21.6043|-21.6043
310|-21.6043|-21.6043
311|-21.6043|-21.6043
312|-21.6043|-21.6043
313|-21.6043|-21.6043
314|-21.6043|-21.6043
315|-21.6043|-21.6043
316|-21.6043|-21.6043
317|-21.6043|-21.6043
318|-21.6043|-21.6043
319|-21.6043|-21.6043
320|-21.6043|-21.6043
321|-21.6043|-21.6043
322|-21.6043|-21.6043
323|-21.6043|-21.6043
324|-21.6043|-21.6043
325|-21.6043|-21.6043
326|-21.6043|-21.6043
327|-21.6043|-21.6043
328|-21.6043|-21.6043
329|-21.6043|-21.6043
330|-21.6043|-21.6043
331|-21.6043|-21.6043
332|-21.6043|-21.6043
333|-21.6043|-21.6043
334|-21.6043|-21.6043
335|-21.6043|-21.6043
336|-21.6043|-21.6043
337|-21.6043|-21.6043
338|-21.6043|-21.6043
339|-21.6043|-21.6043
340|-21.6043|-21.6043
341|-21.6043|-21.6043
342|-21.6043|-21.6043
343|-21.6043|-21.6043
344|-21.6043|-21.6043
345|-21.6043|-21.6043
346|-21.6043|-21.6043
347|-21.6043|-21.6043
348|-21.6043|-21.6043
349|-21.6043|-21.6043
350|-21.6043|-21.6043
EARLY STOP: TARGET FOUND
2967297ms
