1|-851.919|-851.919
2|-1045.22|-1045.22
3|-1436.53|-1436.53
4|-1452.41|-1452.41
5|-1453.77|-1453.77
6|-1453.95|-1453.95
7|-1454.03|-1454.03
8|-1454.06|-1454.06
9|-1454.06|-1454.06
10|-1454.06|-1454.06
11|-1454.06|-1454.06
12|-1461.7|-1461.7
13|-1461.71|-1461.71
14|-1497.88|-1497.88
15|-1515.57|-1515.57
16|-1519.94|-1519.94
17|-1519.94|-1519.94
18|-1521.03|-1521.03
19|-1521.58|-1521.58
20|-1521.85|-1521.85
21|-1521.85|-1521.85
22|-1569.55|-1569.55
23|-1588.34|-1588.34
24|-1592.49|-1592.49
25|-1592.99|-1592.99
26|-1593.02|-1593.02
27|-1593.03|-1593.03
28|-1593.03|-1593.03
29|-1593.04|-1593.04
30|-1687.99|-1687.99
31|-1691.15|-1691.15
32|-1691.22|-1691.22
33|-1691.23|-1691.23
34|-1691.23|-1691.23
35|-1691.23|-1691.23
36|-1705.1|-1705.1
37|-1706.71|-1706.71
38|-1707.16|-1707.16
39|-1707.23|-1707.23
40|-1707.26|-1707.26
41|-1707.27|-1707.27
42|-1707.28|-1707.28
43|-1707.28|-1707.28
44|-1707.28|-1707.28
45|-1707.28|-1707.28
46|-1707.28|-1707.28
47|-1707.28|-1707.28
48|-1707.28|-1707.28
49|-1707.28|-1707.28
50|-1707.28|-1707.28
51|-1707.28|-1707.28
52|-1707.28|-1707.28
53|-1707.28|-1707.28
54|-1707.28|-1707.28
55|-1707.28|-1707.28
56|-1707.28|-1707.28
57|-1707.28|-1707.28
58|-1707.28|-1707.28
59|-1707.28|-1707.28
60|-1707.28|-1707.28
61|-1707.28|-1707.28
62|-1707.28|-1707.28
63|-1707.28|-1707.28
64|-1707.28|-1707.28
65|-1707.28|-1707.28
66|-1707.28|-1707.28
67|-1707.28|-1707.28
68|-1707.28|-1707.28
69|-1707.28|-1707.28
70|-1707.28|-1707.28
71|-1707.28|-1707.28
72|-1707.28|-1707.28
73|-1707.28|-1707.28
74|-1707.28|-1707.28
75|-1707.28|-1707.28
76|-1707.28|-1707.28
77|-1707.28|-1707.28
78|-1707.28|-1707.28
79|-1707.28|-1707.28
80|-1707.28|-1707.28
81|-1707.28|-1707.28
82|-1707.28|-1707.28
83|-1707.28|-1707.28
84|-1707.28|-1707.28
85|-1707.28|-1707.28
86|-1707.28|-1707.28
87|-1707.28|-1707.28
88|-1707.28|-1707.28
89|-1707.28|-1707.28
90|-1707.28|-1707.28
91|-1707.28|-1707.28
92|-1707.28|-1707.28
93|-1707.28|-1707.28
94|-1707.28|-1707.28
95|-1707.28|-1707.28
96|-1707.28|-1707.28
97|-1707.28|-1707.28
98|-1707.28|-1707.28
99|-1707.28|-1707.28
100|-1707.28|-1707.28
101|-1707.28|-1707.28
102|-1707.28|-1707.28
103|-1707.28|-1707.28
104|-1707.28|-1707.28
105|-1707.28|-1707.28
106|-1707.28|-1707.28
107|-1707.28|-1707.28
108|-1707.28|-1707.28
109|-1707.28|-1707.28
110|-1707.28|-1707.28
111|-1707.28|-1707.28
112|-1707.28|-1707.28
113|-1707.28|-1707.28
114|-1707.28|-1707.28
115|-1707.28|-1707.28
116|-1707.28|-1707.28
117|-1707.28|-1707.28
118|-1707.28|-1707.28
119|-1707.28|-1707.28
120|-1707.28|-1707.28
121|-1707.28|-1707.28
122|-1707.28|-1707.28
123|-1707.28|-1707.28
124|-1707.28|-1707.28
125|-1707.28|-1707.28
126|-1707.28|-1707.28
127|-1707.28|-1707.28
128|-1707.28|-1707.28
129|-1707.28|-1707.28
130|-1707.28|-1707.28
131|-1707.28|-1707.28
132|-1707.28|-1707.28
133|-1707.28|-1707.28
134|-1707.28|-1707.28
135|-1707.28|-1707.28
136|-1707.28|-1707.28
137|-1707.28|-1707.28
138|-1707.28|-1707.28
139|-1707.28|-1707.28
140|-1707.28|-1707.28
141|-1707.28|-1707.28
142|-1707.28|-1707.28
143|-1707.28|-1707.28
144|-1707.28|-1707.28
145|-1707.28|-1707.28
146|-1707.28|-1707.28
147|-1707.28|-1707.28
148|-1707.28|-1707.28
149|-1707.28|-1707.28
150|-1707.28|-1707.28
151|-1707.28|-1707.28
152|-1707.28|-1707.28
153|-1707.28|-1707.28
154|-1707.28|-1707.28
155|-1707.28|-1707.28
156|-1707.28|-1707.28
157|-1707.28|-1707.28
158|-1707.28|-1707.28
159|-1707.28|-1707.28
160|-1707.28|-1707.28
161|-1707.28|-1707.28
162|-1707.28|-1707.28
163|-1707.28|-1707.28
164|-1707.28|-1707.28
165|-1707.28|-1707.28
166|-1707.28|-1707.28
167|-1707.28|-1707.28
168|-1707.28|-1707.28
169|-1707.28|-1707.28
170|-1707.28|-1707.28
171|-1707.28|-1707.28
172|-1707.28|-1707.28
173|-1707.28|-1707.28
174|-1707.28|-1707.28
175|-1707.28|-1707.28
176|-1707.28|-1707.28
177|-1707.28|-1707.28
178|-1707.28|-1707.28
179|-1707.28|-1707.28
180|-1707.28|-1707.28
181|-1707.28|-1707.28
182|-1707.28|-1707.28
183|-1707.28|-1707.28
184|-1707.28|-1707.28
185|-1707.28|-1707.28
186|-1707.28|-1707.28
187|-1707.28|-1707.28
188|-1707.28|-1707.28
189|-1707.28|-1707.28
190|-1707.28|-1707.28
191|-1707.28|-1707.28
192|-1707.28|-1707.28
193|-1707.28|-1707.28
194|-1707.28|-1707.28
EARLY STOP: TARGET FOUND
94512ms
