1|-347.15|-347.15
2|-388.041|-388.041
3|-405.698|-405.698
4|-407.883|-407.883
5|-408.974|-408.974
6|-409.518|-409.518
7|-409.79|-409.79
8|-409.927|-409.927
9|-409.96|-409.96
10|-409.965|-409.965
11|-409.965|-409.965
12|-409.966|-409.966
13|-450.64|-450.64
14|-452.718|-452.718
15|-453.737|-453.737
16|-454.24|-454.24
17|-454.366|-454.366
18|-454.428|-454.428
19|-454.46|-454.46
20|-454.467|-454.467
21|-454.468|-454.468
22|-582.193|-582.193
23|-582.193|-582.193
24|-609.994|-609.994
25|-610.626|-610.626
26|-610.937|-610.937
27|-611.091|-611.091
28|-611.11|-611.11
29|-611.11|-611.11
30|-611.111|-611.111
31|-611.111|-611.111
32|-742.329|-742.329
33|-803.307|-803.307
34|-1110.02|-1110.02
35|-1141.36|-1141.36
36|-1243.15|-1243.15
37|-1243.51|-1243.51
38|-1243.53|-1243.53
39|-1243.54|-1243.54
40|-1335.39|-1335.39
41|-1337.09|-1337.09
42|-1337.86|-1337.86
43|-1338.22|-1338.22
44|-1338.3|-1338.3
45|-1338.35|-1338.35
46|-1338.37|-1338.37
47|-1338.38|-1338.38
48|-1338.38|-1338.38
49|-1338.38|-1338.38
50|-1338.38|-1338.38
51|-1338.38|-1338.38
52|-1369.18|-1369.18
53|-1369.18|-1369.18
54|-1374.6|-1374.6
55|-1374.76|-1374.76
56|-1374.83|-1374.83
57|-1374.87|-1374.87
58|-1374.88|-1374.88
59|-1374.89|-1374.89
60|-1374.89|-1374.89
61|-1374.89|-1374.89
62|-1478.66|-1478.66
63|-1549.31|-1549.31
64|-1564.94|-1564.94
65|-1594.72|-1594.72
66|-1612.58|-1612.58
67|-1621.4|-1621.4
68|-1625.78|-1625.78
69|-1627.96|-1627.96
70|-1628.5|-1628.5
71|-1628.78|-1628.78
72|-1628.84|-1628.84
73|-1628.88|-1628.88
74|-1628.89|-1628.89
75|-1708.26|-1708.26
76|-1896|-1896
77|-2307.28|-2307.28
78|-2312.61|-2312.61
79|-2317.03|-2317.03
80|-2317.54|-2317.54
81|-2317.7|-2317.7
82|-2317.73|-2317.73
83|-2317.74|-2317.74
84|-2317.74|-2317.74
85|-2317.74|-2317.74
86|-2317.74|-2317.74
87|-2399.54|-2399.54
88|-2451.9|-2451.9
89|-2465.78|-2465.78
90|-2501.75|-2501.75
91|-2510.57|-2510.57
92|-2514.95|-2514.95
93|-2517.14|-2517.14
94|-2518.23|-2518.23
95|-2518.36|-2518.36
96|-2518.37|-2518.37
97|-2518.37|-2518.37
98|-2639.83|-2639.83
99|-2663.31|-2663.31
100|-2836.71|-2836.71
101|-3028.91|-3028.91
102|-3045.98|-3045.98
103|-3067.74|-3067.74
104|-3068.38|-3068.38
105|-3068.39|-3068.39
106|-3068.39|-3068.39
107|-3068.39|-3068.39
108|-3068.39|-3068.39
109|-3068.39|-3068.39
110|-3068.39|-3068.39
111|-3068.39|-3068.39
112|-3068.39|-3068.39
113|-3068.39|-3068.39
114|-3068.39|-3068.39
115|-3068.39|-3068.39
116|-3068.39|-3068.39
117|-3068.39|-3068.39
118|-3068.39|-3068.39
119|-3068.39|-3068.39
120|-3068.39|-3068.39
121|-3068.39|-3068.39
122|-3068.39|-3068.39
123|-3068.39|-3068.39
124|-3068.39|-3068.39
125|-3068.39|-3068.39
126|-3068.39|-3068.39
127|-3068.39|-3068.39
128|-3068.39|-3068.39
129|-3068.39|-3068.39
130|-3068.39|-3068.39
131|-3068.39|-3068.39
132|-3068.39|-3068.39
133|-3068.39|-3068.39
134|-3068.39|-3068.39
135|-3068.39|-3068.39
136|-3068.39|-3068.39
137|-3068.39|-3068.39
138|-3068.39|-3068.39
139|-3068.39|-3068.39
140|-3068.39|-3068.39
141|-3068.39|-3068.39
142|-3068.39|-3068.39
143|-3068.39|-3068.39
144|-3068.39|-3068.39
145|-3068.39|-3068.39
146|-3068.39|-3068.39
147|-3068.39|-3068.39
148|-3068.39|-3068.39
149|-3068.39|-3068.39
150|-3068.39|-3068.39
151|-3068.39|-3068.39
152|-3068.39|-3068.39
153|-3068.39|-3068.39
154|-3068.39|-3068.39
155|-3068.39|-3068.39
156|-3068.39|-3068.39
157|-3068.39|-3068.39
158|-3068.39|-3068.39
159|-3068.39|-3068.39
160|-3068.39|-3068.39
161|-3068.39|-3068.39
162|-3068.39|-3068.39
163|-3068.39|-3068.39
164|-3068.39|-3068.39
165|-3068.39|-3068.39
166|-3068.39|-3068.39
167|-3068.39|-3068.39
168|-3068.39|-3068.39
169|-3068.39|-3068.39
170|-3068.39|-3068.39
171|-3068.39|-3068.39
172|-3068.39|-3068.39
173|-3068.39|-3068.39
174|-3068.39|-3068.39
175|-3068.39|-3068.39
176|-3068.39|-3068.39
177|-3068.39|-3068.39
178|-3068.39|-3068.39
179|-3068.39|-3068.39
180|-3068.39|-3068.39
181|-3068.39|-3068.39
182|-3068.39|-3068.39
183|-3068.39|-3068.39
184|-3068.39|-3068.39
185|-3068.39|-3068.39
186|-3068.39|-3068.39
187|-3068.39|-3068.39
188|-3068.39|-3068.39
189|-3068.39|-3068.39
190|-3068.39|-3068.39
191|-3068.39|-3068.39
192|-3068.39|-3068.39
193|-3068.39|-3068.39
194|-3068.39|-3068.39
195|-3068.39|-3068.39
196|-3068.39|-3068.39
197|-3068.39|-3068.39
198|-3068.39|-3068.39
199|-3068.39|-3068.39
200|-3068.39|-3068.39
201|-3068.39|-3068.39
202|-3068.39|-3068.39
203|-3068.39|-3068.39
204|-3068.39|-3068.39
205|-3068.39|-3068.39
206|-3068.39|-3068.39
207|-3068.39|-3068.39
208|-3068.39|-3068.39
209|-3068.39|-3068.39
210|-3068.39|-3068.39
211|-3068.39|-3068.39
212|-3068.39|-3068.39
213|-3068.39|-3068.39
214|-3068.39|-3068.39
215|-3068.39|-3068.39
216|-3068.39|-3068.39
217|-3068.39|-3068.39
218|-3068.39|-3068.39
219|-3068.39|-3068.39
220|-3068.39|-3068.39
221|-3068.39|-3068.39
222|-3068.39|-3068.39
223|-3068.39|-3068.39
224|-3068.39|-3068.39
225|-3068.39|-3068.39
226|-3068.39|-3068.39
227|-3068.39|-3068.39
228|-3068.39|-3068.39
229|-3068.39|-3068.39
230|-3068.39|-3068.39
231|-3068.39|-3068.39
232|-3068.39|-3068.39
233|-3068.39|-3068.39
234|-3068.39|-3068.39
235|-3068.39|-3068.39
236|-3068.39|-3068.39
237|-3068.39|-3068.39
238|-3068.39|-3068.39
239|-3068.39|-3068.39
240|-3068.39|-3068.39
241|-3068.39|-3068.39
242|-3068.39|-3068.39
243|-3068.39|-3068.39
244|-3068.39|-3068.39
245|-3068.39|-3068.39
246|-3068.39|-3068.39
247|-3068.39|-3068.39
248|-3068.39|-3068.39
249|-3068.39|-3068.39
250|-3068.39|-3068.39
251|-3068.39|-3068.39
252|-3068.39|-3068.39
253|-3068.39|-3068.39
254|-3068.39|-3068.39
255|-3068.39|-3068.39
EARLY STOP: TARGET FOUND
407585ms
