1|-0.272786|-0.272786
2|-0.273404|-0.273404
3|-0.273602|-0.273602
4|-0.273659|-0.273659
5|-0.273674|-0.273674
6|-0.273677|-0.273677
7|-0.273679|-0.273679
8|-0.27368|-0.27368
9|-0.273681|-0.273681
10|-0.812509|-0.812509
11|-0.982958|-0.982958
12|-0.997853|-0.997853
13|-1.0007|-1.0007
14|-1.00094|-1.00094
15|-1.00098|-1.00098
16|-1.00099|-1.00099
17|-1.00099|-1.00099
18|-1.00099|-1.00099
19|-1.00099|-1.00099
20|-1.00375|-1.00375
21|-1.46312|-1.46312
22|-1.49866|-1.49866
23|-1.50316|-1.50316
24|-1.50344|-1.50344
25|-1.50358|-1.50358
26|-1.50366|-1.50366
27|-1.50369|-1.50369
28|-1.5038|-1.5038
29|-1.50404|-1.50404
30|-1.50428|-1.50428
31|-1.50436|-1.50436
32|-1.50436|-1.50436
33|-1.50437|-1.50437
34|-1.50437|-1.50437
35|-1.50437|-1.50437
36|-1.50437|-1.50437
37|-1.50498|-1.50498
38|-1.51944|-1.51944
39|-1.52114|-1.52114
40|-1.52159|-1.52159
41|-1.52182|-1.52182
42|-1.52193|-1.52193
43|-1.52199|-1.52199
44|-1.522|-1.522
45|-1.522|-1.522
46|-1.522|-1.522
47|-1.522|-1.522
48|-1.522|-1.522
49|-1.522|-1.522
50|-1.522|-1.522
51|-1.522|-1.522
52|-1.522|-1.522
53|-1.522|-1.522
54|-1.522|-1.522
55|-1.522|-1.522
56|-1.522|-1.522
57|-1.522|-1.522
58|-1.522|-1.522
59|-1.522|-1.522
60|-1.522|-1.522
61|-1.522|-1.522
62|-1.522|-1.522
63|-1.522|-1.522
64|-1.522|-1.522
65|-1.522|-1.522
66|-1.522|-1.522
67|-1.522|-1.522
68|-1.522|-1.522
69|-1.522|-1.522
70|-1.522|-1.522
71|-1.522|-1.522
72|-1.522|-1.522
73|-1.522|-1.522
74|-1.522|-1.522
75|-1.522|-1.522
76|-1.522|-1.522
77|-1.522|-1.522
78|-1.522|-1.522
79|-1.522|-1.522
80|-1.522|-1.522
81|-1.522|-1.522
82|-1.522|-1.522
83|-1.522|-1.522
84|-1.522|-1.522
85|-1.522|-1.522
86|-1.522|-1.522
87|-1.522|-1.522
88|-1.522|-1.522
89|-1.522|-1.522
90|-1.522|-1.522
91|-1.522|-1.522
92|-1.522|-1.522
93|-1.522|-1.522
94|-1.522|-1.522
95|-1.522|-1.522
96|-1.522|-1.522
97|-1.522|-1.522
98|-1.522|-1.522
99|-1.522|-1.522
100|-1.522|-1.522
101|-1.522|-1.522
102|-1.522|-1.522
103|-1.522|-1.522
104|-1.522|-1.522
105|-1.522|-1.522
106|-1.522|-1.522
107|-1.522|-1.522
108|-1.522|-1.522
109|-1.522|-1.522
110|-1.522|-1.522
111|-1.522|-1.522
112|-1.522|-1.522
113|-1.522|-1.522
114|-1.522|-1.522
115|-1.522|-1.522
116|-1.522|-1.522
117|-1.522|-1.522
118|-1.522|-1.522
119|-1.522|-1.522
120|-1.522|-1.522
121|-1.522|-1.522
122|-1.522|-1.522
123|-1.522|-1.522
124|-1.522|-1.522
125|-1.522|-1.522
126|-1.522|-1.522
127|-1.522|-1.522
128|-1.522|-1.522
129|-1.522|-1.522
130|-1.522|-1.522
131|-1.522|-1.522
132|-1.522|-1.522
133|-1.522|-1.522
134|-1.522|-1.522
135|-1.522|-1.522
136|-1.522|-1.522
137|-1.522|-1.522
138|-1.522|-1.522
139|-1.522|-1.522
140|-1.522|-1.522
141|-1.522|-1.522
142|-1.522|-1.522
143|-1.522|-1.522
144|-1.522|-1.522
145|-1.522|-1.522
146|-1.522|-1.522
147|-1.522|-1.522
148|-1.522|-1.522
149|-1.522|-1.522
150|-1.522|-1.522
151|-1.522|-1.522
152|-1.522|-1.522
153|-1.522|-1.522
154|-1.522|-1.522
155|-1.522|-1.522
156|-1.522|-1.522
157|-1.522|-1.522
158|-1.522|-1.522
159|-1.522|-1.522
160|-1.522|-1.522
161|-1.522|-1.522
162|-1.522|-1.522
163|-1.522|-1.522
164|-1.522|-1.522
165|-1.522|-1.522
166|-1.522|-1.522
167|-1.522|-1.522
168|-1.522|-1.522
169|-1.522|-1.522
170|-1.522|-1.522
171|-1.522|-1.522
172|-1.522|-1.522
173|-1.522|-1.522
174|-1.522|-1.522
175|-1.522|-1.522
176|-1.522|-1.522
177|-1.522|-1.522
178|-1.522|-1.522
179|-1.522|-1.522
180|-1.522|-1.522
181|-1.522|-1.522
182|-1.522|-1.522
183|-1.522|-1.522
184|-1.522|-1.522
185|-1.522|-1.522
186|-1.522|-1.522
187|-1.522|-1.522
188|-1.522|-1.522
189|-1.522|-1.522
190|-1.522|-1.522
191|-1.522|-1.522
192|-1.522|-1.522
193|-1.522|-1.522
194|-1.522|-1.522
195|-1.522|-1.522
EARLY STOP: TARGET FOUND
67477ms
