1|24.2063|24.2063
2|24.2033|24.2033
3|24.2031|24.2031
4|24.2031|24.2031
5|24.2031|24.2031
6|23.9516|23.9516
7|23.9516|23.9516
8|23.9027|23.9027
9|23.8984|23.8984
10|23.8975|23.8975
11|23.8974|23.8974
12|23.8974|23.8974
13|21.6221|21.6221
14|21.5681|21.5681
15|21.5603|21.5603
16|21.5603|21.5603
17|21.5602|21.5602
18|21.5602|21.5602
19|0.992052|0.992052
20|0.992051|0.992051
21|0.74156|0.74156
22|0.693115|0.693115
23|0.689004|0.689004
24|0.688148|0.688148
25|0.68802|0.68802
26|0.68802|0.68802
27|0.688018|0.688018
28|0.0358981|0.0358981
29|0.0358981|0.0358981
30|0.0358981|0.0358981
31|0.0358981|0.0358981
32|0.0358981|0.0358981
33|0.000868352|0.000868352
EARLY STOP: TARGET FOUND
5698ms
