1|79.9397|79.9397
2|79.8917|79.8917
3|79.8877|79.8877
4|79.8869|79.8869
5|79.8869|79.8869
6|79.8869|79.8869
7|79.8868|79.8868
8|62.5648|62.5648
9|61.8628|61.8628
10|61.8153|61.8153
11|61.8153|61.8153
12|61.8115|61.8115
13|61.8107|61.8107
14|61.8107|61.8107
15|61.8107|61.8107
16|61.7679|61.7679
17|61.7652|61.7652
18|61.7651|61.7651
19|61.765|61.765
20|61.765|61.765
21|58.6968|58.6968
22|58.4418|58.4418
23|58.4418|58.4418
24|58.391|58.391
25|58.3864|58.3864
26|58.3852|58.3852
27|58.3849|58.3849
28|58.3849|58.3849
29|58.3849|58.3849
30|53.5648|53.5648
31|52.3836|52.3836
32|52.1002|52.1002
33|52.0353|52.0353
34|52.022|52.022
35|52.0202|52.0202
36|52.0202|52.0202
37|30.2086|30.2086
38|30.2086|30.2086
39|30.0358|30.0358
40|30.0246|30.0246
41|30.0238|30.0238
42|30.0238|30.0238
43|30.0238|30.0238
44|30.0238|30.0238
45|30.0237|30.0237
46|28.2343|28.2343
47|28.2343|28.2343
48|28.2312|28.2312
49|28.2309|28.2309
50|28.2308|28.2308
51|28.2308|28.2308
52|28.2308|28.2308
53|28.2308|28.2308
54|25.0882|25.0882
55|24.8146|24.8146
56|24.7546|24.7546
57|24.7437|24.7437
58|24.743|24.743
59|24.743|24.743
60|24.743|24.743
61|5.0244|5.0244
62|4.72081|4.72081
63|4.64581|4.64581
64|4.62751|4.62751
65|4.62317|4.62317
66|4.62219|4.62219
67|4.622|4.622
68|4.622|4.622
69|4.62199|4.62199
70|4.62198|4.62198
71|0.75669|0.75669
72|0.75669|0.75669
73|0.75669|0.75669
74|0.75669|0.75669
75|0.75669|0.75669
76|0.75669|0.75669
77|0.756689|0.756689
78|0.756689|0.756689
79|0.756689|0.756689
80|0.756689|0.756689
81|0.052844|0.052844
82|0.052844|0.052844
83|0.052844|0.052844
84|0.052844|0.052844
85|0.052844|0.052844
86|0.052844|0.052844
87|0.052844|0.052844
88|0.052844|0.052844
89|0.052844|0.052844
90|0.052844|0.052844
91|0.052844|0.052844
92|0.052844|0.052844
93|0.00488294|0.00488294
EARLY STOP: TARGET FOUND
60673ms
