1|125.208|125.208
2|114.6|114.6
3|114.428|114.428
4|114.412|114.412
5|114.412|114.412
6|114.412|114.412
7|88.9833|88.9833
8|86.1027|86.1027
9|84.839|84.839
10|84.839|84.839
11|69.2496|69.2496
12|65.8944|65.8944
13|60.4619|60.4619
14|57.4216|57.4216
15|48.2782|48.2782
16|45.6345|45.6345
17|42.8249|42.8249
18|42.4659|42.4659
19|42.4571|42.4571
20|42.4528|42.4528
21|42.4506|42.4506
22|42.4496|42.4496
23|42.4494|42.4494
24|37.3776|37.3776
25|22.0332|22.0332
26|21.2379|21.2379
27|21.1996|21.1996
28|21.1953|21.1953
29|21.1953|21.1953
30|21.1952|21.1952
31|21.1952|21.1952
32|21.1952|21.1952
33|21.1952|21.1952
34|21.1952|21.1952
35|21.1952|21.1952
36|21.1952|21.1952
37|21.1952|21.1952
38|21.1952|21.1952
39|21.1952|21.1952
40|21.1952|21.1952
41|21.1952|21.1952
42|21.1952|21.1952
43|21.1952|21.1952
44|21.1952|21.1952
45|21.1952|21.1952
46|21.1952|21.1952
47|21.1952|21.1952
48|21.1952|21.1952
49|21.1952|21.1952
50|21.1952|21.1952
51|21.1952|21.1952
52|21.1952|21.1952
53|21.1952|21.1952
54|21.1952|21.1952
55|21.1952|21.1952
56|21.1952|21.1952
57|21.1952|21.1952
58|21.1952|21.1952
59|21.1952|21.1952
60|21.1952|21.1952
61|21.1952|21.1952
62|21.1952|21.1952
63|21.1952|21.1952
64|21.1952|21.1952
65|21.1952|21.1952
66|21.1952|21.1952
67|21.1952|21.1952
68|21.1952|21.1952
69|21.1952|21.1952
70|21.1952|21.1952
71|21.1952|21.1952
72|21.1952|21.1952
73|21.1952|21.1952
74|21.1952|21.1952
75|21.1952|21.1952
76|21.1952|21.1952
77|21.1952|21.1952
78|21.1952|21.1952
79|21.1952|21.1952
80|21.1952|21.1952
81|21.1952|21.1952
82|21.1952|21.1952
83|21.1952|21.1952
84|21.1952|21.1952
85|21.1952|21.1952
86|21.1952|21.1952
87|21.1952|21.1952
88|21.1952|21.1952
89|21.1952|21.1952
90|21.1952|21.1952
91|21.1952|21.1952
92|21.1952|21.1952
93|21.1952|21.1952
94|21.1952|21.1952
95|21.1952|21.1952
96|21.1952|21.1952
97|21.1952|21.1952
98|21.1952|21.1952
99|21.1952|21.1952
100|21.1952|21.1952
101|21.1952|21.1952
102|21.1952|21.1952
103|21.1952|21.1952
104|21.1952|21.1952
105|21.1952|21.1952
106|21.1952|21.1952
107|21.1952|21.1952
108|21.1952|21.1952
109|21.1952|21.1952
110|21.1952|21.1952
111|21.1952|21.1952
112|21.1952|21.1952
113|21.1952|21.1952
114|21.1952|21.1952
115|21.1952|21.1952
116|21.1952|21.1952
117|21.1952|21.1952
118|21.1952|21.1952
119|21.1952|21.1952
120|21.1952|21.1952
121|21.1952|21.1952
122|21.1952|21.1952
123|21.1952|21.1952
124|21.1952|21.1952
125|21.1952|21.1952
126|21.1952|21.1952
127|21.1952|21.1952
128|21.1952|21.1952
129|21.1952|21.1952
130|21.1952|21.1952
131|21.1952|21.1952
132|21.1952|21.1952
133|21.1952|21.1952
134|21.1952|21.1952
135|21.1952|21.1952
136|21.1952|21.1952
137|21.1952|21.1952
138|21.1952|21.1952
139|21.1952|21.1952
140|21.1952|21.1952
141|21.1952|21.1952
142|21.1952|21.1952
143|21.1952|21.1952
144|21.1952|21.1952
145|21.1952|21.1952
146|21.1952|21.1952
147|21.1952|21.1952
148|21.1952|21.1952
149|21.1952|21.1952
150|21.1952|21.1952
151|21.1952|21.1952
152|21.1952|21.1952
153|21.1952|21.1952
154|21.1952|21.1952
155|21.1952|21.1952
156|21.1952|21.1952
157|21.1952|21.1952
158|21.1952|21.1952
159|21.1952|21.1952
160|21.1952|21.1952
161|21.1952|21.1952
162|21.1952|21.1952
163|21.1952|21.1952
164|21.1952|21.1952
165|21.1952|21.1952
166|21.1952|21.1952
167|21.1952|21.1952
168|21.1952|21.1952
169|21.1952|21.1952
170|21.1952|21.1952
171|21.1952|21.1952
172|21.1952|21.1952
173|21.1952|21.1952
174|21.1952|21.1952
175|21.1952|21.1952
176|21.1952|21.1952
177|21.1952|21.1952
178|21.1952|21.1952
179|21.1952|21.1952
180|21.1952|21.1952
181|21.1952|21.1952
EARLY STOP: TARGET FOUND
65884ms
