1|191.505|191.505
2|188.167|188.167
3|187.884|187.884
4|187.876|187.876
5|187.872|187.872
6|187.871|187.871
7|187.871|187.871
8|184.38|184.38
9|178.395|178.395
10|177.334|177.334
11|176.059|176.059
12|173.224|173.224
13|170.193|170.193
14|169.768|169.768
15|169.611|169.611
16|169.61|169.61
17|169.609|169.609
18|166.501|166.501
19|164.898|164.898
20|164.462|164.462
21|164.379|164.379
22|164.353|164.353
23|164.35|164.35
24|164.349|164.349
25|164.349|164.349
26|164.349|164.349
27|142.958|142.958
28|137.808|137.808
29|128.048|128.048
30|128.006|128.006
31|128.002|128.002
32|128.002|128.002
33|128.001|128.001
34|122.369|122.369
35|118.414|118.414
36|118.414|118.414
37|108.504|108.504
38|107.643|107.643
39|104.427|104.427
40|103.944|103.944
41|103.758|103.758
42|103.679|103.679
43|103.643|103.643
44|103.639|103.639
45|103.638|103.638
46|103.638|103.638
47|95.1215|95.1215
48|94.419|94.419
49|94.116|94.116
50|93.9772|93.9772
51|93.9438|93.9438
52|93.9418|93.9418
53|93.9407|93.9407
54|70.9279|70.9279
55|70.5832|70.5832
56|58.6129|58.6129
57|57.8836|57.8836
58|57.8559|57.8559
59|57.8506|57.8506
60|57.8503|57.8503
61|57.8502|57.8502
62|51.5587|51.5587
63|50.615|50.615
64|49.1353|49.1353
65|46.6886|46.6886
66|43.5637|43.5637
67|43.1094|43.1094
68|42.9379|42.9379
69|42.901|42.901
70|42.8834|42.8834
71|42.8812|42.8812
72|42.8802|42.8802
73|42.8796|42.8796
74|42.8795|42.8795
75|31.616|31.616
76|31.398|31.398
77|31.2163|31.2163
78|31.2047|31.2047
79|31.2035|31.2035
80|31.2034|31.2034
81|30.6204|30.6204
82|30.5972|30.5972
83|30.5436|30.5436
84|30.5364|30.5364
85|30.535|30.535
86|30.5343|30.5343
87|30.5342|30.5342
88|30.5342|30.5342
89|30.5342|30.5342
90|30.5342|30.5342
91|30.5342|30.5342
92|30.5342|30.5342
93|30.5342|30.5342
94|30.5342|30.5342
95|30.5342|30.5342
96|30.5342|30.5342
97|30.5342|30.5342
98|30.5342|30.5342
99|30.5342|30.5342
100|30.5342|30.5342
101|30.5342|30.5342
102|30.5342|30.5342
103|30.5342|30.5342
104|30.5342|30.5342
105|30.5342|30.5342
106|30.5342|30.5342
107|30.5342|30.5342
108|30.5342|30.5342
109|30.5342|30.5342
110|30.5342|30.5342
111|30.5342|30.5342
112|30.5342|30.5342
113|30.5342|30.5342
114|30.5342|30.5342
115|30.5342|30.5342
116|30.5342|30.5342
117|30.5342|30.5342
118|30.5342|30.5342
119|30.5342|30.5342
120|30.5342|30.5342
121|30.5342|30.5342
122|30.5342|30.5342
123|30.5342|30.5342
124|30.5342|30.5342
125|30.5342|30.5342
126|30.5342|30.5342
127|30.5342|30.5342
128|30.5342|30.5342
129|30.5342|30.5342
130|30.5342|30.5342
131|30.5342|30.5342
132|30.5342|30.5342
133|30.5342|30.5342
134|30.5342|30.5342
135|30.5342|30.5342
136|30.5342|30.5342
137|30.5342|30.5342
138|30.5342|30.5342
139|30.5342|30.5342
140|30.5342|30.5342
141|30.5342|30.5342
142|30.5342|30.5342
143|30.5342|30.5342
144|30.5342|30.5342
145|30.5342|30.5342
146|30.5342|30.5342
147|30.5342|30.5342
148|30.5342|30.5342
149|30.5342|30.5342
150|30.5342|30.5342
151|30.5342|30.5342
152|30.5342|30.5342
153|30.5342|30.5342
154|30.5342|30.5342
155|30.5342|30.5342
156|30.5342|30.5342
157|30.5342|30.5342
158|30.5342|30.5342
159|30.5342|30.5342
160|30.5342|30.5342
161|30.5342|30.5342
162|30.5342|30.5342
163|30.5342|30.5342
164|30.5342|30.5342
165|30.5342|30.5342
166|30.5342|30.5342
167|30.5342|30.5342
168|30.5342|30.5342
169|30.5342|30.5342
170|30.5342|30.5342
171|30.5342|30.5342
172|30.5342|30.5342
173|30.5342|30.5342
174|30.5342|30.5342
175|30.5342|30.5342
176|30.5342|30.5342
177|30.5342|30.5342
178|30.5342|30.5342
179|30.5342|30.5342
180|30.5342|30.5342
181|30.5342|30.5342
182|30.5342|30.5342
183|30.5342|30.5342
184|30.5342|30.5342
185|30.5342|30.5342
186|30.5342|30.5342
187|30.5342|30.5342
188|30.5342|30.5342
189|30.5342|30.5342
190|30.5342|30.5342
191|30.5342|30.5342
192|30.5342|30.5342
193|30.5342|30.5342
194|30.5342|30.5342
195|30.5342|30.5342
196|30.5342|30.5342
197|30.5342|30.5342
198|30.5342|30.5342
199|30.5342|30.5342
200|30.5342|30.5342
201|30.5342|30.5342
202|30.5342|30.5342
203|30.5342|30.5342
204|30.5342|30.5342
205|30.5342|30.5342
206|30.5342|30.5342
207|30.5342|30.5342
208|30.5342|30.5342
209|30.5342|30.5342
210|30.5342|30.5342
211|30.5342|30.5342
212|30.5342|30.5342
213|30.5342|30.5342
214|30.5342|30.5342
215|30.5342|30.5342
216|30.5342|30.5342
217|30.5342|30.5342
218|30.5342|30.5342
219|30.5342|30.5342
220|30.5342|30.5342
221|30.5342|30.5342
222|30.5342|30.5342
223|30.5342|30.5342
224|30.5342|30.5342
225|30.5342|30.5342
226|30.5342|30.5342
227|30.5342|30.5342
228|30.5342|30.5342
229|30.5342|30.5342
230|30.5342|30.5342
231|30.5342|30.5342
232|30.5342|30.5342
233|30.5342|30.5342
234|30.5342|30.5342
235|30.5342|30.5342
236|30.5342|30.5342
237|30.5342|30.5342
EARLY STOP: TARGET FOUND
270034ms
