1|466.145|466.145
2|464.26|464.26
3|463.969|463.969
4|463.806|463.806
5|463.805|463.805
6|463.804|463.804
7|463.804|463.804
8|463.804|463.804
9|454.84|454.84
10|453.2|453.2
11|452.56|452.56
12|452.42|452.42
13|452.387|452.387
14|452.379|452.379
15|452.378|452.378
16|442.378|442.378
17|440.737|440.737
18|437.481|437.481
19|436.986|436.986
20|436.793|436.793
21|436.711|436.711
22|436.674|436.674
23|436.656|436.656
24|436.647|436.647
25|436.645|436.645
26|436.644|436.644
27|436.643|436.643
28|436.643|436.643
29|421.999|421.999
30|418.848|418.848
31|418.814|418.814
32|418.797|418.797
33|418.793|418.793
34|418.792|418.792
35|418.792|418.792
36|413.895|413.895
37|408.479|408.479
38|402.62|402.62
39|400.348|400.348
40|400.34|400.34
41|400.337|400.337
42|400.337|400.337
43|400.22|400.22
44|380.27|380.27
45|380.196|380.196
46|380.196|380.196
47|356.372|356.372
48|355.844|355.844
49|355.81|355.81
50|355.807|355.807
51|355.807|355.807
52|355.807|355.807
53|342.774|342.774
54|342.166|342.166
55|342.133|342.133
56|342.125|342.125
57|342.123|342.123
58|342.122|342.122
59|342.112|342.112
60|342.111|342.111
61|342.111|342.111
62|342.111|342.111
63|328.53|328.53
64|328.53|328.53
65|328.53|328.53
66|328.53|328.53
67|321.634|321.634
68|312.938|312.938
69|312.07|312.07
70|312.052|312.052
71|312.051|312.051
72|312.051|312.051
73|312.05|312.05
74|310.502|310.502
75|310.192|310.192
76|310.05|310.05
77|309.982|309.982
78|309.965|309.965
79|309.957|309.957
80|309.956|309.956
81|307.761|307.761
82|306.636|306.636
83|306.481|306.481
84|301.896|301.896
85|301.895|301.895
86|301.895|301.895
87|301.895|301.895
88|300.473|300.473
89|297.917|297.917
90|294.819|294.819
91|294.373|294.373
92|294.205|294.205
93|294.169|294.169
94|294.165|294.165
95|294.164|294.164
96|294.163|294.163
97|293.754|293.754
98|293.56|293.56
99|293.466|293.466
100|293.442|293.442
101|293.136|293.136
102|292.282|292.282
103|291.895|291.895
104|291.889|291.889
105|291.888|291.888
106|291.888|291.888
107|282.886|282.886
108|273.263|273.263
109|271.746|271.746
110|268.675|268.675
111|268.237|268.237
112|268.075|268.075
113|268.057|268.057
114|268.053|268.053
115|268.05|268.05
116|268.05|268.05
117|268.05|268.05
118|249.319|249.319
119|249.316|249.316
120|249.316|249.316
121|234.898|234.898
122|233.595|233.595
123|233.595|233.595
124|233.595|233.595
125|221.94|221.94
126|218.789|218.789
127|218.667|218.667
128|218.647|218.647
129|218.644|218.644
130|218.643|218.643
131|218.642|218.642
132|218.642|218.642
133|204.434|204.434
134|195.418|195.418
135|193.707|193.707
136|193.025|193.025
137|192.733|192.733
138|192.665|192.665
139|192.649|192.649
140|187.671|187.671
141|180.118|180.118
142|176.192|176.192
143|173.44|173.44
144|173.25|173.25
145|173.169|173.169
146|173.132|173.132
147|173.115|173.115
148|173.113|173.113
149|173.112|173.112
150|172.287|172.287
151|172.191|172.191
152|172.144|172.144
153|172.121|172.121
154|172.115|172.115
155|172.112|172.112
156|172.11|172.11
157|172.11|172.11
158|162.591|162.591
159|162.587|162.587
160|162.569|162.569
161|162.569|162.569
162|152.182|152.182
163|150.433|150.433
164|131.531|131.531
165|131.531|131.531
166|131.531|131.531
167|131.531|131.531
168|119.869|119.869
169|116.726|116.726
170|116.601|116.601
171|116.582|116.582
172|116.579|116.579
173|116.578|116.578
174|116.577|116.577
175|116.577|116.577
176|116.575|116.575
177|116.575|116.575
178|106.21|106.21
179|104.743|104.743
180|102.273|102.273
181|99.1536|99.1536
182|98.701|98.701
183|98.5304|98.5304
184|98.4937|98.4937
185|98.4762|98.4762
186|98.4757|98.4757
187|98.4755|98.4755
188|97.1571|97.1571
189|97.1564|97.1564
190|97.1563|97.1563
191|97.1563|97.1563
192|97.1563|97.1563
193|97.1563|97.1563
194|97.1563|97.1563
195|97.1563|97.1563
196|97.1563|97.1563
197|97.1563|97.1563
198|97.1563|97.1563
199|97.1563|97.1563
200|97.1563|97.1563
201|97.1563|97.1563
202|97.1563|97.1563
203|97.1563|97.1563
204|97.1563|97.1563
205|97.1563|97.1563
206|97.1563|97.1563
207|97.1563|97.1563
208|97.1563|97.1563
209|97.1563|97.1563
210|97.1563|97.1563
211|97.1563|97.1563
212|97.1563|97.1563
213|97.1563|97.1563
214|97.1563|97.1563
215|97.1563|97.1563
216|97.1563|97.1563
217|97.1563|97.1563
218|97.1563|97.1563
219|97.1563|97.1563
220|97.1563|97.1563
221|97.1563|97.1563
222|97.1563|97.1563
223|97.1563|97.1563
224|97.1563|97.1563
225|97.1563|97.1563
226|97.1563|97.1563
227|97.1563|97.1563
228|97.1563|97.1563
229|97.1563|97.1563
230|97.1563|97.1563
231|97.1563|97.1563
232|97.1563|97.1563
233|97.1563|97.1563
234|97.1563|97.1563
235|97.1563|97.1563
236|97.1563|97.1563
237|97.1563|97.1563
238|97.1563|97.1563
239|97.1563|97.1563
240|97.1563|97.1563
241|97.1563|97.1563
242|97.1563|97.1563
243|97.1563|97.1563
244|97.1563|97.1563
245|97.1563|97.1563
246|97.1563|97.1563
247|97.1563|97.1563
248|97.1563|97.1563
249|97.1563|97.1563
250|97.1563|97.1563
251|97.1563|97.1563
252|97.1563|97.1563
253|97.1563|97.1563
254|97.1563|97.1563
255|97.1563|97.1563
256|97.1563|97.1563
257|97.1563|97.1563
258|97.1563|97.1563
259|97.1563|97.1563
260|97.1563|97.1563
261|97.1563|97.1563
262|97.1563|97.1563
263|97.1563|97.1563
264|97.1563|97.1563
265|97.1563|97.1563
266|97.1563|97.1563
267|97.1563|97.1563
268|97.1563|97.1563
269|97.1563|97.1563
270|97.1563|97.1563
271|97.1563|97.1563
272|97.1563|97.1563
273|97.1563|97.1563
274|97.1563|97.1563
275|97.1563|97.1563
276|97.1563|97.1563
277|97.1563|97.1563
278|97.1563|97.1563
279|97.1563|97.1563
280|97.1563|97.1563
281|97.1563|97.1563
282|97.1563|97.1563
283|97.1563|97.1563
284|97.1563|97.1563
285|97.1563|97.1563
286|97.1563|97.1563
287|97.1563|97.1563
288|97.1563|97.1563
289|97.1563|97.1563
290|97.1563|97.1563
291|97.1563|97.1563
292|97.1563|97.1563
293|97.1563|97.1563
294|97.1563|97.1563
295|97.1563|97.1563
296|97.1563|97.1563
297|97.1563|97.1563
298|97.1563|97.1563
299|97.1563|97.1563
300|97.1563|97.1563
301|97.1563|97.1563
302|97.1563|97.1563
303|97.1563|97.1563
304|97.1563|97.1563
305|97.1563|97.1563
306|97.1563|97.1563
307|97.1563|97.1563
308|97.1563|97.1563
309|97.1563|97.1563
310|97.1563|97.1563
311|97.1563|97.1563
312|97.1563|97.1563
313|97.1563|97.1563
314|97.1563|97.1563
315|97.1563|97.1563
316|97.1563|97.1563
317|97.1563|97.1563
318|97.1563|97.1563
319|97.1563|97.1563
320|97.1563|97.1563
321|97.1563|97.1563
322|97.1563|97.1563
323|97.1563|97.1563
324|97.1563|97.1563
325|97.1563|97.1563
326|97.1563|97.1563
327|97.1563|97.1563
328|97.1563|97.1563
329|97.1563|97.1563
330|97.1563|97.1563
331|97.1563|97.1563
332|97.1563|97.1563
333|97.1563|97.1563
334|97.1563|97.1563
335|97.1563|97.1563
336|97.1563|97.1563
337|97.1563|97.1563
338|97.1563|97.1563
339|97.1563|97.1563
340|97.1563|97.1563
341|97.1563|97.1563
EARLY STOP: TARGET FOUND
2823696ms
