1|-479.125|-479.125
2|-490.835|-490.835
3|-563.912|-563.912
4|-611.599|-611.599
5|-613.293|-613.293
6|-613.639|-613.639
7|-613.79|-613.79
8|-613.86|-613.86
9|-613.868|-613.868
10|-613.872|-613.872
11|-613.874|-613.874
12|-680.505|-680.505
13|-891.478|-891.478
14|-903.836|-903.836
15|-905.119|-905.119
16|-905.431|-905.431
17|-905.431|-905.431
18|-905.586|-905.586
19|-905.586|-905.586
20|-905.662|-905.662
21|-905.701|-905.701
22|-905.706|-905.706
23|-905.708|-905.708
24|-1129.09|-1129.09
25|-1269.27|-1269.27
26|-1357.53|-1357.53
27|-1397.37|-1397.37
28|-1398.39|-1398.39
29|-1398.9|-1398.9
30|-1399.15|-1399.15
31|-1399.18|-1399.18
32|-1399.2|-1399.2
33|-1399.2|-1399.2
34|-1399.21|-1399.21
35|-1399.21|-1399.21
36|-1399.21|-1399.21
37|-1399.21|-1399.21
38|-1491.93|-1491.93
39|-1511.19|-1511.19
40|-1702.3|-1702.3
41|-1779.49|-1779.49
42|-1815.91|-1815.91
43|-1816.26|-1816.26
44|-1816.27|-1816.27
45|-1816.27|-1816.27
46|-1905.21|-1905.21
47|-1906.58|-1906.58
48|-1906.77|-1906.77
49|-1906.85|-1906.85
50|-1906.88|-1906.88
51|-1906.89|-1906.89
52|-1906.89|-1906.89
53|-2098.74|-2098.74
54|-2112.62|-2112.62
55|-2118.18|-2118.18
56|-2118.81|-2118.81
57|-2119.12|-2119.12
58|-2119.16|-2119.16
59|-2119.17|-2119.17
60|-2119.17|-2119.17
61|-2119.18|-2119.18
62|-2246.72|-2246.72
63|-2714.97|-2714.97
64|-2723.95|-2723.95
65|-2727.47|-2727.47
66|-2727.79|-2727.79
67|-2727.8|-2727.8
68|-2727.8|-2727.8
69|-2727.8|-2727.8
70|-2735.34|-2735.34
71|-2739.23|-2739.23
72|-2739.29|-2739.29
73|-2739.32|-2739.32
74|-2739.32|-2739.32
75|-2739.32|-2739.32
76|-2739.32|-2739.32
77|-2902.88|-2902.88
78|-2995.2|-2995.2
79|-2996.84|-2996.84
80|-2997.57|-2997.57
81|-2997.61|-2997.61
82|-2997.63|-2997.63
83|-2997.64|-2997.64
84|-2997.65|-2997.65
85|-2997.65|-2997.65
86|-2997.65|-2997.65
87|-2997.65|-2997.65
88|-3041.71|-3041.71
89|-3170.48|-3170.48
90|-3190.54|-3190.54
91|-3296.09|-3296.09
92|-3296.17|-3296.17
93|-3296.25|-3296.25
94|-3296.26|-3296.26
95|-3296.26|-3296.26
96|-3296.26|-3296.26
97|-3296.26|-3296.26
98|-3296.26|-3296.26
99|-3296.26|-3296.26
100|-3296.26|-3296.26
101|-3296.26|-3296.26
102|-3296.26|-3296.26
103|-3296.26|-3296.26
104|-3296.26|-3296.26
105|-3296.26|-3296.26
106|-3296.26|-3296.26
107|-3296.26|-3296.26
108|-3296.26|-3296.26
109|-3296.26|-3296.26
110|-3296.26|-3296.26
111|-3296.26|-3296.26
112|-3296.26|-3296.26
113|-3296.26|-3296.26
114|-3296.26|-3296.26
115|-3296.26|-3296.26
116|-3296.26|-3296.26
117|-3296.26|-3296.26
118|-3296.26|-3296.26
119|-3296.26|-3296.26
120|-3296.26|-3296.26
121|-3296.26|-3296.26
122|-3296.26|-3296.26
123|-3296.26|-3296.26
124|-3296.26|-3296.26
125|-3296.26|-3296.26
126|-3296.26|-3296.26
127|-3296.26|-3296.26
128|-3296.26|-3296.26
129|-3296.26|-3296.26
130|-3296.26|-3296.26
131|-3296.26|-3296.26
132|-3296.26|-3296.26
133|-3296.26|-3296.26
134|-3296.26|-3296.26
135|-3296.26|-3296.26
136|-3296.26|-3296.26
137|-3296.26|-3296.26
138|-3296.26|-3296.26
139|-3296.26|-3296.26
140|-3296.26|-3296.26
141|-3296.26|-3296.26
142|-3296.26|-3296.26
143|-3296.26|-3296.26
144|-3296.26|-3296.26
145|-3296.26|-3296.26
146|-3296.26|-3296.26
147|-3296.26|-3296.26
148|-3296.26|-3296.26
149|-3296.26|-3296.26
150|-3296.26|-3296.26
151|-3296.26|-3296.26
152|-3296.26|-3296.26
153|-3296.26|-3296.26
154|-3296.26|-3296.26
155|-3296.26|-3296.26
156|-3296.26|-3296.26
157|-3296.26|-3296.26
158|-3296.26|-3296.26
159|-3296.26|-3296.26
160|-3296.26|-3296.26
161|-3296.26|-3296.26
162|-3296.26|-3296.26
163|-3296.26|-3296.26
164|-3296.26|-3296.26
165|-3296.26|-3296.26
166|-3296.26|-3296.26
167|-3296.26|-3296.26
168|-3296.26|-3296.26
169|-3296.26|-3296.26
170|-3296.26|-3296.26
171|-3296.26|-3296.26
172|-3296.26|-3296.26
173|-3296.26|-3296.26
174|-3296.26|-3296.26
175|-3296.26|-3296.26
176|-3296.26|-3296.26
177|-3296.26|-3296.26
178|-3296.26|-3296.26
179|-3296.26|-3296.26
180|-3296.26|-3296.26
181|-3296.26|-3296.26
182|-3296.26|-3296.26
183|-3296.26|-3296.26
184|-3296.26|-3296.26
185|-3296.26|-3296.26
186|-3296.26|-3296.26
187|-3296.26|-3296.26
188|-3296.26|-3296.26
189|-3296.26|-3296.26
190|-3296.26|-3296.26
191|-3296.26|-3296.26
192|-3296.26|-3296.26
193|-3296.26|-3296.26
194|-3296.26|-3296.26
195|-3296.26|-3296.26
196|-3296.26|-3296.26
197|-3296.26|-3296.26
198|-3296.26|-3296.26
199|-3296.26|-3296.26
200|-3296.26|-3296.26
201|-3296.26|-3296.26
202|-3296.26|-3296.26
203|-3296.26|-3296.26
204|-3296.26|-3296.26
205|-3296.26|-3296.26
206|-3296.26|-3296.26
207|-3296.26|-3296.26
208|-3296.26|-3296.26
209|-3296.26|-3296.26
210|-3296.26|-3296.26
211|-3296.26|-3296.26
212|-3296.26|-3296.26
213|-3296.26|-3296.26
214|-3296.26|-3296.26
215|-3296.26|-3296.26
216|-3296.26|-3296.26
217|-3296.26|-3296.26
218|-3296.26|-3296.26
219|-3296.26|-3296.26
220|-3296.26|-3296.26
221|-3296.26|-3296.26
222|-3296.26|-3296.26
223|-3296.26|-3296.26
224|-3296.26|-3296.26
225|-3296.26|-3296.26
226|-3296.26|-3296.26
227|-3296.26|-3296.26
228|-3296.26|-3296.26
229|-3296.26|-3296.26
230|-3296.26|-3296.26
231|-3296.26|-3296.26
232|-3296.26|-3296.26
233|-3296.26|-3296.26
234|-3296.26|-3296.26
235|-3296.26|-3296.26
236|-3296.26|-3296.26
237|-3296.26|-3296.26
238|-3296.26|-3296.26
239|-3296.26|-3296.26
240|-3296.26|-3296.26
241|-3296.26|-3296.26
242|-3296.26|-3296.26
243|-3296.26|-3296.26
244|-3296.26|-3296.26
245|-3296.26|-3296.26
246|-3296.26|-3296.26
EARLY STOP: TARGET FOUND
391504ms
