1|-416.736|-416.736
2|-486.039|-486.039
3|-544.44|-544.44
4|-544.441|-544.441
5|-547.789|-547.789
6|-547.967|-547.967
7|-548.055|-548.055
8|-548.098|-548.098
9|-548.109|-548.109
10|-548.114|-548.114
11|-548.115|-548.115
12|-548.115|-548.115
13|-651.17|-651.17
14|-714.151|-714.151
15|-720.612|-720.612
16|-720.661|-720.661
17|-720.663|-720.663
18|-720.664|-720.664
19|-720.664|-720.664
20|-761.202|-761.202
21|-763.272|-763.272
22|-764.285|-764.285
23|-764.536|-764.536
24|-764.661|-764.661
25|-764.693|-764.693
26|-764.695|-764.695
27|-764.696|-764.696
28|-764.696|-764.696
29|-764.697|-764.697
30|-799.704|-799.704
31|-853.367|-853.367
32|-857.751|-857.751
33|-859.936|-859.936
34|-861.026|-861.026
35|-861.57|-861.57
36|-861.706|-861.706
37|-861.775|-861.775
38|-861.791|-861.791
39|-861.8|-861.8
40|-861.804|-861.804
41|-861.806|-861.806
42|-961.1|-961.1
43|-1394.22|-1394.22
44|-1402.95|-1402.95
45|-1404.99|-1404.99
46|-1405.24|-1405.24
47|-1405.37|-1405.37
48|-1405.4|-1405.4
49|-1405.42|-1405.42
50|-1405.42|-1405.42
51|-1405.43|-1405.43
52|-1405.43|-1405.43
53|-1405.43|-1405.43
54|-1457.17|-1457.17
55|-1605.08|-1605.08
56|-1626.29|-1626.29
57|-1628.93|-1628.93
58|-1630.25|-1630.25
59|-1630.58|-1630.58
60|-1630.62|-1630.62
61|-1630.63|-1630.63
62|-1630.63|-1630.63
63|-1630.63|-1630.63
64|-1767.42|-1767.42
65|-1788.76|-1788.76
66|-1799.36|-1799.36
67|-1804.64|-1804.64
68|-1807.28|-1807.28
69|-1807.61|-1807.61
70|-1807.69|-1807.69
71|-1807.73|-1807.73
72|-1807.74|-1807.74
73|-1807.74|-1807.74
74|-1807.74|-1807.74
75|-2188.69|-2188.69
76|-2384.19|-2384.19
77|-2458.1|-2458.1
78|-2503.47|-2503.47
79|-2503.89|-2503.89
80|-2504.68|-2504.68
81|-2504.99|-2504.99
82|-2505.02|-2505.02
83|-2505.02|-2505.02
84|-2583.62|-2583.62
85|-2616.26|-2616.26
86|-2616.31|-2616.31
87|-2616.31|-2616.31
88|-2616.31|-2616.31
89|-2702.6|-2702.6
90|-2758.48|-2758.48
91|-2764.32|-2764.32
92|-2800.54|-2800.54
93|-2818.27|-2818.27
94|-2822.65|-2822.65
95|-2824.84|-2824.84
96|-2825.93|-2825.93
97|-2826.47|-2826.47
98|-2826.61|-2826.61
99|-2826.68|-2826.68
100|-2826.69|-2826.69
101|-2826.69|-2826.69
102|-2826.69|-2826.69
103|-2826.69|-2826.69
104|-2958.23|-2958.23
105|-3011.5|-3011.5
106|-3043.24|-3043.24
107|-3104.49|-3104.49
108|-3105.04|-3105.04
109|-3105.17|-3105.17
110|-3105.19|-3105.19
111|-3105.19|-3105.19
112|-3105.19|-3105.19
113|-3105.19|-3105.19
114|-3434.53|-3434.53
115|-3501.12|-3501.12
116|-3632.18|-3632.18
117|-3671.33|-3671.33
118|-3685.72|-3685.72
119|-3691.54|-3691.54
120|-3692.85|-3692.85
121|-3693.49|-3693.49
122|-3693.8|-3693.8
123|-3693.95|-3693.95
124|-3693.99|-3693.99
125|-3694.01|-3694.01
126|-3694.02|-3694.02
127|-3694.02|-3694.02
128|-3694.03|-3694.03
129|-3786.65|-3786.65
130|-3788.24|-3788.24
131|-3788.6|-3788.6
132|-3788.69|-3788.69
133|-3788.73|-3788.73
134|-3788.75|-3788.75
135|-3788.76|-3788.76
136|-3788.76|-3788.76
137|-3811.06|-3811.06
138|-3902.72|-3902.72
139|-3962.97|-3962.97
140|-3971.82|-3971.82
141|-4030.92|-4030.92
142|-4033.1|-4033.1
143|-4033.64|-4033.64
144|-4033.78|-4033.78
145|-4033.79|-4033.79
146|-4033.79|-4033.79
147|-4033.79|-4033.79
148|-4033.8|-4033.8
149|-4156.22|-4156.22
150|-4254.21|-4254.21
151|-4684.53|-4684.53
152|-4693.47|-4693.47
153|-4697.6|-4697.6
154|-4697.85|-4697.85
155|-4697.86|-4697.86
156|-4697.87|-4697.87
157|-4697.88|-4697.88
158|-4697.88|-4697.88
159|-4697.88|-4697.88
160|-4697.88|-4697.88
161|-4783.62|-4783.62
162|-4823.79|-4823.79
163|-4825.83|-4825.83
164|-4826.33|-4826.33
165|-4826.36|-4826.36
166|-4826.37|-4826.37
167|-4826.38|-4826.38
168|-4826.38|-4826.38
169|-4901.17|-4901.17
170|-5161.31|-5161.31
171|-5239.55|-5239.55
172|-5242.78|-5242.78
173|-5242.85|-5242.85
174|-5242.88|-5242.88
175|-5242.89|-5242.89
176|-5242.9|-5242.9
177|-5288.37|-5288.37
178|-5534.22|-5534.22
179|-5640.82|-5640.82
180|-5704.09|-5704.09
181|-5709.31|-5709.31
182|-5710.48|-5710.48
183|-5710.56|-5710.56
184|-5710.59|-5710.59
185|-5710.61|-5710.61
186|-5710.61|-5710.61
187|-5710.62|-5710.62
188|-5710.62|-5710.62
189|-5710.62|-5710.62
190|-5710.62|-5710.62
191|-5770.69|-5770.69
192|-5784.24|-5784.24
193|-5866.93|-5866.93
194|-5879.01|-5879.01
195|-5879.65|-5879.65
196|-5879.96|-5879.96
197|-5880.11|-5880.11
198|-5880.12|-5880.12
199|-5880.12|-5880.12
200|-5880.12|-5880.12
201|-5959.01|-5959.01
202|-6147.53|-6147.53
203|-6556.39|-6556.39
204|-6563.07|-6563.07
205|-6567.15|-6567.15
206|-6567.57|-6567.57
207|-6567.64|-6567.64
208|-6567.65|-6567.65
209|-6567.65|-6567.65
210|-6624.64|-6624.64
211|-6693.57|-6693.57
212|-6762.31|-6762.31
213|-6762.93|-6762.93
214|-6762.95|-6762.95
215|-6762.95|-6762.95
216|-6762.95|-6762.95
217|-6762.95|-6762.95
218|-6942.42|-6942.42
219|-7026.58|-7026.58
220|-7044.62|-7044.62
221|-7045.29|-7045.29
222|-7045.3|-7045.3
223|-7045.3|-7045.3
224|-7045.3|-7045.3
225|-7045.3|-7045.3
226|-7190.12|-7190.12
227|-7291.4|-7291.4
228|-7291.69|-7291.69
229|-7291.7|-7291.7
230|-7291.7|-7291.7
231|-7291.7|-7291.7
232|-7291.71|-7291.71
233|-7331.91|-7331.91
234|-7349.58|-7349.58
235|-7353.95|-7353.95
236|-7354.49|-7354.49
237|-7354.56|-7354.56
238|-7354.58|-7354.58
239|-7354.58|-7354.58
240|-7357.91|-7357.91
241|-7445.77|-7445.77
242|-7504.41|-7504.41
243|-7542.15|-7542.15
244|-7618.89|-7618.89
245|-7624.56|-7624.56
246|-7625.83|-7625.83
247|-7626.14|-7626.14
248|-7626.14|-7626.14
249|-7668.73|-7668.73
250|-7904.03|-7904.03
251|-8023.25|-8023.25
252|-8079.87|-8079.87
253|-8081.2|-8081.2
254|-8088.22|-8088.22
255|-8088.23|-8088.23
256|-8088.23|-8088.23
257|-8217.91|-8217.91
258|-8250.82|-8250.82
259|-8256.81|-8256.81
260|-8259.46|-8259.46
261|-8260.08|-8260.08
262|-8260.23|-8260.23
263|-8260.24|-8260.24
264|-8260.25|-8260.25
265|-8300.19|-8300.19
266|-8394.47|-8394.47
267|-8412.98|-8412.98
268|-8604.38|-8604.38
269|-8681.37|-8681.37
270|-8718.33|-8718.33
271|-8718.36|-8718.36
272|-8718.37|-8718.37
273|-8718.37|-8718.37
274|-8718.37|-8718.37
275|-8718.37|-8718.37
276|-8886.6|-8886.6
277|-8930.17|-8930.17
278|-8931.82|-8931.82
279|-8931.83|-8931.83
280|-8931.83|-8931.83
281|-8934.79|-8934.79
282|-8934.86|-8934.86
283|-8934.9|-8934.9
284|-8934.91|-8934.91
285|-8934.92|-8934.92
286|-8934.93|-8934.93
287|-8934.93|-8934.93
288|-8934.93|-8934.93
289|-8934.93|-8934.93
290|-8934.93|-8934.93
291|-8934.93|-8934.93
292|-8934.93|-8934.93
293|-8934.93|-8934.93
294|-8934.93|-8934.93
295|-8934.93|-8934.93
296|-8934.93|-8934.93
297|-8934.93|-8934.93
298|-8934.93|-8934.93
299|-8934.93|-8934.93
300|-8934.93|-8934.93
301|-8934.93|-8934.93
302|-8934.93|-8934.93
303|-8934.93|-8934.93
304|-8934.93|-8934.93
305|-8934.93|-8934.93
306|-8934.93|-8934.93
307|-8934.93|-8934.93
308|-8934.93|-8934.93
309|-8934.93|-8934.93
310|-8934.93|-8934.93
311|-8934.93|-8934.93
312|-8934.93|-8934.93
313|-8934.93|-8934.93
314|-8934.93|-8934.93
315|-8934.93|-8934.93
316|-8934.93|-8934.93
317|-8934.93|-8934.93
318|-8934.93|-8934.93
319|-8934.93|-8934.93
320|-8934.93|-8934.93
321|-8934.93|-8934.93
322|-8934.93|-8934.93
323|-8934.93|-8934.93
324|-8934.93|-8934.93
325|-8934.93|-8934.93
326|-8934.93|-8934.93
327|-8934.93|-8934.93
328|-8934.93|-8934.93
329|-8934.93|-8934.93
330|-8934.93|-8934.93
331|-8934.93|-8934.93
332|-8934.93|-8934.93
333|-8934.93|-8934.93
334|-8934.93|-8934.93
335|-8934.93|-8934.93
336|-8934.93|-8934.93
337|-8934.93|-8934.93
338|-8934.93|-8934.93
339|-8934.93|-8934.93
340|-8934.93|-8934.93
341|-8934.93|-8934.93
342|-8934.93|-8934.93
343|-8934.93|-8934.93
344|-8934.93|-8934.93
345|-8934.93|-8934.93
346|-8934.93|-8934.93
347|-8934.93|-8934.93
348|-8934.93|-8934.93
349|-8934.93|-8934.93
350|-8934.93|-8934.93
351|-8934.93|-8934.93
352|-8934.93|-8934.93
353|-8934.93|-8934.93
354|-8934.93|-8934.93
355|-8934.93|-8934.93
356|-8934.93|-8934.93
357|-8934.93|-8934.93
358|-8934.93|-8934.93
359|-8934.93|-8934.93
360|-8934.93|-8934.93
361|-8934.93|-8934.93
362|-8934.93|-8934.93
363|-8934.93|-8934.93
364|-8934.93|-8934.93
365|-8934.93|-8934.93
366|-8934.93|-8934.93
367|-8934.93|-8934.93
368|-8934.93|-8934.93
369|-8934.93|-8934.93
370|-8934.93|-8934.93
371|-8934.93|-8934.93
372|-8934.93|-8934.93
373|-8934.93|-8934.93
374|-8934.93|-8934.93
375|-8934.93|-8934.93
376|-8934.93|-8934.93
377|-8934.93|-8934.93
378|-8934.93|-8934.93
379|-8934.93|-8934.93
380|-8934.93|-8934.93
381|-8934.93|-8934.93
382|-8934.93|-8934.93
383|-8934.93|-8934.93
384|-8934.93|-8934.93
385|-8934.93|-8934.93
386|-8934.93|-8934.93
387|-8934.93|-8934.93
388|-8934.93|-8934.93
389|-8934.93|-8934.93
390|-8934.93|-8934.93
391|-8934.93|-8934.93
392|-8934.93|-8934.93
393|-8934.93|-8934.93
394|-8934.93|-8934.93
395|-8934.93|-8934.93
396|-8934.93|-8934.93
397|-8934.93|-8934.93
398|-8934.93|-8934.93
399|-8934.93|-8934.93
400|-8934.93|-8934.93
401|-8934.93|-8934.93
402|-8934.93|-8934.93
403|-8934.93|-8934.93
404|-8934.93|-8934.93
405|-8934.93|-8934.93
406|-8934.93|-8934.93
407|-8934.93|-8934.93
408|-8934.93|-8934.93
409|-8934.93|-8934.93
410|-8934.93|-8934.93
411|-8934.93|-8934.93
412|-8934.93|-8934.93
413|-8934.93|-8934.93
414|-8934.93|-8934.93
415|-8934.93|-8934.93
416|-8934.93|-8934.93
417|-8934.93|-8934.93
418|-8934.93|-8934.93
419|-8934.93|-8934.93
420|-8934.93|-8934.93
421|-8934.93|-8934.93
422|-8934.93|-8934.93
423|-8934.93|-8934.93
424|-8934.93|-8934.93
425|-8934.93|-8934.93
426|-8934.93|-8934.93
427|-8934.93|-8934.93
428|-8934.93|-8934.93
429|-8934.93|-8934.93
430|-8934.93|-8934.93
431|-8934.93|-8934.93
432|-8934.93|-8934.93
433|-8934.93|-8934.93
434|-8934.93|-8934.93
435|-8934.93|-8934.93
436|-8934.93|-8934.93
437|-8934.93|-8934.93
EARLY STOP: TARGET FOUND
4739126ms
