1|114.493|114.493
2|27.8063|27.8063
3|-373.339|-373.339
4|-393.928|-393.928
5|-402.918|-402.918
6|-407.079|-407.079
7|-407.584|-407.584
8|-407.835|-407.835
9|-407.866|-407.866
10|-407.881|-407.881
11|-407.889|-407.889
12|-407.891|-407.891
13|-407.891|-407.891
14|-588.675|-588.675
15|-1018.02|-1018.02
16|-1022.37|-1022.37
17|-1023.11|-1023.11
18|-1023.13|-1023.13
19|-1023.15|-1023.15
20|-1023.15|-1023.15
21|-1023.15|-1023.15
22|-1072.52|-1072.52
23|-1241.89|-1241.89
24|-1331.32|-1331.32
25|-1335.96|-1335.96
26|-1341.32|-1341.32
27|-1341.43|-1341.43
28|-1341.49|-1341.49
29|-1341.49|-1341.49
30|-1341.49|-1341.49
31|-1341.49|-1341.49
32|-1441.19|-1441.19
33|-1441.78|-1441.78
34|-1441.97|-1441.97
35|-1442.01|-1442.01
36|-1442.01|-1442.01
37|-1442.01|-1442.01
38|-1515.65|-1515.65
39|-1645.8|-1645.8
40|-1680.31|-1680.31
41|-1692.2|-1692.2
42|-1692.51|-1692.51
43|-1692.67|-1692.67
44|-1692.74|-1692.74
45|-1692.76|-1692.76
46|-1692.77|-1692.77
47|-1692.78|-1692.78
48|-1692.78|-1692.78
49|-1692.78|-1692.78
50|-1692.78|-1692.78
51|-1692.78|-1692.78
52|-1692.78|-1692.78
53|-1692.78|-1692.78
54|-1692.78|-1692.78
55|-1692.78|-1692.78
56|-1692.78|-1692.78
57|-1692.78|-1692.78
58|-1692.78|-1692.78
59|-1692.78|-1692.78
60|-1692.78|-1692.78
61|-1692.78|-1692.78
62|-1692.78|-1692.78
63|-1692.78|-1692.78
64|-1692.78|-1692.78
65|-1692.78|-1692.78
66|-1692.78|-1692.78
67|-1692.78|-1692.78
68|-1692.78|-1692.78
69|-1692.78|-1692.78
70|-1692.78|-1692.78
71|-1692.78|-1692.78
72|-1692.78|-1692.78
73|-1692.78|-1692.78
74|-1692.78|-1692.78
75|-1692.78|-1692.78
76|-1692.78|-1692.78
77|-1692.78|-1692.78
78|-1692.78|-1692.78
79|-1692.78|-1692.78
80|-1692.78|-1692.78
81|-1692.78|-1692.78
82|-1692.78|-1692.78
83|-1692.78|-1692.78
84|-1692.78|-1692.78
85|-1692.78|-1692.78
86|-1692.78|-1692.78
87|-1692.78|-1692.78
88|-1692.78|-1692.78
89|-1692.78|-1692.78
90|-1692.78|-1692.78
91|-1692.78|-1692.78
92|-1692.78|-1692.78
93|-1692.78|-1692.78
94|-1692.78|-1692.78
95|-1692.78|-1692.78
96|-1692.78|-1692.78
97|-1692.78|-1692.78
98|-1692.78|-1692.78
99|-1692.78|-1692.78
100|-1692.78|-1692.78
101|-1692.78|-1692.78
102|-1692.78|-1692.78
103|-1692.78|-1692.78
104|-1692.78|-1692.78
105|-1692.78|-1692.78
106|-1692.78|-1692.78
107|-1692.78|-1692.78
108|-1692.78|-1692.78
109|-1692.78|-1692.78
110|-1692.78|-1692.78
111|-1692.78|-1692.78
112|-1692.78|-1692.78
113|-1692.78|-1692.78
114|-1692.78|-1692.78
115|-1692.78|-1692.78
116|-1692.78|-1692.78
117|-1692.78|-1692.78
118|-1692.78|-1692.78
119|-1692.78|-1692.78
120|-1692.78|-1692.78
121|-1692.78|-1692.78
122|-1692.78|-1692.78
123|-1692.78|-1692.78
124|-1692.78|-1692.78
125|-1692.78|-1692.78
126|-1692.78|-1692.78
127|-1692.78|-1692.78
128|-1692.78|-1692.78
129|-1692.78|-1692.78
130|-1692.78|-1692.78
131|-1692.78|-1692.78
132|-1692.78|-1692.78
133|-1692.78|-1692.78
134|-1692.78|-1692.78
135|-1692.78|-1692.78
136|-1692.78|-1692.78
137|-1692.78|-1692.78
138|-1692.78|-1692.78
139|-1692.78|-1692.78
140|-1692.78|-1692.78
141|-1692.78|-1692.78
142|-1692.78|-1692.78
143|-1692.78|-1692.78
144|-1692.78|-1692.78
145|-1692.78|-1692.78
146|-1692.78|-1692.78
147|-1692.78|-1692.78
148|-1692.78|-1692.78
149|-1692.78|-1692.78
150|-1692.78|-1692.78
151|-1692.78|-1692.78
152|-1692.78|-1692.78
153|-1692.78|-1692.78
154|-1692.78|-1692.78
155|-1692.78|-1692.78
156|-1692.78|-1692.78
157|-1692.78|-1692.78
158|-1692.78|-1692.78
159|-1692.78|-1692.78
160|-1692.78|-1692.78
161|-1692.78|-1692.78
162|-1692.78|-1692.78
163|-1692.78|-1692.78
164|-1692.78|-1692.78
165|-1692.78|-1692.78
166|-1692.78|-1692.78
167|-1692.78|-1692.78
168|-1692.78|-1692.78
169|-1692.78|-1692.78
170|-1692.78|-1692.78
171|-1692.78|-1692.78
172|-1692.78|-1692.78
173|-1692.78|-1692.78
174|-1692.78|-1692.78
175|-1692.78|-1692.78
176|-1692.78|-1692.78
177|-1692.78|-1692.78
178|-1692.78|-1692.78
179|-1692.78|-1692.78
180|-1692.78|-1692.78
181|-1692.78|-1692.78
182|-1692.78|-1692.78
183|-1692.78|-1692.78
184|-1692.78|-1692.78
185|-1692.78|-1692.78
186|-1692.78|-1692.78
187|-1692.78|-1692.78
188|-1692.78|-1692.78
189|-1692.78|-1692.78
190|-1692.78|-1692.78
191|-1692.78|-1692.78
192|-1692.78|-1692.78
193|-1692.78|-1692.78
194|-1692.78|-1692.78
195|-1692.78|-1692.78
196|-1692.78|-1692.78
197|-1692.78|-1692.78
198|-1692.78|-1692.78
199|-1692.78|-1692.78
EARLY STOP: TARGET FOUND
97094ms
