1|861.894|861.894
2|422.632|422.632
3|418.396|418.396
4|416.362|416.362
5|416.236|416.236
6|416.221|416.221
7|416.213|416.213
8|416.209|416.209
9|416.209|416.209
10|416.208|416.208
11|357.158|357.158
12|244.561|244.561
13|115.036|115.036
14|81.7327|81.7327
15|75.6443|75.6443
16|72.9484|72.9484
17|71.6884|71.6884
18|71.6115|71.6115
19|71.6021|71.6021
20|71.5996|71.5996
21|71.5983|71.5983
22|71.5978|71.5978
23|71.5974|71.5974
24|57.1465|57.1465
25|-150.853|-150.853
26|-304.328|-304.328
27|-374.055|-374.055
28|-416.224|-416.224
29|-420.52|-420.52
30|-422.585|-422.585
31|-423.596|-423.596
32|-423.721|-423.721
33|-423.784|-423.784
34|-423.815|-423.815
35|-423.823|-423.823
36|-423.825|-423.825
37|-423.826|-423.826
38|-707.727|-707.727
39|-768.63|-768.63
40|-774.164|-774.164
41|-775.488|-775.488
42|-775.668|-775.668
43|-775.736|-775.736
44|-775.751|-775.751
45|-775.752|-775.752
46|-775.753|-775.753
47|-775.753|-775.753
48|-881.581|-881.581
49|-915.345|-915.345
50|-983.971|-983.971
51|-1046.6|-1046.6
52|-1053.16|-1053.16
53|-1053.2|-1053.2
54|-1053.2|-1053.2
55|-1095.94|-1095.94
56|-1095.94|-1095.94
57|-1106.51|-1106.51
58|-1107.83|-1107.83
59|-1108.49|-1108.49
60|-1108.65|-1108.65
61|-1108.66|-1108.66
62|-1108.66|-1108.66
63|-1108.66|-1108.66
64|-1132.86|-1132.86
65|-1203.4|-1203.4
66|-1254.21|-1254.21
67|-1258.25|-1258.25
68|-1259.8|-1259.8
69|-1259.97|-1259.97
70|-1260.02|-1260.02
71|-1260.04|-1260.04
72|-1260.05|-1260.05
73|-1260.05|-1260.05
74|-1260.05|-1260.05
75|-1497.29|-1497.29
76|-1602.14|-1602.14
77|-1666.37|-1666.37
78|-1705.68|-1705.68
79|-1749.41|-1749.41
80|-1767.02|-1767.02
81|-1768.1|-1768.1
82|-1768.24|-1768.24
83|-1768.27|-1768.27
84|-1768.28|-1768.28
85|-1768.28|-1768.28
86|-1768.28|-1768.28
87|-1768.28|-1768.28
88|-1838.13|-1838.13
89|-1853.21|-1853.21
90|-1885.31|-1885.31
91|-1903.13|-1903.13
92|-1911.92|-1911.92
93|-1916.29|-1916.29
94|-1916.84|-1916.84
95|-1916.87|-1916.87
96|-1916.88|-1916.88
97|-1916.88|-1916.88
98|-2380.29|-2380.29
99|-2380.36|-2380.36
100|-2380.4|-2380.4
101|-2380.41|-2380.41
102|-2380.42|-2380.42
103|-2380.42|-2380.42
104|-2380.42|-2380.42
105|-2541.66|-2541.66
106|-2635.11|-2635.11
107|-2635.87|-2635.87
108|-2636.23|-2636.23
109|-2636.32|-2636.32
110|-2636.33|-2636.33
111|-2636.33|-2636.33
112|-2636.34|-2636.34
113|-2636.34|-2636.34
114|-2765.66|-2765.66
115|-2843.19|-2843.19
116|-3214.27|-3214.27
117|-3257.97|-3257.97
118|-3266.75|-3266.75
119|-3268.8|-3268.8
120|-3269.31|-3269.31
121|-3269.56|-3269.56
122|-3269.62|-3269.62
123|-3269.65|-3269.65
124|-3269.66|-3269.66
125|-3269.66|-3269.66
126|-3269.67|-3269.67
127|-3269.67|-3269.67
128|-3269.67|-3269.67
129|-3269.67|-3269.67
130|-3323.76|-3323.76
131|-3459.62|-3459.62
132|-3492.03|-3492.03
133|-3497.89|-3497.89
134|-3500.46|-3500.46
135|-3500.5|-3500.5
136|-3500.52|-3500.52
137|-3500.53|-3500.53
138|-3500.54|-3500.54
139|-3500.54|-3500.54
140|-3500.54|-3500.54
141|-3500.54|-3500.54
142|-3651.09|-3651.09
143|-3681.4|-3681.4
144|-3684.17|-3684.17
145|-3685.47|-3685.47
146|-3686.09|-3686.09
147|-3686.25|-3686.25
148|-3686.29|-3686.29
149|-3686.31|-3686.31
150|-3686.31|-3686.31
151|-3686.32|-3686.32
152|-3686.32|-3686.32
153|-3686.32|-3686.32
154|-3686.32|-3686.32
155|-3814.72|-3814.72
156|-3895.84|-3895.84
157|-4279.33|-4279.33
158|-4320.68|-4320.68
159|-4324.87|-4324.87
160|-4325.88|-4325.88
161|-4326.13|-4326.13
162|-4326.16|-4326.16
163|-4326.18|-4326.18
164|-4326.18|-4326.18
165|-4326.19|-4326.19
166|-4326.19|-4326.19
167|-4441.63|-4441.63
168|-4452.28|-4452.28
169|-4591.44|-4591.44
170|-4607.24|-4607.24
171|-4679.48|-4679.48
172|-4729.5|-4729.5
173|-4732.49|-4732.49
174|-4732.56|-4732.56
175|-4732.59|-4732.59
176|-4732.61|-4732.61
177|-4732.62|-4732.62
178|-4732.62|-4732.62
179|-4732.62|-4732.62
180|-4865.13|-4865.13
181|-4908.15|-4908.15
182|-4929.45|-4929.45
183|-4940.03|-4940.03
184|-4942.66|-4942.66
185|-4942.99|-4942.99
186|-4943.07|-4943.07
187|-4943.08|-4943.08
188|-4943.09|-4943.09
189|-4960.85|-4960.85
190|-4969.61|-4969.61
191|-4970.7|-4970.7
192|-4970.98|-4970.98
193|-4971.11|-4971.11
194|-4971.15|-4971.15
195|-4971.15|-4971.15
196|-4971.16|-4971.16
197|-4971.16|-4971.16
198|-4971.16|-4971.16
199|-5403.07|-5403.07
200|-5582.67|-5582.67
201|-5666.76|-5666.76
202|-5685|-5685
203|-5685.36|-5685.36
204|-5685.51|-5685.51
205|-5685.59|-5685.59
206|-5685.62|-5685.62
207|-5685.64|-5685.64
208|-5685.64|-5685.64
209|-5685.64|-5685.64
210|-5685.64|-5685.64
211|-6155.9|-6155.9
212|-6158.4|-6158.4
213|-6164.83|-6164.83
214|-6164.86|-6164.86
215|-6164.88|-6164.88
216|-6164.88|-6164.88
217|-6164.88|-6164.88
218|-6188|-6188
219|-6194|-6194
220|-6223.15|-6223.15
221|-6241.02|-6241.02
222|-6249.84|-6249.84
223|-6254.23|-6254.23
224|-6256.41|-6256.41
225|-6257.5|-6257.5
226|-6257.77|-6257.77
227|-6257.91|-6257.91
228|-6257.98|-6257.98
229|-6258.01|-6258.01
230|-6258.02|-6258.02
231|-6258.02|-6258.02
232|-6295.6|-6295.6
233|-6476.96|-6476.96
234|-6560.08|-6560.08
235|-6580.82|-6580.82
236|-6580.97|-6580.97
237|-6580.98|-6580.98
238|-6580.99|-6580.99
239|-6581|-6581
240|-6581|-6581
241|-6689.78|-6689.78
242|-6776.34|-6776.34
243|-6819.16|-6819.16
244|-6829.76|-6829.76
245|-6835.04|-6835.04
246|-6836.36|-6836.36
247|-6837.02|-6837.02
248|-6837.34|-6837.34
249|-6837.43|-6837.43
250|-6837.43|-6837.43
251|-6837.43|-6837.43
252|-6967.1|-6967.1
253|-7000|-7000
254|-7005.98|-7005.98
255|-7008.62|-7008.62
256|-7009.25|-7009.25
257|-7009.32|-7009.32
258|-7009.36|-7009.36
259|-7009.38|-7009.38
260|-7009.38|-7009.38
261|-7009.38|-7009.38
262|-7080.77|-7080.77
263|-7126.47|-7126.47
264|-7133.22|-7133.22
265|-7133.58|-7133.58
266|-7133.76|-7133.76
267|-7133.85|-7133.85
268|-7133.89|-7133.89
269|-7133.9|-7133.9
270|-7133.9|-7133.9
271|-7133.9|-7133.9
272|-7133.9|-7133.9
273|-7304.94|-7304.94
274|-7492.19|-7492.19
275|-7518.43|-7518.43
276|-7533.53|-7533.53
277|-7565.55|-7565.55
278|-7583.37|-7583.37
279|-7592.17|-7592.17
280|-7596.53|-7596.53
281|-7597.08|-7597.08
282|-7597.15|-7597.15
283|-7597.18|-7597.18
284|-7597.2|-7597.2
285|-7597.21|-7597.21
286|-7597.21|-7597.21
287|-7682.4|-7682.4
288|-8079.01|-8079.01
289|-8100.08|-8100.08
290|-8109.32|-8109.32
291|-8113.61|-8113.61
292|-8115.67|-8115.67
293|-8116.68|-8116.68
294|-8116.74|-8116.74
295|-8116.74|-8116.74
296|-8116.75|-8116.75
297|-8116.75|-8116.75
298|-8116.75|-8116.75
299|-8202.52|-8202.52
300|-8207.79|-8207.79
301|-8207.96|-8207.96
302|-8208.04|-8208.04
303|-8208.06|-8208.06
304|-8208.07|-8208.07
305|-8208.07|-8208.07
306|-8623.66|-8623.66
307|-8642.59|-8642.59
308|-8646.77|-8646.77
309|-8647.78|-8647.78
310|-8647.9|-8647.9
311|-8647.9|-8647.9
312|-8647.9|-8647.9
313|-8729.82|-8729.82
314|-8753.7|-8753.7
315|-8754.03|-8754.03
316|-8754.03|-8754.03
317|-8754.04|-8754.04
318|-8754.04|-8754.04
319|-8754.04|-8754.04
320|-8754.04|-8754.04
321|-8754.04|-8754.04
322|-8754.04|-8754.04
323|-8754.04|-8754.04
324|-8754.04|-8754.04
325|-8754.04|-8754.04
326|-8754.04|-8754.04
327|-8754.04|-8754.04
328|-8754.04|-8754.04
329|-8754.04|-8754.04
330|-8754.04|-8754.04
331|-8754.04|-8754.04
332|-8754.04|-8754.04
333|-8754.04|-8754.04
334|-8754.04|-8754.04
335|-8754.04|-8754.04
336|-8754.04|-8754.04
337|-8754.04|-8754.04
338|-8754.04|-8754.04
339|-8754.04|-8754.04
340|-8754.04|-8754.04
341|-8754.04|-8754.04
342|-8754.04|-8754.04
343|-8754.04|-8754.04
344|-8754.04|-8754.04
345|-8754.04|-8754.04
346|-8754.04|-8754.04
347|-8754.04|-8754.04
348|-8754.04|-8754.04
349|-8754.04|-8754.04
350|-8754.04|-8754.04
351|-8754.04|-8754.04
352|-8754.04|-8754.04
353|-8754.04|-8754.04
354|-8754.04|-8754.04
355|-8754.04|-8754.04
356|-8754.04|-8754.04
357|-8754.04|-8754.04
358|-8754.04|-8754.04
359|-8754.04|-8754.04
360|-8754.04|-8754.04
361|-8754.04|-8754.04
362|-8754.04|-8754.04
363|-8754.04|-8754.04
364|-8754.04|-8754.04
365|-8754.04|-8754.04
366|-8754.04|-8754.04
367|-8754.04|-8754.04
368|-8754.04|-8754.04
369|-8754.04|-8754.04
370|-8754.04|-8754.04
371|-8754.04|-8754.04
372|-8754.04|-8754.04
373|-8754.04|-8754.04
374|-8754.04|-8754.04
375|-8754.04|-8754.04
376|-8754.04|-8754.04
377|-8754.04|-8754.04
378|-8754.04|-8754.04
379|-8754.04|-8754.04
380|-8754.04|-8754.04
381|-8754.04|-8754.04
382|-8754.04|-8754.04
383|-8754.04|-8754.04
384|-8754.04|-8754.04
385|-8754.04|-8754.04
386|-8754.04|-8754.04
387|-8754.04|-8754.04
388|-8754.04|-8754.04
389|-8754.04|-8754.04
390|-8754.04|-8754.04
391|-8754.04|-8754.04
392|-8754.04|-8754.04
393|-8754.04|-8754.04
394|-8754.04|-8754.04
395|-8754.04|-8754.04
396|-8754.04|-8754.04
397|-8754.04|-8754.04
398|-8754.04|-8754.04
399|-8754.04|-8754.04
400|-8754.04|-8754.04
401|-8754.04|-8754.04
402|-8754.04|-8754.04
403|-8754.04|-8754.04
404|-8754.04|-8754.04
405|-8754.04|-8754.04
406|-8754.04|-8754.04
407|-8754.04|-8754.04
408|-8754.04|-8754.04
409|-8754.04|-8754.04
410|-8754.04|-8754.04
411|-8754.04|-8754.04
412|-8754.04|-8754.04
413|-8754.04|-8754.04
414|-8754.04|-8754.04
415|-8754.04|-8754.04
416|-8754.04|-8754.04
417|-8754.04|-8754.04
418|-8754.04|-8754.04
419|-8754.04|-8754.04
420|-8754.04|-8754.04
421|-8754.04|-8754.04
422|-8754.04|-8754.04
423|-8754.04|-8754.04
424|-8754.04|-8754.04
425|-8754.04|-8754.04
426|-8754.04|-8754.04
427|-8754.04|-8754.04
428|-8754.04|-8754.04
429|-8754.04|-8754.04
430|-8754.04|-8754.04
431|-8754.04|-8754.04
432|-8754.04|-8754.04
433|-8754.04|-8754.04
434|-8754.04|-8754.04
435|-8754.04|-8754.04
436|-8754.04|-8754.04
437|-8754.04|-8754.04
438|-8754.04|-8754.04
439|-8754.04|-8754.04
440|-8754.04|-8754.04
441|-8754.04|-8754.04
442|-8754.04|-8754.04
443|-8754.04|-8754.04
444|-8754.04|-8754.04
445|-8754.04|-8754.04
446|-8754.04|-8754.04
447|-8754.04|-8754.04
448|-8754.04|-8754.04
449|-8754.04|-8754.04
450|-8754.04|-8754.04
451|-8754.04|-8754.04
452|-8754.04|-8754.04
453|-8754.04|-8754.04
454|-8754.04|-8754.04
455|-8754.04|-8754.04
456|-8754.04|-8754.04
457|-8754.04|-8754.04
458|-8754.04|-8754.04
459|-8754.04|-8754.04
460|-8754.04|-8754.04
461|-8754.04|-8754.04
462|-8754.04|-8754.04
463|-8754.04|-8754.04
464|-8754.04|-8754.04
465|-8754.04|-8754.04
466|-8754.04|-8754.04
467|-8754.04|-8754.04
EARLY STOP: TARGET FOUND
5053531ms
