1|777.908|777.908
2|605.038|605.038
3|160.587|160.587
4|158.96|158.96
5|158.949|158.949
6|158.949|158.949
7|158.949|158.949
8|-306.405|-306.405
9|-460.807|-460.807
10|-557.552|-557.552
11|-558.509|-558.509
12|-559.234|-559.234
13|-559.378|-559.378
14|-559.395|-559.395
15|-559.396|-559.396
16|-559.396|-559.396
17|-559.396|-559.396
18|-559.397|-559.397
19|-687.198|-687.198
20|-727.758|-727.758
21|-955.802|-955.802
22|-1083.65|-1083.65
23|-1135.69|-1135.69
24|-1139.41|-1139.41
25|-1144.24|-1144.24
26|-1145.22|-1145.22
27|-1145.35|-1145.35
28|-1145.35|-1145.35
29|-1571.58|-1571.58
30|-1571.59|-1571.59
31|-1667.75|-1667.75
32|-1790.92|-1790.92
33|-1797.09|-1797.09
34|-1799.83|-1799.83
35|-1801.11|-1801.11
36|-1801.42|-1801.42
37|-1801.57|-1801.57
38|-1801.61|-1801.61
39|-1801.63|-1801.63
40|-1801.64|-1801.64
41|-1801.64|-1801.64
42|-1801.64|-1801.64
43|-1924.09|-1924.09
44|-1929.97|-1929.97
45|-1932.56|-1932.56
46|-1932.72|-1932.72
47|-1932.76|-1932.76
48|-1932.77|-1932.77
49|-1932.78|-1932.78
50|-1932.78|-1932.78
51|-1932.78|-1932.78
52|-1932.78|-1932.78
53|-1949.54|-1949.54
54|-1951.11|-1951.11
55|-1951.13|-1951.13
56|-1951.13|-1951.13
57|-2094.18|-2094.18
58|-2112.31|-2112.31
59|-2113.33|-2113.33
60|-2113.83|-2113.83
61|-2113.84|-2113.84
62|-2575.26|-2575.26
63|-2693.34|-2693.34
64|-2806.99|-2806.99
65|-2811.96|-2811.96
66|-2812.17|-2812.17
67|-2812.2|-2812.2
68|-2812.2|-2812.2
69|-2812.2|-2812.2
70|-2812.2|-2812.2
71|-2812.2|-2812.2
72|-2875.72|-2875.72
73|-3192.7|-3192.7
74|-3210.73|-3210.73
75|-3319.13|-3319.13
76|-3319.16|-3319.16
77|-3319.16|-3319.16
78|-3319.16|-3319.16
79|-3319.16|-3319.16
80|-3319.16|-3319.16
81|-3359.1|-3359.1
82|-3401.38|-3401.38
83|-3419.01|-3419.01
84|-3421.19|-3421.19
85|-3421.74|-3421.74
86|-3421.81|-3421.81
87|-3421.81|-3421.81
88|-3421.81|-3421.81
89|-3421.81|-3421.81
90|-3421.81|-3421.81
91|-3421.81|-3421.81
92|-3421.81|-3421.81
93|-3421.81|-3421.81
94|-3421.81|-3421.81
95|-3421.81|-3421.81
96|-3421.81|-3421.81
97|-3421.81|-3421.81
98|-3421.81|-3421.81
99|-3421.81|-3421.81
100|-3421.81|-3421.81
101|-3421.81|-3421.81
102|-3421.81|-3421.81
103|-3421.81|-3421.81
104|-3421.81|-3421.81
105|-3421.81|-3421.81
106|-3421.81|-3421.81
107|-3421.81|-3421.81
108|-3421.81|-3421.81
109|-3421.81|-3421.81
110|-3421.81|-3421.81
111|-3421.81|-3421.81
112|-3421.81|-3421.81
113|-3421.81|-3421.81
114|-3421.81|-3421.81
115|-3421.81|-3421.81
116|-3421.81|-3421.81
117|-3421.81|-3421.81
118|-3421.81|-3421.81
119|-3421.81|-3421.81
120|-3421.81|-3421.81
121|-3421.81|-3421.81
122|-3421.81|-3421.81
123|-3421.81|-3421.81
124|-3421.81|-3421.81
125|-3421.81|-3421.81
126|-3421.81|-3421.81
127|-3421.81|-3421.81
128|-3421.81|-3421.81
129|-3421.81|-3421.81
130|-3421.81|-3421.81
131|-3421.81|-3421.81
132|-3421.81|-3421.81
133|-3421.81|-3421.81
134|-3421.81|-3421.81
135|-3421.81|-3421.81
136|-3421.81|-3421.81
137|-3421.81|-3421.81
138|-3421.81|-3421.81
139|-3421.81|-3421.81
140|-3421.81|-3421.81
141|-3421.81|-3421.81
142|-3421.81|-3421.81
143|-3421.81|-3421.81
144|-3421.81|-3421.81
145|-3421.81|-3421.81
146|-3421.81|-3421.81
147|-3421.81|-3421.81
148|-3421.81|-3421.81
149|-3421.81|-3421.81
150|-3421.81|-3421.81
151|-3421.81|-3421.81
152|-3421.81|-3421.81
153|-3421.81|-3421.81
154|-3421.81|-3421.81
155|-3421.81|-3421.81
156|-3421.81|-3421.81
157|-3421.81|-3421.81
158|-3421.81|-3421.81
159|-3421.81|-3421.81
160|-3421.81|-3421.81
161|-3421.81|-3421.81
162|-3421.81|-3421.81
163|-3421.81|-3421.81
164|-3421.81|-3421.81
165|-3421.81|-3421.81
166|-3421.81|-3421.81
167|-3421.81|-3421.81
168|-3421.81|-3421.81
169|-3421.81|-3421.81
170|-3421.81|-3421.81
171|-3421.81|-3421.81
172|-3421.81|-3421.81
173|-3421.81|-3421.81
174|-3421.81|-3421.81
175|-3421.81|-3421.81
176|-3421.81|-3421.81
177|-3421.81|-3421.81
178|-3421.81|-3421.81
179|-3421.81|-3421.81
180|-3421.81|-3421.81
181|-3421.81|-3421.81
182|-3421.81|-3421.81
183|-3421.81|-3421.81
184|-3421.81|-3421.81
185|-3421.81|-3421.81
186|-3421.81|-3421.81
187|-3421.81|-3421.81
188|-3421.81|-3421.81
189|-3421.81|-3421.81
190|-3421.81|-3421.81
191|-3421.81|-3421.81
192|-3421.81|-3421.81
193|-3421.81|-3421.81
194|-3421.81|-3421.81
195|-3421.81|-3421.81
196|-3421.81|-3421.81
197|-3421.81|-3421.81
198|-3421.81|-3421.81
199|-3421.81|-3421.81
200|-3421.81|-3421.81
201|-3421.81|-3421.81
202|-3421.81|-3421.81
203|-3421.81|-3421.81
204|-3421.81|-3421.81
205|-3421.81|-3421.81
206|-3421.81|-3421.81
207|-3421.81|-3421.81
208|-3421.81|-3421.81
209|-3421.81|-3421.81
210|-3421.81|-3421.81
211|-3421.81|-3421.81
212|-3421.81|-3421.81
213|-3421.81|-3421.81
214|-3421.81|-3421.81
215|-3421.81|-3421.81
216|-3421.81|-3421.81
217|-3421.81|-3421.81
218|-3421.81|-3421.81
219|-3421.81|-3421.81
220|-3421.81|-3421.81
221|-3421.81|-3421.81
222|-3421.81|-3421.81
223|-3421.81|-3421.81
224|-3421.81|-3421.81
225|-3421.81|-3421.81
226|-3421.81|-3421.81
227|-3421.81|-3421.81
228|-3421.81|-3421.81
229|-3421.81|-3421.81
230|-3421.81|-3421.81
231|-3421.81|-3421.81
232|-3421.81|-3421.81
233|-3421.81|-3421.81
234|-3421.81|-3421.81
235|-3421.81|-3421.81
236|-3421.81|-3421.81
237|-3421.81|-3421.81
238|-3421.81|-3421.81
EARLY STOP: TARGET FOUND
383459ms
