1|47.7482|47.7482
2|47.745|47.745
3|47.7445|47.7445
4|26.7051|26.7051
5|26.4841|26.4841
6|26.4841|26.4841
7|26.4504|26.4504
8|26.4498|26.4498
9|26.4497|26.4497
10|21.666|21.666
11|20.5029|20.5029
12|20.2285|20.2285
13|20.2285|20.2285
14|20.1682|20.1682
15|20.1572|20.1572
16|20.1564|20.1564
17|20.1564|20.1564
18|20.1564|20.1564
19|20.1564|20.1564
20|6.19188|6.19188
21|6.19188|6.19188
22|5.07023|5.07023
23|5.07023|5.07023
24|4.81661|4.81661
25|4.81661|4.81661
26|4.7666|4.7666
27|4.7621|4.7621
28|4.76104|4.76104
29|4.76082|4.76082
30|4.76078|4.76078
31|4.76078|4.76078
32|0.813459|0.813459
33|0.813459|0.813459
34|0.0686017|0.0686017
35|0.0103875|0.0103875
36|0.0103875|0.0103875
37|0.0103875|0.0103875
38|0.0103875|0.0103875
39|0.0103875|0.0103875
40|0.0103875|0.0103875
41|0.000480442|0.000480442
EARLY STOP: TARGET FOUND
7769ms
