1|618.03|618.03
2|617.43|617.43
3|615.349|615.349
4|614.017|614.017
5|610.632|610.632
6|609.707|609.707
7|609.633|609.633
8|609.628|609.628
9|609.628|609.628
10|609.399|609.399
11|604.852|604.852
12|604.851|604.851
13|604.85|604.85
14|604.85|604.85
15|604.85|604.85
16|582.26|582.26
17|581.434|581.434
18|581.251|581.251
19|581.219|581.219
20|581.217|581.217
21|581.217|581.217
22|575.971|575.971
23|561.014|561.014
24|560.005|560.005
25|559.994|559.994
26|559.993|559.993
27|559.993|559.993
28|556.09|556.09
29|546.23|546.23
30|545.257|545.257
31|542.065|542.065
32|541.59|541.59
33|541.408|541.408
34|541.331|541.331
35|541.313|541.313
36|541.304|541.304
37|521.234|521.234
38|513.299|513.299
39|505.467|505.467
40|505.402|505.402
41|505.397|505.397
42|505.396|505.396
43|505.396|505.396
44|505.396|505.396
45|504.34|504.34
46|492.642|492.642
47|492.113|492.113
48|492.042|492.042
49|492.03|492.03
50|492.029|492.029
51|492.029|492.029
52|476.953|476.953
53|473.629|473.629
54|472.766|472.766
55|472.563|472.563
56|472.52|472.52
57|472.514|472.514
58|472.514|472.514
59|471.03|471.03
60|470.738|470.738
61|470.671|470.671
62|470.662|470.662
63|470.658|470.658
64|470.656|470.656
65|470.656|470.656
66|449.66|449.66
67|447.989|447.989
68|447.953|447.953
69|447.95|447.95
70|447.949|447.949
71|447.949|447.949
72|443.397|443.397
73|440.802|440.802
74|440.635|440.635
75|440.6|440.6
76|440.595|440.595
77|440.595|440.595
78|433.284|433.284
79|427.739|427.739
80|413.884|413.884
81|412.277|412.277
82|412.258|412.258
83|412.255|412.255
84|412.254|412.254
85|412.254|412.254
86|412.254|412.254
87|411.106|411.106
88|409.983|409.983
89|406.857|406.857
90|403.898|403.898
91|403.494|403.494
92|403.417|403.417
93|403.399|403.399
94|403.39|403.39
95|403.386|403.386
96|399.015|399.015
97|383.024|383.024
98|379.906|379.906
99|379.171|379.171
100|379.035|379.035
101|379.026|379.026
102|379.025|379.025
103|379.025|379.025
104|371.848|371.848
105|371.848|371.848
106|370.754|370.754
107|370.57|370.57
108|370.493|370.493
109|370.475|370.475
110|370.467|370.467
111|370.464|370.464
112|370.463|370.463
113|370.463|370.463
114|370.463|370.463
115|362.311|362.311
116|357.18|357.18
117|355.812|355.812
118|355.333|355.333
119|355.149|355.149
120|355.071|355.071
121|355.053|355.053
122|355.044|355.044
123|355.04|355.04
124|355.038|355.038
125|355.037|355.037
126|344.449|344.449
127|340.422|340.422
128|338.877|338.877
129|338.86|338.86
130|338.859|338.859
131|323.637|323.637
132|319.324|319.324
133|317.668|317.668
134|317.018|317.018
135|316.876|316.876
136|316.876|316.876
137|316.809|316.809
138|316.8|316.8
139|316.796|316.796
140|316.794|316.794
141|316.794|316.794
142|306.579|306.579
143|306.109|306.109
144|305.929|305.929
145|305.854|305.854
146|305.845|305.845
147|305.841|305.841
148|305.839|305.839
149|305.838|305.838
150|305.838|305.838
151|300.358|300.358
152|285.336|285.336
153|285.209|285.209
154|285.202|285.202
155|285.201|285.201
156|285.201|285.201
157|280.223|280.223
158|269.04|269.04
159|265.365|265.365
160|265.296|265.296
161|265.296|265.296
162|249.358|249.358
163|240.068|240.068
164|240.031|240.031
165|238.105|238.105
166|236.49|236.49
167|233.17|233.17
168|232.286|232.286
169|232.268|232.268
170|232.259|232.259
171|232.255|232.255
172|232.253|232.253
173|232.252|232.252
174|232.251|232.251
175|217.097|217.097
176|209.304|209.304
177|209.162|209.162
178|209.095|209.095
179|209.086|209.086
180|209.085|209.085
181|194.284|194.284
182|190.928|190.928
183|190.642|190.642
184|190.608|190.608
185|190.606|190.606
186|190.605|190.605
187|189.878|189.878
188|164.546|164.546
189|164.465|164.465
190|164.465|164.465
191|159.174|159.174
192|143.087|143.087
193|142.618|142.618
194|142.603|142.603
195|142.6|142.6
196|142.599|142.599
197|142.599|142.599
198|142.599|142.599
199|137.068|137.068
200|124.395|124.395
201|122.159|122.159
202|121.949|121.949
203|121.942|121.942
204|121.941|121.941
205|121.94|121.94
206|121.94|121.94
207|121.94|121.94
208|108.455|108.455
209|107.576|107.576
210|99.6189|99.6189
211|99.406|99.406
212|96.6439|96.6439
213|96.5326|96.5326
214|96.1325|96.1325
215|90.3325|90.3325
216|90.2364|90.2364
217|90.2356|90.2356
218|90.2355|90.2355
219|90.2355|90.2355
220|88.2707|88.2707
221|79.8253|79.8253
222|75.4552|75.4552
223|73.076|73.076
224|73.0384|73.0384
225|73.0205|73.0205
226|73.0117|73.0117
227|73.0074|73.0074
228|73.0063|73.0063
229|47.922|47.922
230|47.786|47.786
231|47.7768|47.7768
232|47.776|47.776
233|47.7758|47.7758
234|47.7758|47.7758
235|47.7758|47.7758
236|47.7758|47.7758
237|47.7758|47.7758
238|47.7758|47.7758
239|47.7758|47.7758
240|47.7758|47.7758
241|47.7758|47.7758
242|47.7758|47.7758
243|47.7758|47.7758
244|47.7758|47.7758
245|47.7758|47.7758
246|47.7758|47.7758
247|47.7758|47.7758
248|47.7758|47.7758
249|47.7758|47.7758
250|47.7758|47.7758
251|47.7758|47.7758
252|47.7758|47.7758
253|47.7758|47.7758
254|47.7758|47.7758
255|47.7758|47.7758
256|47.7758|47.7758
257|47.7758|47.7758
258|47.7758|47.7758
259|47.7758|47.7758
260|47.7758|47.7758
261|47.7758|47.7758
262|47.7758|47.7758
263|47.7758|47.7758
264|47.7758|47.7758
265|47.7758|47.7758
266|47.7758|47.7758
267|47.7758|47.7758
268|47.7758|47.7758
269|47.7758|47.7758
270|47.7758|47.7758
271|47.7758|47.7758
272|47.7758|47.7758
273|47.7758|47.7758
274|47.7758|47.7758
275|47.7758|47.7758
276|47.7758|47.7758
277|47.7758|47.7758
278|47.7758|47.7758
279|47.7758|47.7758
280|47.7758|47.7758
281|47.7758|47.7758
282|47.7758|47.7758
283|47.7758|47.7758
284|47.7758|47.7758
285|47.7758|47.7758
286|47.7758|47.7758
287|47.7758|47.7758
288|47.7758|47.7758
289|47.7758|47.7758
290|47.7758|47.7758
291|47.7758|47.7758
292|47.7758|47.7758
293|47.7758|47.7758
294|47.7758|47.7758
295|47.7758|47.7758
296|47.7758|47.7758
297|47.7758|47.7758
298|47.7758|47.7758
299|47.7758|47.7758
300|47.7758|47.7758
301|47.7758|47.7758
302|47.7758|47.7758
303|47.7758|47.7758
304|47.7758|47.7758
305|47.7758|47.7758
306|47.7758|47.7758
307|47.7758|47.7758
308|47.7758|47.7758
309|47.7758|47.7758
310|47.7758|47.7758
311|47.7758|47.7758
312|47.7758|47.7758
313|47.7758|47.7758
314|47.7758|47.7758
315|47.7758|47.7758
316|47.7758|47.7758
317|47.7758|47.7758
318|47.7758|47.7758
319|47.7758|47.7758
320|47.7758|47.7758
321|47.7758|47.7758
322|47.7758|47.7758
323|47.7758|47.7758
324|47.7758|47.7758
325|47.7758|47.7758
326|47.7758|47.7758
327|47.7758|47.7758
328|47.7758|47.7758
329|47.7758|47.7758
330|47.7758|47.7758
331|47.7758|47.7758
332|47.7758|47.7758
333|47.7758|47.7758
334|47.7758|47.7758
335|47.7758|47.7758
336|47.7758|47.7758
337|47.7758|47.7758
338|47.7758|47.7758
339|47.7758|47.7758
340|47.7758|47.7758
341|47.7758|47.7758
342|47.7758|47.7758
343|47.7758|47.7758
344|47.7758|47.7758
345|47.7758|47.7758
346|47.7758|47.7758
347|47.7758|47.7758
348|47.7758|47.7758
349|47.7758|47.7758
350|47.7758|47.7758
351|47.7758|47.7758
352|47.7758|47.7758
353|47.7758|47.7758
354|47.7758|47.7758
355|47.7758|47.7758
356|47.7758|47.7758
357|47.7758|47.7758
358|47.7758|47.7758
359|47.7758|47.7758
360|47.7758|47.7758
361|47.7758|47.7758
362|47.7758|47.7758
363|47.7758|47.7758
364|47.7758|47.7758
365|47.7758|47.7758
366|47.7758|47.7758
367|47.7758|47.7758
368|47.7758|47.7758
369|47.7758|47.7758
370|47.7758|47.7758
371|47.7758|47.7758
372|47.7758|47.7758
373|47.7758|47.7758
374|47.7758|47.7758
375|47.7758|47.7758
376|47.7758|47.7758
377|47.7758|47.7758
378|47.7758|47.7758
379|47.7758|47.7758
380|47.7758|47.7758
381|47.7758|47.7758
382|47.7758|47.7758
383|47.7758|47.7758
384|47.7758|47.7758
385|47.7758|47.7758
EARLY STOP: TARGET FOUND
3110853ms
