1|85.619|85.619
2|75.8647|75.8647
3|75.8235|75.8235
4|75.82|75.82
5|75.8192|75.8192
6|75.819|75.819
7|75.819|75.819
8|75.819|75.819
9|57.175|57.175
10|47.2357|47.2357
11|41.673|41.673
12|40.9712|40.9712
13|40.9101|40.9101
14|40.9093|40.9093
15|40.9091|40.9091
16|40.9091|40.9091
17|40.9091|40.9091
18|40.9091|40.9091
19|18.8855|18.8855
20|17.6106|17.6106
21|17.6104|17.6104
22|17.6104|17.6104
23|17.6104|17.6104
24|17.2416|17.2416
25|14.7541|14.7541
26|14.1559|14.1559
27|13.4262|13.4262
28|9.13882|9.13882
29|9.12771|9.12771
30|9.12693|9.12693
31|9.12677|9.12677
32|9.12676|9.12676
33|9.12675|9.12675
34|9.12675|9.12675
35|8.97252|8.97252
36|8.95864|8.95864
37|8.95542|8.95542
38|8.95474|8.95474
39|8.95463|8.95463
40|8.95463|8.95463
41|8.95463|8.95463
42|8.95463|8.95463
43|8.95463|8.95463
44|8.95463|8.95463
45|8.95463|8.95463
46|8.95463|8.95463
47|8.95463|8.95463
48|8.95463|8.95463
49|8.95463|8.95463
50|8.95463|8.95463
51|8.95463|8.95463
52|8.95463|8.95463
53|8.95463|8.95463
54|8.95463|8.95463
55|8.95463|8.95463
56|8.95463|8.95463
57|8.95463|8.95463
58|8.95463|8.95463
59|8.95463|8.95463
60|8.95463|8.95463
61|8.95463|8.95463
62|8.95463|8.95463
63|8.95463|8.95463
64|8.95463|8.95463
65|8.95463|8.95463
66|8.95463|8.95463
67|8.95463|8.95463
68|8.95463|8.95463
69|8.95463|8.95463
70|8.95463|8.95463
71|8.95463|8.95463
72|8.95463|8.95463
73|8.95463|8.95463
74|8.95463|8.95463
75|8.95463|8.95463
76|8.95463|8.95463
77|8.95463|8.95463
78|8.95463|8.95463
79|8.95463|8.95463
80|8.95463|8.95463
81|8.95463|8.95463
82|8.95463|8.95463
83|8.95463|8.95463
84|8.95463|8.95463
85|8.95463|8.95463
86|8.95463|8.95463
87|8.95463|8.95463
88|8.95463|8.95463
89|8.95463|8.95463
90|8.95463|8.95463
91|8.95463|8.95463
92|8.95463|8.95463
93|8.95463|8.95463
94|8.95463|8.95463
95|8.95463|8.95463
96|8.95463|8.95463
97|8.95463|8.95463
98|8.95463|8.95463
99|8.95463|8.95463
100|8.95463|8.95463
101|8.95463|8.95463
102|8.95463|8.95463
103|8.95463|8.95463
104|8.95463|8.95463
105|8.95463|8.95463
106|8.95463|8.95463
107|8.95463|8.95463
108|8.95463|8.95463
109|8.95463|8.95463
110|8.95463|8.95463
111|8.95463|8.95463
112|8.95463|8.95463
113|8.95463|8.95463
114|8.95463|8.95463
115|8.95463|8.95463
116|8.95463|8.95463
117|8.95463|8.95463
118|8.95463|8.95463
119|8.95463|8.95463
120|8.95463|8.95463
121|8.95463|8.95463
122|8.95463|8.95463
123|8.95463|8.95463
124|8.95463|8.95463
125|8.95463|8.95463
126|8.95463|8.95463
127|8.95463|8.95463
128|8.95463|8.95463
129|8.95463|8.95463
130|8.95463|8.95463
131|8.95463|8.95463
132|8.95463|8.95463
133|8.95463|8.95463
134|8.95463|8.95463
135|8.95463|8.95463
136|8.95463|8.95463
137|8.95463|8.95463
138|8.95463|8.95463
139|8.95463|8.95463
140|8.95463|8.95463
141|8.95463|8.95463
142|8.95463|8.95463
143|8.95463|8.95463
144|8.95463|8.95463
145|8.95463|8.95463
146|8.95463|8.95463
147|8.95463|8.95463
148|8.95463|8.95463
149|8.95463|8.95463
150|8.95463|8.95463
151|8.95463|8.95463
152|8.95463|8.95463
153|8.95463|8.95463
154|8.95463|8.95463
155|8.95463|8.95463
156|8.95463|8.95463
157|8.95463|8.95463
158|8.95463|8.95463
159|8.95463|8.95463
160|8.95463|8.95463
161|8.95463|8.95463
162|8.95463|8.95463
163|8.95463|8.95463
164|8.95463|8.95463
165|8.95463|8.95463
166|8.95463|8.95463
167|8.95463|8.95463
168|8.95463|8.95463
169|8.95463|8.95463
170|8.95463|8.95463
171|8.95463|8.95463
172|8.95463|8.95463
173|8.95463|8.95463
174|8.95463|8.95463
175|8.95463|8.95463
176|8.95463|8.95463
177|8.95463|8.95463
178|8.95463|8.95463
179|8.95463|8.95463
180|8.95463|8.95463
181|8.95463|8.95463
182|8.95463|8.95463
183|8.95463|8.95463
184|8.95463|8.95463
185|8.95463|8.95463
186|8.95463|8.95463
187|8.95463|8.95463
188|8.95463|8.95463
189|8.95463|8.95463
190|8.95463|8.95463
EARLY STOP: TARGET FOUND
70082ms
