1|612.324|612.324
2|611.664|611.664
3|603.562|603.562
4|603.423|603.423
5|600.532|600.532
6|598.69|598.69
7|598.377|598.377
8|598.279|598.279
9|598.244|598.244
10|598.231|598.231
11|598.225|598.225
12|598.222|598.222
13|598.221|598.221
14|598.22|598.22
15|598.22|598.22
16|591.274|591.274
17|582.667|582.667
18|582.659|582.659
19|582.658|582.658
20|582.657|582.657
21|581.084|581.084
22|580.483|580.483
23|580.467|580.467
24|580.466|580.466
25|560.142|560.142
26|552.672|552.672
27|544.46|544.46
28|544.447|544.447
29|544.441|544.441
30|544.44|544.44
31|544.439|544.439
32|544.439|544.439
33|544.439|544.439
34|544.439|544.439
35|540.813|540.813
36|540.186|540.186
37|540.117|540.117
38|540.084|540.084
39|540.067|540.067
40|540.063|540.063
41|540.062|540.062
42|540.061|540.061
43|524.533|524.533
44|520.213|520.213
45|519.385|519.385
46|514.805|514.805
47|513.562|513.562
48|513.562|513.562
49|508.103|508.103
50|504.91|504.91
51|495.653|495.653
52|493.281|493.281
53|490.407|490.407
54|490.029|490.029
55|489.992|489.992
56|489.975|489.975
57|478.279|478.279
58|477.576|477.576
59|477.547|477.547
60|477.541|477.541
61|477.538|477.538
62|477.537|477.537
63|477.537|477.537
64|474.842|474.842
65|474.36|474.36
66|474.338|474.338
67|474.338|474.338
68|473.733|473.733
69|473.679|473.679
70|473.667|473.667
71|473.665|473.665
72|473.665|473.665
73|473.664|473.664
74|473.664|473.664
75|458.55|458.55
76|454.68|454.68
77|453.968|453.968
78|453.66|453.66
79|453.519|453.519
80|453.451|453.451
81|453.443|453.443
82|453.441|453.441
83|453.441|453.441
84|452.461|452.461
85|452.434|452.434
86|449.344|449.344
87|447.721|447.721
88|447.295|447.295
89|447.211|447.211
90|447.184|447.184
91|447.181|447.181
92|447.18|447.18
93|447.179|447.179
94|447.179|447.179
95|441.637|441.637
96|428.897|428.897
97|426.696|426.696
98|426.507|426.507
99|426.494|426.494
100|426.494|426.494
101|426.494|426.494
102|406.439|406.439
103|398.477|398.477
104|390.668|390.668
105|390.601|390.601
106|390.596|390.596
107|390.594|390.594
108|390.594|390.594
109|390.593|390.593
110|390.593|390.593
111|380.258|380.258
112|375.466|375.466
113|374.339|374.339
114|374.336|374.336
115|374.336|374.336
116|374.336|374.336
117|371.774|371.774
118|371.371|371.371
119|371.365|371.365
120|371.365|371.365
121|371.365|371.365
122|345.976|345.976
123|343.755|343.755
124|342.269|342.269
125|342.259|342.259
126|342.258|342.258
127|326.698|326.698
128|322.925|322.925
129|321.74|321.74
130|317.497|317.497
131|316.07|316.07
132|316.067|316.067
133|316.064|316.064
134|316.063|316.063
135|316.063|316.063
136|302.824|302.824
137|300.887|300.887
138|300.841|300.841
139|300.785|300.785
140|300.784|300.784
141|300.784|300.784
142|300.783|300.783
143|293.601|293.601
144|291.202|291.202
145|291.005|291.005
146|290.91|290.91
147|290.862|290.862
148|290.839|290.839
149|290.827|290.827
150|290.822|290.822
151|290.821|290.821
152|276.269|276.269
153|267.422|267.422
154|265.901|265.901
155|265.599|265.599
156|265.46|265.46
157|265.444|265.444
158|265.435|265.435
159|265.431|265.431
160|265.429|265.429
161|260.267|260.267
162|248.742|248.742
163|245.447|245.447
164|245.364|245.364
165|245.34|245.34
166|245.331|245.331
167|245.328|245.328
168|245.327|245.327
169|245.326|245.326
170|245.326|245.326
171|245.326|245.326
172|245.326|245.326
173|240.402|240.402
174|224.778|224.778
175|224.138|224.138
176|224.061|224.061
177|224.061|224.061
178|205.146|205.146
179|195.504|195.504
180|189.49|189.49
181|189.04|189.04
182|188.916|188.916
183|188.913|188.913
184|188.91|188.91
185|188.909|188.909
186|188.909|188.909
187|188.909|188.909
188|183.65|183.65
189|183.563|183.563
190|176.036|176.036
191|169.203|169.203
192|168.06|168.06
193|167.705|167.705
194|167.701|167.701
195|167.699|167.699
196|167.698|167.698
197|167.697|167.697
198|167.697|167.697
199|167.697|167.697
200|146.614|146.614
201|144.975|144.975
202|144.943|144.943
203|144.941|144.941
204|144.941|144.941
205|120.769|120.769
206|118.229|118.229
207|118.07|118.07
208|118.062|118.062
209|118.061|118.061
210|118.06|118.06
211|118.06|118.06
212|112.715|112.715
213|110.343|110.343
214|101.653|101.653
215|97.9012|97.9012
216|95.3635|95.3635
217|95.2047|95.2047
218|95.1961|95.1961
219|95.1955|95.1955
220|95.1953|95.1953
221|89.4981|89.4981
222|88.871|88.871
223|88.7911|88.7911
224|88.7911|88.7911
225|88.7535|88.7535
226|88.7356|88.7356
227|88.7268|88.7268
228|88.7225|88.7225
229|88.7215|88.7215
230|88.7215|88.7215
231|88.7215|88.7215
232|88.7215|88.7215
233|88.7215|88.7215
234|88.7215|88.7215
235|88.7215|88.7215
236|88.7215|88.7215
237|88.7215|88.7215
238|88.7215|88.7215
239|88.7215|88.7215
240|88.7215|88.7215
241|88.7215|88.7215
242|88.7215|88.7215
243|88.7215|88.7215
244|88.7215|88.7215
245|88.7215|88.7215
246|88.7215|88.7215
247|88.7215|88.7215
248|88.7215|88.7215
249|88.7215|88.7215
250|88.7215|88.7215
251|88.7215|88.7215
252|88.7215|88.7215
253|88.7215|88.7215
254|88.7215|88.7215
255|88.7215|88.7215
256|88.7215|88.7215
257|88.7215|88.7215
258|88.7215|88.7215
259|88.7215|88.7215
260|88.7215|88.7215
261|88.7215|88.7215
262|88.7215|88.7215
263|88.7215|88.7215
264|88.7215|88.7215
265|88.7215|88.7215
266|88.7215|88.7215
267|88.7215|88.7215
268|88.7215|88.7215
269|88.7215|88.7215
270|88.7215|88.7215
271|88.7215|88.7215
272|88.7215|88.7215
273|88.7215|88.7215
274|88.7215|88.7215
275|88.7215|88.7215
276|88.7215|88.7215
277|88.7215|88.7215
278|88.7215|88.7215
279|88.7215|88.7215
280|88.7215|88.7215
281|88.7215|88.7215
282|88.7215|88.7215
283|88.7215|88.7215
284|88.7215|88.7215
285|88.7215|88.7215
286|88.7215|88.7215
287|88.7215|88.7215
288|88.7215|88.7215
289|88.7215|88.7215
290|88.7215|88.7215
291|88.7215|88.7215
292|88.7215|88.7215
293|88.7215|88.7215
294|88.7215|88.7215
295|88.7215|88.7215
296|88.7215|88.7215
297|88.7215|88.7215
298|88.7215|88.7215
299|88.7215|88.7215
300|88.7215|88.7215
301|88.7215|88.7215
302|88.7215|88.7215
303|88.7215|88.7215
304|88.7215|88.7215
305|88.7215|88.7215
306|88.7215|88.7215
307|88.7215|88.7215
308|88.7215|88.7215
309|88.7215|88.7215
310|88.7215|88.7215
311|88.7215|88.7215
312|88.7215|88.7215
313|88.7215|88.7215
314|88.7215|88.7215
315|88.7215|88.7215
316|88.7215|88.7215
317|88.7215|88.7215
318|88.7215|88.7215
319|88.7215|88.7215
320|88.7215|88.7215
321|88.7215|88.7215
322|88.7215|88.7215
323|88.7215|88.7215
324|88.7215|88.7215
325|88.7215|88.7215
326|88.7215|88.7215
327|88.7215|88.7215
328|88.7215|88.7215
329|88.7215|88.7215
330|88.7215|88.7215
331|88.7215|88.7215
332|88.7215|88.7215
333|88.7215|88.7215
334|88.7215|88.7215
335|88.7215|88.7215
336|88.7215|88.7215
337|88.7215|88.7215
338|88.7215|88.7215
339|88.7215|88.7215
340|88.7215|88.7215
341|88.7215|88.7215
342|88.7215|88.7215
343|88.7215|88.7215
344|88.7215|88.7215
345|88.7215|88.7215
346|88.7215|88.7215
347|88.7215|88.7215
348|88.7215|88.7215
349|88.7215|88.7215
350|88.7215|88.7215
351|88.7215|88.7215
352|88.7215|88.7215
353|88.7215|88.7215
354|88.7215|88.7215
355|88.7215|88.7215
356|88.7215|88.7215
357|88.7215|88.7215
358|88.7215|88.7215
359|88.7215|88.7215
360|88.7215|88.7215
361|88.7215|88.7215
362|88.7215|88.7215
363|88.7215|88.7215
364|88.7215|88.7215
365|88.7215|88.7215
366|88.7215|88.7215
367|88.7215|88.7215
368|88.7215|88.7215
369|88.7215|88.7215
370|88.7215|88.7215
371|88.7215|88.7215
372|88.7215|88.7215
373|88.7215|88.7215
374|88.7215|88.7215
375|88.7215|88.7215
376|88.7215|88.7215
377|88.7215|88.7215
378|88.7215|88.7215
379|88.7215|88.7215
EARLY STOP: TARGET FOUND
3027831ms
