1|-2.00169|-2.00169
2|-2.02221|-2.02221
3|-2.02477|-2.02477
4|-2.02606|-2.02606
5|-2.0267|-2.0267
6|-2.02702|-2.02702
7|-2.02718|-2.02718
8|-2.02726|-2.02726
9|-2.0273|-2.0273
10|-2.02732|-2.02732
11|-2.12732|-2.12732
12|-2.12758|-2.12758
13|-2.12763|-2.12763
14|-2.12764|-2.12764
15|-2.12764|-2.12764
16|-2.78838|-2.78838
17|-2.78908|-2.78908
18|-2.78914|-2.78914
19|-2.78914|-2.78914
20|-2.78914|-2.78914
21|-3.61753|-3.61753
22|-3.72678|-3.72678
23|-3.7273|-3.7273
24|-3.72747|-3.72747
25|-3.72752|-3.72752
26|-3.72753|-3.72753
27|-3.73281|-3.73281
28|-3.74074|-3.74074
29|-3.74392|-3.74392
30|-3.74481|-3.74481
31|-3.74504|-3.74504
32|-3.7451|-3.7451
33|-3.74513|-3.74513
34|-3.74514|-3.74514
35|-4.03427|-4.03427
36|-4.13465|-4.13465
37|-4.14239|-4.14239
38|-4.14403|-4.14403
39|-4.14422|-4.14422
40|-4.14427|-4.14427
41|-4.21638|-4.21638
42|-4.35907|-4.35907
43|-4.39523|-4.39523
44|-4.39742|-4.39742
45|-4.39851|-4.39851
46|-4.39906|-4.39906
47|-4.39919|-4.39919
48|-4.39926|-4.39926
49|-4.39926|-4.39926
50|-4.39926|-4.39926
51|-4.48244|-4.48244
52|-4.81624|-4.81624
53|-4.88767|-4.88767
54|-4.93598|-4.93598
55|-5.24116|-5.24116
56|-5.24517|-5.24517
57|-5.24715|-5.24715
58|-5.24814|-5.24814
59|-5.24839|-5.24839
60|-5.61821|-5.61821
61|-5.64949|-5.64949
62|-5.77658|-5.77658
63|-5.78755|-5.78755
64|-5.79006|-5.79006
65|-5.79022|-5.79022
66|-5.79029|-5.79029
67|-5.79029|-5.79029
68|-5.79029|-5.79029
69|-5.79029|-5.79029
70|-5.79029|-5.79029
71|-5.79029|-5.79029
72|-5.79029|-5.79029
73|-5.79029|-5.79029
74|-5.79029|-5.79029
75|-5.79029|-5.79029
76|-5.79029|-5.79029
77|-5.79029|-5.79029
78|-5.79029|-5.79029
79|-5.79029|-5.79029
80|-5.79029|-5.79029
81|-5.79029|-5.79029
82|-5.79029|-5.79029
83|-5.79029|-5.79029
84|-5.79029|-5.79029
85|-5.79029|-5.79029
86|-5.79029|-5.79029
87|-5.79029|-5.79029
88|-5.79029|-5.79029
89|-5.79029|-5.79029
90|-5.79029|-5.79029
91|-5.79029|-5.79029
92|-5.79029|-5.79029
93|-5.79029|-5.79029
94|-5.79029|-5.79029
95|-5.79029|-5.79029
96|-5.79029|-5.79029
97|-5.79029|-5.79029
98|-5.79029|-5.79029
99|-5.79029|-5.79029
100|-5.79029|-5.79029
101|-5.79029|-5.79029
102|-5.79029|-5.79029
103|-5.79029|-5.79029
104|-5.79029|-5.79029
105|-5.79029|-5.79029
106|-5.79029|-5.79029
107|-5.79029|-5.79029
108|-5.79029|-5.79029
109|-5.79029|-5.79029
110|-5.79029|-5.79029
111|-5.79029|-5.79029
112|-5.79029|-5.79029
113|-5.79029|-5.79029
114|-5.79029|-5.79029
115|-5.79029|-5.79029
116|-5.79029|-5.79029
117|-5.79029|-5.79029
118|-5.79029|-5.79029
119|-5.79029|-5.79029
120|-5.79029|-5.79029
121|-5.79029|-5.79029
122|-5.79029|-5.79029
123|-5.79029|-5.79029
124|-5.79029|-5.79029
125|-5.79029|-5.79029
126|-5.79029|-5.79029
127|-5.79029|-5.79029
128|-5.79029|-5.79029
129|-5.79029|-5.79029
130|-5.79029|-5.79029
131|-5.79029|-5.79029
132|-5.79029|-5.79029
133|-5.79029|-5.79029
134|-5.79029|-5.79029
135|-5.79029|-5.79029
136|-5.79029|-5.79029
137|-5.79029|-5.79029
138|-5.79029|-5.79029
139|-5.79029|-5.79029
140|-5.79029|-5.79029
141|-5.79029|-5.79029
142|-5.79029|-5.79029
143|-5.79029|-5.79029
144|-5.79029|-5.79029
145|-5.79029|-5.79029
146|-5.79029|-5.79029
147|-5.79029|-5.79029
148|-5.79029|-5.79029
149|-5.79029|-5.79029
150|-5.79029|-5.79029
151|-5.79029|-5.79029
152|-5.79029|-5.79029
153|-5.79029|-5.79029
154|-5.79029|-5.79029
155|-5.79029|-5.79029
156|-5.79029|-5.79029
157|-5.79029|-5.79029
158|-5.79029|-5.79029
159|-5.79029|-5.79029
160|-5.79029|-5.79029
161|-5.79029|-5.79029
162|-5.79029|-5.79029
163|-5.79029|-5.79029
164|-5.79029|-5.79029
165|-5.79029|-5.79029
166|-5.79029|-5.79029
167|-5.79029|-5.79029
168|-5.79029|-5.79029
169|-5.79029|-5.79029
170|-5.79029|-5.79029
171|-5.79029|-5.79029
172|-5.79029|-5.79029
173|-5.79029|-5.79029
174|-5.79029|-5.79029
175|-5.79029|-5.79029
176|-5.79029|-5.79029
177|-5.79029|-5.79029
178|-5.79029|-5.79029
179|-5.79029|-5.79029
180|-5.79029|-5.79029
181|-5.79029|-5.79029
182|-5.79029|-5.79029
183|-5.79029|-5.79029
184|-5.79029|-5.79029
185|-5.79029|-5.79029
186|-5.79029|-5.79029
187|-5.79029|-5.79029
188|-5.79029|-5.79029
189|-5.79029|-5.79029
190|-5.79029|-5.79029
191|-5.79029|-5.79029
192|-5.79029|-5.79029
193|-5.79029|-5.79029
194|-5.79029|-5.79029
195|-5.79029|-5.79029
196|-5.79029|-5.79029
197|-5.79029|-5.79029
198|-5.79029|-5.79029
199|-5.79029|-5.79029
200|-5.79029|-5.79029
201|-5.79029|-5.79029
202|-5.79029|-5.79029
203|-5.79029|-5.79029
204|-5.79029|-5.79029
205|-5.79029|-5.79029
206|-5.79029|-5.79029
207|-5.79029|-5.79029
208|-5.79029|-5.79029
209|-5.79029|-5.79029
210|-5.79029|-5.79029
211|-5.79029|-5.79029
212|-5.79029|-5.79029
213|-5.79029|-5.79029
214|-5.79029|-5.79029
215|-5.79029|-5.79029
216|-5.79029|-5.79029
EARLY STOP: TARGET FOUND
250501ms
