1|199.919|199.919
2|198.898|198.898
3|198.888|198.888
4|198.887|198.887
5|198.887|198.887
6|198.887|198.887
7|179.465|179.465
8|179.465|179.465
9|179.449|179.449
10|179.449|179.449
11|179.449|179.449
12|168.233|168.233
13|167.757|167.757
14|167.323|167.323
15|162.882|162.882
16|162.882|162.882
17|162.877|162.877
18|137.632|137.632
19|136.91|136.91
20|136.781|136.781
21|136.773|136.773
22|136.773|136.773
23|119.939|119.939
24|109.343|109.343
25|107.181|107.181
26|105.996|105.996
27|105.907|105.907
28|101.288|101.288
29|101.288|101.288
30|101.288|101.288
31|101.288|101.288
32|100.665|100.665
33|100.584|100.584
34|100.584|100.584
35|98.77|98.77
36|74.8275|74.8275
37|74.332|74.332
38|74.3062|74.3062
39|74.3057|74.3057
40|74.3057|74.3057
41|53.0482|53.0482
42|53.0482|53.0482
43|50.1205|50.1205
44|49.5011|49.5011
45|49.4435|49.4435
46|49.4295|49.4295
47|49.4263|49.4263
48|49.4256|49.4256
49|49.4254|49.4254
50|49.4254|49.4254
51|45.0217|45.0217
52|43.278|43.278
53|42.5766|42.5766
54|42.2741|42.2741
55|42.1356|42.1356
56|42.1189|42.1189
57|42.1106|42.1106
58|42.1064|42.1064
59|42.1044|42.1044
60|42.1039|42.1039
61|42.1036|42.1036
62|40.9654|40.9654
63|16.0688|16.0688
64|15.8959|15.8959
65|15.8687|15.8687
66|15.868|15.868
67|15.868|15.868
68|15.868|15.868
69|15.868|15.868
70|15.868|15.868
71|15.868|15.868
72|15.868|15.868
73|15.868|15.868
74|15.868|15.868
75|15.868|15.868
76|15.868|15.868
77|15.868|15.868
78|15.868|15.868
79|15.868|15.868
80|15.868|15.868
81|15.868|15.868
82|15.868|15.868
83|15.868|15.868
84|15.868|15.868
85|15.868|15.868
86|15.868|15.868
87|15.868|15.868
88|15.868|15.868
89|15.868|15.868
90|15.868|15.868
91|15.868|15.868
92|15.868|15.868
93|15.868|15.868
94|15.868|15.868
95|15.868|15.868
96|15.868|15.868
97|15.868|15.868
98|15.868|15.868
99|15.868|15.868
100|15.868|15.868
101|15.868|15.868
102|15.868|15.868
103|15.868|15.868
104|15.868|15.868
105|15.868|15.868
106|15.868|15.868
107|15.868|15.868
108|15.868|15.868
109|15.868|15.868
110|15.868|15.868
111|15.868|15.868
112|15.868|15.868
113|15.868|15.868
114|15.868|15.868
115|15.868|15.868
116|15.868|15.868
117|15.868|15.868
118|15.868|15.868
119|15.868|15.868
120|15.868|15.868
121|15.868|15.868
122|15.868|15.868
123|15.868|15.868
124|15.868|15.868
125|15.868|15.868
126|15.868|15.868
127|15.868|15.868
128|15.868|15.868
129|15.868|15.868
130|15.868|15.868
131|15.868|15.868
132|15.868|15.868
133|15.868|15.868
134|15.868|15.868
135|15.868|15.868
136|15.868|15.868
137|15.868|15.868
138|15.868|15.868
139|15.868|15.868
140|15.868|15.868
141|15.868|15.868
142|15.868|15.868
143|15.868|15.868
144|15.868|15.868
145|15.868|15.868
146|15.868|15.868
147|15.868|15.868
148|15.868|15.868
149|15.868|15.868
150|15.868|15.868
151|15.868|15.868
152|15.868|15.868
153|15.868|15.868
154|15.868|15.868
155|15.868|15.868
156|15.868|15.868
157|15.868|15.868
158|15.868|15.868
159|15.868|15.868
160|15.868|15.868
161|15.868|15.868
162|15.868|15.868
163|15.868|15.868
164|15.868|15.868
165|15.868|15.868
166|15.868|15.868
167|15.868|15.868
168|15.868|15.868
169|15.868|15.868
170|15.868|15.868
171|15.868|15.868
172|15.868|15.868
173|15.868|15.868
174|15.868|15.868
175|15.868|15.868
176|15.868|15.868
177|15.868|15.868
178|15.868|15.868
179|15.868|15.868
180|15.868|15.868
181|15.868|15.868
182|15.868|15.868
183|15.868|15.868
184|15.868|15.868
185|15.868|15.868
186|15.868|15.868
187|15.868|15.868
188|15.868|15.868
189|15.868|15.868
190|15.868|15.868
191|15.868|15.868
192|15.868|15.868
193|15.868|15.868
194|15.868|15.868
195|15.868|15.868
196|15.868|15.868
197|15.868|15.868
198|15.868|15.868
199|15.868|15.868
200|15.868|15.868
201|15.868|15.868
202|15.868|15.868
203|15.868|15.868
204|15.868|15.868
205|15.868|15.868
206|15.868|15.868
207|15.868|15.868
208|15.868|15.868
209|15.868|15.868
210|15.868|15.868
211|15.868|15.868
212|15.868|15.868
213|15.868|15.868
214|15.868|15.868
215|15.868|15.868
216|15.868|15.868
217|15.868|15.868
218|15.868|15.868
219|15.868|15.868
220|15.868|15.868
EARLY STOP: TARGET FOUND
263183ms
