1|-0.00645039|-0.00645039
2|-0.00664987|-0.00664987
3|-0.00670736|-0.00670736
4|-0.00671477|-0.00671477
5|-0.0067185|-0.0067185
6|-0.00672037|-0.00672037
7|-0.00672084|-0.00672084
8|-0.00672096|-0.00672096
9|-0.0067312|-0.0067312
10|-0.223863|-0.223863
11|-0.320907|-0.320907
12|-0.342812|-0.342812
13|-0.353063|-0.353063
14|-0.353686|-0.353686
15|-0.353996|-0.353996
16|-0.354151|-0.354151
17|-0.354171|-0.354171
18|-1.00915|-1.00915
19|-1.2791|-1.2791
20|-1.30157|-1.30157
21|-1.30243|-1.30243
22|-1.30284|-1.30284
23|-1.30304|-1.30304
24|-1.30308|-1.30308
25|-1.30311|-1.30311
26|-1.30311|-1.30311
27|-2.04544|-2.04544
28|-2.19954|-2.19954
29|-2.19972|-2.19972
30|-2.1998|-2.1998
31|-2.19981|-2.19981
32|-2.19981|-2.19981
33|-3.09961|-3.09961
34|-3.18014|-3.18014
35|-3.18843|-3.18843
36|-3.18861|-3.18861
37|-3.18861|-3.18861
38|-3.18861|-3.18861
39|-3.18861|-3.18861
40|-3.18861|-3.18861
41|-3.18861|-3.18861
42|-3.18861|-3.18861
43|-3.18861|-3.18861
44|-3.18861|-3.18861
45|-3.18861|-3.18861
46|-3.18861|-3.18861
47|-3.18861|-3.18861
48|-3.18861|-3.18861
49|-3.18861|-3.18861
50|-3.18861|-3.18861
51|-3.18861|-3.18861
52|-3.18861|-3.18861
53|-3.18861|-3.18861
54|-3.18861|-3.18861
55|-3.18861|-3.18861
56|-3.18861|-3.18861
57|-3.18861|-3.18861
58|-3.18861|-3.18861
59|-3.18861|-3.18861
60|-3.18861|-3.18861
61|-3.18861|-3.18861
62|-3.18861|-3.18861
63|-3.18861|-3.18861
64|-3.18861|-3.18861
65|-3.18861|-3.18861
66|-3.18861|-3.18861
67|-3.18861|-3.18861
68|-3.18861|-3.18861
69|-3.18861|-3.18861
70|-3.18861|-3.18861
71|-3.18861|-3.18861
72|-3.18861|-3.18861
73|-3.18861|-3.18861
74|-3.18861|-3.18861
75|-3.18861|-3.18861
76|-3.18861|-3.18861
77|-3.18861|-3.18861
78|-3.18861|-3.18861
79|-3.18861|-3.18861
80|-3.18861|-3.18861
81|-3.18861|-3.18861
82|-3.18861|-3.18861
83|-3.18861|-3.18861
84|-3.18861|-3.18861
85|-3.18861|-3.18861
86|-3.18861|-3.18861
87|-3.18861|-3.18861
88|-3.18861|-3.18861
89|-3.18861|-3.18861
90|-3.18861|-3.18861
91|-3.18861|-3.18861
92|-3.18861|-3.18861
93|-3.18861|-3.18861
94|-3.18861|-3.18861
95|-3.18861|-3.18861
96|-3.18861|-3.18861
97|-3.18861|-3.18861
98|-3.18861|-3.18861
99|-3.18861|-3.18861
100|-3.18861|-3.18861
101|-3.18861|-3.18861
102|-3.18861|-3.18861
103|-3.18861|-3.18861
104|-3.18861|-3.18861
105|-3.18861|-3.18861
106|-3.18861|-3.18861
107|-3.18861|-3.18861
108|-3.18861|-3.18861
109|-3.18861|-3.18861
110|-3.18861|-3.18861
111|-3.18861|-3.18861
112|-3.18861|-3.18861
113|-3.18861|-3.18861
114|-3.18861|-3.18861
115|-3.18861|-3.18861
116|-3.18861|-3.18861
117|-3.18861|-3.18861
118|-3.18861|-3.18861
119|-3.18861|-3.18861
120|-3.18861|-3.18861
121|-3.18861|-3.18861
122|-3.18861|-3.18861
123|-3.18861|-3.18861
124|-3.18861|-3.18861
125|-3.18861|-3.18861
126|-3.18861|-3.18861
127|-3.18861|-3.18861
128|-3.18861|-3.18861
129|-3.18861|-3.18861
130|-3.18861|-3.18861
131|-3.18861|-3.18861
132|-3.18861|-3.18861
133|-3.18861|-3.18861
134|-3.18861|-3.18861
135|-3.18861|-3.18861
136|-3.18861|-3.18861
137|-3.18861|-3.18861
138|-3.18861|-3.18861
139|-3.18861|-3.18861
140|-3.18861|-3.18861
141|-3.18861|-3.18861
142|-3.18861|-3.18861
143|-3.18861|-3.18861
144|-3.18861|-3.18861
145|-3.18861|-3.18861
146|-3.18861|-3.18861
147|-3.18861|-3.18861
148|-3.18861|-3.18861
149|-3.18861|-3.18861
150|-3.18861|-3.18861
151|-3.18861|-3.18861
152|-3.18861|-3.18861
153|-3.18861|-3.18861
154|-3.18861|-3.18861
155|-3.18861|-3.18861
156|-3.18861|-3.18861
157|-3.18861|-3.18861
158|-3.18861|-3.18861
159|-3.18861|-3.18861
160|-3.18861|-3.18861
161|-3.18861|-3.18861
162|-3.18861|-3.18861
163|-3.18861|-3.18861
164|-3.18861|-3.18861
165|-3.18861|-3.18861
166|-3.18861|-3.18861
167|-3.18861|-3.18861
168|-3.18861|-3.18861
169|-3.18861|-3.18861
170|-3.18861|-3.18861
171|-3.18861|-3.18861
172|-3.18861|-3.18861
173|-3.18861|-3.18861
174|-3.18861|-3.18861
175|-3.18861|-3.18861
176|-3.18861|-3.18861
177|-3.18861|-3.18861
178|-3.18861|-3.18861
179|-3.18861|-3.18861
180|-3.18861|-3.18861
181|-3.18861|-3.18861
182|-3.18861|-3.18861
183|-3.18861|-3.18861
184|-3.18861|-3.18861
185|-3.18861|-3.18861
186|-3.18861|-3.18861
EARLY STOP: TARGET FOUND
64211ms
