1|76.4707|76.4707
2|71.509|71.509
3|69.0079|69.0079
4|68.9263|68.9263
5|68.8891|68.8891
6|68.8714|68.8714
7|68.8671|68.8671
8|68.8649|68.8649
9|68.8639|68.8639
10|68.8637|68.8637
11|43.5556|43.5556
12|42.2637|42.2637
13|41.1712|41.1712
14|40.4755|40.4755
15|40.4457|40.4457
16|40.4398|40.4398
17|40.4371|40.4371
18|40.4358|40.4358
19|40.4351|40.4351
20|40.4348|40.4348
21|40.4348|40.4348
22|37.1861|37.1861
23|37.0903|37.0903
24|37.0676|37.0676
25|37.06|37.06
26|37.0571|37.0571
27|37.057|37.057
28|37.0569|37.0569
29|37.0569|37.0569
30|32.5468|32.5468
31|31.8619|31.8619
32|31.7965|31.7965
33|31.796|31.796
34|31.796|31.796
35|31.796|31.796
36|26.4761|26.4761
37|10.6043|10.6043
38|10.2195|10.2195
39|10.2164|10.2164
40|10.2158|10.2158
41|10.2157|10.2157
42|10.2157|10.2157
43|10.2157|10.2157
44|10.2157|10.2157
45|10.2157|10.2157
46|10.2157|10.2157
47|10.2157|10.2157
48|10.2157|10.2157
49|10.2157|10.2157
50|10.2157|10.2157
51|10.2157|10.2157
52|10.2157|10.2157
53|10.2157|10.2157
54|10.2157|10.2157
55|10.2157|10.2157
56|10.2157|10.2157
57|10.2157|10.2157
58|10.2157|10.2157
59|10.2157|10.2157
60|10.2157|10.2157
61|10.2157|10.2157
62|10.2157|10.2157
63|10.2157|10.2157
64|10.2157|10.2157
65|10.2157|10.2157
66|10.2157|10.2157
67|10.2157|10.2157
68|10.2157|10.2157
69|10.2157|10.2157
70|10.2157|10.2157
71|10.2157|10.2157
72|10.2157|10.2157
73|10.2157|10.2157
74|10.2157|10.2157
75|10.2157|10.2157
76|10.2157|10.2157
77|10.2157|10.2157
78|10.2157|10.2157
79|10.2157|10.2157
80|10.2157|10.2157
81|10.2157|10.2157
82|10.2157|10.2157
83|10.2157|10.2157
84|10.2157|10.2157
85|10.2157|10.2157
86|10.2157|10.2157
87|10.2157|10.2157
88|10.2157|10.2157
89|10.2157|10.2157
90|10.2157|10.2157
91|10.2157|10.2157
92|10.2157|10.2157
93|10.2157|10.2157
94|10.2157|10.2157
95|10.2157|10.2157
96|10.2157|10.2157
97|10.2157|10.2157
98|10.2157|10.2157
99|10.2157|10.2157
100|10.2157|10.2157
101|10.2157|10.2157
102|10.2157|10.2157
103|10.2157|10.2157
104|10.2157|10.2157
105|10.2157|10.2157
106|10.2157|10.2157
107|10.2157|10.2157
108|10.2157|10.2157
109|10.2157|10.2157
110|10.2157|10.2157
111|10.2157|10.2157
112|10.2157|10.2157
113|10.2157|10.2157
114|10.2157|10.2157
115|10.2157|10.2157
116|10.2157|10.2157
117|10.2157|10.2157
118|10.2157|10.2157
119|10.2157|10.2157
120|10.2157|10.2157
121|10.2157|10.2157
122|10.2157|10.2157
123|10.2157|10.2157
124|10.2157|10.2157
125|10.2157|10.2157
126|10.2157|10.2157
127|10.2157|10.2157
128|10.2157|10.2157
129|10.2157|10.2157
130|10.2157|10.2157
131|10.2157|10.2157
132|10.2157|10.2157
133|10.2157|10.2157
134|10.2157|10.2157
135|10.2157|10.2157
136|10.2157|10.2157
137|10.2157|10.2157
138|10.2157|10.2157
139|10.2157|10.2157
140|10.2157|10.2157
141|10.2157|10.2157
142|10.2157|10.2157
143|10.2157|10.2157
144|10.2157|10.2157
145|10.2157|10.2157
146|10.2157|10.2157
147|10.2157|10.2157
148|10.2157|10.2157
149|10.2157|10.2157
150|10.2157|10.2157
151|10.2157|10.2157
152|10.2157|10.2157
153|10.2157|10.2157
154|10.2157|10.2157
155|10.2157|10.2157
156|10.2157|10.2157
157|10.2157|10.2157
158|10.2157|10.2157
159|10.2157|10.2157
160|10.2157|10.2157
161|10.2157|10.2157
162|10.2157|10.2157
163|10.2157|10.2157
164|10.2157|10.2157
165|10.2157|10.2157
166|10.2157|10.2157
167|10.2157|10.2157
168|10.2157|10.2157
169|10.2157|10.2157
170|10.2157|10.2157
171|10.2157|10.2157
172|10.2157|10.2157
173|10.2157|10.2157
174|10.2157|10.2157
175|10.2157|10.2157
176|10.2157|10.2157
177|10.2157|10.2157
178|10.2157|10.2157
179|10.2157|10.2157
180|10.2157|10.2157
181|10.2157|10.2157
182|10.2157|10.2157
183|10.2157|10.2157
184|10.2157|10.2157
185|10.2157|10.2157
186|10.2157|10.2157
187|10.2157|10.2157
188|10.2157|10.2157
189|10.2157|10.2157
190|10.2157|10.2157
191|10.2157|10.2157
EARLY STOP: TARGET FOUND
65959ms
