1|-209.18|-209.18
2|-228.756|-228.756
3|-237.224|-237.224
4|-237.286|-237.286
5|-237.318|-237.318
6|-237.326|-237.326
7|-237.329|-237.329
8|-237.331|-237.331
9|-237.332|-237.332
10|-237.333|-237.333
11|-237.333|-237.333
12|-395.773|-395.773
13|-436.757|-436.757
14|-456.286|-456.286
15|-469.764|-469.764
16|-505.749|-505.749
17|-514.575|-514.575
18|-518.958|-518.958
19|-521.142|-521.142
20|-522.232|-522.232
21|-522.777|-522.777
22|-522.81|-522.81
23|-522.828|-522.828
24|-522.836|-522.836
25|-522.839|-522.839
26|-752.676|-752.676
27|-867.072|-867.072
28|-927.515|-927.515
29|-964.162|-964.162
30|-1014.03|-1014.03
31|-1022.82|-1022.82
32|-1025|-1025
33|-1026.09|-1026.09
34|-1026.36|-1026.36
35|-1026.4|-1026.4
36|-1026.41|-1026.41
37|-1026.41|-1026.41
38|-1031.11|-1031.11
39|-1031.69|-1031.69
40|-1031.88|-1031.88
41|-1031.96|-1031.96
42|-1031.99|-1031.99
43|-1032|-1032
44|-1032.01|-1032.01
45|-1032.01|-1032.01
46|-1032.01|-1032.01
47|-1138.36|-1138.36
48|-1224.94|-1224.94
49|-1267.84|-1267.84
50|-1289.05|-1289.05
51|-1291.68|-1291.68
52|-1292.34|-1292.34
53|-1292.42|-1292.42
54|-1292.47|-1292.47
55|-1292.49|-1292.49
56|-1292.5|-1292.5
57|-1292.5|-1292.5
58|-1292.5|-1292.5
59|-1292.51|-1292.51
60|-1606.97|-1606.97
61|-1807.79|-1807.79
62|-1872.97|-1872.97
63|-1957.98|-1957.98
64|-1958.38|-1958.38
65|-1960.11|-1960.11
66|-1960.11|-1960.11
67|-1960.11|-1960.11
68|-2054.57|-2054.57
69|-2117.15|-2117.15
70|-2127.46|-2127.46
71|-2180.12|-2180.12
72|-2188.87|-2188.87
73|-2189.42|-2189.42
74|-2189.55|-2189.55
75|-2189.59|-2189.59
76|-2189.6|-2189.6
77|-2189.6|-2189.6
78|-2192.23|-2192.23
79|-2192.56|-2192.56
80|-2192.57|-2192.57
81|-2192.57|-2192.57
82|-2338.48|-2338.48
83|-2388.05|-2388.05
84|-2390.78|-2390.78
85|-2390.93|-2390.93
86|-2390.96|-2390.96
87|-2390.98|-2390.98
88|-2390.99|-2390.99
89|-2390.99|-2390.99
90|-2390.99|-2390.99
91|-2390.99|-2390.99
92|-2439.6|-2439.6
93|-2462.02|-2462.02
94|-2497.7|-2497.7
95|-2502.08|-2502.08
96|-2504.26|-2504.26
97|-2504.53|-2504.53
98|-2504.57|-2504.57
99|-2504.57|-2504.57
100|-2504.57|-2504.57
101|-2504.57|-2504.57
102|-2504.57|-2504.57
103|-2504.57|-2504.57
104|-2504.57|-2504.57
105|-2504.57|-2504.57
106|-2504.57|-2504.57
107|-2504.57|-2504.57
108|-2504.57|-2504.57
109|-2504.57|-2504.57
110|-2504.57|-2504.57
111|-2504.57|-2504.57
112|-2504.57|-2504.57
113|-2504.57|-2504.57
114|-2504.57|-2504.57
115|-2504.57|-2504.57
116|-2504.57|-2504.57
117|-2504.57|-2504.57
118|-2504.57|-2504.57
119|-2504.57|-2504.57
120|-2504.57|-2504.57
121|-2504.57|-2504.57
122|-2504.57|-2504.57
123|-2504.57|-2504.57
124|-2504.57|-2504.57
125|-2504.57|-2504.57
126|-2504.57|-2504.57
127|-2504.57|-2504.57
128|-2504.57|-2504.57
129|-2504.57|-2504.57
130|-2504.57|-2504.57
131|-2504.57|-2504.57
132|-2504.57|-2504.57
133|-2504.57|-2504.57
134|-2504.57|-2504.57
135|-2504.57|-2504.57
136|-2504.57|-2504.57
137|-2504.57|-2504.57
138|-2504.57|-2504.57
139|-2504.57|-2504.57
140|-2504.57|-2504.57
141|-2504.57|-2504.57
142|-2504.57|-2504.57
143|-2504.57|-2504.57
144|-2504.57|-2504.57
145|-2504.57|-2504.57
146|-2504.57|-2504.57
147|-2504.57|-2504.57
148|-2504.57|-2504.57
149|-2504.57|-2504.57
150|-2504.57|-2504.57
151|-2504.57|-2504.57
152|-2504.57|-2504.57
153|-2504.57|-2504.57
154|-2504.57|-2504.57
155|-2504.57|-2504.57
156|-2504.57|-2504.57
157|-2504.57|-2504.57
158|-2504.57|-2504.57
159|-2504.57|-2504.57
160|-2504.57|-2504.57
161|-2504.57|-2504.57
162|-2504.57|-2504.57
163|-2504.57|-2504.57
164|-2504.57|-2504.57
165|-2504.57|-2504.57
166|-2504.57|-2504.57
167|-2504.57|-2504.57
168|-2504.57|-2504.57
169|-2504.57|-2504.57
170|-2504.57|-2504.57
171|-2504.57|-2504.57
172|-2504.57|-2504.57
173|-2504.57|-2504.57
174|-2504.57|-2504.57
175|-2504.57|-2504.57
176|-2504.57|-2504.57
177|-2504.57|-2504.57
178|-2504.57|-2504.57
179|-2504.57|-2504.57
180|-2504.57|-2504.57
181|-2504.57|-2504.57
182|-2504.57|-2504.57
183|-2504.57|-2504.57
184|-2504.57|-2504.57
185|-2504.57|-2504.57
186|-2504.57|-2504.57
187|-2504.57|-2504.57
188|-2504.57|-2504.57
189|-2504.57|-2504.57
190|-2504.57|-2504.57
191|-2504.57|-2504.57
192|-2504.57|-2504.57
193|-2504.57|-2504.57
194|-2504.57|-2504.57
195|-2504.57|-2504.57
196|-2504.57|-2504.57
197|-2504.57|-2504.57
198|-2504.57|-2504.57
199|-2504.57|-2504.57
200|-2504.57|-2504.57
201|-2504.57|-2504.57
202|-2504.57|-2504.57
203|-2504.57|-2504.57
204|-2504.57|-2504.57
205|-2504.57|-2504.57
206|-2504.57|-2504.57
207|-2504.57|-2504.57
208|-2504.57|-2504.57
209|-2504.57|-2504.57
210|-2504.57|-2504.57
211|-2504.57|-2504.57
212|-2504.57|-2504.57
213|-2504.57|-2504.57
214|-2504.57|-2504.57
215|-2504.57|-2504.57
216|-2504.57|-2504.57
217|-2504.57|-2504.57
218|-2504.57|-2504.57
219|-2504.57|-2504.57
220|-2504.57|-2504.57
221|-2504.57|-2504.57
222|-2504.57|-2504.57
223|-2504.57|-2504.57
224|-2504.57|-2504.57
225|-2504.57|-2504.57
226|-2504.57|-2504.57
227|-2504.57|-2504.57
228|-2504.57|-2504.57
229|-2504.57|-2504.57
230|-2504.57|-2504.57
231|-2504.57|-2504.57
232|-2504.57|-2504.57
233|-2504.57|-2504.57
234|-2504.57|-2504.57
235|-2504.57|-2504.57
236|-2504.57|-2504.57
237|-2504.57|-2504.57
238|-2504.57|-2504.57
239|-2504.57|-2504.57
240|-2504.57|-2504.57
241|-2504.57|-2504.57
242|-2504.57|-2504.57
243|-2504.57|-2504.57
244|-2504.57|-2504.57
245|-2504.57|-2504.57
246|-2504.57|-2504.57
247|-2504.57|-2504.57
248|-2504.57|-2504.57
249|-2504.57|-2504.57
250|-2504.57|-2504.57
251|-2504.57|-2504.57
EARLY STOP: TARGET FOUND
393826ms
