1|-239.629|-239.629
2|-241.178|-241.178
3|-241.591|-241.591
4|-241.656|-241.656
5|-241.663|-241.663
6|-241.664|-241.664
7|-241.664|-241.664
8|-313.541|-313.541
9|-313.541|-313.541
10|-356.289|-356.289
11|-356.289|-356.289
12|-364.594|-364.594
13|-364.681|-364.681
14|-364.684|-364.684
15|-364.685|-364.685
16|-364.686|-364.686
17|-364.686|-364.686
18|-364.686|-364.686
19|-492.292|-492.292
20|-492.292|-492.292
21|-729.968|-729.968
22|-766.237|-766.237
23|-783.993|-783.993
24|-792.756|-792.756
25|-793.846|-793.846
26|-793.982|-793.982
27|-794.05|-794.05
28|-794.084|-794.084
29|-794.092|-794.092
30|-794.094|-794.094
31|-794.095|-794.095
32|-919.107|-919.107
33|-919.108|-919.108
34|-951.36|-951.36
35|-1151.43|-1151.43
36|-1312.31|-1312.31
37|-1346.59|-1346.59
38|-1359.52|-1359.52
39|-1362.05|-1362.05
40|-1362.09|-1362.09
41|-1362.1|-1362.1
42|-1362.1|-1362.1
43|-1362.97|-1362.97
44|-1363.04|-1363.04
45|-1363.04|-1363.04
46|-1363.04|-1363.04
47|-1363.04|-1363.04
48|-1557.52|-1557.52
49|-1573.32|-1573.32
50|-1595.73|-1595.73
51|-1596.29|-1596.29
52|-1596.29|-1596.29
53|-1596.29|-1596.29
54|-1645.4|-1645.4
55|-1645.4|-1645.4
56|-1904.96|-1904.96
57|-1995.02|-1995.02
58|-2066.92|-2066.92
59|-2071|-2071
60|-2071.42|-2071.42
61|-2071.48|-2071.48
62|-2071.49|-2071.49
63|-2071.49|-2071.49
64|-2071.49|-2071.49
65|-2071.5|-2071.5
66|-2116|-2116
67|-2116|-2116
68|-2358.27|-2358.27
69|-2469.16|-2469.16
70|-2530.18|-2530.18
71|-2535.69|-2535.69
72|-2537.01|-2537.01
73|-2537.19|-2537.19
74|-2537.26|-2537.26
75|-2537.26|-2537.26
76|-2537.27|-2537.27
77|-2537.27|-2537.27
78|-2665.7|-2665.7
79|-2774.6|-2774.6
80|-2775.29|-2775.29
81|-2775.36|-2775.36
82|-2775.36|-2775.36
83|-2775.36|-2775.36
84|-2775.36|-2775.36
85|-3090.44|-3090.44
86|-3291.26|-3291.26
87|-3356.51|-3356.51
88|-3441.07|-3441.07
89|-3441.6|-3441.6
90|-3443.27|-3443.27
91|-3443.27|-3443.27
92|-3443.27|-3443.27
93|-3443.27|-3443.27
94|-3811.7|-3811.7
95|-4009.3|-4009.3
96|-4081.29|-4081.29
97|-4081.29|-4081.29
98|-4132.02|-4132.02
99|-4135.4|-4135.4
100|-4135.41|-4135.41
101|-4135.41|-4135.41
102|-4135.41|-4135.41
103|-4189.74|-4189.74
104|-4319.33|-4319.33
105|-4352.62|-4352.62
106|-4358.71|-4358.71
107|-4361.4|-4361.4
108|-4361.4|-4361.4
109|-4362.66|-4362.66
110|-4362.74|-4362.74
111|-4362.74|-4362.74
112|-4493.95|-4493.95
113|-4562.35|-4562.35
114|-4562.66|-4562.66
115|-4562.73|-4562.73
116|-4562.74|-4562.74
117|-4562.74|-4562.74
118|-4666.33|-4666.33
119|-4806.22|-4806.22
120|-5277.04|-5277.04
121|-5281.46|-5281.46
122|-5281.96|-5281.96
123|-5281.96|-5281.96
124|-5282.12|-5282.12
125|-5282.16|-5282.16
126|-5282.16|-5282.16
127|-5282.16|-5282.16
128|-5391.75|-5391.75
129|-5509.22|-5509.22
130|-5514.33|-5514.33
131|-5515.1|-5515.1
132|-5515.46|-5515.46
133|-5515.64|-5515.64
134|-5515.66|-5515.66
135|-5515.67|-5515.67
136|-5515.67|-5515.67
137|-5515.67|-5515.67
138|-5515.67|-5515.67
139|-5638.89|-5638.89
140|-5681.6|-5681.6
141|-5692.16|-5692.16
142|-5692.33|-5692.33
143|-5692.34|-5692.34
144|-5863.04|-5863.04
145|-6058.41|-6058.41
146|-6073.71|-6073.71
147|-6096.38|-6096.38
148|-6096.9|-6096.9
149|-6194.46|-6194.46
150|-6194.98|-6194.98
151|-6195.14|-6195.14
152|-6195.17|-6195.17
153|-6195.19|-6195.19
154|-6195.19|-6195.19
155|-6195.19|-6195.19
156|-6319.36|-6319.36
157|-6319.36|-6319.36
158|-6349.4|-6349.4
159|-6349.4|-6349.4
160|-6542.48|-6542.48
161|-6711.58|-6711.58
162|-6741.37|-6741.37
163|-6756.62|-6756.62
164|-6758.57|-6758.57
165|-6869.41|-6869.41
166|-6869.42|-6869.42
167|-6869.42|-6869.42
168|-7001.86|-7001.86
169|-7100.95|-7100.95
170|-7121.92|-7121.92
171|-7131.11|-7131.11
172|-7135.38|-7135.38
173|-7137.42|-7137.42
174|-7137.93|-7137.93
175|-7137.99|-7137.99
176|-7138.02|-7138.02
177|-7138.04|-7138.04
178|-7138.04|-7138.04
179|-7138.05|-7138.05
180|-7269.26|-7269.26
181|-7269.26|-7269.26
182|-7341.01|-7341.01
183|-7343.61|-7343.61
184|-7343.92|-7343.92
185|-7343.94|-7343.94
186|-7343.95|-7343.95
187|-7343.95|-7343.95
188|-7343.95|-7343.95
189|-7343.95|-7343.95
190|-7349.23|-7349.23
191|-7351.87|-7351.87
192|-7352.53|-7352.53
193|-7352.86|-7352.86
194|-7352.94|-7352.94
195|-7352.94|-7352.94
196|-7439.77|-7439.77
197|-7525.56|-7525.56
198|-7530.83|-7530.83
199|-7531.16|-7531.16
200|-7531.33|-7531.33
201|-7531.41|-7531.41
202|-7531.45|-7531.45
203|-7531.46|-7531.46
204|-7531.46|-7531.46
205|-7575.41|-7575.41
206|-7704.15|-7704.15
207|-7704.15|-7704.15
208|-7724.67|-7724.67
209|-7830|-7830
210|-7830.09|-7830.09
211|-7830.17|-7830.17
212|-7830.17|-7830.17
213|-7884.41|-7884.41
214|-7974.68|-7974.68
215|-7975.97|-7975.97
216|-7976.14|-7976.14
217|-7976.17|-7976.17
218|-7976.18|-7976.18
219|-7976.19|-7976.19
220|-7976.19|-7976.19
221|-7976.19|-7976.19
222|-8381.49|-8381.49
223|-8571.1|-8571.1
224|-8649.29|-8649.29
225|-8683.03|-8683.03
226|-8683.14|-8683.14
227|-8849.53|-8849.53
228|-8870.54|-8870.54
229|-8990.92|-8990.92
230|-9097.03|-9097.03
231|-9158.38|-9158.38
232|-9165.28|-9165.28
233|-9165.3|-9165.3
234|-9165.3|-9165.3
235|-9634.49|-9634.49
236|-9764.15|-9764.15
237|-9872.49|-9872.49
238|-9872.82|-9872.82
239|-9872.96|-9872.96
240|-9872.96|-9872.96
241|-9874.62|-9874.62
242|-9875.35|-9875.35
243|-9875.53|-9875.53
244|-9875.54|-9875.54
245|-9875.54|-9875.54
246|-9875.55|-9875.55
247|-9875.55|-9875.55
248|-9875.55|-9875.55
249|-9875.55|-9875.55
250|-9875.55|-9875.55
251|-9875.55|-9875.55
252|-9875.55|-9875.55
253|-9875.55|-9875.55
254|-9875.55|-9875.55
255|-9875.55|-9875.55
256|-9875.55|-9875.55
257|-9875.55|-9875.55
258|-9875.55|-9875.55
259|-9875.55|-9875.55
260|-9875.55|-9875.55
261|-9875.55|-9875.55
262|-9875.55|-9875.55
263|-9875.55|-9875.55
264|-9875.55|-9875.55
265|-9875.55|-9875.55
266|-9875.55|-9875.55
267|-9875.55|-9875.55
268|-9875.55|-9875.55
269|-9875.55|-9875.55
270|-9875.55|-9875.55
271|-9875.55|-9875.55
272|-9875.55|-9875.55
273|-9875.55|-9875.55
274|-9875.55|-9875.55
275|-9875.55|-9875.55
276|-9875.55|-9875.55
277|-9875.55|-9875.55
278|-9875.55|-9875.55
279|-9875.55|-9875.55
280|-9875.55|-9875.55
281|-9875.55|-9875.55
282|-9875.55|-9875.55
283|-9875.55|-9875.55
284|-9875.55|-9875.55
285|-9875.55|-9875.55
286|-9875.55|-9875.55
287|-9875.55|-9875.55
288|-9875.55|-9875.55
289|-9875.55|-9875.55
290|-9875.55|-9875.55
291|-9875.55|-9875.55
292|-9875.55|-9875.55
293|-9875.55|-9875.55
294|-9875.55|-9875.55
295|-9875.55|-9875.55
296|-9875.55|-9875.55
297|-9875.55|-9875.55
298|-9875.55|-9875.55
299|-9875.55|-9875.55
300|-9875.55|-9875.55
301|-9875.55|-9875.55
302|-9875.55|-9875.55
303|-9875.55|-9875.55
304|-9875.55|-9875.55
305|-9875.55|-9875.55
306|-9875.55|-9875.55
307|-9875.55|-9875.55
308|-9875.55|-9875.55
309|-9875.55|-9875.55
310|-9875.55|-9875.55
311|-9875.55|-9875.55
312|-9875.55|-9875.55
313|-9875.55|-9875.55
314|-9875.55|-9875.55
315|-9875.55|-9875.55
316|-9875.55|-9875.55
317|-9875.55|-9875.55
318|-9875.55|-9875.55
319|-9875.55|-9875.55
320|-9875.55|-9875.55
321|-9875.55|-9875.55
322|-9875.55|-9875.55
323|-9875.55|-9875.55
324|-9875.55|-9875.55
325|-9875.55|-9875.55
326|-9875.55|-9875.55
327|-9875.55|-9875.55
328|-9875.55|-9875.55
329|-9875.55|-9875.55
330|-9875.55|-9875.55
331|-9875.55|-9875.55
332|-9875.55|-9875.55
333|-9875.55|-9875.55
334|-9875.55|-9875.55
335|-9875.55|-9875.55
336|-9875.55|-9875.55
337|-9875.55|-9875.55
338|-9875.55|-9875.55
339|-9875.55|-9875.55
340|-9875.55|-9875.55
341|-9875.55|-9875.55
342|-9875.55|-9875.55
343|-9875.55|-9875.55
344|-9875.55|-9875.55
345|-9875.55|-9875.55
346|-9875.55|-9875.55
347|-9875.55|-9875.55
348|-9875.55|-9875.55
349|-9875.55|-9875.55
350|-9875.55|-9875.55
351|-9875.55|-9875.55
352|-9875.55|-9875.55
353|-9875.55|-9875.55
354|-9875.55|-9875.55
355|-9875.55|-9875.55
356|-9875.55|-9875.55
357|-9875.55|-9875.55
358|-9875.55|-9875.55
359|-9875.55|-9875.55
360|-9875.55|-9875.55
361|-9875.55|-9875.55
362|-9875.55|-9875.55
363|-9875.55|-9875.55
364|-9875.55|-9875.55
365|-9875.55|-9875.55
366|-9875.55|-9875.55
367|-9875.55|-9875.55
368|-9875.55|-9875.55
369|-9875.55|-9875.55
370|-9875.55|-9875.55
371|-9875.55|-9875.55
372|-9875.55|-9875.55
373|-9875.55|-9875.55
374|-9875.55|-9875.55
375|-9875.55|-9875.55
376|-9875.55|-9875.55
377|-9875.55|-9875.55
378|-9875.55|-9875.55
379|-9875.55|-9875.55
380|-9875.55|-9875.55
381|-9875.55|-9875.55
382|-9875.55|-9875.55
383|-9875.55|-9875.55
384|-9875.55|-9875.55
385|-9875.55|-9875.55
386|-9875.55|-9875.55
387|-9875.55|-9875.55
388|-9875.55|-9875.55
389|-9875.55|-9875.55
390|-9875.55|-9875.55
391|-9875.55|-9875.55
392|-9875.55|-9875.55
393|-9875.55|-9875.55
394|-9875.55|-9875.55
395|-9875.55|-9875.55
396|-9875.55|-9875.55
EARLY STOP: TARGET FOUND
4399135ms
