1|-0.000252173|-0.000252173
2|-0.000710588|-0.000710588
3|-0.000911092|-0.000911092
4|-0.000968865|-0.000968865
5|-0.000976321|-0.000976321
6|-0.000977257|-0.000977257
7|-0.105581|-0.105581
8|-0.287261|-0.287261
9|-0.333053|-0.333053
10|-0.343496|-0.343496
11|-0.346026|-0.346026
12|-0.347279|-0.347279
13|-0.347902|-0.347902
14|-0.348213|-0.348213
15|-0.348368|-0.348368
16|-0.348407|-0.348407
17|-0.348426|-0.348426
18|-1.14311|-1.14311
19|-1.14377|-1.14377
20|-1.14404|-1.14404
21|-1.14416|-1.14416
22|-1.14421|-1.14421
23|-1.14424|-1.14424
24|-1.14425|-1.14425
25|-1.5238|-1.5238
26|-1.58722|-1.58722
27|-1.59489|-1.59489
28|-1.59537|-1.59537
29|-1.59543|-1.59543
30|-1.60747|-1.60747
31|-2.41378|-2.41378
32|-2.4157|-2.4157
33|-2.4157|-2.4157
34|-2.4157|-2.4157
35|-2.4157|-2.4157
36|-2.4157|-2.4157
37|-2.4157|-2.4157
38|-2.4157|-2.4157
39|-2.4157|-2.4157
40|-2.4157|-2.4157
41|-2.4157|-2.4157
42|-2.4157|-2.4157
43|-2.4157|-2.4157
44|-2.4157|-2.4157
45|-2.4157|-2.4157
46|-2.4157|-2.4157
47|-2.4157|-2.4157
48|-2.4157|-2.4157
49|-2.4157|-2.4157
50|-2.4157|-2.4157
51|-2.4157|-2.4157
52|-2.4157|-2.4157
53|-2.4157|-2.4157
54|-2.4157|-2.4157
55|-2.4157|-2.4157
56|-2.4157|-2.4157
57|-2.4157|-2.4157
58|-2.4157|-2.4157
59|-2.4157|-2.4157
60|-2.4157|-2.4157
61|-2.4157|-2.4157
62|-2.4157|-2.4157
63|-2.4157|-2.4157
64|-2.4157|-2.4157
65|-2.4157|-2.4157
66|-2.4157|-2.4157
67|-2.4157|-2.4157
68|-2.4157|-2.4157
69|-2.4157|-2.4157
70|-2.4157|-2.4157
71|-2.4157|-2.4157
72|-2.4157|-2.4157
73|-2.4157|-2.4157
74|-2.4157|-2.4157
75|-2.4157|-2.4157
76|-2.4157|-2.4157
77|-2.4157|-2.4157
78|-2.4157|-2.4157
79|-2.4157|-2.4157
80|-2.4157|-2.4157
81|-2.4157|-2.4157
82|-2.4157|-2.4157
83|-2.4157|-2.4157
84|-2.4157|-2.4157
85|-2.4157|-2.4157
86|-2.4157|-2.4157
87|-2.4157|-2.4157
88|-2.4157|-2.4157
89|-2.4157|-2.4157
90|-2.4157|-2.4157
91|-2.4157|-2.4157
92|-2.4157|-2.4157
93|-2.4157|-2.4157
94|-2.4157|-2.4157
95|-2.4157|-2.4157
96|-2.4157|-2.4157
97|-2.4157|-2.4157
98|-2.4157|-2.4157
99|-2.4157|-2.4157
100|-2.4157|-2.4157
101|-2.4157|-2.4157
102|-2.4157|-2.4157
103|-2.4157|-2.4157
104|-2.4157|-2.4157
105|-2.4157|-2.4157
106|-2.4157|-2.4157
107|-2.4157|-2.4157
108|-2.4157|-2.4157
109|-2.4157|-2.4157
110|-2.4157|-2.4157
111|-2.4157|-2.4157
112|-2.4157|-2.4157
113|-2.4157|-2.4157
114|-2.4157|-2.4157
115|-2.4157|-2.4157
116|-2.4157|-2.4157
117|-2.4157|-2.4157
118|-2.4157|-2.4157
119|-2.4157|-2.4157
120|-2.4157|-2.4157
121|-2.4157|-2.4157
122|-2.4157|-2.4157
123|-2.4157|-2.4157
124|-2.4157|-2.4157
125|-2.4157|-2.4157
126|-2.4157|-2.4157
127|-2.4157|-2.4157
128|-2.4157|-2.4157
129|-2.4157|-2.4157
130|-2.4157|-2.4157
131|-2.4157|-2.4157
132|-2.4157|-2.4157
133|-2.4157|-2.4157
134|-2.4157|-2.4157
135|-2.4157|-2.4157
136|-2.4157|-2.4157
137|-2.4157|-2.4157
138|-2.4157|-2.4157
139|-2.4157|-2.4157
140|-2.4157|-2.4157
141|-2.4157|-2.4157
142|-2.4157|-2.4157
143|-2.4157|-2.4157
144|-2.4157|-2.4157
145|-2.4157|-2.4157
146|-2.4157|-2.4157
147|-2.4157|-2.4157
148|-2.4157|-2.4157
149|-2.4157|-2.4157
150|-2.4157|-2.4157
151|-2.4157|-2.4157
152|-2.4157|-2.4157
153|-2.4157|-2.4157
154|-2.4157|-2.4157
155|-2.4157|-2.4157
156|-2.4157|-2.4157
157|-2.4157|-2.4157
158|-2.4157|-2.4157
159|-2.4157|-2.4157
160|-2.4157|-2.4157
161|-2.4157|-2.4157
162|-2.4157|-2.4157
163|-2.4157|-2.4157
164|-2.4157|-2.4157
165|-2.4157|-2.4157
166|-2.4157|-2.4157
167|-2.4157|-2.4157
168|-2.4157|-2.4157
169|-2.4157|-2.4157
170|-2.4157|-2.4157
171|-2.4157|-2.4157
172|-2.4157|-2.4157
173|-2.4157|-2.4157
174|-2.4157|-2.4157
175|-2.4157|-2.4157
176|-2.4157|-2.4157
177|-2.4157|-2.4157
178|-2.4157|-2.4157
179|-2.4157|-2.4157
180|-2.4157|-2.4157
181|-2.4157|-2.4157
182|-2.4157|-2.4157
EARLY STOP: TARGET FOUND
62888ms
