1|-678.63|-678.63
2|-683.799|-683.799
3|-684.94|-684.94
4|-685.015|-685.015
5|-685.047|-685.047
6|-685.062|-685.062
7|-685.062|-685.062
8|-685.062|-685.062
9|-685.062|-685.062
10|-685.062|-685.062
11|-1010.31|-1010.31
12|-1211.19|-1211.19
13|-1277.57|-1277.57
14|-1354.59|-1354.59
15|-1354.59|-1354.59
16|-1357.21|-1357.21
17|-1357.83|-1357.83
18|-1358|-1358
19|-1358.05|-1358.05
20|-1358.05|-1358.05
21|-1358.05|-1358.05
22|-1383.71|-1383.71
23|-1401.08|-1401.08
24|-1402.5|-1402.5
25|-1402.5|-1402.5
26|-1402.51|-1402.51
27|-1402.53|-1402.53
28|-1402.53|-1402.53
29|-1402.53|-1402.53
30|-1402.53|-1402.53
31|-1509.14|-1509.14
32|-1529.64|-1529.64
33|-1538.58|-1538.58
34|-1542.72|-1542.72
35|-1542.97|-1542.97
36|-1543.1|-1543.1
37|-1543.11|-1543.11
38|-1543.12|-1543.12
39|-1543.12|-1543.12
40|-1543.12|-1543.12
41|-1543.12|-1543.12
42|-1543.12|-1543.12
43|-1658.13|-1658.13
44|-1773.17|-1773.17
45|-1780.03|-1780.03
46|-1780.05|-1780.05
47|-1780.06|-1780.06
48|-1785.51|-1785.51
49|-1930.29|-1930.29
50|-1981.18|-1981.18
51|-2054.6|-2054.6
52|-2057.32|-2057.32
53|-2058.59|-2058.59
54|-2058.9|-2058.9
55|-2058.91|-2058.91
56|-2058.91|-2058.91
57|-2058.91|-2058.91
58|-2058.91|-2058.91
59|-2058.91|-2058.91
60|-2058.91|-2058.91
61|-2103.67|-2103.67
62|-2170.14|-2170.14
63|-2246.62|-2246.62
64|-2249.39|-2249.39
65|-2249.94|-2249.94
66|-2250.15|-2250.15
67|-2250.19|-2250.19
68|-2250.19|-2250.19
69|-2353.75|-2353.75
70|-2618.01|-2618.01
71|-2653.64|-2653.64
72|-2658.01|-2658.01
73|-2658.55|-2658.55
74|-2658.83|-2658.83
75|-2658.96|-2658.96
76|-2659.03|-2659.03
77|-2659.04|-2659.04
78|-2659.04|-2659.04
79|-2725.67|-2725.67
80|-2738.6|-2738.6
81|-2779.89|-2779.89
82|-2797.54|-2797.54
83|-2799.73|-2799.73
84|-2800.82|-2800.82
85|-2801.36|-2801.36
86|-2801.38|-2801.38
87|-2801.39|-2801.39
88|-2801.39|-2801.39
89|-2801.39|-2801.39
90|-2822.16|-2822.16
91|-2901.02|-2901.02
92|-2961.18|-2961.18
93|-2973.11|-2973.11
94|-3056.19|-3056.19
95|-3068.39|-3068.39
96|-3069.65|-3069.65
97|-3069.8|-3069.8
98|-3069.81|-3069.81
99|-3069.81|-3069.81
100|-3069.81|-3069.81
101|-3069.81|-3069.81
102|-3069.81|-3069.81
103|-3069.81|-3069.81
104|-3069.81|-3069.81
105|-3069.81|-3069.81
106|-3069.81|-3069.81
107|-3069.81|-3069.81
108|-3069.81|-3069.81
109|-3069.81|-3069.81
110|-3069.81|-3069.81
111|-3069.81|-3069.81
112|-3069.81|-3069.81
113|-3069.81|-3069.81
114|-3069.81|-3069.81
115|-3069.81|-3069.81
116|-3069.81|-3069.81
117|-3069.81|-3069.81
118|-3069.81|-3069.81
119|-3069.81|-3069.81
120|-3069.81|-3069.81
121|-3069.81|-3069.81
122|-3069.81|-3069.81
123|-3069.81|-3069.81
124|-3069.81|-3069.81
125|-3069.81|-3069.81
126|-3069.81|-3069.81
127|-3069.81|-3069.81
128|-3069.81|-3069.81
129|-3069.81|-3069.81
130|-3069.81|-3069.81
131|-3069.81|-3069.81
132|-3069.81|-3069.81
133|-3069.81|-3069.81
134|-3069.81|-3069.81
135|-3069.81|-3069.81
136|-3069.81|-3069.81
137|-3069.81|-3069.81
138|-3069.81|-3069.81
139|-3069.81|-3069.81
140|-3069.81|-3069.81
141|-3069.81|-3069.81
142|-3069.81|-3069.81
143|-3069.81|-3069.81
144|-3069.81|-3069.81
145|-3069.81|-3069.81
146|-3069.81|-3069.81
147|-3069.81|-3069.81
148|-3069.81|-3069.81
149|-3069.81|-3069.81
150|-3069.81|-3069.81
151|-3069.81|-3069.81
152|-3069.81|-3069.81
153|-3069.81|-3069.81
154|-3069.81|-3069.81
155|-3069.81|-3069.81
156|-3069.81|-3069.81
157|-3069.81|-3069.81
158|-3069.81|-3069.81
159|-3069.81|-3069.81
160|-3069.81|-3069.81
161|-3069.81|-3069.81
162|-3069.81|-3069.81
163|-3069.81|-3069.81
164|-3069.81|-3069.81
165|-3069.81|-3069.81
166|-3069.81|-3069.81
167|-3069.81|-3069.81
168|-3069.81|-3069.81
169|-3069.81|-3069.81
170|-3069.81|-3069.81
171|-3069.81|-3069.81
172|-3069.81|-3069.81
173|-3069.81|-3069.81
174|-3069.81|-3069.81
175|-3069.81|-3069.81
176|-3069.81|-3069.81
177|-3069.81|-3069.81
178|-3069.81|-3069.81
179|-3069.81|-3069.81
180|-3069.81|-3069.81
181|-3069.81|-3069.81
182|-3069.81|-3069.81
183|-3069.81|-3069.81
184|-3069.81|-3069.81
185|-3069.81|-3069.81
186|-3069.81|-3069.81
187|-3069.81|-3069.81
188|-3069.81|-3069.81
189|-3069.81|-3069.81
190|-3069.81|-3069.81
191|-3069.81|-3069.81
192|-3069.81|-3069.81
193|-3069.81|-3069.81
194|-3069.81|-3069.81
195|-3069.81|-3069.81
196|-3069.81|-3069.81
197|-3069.81|-3069.81
198|-3069.81|-3069.81
199|-3069.81|-3069.81
200|-3069.81|-3069.81
201|-3069.81|-3069.81
202|-3069.81|-3069.81
203|-3069.81|-3069.81
204|-3069.81|-3069.81
205|-3069.81|-3069.81
206|-3069.81|-3069.81
207|-3069.81|-3069.81
208|-3069.81|-3069.81
209|-3069.81|-3069.81
210|-3069.81|-3069.81
211|-3069.81|-3069.81
212|-3069.81|-3069.81
213|-3069.81|-3069.81
214|-3069.81|-3069.81
215|-3069.81|-3069.81
216|-3069.81|-3069.81
217|-3069.81|-3069.81
218|-3069.81|-3069.81
219|-3069.81|-3069.81
220|-3069.81|-3069.81
221|-3069.81|-3069.81
222|-3069.81|-3069.81
223|-3069.81|-3069.81
224|-3069.81|-3069.81
225|-3069.81|-3069.81
226|-3069.81|-3069.81
227|-3069.81|-3069.81
228|-3069.81|-3069.81
229|-3069.81|-3069.81
230|-3069.81|-3069.81
231|-3069.81|-3069.81
232|-3069.81|-3069.81
233|-3069.81|-3069.81
234|-3069.81|-3069.81
235|-3069.81|-3069.81
236|-3069.81|-3069.81
237|-3069.81|-3069.81
238|-3069.81|-3069.81
239|-3069.81|-3069.81
240|-3069.81|-3069.81
241|-3069.81|-3069.81
242|-3069.81|-3069.81
243|-3069.81|-3069.81
244|-3069.81|-3069.81
245|-3069.81|-3069.81
246|-3069.81|-3069.81
247|-3069.81|-3069.81
248|-3069.81|-3069.81
249|-3069.81|-3069.81
EARLY STOP: TARGET FOUND
399335ms
