1|632.572|632.572
2|632.349|632.349
3|632.318|632.318
4|632.306|632.306
5|632.305|632.305
6|632.304|632.304
7|632.304|632.304
8|632.304|632.304
9|610.679|610.679
10|606.118|606.118
11|596.03|596.03
12|595.936|595.936
13|595.935|595.935
14|595.935|595.935
15|588.042|588.042
16|582.782|582.782
17|567.86|567.86
18|566.832|566.832
19|566.823|566.823
20|566.823|566.823
21|566.822|566.822
22|566.822|566.822
23|566.822|566.822
24|555.758|555.758
25|555.516|555.516
26|535.639|535.639
27|535.577|535.577
28|535.576|535.576
29|535.576|535.576
30|528.786|528.786
31|527.638|527.638
32|527.28|527.28
33|527.271|527.271
34|527.266|527.266
35|527.265|527.265
36|527.265|527.265
37|515.754|515.754
38|512.443|512.443
39|512.364|512.364
40|512.34|512.34
41|512.331|512.331
42|512.328|512.328
43|512.326|512.326
44|512.325|512.325
45|512.325|512.325
46|512.325|512.325
47|512.325|512.325
48|487.9|487.9
49|487.9|487.9
50|477.6|477.6
51|477.489|477.489
52|477.487|477.487
53|477.486|477.486
54|477.486|477.486
55|452.05|452.05
56|449.002|449.002
57|447.796|447.796
58|447.795|447.795
59|447.795|447.795
60|447.682|447.682
61|447.679|447.679
62|447.678|447.678
63|447.678|447.678
64|425.932|425.932
65|423.252|423.252
66|422.779|422.779
67|422.759|422.759
68|420.775|420.775
69|419.265|419.265
70|415.921|415.921
71|415.022|415.022
72|414.985|414.985
73|414.976|414.976
74|414.972|414.972
75|414.971|414.971
76|409.358|409.358
77|408.051|408.051
78|407.606|407.606
79|407.44|407.44
80|407.404|407.404
81|407.402|407.402
82|407.402|407.402
83|407.401|407.401
84|395.681|395.681
85|394.949|394.949
86|394.921|394.921
87|394.919|394.919
88|394.917|394.917
89|394.917|394.917
90|394.916|394.916
91|394.916|394.916
92|394.916|394.916
93|380.859|380.859
94|371.807|371.807
95|370.027|370.027
96|369.304|369.304
97|368.99|368.99
98|368.845|368.845
99|368.776|368.776
100|368.742|368.742
101|368.725|368.725
102|368.717|368.717
103|368.716|368.716
104|368.716|368.716
105|368.715|368.715
106|342.272|342.272
107|341.877|341.877
108|341.872|341.872
109|328.451|328.451
110|327.767|327.767
111|327.474|327.474
112|327.406|327.406
113|327.389|327.389
114|327.385|327.385
115|327.383|327.383
116|327.383|327.383
117|322.005|322.005
118|319.349|319.349
119|310.475|310.475
120|307.179|307.179
121|304.527|304.527
122|304.352|304.352
123|304.279|304.279
124|304.279|304.279
125|293.83|293.83
126|292.154|292.154
127|290.075|290.075
128|286.863|286.863
129|286.381|286.381
130|286.196|286.196
131|286.117|286.117
132|286.082|286.082
133|286.079|286.079
134|286.078|286.078
135|286.078|286.078
136|285.563|285.563
137|285.49|285.49
138|285.478|285.478
139|285.476|285.476
140|285.475|285.475
141|285.475|285.475
142|262.277|262.277
143|261.15|261.15
144|260.958|260.958
145|260.876|260.876
146|260.839|260.839
147|260.821|260.821
148|260.812|260.812
149|260.811|260.811
150|260.811|260.811
151|260.811|260.811
152|235.619|235.619
153|235.506|235.506
154|235.503|235.503
155|235.503|235.503
156|235.502|235.502
157|235.502|235.502
158|230.775|230.775
159|225.884|225.884
160|225.445|225.445
161|220.499|220.499
162|219.456|219.456
163|219.449|219.449
164|219.447|219.447
165|219.447|219.447
166|219.447|219.447
167|219.447|219.447
168|210.006|210.006
169|209.996|209.996
170|209.995|209.995
171|194.492|194.492
172|189.482|189.482
173|189.126|189.126
174|184.102|184.102
175|183.102|183.102
176|183.089|183.089
177|183.089|183.089
178|183.089|183.089
179|167.492|167.492
180|167.492|167.492
181|164.234|164.234
182|164.211|164.211
183|164.199|164.199
184|164.196|164.196
185|164.196|164.196
186|162.353|162.353
187|161.7|161.7
188|159.712|159.712
189|158.209|158.209
190|154.864|154.864
191|153.963|153.963
192|153.927|153.927
193|153.918|153.918
194|153.914|153.914
195|153.911|153.911
196|145.912|145.912
197|145.881|145.881
198|145.869|145.869
199|145.866|145.866
200|145.866|145.866
201|145.866|145.866
202|127.013|127.013
203|117.299|117.299
204|111.389|111.389
205|110.88|110.88
206|110.77|110.77
207|110.768|110.768
208|110.767|110.767
209|110.767|110.767
210|108.633|108.633
211|100.089|100.089
212|95.9711|95.9711
213|93.5266|93.5266
214|93.4491|93.4491
215|93.4312|93.4312
216|93.4225|93.4225
217|93.4182|93.4182
218|83.2771|83.2771
219|82.8851|82.8851
220|82.8107|82.8107
221|82.8064|82.8064
222|82.8042|82.8042
223|82.8031|82.8031
224|82.8029|82.8029
225|82.8027|82.8027
226|82.8027|82.8027
227|82.8027|82.8027
228|82.8027|82.8027
229|82.8027|82.8027
230|82.8027|82.8027
231|82.8027|82.8027
232|82.8027|82.8027
233|82.8027|82.8027
234|82.8027|82.8027
235|82.8027|82.8027
236|82.8027|82.8027
237|82.8027|82.8027
238|82.8027|82.8027
239|82.8027|82.8027
240|82.8027|82.8027
241|82.8027|82.8027
242|82.8027|82.8027
243|82.8027|82.8027
244|82.8027|82.8027
245|82.8027|82.8027
246|82.8027|82.8027
247|82.8027|82.8027
248|82.8027|82.8027
249|82.8027|82.8027
250|82.8027|82.8027
251|82.8027|82.8027
252|82.8027|82.8027
253|82.8027|82.8027
254|82.8027|82.8027
255|82.8027|82.8027
256|82.8027|82.8027
257|82.8027|82.8027
258|82.8027|82.8027
259|82.8027|82.8027
260|82.8027|82.8027
261|82.8027|82.8027
262|82.8027|82.8027
263|82.8027|82.8027
264|82.8027|82.8027
265|82.8027|82.8027
266|82.8027|82.8027
267|82.8027|82.8027
268|82.8027|82.8027
269|82.8027|82.8027
270|82.8027|82.8027
271|82.8027|82.8027
272|82.8027|82.8027
273|82.8027|82.8027
274|82.8027|82.8027
275|82.8027|82.8027
276|82.8027|82.8027
277|82.8027|82.8027
278|82.8027|82.8027
279|82.8027|82.8027
280|82.8027|82.8027
281|82.8027|82.8027
282|82.8027|82.8027
283|82.8027|82.8027
284|82.8027|82.8027
285|82.8027|82.8027
286|82.8027|82.8027
287|82.8027|82.8027
288|82.8027|82.8027
289|82.8027|82.8027
290|82.8027|82.8027
291|82.8027|82.8027
292|82.8027|82.8027
293|82.8027|82.8027
294|82.8027|82.8027
295|82.8027|82.8027
296|82.8027|82.8027
297|82.8027|82.8027
298|82.8027|82.8027
299|82.8027|82.8027
300|82.8027|82.8027
301|82.8027|82.8027
302|82.8027|82.8027
303|82.8027|82.8027
304|82.8027|82.8027
305|82.8027|82.8027
306|82.8027|82.8027
307|82.8027|82.8027
308|82.8027|82.8027
309|82.8027|82.8027
310|82.8027|82.8027
311|82.8027|82.8027
312|82.8027|82.8027
313|82.8027|82.8027
314|82.8027|82.8027
315|82.8027|82.8027
316|82.8027|82.8027
317|82.8027|82.8027
318|82.8027|82.8027
319|82.8027|82.8027
320|82.8027|82.8027
321|82.8027|82.8027
322|82.8027|82.8027
323|82.8027|82.8027
324|82.8027|82.8027
325|82.8027|82.8027
326|82.8027|82.8027
327|82.8027|82.8027
328|82.8027|82.8027
329|82.8027|82.8027
330|82.8027|82.8027
331|82.8027|82.8027
332|82.8027|82.8027
333|82.8027|82.8027
334|82.8027|82.8027
335|82.8027|82.8027
336|82.8027|82.8027
337|82.8027|82.8027
338|82.8027|82.8027
339|82.8027|82.8027
340|82.8027|82.8027
341|82.8027|82.8027
342|82.8027|82.8027
343|82.8027|82.8027
344|82.8027|82.8027
345|82.8027|82.8027
346|82.8027|82.8027
347|82.8027|82.8027
348|82.8027|82.8027
349|82.8027|82.8027
350|82.8027|82.8027
351|82.8027|82.8027
352|82.8027|82.8027
353|82.8027|82.8027
354|82.8027|82.8027
355|82.8027|82.8027
356|82.8027|82.8027
357|82.8027|82.8027
358|82.8027|82.8027
359|82.8027|82.8027
360|82.8027|82.8027
361|82.8027|82.8027
362|82.8027|82.8027
363|82.8027|82.8027
364|82.8027|82.8027
365|82.8027|82.8027
366|82.8027|82.8027
367|82.8027|82.8027
368|82.8027|82.8027
369|82.8027|82.8027
370|82.8027|82.8027
371|82.8027|82.8027
372|82.8027|82.8027
373|82.8027|82.8027
374|82.8027|82.8027
375|82.8027|82.8027
EARLY STOP: TARGET FOUND
3051232ms
