1|589.783|589.783
2|581.168|581.168
3|579.828|579.828
4|579.795|579.795
5|579.791|579.791
6|579.79|579.79
7|579.789|579.789
8|564.243|564.243
9|560.261|560.261
10|559.21|559.21
11|554.84|554.84
12|553.482|553.482
13|553.48|553.48
14|553.48|553.48
15|530.58|530.58
16|529.569|529.569
17|529.408|529.408
18|529.391|529.391
19|503.676|503.676
20|503.08|503.08
21|503.029|503.029
22|503.018|503.018
23|503.016|503.016
24|503.016|503.016
25|491.643|491.643
26|491.483|491.483
27|491.474|491.474
28|491.469|491.469
29|491.467|491.467
30|491.466|491.466
31|491.466|491.466
32|491.465|491.465
33|475.415|475.415
34|465.824|465.824
35|465.597|465.597
36|460.71|460.71
37|458.205|458.205
38|458.123|458.123
39|458.086|458.086
40|458.068|458.068
41|458.06|458.06
42|458.058|458.058
43|457.521|457.521
44|457.475|457.475
45|457.427|457.427
46|457.424|457.424
47|457.422|457.422
48|457.422|457.422
49|457.422|457.422
50|457.422|457.422
51|451.965|451.965
52|451.965|451.965
53|439.641|439.641
54|437.222|437.222
55|436.911|436.911
56|436.911|436.911
57|434.552|434.552
58|434.274|434.274
59|434.273|434.273
60|431.103|431.103
61|431.035|431.035
62|431.027|431.027
63|431.025|431.025
64|431.025|431.025
65|427.251|427.251
66|426.853|426.853
67|426.758|426.758
68|426.711|426.711
69|426.709|426.709
70|426.708|426.708
71|402.437|402.437
72|399.8|399.8
73|399.627|399.627
74|399.59|399.59
75|399.572|399.572
76|399.563|399.563
77|399.562|399.562
78|399.562|399.562
79|394.273|394.273
80|378.167|378.167
81|377.69|377.69
82|377.669|377.669
83|362.446|362.446
84|362.446|362.446
85|358.137|358.137
86|356.484|356.484
87|355.836|355.836
88|355.695|355.695
89|355.627|355.627
90|355.623|355.623
91|355.621|355.621
92|355.62|355.62
93|355.62|355.62
94|341.686|341.686
95|341.678|341.678
96|341.678|341.678
97|341.678|341.678
98|316.034|316.034
99|316.02|316.02
100|316.017|316.017
101|316.016|316.016
102|316.016|316.016
103|314.364|314.364
104|312.239|312.239
105|312.239|312.239
106|309.038|309.038
107|308.56|308.56
108|308.376|308.376
109|308.299|308.299
110|308.281|308.281
111|308.272|308.272
112|308.268|308.268
113|308.267|308.267
114|308.266|308.266
115|304.135|304.135
116|302.636|302.636
117|302.339|302.339
118|302.27|302.27
119|302.237|302.237
120|302.22|302.22
121|302.22|302.22
122|277.223|277.223
123|276.948|276.948
124|272.425|272.425
125|272.423|272.423
126|272.422|272.422
127|264.865|264.865
128|262.886|262.886
129|262.488|262.488
130|262.393|262.393
131|262.346|262.346
132|262.334|262.334
133|262.334|262.334
134|250.733|250.733
135|250.654|250.654
136|250.617|250.617
137|250.608|250.608
138|250.604|250.604
139|250.604|250.604
140|235.924|235.924
141|232.516|232.516
142|231.598|231.598
143|231.367|231.367
144|231.31|231.31
145|231.297|231.297
146|231.294|231.294
147|231.293|231.293
148|231.293|231.293
149|231.293|231.293
150|214.447|214.447
151|203.844|203.844
152|201.654|201.654
153|200.519|200.519
154|200.375|200.375
155|195.785|195.785
156|195.784|195.784
157|195.784|195.784
158|195.784|195.784
159|190.851|190.851
160|184.753|184.753
161|179.504|179.504
162|177.075|177.075
163|176.999|176.999
164|176.981|176.981
165|176.977|176.977
166|176.976|176.976
167|176.976|176.976
168|163.583|163.583
169|162.905|162.905
170|162.615|162.615
171|162.581|162.581
172|162.564|162.564
173|162.556|162.556
174|162.552|162.552
175|162.55|162.55
176|162.549|162.549
177|162.548|162.548
178|162.548|162.548
179|145.2|145.2
180|140.116|140.116
181|137.645|137.645
182|137.566|137.566
183|137.53|137.53
184|137.521|137.521
185|137.521|137.521
186|137.521|137.521
187|112.949|112.949
188|102.981|102.981
189|102.924|102.924
190|102.922|102.922
191|102.922|102.922
192|94.8624|94.8624
193|94.8373|94.8373
194|94.8371|94.8371
195|94.837|94.837
196|94.837|94.837
197|89.4737|89.4737
198|87.0738|87.0738
199|86.9995|86.9995
200|86.9952|86.9952
201|86.993|86.993
202|86.9925|86.9925
203|86.9922|86.9922
204|86.1324|86.1324
205|85.7421|85.7421
206|85.6953|85.6953
207|85.6938|85.6938
208|85.6934|85.6934
209|85.6934|85.6934
210|85.6934|85.6934
211|85.6934|85.6934
212|85.6934|85.6934
213|85.6934|85.6934
214|85.6934|85.6934
215|85.6934|85.6934
216|85.6934|85.6934
217|85.6934|85.6934
218|85.6934|85.6934
219|85.6934|85.6934
220|85.6934|85.6934
221|85.6934|85.6934
222|85.6934|85.6934
223|85.6934|85.6934
224|85.6934|85.6934
225|85.6934|85.6934
226|85.6934|85.6934
227|85.6934|85.6934
228|85.6934|85.6934
229|85.6934|85.6934
230|85.6934|85.6934
231|85.6934|85.6934
232|85.6934|85.6934
233|85.6934|85.6934
234|85.6934|85.6934
235|85.6934|85.6934
236|85.6934|85.6934
237|85.6934|85.6934
238|85.6934|85.6934
239|85.6934|85.6934
240|85.6934|85.6934
241|85.6934|85.6934
242|85.6934|85.6934
243|85.6934|85.6934
244|85.6934|85.6934
245|85.6934|85.6934
246|85.6934|85.6934
247|85.6934|85.6934
248|85.6934|85.6934
249|85.6934|85.6934
250|85.6934|85.6934
251|85.6934|85.6934
252|85.6934|85.6934
253|85.6934|85.6934
254|85.6934|85.6934
255|85.6934|85.6934
256|85.6934|85.6934
257|85.6934|85.6934
258|85.6934|85.6934
259|85.6934|85.6934
260|85.6934|85.6934
261|85.6934|85.6934
262|85.6934|85.6934
263|85.6934|85.6934
264|85.6934|85.6934
265|85.6934|85.6934
266|85.6934|85.6934
267|85.6934|85.6934
268|85.6934|85.6934
269|85.6934|85.6934
270|85.6934|85.6934
271|85.6934|85.6934
272|85.6934|85.6934
273|85.6934|85.6934
274|85.6934|85.6934
275|85.6934|85.6934
276|85.6934|85.6934
277|85.6934|85.6934
278|85.6934|85.6934
279|85.6934|85.6934
280|85.6934|85.6934
281|85.6934|85.6934
282|85.6934|85.6934
283|85.6934|85.6934
284|85.6934|85.6934
285|85.6934|85.6934
286|85.6934|85.6934
287|85.6934|85.6934
288|85.6934|85.6934
289|85.6934|85.6934
290|85.6934|85.6934
291|85.6934|85.6934
292|85.6934|85.6934
293|85.6934|85.6934
294|85.6934|85.6934
295|85.6934|85.6934
296|85.6934|85.6934
297|85.6934|85.6934
298|85.6934|85.6934
299|85.6934|85.6934
300|85.6934|85.6934
301|85.6934|85.6934
302|85.6934|85.6934
303|85.6934|85.6934
304|85.6934|85.6934
305|85.6934|85.6934
306|85.6934|85.6934
307|85.6934|85.6934
308|85.6934|85.6934
309|85.6934|85.6934
310|85.6934|85.6934
311|85.6934|85.6934
312|85.6934|85.6934
313|85.6934|85.6934
314|85.6934|85.6934
315|85.6934|85.6934
316|85.6934|85.6934
317|85.6934|85.6934
318|85.6934|85.6934
319|85.6934|85.6934
320|85.6934|85.6934
321|85.6934|85.6934
322|85.6934|85.6934
323|85.6934|85.6934
324|85.6934|85.6934
325|85.6934|85.6934
326|85.6934|85.6934
327|85.6934|85.6934
328|85.6934|85.6934
329|85.6934|85.6934
330|85.6934|85.6934
331|85.6934|85.6934
332|85.6934|85.6934
333|85.6934|85.6934
334|85.6934|85.6934
335|85.6934|85.6934
336|85.6934|85.6934
337|85.6934|85.6934
338|85.6934|85.6934
339|85.6934|85.6934
340|85.6934|85.6934
341|85.6934|85.6934
342|85.6934|85.6934
343|85.6934|85.6934
344|85.6934|85.6934
345|85.6934|85.6934
346|85.6934|85.6934
347|85.6934|85.6934
348|85.6934|85.6934
349|85.6934|85.6934
350|85.6934|85.6934
351|85.6934|85.6934
352|85.6934|85.6934
353|85.6934|85.6934
354|85.6934|85.6934
355|85.6934|85.6934
356|85.6934|85.6934
357|85.6934|85.6934
358|85.6934|85.6934
EARLY STOP: TARGET FOUND
2928593ms
