1|-0.423183|-0.423183
2|-0.441756|-0.441756
3|-0.598821|-0.598821
4|-0.737268|-0.737268
5|-0.816849|-0.816849
6|-0.857775|-0.857775
7|-0.868037|-0.868037
8|-0.873167|-0.873167
9|-0.875731|-0.875731
10|-0.876372|-0.876372
11|-0.876693|-0.876693
12|-0.876732|-0.876732
13|-1.67947|-1.67947
14|-1.69528|-1.69528
15|-1.6988|-1.6988
16|-1.69943|-1.69943
17|-1.69947|-1.69947
18|-1.69948|-1.69948
19|-1.69948|-1.69948
20|-2.62497|-2.62497
21|-2.64997|-2.64997
22|-2.65368|-2.65368
23|-2.65388|-2.65388
24|-2.65398|-2.65398
25|-2.65398|-2.65398
26|-2.82436|-2.82436
27|-3.08207|-3.08207
28|-3.10303|-3.10303
29|-3.10442|-3.10442
30|-3.10472|-3.10472
31|-3.10474|-3.10474
32|-3.1218|-3.1218
33|-3.90324|-3.90324
34|-3.92204|-3.92204
35|-3.924|-3.924
36|-3.92494|-3.92494
37|-3.925|-3.925
38|-3.92758|-3.92758
39|-4.80202|-4.80202
40|-4.80271|-4.80271
41|-4.82242|-4.82242
42|-4.82242|-4.82242
43|-4.82242|-4.82242
44|-5.53615|-5.53615
45|-5.76319|-5.76319
46|-5.77468|-5.77468
47|-5.77577|-5.77577
48|-5.77579|-5.77579
49|-5.7758|-5.7758
50|-5.7758|-5.7758
51|-6.34037|-6.34037
52|-6.6977|-6.6977
53|-6.69788|-6.69788
54|-6.69795|-6.69795
55|-6.69798|-6.69798
56|-6.69799|-6.69799
57|-6.698|-6.698
58|-6.83185|-6.83185
59|-7.44296|-7.44296
60|-7.45017|-7.45017
61|-7.48357|-7.48357
62|-7.49164|-7.49164
63|-7.49341|-7.49341
64|-7.49374|-7.49374
65|-7.49376|-7.49376
66|-7.49376|-7.49376
67|-7.49376|-7.49376
68|-8.21932|-8.21932
69|-8.32161|-8.32161
70|-8.36237|-8.36237
71|-8.37126|-8.37126
72|-8.37339|-8.37339
73|-8.37445|-8.37445
74|-8.37497|-8.37497
75|-8.37497|-8.37497
76|-8.37497|-8.37497
77|-8.37497|-8.37497
78|-8.37497|-8.37497
79|-8.37497|-8.37497
80|-8.37497|-8.37497
81|-8.37497|-8.37497
82|-8.37497|-8.37497
83|-8.37497|-8.37497
84|-8.37497|-8.37497
85|-8.37497|-8.37497
86|-8.37497|-8.37497
87|-8.37497|-8.37497
88|-8.37497|-8.37497
89|-8.37497|-8.37497
90|-8.37497|-8.37497
91|-8.37497|-8.37497
92|-8.37497|-8.37497
93|-8.37497|-8.37497
94|-8.37497|-8.37497
95|-8.37497|-8.37497
96|-8.37497|-8.37497
97|-8.37497|-8.37497
98|-8.37497|-8.37497
99|-8.37497|-8.37497
100|-8.37497|-8.37497
101|-8.37497|-8.37497
102|-8.37497|-8.37497
103|-8.37497|-8.37497
104|-8.37497|-8.37497
105|-8.37497|-8.37497
106|-8.37497|-8.37497
107|-8.37497|-8.37497
108|-8.37497|-8.37497
109|-8.37497|-8.37497
110|-8.37497|-8.37497
111|-8.37497|-8.37497
112|-8.37497|-8.37497
113|-8.37497|-8.37497
114|-8.37497|-8.37497
115|-8.37497|-8.37497
116|-8.37497|-8.37497
117|-8.37497|-8.37497
118|-8.37497|-8.37497
119|-8.37497|-8.37497
120|-8.37497|-8.37497
121|-8.37497|-8.37497
122|-8.37497|-8.37497
123|-8.37497|-8.37497
124|-8.37497|-8.37497
125|-8.37497|-8.37497
126|-8.37497|-8.37497
127|-8.37497|-8.37497
128|-8.37497|-8.37497
129|-8.37497|-8.37497
130|-8.37497|-8.37497
131|-8.37497|-8.37497
132|-8.37497|-8.37497
133|-8.37497|-8.37497
134|-8.37497|-8.37497
135|-8.37497|-8.37497
136|-8.37497|-8.37497
137|-8.37497|-8.37497
138|-8.37497|-8.37497
139|-8.37497|-8.37497
140|-8.37497|-8.37497
141|-8.37497|-8.37497
142|-8.37497|-8.37497
143|-8.37497|-8.37497
144|-8.37497|-8.37497
145|-8.37497|-8.37497
146|-8.37497|-8.37497
147|-8.37497|-8.37497
148|-8.37497|-8.37497
149|-8.37497|-8.37497
150|-8.37497|-8.37497
151|-8.37497|-8.37497
152|-8.37497|-8.37497
153|-8.37497|-8.37497
154|-8.37497|-8.37497
155|-8.37497|-8.37497
156|-8.37497|-8.37497
157|-8.37497|-8.37497
158|-8.37497|-8.37497
159|-8.37497|-8.37497
160|-8.37497|-8.37497
161|-8.37497|-8.37497
162|-8.37497|-8.37497
163|-8.37497|-8.37497
164|-8.37497|-8.37497
165|-8.37497|-8.37497
166|-8.37497|-8.37497
167|-8.37497|-8.37497
168|-8.37497|-8.37497
169|-8.37497|-8.37497
170|-8.37497|-8.37497
171|-8.37497|-8.37497
172|-8.37497|-8.37497
173|-8.37497|-8.37497
174|-8.37497|-8.37497
175|-8.37497|-8.37497
176|-8.37497|-8.37497
177|-8.37497|-8.37497
178|-8.37497|-8.37497
179|-8.37497|-8.37497
180|-8.37497|-8.37497
181|-8.37497|-8.37497
182|-8.37497|-8.37497
183|-8.37497|-8.37497
184|-8.37497|-8.37497
185|-8.37497|-8.37497
186|-8.37497|-8.37497
187|-8.37497|-8.37497
188|-8.37497|-8.37497
189|-8.37497|-8.37497
190|-8.37497|-8.37497
191|-8.37497|-8.37497
192|-8.37497|-8.37497
193|-8.37497|-8.37497
194|-8.37497|-8.37497
195|-8.37497|-8.37497
196|-8.37497|-8.37497
197|-8.37497|-8.37497
198|-8.37497|-8.37497
199|-8.37497|-8.37497
200|-8.37497|-8.37497
201|-8.37497|-8.37497
202|-8.37497|-8.37497
203|-8.37497|-8.37497
204|-8.37497|-8.37497
205|-8.37497|-8.37497
206|-8.37497|-8.37497
207|-8.37497|-8.37497
208|-8.37497|-8.37497
209|-8.37497|-8.37497
210|-8.37497|-8.37497
211|-8.37497|-8.37497
212|-8.37497|-8.37497
213|-8.37497|-8.37497
214|-8.37497|-8.37497
215|-8.37497|-8.37497
216|-8.37497|-8.37497
217|-8.37497|-8.37497
218|-8.37497|-8.37497
219|-8.37497|-8.37497
220|-8.37497|-8.37497
221|-8.37497|-8.37497
222|-8.37497|-8.37497
223|-8.37497|-8.37497
224|-8.37497|-8.37497
EARLY STOP: TARGET FOUND
270454ms
