1|-294.594|-294.594
2|-370.727|-370.727
3|-390.237|-390.237
4|-403.79|-403.79
5|-439.772|-439.772
6|-448.597|-448.597
7|-452.98|-452.98
8|-455.164|-455.164
9|-456.254|-456.254
10|-456.526|-456.526
11|-456.662|-456.662
12|-456.73|-456.73
13|-456.764|-456.764
14|-456.773|-456.773
15|-456.774|-456.774
16|-456.774|-456.774
17|-471.932|-471.932
18|-473.383|-473.383
19|-473.747|-473.747
20|-473.762|-473.762
21|-473.766|-473.766
22|-473.767|-473.767
23|-473.767|-473.767
24|-519.772|-519.772
25|-612.394|-612.394
26|-612.738|-612.738
27|-612.887|-612.887
28|-612.887|-612.887
29|-612.956|-612.956
30|-612.956|-612.956
31|-612.956|-612.956
32|-612.957|-612.957
33|-731.099|-731.099
34|-765.971|-765.971
35|-778.055|-778.055
36|-778.686|-778.686
37|-778.996|-778.996
38|-779.15|-779.15
39|-779.155|-779.155
40|-779.155|-779.155
41|-779.157|-779.157
42|-779.157|-779.157
43|-779.157|-779.157
44|-779.158|-779.158
45|-1003.43|-1003.43
46|-1135.75|-1135.75
47|-1185.41|-1185.41
48|-1190.38|-1190.38
49|-1190.38|-1190.38
50|-1194.89|-1194.89
51|-1195.72|-1195.72
52|-1195.77|-1195.77
53|-1195.78|-1195.78
54|-1664.09|-1664.09
55|-1665.43|-1665.43
56|-1665.43|-1665.43
57|-1665.61|-1665.61
58|-1665.68|-1665.68
59|-1665.69|-1665.69
60|-1665.7|-1665.7
61|-1665.7|-1665.7
62|-1665.7|-1665.7
63|-1717.38|-1717.38
64|-1717.38|-1717.38
65|-1961.43|-1961.43
66|-1964.17|-1964.17
67|-1965.46|-1965.46
68|-1965.77|-1965.77
69|-1965.92|-1965.92
70|-1966|-1966
71|-1966.02|-1966.02
72|-1966.03|-1966.03
73|-1966.03|-1966.03
74|-1966.03|-1966.03
75|-1966.03|-1966.03
76|-2096.84|-2096.84
77|-2096.84|-2096.84
78|-2175.95|-2175.95
79|-2181.95|-2181.95
80|-2184.6|-2184.6
81|-2185.23|-2185.23
82|-2185.38|-2185.38
83|-2185.42|-2185.42
84|-2185.44|-2185.44
85|-2185.45|-2185.45
86|-2185.45|-2185.45
87|-2185.45|-2185.45
88|-2185.46|-2185.46
89|-2185.46|-2185.46
90|-2187.28|-2187.28
91|-2187.83|-2187.83
92|-2188.02|-2188.02
93|-2188.09|-2188.09
94|-2188.1|-2188.1
95|-2188.11|-2188.11
96|-2188.12|-2188.12
97|-2188.12|-2188.12
98|-2326.42|-2326.42
99|-2347.74|-2347.74
100|-2358.34|-2358.34
101|-2363.62|-2363.62
102|-2364.94|-2364.94
103|-2365.27|-2365.27
104|-2365.31|-2365.31
105|-2365.31|-2365.31
106|-2365.31|-2365.31
107|-2416.43|-2416.43
108|-2508.29|-2508.29
109|-2509.46|-2509.46
110|-2509.6|-2509.6
111|-2509.6|-2509.6
112|-2509.6|-2509.6
113|-2699.15|-2699.15
114|-2777.38|-2777.38
115|-2811|-2811
116|-2811.11|-2811.11
117|-2811.11|-2811.11
118|-3267.64|-3267.64
119|-3381.21|-3381.21
120|-3496.9|-3496.9
121|-3497.02|-3497.02
122|-3500.35|-3500.35
123|-3500.53|-3500.53
124|-3500.62|-3500.62
125|-3500.63|-3500.63
126|-3500.63|-3500.63
127|-3500.63|-3500.63
128|-3567.83|-3567.83
129|-3567.83|-3567.83
130|-3581.15|-3581.15
131|-3620.81|-3620.81
132|-3638.49|-3638.49
133|-3642.86|-3642.86
134|-3643.95|-3643.95
135|-3644.02|-3644.02
136|-3644.06|-3644.06
137|-3644.06|-3644.06
138|-3644.06|-3644.06
139|-3680.16|-3680.16
140|-4012.89|-4012.89
141|-4173.12|-4173.12
142|-4182.06|-4182.06
143|-4186.19|-4186.19
144|-4186.44|-4186.44
145|-4186.47|-4186.47
146|-4186.48|-4186.48
147|-4186.48|-4186.48
148|-4186.48|-4186.48
149|-4211.02|-4211.02
150|-4225.62|-4225.62
151|-4259.76|-4259.76
152|-4277.54|-4277.54
153|-4286.32|-4286.32
154|-4288.5|-4288.5
155|-4289.04|-4289.04
156|-4289.06|-4289.06
157|-4289.06|-4289.06
158|-4289.07|-4289.07
159|-4356.76|-4356.76
160|-4395.26|-4395.26
161|-4492.24|-4492.24
162|-4509.42|-4509.42
163|-4701.32|-4701.32
164|-4777.96|-4777.96
165|-4815.85|-4815.85
166|-4815.97|-4815.97
167|-4816.4|-4816.4
168|-4816.4|-4816.4
169|-4816.4|-4816.4
170|-4986.64|-4986.64
171|-5075.63|-5075.63
172|-5081.38|-5081.38
173|-5086.18|-5086.18
174|-5086.43|-5086.43
175|-5086.45|-5086.45
176|-5086.45|-5086.45
177|-5234.15|-5234.15
178|-5255.37|-5255.37
179|-5258.01|-5258.01
180|-5259.33|-5259.33
181|-5259.99|-5259.99
182|-5260.32|-5260.32
183|-5260.4|-5260.4
184|-5260.44|-5260.44
185|-5260.45|-5260.45
186|-5260.45|-5260.45
187|-5622.17|-5622.17
188|-5667.54|-5667.54
189|-5676.76|-5676.76
190|-5681.03|-5681.03
191|-5683.09|-5683.09
192|-5683.59|-5683.59
193|-5683.84|-5683.84
194|-5683.91|-5683.91
195|-5683.94|-5683.94
196|-5683.95|-5683.95
197|-5683.96|-5683.96
198|-5683.96|-5683.96
199|-5808.49|-5808.49
200|-5901.15|-5901.15
201|-6318.85|-6318.85
202|-6337.51|-6337.51
203|-6339.6|-6339.6
204|-6340.62|-6340.62
205|-6341.12|-6341.12
206|-6341.37|-6341.37
207|-6341.5|-6341.5
208|-6341.53|-6341.53
209|-6341.55|-6341.55
210|-6341.55|-6341.55
211|-6341.56|-6341.56
212|-6341.56|-6341.56
213|-6341.56|-6341.56
214|-6403.89|-6403.89
215|-6620.83|-6620.83
216|-6632.7|-6632.7
217|-6633.01|-6633.01
218|-6633.16|-6633.16
219|-6633.2|-6633.2
220|-6633.21|-6633.21
221|-6633.21|-6633.21
222|-7077.16|-7077.16
223|-7079.21|-7079.21
224|-7079.71|-7079.71
225|-7079.78|-7079.78
226|-7079.81|-7079.81
227|-7079.81|-7079.81
228|-7079.82|-7079.82
229|-7079.82|-7079.82
230|-7091.43|-7091.43
231|-7115.98|-7115.98
232|-7116.27|-7116.27
233|-7116.28|-7116.28
234|-7116.29|-7116.29
235|-7189.57|-7189.57
236|-7221|-7221
237|-7264.85|-7264.85
238|-7440.87|-7440.87
239|-7526.88|-7526.88
240|-7540.2|-7540.2
241|-7541.16|-7541.16
242|-7542.61|-7542.61
243|-7542.63|-7542.63
244|-7542.63|-7542.63
245|-7542.63|-7542.63
246|-7542.63|-7542.63
247|-7669.36|-7669.36
248|-7755.24|-7755.24
249|-7760.53|-7760.53
250|-7763.17|-7763.17
251|-7764.49|-7764.49
252|-7765.15|-7765.15
253|-7765.31|-7765.31
254|-7765.39|-7765.39
255|-7765.43|-7765.43
256|-7765.44|-7765.44
257|-7765.44|-7765.44
258|-7896.65|-7896.65
259|-7957.49|-7957.49
260|-8263.6|-8263.6
261|-8295.71|-8295.71
262|-8397.12|-8397.12
263|-8397.5|-8397.5
264|-8397.53|-8397.53
265|-8397.53|-8397.53
266|-8397.53|-8397.53
267|-8496.99|-8496.99
268|-8583.54|-8583.54
269|-8626.64|-8626.64
270|-8647.99|-8647.99
271|-8658.6|-8658.6
272|-8663.89|-8663.89
273|-8666.53|-8666.53
274|-8667.85|-8667.85
275|-8668.51|-8668.51
276|-8668.84|-8668.84
277|-8668.92|-8668.92
278|-8668.96|-8668.96
279|-8668.98|-8668.98
280|-8668.99|-8668.99
281|-8668.99|-8668.99
282|-8668.99|-8668.99
283|-8668.99|-8668.99
284|-8750.62|-8750.62
285|-8775.12|-8775.12
286|-8964.02|-8964.02
287|-9042.66|-9042.66
288|-9075.18|-9075.18
289|-9075.22|-9075.22
290|-9075.22|-9075.22
291|-9075.23|-9075.23
292|-9137.24|-9137.24
293|-9200.43|-9200.43
294|-9299.17|-9299.17
295|-9299.35|-9299.35
296|-9299.36|-9299.36
297|-9299.36|-9299.36
298|-9299.36|-9299.36
299|-9299.36|-9299.36
300|-9299.36|-9299.36
301|-9299.36|-9299.36
302|-9299.36|-9299.36
303|-9299.36|-9299.36
304|-9299.36|-9299.36
305|-9299.36|-9299.36
306|-9299.36|-9299.36
307|-9299.36|-9299.36
308|-9299.36|-9299.36
309|-9299.36|-9299.36
310|-9299.36|-9299.36
311|-9299.36|-9299.36
312|-9299.36|-9299.36
313|-9299.36|-9299.36
314|-9299.36|-9299.36
315|-9299.36|-9299.36
316|-9299.36|-9299.36
317|-9299.36|-9299.36
318|-9299.36|-9299.36
319|-9299.36|-9299.36
320|-9299.36|-9299.36
321|-9299.36|-9299.36
322|-9299.36|-9299.36
323|-9299.36|-9299.36
324|-9299.36|-9299.36
325|-9299.36|-9299.36
326|-9299.36|-9299.36
327|-9299.36|-9299.36
328|-9299.36|-9299.36
329|-9299.36|-9299.36
330|-9299.36|-9299.36
331|-9299.36|-9299.36
332|-9299.36|-9299.36
333|-9299.36|-9299.36
334|-9299.36|-9299.36
335|-9299.36|-9299.36
336|-9299.36|-9299.36
337|-9299.36|-9299.36
338|-9299.36|-9299.36
339|-9299.36|-9299.36
340|-9299.36|-9299.36
341|-9299.36|-9299.36
342|-9299.36|-9299.36
343|-9299.36|-9299.36
344|-9299.36|-9299.36
345|-9299.36|-9299.36
346|-9299.36|-9299.36
347|-9299.36|-9299.36
348|-9299.36|-9299.36
349|-9299.36|-9299.36
350|-9299.36|-9299.36
351|-9299.36|-9299.36
352|-9299.36|-9299.36
353|-9299.36|-9299.36
354|-9299.36|-9299.36
355|-9299.36|-9299.36
356|-9299.36|-9299.36
357|-9299.36|-9299.36
358|-9299.36|-9299.36
359|-9299.36|-9299.36
360|-9299.36|-9299.36
361|-9299.36|-9299.36
362|-9299.36|-9299.36
363|-9299.36|-9299.36
364|-9299.36|-9299.36
365|-9299.36|-9299.36
366|-9299.36|-9299.36
367|-9299.36|-9299.36
368|-9299.36|-9299.36
369|-9299.36|-9299.36
370|-9299.36|-9299.36
371|-9299.36|-9299.36
372|-9299.36|-9299.36
373|-9299.36|-9299.36
374|-9299.36|-9299.36
375|-9299.36|-9299.36
376|-9299.36|-9299.36
377|-9299.36|-9299.36
378|-9299.36|-9299.36
379|-9299.36|-9299.36
380|-9299.36|-9299.36
381|-9299.36|-9299.36
382|-9299.36|-9299.36
383|-9299.36|-9299.36
384|-9299.36|-9299.36
385|-9299.36|-9299.36
386|-9299.36|-9299.36
387|-9299.36|-9299.36
388|-9299.36|-9299.36
389|-9299.36|-9299.36
390|-9299.36|-9299.36
391|-9299.36|-9299.36
392|-9299.36|-9299.36
393|-9299.36|-9299.36
394|-9299.36|-9299.36
395|-9299.36|-9299.36
396|-9299.36|-9299.36
397|-9299.36|-9299.36
398|-9299.36|-9299.36
399|-9299.36|-9299.36
400|-9299.36|-9299.36
401|-9299.36|-9299.36
402|-9299.36|-9299.36
403|-9299.36|-9299.36
404|-9299.36|-9299.36
405|-9299.36|-9299.36
406|-9299.36|-9299.36
407|-9299.36|-9299.36
408|-9299.36|-9299.36
409|-9299.36|-9299.36
410|-9299.36|-9299.36
411|-9299.36|-9299.36
412|-9299.36|-9299.36
413|-9299.36|-9299.36
414|-9299.36|-9299.36
415|-9299.36|-9299.36
416|-9299.36|-9299.36
417|-9299.36|-9299.36
418|-9299.36|-9299.36
419|-9299.36|-9299.36
420|-9299.36|-9299.36
421|-9299.36|-9299.36
422|-9299.36|-9299.36
423|-9299.36|-9299.36
424|-9299.36|-9299.36
425|-9299.36|-9299.36
426|-9299.36|-9299.36
427|-9299.36|-9299.36
428|-9299.36|-9299.36
429|-9299.36|-9299.36
430|-9299.36|-9299.36
431|-9299.36|-9299.36
432|-9299.36|-9299.36
433|-9299.36|-9299.36
434|-9299.36|-9299.36
435|-9299.36|-9299.36
436|-9299.36|-9299.36
437|-9299.36|-9299.36
438|-9299.36|-9299.36
439|-9299.36|-9299.36
440|-9299.36|-9299.36
441|-9299.36|-9299.36
442|-9299.36|-9299.36
443|-9299.36|-9299.36
444|-9299.36|-9299.36
445|-9299.36|-9299.36
446|-9299.36|-9299.36
447|-9299.36|-9299.36
448|-9299.36|-9299.36
449|-9299.36|-9299.36
EARLY STOP: TARGET FOUND
4991782ms
