1|-451.246|-451.246
2|-483.848|-483.848
3|-561.872|-561.872
4|-567.718|-567.718
5|-570.292|-570.292
6|-570.311|-570.311
7|-570.32|-570.32
8|-570.323|-570.323
9|-570.323|-570.323
10|-570.324|-570.324
11|-646.805|-646.805
12|-695.083|-695.083
13|-718.268|-718.268
14|-753.921|-753.921
15|-758.294|-758.294
16|-759.384|-759.384
17|-759.928|-759.928
18|-759.937|-759.937
19|-759.938|-759.938
20|-759.939|-759.939
21|-890.56|-890.56
22|-933.643|-933.643
23|-954.988|-954.988
24|-965.593|-965.593
25|-970.876|-970.876
26|-973.512|-973.512
27|-974.171|-974.171
28|-974.5|-974.5
29|-974.521|-974.521
30|-974.531|-974.531
31|-1101.51|-1101.51
32|-1146.8|-1146.8
33|-1239.78|-1239.78
34|-1240.12|-1240.12
35|-1240.27|-1240.27
36|-1240.3|-1240.3
37|-1240.31|-1240.31
38|-1240.31|-1240.31
39|-1240.31|-1240.31
40|-1240.31|-1240.31
41|-1269.5|-1269.5
42|-1316.57|-1316.57
43|-1335.02|-1335.02
44|-1337.08|-1337.08
45|-1337.58|-1337.58
46|-1337.84|-1337.84
47|-1337.96|-1337.96
48|-1338.02|-1338.02
49|-1338.06|-1338.06
50|-1338.06|-1338.06
51|-1338.07|-1338.07
52|-1338.07|-1338.07
53|-1338.07|-1338.07
54|-1338.07|-1338.07
55|-1338.07|-1338.07
56|-1338.07|-1338.07
57|-1338.07|-1338.07
58|-1338.07|-1338.07
59|-1338.07|-1338.07
60|-1338.07|-1338.07
61|-1338.07|-1338.07
62|-1338.07|-1338.07
63|-1338.07|-1338.07
64|-1338.07|-1338.07
65|-1338.07|-1338.07
66|-1338.07|-1338.07
67|-1338.07|-1338.07
68|-1338.07|-1338.07
69|-1338.07|-1338.07
70|-1338.07|-1338.07
71|-1338.07|-1338.07
72|-1338.07|-1338.07
73|-1338.07|-1338.07
74|-1338.07|-1338.07
75|-1338.07|-1338.07
76|-1338.07|-1338.07
77|-1338.07|-1338.07
78|-1338.07|-1338.07
79|-1338.07|-1338.07
80|-1338.07|-1338.07
81|-1338.07|-1338.07
82|-1338.07|-1338.07
83|-1338.07|-1338.07
84|-1338.07|-1338.07
85|-1338.07|-1338.07
86|-1338.07|-1338.07
87|-1338.07|-1338.07
88|-1338.07|-1338.07
89|-1338.07|-1338.07
90|-1338.07|-1338.07
91|-1338.07|-1338.07
92|-1338.07|-1338.07
93|-1338.07|-1338.07
94|-1338.07|-1338.07
95|-1338.07|-1338.07
96|-1338.07|-1338.07
97|-1338.07|-1338.07
98|-1338.07|-1338.07
99|-1338.07|-1338.07
100|-1338.07|-1338.07
101|-1338.07|-1338.07
102|-1338.07|-1338.07
103|-1338.07|-1338.07
104|-1338.07|-1338.07
105|-1338.07|-1338.07
106|-1338.07|-1338.07
107|-1338.07|-1338.07
108|-1338.07|-1338.07
109|-1338.07|-1338.07
110|-1338.07|-1338.07
111|-1338.07|-1338.07
112|-1338.07|-1338.07
113|-1338.07|-1338.07
114|-1338.07|-1338.07
115|-1338.07|-1338.07
116|-1338.07|-1338.07
117|-1338.07|-1338.07
118|-1338.07|-1338.07
119|-1338.07|-1338.07
120|-1338.07|-1338.07
121|-1338.07|-1338.07
122|-1338.07|-1338.07
123|-1338.07|-1338.07
124|-1338.07|-1338.07
125|-1338.07|-1338.07
126|-1338.07|-1338.07
127|-1338.07|-1338.07
128|-1338.07|-1338.07
129|-1338.07|-1338.07
130|-1338.07|-1338.07
131|-1338.07|-1338.07
132|-1338.07|-1338.07
133|-1338.07|-1338.07
134|-1338.07|-1338.07
135|-1338.07|-1338.07
136|-1338.07|-1338.07
137|-1338.07|-1338.07
138|-1338.07|-1338.07
139|-1338.07|-1338.07
140|-1338.07|-1338.07
141|-1338.07|-1338.07
142|-1338.07|-1338.07
143|-1338.07|-1338.07
144|-1338.07|-1338.07
145|-1338.07|-1338.07
146|-1338.07|-1338.07
147|-1338.07|-1338.07
148|-1338.07|-1338.07
149|-1338.07|-1338.07
150|-1338.07|-1338.07
151|-1338.07|-1338.07
152|-1338.07|-1338.07
153|-1338.07|-1338.07
154|-1338.07|-1338.07
155|-1338.07|-1338.07
156|-1338.07|-1338.07
157|-1338.07|-1338.07
158|-1338.07|-1338.07
159|-1338.07|-1338.07
160|-1338.07|-1338.07
161|-1338.07|-1338.07
162|-1338.07|-1338.07
163|-1338.07|-1338.07
164|-1338.07|-1338.07
165|-1338.07|-1338.07
166|-1338.07|-1338.07
167|-1338.07|-1338.07
168|-1338.07|-1338.07
169|-1338.07|-1338.07
170|-1338.07|-1338.07
171|-1338.07|-1338.07
172|-1338.07|-1338.07
173|-1338.07|-1338.07
174|-1338.07|-1338.07
175|-1338.07|-1338.07
176|-1338.07|-1338.07
177|-1338.07|-1338.07
178|-1338.07|-1338.07
179|-1338.07|-1338.07
180|-1338.07|-1338.07
181|-1338.07|-1338.07
182|-1338.07|-1338.07
183|-1338.07|-1338.07
184|-1338.07|-1338.07
185|-1338.07|-1338.07
186|-1338.07|-1338.07
187|-1338.07|-1338.07
188|-1338.07|-1338.07
189|-1338.07|-1338.07
190|-1338.07|-1338.07
191|-1338.07|-1338.07
192|-1338.07|-1338.07
193|-1338.07|-1338.07
194|-1338.07|-1338.07
195|-1338.07|-1338.07
196|-1338.07|-1338.07
197|-1338.07|-1338.07
198|-1338.07|-1338.07
199|-1338.07|-1338.07
200|-1338.07|-1338.07
201|-1338.07|-1338.07
202|-1338.07|-1338.07
203|-1338.07|-1338.07
204|-1338.07|-1338.07
EARLY STOP: TARGET FOUND
100577ms
