1|236.068|236.068
2|236.026|236.026
3|236.023|236.023
4|236.023|236.023
5|228.805|228.805
6|225.695|225.695
7|225.429|225.429
8|225.373|225.373
9|225.373|225.373
10|225.364|225.364
11|225.364|225.364
12|225.364|225.364
13|222.645|222.645
14|222.478|222.478
15|222.468|222.468
16|222.467|222.467
17|218.514|218.514
18|217.766|217.766
19|217.766|217.766
20|217.707|217.707
21|217.707|217.707
22|217.697|217.697
23|217.696|217.696
24|217.696|217.696
25|198.455|198.455
26|198.455|198.455
27|197.993|197.993
28|197.991|197.991
29|194.353|194.353
30|190.347|190.347
31|189.573|189.573
32|189.508|189.508
33|189.494|189.494
34|189.492|189.492
35|189.492|189.492
36|179.241|179.241
37|176.889|176.889
38|176.825|176.825
39|176.812|176.812
40|176.811|176.811
41|176.811|176.811
42|176.811|176.811
43|176.811|176.811
44|176.599|176.599
45|176.57|176.57
46|176.57|176.57
47|153.76|153.76
48|153.76|153.76
49|153.65|153.65
50|153.65|153.65
51|153.65|153.65
52|151.42|151.42
53|151.372|151.372
54|151.368|151.368
55|151.367|151.367
56|151.367|151.367
57|151.367|151.367
58|147.931|147.931
59|147.931|147.931
60|143.875|143.875
61|143.076|143.076
62|143.004|143.004
63|142.987|142.987
64|142.983|142.983
65|142.983|142.983
66|142.983|142.983
67|139.072|139.072
68|139.072|139.072
69|135.134|135.134
70|134.395|134.395
71|134.338|134.338
72|134.328|134.328
73|134.328|134.328
74|134.328|134.328
75|134.328|134.328
76|134.255|134.255
77|134.237|134.237
78|134.233|134.233
79|134.233|134.233
80|134.233|134.233
81|134.233|134.233
82|133.535|133.535
83|133.535|133.535
84|133.489|133.489
85|133.489|133.489
86|133.485|133.485
87|133.485|133.485
88|133.485|133.485
89|133.006|133.006
90|133.003|133.003
91|133.003|133.003
92|133.003|133.003
93|116.118|116.118
94|116.118|116.118
95|115.362|115.362
96|115.3|115.3
97|115.3|115.3
98|115.289|115.289
99|115.289|115.289
100|115.288|115.288
101|115.288|115.288
102|115.288|115.288
103|95.4532|95.4532
104|95.1569|95.1569
105|95.0855|95.0855
106|95.069|95.069
107|95.0656|95.0656
108|95.0651|95.0651
109|95.0651|95.0651
110|90.6325|90.6325
111|89.645|89.645
112|89.4584|89.4584
113|89.4438|89.4438
114|89.4438|89.4438
115|89.4413|89.4413
116|89.4411|89.4411
117|89.3752|89.3752
118|89.3615|89.3615
119|89.3594|89.3594
120|89.3594|89.3594
121|89.3594|89.3594
122|89.214|89.214
123|89.214|89.214
124|89.2102|89.2102
125|89.2096|89.2096
126|89.2095|89.2095
127|73.2587|73.2587
128|73.2587|73.2587
129|72.3854|72.3854
130|72.3854|72.3854
131|72.2559|72.2559
132|72.2541|72.2541
133|72.2541|72.2541
134|70.2171|70.2171
135|70.1986|70.1986
136|70.1942|70.1942
137|70.1931|70.1931
138|70.1929|70.1929
139|70.1929|70.1929
140|67.3836|67.3836
141|67.1932|67.1932
142|67.1932|67.1932
143|67.1776|67.1776
144|67.1776|67.1776
145|67.1746|67.1746
146|67.1744|67.1744
147|67.1743|67.1743
148|64.6509|64.6509
149|64.6509|64.6509
150|64.5321|64.5321
151|64.5314|64.5314
152|64.5314|64.5314
153|49.6806|49.6806
154|48.6698|48.6698
155|48.4715|48.4715
156|48.454|48.454
157|48.45|48.45
158|48.4492|48.4492
159|48.4491|48.4491
160|48.4491|48.4491
161|48.4491|48.4491
162|48.4491|48.4491
163|28.567|28.567
164|28.2737|28.2737
165|28.2737|28.2737
166|28.2038|28.2038
167|28.2038|28.2038
168|28.188|28.188
169|28.188|28.188
170|28.185|28.185
171|28.185|28.185
172|28.1847|28.1847
173|28.1846|28.1846
174|28.1846|28.1846
175|28.1846|28.1846
176|15.0933|15.0933
177|15.0933|15.0933
178|15.0933|15.0933
179|15.0933|15.0933
180|13.451|13.451
181|13.451|13.451
182|13.4509|13.4509
183|12.3388|12.3388
184|12.0899|12.0899
185|12.0899|12.0899
186|12.0423|12.0423
187|12.0422|12.0422
188|12.0383|12.0383
189|12.0383|12.0383
190|12.0376|12.0376
191|12.0375|12.0375
192|12.0375|12.0375
193|12.0375|12.0375
194|12.0375|12.0375
195|8.09185|8.09185
196|4.16305|4.16305
197|4.16305|4.16305
198|3.42746|3.42746
199|3.42746|3.42746
200|3.37156|3.37156
201|3.37156|3.37156
202|3.37156|3.37156
203|3.37156|3.37156
204|3.36281|3.36281
205|3.36281|3.36281
206|3.36261|3.36261
207|3.36261|3.36261
208|3.3626|3.3626
209|3.36259|3.36259
210|3.36259|3.36259
211|3.36259|3.36259
212|0.306624|0.306624
213|0.306624|0.306624
214|0.306624|0.306624
215|0.306624|0.306624
216|0.306624|0.306624
217|0.306624|0.306624
218|0.306624|0.306624
219|0.306624|0.306624
220|0.306624|0.306624
221|0.306624|0.306624
222|0.306624|0.306624
223|0.306624|0.306624
224|0.306624|0.306624
225|0.306624|0.306624
226|0.306624|0.306624
227|0.306624|0.306624
228|0.306624|0.306624
229|0.306624|0.306624
230|0.306624|0.306624
231|0.306624|0.306624
232|0.306624|0.306624
233|0.306624|0.306624
234|0.306624|0.306624
235|0.0546325|0.0546325
236|0.0546325|0.0546325
237|0.0546325|0.0546325
238|0.0546324|0.0546324
239|0.0546324|0.0546324
240|0.0546324|0.0546324
241|0.0546324|0.0546324
242|0.0546324|0.0546324
243|0.0546324|0.0546324
244|0.0546324|0.0546324
245|0.0546324|0.0546324
246|0.0546324|0.0546324
247|0.0546324|0.0546324
248|0.0546324|0.0546324
249|0.0546324|0.0546324
250|0.0546324|0.0546324
251|0.0546324|0.0546324
252|0.0546324|0.0546324
253|0.0546324|0.0546324
254|0.0546324|0.0546324
255|0.0546323|0.0546323
256|0.0546323|0.0546323
257|0.00543694|0.00543694
EARLY STOP: TARGET FOUND
1445100ms
