1|172.621|172.621
2|167.009|167.009
3|166.957|166.957
4|166.945|166.945
5|166.943|166.943
6|166.943|166.943
7|166.943|166.943
8|141.934|141.934
9|133.331|133.331
10|133.324|133.324
11|133.322|133.322
12|133.322|133.322
13|121.415|121.415
14|121.415|121.415
15|121.381|121.381
16|121.364|121.364
17|121.356|121.356
18|121.354|121.354
19|121.353|121.353
20|121.352|121.352
21|121.352|121.352
22|115.793|115.793
23|102.919|102.919
24|100.789|100.789
25|100.638|100.638
26|100.616|100.616
27|100.616|100.616
28|100.616|100.616
29|97.2594|97.2594
30|95.9278|95.9278
31|95.3534|95.3534
32|95.2882|95.2882
33|95.2828|95.2828
34|95.2825|95.2825
35|95.2823|95.2823
36|84.9648|84.9648
37|84.8334|84.8334
38|84.8267|84.8267
39|84.8247|84.8247
40|84.8246|84.8246
41|84.8246|84.8246
42|75.6075|75.6075
43|69.0494|69.0494
44|68.9034|68.9034
45|68.6608|68.6608
46|68.6575|68.6575
47|68.6568|68.6568
48|68.6567|68.6567
49|64.1945|64.1945
50|47.8585|47.8585
51|47.8585|47.8585
52|47.6137|47.6137
53|47.4204|47.4204
54|47.4139|47.4139
55|47.4136|47.4136
56|47.4135|47.4135
57|43.8159|43.8159
58|36.3572|36.3572
59|35.1515|35.1515
60|34.7624|34.7624
61|34.6886|34.6886
62|34.6865|34.6865
63|34.686|34.686
64|34.6858|34.6858
65|28.3842|28.3842
66|28.1498|28.1498
67|28.1159|28.1159
68|28.1026|28.1026
69|28.0969|28.0969
70|28.0943|28.0943
71|28.094|28.094
72|28.0938|28.0938
73|28.0938|28.0938
74|28.0938|28.0938
75|28.0938|28.0938
76|28.0938|28.0938
77|28.0938|28.0938
78|28.0938|28.0938
79|28.0938|28.0938
80|28.0938|28.0938
81|28.0938|28.0938
82|28.0938|28.0938
83|28.0938|28.0938
84|28.0938|28.0938
85|28.0938|28.0938
86|28.0938|28.0938
87|28.0938|28.0938
88|28.0938|28.0938
89|28.0938|28.0938
90|28.0938|28.0938
91|28.0938|28.0938
92|28.0938|28.0938
93|28.0938|28.0938
94|28.0938|28.0938
95|28.0938|28.0938
96|28.0938|28.0938
97|28.0938|28.0938
98|28.0938|28.0938
99|28.0938|28.0938
100|28.0938|28.0938
101|28.0938|28.0938
102|28.0938|28.0938
103|28.0938|28.0938
104|28.0938|28.0938
105|28.0938|28.0938
106|28.0938|28.0938
107|28.0938|28.0938
108|28.0938|28.0938
109|28.0938|28.0938
110|28.0938|28.0938
111|28.0938|28.0938
112|28.0938|28.0938
113|28.0938|28.0938
114|28.0938|28.0938
115|28.0938|28.0938
116|28.0938|28.0938
117|28.0938|28.0938
118|28.0938|28.0938
119|28.0938|28.0938
120|28.0938|28.0938
121|28.0938|28.0938
122|28.0938|28.0938
123|28.0938|28.0938
124|28.0938|28.0938
125|28.0938|28.0938
126|28.0938|28.0938
127|28.0938|28.0938
128|28.0938|28.0938
129|28.0938|28.0938
130|28.0938|28.0938
131|28.0938|28.0938
132|28.0938|28.0938
133|28.0938|28.0938
134|28.0938|28.0938
135|28.0938|28.0938
136|28.0938|28.0938
137|28.0938|28.0938
138|28.0938|28.0938
139|28.0938|28.0938
140|28.0938|28.0938
141|28.0938|28.0938
142|28.0938|28.0938
143|28.0938|28.0938
144|28.0938|28.0938
145|28.0938|28.0938
146|28.0938|28.0938
147|28.0938|28.0938
148|28.0938|28.0938
149|28.0938|28.0938
150|28.0938|28.0938
151|28.0938|28.0938
152|28.0938|28.0938
153|28.0938|28.0938
154|28.0938|28.0938
155|28.0938|28.0938
156|28.0938|28.0938
157|28.0938|28.0938
158|28.0938|28.0938
159|28.0938|28.0938
160|28.0938|28.0938
161|28.0938|28.0938
162|28.0938|28.0938
163|28.0938|28.0938
164|28.0938|28.0938
165|28.0938|28.0938
166|28.0938|28.0938
167|28.0938|28.0938
168|28.0938|28.0938
169|28.0938|28.0938
170|28.0938|28.0938
171|28.0938|28.0938
172|28.0938|28.0938
173|28.0938|28.0938
174|28.0938|28.0938
175|28.0938|28.0938
176|28.0938|28.0938
177|28.0938|28.0938
178|28.0938|28.0938
179|28.0938|28.0938
180|28.0938|28.0938
181|28.0938|28.0938
182|28.0938|28.0938
183|28.0938|28.0938
184|28.0938|28.0938
185|28.0938|28.0938
186|28.0938|28.0938
187|28.0938|28.0938
188|28.0938|28.0938
189|28.0938|28.0938
190|28.0938|28.0938
191|28.0938|28.0938
192|28.0938|28.0938
193|28.0938|28.0938
194|28.0938|28.0938
195|28.0938|28.0938
196|28.0938|28.0938
197|28.0938|28.0938
198|28.0938|28.0938
199|28.0938|28.0938
200|28.0938|28.0938
201|28.0938|28.0938
202|28.0938|28.0938
203|28.0938|28.0938
204|28.0938|28.0938
205|28.0938|28.0938
206|28.0938|28.0938
207|28.0938|28.0938
208|28.0938|28.0938
209|28.0938|28.0938
210|28.0938|28.0938
211|28.0938|28.0938
212|28.0938|28.0938
213|28.0938|28.0938
214|28.0938|28.0938
215|28.0938|28.0938
216|28.0938|28.0938
217|28.0938|28.0938
218|28.0938|28.0938
219|28.0938|28.0938
220|28.0938|28.0938
221|28.0938|28.0938
222|28.0938|28.0938
223|28.0938|28.0938
EARLY STOP: TARGET FOUND
261834ms
