1|-4.92144|-4.92144
2|-4.92602|-4.92602
3|-4.92649|-4.92649
4|-4.9265|-4.9265
5|-4.9265|-4.9265
6|-4.94655|-4.94655
7|-5.08543|-5.08543
8|-5.92642|-5.92642
9|-5.92648|-5.92648
10|-5.92649|-5.92649
11|-5.92649|-5.92649
12|-6.21308|-6.21308
13|-6.6816|-6.6816
14|-6.81662|-6.81662
15|-6.87895|-6.87895
16|-6.88407|-6.88407
17|-6.88445|-6.88445
18|-6.88712|-6.88712
19|-6.90472|-6.90472
20|-7.48457|-7.48457
21|-7.49639|-7.49639
22|-7.49657|-7.49657
23|-7.49658|-7.49658
24|-7.62855|-7.62855
25|-7.62855|-7.62855
26|-7.79889|-7.79889
27|-8.28243|-8.28243
28|-8.29095|-8.29095
29|-8.29192|-8.29192
30|-8.29223|-8.29223
31|-8.29234|-8.29234
32|-8.29239|-8.29239
33|-8.29239|-8.29239
34|-8.31495|-8.31495
35|-8.31843|-8.31843
36|-8.31951|-8.31951
37|-8.31989|-8.31989
38|-8.31993|-8.31993
39|-8.31994|-8.31994
40|-8.31997|-8.31997
41|-8.69367|-8.69367
42|-8.96964|-8.96964
43|-9.03302|-9.03302
44|-9.06013|-9.06013
45|-9.06252|-9.06252
46|-9.06331|-9.06331
47|-9.06365|-9.06365
48|-9.06369|-9.06369
49|-9.06371|-9.06371
50|-9.06388|-9.06388
51|-9.41681|-9.41681
52|-9.71695|-9.71695
53|-9.71921|-9.71921
54|-9.77055|-9.77055
55|-9.77682|-9.77682
56|-9.77994|-9.77994
57|-9.7815|-9.7815
58|-9.78189|-9.78189
59|-9.78208|-9.78208
60|-9.78306|-9.78306
61|-10.2489|-10.2489
62|-10.5926|-10.5926
63|-10.6764|-10.6764
64|-10.7136|-10.7136
65|-10.7162|-10.7162
66|-10.7173|-10.7173
67|-10.7175|-10.7175
68|-10.7176|-10.7176
69|-10.8407|-10.8407
70|-10.9235|-10.9235
71|-10.9359|-10.9359
72|-10.9359|-10.9359
73|-10.9359|-10.9359
74|-10.9459|-10.9459
75|-11.8318|-11.8318
76|-11.9152|-11.9152
77|-11.9201|-11.9201
78|-11.9221|-11.9221
79|-11.9225|-11.9225
80|-11.9226|-11.9226
81|-11.9227|-11.9227
82|-12.2962|-12.2962
83|-12.5278|-12.5278
84|-12.633|-12.633
85|-12.8337|-12.8337
86|-12.8341|-12.8341
87|-12.8343|-12.8343
88|-12.8343|-12.8343
89|-12.8343|-12.8343
90|-12.9633|-12.9633
91|-13.5991|-13.5991
92|-13.6732|-13.6732
93|-13.6755|-13.6755
94|-13.6762|-13.6762
95|-13.6763|-13.6763
96|-13.6763|-13.6763
97|-13.7246|-13.7246
98|-13.7334|-13.7334
99|-13.7336|-13.7336
100|-13.8742|-13.8742
101|-14.2876|-14.2876
102|-14.2876|-14.2876
103|-14.2877|-14.2877
104|-14.2877|-14.2877
105|-14.6326|-14.6326
106|-15.0582|-15.0582
107|-15.1815|-15.1815
108|-15.183|-15.183
109|-15.1834|-15.1834
110|-15.1836|-15.1836
111|-15.1836|-15.1836
112|-15.1932|-15.1932
113|-15.2034|-15.2034
114|-15.4353|-15.4353
115|-15.4803|-15.4803
116|-15.5519|-15.5519
117|-16.1245|-16.1245
118|-16.1421|-16.1421
119|-16.1647|-16.1647
120|-16.1693|-16.1693
121|-16.1699|-16.1699
122|-16.3283|-16.3283
123|-16.5736|-16.5736
124|-17.0409|-17.0409
125|-17.0417|-17.0417
126|-17.0418|-17.0418
127|-17.0418|-17.0418
128|-17.068|-17.068
129|-17.1353|-17.1353
130|-17.137|-17.137
131|-17.1403|-17.1403
132|-17.1403|-17.1403
133|-17.1403|-17.1403
134|-17.1404|-17.1404
135|-17.1456|-17.1456
136|-17.1506|-17.1506
137|-17.1539|-17.1539
138|-17.154|-17.154
139|-17.154|-17.154
140|-17.154|-17.154
141|-17.154|-17.154
142|-17.6108|-17.6108
143|-17.7379|-17.7379
144|-17.9934|-17.9934
145|-18.0108|-18.0108
146|-18.0117|-18.0117
147|-18.0117|-18.0117
148|-18.0252|-18.0252
149|-18.986|-18.986
150|-18.9867|-18.9867
151|-18.9868|-18.9868
152|-18.9869|-18.9869
153|-18.9869|-18.9869
154|-19.0418|-19.0418
155|-19.6274|-19.6274
156|-19.6307|-19.6307
157|-19.6308|-19.6308
158|-19.6309|-19.6309
159|-20.6262|-20.6262
160|-20.6279|-20.6279
161|-20.6286|-20.6286
162|-20.6289|-20.6289
163|-20.6291|-20.6291
164|-20.6292|-20.6292
165|-20.6292|-20.6292
166|-20.7172|-20.7172
167|-20.8951|-20.8951
168|-21.6184|-21.6184
169|-21.6202|-21.6202
170|-21.6203|-21.6203
171|-21.6204|-21.6204
172|-21.6204|-21.6204
173|-21.6204|-21.6204
174|-21.7851|-21.7851
175|-22.4938|-22.4938
176|-22.5074|-22.5074
177|-22.5089|-22.5089
178|-22.5092|-22.5092
179|-22.5094|-22.5094
180|-22.5095|-22.5095
181|-22.5519|-22.5519
182|-23.0025|-23.0025
183|-23.2563|-23.2563
184|-23.4061|-23.4061
185|-23.4066|-23.4066
186|-23.4148|-23.4148
187|-23.4149|-23.4149
188|-23.415|-23.415
189|-23.415|-23.415
190|-24.2602|-24.2602
191|-24.3276|-24.3276
192|-24.3402|-24.3402
193|-24.341|-24.341
194|-24.3411|-24.3411
195|-24.3411|-24.3411
196|-24.3411|-24.3411
197|-24.3411|-24.3411
198|-24.3411|-24.3411
199|-24.3411|-24.3411
200|-24.3411|-24.3411
201|-24.3411|-24.3411
202|-24.3411|-24.3411
203|-24.3411|-24.3411
204|-24.3411|-24.3411
205|-24.3411|-24.3411
206|-24.3411|-24.3411
207|-24.3411|-24.3411
208|-24.3411|-24.3411
209|-24.3411|-24.3411
210|-24.3411|-24.3411
211|-24.3411|-24.3411
212|-24.3411|-24.3411
213|-24.3411|-24.3411
214|-24.3411|-24.3411
215|-24.3411|-24.3411
216|-24.3411|-24.3411
217|-24.3411|-24.3411
218|-24.3411|-24.3411
219|-24.3411|-24.3411
220|-24.3411|-24.3411
221|-24.3411|-24.3411
222|-24.3411|-24.3411
223|-24.3411|-24.3411
224|-24.3411|-24.3411
225|-24.3411|-24.3411
226|-24.3411|-24.3411
227|-24.3411|-24.3411
228|-24.3411|-24.3411
229|-24.3411|-24.3411
230|-24.3411|-24.3411
231|-24.3411|-24.3411
232|-24.3411|-24.3411
233|-24.3411|-24.3411
234|-24.3411|-24.3411
235|-24.3411|-24.3411
236|-24.3411|-24.3411
237|-24.3411|-24.3411
238|-24.3411|-24.3411
239|-24.3411|-24.3411
240|-24.3411|-24.3411
241|-24.3411|-24.3411
242|-24.3411|-24.3411
243|-24.3411|-24.3411
244|-24.3411|-24.3411
245|-24.3411|-24.3411
246|-24.3411|-24.3411
247|-24.3411|-24.3411
248|-24.3411|-24.3411
249|-24.3411|-24.3411
250|-24.3411|-24.3411
251|-24.3411|-24.3411
252|-24.3411|-24.3411
253|-24.3411|-24.3411
254|-24.3411|-24.3411
255|-24.3411|-24.3411
256|-24.3411|-24.3411
257|-24.3411|-24.3411
258|-24.3411|-24.3411
259|-24.3411|-24.3411
260|-24.3411|-24.3411
261|-24.3411|-24.3411
262|-24.3411|-24.3411
263|-24.3411|-24.3411
264|-24.3411|-24.3411
265|-24.3411|-24.3411
266|-24.3411|-24.3411
267|-24.3411|-24.3411
268|-24.3411|-24.3411
269|-24.3411|-24.3411
270|-24.3411|-24.3411
271|-24.3411|-24.3411
272|-24.3411|-24.3411
273|-24.3411|-24.3411
274|-24.3411|-24.3411
275|-24.3411|-24.3411
276|-24.3411|-24.3411
277|-24.3411|-24.3411
278|-24.3411|-24.3411
279|-24.3411|-24.3411
280|-24.3411|-24.3411
281|-24.3411|-24.3411
282|-24.3411|-24.3411
283|-24.3411|-24.3411
284|-24.3411|-24.3411
285|-24.3411|-24.3411
286|-24.3411|-24.3411
287|-24.3411|-24.3411
288|-24.3411|-24.3411
289|-24.3411|-24.3411
290|-24.3411|-24.3411
291|-24.3411|-24.3411
292|-24.3411|-24.3411
293|-24.3411|-24.3411
294|-24.3411|-24.3411
295|-24.3411|-24.3411
296|-24.3411|-24.3411
297|-24.3411|-24.3411
298|-24.3411|-24.3411
299|-24.3411|-24.3411
300|-24.3411|-24.3411
301|-24.3411|-24.3411
302|-24.3411|-24.3411
303|-24.3411|-24.3411
304|-24.3411|-24.3411
305|-24.3411|-24.3411
306|-24.3411|-24.3411
307|-24.3411|-24.3411
308|-24.3411|-24.3411
309|-24.3411|-24.3411
310|-24.3411|-24.3411
311|-24.3411|-24.3411
312|-24.3411|-24.3411
313|-24.3411|-24.3411
314|-24.3411|-24.3411
315|-24.3411|-24.3411
316|-24.3411|-24.3411
317|-24.3411|-24.3411
318|-24.3411|-24.3411
319|-24.3411|-24.3411
320|-24.3411|-24.3411
321|-24.3411|-24.3411
322|-24.3411|-24.3411
323|-24.3411|-24.3411
324|-24.3411|-24.3411
325|-24.3411|-24.3411
326|-24.3411|-24.3411
327|-24.3411|-24.3411
328|-24.3411|-24.3411
329|-24.3411|-24.3411
330|-24.3411|-24.3411
331|-24.3411|-24.3411
332|-24.3411|-24.3411
333|-24.3411|-24.3411
334|-24.3411|-24.3411
335|-24.3411|-24.3411
336|-24.3411|-24.3411
337|-24.3411|-24.3411
338|-24.3411|-24.3411
339|-24.3411|-24.3411
340|-24.3411|-24.3411
341|-24.3411|-24.3411
342|-24.3411|-24.3411
343|-24.3411|-24.3411
344|-24.3411|-24.3411
EARLY STOP: TARGET FOUND
2779440ms
