1|-2.2594|-2.2594
2|-2.25948|-2.25948
3|-2.25949|-2.25949
4|-2.25949|-2.25949
5|-2.25949|-2.25949
6|-2.25949|-2.25949
7|-3.20326|-3.20326
8|-3.25282|-3.25282
9|-3.25948|-3.25948
10|-3.25949|-3.25949
11|-3.25949|-3.25949
12|-3.25949|-3.25949
13|-3.26016|-3.26016
14|-3.63397|-3.63397
15|-3.70056|-3.70056
16|-3.73554|-3.73554
17|-3.75338|-3.75338
18|-3.75787|-3.75787
19|-3.76012|-3.76012
20|-3.76124|-3.76124
21|-3.76181|-3.76181
22|-3.76209|-3.76209
23|-3.76216|-3.76216
24|-3.76219|-3.76219
25|-3.82279|-3.82279
26|-4.25979|-4.25979
27|-4.26676|-4.26676
28|-4.27019|-4.27019
29|-4.27041|-4.27041
30|-4.27046|-4.27046
31|-4.27308|-4.27308
32|-4.34442|-4.34442
33|-4.89661|-4.89661
34|-5.03576|-5.03576
35|-5.08194|-5.08194
36|-5.09022|-5.09022
37|-5.09069|-5.09069
38|-5.09072|-5.09072
39|-5.09219|-5.09219
40|-5.10252|-5.10252
41|-5.10508|-5.10508
42|-5.10544|-5.10544
43|-5.10545|-5.10545
44|-5.10546|-5.10546
45|-5.12547|-5.12547
46|-5.28509|-5.28509
47|-5.98476|-5.98476
48|-6.05681|-6.05681
49|-6.05799|-6.05799
50|-6.05829|-6.05829
51|-6.0583|-6.0583
52|-6.08666|-6.08666
53|-6.08702|-6.08702
54|-6.08783|-6.08783
55|-6.08785|-6.08785
56|-6.08785|-6.08785
57|-6.22657|-6.22657
58|-6.75598|-6.75598
59|-6.90544|-6.90544
60|-6.92213|-6.92213
61|-6.93025|-6.93025
62|-6.93425|-6.93425
63|-6.93624|-6.93624
64|-6.93673|-6.93673
65|-6.93698|-6.93698
66|-7.33471|-7.33471
67|-7.88918|-7.88918
68|-7.88927|-7.88927
69|-7.88927|-7.88927
70|-7.88927|-7.88927
71|-7.88927|-7.88927
72|-7.88927|-7.88927
73|-7.88927|-7.88927
74|-7.88927|-7.88927
75|-7.88927|-7.88927
76|-7.88927|-7.88927
77|-7.88927|-7.88927
78|-7.88927|-7.88927
79|-7.88927|-7.88927
80|-7.88927|-7.88927
81|-7.88927|-7.88927
82|-7.88927|-7.88927
83|-7.88927|-7.88927
84|-7.88927|-7.88927
85|-7.88927|-7.88927
86|-7.88927|-7.88927
87|-7.88927|-7.88927
88|-7.88927|-7.88927
89|-7.88927|-7.88927
90|-7.88927|-7.88927
91|-7.88927|-7.88927
92|-7.88927|-7.88927
93|-7.88927|-7.88927
94|-7.88927|-7.88927
95|-7.88927|-7.88927
96|-7.88927|-7.88927
97|-7.88927|-7.88927
98|-7.88927|-7.88927
99|-7.88927|-7.88927
100|-7.88927|-7.88927
101|-7.88927|-7.88927
102|-7.88927|-7.88927
103|-7.88927|-7.88927
104|-7.88927|-7.88927
105|-7.88927|-7.88927
106|-7.88927|-7.88927
107|-7.88927|-7.88927
108|-7.88927|-7.88927
109|-7.88927|-7.88927
110|-7.88927|-7.88927
111|-7.88927|-7.88927
112|-7.88927|-7.88927
113|-7.88927|-7.88927
114|-7.88927|-7.88927
115|-7.88927|-7.88927
116|-7.88927|-7.88927
117|-7.88927|-7.88927
118|-7.88927|-7.88927
119|-7.88927|-7.88927
120|-7.88927|-7.88927
121|-7.88927|-7.88927
122|-7.88927|-7.88927
123|-7.88927|-7.88927
124|-7.88927|-7.88927
125|-7.88927|-7.88927
126|-7.88927|-7.88927
127|-7.88927|-7.88927
128|-7.88927|-7.88927
129|-7.88927|-7.88927
130|-7.88927|-7.88927
131|-7.88927|-7.88927
132|-7.88927|-7.88927
133|-7.88927|-7.88927
134|-7.88927|-7.88927
135|-7.88927|-7.88927
136|-7.88927|-7.88927
137|-7.88927|-7.88927
138|-7.88927|-7.88927
139|-7.88927|-7.88927
140|-7.88927|-7.88927
141|-7.88927|-7.88927
142|-7.88927|-7.88927
143|-7.88927|-7.88927
144|-7.88927|-7.88927
145|-7.88927|-7.88927
146|-7.88927|-7.88927
147|-7.88927|-7.88927
148|-7.88927|-7.88927
149|-7.88927|-7.88927
150|-7.88927|-7.88927
151|-7.88927|-7.88927
152|-7.88927|-7.88927
153|-7.88927|-7.88927
154|-7.88927|-7.88927
155|-7.88927|-7.88927
156|-7.88927|-7.88927
157|-7.88927|-7.88927
158|-7.88927|-7.88927
159|-7.88927|-7.88927
160|-7.88927|-7.88927
161|-7.88927|-7.88927
162|-7.88927|-7.88927
163|-7.88927|-7.88927
164|-7.88927|-7.88927
165|-7.88927|-7.88927
166|-7.88927|-7.88927
167|-7.88927|-7.88927
168|-7.88927|-7.88927
169|-7.88927|-7.88927
170|-7.88927|-7.88927
171|-7.88927|-7.88927
172|-7.88927|-7.88927
173|-7.88927|-7.88927
174|-7.88927|-7.88927
175|-7.88927|-7.88927
176|-7.88927|-7.88927
177|-7.88927|-7.88927
178|-7.88927|-7.88927
179|-7.88927|-7.88927
180|-7.88927|-7.88927
181|-7.88927|-7.88927
182|-7.88927|-7.88927
183|-7.88927|-7.88927
184|-7.88927|-7.88927
185|-7.88927|-7.88927
186|-7.88927|-7.88927
187|-7.88927|-7.88927
188|-7.88927|-7.88927
189|-7.88927|-7.88927
190|-7.88927|-7.88927
191|-7.88927|-7.88927
192|-7.88927|-7.88927
193|-7.88927|-7.88927
194|-7.88927|-7.88927
195|-7.88927|-7.88927
196|-7.88927|-7.88927
197|-7.88927|-7.88927
198|-7.88927|-7.88927
199|-7.88927|-7.88927
200|-7.88927|-7.88927
201|-7.88927|-7.88927
202|-7.88927|-7.88927
203|-7.88927|-7.88927
204|-7.88927|-7.88927
205|-7.88927|-7.88927
206|-7.88927|-7.88927
207|-7.88927|-7.88927
208|-7.88927|-7.88927
209|-7.88927|-7.88927
210|-7.88927|-7.88927
211|-7.88927|-7.88927
212|-7.88927|-7.88927
213|-7.88927|-7.88927
214|-7.88927|-7.88927
215|-7.88927|-7.88927
216|-7.88927|-7.88927
217|-7.88927|-7.88927
218|-7.88927|-7.88927
219|-7.88927|-7.88927
EARLY STOP: TARGET FOUND
255379ms
