1|522.333|522.333
2|519.905|519.905
3|519.828|519.828
4|519.811|519.811
5|519.807|519.807
6|519.806|519.806
7|517.57|517.57
8|516.52|516.52
9|516.283|516.283
10|511.74|511.74
11|511.739|511.739
12|511.739|511.739
13|511.738|511.738
14|492.477|492.477
15|483.274|483.274
16|476.699|476.699
17|476.562|476.562
18|476.315|476.315
19|476.312|476.312
20|476.312|476.312
21|476.312|476.312
22|460.884|460.884
23|460.135|460.135
24|460.086|460.086
25|460.083|460.083
26|460.083|460.083
27|460.083|460.083
28|443.754|443.754
29|443.182|443.182
30|443.136|443.136
31|443.129|443.129
32|443.128|443.128
33|442.887|442.887
34|442.883|442.883
35|433.497|433.497
36|433.494|433.494
37|431.452|431.452
38|430.048|430.048
39|426.68|426.68
40|425.765|425.765
41|425.728|425.728
42|425.71|425.71
43|425.701|425.701
44|425.699|425.699
45|425.698|425.698
46|425.698|425.698
47|425.698|425.698
48|416.149|416.149
49|415.972|415.972
50|410.984|410.984
51|408.506|408.506
52|408.426|408.426
53|408.39|408.39
54|408.381|408.381
55|408.379|408.379
56|408.378|408.378
57|408.377|408.377
58|408.377|408.377
59|408.377|408.377
60|396.704|396.704
61|396.194|396.194
62|396.121|396.121
63|396.109|396.109
64|396.106|396.106
65|396.105|396.105
66|396.105|396.105
67|391.64|391.64
68|376.235|376.235
69|372.983|372.983
70|372.165|372.165
71|371.987|371.987
72|371.956|371.956
73|371.955|371.955
74|361.213|361.213
75|360.224|360.224
76|340.807|340.807
77|340.791|340.791
78|340.791|340.791
79|340.791|340.791
80|332.468|332.468
81|324.981|324.981
82|324.891|324.891
83|324.86|324.86
84|324.849|324.849
85|324.848|324.848
86|324.848|324.848
87|318.152|318.152
88|312.629|312.629
89|300.007|300.007
90|297.744|297.744
91|297.52|297.52
92|297.517|297.517
93|297.514|297.514
94|297.513|297.513
95|293.192|293.192
96|291.527|291.527
97|290.872|290.872
98|290.729|290.729
99|290.661|290.661
100|290.627|290.627
101|290.625|290.625
102|290.625|290.625
103|286.395|286.395
104|281.052|281.052
105|280.934|280.934
106|275.687|275.687
107|274.81|274.81
108|274.793|274.793
109|274.782|274.782
110|274.781|274.781
111|274.781|274.781
112|253.025|253.025
113|252.653|252.653
114|252.617|252.617
115|252.617|252.617
116|252.613|252.613
117|252.612|252.612
118|252.612|252.612
119|235.534|235.534
120|235.305|235.305
121|235.303|235.303
122|235.299|235.299
123|235.299|235.299
124|230|230
125|228.164|228.164
126|219.793|219.793
127|215.234|215.234
128|212.904|212.904
129|212.868|212.868
130|212.864|212.864
131|212.863|212.863
132|212.862|212.862
133|212.862|212.862
134|198.419|198.419
135|189.503|189.503
136|187.916|187.916
137|187.307|187.307
138|187.273|187.273
139|187.265|187.265
140|187.261|187.261
141|187.259|187.259
142|187.258|187.258
143|187.257|187.257
144|187.257|187.257
145|186.423|186.423
146|186.232|186.232
147|186.208|186.208
148|186.197|186.197
149|186.191|186.191
150|186.189|186.189
151|186.189|186.189
152|181.36|181.36
153|169.124|169.124
154|163.375|163.375
155|163.287|163.287
156|163.287|163.287
157|163.287|163.287
158|163.191|163.191
159|163.19|163.19
160|163.19|163.19
161|163.19|163.19
162|162.432|162.432
163|162.385|162.385
164|162.382|162.382
165|162.382|162.382
166|162.382|162.382
167|146.52|146.52
168|145.653|145.653
169|144.826|144.826
170|144.73|144.73
171|144.683|144.683
172|144.66|144.66
173|144.648|144.648
174|144.642|144.642
175|144.641|144.641
176|133.964|133.964
177|131.345|131.345
178|130.981|130.981
179|130.874|130.874
180|124.947|124.947
181|124.831|124.831
182|124.827|124.827
183|124.826|124.826
184|124.826|124.826
185|124.826|124.826
186|124.154|124.154
187|123.867|123.867
188|123.833|123.833
189|123.825|123.825
190|123.824|123.824
191|109.069|109.069
192|105.775|105.775
193|105.632|105.632
194|105.564|105.564
195|105.548|105.548
196|105.539|105.539
197|105.538|105.538
198|105.538|105.538
199|96.7592|96.7592
200|93.2275|93.2275
201|90.6347|90.6347
202|90.4679|90.4679
203|90.4322|90.4322
204|90.4301|90.4301
205|90.429|90.429
206|90.4285|90.4285
207|78.8483|78.8483
208|78.2812|78.2812
209|78.215|78.215
210|78.2095|78.2095
211|78.2082|78.2082
212|78.208|78.208
213|77.3189|77.3189
214|77.2831|77.2831
215|77.2788|77.2788
216|77.2785|77.2785
217|77.2785|77.2785
218|77.2785|77.2785
219|77.2785|77.2785
220|77.2785|77.2785
221|77.2785|77.2785
222|77.2785|77.2785
223|77.2785|77.2785
224|77.2785|77.2785
225|77.2785|77.2785
226|77.2785|77.2785
227|77.2785|77.2785
228|77.2785|77.2785
229|77.2785|77.2785
230|77.2785|77.2785
231|77.2785|77.2785
232|77.2785|77.2785
233|77.2785|77.2785
234|77.2785|77.2785
235|77.2785|77.2785
236|77.2785|77.2785
237|77.2785|77.2785
238|77.2785|77.2785
239|77.2785|77.2785
240|77.2785|77.2785
241|77.2785|77.2785
242|77.2785|77.2785
243|77.2785|77.2785
244|77.2785|77.2785
245|77.2785|77.2785
246|77.2785|77.2785
247|77.2785|77.2785
248|77.2785|77.2785
249|77.2785|77.2785
250|77.2785|77.2785
251|77.2785|77.2785
252|77.2785|77.2785
253|77.2785|77.2785
254|77.2785|77.2785
255|77.2785|77.2785
256|77.2785|77.2785
257|77.2785|77.2785
258|77.2785|77.2785
259|77.2785|77.2785
260|77.2785|77.2785
261|77.2785|77.2785
262|77.2785|77.2785
263|77.2785|77.2785
264|77.2785|77.2785
265|77.2785|77.2785
266|77.2785|77.2785
267|77.2785|77.2785
268|77.2785|77.2785
269|77.2785|77.2785
270|77.2785|77.2785
271|77.2785|77.2785
272|77.2785|77.2785
273|77.2785|77.2785
274|77.2785|77.2785
275|77.2785|77.2785
276|77.2785|77.2785
277|77.2785|77.2785
278|77.2785|77.2785
279|77.2785|77.2785
280|77.2785|77.2785
281|77.2785|77.2785
282|77.2785|77.2785
283|77.2785|77.2785
284|77.2785|77.2785
285|77.2785|77.2785
286|77.2785|77.2785
287|77.2785|77.2785
288|77.2785|77.2785
289|77.2785|77.2785
290|77.2785|77.2785
291|77.2785|77.2785
292|77.2785|77.2785
293|77.2785|77.2785
294|77.2785|77.2785
295|77.2785|77.2785
296|77.2785|77.2785
297|77.2785|77.2785
298|77.2785|77.2785
299|77.2785|77.2785
300|77.2785|77.2785
301|77.2785|77.2785
302|77.2785|77.2785
303|77.2785|77.2785
304|77.2785|77.2785
305|77.2785|77.2785
306|77.2785|77.2785
307|77.2785|77.2785
308|77.2785|77.2785
309|77.2785|77.2785
310|77.2785|77.2785
311|77.2785|77.2785
312|77.2785|77.2785
313|77.2785|77.2785
314|77.2785|77.2785
315|77.2785|77.2785
316|77.2785|77.2785
317|77.2785|77.2785
318|77.2785|77.2785
319|77.2785|77.2785
320|77.2785|77.2785
321|77.2785|77.2785
322|77.2785|77.2785
323|77.2785|77.2785
324|77.2785|77.2785
325|77.2785|77.2785
326|77.2785|77.2785
327|77.2785|77.2785
328|77.2785|77.2785
329|77.2785|77.2785
330|77.2785|77.2785
331|77.2785|77.2785
332|77.2785|77.2785
333|77.2785|77.2785
334|77.2785|77.2785
335|77.2785|77.2785
336|77.2785|77.2785
337|77.2785|77.2785
338|77.2785|77.2785
339|77.2785|77.2785
340|77.2785|77.2785
341|77.2785|77.2785
342|77.2785|77.2785
343|77.2785|77.2785
344|77.2785|77.2785
345|77.2785|77.2785
346|77.2785|77.2785
347|77.2785|77.2785
348|77.2785|77.2785
349|77.2785|77.2785
350|77.2785|77.2785
351|77.2785|77.2785
352|77.2785|77.2785
353|77.2785|77.2785
354|77.2785|77.2785
355|77.2785|77.2785
356|77.2785|77.2785
357|77.2785|77.2785
358|77.2785|77.2785
359|77.2785|77.2785
360|77.2785|77.2785
361|77.2785|77.2785
362|77.2785|77.2785
363|77.2785|77.2785
364|77.2785|77.2785
365|77.2785|77.2785
366|77.2785|77.2785
EARLY STOP: TARGET FOUND
2949692ms
