1|496.328|496.328
2|496.207|496.207
3|496.194|496.194
4|496.192|496.192
5|496.192|496.192
6|496.192|496.192
7|496.192|496.192
8|491.738|491.738
9|475.391|475.391
10|475.152|475.152
11|474.956|474.956
12|474.949|474.949
13|473.299|473.299
14|473.278|473.278
15|473.271|473.271
16|473.269|473.269
17|473.269|473.269
18|473.269|473.269
19|471.264|471.264
20|471.181|471.181
21|471.143|471.143
22|471.138|471.138
23|467.261|467.261
24|466.852|466.852
25|466.658|466.658
26|466.564|466.564
27|466.552|466.552
28|466.551|466.551
29|466.551|466.551
30|455.95|455.95
31|453.772|453.772
32|452.617|452.617
33|452.495|452.495
34|447.893|447.893
35|447.892|447.892
36|447.892|447.892
37|447.892|447.892
38|447.892|447.892
39|422.582|422.582
40|415.653|415.653
41|415.484|415.484
42|415.482|415.482
43|415.48|415.48
44|415.48|415.48
45|415.479|415.479
46|415.479|415.479
47|408.08|408.08
48|405.923|405.923
49|405.53|405.53
50|405.483|405.483
51|405.459|405.459
52|405.447|405.447
53|405.445|405.445
54|405.444|405.444
55|405.443|405.443
56|390.426|390.426
57|382.185|382.185
58|381.561|381.561
59|381.493|381.493
60|381.459|381.459
61|381.451|381.451
62|381.45|381.45
63|381.45|381.45
64|381.449|381.449
65|378.805|378.805
66|377.461|377.461
67|377.459|377.459
68|377.459|377.459
69|355.078|355.078
70|352.649|352.649
71|341.522|341.522
72|341.399|341.399
73|341.193|341.193
74|341.167|341.167
75|341.164|341.164
76|341.163|341.163
77|341.163|341.163
78|341.163|341.163
79|339.059|339.059
80|330.32|330.32
81|329.296|329.296
82|329.132|329.132
83|329.114|329.114
84|329.106|329.106
85|329.103|329.103
86|329.102|329.102
87|329.102|329.102
88|324.344|324.344
89|311.309|311.309
90|305.909|305.909
91|305.873|305.873
92|305.871|305.871
93|305.87|305.87
94|305.87|305.87
95|304.784|304.784
96|304.085|304.085
97|304.055|304.055
98|304.049|304.049
99|304.047|304.047
100|304.045|304.045
101|304.045|304.045
102|304.045|304.045
103|304.045|304.045
104|304.045|304.045
105|282.131|282.131
106|281.732|281.732
107|281.656|281.656
108|281.638|281.638
109|281.634|281.634
110|281.009|281.009
111|280.94|280.94
112|280.906|280.906
113|280.898|280.898
114|280.894|280.894
115|280.892|280.892
116|280.891|280.891
117|279.56|279.56
118|279.543|279.543
119|279.539|279.539
120|279.539|279.539
121|254.44|254.44
122|246.231|246.231
123|246.219|246.219
124|246.218|246.218
125|246.218|246.218
126|246.218|246.218
127|246.218|246.218
128|246.218|246.218
129|245.996|245.996
130|245.965|245.965
131|245.953|245.953
132|245.952|245.952
133|245.952|245.952
134|245.952|245.952
135|245.952|245.952
136|230.756|230.756
137|226.317|226.317
138|224.538|224.538
139|223.815|223.815
140|223.501|223.501
141|223.356|223.356
142|223.287|223.287
143|223.254|223.254
144|223.237|223.237
145|223.233|223.233
146|223.231|223.231
147|223.23|223.23
148|223.23|223.23
149|209.8|209.8
150|207.964|207.964
151|207.907|207.907
152|207.899|207.899
153|207.896|207.896
154|207.895|207.895
155|186.711|186.711
156|183.747|183.747
157|183.105|183.105
158|183.017|183.017
159|183.017|183.017
160|183.017|183.017
161|171.191|171.191
162|170.317|170.317
163|170.312|170.312
164|170.311|170.311
165|170.31|170.31
166|170.31|170.31
167|169.738|169.738
168|169.692|169.692
169|169.685|169.685
170|169.684|169.684
171|169.684|169.684
172|169.627|169.627
173|169.614|169.614
174|169.608|169.608
175|169.606|169.606
176|169.605|169.605
177|169.605|169.605
178|166.556|166.556
179|165.35|165.35
180|165.35|165.35
181|165.35|165.35
182|142.622|142.622
183|140.449|140.449
184|140.278|140.278
185|140.252|140.252
186|140.252|140.252
187|140.252|140.252
188|129.634|129.634
189|129.43|129.43
190|129.422|129.422
191|129.42|129.42
192|129.42|129.42
193|129.42|129.42
194|104.067|104.067
195|103.374|103.374
196|103.26|103.26
197|103.257|103.257
198|103.256|103.256
199|103.256|103.256
200|103.256|103.256
201|103.256|103.256
202|103.256|103.256
203|103.256|103.256
204|103.256|103.256
205|103.256|103.256
206|103.256|103.256
207|103.256|103.256
208|103.256|103.256
209|103.256|103.256
210|103.256|103.256
211|103.256|103.256
212|103.256|103.256
213|103.256|103.256
214|103.256|103.256
215|103.256|103.256
216|103.256|103.256
217|103.256|103.256
218|103.256|103.256
219|103.256|103.256
220|103.256|103.256
221|103.256|103.256
222|103.256|103.256
223|103.256|103.256
224|103.256|103.256
225|103.256|103.256
226|103.256|103.256
227|103.256|103.256
228|103.256|103.256
229|103.256|103.256
230|103.256|103.256
231|103.256|103.256
232|103.256|103.256
233|103.256|103.256
234|103.256|103.256
235|103.256|103.256
236|103.256|103.256
237|103.256|103.256
238|103.256|103.256
239|103.256|103.256
240|103.256|103.256
241|103.256|103.256
242|103.256|103.256
243|103.256|103.256
244|103.256|103.256
245|103.256|103.256
246|103.256|103.256
247|103.256|103.256
248|103.256|103.256
249|103.256|103.256
250|103.256|103.256
251|103.256|103.256
252|103.256|103.256
253|103.256|103.256
254|103.256|103.256
255|103.256|103.256
256|103.256|103.256
257|103.256|103.256
258|103.256|103.256
259|103.256|103.256
260|103.256|103.256
261|103.256|103.256
262|103.256|103.256
263|103.256|103.256
264|103.256|103.256
265|103.256|103.256
266|103.256|103.256
267|103.256|103.256
268|103.256|103.256
269|103.256|103.256
270|103.256|103.256
271|103.256|103.256
272|103.256|103.256
273|103.256|103.256
274|103.256|103.256
275|103.256|103.256
276|103.256|103.256
277|103.256|103.256
278|103.256|103.256
279|103.256|103.256
280|103.256|103.256
281|103.256|103.256
282|103.256|103.256
283|103.256|103.256
284|103.256|103.256
285|103.256|103.256
286|103.256|103.256
287|103.256|103.256
288|103.256|103.256
289|103.256|103.256
290|103.256|103.256
291|103.256|103.256
292|103.256|103.256
293|103.256|103.256
294|103.256|103.256
295|103.256|103.256
296|103.256|103.256
297|103.256|103.256
298|103.256|103.256
299|103.256|103.256
300|103.256|103.256
301|103.256|103.256
302|103.256|103.256
303|103.256|103.256
304|103.256|103.256
305|103.256|103.256
306|103.256|103.256
307|103.256|103.256
308|103.256|103.256
309|103.256|103.256
310|103.256|103.256
311|103.256|103.256
312|103.256|103.256
313|103.256|103.256
314|103.256|103.256
315|103.256|103.256
316|103.256|103.256
317|103.256|103.256
318|103.256|103.256
319|103.256|103.256
320|103.256|103.256
321|103.256|103.256
322|103.256|103.256
323|103.256|103.256
324|103.256|103.256
325|103.256|103.256
326|103.256|103.256
327|103.256|103.256
328|103.256|103.256
329|103.256|103.256
330|103.256|103.256
331|103.256|103.256
332|103.256|103.256
333|103.256|103.256
334|103.256|103.256
335|103.256|103.256
336|103.256|103.256
337|103.256|103.256
338|103.256|103.256
339|103.256|103.256
340|103.256|103.256
341|103.256|103.256
342|103.256|103.256
343|103.256|103.256
344|103.256|103.256
345|103.256|103.256
346|103.256|103.256
347|103.256|103.256
348|103.256|103.256
349|103.256|103.256
EARLY STOP: TARGET FOUND
2861091ms
