1|-1.04282|-1.04282
2|-1.04307|-1.04307
3|-1.04314|-1.04314
4|-1.04317|-1.04317
5|-1.04317|-1.04317
6|-1.23935|-1.23935
7|-1.76131|-1.76131
8|-1.9777|-1.9777
9|-2.02586|-2.02586
10|-2.03037|-2.03037
11|-2.03146|-2.03146
12|-2.03173|-2.03173
13|-2.03179|-2.03179
14|-2.0318|-2.0318
15|-2.0318|-2.0318
16|-2.0318|-2.0318
17|-2.50651|-2.50651
18|-2.53644|-2.53644
19|-2.54796|-2.54796
20|-2.55281|-2.55281
21|-2.55309|-2.55309
22|-2.55323|-2.55323
23|-2.55326|-2.55326
24|-2.55328|-2.55328
25|-3.03477|-3.03477
26|-3.0492|-3.0492
27|-3.05621|-3.05621
28|-3.05966|-3.05966
29|-3.06137|-3.06137
30|-3.06147|-3.06147
31|-3.06153|-3.06153
32|-3.06449|-3.06449
33|-3.39764|-3.39764
34|-3.48074|-3.48074
35|-3.52499|-3.52499
36|-3.54762|-3.54762
37|-3.55904|-3.55904
38|-3.56191|-3.56191
39|-3.56227|-3.56227
40|-3.56245|-3.56245
41|-3.56254|-3.56254
42|-3.56254|-3.56254
43|-3.56254|-3.56254
44|-3.56254|-3.56254
45|-3.56254|-3.56254
46|-3.56254|-3.56254
47|-3.56254|-3.56254
48|-3.56254|-3.56254
49|-3.56254|-3.56254
50|-3.56254|-3.56254
51|-3.56254|-3.56254
52|-3.56254|-3.56254
53|-3.56254|-3.56254
54|-3.56254|-3.56254
55|-3.56254|-3.56254
56|-3.56254|-3.56254
57|-3.56254|-3.56254
58|-3.56254|-3.56254
59|-3.56254|-3.56254
60|-3.56254|-3.56254
61|-3.56254|-3.56254
62|-3.56254|-3.56254
63|-3.56254|-3.56254
64|-3.56254|-3.56254
65|-3.56254|-3.56254
66|-3.56254|-3.56254
67|-3.56254|-3.56254
68|-3.56254|-3.56254
69|-3.56254|-3.56254
70|-3.56254|-3.56254
71|-3.56254|-3.56254
72|-3.56254|-3.56254
73|-3.56254|-3.56254
74|-3.56254|-3.56254
75|-3.56254|-3.56254
76|-3.56254|-3.56254
77|-3.56254|-3.56254
78|-3.56254|-3.56254
79|-3.56254|-3.56254
80|-3.56254|-3.56254
81|-3.56254|-3.56254
82|-3.56254|-3.56254
83|-3.56254|-3.56254
84|-3.56254|-3.56254
85|-3.56254|-3.56254
86|-3.56254|-3.56254
87|-3.56254|-3.56254
88|-3.56254|-3.56254
89|-3.56254|-3.56254
90|-3.56254|-3.56254
91|-3.56254|-3.56254
92|-3.56254|-3.56254
93|-3.56254|-3.56254
94|-3.56254|-3.56254
95|-3.56254|-3.56254
96|-3.56254|-3.56254
97|-3.56254|-3.56254
98|-3.56254|-3.56254
99|-3.56254|-3.56254
100|-3.56254|-3.56254
101|-3.56254|-3.56254
102|-3.56254|-3.56254
103|-3.56254|-3.56254
104|-3.56254|-3.56254
105|-3.56254|-3.56254
106|-3.56254|-3.56254
107|-3.56254|-3.56254
108|-3.56254|-3.56254
109|-3.56254|-3.56254
110|-3.56254|-3.56254
111|-3.56254|-3.56254
112|-3.56254|-3.56254
113|-3.56254|-3.56254
114|-3.56254|-3.56254
115|-3.56254|-3.56254
116|-3.56254|-3.56254
117|-3.56254|-3.56254
118|-3.56254|-3.56254
119|-3.56254|-3.56254
120|-3.56254|-3.56254
121|-3.56254|-3.56254
122|-3.56254|-3.56254
123|-3.56254|-3.56254
124|-3.56254|-3.56254
125|-3.56254|-3.56254
126|-3.56254|-3.56254
127|-3.56254|-3.56254
128|-3.56254|-3.56254
129|-3.56254|-3.56254
130|-3.56254|-3.56254
131|-3.56254|-3.56254
132|-3.56254|-3.56254
133|-3.56254|-3.56254
134|-3.56254|-3.56254
135|-3.56254|-3.56254
136|-3.56254|-3.56254
137|-3.56254|-3.56254
138|-3.56254|-3.56254
139|-3.56254|-3.56254
140|-3.56254|-3.56254
141|-3.56254|-3.56254
142|-3.56254|-3.56254
143|-3.56254|-3.56254
144|-3.56254|-3.56254
145|-3.56254|-3.56254
146|-3.56254|-3.56254
147|-3.56254|-3.56254
148|-3.56254|-3.56254
149|-3.56254|-3.56254
150|-3.56254|-3.56254
151|-3.56254|-3.56254
152|-3.56254|-3.56254
153|-3.56254|-3.56254
154|-3.56254|-3.56254
155|-3.56254|-3.56254
156|-3.56254|-3.56254
157|-3.56254|-3.56254
158|-3.56254|-3.56254
159|-3.56254|-3.56254
160|-3.56254|-3.56254
161|-3.56254|-3.56254
162|-3.56254|-3.56254
163|-3.56254|-3.56254
164|-3.56254|-3.56254
165|-3.56254|-3.56254
166|-3.56254|-3.56254
167|-3.56254|-3.56254
168|-3.56254|-3.56254
169|-3.56254|-3.56254
170|-3.56254|-3.56254
171|-3.56254|-3.56254
172|-3.56254|-3.56254
173|-3.56254|-3.56254
174|-3.56254|-3.56254
175|-3.56254|-3.56254
176|-3.56254|-3.56254
177|-3.56254|-3.56254
178|-3.56254|-3.56254
179|-3.56254|-3.56254
180|-3.56254|-3.56254
181|-3.56254|-3.56254
182|-3.56254|-3.56254
183|-3.56254|-3.56254
184|-3.56254|-3.56254
185|-3.56254|-3.56254
186|-3.56254|-3.56254
187|-3.56254|-3.56254
188|-3.56254|-3.56254
189|-3.56254|-3.56254
190|-3.56254|-3.56254
191|-3.56254|-3.56254
EARLY STOP: TARGET FOUND
67142ms
