1|286.559|286.559
2|286.557|286.557
3|286.557|286.557
4|261.969|261.969
5|261.95|261.95
6|261.946|261.946
7|261.946|261.946
8|261.944|261.944
9|261.944|261.944
10|261.944|261.944
11|261.825|261.825
12|261.825|261.825
13|261.825|261.825
14|249.807|249.807
15|249.807|249.807
16|247.896|247.896
17|247.885|247.885
18|247.885|247.885
19|247.885|247.885
20|246.836|246.836
21|246.619|246.619
22|246.587|246.587
23|246.587|246.587
24|246.586|246.586
25|246.586|246.586
26|241.777|241.777
27|240.602|240.602
28|240.321|240.321
29|240.257|240.257
30|240.245|240.245
31|240.244|240.244
32|240.244|240.244
33|240.243|240.243
34|240.243|240.243
35|240.243|240.243
36|239.614|239.614
37|239.614|239.614
38|239.585|239.585
39|239.585|239.585
40|239.585|239.585
41|239.239|239.239
42|234.41|234.41
43|233.224|233.224
44|232.939|232.939
45|232.873|232.873
46|232.859|232.859
47|232.857|232.857
48|232.857|232.857
49|231.729|231.729
50|231.472|231.472
51|231.42|231.42
52|231.413|231.413
53|218.661|218.661
54|216.934|216.934
55|216.933|216.933
56|216.933|216.933
57|216.933|216.933
58|216.933|216.933
59|214.537|214.537
60|214.468|214.468
61|214.453|214.453
62|214.45|214.45
63|214.45|214.45
64|214.45|214.45
65|214.45|214.45
66|188.938|188.938
67|188.934|188.934
68|188.933|188.933
69|188.933|188.933
70|184.956|184.956
71|184.956|184.956
72|184.197|184.197
73|184.135|184.135
74|184.123|184.123
75|184.122|184.122
76|184.122|184.122
77|184.122|184.122
78|167.569|167.569
79|167.569|167.569
80|166.771|166.771
81|166.7|166.7
82|166.683|166.683
83|166.683|166.683
84|166.679|166.679
85|166.679|166.679
86|166.679|166.679
87|149.759|149.759
88|149.007|149.007
89|148.947|148.947
90|148.936|148.936
91|148.936|148.936
92|148.936|148.936
93|148.936|148.936
94|133.714|133.714
95|132.75|132.75
96|132.575|132.575
97|132.563|132.563
98|132.562|132.562
99|132.562|132.562
100|127.537|127.537
101|127.537|127.537
102|127.537|127.537
103|123.878|123.878
104|123.878|123.878
105|123.277|123.277
106|123.26|123.26
107|123.256|123.256
108|123.255|123.255
109|123.255|123.255
110|123.255|123.255
111|112.512|112.512
112|110.283|110.283
113|110.234|110.234
114|110.23|110.23
115|110.23|110.23
116|110.23|110.23
117|110.229|110.229
118|98.4832|98.4832
119|96.5046|96.5046
120|96.4897|96.4897
121|96.4871|96.4871
122|96.4869|96.4869
123|96.4869|96.4869
124|92.0584|92.0584
125|91.073|91.073
126|90.8875|90.8875
127|90.8731|90.8731
128|90.8707|90.8707
129|90.8706|90.8706
130|90.8706|90.8706
131|90.8706|90.8706
132|90.4043|90.4043
133|90.4043|90.4043
134|90.4024|90.4024
135|90.4024|90.4024
136|90.4023|90.4023
137|90.1977|90.1977
138|90.1977|90.1977
139|90.1785|90.1785
140|90.1738|90.1738
141|90.1738|90.1738
142|90.1726|90.1726
143|90.1726|90.1726
144|90.1723|90.1723
145|90.1722|90.1722
146|90.1722|90.1722
147|90.1722|90.1722
148|90.1621|90.1621
149|90.1615|90.1615
150|90.1615|90.1615
151|71.8148|71.8148
152|71.241|71.241
153|71.2268|71.2268
154|71.2246|71.2246
155|71.2245|71.2245
156|71.2245|71.2245
157|71.2245|71.2245
158|48.8456|48.8456
159|48.8456|48.8456
160|48.7083|48.7083
161|48.7055|48.7055
162|48.7053|48.7053
163|48.7053|48.7053
164|48.7053|48.7053
165|27.645|27.645
166|27.4253|27.4253
167|27.3922|27.3922
168|27.3922|27.3922
169|27.3917|27.3917
170|27.3917|27.3917
171|27.3917|27.3917
172|27.3917|27.3917
173|24.6289|24.6289
174|24.4502|24.4502
175|24.4502|24.4502
176|24.4375|24.4375
177|24.4363|24.4363
178|24.4363|24.4363
179|24.4361|24.4361
180|24.436|24.436
181|24.436|24.436
182|24.436|24.436
183|13.8404|13.8404
184|13.8404|13.8404
185|13.8404|13.8404
186|13.8404|13.8404
187|11.5741|11.5741
188|11.5212|11.5212
189|11.5212|11.5212
190|11.514|11.514
191|11.514|11.514
192|11.5139|11.5139
193|11.5139|11.5139
194|9.60936|9.60936
195|9.59913|9.59913
196|9.59857|9.59857
197|9.59855|9.59855
198|9.59855|9.59855
199|9.59855|9.59855
200|4.08789|4.08789
201|4.08789|4.08789
202|0.550346|0.550346
203|0.550346|0.550346
204|0.550346|0.550346
205|0.550346|0.550346
206|0.550346|0.550346
207|0.550346|0.550346
208|0.550346|0.550346
209|0.550346|0.550346
210|0.550345|0.550345
211|0.550345|0.550345
212|0.550345|0.550345
213|0.550345|0.550345
214|0.550345|0.550345
215|0.550345|0.550345
216|0.550345|0.550345
217|0.550345|0.550345
218|0.550344|0.550344
219|0.550344|0.550344
220|0.550344|0.550344
221|0.550344|0.550344
222|0.550344|0.550344
223|0.550344|0.550344
224|0.550344|0.550344
225|0.550344|0.550344
226|0.0103739|0.0103739
227|0.0103739|0.0103739
228|0.0103739|0.0103739
229|0.0103739|0.0103739
230|0.0103739|0.0103739
231|0.0103739|0.0103739
232|0.0103739|0.0103739
233|0.0103739|0.0103739
234|0.0103739|0.0103739
235|0.0103739|0.0103739
236|0.0103738|0.0103738
237|0.0103738|0.0103738
238|0.0103738|0.0103738
239|0.0103738|0.0103738
240|0.0103738|0.0103738
241|0.0103738|0.0103738
242|0.0103738|0.0103738
243|0.0103738|0.0103738
244|0.0103738|0.0103738
245|0.0103738|0.0103738
246|0.0103738|0.0103738
247|0.0103738|0.0103738
248|0.0103738|0.0103738
249|0.0103738|0.0103738
250|0.0103738|0.0103738
251|0.0103738|0.0103738
252|0.0103738|0.0103738
253|0.0103737|0.0103737
254|0.0103737|0.0103737
255|0.0103737|0.0103737
256|0.0103737|0.0103737
257|0.0103737|0.0103737
258|0.0103737|0.0103737
259|0.0103737|0.0103737
260|0.0103737|0.0103737
261|0.0103737|0.0103737
262|0.0103737|0.0103737
263|0.0103737|0.0103737
264|0.0103737|0.0103737
265|0.0103737|0.0103737
266|0.0103737|0.0103737
267|0.0103737|0.0103737
268|0.0103737|0.0103737
269|0.0103736|0.0103736
270|0.0103736|0.0103736
271|0.0103736|0.0103736
272|0.0103736|0.0103736
273|0.0103736|0.0103736
274|0.0103736|0.0103736
275|0.0103736|0.0103736
276|0.0103736|0.0103736
277|0.0103736|0.0103736
278|0.0103736|0.0103736
279|0.0103736|0.0103736
280|0.000477451|0.000477451
EARLY STOP: TARGET FOUND
1557337ms
