1|65.1353|65.1353
2|65.1331|65.1331
3|65.1321|65.1321
4|65.1315|65.1315
5|65.1314|65.1314
6|63.7678|63.7678
7|63.7|63.7
8|63.6833|63.6833
9|63.6792|63.6792
10|63.6787|63.6787
11|63.6784|63.6784
12|51.2833|51.2833
13|51.2146|51.2146
14|51.181|51.181
15|51.1727|51.1727
16|51.1686|51.1686
17|51.1675|51.1675
18|51.167|51.167
19|51.1668|51.1668
20|23.0034|23.0034
21|22.9673|22.9673
22|22.9644|22.9644
23|22.9639|22.9639
24|22.9639|22.9639
25|12.7821|12.7821
26|12.3936|12.3936
27|12.3201|12.3201
28|12.319|12.319
29|12.3185|12.3185
30|12.3185|12.3185
31|12.3185|12.3185
32|12.3185|12.3185
33|12.3185|12.3185
34|12.3185|12.3185
35|12.3185|12.3185
36|12.3185|12.3185
37|12.3185|12.3185
38|12.3185|12.3185
39|12.3185|12.3185
40|12.3185|12.3185
41|12.3185|12.3185
42|12.3185|12.3185
43|12.3185|12.3185
44|12.3185|12.3185
45|12.3185|12.3185
46|12.3185|12.3185
47|12.3185|12.3185
48|12.3185|12.3185
49|12.3185|12.3185
50|12.3185|12.3185
51|12.3185|12.3185
52|12.3185|12.3185
53|12.3185|12.3185
54|12.3185|12.3185
55|12.3185|12.3185
56|12.3185|12.3185
57|12.3185|12.3185
58|12.3185|12.3185
59|12.3185|12.3185
60|12.3185|12.3185
61|12.3185|12.3185
62|12.3185|12.3185
63|12.3185|12.3185
64|12.3185|12.3185
65|12.3185|12.3185
66|12.3185|12.3185
67|12.3185|12.3185
68|12.3185|12.3185
69|12.3185|12.3185
70|12.3185|12.3185
71|12.3185|12.3185
72|12.3185|12.3185
73|12.3185|12.3185
74|12.3185|12.3185
75|12.3185|12.3185
76|12.3185|12.3185
77|12.3185|12.3185
78|12.3185|12.3185
79|12.3185|12.3185
80|12.3185|12.3185
81|12.3185|12.3185
82|12.3185|12.3185
83|12.3185|12.3185
84|12.3185|12.3185
85|12.3185|12.3185
86|12.3185|12.3185
87|12.3185|12.3185
88|12.3185|12.3185
89|12.3185|12.3185
90|12.3185|12.3185
91|12.3185|12.3185
92|12.3185|12.3185
93|12.3185|12.3185
94|12.3185|12.3185
95|12.3185|12.3185
96|12.3185|12.3185
97|12.3185|12.3185
98|12.3185|12.3185
99|12.3185|12.3185
100|12.3185|12.3185
101|12.3185|12.3185
102|12.3185|12.3185
103|12.3185|12.3185
104|12.3185|12.3185
105|12.3185|12.3185
106|12.3185|12.3185
107|12.3185|12.3185
108|12.3185|12.3185
109|12.3185|12.3185
110|12.3185|12.3185
111|12.3185|12.3185
112|12.3185|12.3185
113|12.3185|12.3185
114|12.3185|12.3185
115|12.3185|12.3185
116|12.3185|12.3185
117|12.3185|12.3185
118|12.3185|12.3185
119|12.3185|12.3185
120|12.3185|12.3185
121|12.3185|12.3185
122|12.3185|12.3185
123|12.3185|12.3185
124|12.3185|12.3185
125|12.3185|12.3185
126|12.3185|12.3185
127|12.3185|12.3185
128|12.3185|12.3185
129|12.3185|12.3185
130|12.3185|12.3185
131|12.3185|12.3185
132|12.3185|12.3185
133|12.3185|12.3185
134|12.3185|12.3185
135|12.3185|12.3185
136|12.3185|12.3185
137|12.3185|12.3185
138|12.3185|12.3185
139|12.3185|12.3185
140|12.3185|12.3185
141|12.3185|12.3185
142|12.3185|12.3185
143|12.3185|12.3185
144|12.3185|12.3185
145|12.3185|12.3185
146|12.3185|12.3185
147|12.3185|12.3185
148|12.3185|12.3185
149|12.3185|12.3185
150|12.3185|12.3185
151|12.3185|12.3185
152|12.3185|12.3185
153|12.3185|12.3185
154|12.3185|12.3185
155|12.3185|12.3185
156|12.3185|12.3185
157|12.3185|12.3185
158|12.3185|12.3185
159|12.3185|12.3185
160|12.3185|12.3185
161|12.3185|12.3185
162|12.3185|12.3185
163|12.3185|12.3185
164|12.3185|12.3185
165|12.3185|12.3185
166|12.3185|12.3185
167|12.3185|12.3185
168|12.3185|12.3185
169|12.3185|12.3185
170|12.3185|12.3185
171|12.3185|12.3185
172|12.3185|12.3185
173|12.3185|12.3185
174|12.3185|12.3185
175|12.3185|12.3185
176|12.3185|12.3185
177|12.3185|12.3185
178|12.3185|12.3185
179|12.3185|12.3185
EARLY STOP: TARGET FOUND
64675ms
