1|520.105|520.105
2|519.143|519.143
3|519.064|519.064
4|519.028|519.028
5|519.024|519.024
6|519.023|519.023
7|519.023|519.023
8|497.029|497.029
9|493.464|493.464
10|482.865|482.865
11|482.667|482.667
12|482.657|482.657
13|482.656|482.656
14|466.075|466.075
15|455.657|455.657
16|454.063|454.063
17|451.831|451.831
18|448.655|448.655
19|448.185|448.185
20|448.005|448.005
21|447.93|447.93
22|447.921|447.921
23|447.917|447.917
24|447.915|447.915
25|447.914|447.914
26|447.913|447.913
27|447.913|447.913
28|441.491|441.491
29|436.124|436.124
30|424.103|424.103
31|421.358|421.358
32|421.127|421.127
33|421.127|421.127
34|421.126|421.126
35|421.126|421.126
36|421.126|421.126
37|402.037|402.037
38|399.738|399.738
39|399.533|399.533
40|399.489|399.489
41|399.482|399.482
42|399.482|399.482
43|399.482|399.482
44|397.714|397.714
45|389.379|389.379
46|384.724|384.724
47|382.42|382.42
48|382.402|382.402
49|382.393|382.393
50|382.392|382.392
51|382.391|382.391
52|382.391|382.391
53|382.391|382.391
54|360.568|360.568
55|356.532|356.532
56|346.168|346.168
57|346.029|346.029
58|346.019|346.019
59|346.018|346.018
60|346.018|346.018
61|346.018|346.018
62|346.018|346.018
63|341.93|341.93
64|340.466|340.466
65|340.179|340.179
66|340.146|340.146
67|340.142|340.142
68|340.141|340.141
69|315.671|315.671
70|312.83|312.83
71|312.461|312.461
72|312.443|312.443
73|312.435|312.435
74|312.43|312.43
75|312.428|312.428
76|312.427|312.427
77|312.427|312.427
78|284.557|284.557
79|284.5|284.5
80|284.486|284.486
81|284.483|284.483
82|284.482|284.482
83|284.482|284.482
84|284.002|284.002
85|283.818|283.818
86|283.74|283.74
87|283.704|283.704
88|274.77|274.77
89|273.164|273.164
90|272.543|272.543
91|272.475|272.475
92|272.458|272.458
93|272.45|272.45
94|272.448|272.448
95|272.447|272.447
96|272.447|272.447
97|272.446|272.446
98|269.187|269.187
99|268.364|268.364
100|268.182|268.182
101|268.151|268.151
102|268.149|268.149
103|268.149|268.149
104|267.75|267.75
105|265.316|265.316
106|264.622|264.622
107|263.997|263.997
108|259.655|259.655
109|259.648|259.648
110|259.646|259.646
111|259.646|259.646
112|259.646|259.646
113|244.736|244.736
114|244.626|244.626
115|244.623|244.623
116|244.623|244.623
117|243.803|243.803
118|235.807|235.807
119|235.614|235.614
120|232.817|232.817
121|232.767|232.767
122|232.295|232.295
123|226.526|226.526
124|226.435|226.435
125|226.435|226.435
126|226.435|226.435
127|212.35|212.35
128|210.825|210.825
129|210.521|210.521
130|210.382|210.382
131|210.349|210.349
132|210.34|210.34
133|195.176|195.176
134|191.187|191.187
135|189.802|189.802
136|189.665|189.665
137|189.663|189.663
138|183.315|183.315
139|180.02|180.02
140|179.996|179.996
141|176.101|176.101
142|175.38|175.38
143|175.067|175.067
144|174.923|174.923
145|174.854|174.854
146|174.821|174.821
147|174.804|174.804
148|174.804|174.804
149|168.363|168.363
150|162.982|162.982
151|150.918|150.918
152|148.364|148.364
153|147.976|147.976
154|147.972|147.972
155|147.972|147.972
156|144.564|144.564
157|141.675|141.675
158|141.292|141.292
159|141.255|141.255
160|141.237|141.237
161|141.233|141.233
162|141.231|141.231
163|141.23|141.23
164|141.229|141.229
165|133.531|133.531
166|133.462|133.462
167|133.428|133.428
168|133.412|133.412
169|133.403|133.403
170|133.402|133.402
171|133.402|133.402
172|113.7|113.7
173|113.663|113.663
174|113.659|113.659
175|113.659|113.659
176|113.659|113.659
177|108.212|108.212
178|108.169|108.169
179|102.852|102.852
180|102.014|102.014
181|101.987|101.987
182|101.981|101.981
183|101.979|101.979
184|101.978|101.978
185|101.978|101.978
186|95.2204|95.2204
187|86.4796|86.4796
188|86.4764|86.4764
189|86.4757|86.4757
190|86.4756|86.4756
191|86.1838|86.1838
192|86.1161|86.1161
193|86.1078|86.1078
194|86.1037|86.1037
195|86.1027|86.1027
196|86.1021|86.1021
197|86.1019|86.1019
198|85.402|85.402
199|85.2848|85.2848
200|85.2813|85.2813
201|85.2804|85.2804
202|85.2803|85.2803
203|85.2802|85.2802
204|83.6863|83.6863
205|83.0733|83.0733
206|83.0395|83.0395
207|83.0228|83.0228
208|83.0145|83.0145
209|83.0103|83.0103
210|83.0082|83.0082
211|83.0072|83.0072
212|83.007|83.007
213|81.6918|81.6918
214|81.6912|81.6912
215|81.6911|81.6911
216|81.6911|81.6911
217|81.6911|81.6911
218|81.6911|81.6911
219|81.6911|81.6911
220|81.6911|81.6911
221|81.6911|81.6911
222|81.6911|81.6911
223|81.6911|81.6911
224|81.6911|81.6911
225|81.6911|81.6911
226|81.6911|81.6911
227|81.6911|81.6911
228|81.6911|81.6911
229|81.6911|81.6911
230|81.6911|81.6911
231|81.6911|81.6911
232|81.6911|81.6911
233|81.6911|81.6911
234|81.6911|81.6911
235|81.6911|81.6911
236|81.6911|81.6911
237|81.6911|81.6911
238|81.6911|81.6911
239|81.6911|81.6911
240|81.6911|81.6911
241|81.6911|81.6911
242|81.6911|81.6911
243|81.6911|81.6911
244|81.6911|81.6911
245|81.6911|81.6911
246|81.6911|81.6911
247|81.6911|81.6911
248|81.6911|81.6911
249|81.6911|81.6911
250|81.6911|81.6911
251|81.6911|81.6911
252|81.6911|81.6911
253|81.6911|81.6911
254|81.6911|81.6911
255|81.6911|81.6911
256|81.6911|81.6911
257|81.6911|81.6911
258|81.6911|81.6911
259|81.6911|81.6911
260|81.6911|81.6911
261|81.6911|81.6911
262|81.6911|81.6911
263|81.6911|81.6911
264|81.6911|81.6911
265|81.6911|81.6911
266|81.6911|81.6911
267|81.6911|81.6911
268|81.6911|81.6911
269|81.6911|81.6911
270|81.6911|81.6911
271|81.6911|81.6911
272|81.6911|81.6911
273|81.6911|81.6911
274|81.6911|81.6911
275|81.6911|81.6911
276|81.6911|81.6911
277|81.6911|81.6911
278|81.6911|81.6911
279|81.6911|81.6911
280|81.6911|81.6911
281|81.6911|81.6911
282|81.6911|81.6911
283|81.6911|81.6911
284|81.6911|81.6911
285|81.6911|81.6911
286|81.6911|81.6911
287|81.6911|81.6911
288|81.6911|81.6911
289|81.6911|81.6911
290|81.6911|81.6911
291|81.6911|81.6911
292|81.6911|81.6911
293|81.6911|81.6911
294|81.6911|81.6911
295|81.6911|81.6911
296|81.6911|81.6911
297|81.6911|81.6911
298|81.6911|81.6911
299|81.6911|81.6911
300|81.6911|81.6911
301|81.6911|81.6911
302|81.6911|81.6911
303|81.6911|81.6911
304|81.6911|81.6911
305|81.6911|81.6911
306|81.6911|81.6911
307|81.6911|81.6911
308|81.6911|81.6911
309|81.6911|81.6911
310|81.6911|81.6911
311|81.6911|81.6911
312|81.6911|81.6911
313|81.6911|81.6911
314|81.6911|81.6911
315|81.6911|81.6911
316|81.6911|81.6911
317|81.6911|81.6911
318|81.6911|81.6911
319|81.6911|81.6911
320|81.6911|81.6911
321|81.6911|81.6911
322|81.6911|81.6911
323|81.6911|81.6911
324|81.6911|81.6911
325|81.6911|81.6911
326|81.6911|81.6911
327|81.6911|81.6911
328|81.6911|81.6911
329|81.6911|81.6911
330|81.6911|81.6911
331|81.6911|81.6911
332|81.6911|81.6911
333|81.6911|81.6911
334|81.6911|81.6911
335|81.6911|81.6911
336|81.6911|81.6911
337|81.6911|81.6911
338|81.6911|81.6911
339|81.6911|81.6911
340|81.6911|81.6911
341|81.6911|81.6911
342|81.6911|81.6911
343|81.6911|81.6911
344|81.6911|81.6911
345|81.6911|81.6911
346|81.6911|81.6911
347|81.6911|81.6911
348|81.6911|81.6911
349|81.6911|81.6911
350|81.6911|81.6911
351|81.6911|81.6911
352|81.6911|81.6911
353|81.6911|81.6911
354|81.6911|81.6911
355|81.6911|81.6911
356|81.6911|81.6911
357|81.6911|81.6911
358|81.6911|81.6911
359|81.6911|81.6911
360|81.6911|81.6911
361|81.6911|81.6911
362|81.6911|81.6911
363|81.6911|81.6911
364|81.6911|81.6911
365|81.6911|81.6911
EARLY STOP: TARGET FOUND
2872246ms
