1|-5.60252|-5.60252
2|-5.60466|-5.60466
3|-5.60467|-5.60467
4|-5.6351|-5.6351
5|-5.6351|-5.6351
6|-5.75434|-5.75434
7|-6.01544|-6.01544
8|-6.01564|-6.01564
9|-6.01743|-6.01743
10|-6.01743|-6.01743
11|-6.65063|-6.65063
12|-6.65148|-6.65148
13|-6.65531|-6.65531
14|-6.65585|-6.65585
15|-6.6559|-6.6559
16|-6.65593|-6.65593
17|-6.65593|-6.65593
18|-6.65594|-6.65594
19|-6.65594|-6.65594
20|-7.54389|-7.54389
21|-7.55251|-7.55251
22|-7.55262|-7.55262
23|-7.55264|-7.55264
24|-7.55264|-7.55264
25|-7.55264|-7.55264
26|-7.63428|-7.63428
27|-7.63428|-7.63428
28|-8.29017|-8.29017
29|-8.37419|-8.37419
30|-8.38196|-8.38196
31|-8.38263|-8.38263
32|-8.38295|-8.38295
33|-8.38311|-8.38311
34|-8.38313|-8.38313
35|-8.38314|-8.38314
36|-9.02611|-9.02611
37|-9.09447|-9.09447
38|-9.10183|-9.10183
39|-9.1054|-9.1054
40|-9.10715|-9.10715
41|-9.10802|-9.10802
42|-9.10824|-9.10824
43|-9.10835|-9.10835
44|-9.1084|-9.1084
45|-9.10843|-9.10843
46|-9.56123|-9.56123
47|-9.58737|-9.58737
48|-9.59589|-9.59589
49|-9.5975|-9.5975
50|-9.59788|-9.59788
51|-9.59792|-9.59792
52|-9.69025|-9.69025
53|-9.7784|-9.7784
54|-9.78261|-9.78261
55|-9.78276|-9.78276
56|-9.78279|-9.78279
57|-9.8326|-9.8326
58|-9.84023|-9.84023
59|-9.84325|-9.84325
60|-9.84358|-9.84358
61|-9.84363|-9.84363
62|-9.84364|-9.84364
63|-9.85341|-9.85341
64|-9.8604|-9.8604
65|-9.8649|-9.8649
66|-9.8674|-9.8674
67|-9.86871|-9.86871
68|-9.86904|-9.86904
69|-9.86921|-9.86921
70|-9.86929|-9.86929
71|-10.0361|-10.0361
72|-10.0861|-10.0861
73|-10.0888|-10.0888
74|-10.0896|-10.0896
75|-10.0898|-10.0898
76|-10.0898|-10.0898
77|-10.0898|-10.0898
78|-10.2469|-10.2469
79|-10.3926|-10.3926
80|-10.4486|-10.4486
81|-10.4497|-10.4497
82|-10.4497|-10.4497
83|-10.9612|-10.9612
84|-10.9764|-10.9764
85|-10.9796|-10.9796
86|-10.9801|-10.9801
87|-10.9801|-10.9801
88|-10.9801|-10.9801
89|-11.2553|-11.2553
90|-11.2558|-11.2558
91|-11.256|-11.256
92|-11.256|-11.256
93|-11.256|-11.256
94|-11.2561|-11.2561
95|-11.3322|-11.3322
96|-11.3549|-11.3549
97|-12.0898|-12.0898
98|-12.0935|-12.0935
99|-12.0941|-12.0941
100|-12.0941|-12.0941
101|-12.0941|-12.0941
102|-12.4298|-12.4298
103|-12.9126|-12.9126
104|-13.0215|-13.0215
105|-13.0247|-13.0247
106|-13.0255|-13.0255
107|-13.0258|-13.0258
108|-13.0259|-13.0259
109|-13.1768|-13.1768
110|-13.2384|-13.2384
111|-13.2642|-13.2642
112|-13.2757|-13.2757
113|-13.2785|-13.2785
114|-13.2786|-13.2786
115|-14.0792|-14.0792
116|-14.1091|-14.1091
117|-14.1104|-14.1104
118|-14.1105|-14.1105
119|-14.1107|-14.1107
120|-14.1107|-14.1107
121|-14.3031|-14.3031
122|-14.425|-14.425
123|-14.9855|-14.9855
124|-14.9895|-14.9895
125|-14.9912|-14.9912
126|-14.9915|-14.9915
127|-14.9917|-14.9917
128|-14.9918|-14.9918
129|-14.9918|-14.9918
130|-15.3126|-15.3126
131|-15.6281|-15.6281
132|-15.6354|-15.6354
133|-15.6371|-15.6371
134|-15.6375|-15.6375
135|-15.6375|-15.6375
136|-15.6376|-15.6376
137|-15.6376|-15.6376
138|-15.6376|-15.6376
139|-16.025|-16.025
140|-16.0471|-16.0471
141|-16.0488|-16.0488
142|-16.24|-16.24
143|-16.5039|-16.5039
144|-16.692|-16.692
145|-16.9951|-16.9951
146|-16.9982|-16.9982
147|-16.9985|-16.9985
148|-16.9986|-16.9986
149|-16.9986|-16.9986
150|-16.9986|-16.9986
151|-17.5605|-17.5605
152|-17.9802|-17.9802
153|-17.9846|-17.9846
154|-17.9942|-17.9942
155|-17.9943|-17.9943
156|-17.9943|-17.9943
157|-17.9943|-17.9943
158|-18.2108|-18.2108
159|-18.4213|-18.4213
160|-18.4472|-18.4472
161|-18.505|-18.505
162|-18.5056|-18.5056
163|-18.5057|-18.5057
164|-18.5433|-18.5433
165|-19.4641|-19.4641
166|-19.4987|-19.4987
167|-19.5048|-19.5048
168|-19.5051|-19.5051
169|-19.5052|-19.5052
170|-19.5052|-19.5052
171|-19.9599|-19.9599
172|-20.37|-20.37
173|-20.3731|-20.3731
174|-20.3735|-20.3735
175|-20.4035|-20.4035
176|-20.4274|-20.4274
177|-20.4366|-20.4366
178|-20.4404|-20.4404
179|-20.4409|-20.4409
180|-20.4411|-20.4411
181|-20.8162|-20.8162
182|-20.8407|-20.8407
183|-20.8445|-20.8445
184|-20.8447|-20.8447
185|-20.8448|-20.8448
186|-20.8448|-20.8448
187|-20.8449|-20.8449
188|-21.8233|-21.8233
189|-21.8244|-21.8244
190|-21.8244|-21.8244
191|-21.8244|-21.8244
192|-22.7012|-22.7012
193|-22.7581|-22.7581
194|-22.8178|-22.8178
195|-22.8181|-22.8181
196|-22.8183|-22.8183
197|-22.8183|-22.8183
198|-22.8183|-22.8183
199|-22.8183|-22.8183
200|-22.8183|-22.8183
201|-22.8183|-22.8183
202|-22.8183|-22.8183
203|-22.8183|-22.8183
204|-22.8183|-22.8183
205|-22.8183|-22.8183
206|-22.8183|-22.8183
207|-22.8183|-22.8183
208|-22.8183|-22.8183
209|-22.8183|-22.8183
210|-22.8183|-22.8183
211|-22.8183|-22.8183
212|-22.8183|-22.8183
213|-22.8183|-22.8183
214|-22.8183|-22.8183
215|-22.8183|-22.8183
216|-22.8183|-22.8183
217|-22.8183|-22.8183
218|-22.8183|-22.8183
219|-22.8183|-22.8183
220|-22.8183|-22.8183
221|-22.8183|-22.8183
222|-22.8183|-22.8183
223|-22.8183|-22.8183
224|-22.8183|-22.8183
225|-22.8183|-22.8183
226|-22.8183|-22.8183
227|-22.8183|-22.8183
228|-22.8183|-22.8183
229|-22.8183|-22.8183
230|-22.8183|-22.8183
231|-22.8183|-22.8183
232|-22.8183|-22.8183
233|-22.8183|-22.8183
234|-22.8183|-22.8183
235|-22.8183|-22.8183
236|-22.8183|-22.8183
237|-22.8183|-22.8183
238|-22.8183|-22.8183
239|-22.8183|-22.8183
240|-22.8183|-22.8183
241|-22.8183|-22.8183
242|-22.8183|-22.8183
243|-22.8183|-22.8183
244|-22.8183|-22.8183
245|-22.8183|-22.8183
246|-22.8183|-22.8183
247|-22.8183|-22.8183
248|-22.8183|-22.8183
249|-22.8183|-22.8183
250|-22.8183|-22.8183
251|-22.8183|-22.8183
252|-22.8183|-22.8183
253|-22.8183|-22.8183
254|-22.8183|-22.8183
255|-22.8183|-22.8183
256|-22.8183|-22.8183
257|-22.8183|-22.8183
258|-22.8183|-22.8183
259|-22.8183|-22.8183
260|-22.8183|-22.8183
261|-22.8183|-22.8183
262|-22.8183|-22.8183
263|-22.8183|-22.8183
264|-22.8183|-22.8183
265|-22.8183|-22.8183
266|-22.8183|-22.8183
267|-22.8183|-22.8183
268|-22.8183|-22.8183
269|-22.8183|-22.8183
270|-22.8183|-22.8183
271|-22.8183|-22.8183
272|-22.8183|-22.8183
273|-22.8183|-22.8183
274|-22.8183|-22.8183
275|-22.8183|-22.8183
276|-22.8183|-22.8183
277|-22.8183|-22.8183
278|-22.8183|-22.8183
279|-22.8183|-22.8183
280|-22.8183|-22.8183
281|-22.8183|-22.8183
282|-22.8183|-22.8183
283|-22.8183|-22.8183
284|-22.8183|-22.8183
285|-22.8183|-22.8183
286|-22.8183|-22.8183
287|-22.8183|-22.8183
288|-22.8183|-22.8183
289|-22.8183|-22.8183
290|-22.8183|-22.8183
291|-22.8183|-22.8183
292|-22.8183|-22.8183
293|-22.8183|-22.8183
294|-22.8183|-22.8183
295|-22.8183|-22.8183
296|-22.8183|-22.8183
297|-22.8183|-22.8183
298|-22.8183|-22.8183
299|-22.8183|-22.8183
300|-22.8183|-22.8183
301|-22.8183|-22.8183
302|-22.8183|-22.8183
303|-22.8183|-22.8183
304|-22.8183|-22.8183
305|-22.8183|-22.8183
306|-22.8183|-22.8183
307|-22.8183|-22.8183
308|-22.8183|-22.8183
309|-22.8183|-22.8183
310|-22.8183|-22.8183
311|-22.8183|-22.8183
312|-22.8183|-22.8183
313|-22.8183|-22.8183
314|-22.8183|-22.8183
315|-22.8183|-22.8183
316|-22.8183|-22.8183
317|-22.8183|-22.8183
318|-22.8183|-22.8183
319|-22.8183|-22.8183
320|-22.8183|-22.8183
321|-22.8183|-22.8183
322|-22.8183|-22.8183
323|-22.8183|-22.8183
324|-22.8183|-22.8183
325|-22.8183|-22.8183
326|-22.8183|-22.8183
327|-22.8183|-22.8183
328|-22.8183|-22.8183
329|-22.8183|-22.8183
330|-22.8183|-22.8183
331|-22.8183|-22.8183
332|-22.8183|-22.8183
333|-22.8183|-22.8183
334|-22.8183|-22.8183
335|-22.8183|-22.8183
336|-22.8183|-22.8183
337|-22.8183|-22.8183
338|-22.8183|-22.8183
339|-22.8183|-22.8183
340|-22.8183|-22.8183
341|-22.8183|-22.8183
342|-22.8183|-22.8183
343|-22.8183|-22.8183
344|-22.8183|-22.8183
345|-22.8183|-22.8183
346|-22.8183|-22.8183
347|-22.8183|-22.8183
348|-22.8183|-22.8183
349|-22.8183|-22.8183
EARLY STOP: TARGET FOUND
2855682ms
