1|-0.024473|-0.024473
2|-0.0248908|-0.0248908
3|-0.0250742|-0.0250742
4|-0.0251832|-0.0251832
5|-0.0252124|-0.0252124
6|-0.0252199|-0.0252199
7|-0.0252217|-0.0252217
8|-0.0252227|-0.0252227
9|-0.0252227|-0.0252227
10|-0.600037|-0.600037
11|-1.00463|-1.00463
12|-1.02075|-1.02075
13|-1.02443|-1.02443
14|-1.02515|-1.02515
15|-1.02521|-1.02521
16|-1.02522|-1.02522
17|-1.02522|-1.02522
18|-1.02522|-1.02522
19|-1.64993|-1.64993
20|-1.94634|-1.94634
21|-1.95997|-1.95997
22|-1.96016|-1.96016
23|-1.96022|-1.96022
24|-1.96022|-1.96022
25|-1.96022|-1.96022
26|-1.9603|-1.9603
27|-1.96034|-1.96034
28|-1.96036|-1.96036
29|-1.96037|-1.96037
30|-1.96037|-1.96037
31|-1.96037|-1.96037
32|-1.96037|-1.96037
33|-2.02596|-2.02596
34|-2.9471|-2.9471
35|-2.94911|-2.94911
36|-2.94914|-2.94914
37|-2.94917|-2.94917
38|-2.94917|-2.94917
39|-2.94917|-2.94917
40|-2.94917|-2.94917
41|-2.94917|-2.94917
42|-2.94917|-2.94917
43|-2.94917|-2.94917
44|-2.94917|-2.94917
45|-2.94917|-2.94917
46|-2.94917|-2.94917
47|-2.94917|-2.94917
48|-2.94917|-2.94917
49|-2.94917|-2.94917
50|-2.94917|-2.94917
51|-2.94917|-2.94917
52|-2.94917|-2.94917
53|-2.94917|-2.94917
54|-2.94917|-2.94917
55|-2.94917|-2.94917
56|-2.94917|-2.94917
57|-2.94917|-2.94917
58|-2.94917|-2.94917
59|-2.94917|-2.94917
60|-2.94917|-2.94917
61|-2.94917|-2.94917
62|-2.94917|-2.94917
63|-2.94917|-2.94917
64|-2.94917|-2.94917
65|-2.94917|-2.94917
66|-2.94917|-2.94917
67|-2.94917|-2.94917
68|-2.94917|-2.94917
69|-2.94917|-2.94917
70|-2.94917|-2.94917
71|-2.94917|-2.94917
72|-2.94917|-2.94917
73|-2.94917|-2.94917
74|-2.94917|-2.94917
75|-2.94917|-2.94917
76|-2.94917|-2.94917
77|-2.94917|-2.94917
78|-2.94917|-2.94917
79|-2.94917|-2.94917
80|-2.94917|-2.94917
81|-2.94917|-2.94917
82|-2.94917|-2.94917
83|-2.94917|-2.94917
84|-2.94917|-2.94917
85|-2.94917|-2.94917
86|-2.94917|-2.94917
87|-2.94917|-2.94917
88|-2.94917|-2.94917
89|-2.94917|-2.94917
90|-2.94917|-2.94917
91|-2.94917|-2.94917
92|-2.94917|-2.94917
93|-2.94917|-2.94917
94|-2.94917|-2.94917
95|-2.94917|-2.94917
96|-2.94917|-2.94917
97|-2.94917|-2.94917
98|-2.94917|-2.94917
99|-2.94917|-2.94917
100|-2.94917|-2.94917
101|-2.94917|-2.94917
102|-2.94917|-2.94917
103|-2.94917|-2.94917
104|-2.94917|-2.94917
105|-2.94917|-2.94917
106|-2.94917|-2.94917
107|-2.94917|-2.94917
108|-2.94917|-2.94917
109|-2.94917|-2.94917
110|-2.94917|-2.94917
111|-2.94917|-2.94917
112|-2.94917|-2.94917
113|-2.94917|-2.94917
114|-2.94917|-2.94917
115|-2.94917|-2.94917
116|-2.94917|-2.94917
117|-2.94917|-2.94917
118|-2.94917|-2.94917
119|-2.94917|-2.94917
120|-2.94917|-2.94917
121|-2.94917|-2.94917
122|-2.94917|-2.94917
123|-2.94917|-2.94917
124|-2.94917|-2.94917
125|-2.94917|-2.94917
126|-2.94917|-2.94917
127|-2.94917|-2.94917
128|-2.94917|-2.94917
129|-2.94917|-2.94917
130|-2.94917|-2.94917
131|-2.94917|-2.94917
132|-2.94917|-2.94917
133|-2.94917|-2.94917
134|-2.94917|-2.94917
135|-2.94917|-2.94917
136|-2.94917|-2.94917
137|-2.94917|-2.94917
138|-2.94917|-2.94917
139|-2.94917|-2.94917
140|-2.94917|-2.94917
141|-2.94917|-2.94917
142|-2.94917|-2.94917
143|-2.94917|-2.94917
144|-2.94917|-2.94917
145|-2.94917|-2.94917
146|-2.94917|-2.94917
147|-2.94917|-2.94917
148|-2.94917|-2.94917
149|-2.94917|-2.94917
150|-2.94917|-2.94917
151|-2.94917|-2.94917
152|-2.94917|-2.94917
153|-2.94917|-2.94917
154|-2.94917|-2.94917
155|-2.94917|-2.94917
156|-2.94917|-2.94917
157|-2.94917|-2.94917
158|-2.94917|-2.94917
159|-2.94917|-2.94917
160|-2.94917|-2.94917
161|-2.94917|-2.94917
162|-2.94917|-2.94917
163|-2.94917|-2.94917
164|-2.94917|-2.94917
165|-2.94917|-2.94917
166|-2.94917|-2.94917
167|-2.94917|-2.94917
168|-2.94917|-2.94917
169|-2.94917|-2.94917
170|-2.94917|-2.94917
171|-2.94917|-2.94917
172|-2.94917|-2.94917
173|-2.94917|-2.94917
174|-2.94917|-2.94917
175|-2.94917|-2.94917
176|-2.94917|-2.94917
177|-2.94917|-2.94917
178|-2.94917|-2.94917
179|-2.94917|-2.94917
180|-2.94917|-2.94917
181|-2.94917|-2.94917
182|-2.94917|-2.94917
183|-2.94917|-2.94917
184|-2.94917|-2.94917
185|-2.94917|-2.94917
186|-2.94917|-2.94917
187|-2.94917|-2.94917
188|-2.94917|-2.94917
189|-2.94917|-2.94917
EARLY STOP: TARGET FOUND
64496ms
