1|56.698|56.698
2|55.8618|55.8618
3|55.8346|55.8346
4|55.8284|55.8284
5|55.8262|55.8262
6|55.8261|55.8261
7|55.8261|55.8261
8|55.8141|55.8141
9|55.8115|55.8115
10|55.8111|55.8111
11|55.811|55.811
12|55.8109|55.8109
13|51.6668|51.6668
14|34.4399|34.4399
15|31.6243|31.6243
16|31.0719|31.0719
17|31.0315|31.0315
18|31.0262|31.0262
19|31.0262|31.0262
20|21.3752|21.3752
21|21.0754|21.0754
22|16.3355|16.3355
23|13.7911|13.7911
24|13.6313|13.6313
25|13.6226|13.6226
26|13.6183|13.6183
27|13.4177|13.4177
28|13.2315|13.2315
29|13.2194|13.2194
30|13.2168|13.2168
31|13.2161|13.2161
32|13.2158|13.2158
33|13.2157|13.2157
34|13.2157|13.2157
35|13.2157|13.2157
36|13.2157|13.2157
37|13.2157|13.2157
38|13.2157|13.2157
39|13.2157|13.2157
40|13.2157|13.2157
41|13.2157|13.2157
42|13.2157|13.2157
43|13.2157|13.2157
44|13.2157|13.2157
45|13.2157|13.2157
46|13.2157|13.2157
47|13.2157|13.2157
48|13.2157|13.2157
49|13.2157|13.2157
50|13.2157|13.2157
51|13.2157|13.2157
52|13.2157|13.2157
53|13.2157|13.2157
54|13.2157|13.2157
55|13.2157|13.2157
56|13.2157|13.2157
57|13.2157|13.2157
58|13.2157|13.2157
59|13.2157|13.2157
60|13.2157|13.2157
61|13.2157|13.2157
62|13.2157|13.2157
63|13.2157|13.2157
64|13.2157|13.2157
65|13.2157|13.2157
66|13.2157|13.2157
67|13.2157|13.2157
68|13.2157|13.2157
69|13.2157|13.2157
70|13.2157|13.2157
71|13.2157|13.2157
72|13.2157|13.2157
73|13.2157|13.2157
74|13.2157|13.2157
75|13.2157|13.2157
76|13.2157|13.2157
77|13.2157|13.2157
78|13.2157|13.2157
79|13.2157|13.2157
80|13.2157|13.2157
81|13.2157|13.2157
82|13.2157|13.2157
83|13.2157|13.2157
84|13.2157|13.2157
85|13.2157|13.2157
86|13.2157|13.2157
87|13.2157|13.2157
88|13.2157|13.2157
89|13.2157|13.2157
90|13.2157|13.2157
91|13.2157|13.2157
92|13.2157|13.2157
93|13.2157|13.2157
94|13.2157|13.2157
95|13.2157|13.2157
96|13.2157|13.2157
97|13.2157|13.2157
98|13.2157|13.2157
99|13.2157|13.2157
100|13.2157|13.2157
101|13.2157|13.2157
102|13.2157|13.2157
103|13.2157|13.2157
104|13.2157|13.2157
105|13.2157|13.2157
106|13.2157|13.2157
107|13.2157|13.2157
108|13.2157|13.2157
109|13.2157|13.2157
110|13.2157|13.2157
111|13.2157|13.2157
112|13.2157|13.2157
113|13.2157|13.2157
114|13.2157|13.2157
115|13.2157|13.2157
116|13.2157|13.2157
117|13.2157|13.2157
118|13.2157|13.2157
119|13.2157|13.2157
120|13.2157|13.2157
121|13.2157|13.2157
122|13.2157|13.2157
123|13.2157|13.2157
124|13.2157|13.2157
125|13.2157|13.2157
126|13.2157|13.2157
127|13.2157|13.2157
128|13.2157|13.2157
129|13.2157|13.2157
130|13.2157|13.2157
131|13.2157|13.2157
132|13.2157|13.2157
133|13.2157|13.2157
134|13.2157|13.2157
135|13.2157|13.2157
136|13.2157|13.2157
137|13.2157|13.2157
138|13.2157|13.2157
139|13.2157|13.2157
140|13.2157|13.2157
141|13.2157|13.2157
142|13.2157|13.2157
143|13.2157|13.2157
144|13.2157|13.2157
145|13.2157|13.2157
146|13.2157|13.2157
147|13.2157|13.2157
148|13.2157|13.2157
149|13.2157|13.2157
150|13.2157|13.2157
151|13.2157|13.2157
152|13.2157|13.2157
153|13.2157|13.2157
154|13.2157|13.2157
155|13.2157|13.2157
156|13.2157|13.2157
157|13.2157|13.2157
158|13.2157|13.2157
159|13.2157|13.2157
160|13.2157|13.2157
161|13.2157|13.2157
162|13.2157|13.2157
163|13.2157|13.2157
164|13.2157|13.2157
165|13.2157|13.2157
166|13.2157|13.2157
167|13.2157|13.2157
168|13.2157|13.2157
169|13.2157|13.2157
170|13.2157|13.2157
171|13.2157|13.2157
172|13.2157|13.2157
173|13.2157|13.2157
174|13.2157|13.2157
175|13.2157|13.2157
176|13.2157|13.2157
177|13.2157|13.2157
178|13.2157|13.2157
179|13.2157|13.2157
180|13.2157|13.2157
181|13.2157|13.2157
182|13.2157|13.2157
183|13.2157|13.2157
184|13.2157|13.2157
EARLY STOP: TARGET FOUND
65861ms
