1|83.7604|83.7604
2|82.974|82.974
3|82.9054|82.9054
4|82.8904|82.8904
5|82.8876|82.8876
6|82.8874|82.8874
7|82.8874|82.8874
8|82.8874|82.8874
9|66.6543|66.6543
10|65.8163|65.8163
11|65.7044|65.7044
12|65.7042|65.7042
13|65.7042|65.7042
14|65.7042|65.7042
15|62.9003|62.9003
16|62.7113|62.7113
17|62.6961|62.6961
18|62.6933|62.6933
19|62.6931|62.6931
20|62.693|62.693
21|57.3218|57.3218
22|53.7494|53.7494
23|53.192|53.192
24|53.1799|53.1799
25|53.1789|53.1789
26|53.1787|53.1787
27|53.1787|53.1787
28|53.1787|53.1787
29|53.1285|53.1285
30|53.124|53.124
31|53.1229|53.1229
32|53.1226|53.1226
33|53.1226|53.1226
34|53.1226|53.1226
35|50.0014|50.0014
36|45.8665|45.8665
37|45.0279|45.0279
38|45.0279|45.0279
39|44.9157|44.9157
40|44.9155|44.9155
41|44.9155|44.9155
42|24.6429|24.6429
43|24.374|24.374
44|24.3163|24.3163
45|24.3066|24.3066
46|24.3062|24.3062
47|5.72193|5.72193
48|5.17776|5.17776
49|5.17776|5.17776
50|5.16734|5.16734
51|5.16734|5.16734
52|5.16674|5.16674
53|5.16671|5.16671
54|5.16671|5.16671
55|3.12597|3.12597
56|3.10722|3.10722
57|3.10265|3.10265
58|3.10265|3.10265
59|3.10156|3.10156
60|3.10132|3.10132
61|3.10127|3.10127
62|3.10127|3.10127
63|3.10127|3.10127
64|0.2314|0.2314
65|0.2314|0.2314
66|0.2314|0.2314
67|0.2314|0.2314
68|0.2314|0.2314
69|0.2314|0.2314
70|0.2314|0.2314
71|0.2314|0.2314
72|0.2314|0.2314
73|0.2314|0.2314
74|0.2314|0.2314
75|0.2314|0.2314
76|0.2314|0.2314
77|0.2314|0.2314
78|0.025934|0.025934
79|0.025934|0.025934
80|0.025934|0.025934
81|0.025934|0.025934
82|0.025934|0.025934
83|0.0259339|0.0259339
84|0.0259339|0.0259339
85|0.0259339|0.0259339
86|1.08361e-06|1.08361e-06
EARLY STOP: TARGET FOUND
53910ms
