1|-6.25876|-6.25876
2|-6.98832|-6.98832
3|-6.99326|-6.99326
4|-6.99328|-6.99328
5|-6.99329|-6.99329
6|-6.99329|-6.99329
7|-7.35416|-7.35416
8|-7.39249|-7.39249
9|-7.40161|-7.40161
10|-7.40454|-7.40454
11|-7.40522|-7.40522
12|-7.40523|-7.40523
13|-7.40523|-7.40523
14|-7.40523|-7.40523
15|-7.60743|-7.60743
16|-8.176|-8.176
17|-8.18619|-8.18619
18|-8.18622|-8.18622
19|-8.18624|-8.18624
20|-8.18649|-8.18649
21|-8.18655|-8.18655
22|-8.18656|-8.18656
23|-8.85696|-8.85696
24|-8.87986|-8.87986
25|-8.88126|-8.88126
26|-8.88376|-8.88376
27|-8.8838|-8.8838
28|-9.34527|-9.34527
29|-9.71457|-9.71457
30|-9.71457|-9.71457
31|-9.82077|-9.82077
32|-9.83764|-9.83764
33|-9.83786|-9.83786
34|-10.0882|-10.0882
35|-10.0882|-10.0882
36|-10.613|-10.613
37|-10.6302|-10.6302
38|-10.6334|-10.6334
39|-10.6336|-10.6336
40|-10.6337|-10.6337
41|-10.6337|-10.6337
42|-10.634|-10.634
43|-10.8323|-10.8323
44|-11.2667|-11.2667
45|-11.3416|-11.3416
46|-11.3417|-11.3417
47|-11.3418|-11.3418
48|-11.3418|-11.3418
49|-11.3936|-11.3936
50|-11.4189|-11.4189
51|-11.4221|-11.4221
52|-11.4236|-11.4236
53|-11.4244|-11.4244
54|-11.4245|-11.4245
55|-11.4245|-11.4245
56|-11.4302|-11.4302
57|-11.4423|-11.4423
58|-11.4469|-11.4469
59|-11.4495|-11.4495
60|-11.4502|-11.4502
61|-11.4502|-11.4502
62|-11.4521|-11.4521
63|-11.453|-11.453
64|-11.4535|-11.4535
65|-11.4536|-11.4536
66|-11.4536|-11.4536
67|-11.4537|-11.4537
68|-11.4754|-11.4754
69|-11.481|-11.481
70|-11.4837|-11.4837
71|-11.4844|-11.4844
72|-11.4846|-11.4846
73|-11.4847|-11.4847
74|-11.4847|-11.4847
75|-11.7136|-11.7136
76|-11.7781|-11.7781
77|-12.3984|-12.3984
78|-12.4021|-12.4021
79|-12.4038|-12.4038
80|-12.4046|-12.4046
81|-12.4048|-12.4048
82|-12.4049|-12.4049
83|-12.405|-12.405
84|-12.4739|-12.4739
85|-12.8458|-12.8458
86|-12.9493|-12.9493
87|-12.9497|-12.9497
88|-12.9497|-12.9497
89|-12.9582|-12.9582
90|-12.9662|-12.9662
91|-12.9676|-12.9676
92|-12.9677|-12.9677
93|-12.9677|-12.9677
94|-12.9677|-12.9677
95|-13.0408|-13.0408
96|-13.0447|-13.0447
97|-13.0451|-13.0451
98|-13.1346|-13.1346
99|-13.3766|-13.3766
100|-13.5473|-13.5473
101|-13.5474|-13.5474
102|-13.548|-13.548
103|-13.548|-13.548
104|-13.5483|-13.5483
105|-13.5483|-13.5483
106|-13.5483|-13.5483
107|-13.6334|-13.6334
108|-13.6687|-13.6687
109|-13.6716|-13.6716
110|-13.6779|-13.6779
111|-13.6795|-13.6795
112|-13.6802|-13.6802
113|-13.6806|-13.6806
114|-13.7291|-13.7291
115|-13.7491|-13.7491
116|-14.5189|-14.5189
117|-14.5764|-14.5764
118|-14.5765|-14.5765
119|-14.5765|-14.5765
120|-14.5765|-14.5765
121|-14.5765|-14.5765
122|-15.0829|-15.0829
123|-15.083|-15.083
124|-15.083|-15.083
125|-15.083|-15.083
126|-15.4042|-15.4042
127|-15.5014|-15.5014
128|-15.5081|-15.5081
129|-15.5083|-15.5083
130|-15.5083|-15.5083
131|-15.5083|-15.5083
132|-15.5084|-15.5084
133|-15.5594|-15.5594
134|-15.5973|-15.5973
135|-15.951|-15.951
136|-16.1139|-16.1139
137|-16.1494|-16.1494
138|-16.1511|-16.1511
139|-16.1516|-16.1516
140|-16.1517|-16.1517
141|-16.1518|-16.1518
142|-16.1852|-16.1852
143|-16.359|-16.359
144|-16.5791|-16.5791
145|-16.6714|-16.6714
146|-16.7094|-16.7094
147|-16.7259|-16.7259
148|-16.7334|-16.7334
149|-16.7353|-16.7353
150|-16.7362|-16.7362
151|-16.7366|-16.7366
152|-16.8802|-16.8802
153|-16.8802|-16.8802
154|-16.8803|-16.8803
155|-17.2176|-17.2176
156|-17.8612|-17.8612
157|-17.8654|-17.8654
158|-17.8668|-17.8668
159|-17.8669|-17.8669
160|-17.8669|-17.8669
161|-18.0821|-18.0821
162|-18.1136|-18.1136
163|-18.3361|-18.3361
164|-18.5134|-18.5134
165|-18.5349|-18.5349
166|-18.5455|-18.5455
167|-18.5482|-18.5482
168|-18.5495|-18.5495
169|-18.5502|-18.5502
170|-18.6295|-18.6295
171|-18.642|-18.642
172|-18.649|-18.649
173|-18.976|-18.976
174|-18.9806|-18.9806
175|-18.9829|-18.9829
176|-18.9835|-18.9835
177|-18.9883|-18.9883
178|-18.99|-18.99
179|-19.9001|-19.9001
180|-19.9835|-19.9835
181|-19.9835|-19.9835
182|-19.9835|-19.9835
183|-19.9835|-19.9835
184|-19.9835|-19.9835
185|-19.9835|-19.9835
186|-19.9835|-19.9835
187|-19.9835|-19.9835
188|-19.9835|-19.9835
189|-19.9835|-19.9835
190|-19.9835|-19.9835
191|-19.9835|-19.9835
192|-19.9835|-19.9835
193|-19.9835|-19.9835
194|-19.9835|-19.9835
195|-19.9835|-19.9835
196|-19.9835|-19.9835
197|-19.9835|-19.9835
198|-19.9835|-19.9835
199|-19.9835|-19.9835
200|-19.9835|-19.9835
201|-19.9835|-19.9835
202|-19.9835|-19.9835
203|-19.9835|-19.9835
204|-19.9835|-19.9835
205|-19.9835|-19.9835
206|-19.9835|-19.9835
207|-19.9835|-19.9835
208|-19.9835|-19.9835
209|-19.9835|-19.9835
210|-19.9835|-19.9835
211|-19.9835|-19.9835
212|-19.9835|-19.9835
213|-19.9835|-19.9835
214|-19.9835|-19.9835
215|-19.9835|-19.9835
216|-19.9835|-19.9835
217|-19.9835|-19.9835
218|-19.9835|-19.9835
219|-19.9835|-19.9835
220|-19.9835|-19.9835
221|-19.9835|-19.9835
222|-19.9835|-19.9835
223|-19.9835|-19.9835
224|-19.9835|-19.9835
225|-19.9835|-19.9835
226|-19.9835|-19.9835
227|-19.9835|-19.9835
228|-19.9835|-19.9835
229|-19.9835|-19.9835
230|-19.9835|-19.9835
231|-19.9835|-19.9835
232|-19.9835|-19.9835
233|-19.9835|-19.9835
234|-19.9835|-19.9835
235|-19.9835|-19.9835
236|-19.9835|-19.9835
237|-19.9835|-19.9835
238|-19.9835|-19.9835
239|-19.9835|-19.9835
240|-19.9835|-19.9835
241|-19.9835|-19.9835
242|-19.9835|-19.9835
243|-19.9835|-19.9835
244|-19.9835|-19.9835
245|-19.9835|-19.9835
246|-19.9835|-19.9835
247|-19.9835|-19.9835
248|-19.9835|-19.9835
249|-19.9835|-19.9835
250|-19.9835|-19.9835
251|-19.9835|-19.9835
252|-19.9835|-19.9835
253|-19.9835|-19.9835
254|-19.9835|-19.9835
255|-19.9835|-19.9835
256|-19.9835|-19.9835
257|-19.9835|-19.9835
258|-19.9835|-19.9835
259|-19.9835|-19.9835
260|-19.9835|-19.9835
261|-19.9835|-19.9835
262|-19.9835|-19.9835
263|-19.9835|-19.9835
264|-19.9835|-19.9835
265|-19.9835|-19.9835
266|-19.9835|-19.9835
267|-19.9835|-19.9835
268|-19.9835|-19.9835
269|-19.9835|-19.9835
270|-19.9835|-19.9835
271|-19.9835|-19.9835
272|-19.9835|-19.9835
273|-19.9835|-19.9835
274|-19.9835|-19.9835
275|-19.9835|-19.9835
276|-19.9835|-19.9835
277|-19.9835|-19.9835
278|-19.9835|-19.9835
279|-19.9835|-19.9835
280|-19.9835|-19.9835
281|-19.9835|-19.9835
282|-19.9835|-19.9835
283|-19.9835|-19.9835
284|-19.9835|-19.9835
285|-19.9835|-19.9835
286|-19.9835|-19.9835
287|-19.9835|-19.9835
288|-19.9835|-19.9835
289|-19.9835|-19.9835
290|-19.9835|-19.9835
291|-19.9835|-19.9835
292|-19.9835|-19.9835
293|-19.9835|-19.9835
294|-19.9835|-19.9835
295|-19.9835|-19.9835
296|-19.9835|-19.9835
297|-19.9835|-19.9835
298|-19.9835|-19.9835
299|-19.9835|-19.9835
300|-19.9835|-19.9835
301|-19.9835|-19.9835
302|-19.9835|-19.9835
303|-19.9835|-19.9835
304|-19.9835|-19.9835
305|-19.9835|-19.9835
306|-19.9835|-19.9835
307|-19.9835|-19.9835
308|-19.9835|-19.9835
309|-19.9835|-19.9835
310|-19.9835|-19.9835
311|-19.9835|-19.9835
312|-19.9835|-19.9835
313|-19.9835|-19.9835
314|-19.9835|-19.9835
315|-19.9835|-19.9835
316|-19.9835|-19.9835
317|-19.9835|-19.9835
318|-19.9835|-19.9835
319|-19.9835|-19.9835
320|-19.9835|-19.9835
321|-19.9835|-19.9835
322|-19.9835|-19.9835
323|-19.9835|-19.9835
324|-19.9835|-19.9835
325|-19.9835|-19.9835
326|-19.9835|-19.9835
327|-19.9835|-19.9835
328|-19.9835|-19.9835
329|-19.9835|-19.9835
330|-19.9835|-19.9835
331|-19.9835|-19.9835
332|-19.9835|-19.9835
EARLY STOP: TARGET FOUND
2768248ms
