1|59.1291|59.1291
2|59.1213|59.1213
3|59.1209|59.1209
4|59.1209|59.1209
5|55.3814|55.3814
6|54.7152|54.7152
7|54.4316|54.4316
8|54.415|54.415
9|51.55|51.55
10|29.7924|29.7924
11|28.4103|28.4103
12|28.4071|28.4071
13|28.4063|28.4063
14|28.4062|28.4062
15|28.4062|28.4062
16|25.0222|25.0222
17|23.7202|23.7202
18|23.1308|23.1308
19|23.0674|23.0674
20|23.0648|23.0648
21|23.0641|23.0641
22|23.0638|23.0638
23|23.0638|23.0638
24|12.9791|12.9791
25|12.9033|12.9033
26|12.9033|12.9033
27|12.9033|12.9033
28|12.9033|12.9033
29|12.9033|12.9033
30|12.9033|12.9033
31|12.9033|12.9033
32|12.9033|12.9033
33|12.9033|12.9033
34|12.9033|12.9033
35|12.9033|12.9033
36|12.9033|12.9033
37|12.9033|12.9033
38|12.9033|12.9033
39|12.9033|12.9033
40|12.9033|12.9033
41|12.9033|12.9033
42|12.9033|12.9033
43|12.9033|12.9033
44|12.9033|12.9033
45|12.9033|12.9033
46|12.9033|12.9033
47|12.9033|12.9033
48|12.9033|12.9033
49|12.9033|12.9033
50|12.9033|12.9033
51|12.9033|12.9033
52|12.9033|12.9033
53|12.9033|12.9033
54|12.9033|12.9033
55|12.9033|12.9033
56|12.9033|12.9033
57|12.9033|12.9033
58|12.9033|12.9033
59|12.9033|12.9033
60|12.9033|12.9033
61|12.9033|12.9033
62|12.9033|12.9033
63|12.9033|12.9033
64|12.9033|12.9033
65|12.9033|12.9033
66|12.9033|12.9033
67|12.9033|12.9033
68|12.9033|12.9033
69|12.9033|12.9033
70|12.9033|12.9033
71|12.9033|12.9033
72|12.9033|12.9033
73|12.9033|12.9033
74|12.9033|12.9033
75|12.9033|12.9033
76|12.9033|12.9033
77|12.9033|12.9033
78|12.9033|12.9033
79|12.9033|12.9033
80|12.9033|12.9033
81|12.9033|12.9033
82|12.9033|12.9033
83|12.9033|12.9033
84|12.9033|12.9033
85|12.9033|12.9033
86|12.9033|12.9033
87|12.9033|12.9033
88|12.9033|12.9033
89|12.9033|12.9033
90|12.9033|12.9033
91|12.9033|12.9033
92|12.9033|12.9033
93|12.9033|12.9033
94|12.9033|12.9033
95|12.9033|12.9033
96|12.9033|12.9033
97|12.9033|12.9033
98|12.9033|12.9033
99|12.9033|12.9033
100|12.9033|12.9033
101|12.9033|12.9033
102|12.9033|12.9033
103|12.9033|12.9033
104|12.9033|12.9033
105|12.9033|12.9033
106|12.9033|12.9033
107|12.9033|12.9033
108|12.9033|12.9033
109|12.9033|12.9033
110|12.9033|12.9033
111|12.9033|12.9033
112|12.9033|12.9033
113|12.9033|12.9033
114|12.9033|12.9033
115|12.9033|12.9033
116|12.9033|12.9033
117|12.9033|12.9033
118|12.9033|12.9033
119|12.9033|12.9033
120|12.9033|12.9033
121|12.9033|12.9033
122|12.9033|12.9033
123|12.9033|12.9033
124|12.9033|12.9033
125|12.9033|12.9033
126|12.9033|12.9033
127|12.9033|12.9033
128|12.9033|12.9033
129|12.9033|12.9033
130|12.9033|12.9033
131|12.9033|12.9033
132|12.9033|12.9033
133|12.9033|12.9033
134|12.9033|12.9033
135|12.9033|12.9033
136|12.9033|12.9033
137|12.9033|12.9033
138|12.9033|12.9033
139|12.9033|12.9033
140|12.9033|12.9033
141|12.9033|12.9033
142|12.9033|12.9033
143|12.9033|12.9033
144|12.9033|12.9033
145|12.9033|12.9033
146|12.9033|12.9033
147|12.9033|12.9033
148|12.9033|12.9033
149|12.9033|12.9033
150|12.9033|12.9033
151|12.9033|12.9033
152|12.9033|12.9033
153|12.9033|12.9033
154|12.9033|12.9033
155|12.9033|12.9033
156|12.9033|12.9033
157|12.9033|12.9033
158|12.9033|12.9033
159|12.9033|12.9033
160|12.9033|12.9033
161|12.9033|12.9033
162|12.9033|12.9033
163|12.9033|12.9033
164|12.9033|12.9033
165|12.9033|12.9033
166|12.9033|12.9033
167|12.9033|12.9033
168|12.9033|12.9033
169|12.9033|12.9033
170|12.9033|12.9033
171|12.9033|12.9033
172|12.9033|12.9033
173|12.9033|12.9033
174|12.9033|12.9033
175|12.9033|12.9033
176|12.9033|12.9033
177|12.9033|12.9033
178|12.9033|12.9033
179|12.9033|12.9033
EARLY STOP: TARGET FOUND
65224ms
