1|271.489|271.489
2|256.782|256.782
3|115.619|115.619
4|104.163|104.163
5|-11.6859|-11.6859
6|-147.414|-147.414
7|-192.67|-192.67
8|-199.652|-199.652
9|-200.015|-200.015
10|-200.191|-200.191
11|-200.235|-200.235
12|-200.24|-200.24
13|-200.241|-200.241
14|-200.241|-200.241
15|-261.818|-261.818
16|-299.258|-299.258
17|-347.3|-347.3
18|-356.101|-356.101
19|-360.472|-360.472
20|-361.561|-361.561
21|-361.595|-361.595
22|-361.599|-361.599
23|-361.601|-361.601
24|-361.601|-361.601
25|-832.02|-832.02
26|-835.555|-835.555
27|-835.726|-835.726
28|-835.759|-835.759
29|-835.775|-835.775
30|-835.782|-835.782
31|-835.786|-835.786
32|-835.786|-835.786
33|-835.787|-835.787
34|-835.787|-835.787
35|-835.787|-835.787
36|-1305.12|-1305.12
37|-1305.12|-1305.12
38|-1306.81|-1306.81
39|-1307.29|-1307.29
40|-1307.3|-1307.3
41|-1307.45|-1307.45
42|-1307.46|-1307.46
43|-1307.46|-1307.46
44|-1749.14|-1749.14
45|-1923.66|-1923.66
46|-2010.46|-2010.46
47|-2021.76|-2021.76
48|-2023.74|-2023.74
49|-2024.68|-2024.68
50|-2024.69|-2024.69
51|-2024.81|-2024.81
52|-2054.74|-2054.74
53|-2178.87|-2178.87
54|-2254.36|-2254.36
55|-2331.87|-2331.87
56|-2334.36|-2334.36
57|-2335.05|-2335.05
58|-2335.18|-2335.18
59|-2335.24|-2335.24
60|-2335.24|-2335.24
61|-2335.24|-2335.24
62|-2339.27|-2339.27
63|-2339.85|-2339.85
64|-2339.86|-2339.86
65|-2439.11|-2439.11
66|-2505.77|-2505.77
67|-2518.73|-2518.73
68|-2559.92|-2559.92
69|-2577.57|-2577.57
70|-2579.75|-2579.75
71|-2580.85|-2580.85
72|-2581.39|-2581.39
73|-2581.52|-2581.52
74|-2581.53|-2581.53
75|-2590.48|-2590.48
76|-2594.62|-2594.62
77|-2594.87|-2594.87
78|-2595|-2595
79|-2595.06|-2595.06
80|-2595.09|-2595.09
81|-2595.09|-2595.09
82|-2744.89|-2744.89
83|-2843.82|-2843.82
84|-2844.88|-2844.88
85|-2844.96|-2844.96
86|-2844.97|-2844.97
87|-2844.97|-2844.97
88|-2844.97|-2844.97
89|-2844.97|-2844.97
90|-2853.25|-2853.25
91|-2914.89|-2914.89
92|-2914.89|-2914.89
93|-2915.16|-2915.16
94|-2915.18|-2915.18
95|-2915.19|-2915.19
96|-2915.19|-2915.19
97|-2915.19|-2915.19
98|-3031.04|-3031.04
99|-3031.04|-3031.04
100|-3031.59|-3031.59
101|-3034.87|-3034.87
102|-3034.96|-3034.96
103|-3034.98|-3034.98
104|-3034.99|-3034.99
105|-3034.99|-3034.99
106|-3034.99|-3034.99
107|-3034.99|-3034.99
108|-3097.8|-3097.8
109|-3411.89|-3411.89
110|-3433.69|-3433.69
111|-3540.22|-3540.22
112|-3540.29|-3540.29
113|-3540.32|-3540.32
114|-3540.33|-3540.33
115|-3540.33|-3540.33
116|-3540.33|-3540.33
117|-3627.35|-3627.35
118|-3801.45|-3801.45
119|-4243.84|-4243.84
120|-4245.88|-4245.88
121|-4245.88|-4245.88
122|-4383.68|-4383.68
123|-4426.49|-4426.49
124|-4437.09|-4437.09
125|-4442.37|-4442.37
126|-4443.68|-4443.68
127|-4444.34|-4444.34
128|-4444.35|-4444.35
129|-4444.36|-4444.36
130|-4444.36|-4444.36
131|-4444.36|-4444.36
132|-4571.23|-4571.23
133|-4608.79|-4608.79
134|-4826.42|-4826.42
135|-4966.6|-4966.6
136|-5012.06|-5012.06
137|-5019.21|-5019.21
138|-5023.18|-5023.18
139|-5023.73|-5023.73
140|-5023.73|-5023.73
141|-5087.65|-5087.65
142|-5087.66|-5087.66
143|-5145.74|-5145.74
144|-5205.95|-5205.95
145|-5239.65|-5239.65
146|-5423.63|-5423.63
147|-5505.26|-5505.26
148|-5529.89|-5529.89
149|-5530.12|-5530.12
150|-5530.16|-5530.16
151|-5642.97|-5642.97
152|-5795.73|-5795.73
153|-5843.48|-5843.48
154|-5845.2|-5845.2
155|-5845.55|-5845.55
156|-5845.7|-5845.7
157|-5845.77|-5845.77
158|-5845.77|-5845.77
159|-5867.76|-5867.76
160|-5867.76|-5867.76
161|-5871.1|-5871.1
162|-5907.4|-5907.4
163|-5925.18|-5925.18
164|-5933.96|-5933.96
165|-5936.14|-5936.14
166|-5936.14|-5936.14
167|-5936.41|-5936.41
168|-5936.54|-5936.54
169|-5936.56|-5936.56
170|-5936.57|-5936.57
171|-5936.57|-5936.57
172|-5936.57|-5936.57
173|-6015.77|-6015.77
174|-6056.76|-6056.76
175|-6060.91|-6060.91
176|-6061.16|-6061.16
177|-6061.28|-6061.28
178|-6061.34|-6061.34
179|-6061.36|-6061.36
180|-6061.37|-6061.37
181|-6089.88|-6089.88
182|-6091.17|-6091.17
183|-6091.17|-6091.17
184|-6091.8|-6091.8
185|-6091.8|-6091.8
186|-6091.95|-6091.95
187|-6091.99|-6091.99
188|-6092.01|-6092.01
189|-6366.73|-6366.73
190|-6421.93|-6421.93
191|-6421.93|-6421.93
192|-6503.72|-6503.72
193|-6556.07|-6556.07
194|-6569.97|-6569.97
195|-6605.94|-6605.94
196|-6614.76|-6614.76
197|-6619.14|-6619.14
198|-6621.32|-6621.32
199|-6622.41|-6622.41
200|-6622.48|-6622.48
201|-6622.52|-6622.52
202|-6622.53|-6622.53
203|-6622.54|-6622.54
204|-6622.54|-6622.54
205|-6951.17|-6951.17
206|-6953.8|-6953.8
207|-7069.77|-7069.77
208|-7200.72|-7200.72
209|-7256.95|-7256.95
210|-7544.52|-7544.52
211|-7600.12|-7600.12
212|-7689.7|-7689.7
213|-7691.03|-7691.03
214|-7691.21|-7691.21
215|-7691.28|-7691.28
216|-7691.3|-7691.3
217|-7691.3|-7691.3
218|-7793.39|-7793.39
219|-7793.39|-7793.39
220|-7936.48|-7936.48
221|-8406.87|-8406.87
222|-8410.37|-8410.37
223|-8410.54|-8410.54
224|-8410.57|-8410.57
225|-8410.58|-8410.58
226|-8410.58|-8410.58
227|-8410.58|-8410.58
228|-8410.58|-8410.58
229|-8496.37|-8496.37
230|-8501.64|-8501.64
231|-8501.97|-8501.97
232|-8502.14|-8502.14
233|-8502.22|-8502.22
234|-8502.26|-8502.26
235|-8502.26|-8502.26
236|-8558.86|-8558.86
237|-8635.59|-8635.59
238|-8675.89|-8675.89
239|-8690.9|-8690.9
240|-8697.05|-8697.05
241|-8699.78|-8699.78
242|-8701.05|-8701.05
243|-8701.36|-8701.36
244|-8701.44|-8701.44
245|-8701.45|-8701.45
246|-8701.45|-8701.45
247|-8723.62|-8723.62
248|-8737.54|-8737.54
249|-8774.61|-8774.61
250|-8792.33|-8792.33
251|-8796.72|-8796.72
252|-8798.9|-8798.9
253|-8799.99|-8799.99
254|-8800.54|-8800.54
255|-8800.67|-8800.67
256|-8800.68|-8800.68
257|-8800.68|-8800.68
258|-8811.26|-8811.26
259|-8812.58|-8812.58
260|-8813.24|-8813.24
261|-8813.56|-8813.56
262|-8813.73|-8813.73
263|-8813.81|-8813.81
264|-8813.83|-8813.83
265|-8813.83|-8813.83
266|-9279.82|-9279.82
267|-9280.3|-9280.3
268|-9280.46|-9280.46
269|-9280.47|-9280.47
270|-9280.47|-9280.47
271|-9280.47|-9280.47
272|-9280.47|-9280.47
273|-9280.47|-9280.47
274|-9280.47|-9280.47
275|-9280.47|-9280.47
276|-9280.47|-9280.47
277|-9280.47|-9280.47
278|-9280.47|-9280.47
279|-9280.47|-9280.47
280|-9280.47|-9280.47
281|-9280.47|-9280.47
282|-9280.47|-9280.47
283|-9280.47|-9280.47
284|-9280.47|-9280.47
285|-9280.47|-9280.47
286|-9280.47|-9280.47
287|-9280.47|-9280.47
288|-9280.47|-9280.47
289|-9280.47|-9280.47
290|-9280.47|-9280.47
291|-9280.47|-9280.47
292|-9280.47|-9280.47
293|-9280.47|-9280.47
294|-9280.47|-9280.47
295|-9280.47|-9280.47
296|-9280.47|-9280.47
297|-9280.47|-9280.47
298|-9280.47|-9280.47
299|-9280.47|-9280.47
300|-9280.47|-9280.47
301|-9280.47|-9280.47
302|-9280.47|-9280.47
303|-9280.47|-9280.47
304|-9280.47|-9280.47
305|-9280.47|-9280.47
306|-9280.47|-9280.47
307|-9280.47|-9280.47
308|-9280.47|-9280.47
309|-9280.47|-9280.47
310|-9280.47|-9280.47
311|-9280.47|-9280.47
312|-9280.47|-9280.47
313|-9280.47|-9280.47
314|-9280.47|-9280.47
315|-9280.47|-9280.47
316|-9280.47|-9280.47
317|-9280.47|-9280.47
318|-9280.47|-9280.47
319|-9280.47|-9280.47
320|-9280.47|-9280.47
321|-9280.47|-9280.47
322|-9280.47|-9280.47
323|-9280.47|-9280.47
324|-9280.47|-9280.47
325|-9280.47|-9280.47
326|-9280.47|-9280.47
327|-9280.47|-9280.47
328|-9280.47|-9280.47
329|-9280.47|-9280.47
330|-9280.47|-9280.47
331|-9280.47|-9280.47
332|-9280.47|-9280.47
333|-9280.47|-9280.47
334|-9280.47|-9280.47
335|-9280.47|-9280.47
336|-9280.47|-9280.47
337|-9280.47|-9280.47
338|-9280.47|-9280.47
339|-9280.47|-9280.47
340|-9280.47|-9280.47
341|-9280.47|-9280.47
342|-9280.47|-9280.47
343|-9280.47|-9280.47
344|-9280.47|-9280.47
345|-9280.47|-9280.47
346|-9280.47|-9280.47
347|-9280.47|-9280.47
348|-9280.47|-9280.47
349|-9280.47|-9280.47
350|-9280.47|-9280.47
351|-9280.47|-9280.47
352|-9280.47|-9280.47
353|-9280.47|-9280.47
354|-9280.47|-9280.47
355|-9280.47|-9280.47
356|-9280.47|-9280.47
357|-9280.47|-9280.47
358|-9280.47|-9280.47
359|-9280.47|-9280.47
360|-9280.47|-9280.47
361|-9280.47|-9280.47
362|-9280.47|-9280.47
363|-9280.47|-9280.47
364|-9280.47|-9280.47
365|-9280.47|-9280.47
366|-9280.47|-9280.47
367|-9280.47|-9280.47
368|-9280.47|-9280.47
369|-9280.47|-9280.47
370|-9280.47|-9280.47
371|-9280.47|-9280.47
372|-9280.47|-9280.47
373|-9280.47|-9280.47
374|-9280.47|-9280.47
375|-9280.47|-9280.47
376|-9280.47|-9280.47
377|-9280.47|-9280.47
378|-9280.47|-9280.47
379|-9280.47|-9280.47
380|-9280.47|-9280.47
381|-9280.47|-9280.47
382|-9280.47|-9280.47
383|-9280.47|-9280.47
384|-9280.47|-9280.47
385|-9280.47|-9280.47
386|-9280.47|-9280.47
387|-9280.47|-9280.47
388|-9280.47|-9280.47
389|-9280.47|-9280.47
390|-9280.47|-9280.47
391|-9280.47|-9280.47
392|-9280.47|-9280.47
393|-9280.47|-9280.47
394|-9280.47|-9280.47
395|-9280.47|-9280.47
396|-9280.47|-9280.47
397|-9280.47|-9280.47
398|-9280.47|-9280.47
399|-9280.47|-9280.47
400|-9280.47|-9280.47
401|-9280.47|-9280.47
402|-9280.47|-9280.47
403|-9280.47|-9280.47
404|-9280.47|-9280.47
405|-9280.47|-9280.47
406|-9280.47|-9280.47
407|-9280.47|-9280.47
408|-9280.47|-9280.47
409|-9280.47|-9280.47
410|-9280.47|-9280.47
411|-9280.47|-9280.47
412|-9280.47|-9280.47
413|-9280.47|-9280.47
414|-9280.47|-9280.47
415|-9280.47|-9280.47
416|-9280.47|-9280.47
417|-9280.47|-9280.47
418|-9280.47|-9280.47
419|-9280.47|-9280.47
420|-9280.47|-9280.47
EARLY STOP: TARGET FOUND
4762409ms
