1|-1.0097|-1.0097
2|-1.01047|-1.01047
3|-1.01052|-1.01052
4|-1.01055|-1.01055
5|-1.01056|-1.01056
6|-1.01056|-1.01056
7|-1.01057|-1.01057
8|-1.13611|-1.13611
9|-1.3912|-1.3912
10|-1.39322|-1.39322
11|-1.39413|-1.39413
12|-1.39423|-1.39423
13|-1.39423|-1.39423
14|-1.39423|-1.39423
15|-2.0798|-2.0798
16|-2.07988|-2.07988
17|-2.07992|-2.07992
18|-2.07993|-2.07993
19|-2.07993|-2.07993
20|-2.1296|-2.1296
21|-2.98198|-2.98198
22|-2.99707|-2.99707
23|-3.00024|-3.00024
24|-3.00173|-3.00173
25|-3.25711|-3.25711
26|-3.31564|-3.31564
27|-3.77696|-3.77696
28|-3.77837|-3.77837
29|-3.79252|-3.79252
30|-3.79253|-3.79253
31|-4.20547|-4.20547
32|-4.41973|-4.41973
33|-4.42012|-4.42012
34|-4.42015|-4.42015
35|-4.42016|-4.42016
36|-5.28438|-5.28438
37|-5.37339|-5.37339
38|-5.37348|-5.37348
39|-5.37353|-5.37353
40|-5.37354|-5.37354
41|-5.37354|-5.37354
42|-5.37354|-5.37354
43|-5.56661|-5.56661
44|-5.89193|-5.89193
45|-6.03642|-6.03642
46|-6.07423|-6.07423
47|-6.07881|-6.07881
48|-6.08031|-6.08031
49|-6.08076|-6.08076
50|-6.08077|-6.08077
51|-6.08077|-6.08077
52|-6.46391|-6.46391
53|-6.73477|-6.73477
54|-6.73497|-6.73497
55|-6.73606|-6.73606
56|-6.73618|-6.73618
57|-6.73624|-6.73624
58|-6.73627|-6.73627
59|-6.73628|-6.73628
60|-6.81302|-6.81302
61|-6.81339|-6.81339
62|-6.81545|-6.81545
63|-6.81547|-6.81547
64|-6.81548|-6.81548
65|-6.88475|-6.88475
66|-7.46065|-7.46065
67|-7.6466|-7.6466
68|-7.71859|-7.71859
69|-7.74674|-7.74674
70|-7.75859|-7.75859
71|-7.75996|-7.75996
72|-7.79732|-7.79732
73|-7.89158|-7.89158
74|-8.56439|-8.56439
75|-8.74983|-8.74983
76|-8.7518|-8.7518
77|-8.75199|-8.75199
78|-8.75204|-8.75204
79|-8.75205|-8.75205
80|-8.75205|-8.75205
81|-8.7783|-8.7783
82|-9.32942|-9.32942
83|-9.32948|-9.32948
84|-9.32948|-9.32948
85|-9.32949|-9.32949
86|-9.80289|-9.80289
87|-10.0518|-10.0518
88|-10.1338|-10.1338
89|-10.1347|-10.1347
90|-10.1348|-10.1348
91|-10.1348|-10.1348
92|-10.1348|-10.1348
93|-10.1348|-10.1348
94|-10.1822|-10.1822
95|-10.4952|-10.4952
96|-10.6468|-10.6468
97|-10.6473|-10.6473
98|-10.6487|-10.6487
99|-10.6494|-10.6494
100|-10.6498|-10.6498
101|-10.6499|-10.6499
102|-10.6501|-10.6501
103|-10.6505|-10.6505
104|-10.798|-10.798
105|-11.0019|-11.0019
106|-11.0679|-11.0679
107|-11.1448|-11.1448
108|-11.1835|-11.1835
109|-11.2027|-11.2027
110|-11.2123|-11.2123
111|-11.2135|-11.2135
112|-11.2138|-11.2138
113|-12.0088|-12.0088
114|-12.009|-12.009
115|-12.009|-12.009
116|-12.0091|-12.0091
117|-12.0091|-12.0091
118|-12.039|-12.039
119|-12.2367|-12.2367
120|-12.283|-12.283
121|-12.3067|-12.3067
122|-12.3185|-12.3185
123|-12.32|-12.32
124|-12.3207|-12.3207
125|-12.3208|-12.3208
126|-12.3209|-12.3209
127|-12.4706|-12.4706
128|-13.1909|-13.1909
129|-13.2464|-13.2464
130|-13.2501|-13.2501
131|-13.2517|-13.2517
132|-14.2019|-14.2019
133|-14.2107|-14.2107
134|-14.2139|-14.2139
135|-14.2146|-14.2146
136|-14.2149|-14.2149
137|-14.2151|-14.2151
138|-14.2152|-14.2152
139|-14.2152|-14.2152
140|-14.2306|-14.2306
141|-14.2323|-14.2323
142|-14.2327|-14.2327
143|-14.2329|-14.2329
144|-14.2329|-14.2329
145|-14.233|-14.233
146|-14.233|-14.233
147|-15.0631|-15.0631
148|-15.2216|-15.2216
149|-15.2227|-15.2227
150|-15.2231|-15.2231
151|-15.2261|-15.2261
152|-15.4366|-15.4366
153|-15.9579|-15.9579
154|-16.0081|-16.0081
155|-16.0753|-16.0753
156|-16.1166|-16.1166
157|-16.1239|-16.1239
158|-16.1241|-16.1241
159|-16.1243|-16.1243
160|-16.1243|-16.1243
161|-16.1243|-16.1243
162|-16.1243|-16.1243
163|-16.1243|-16.1243
164|-16.3043|-16.3043
165|-16.3777|-16.3777
166|-16.4401|-16.4401
167|-16.6222|-16.6222
168|-17.061|-17.061
169|-17.1055|-17.1055
170|-17.1071|-17.1071
171|-17.1071|-17.1071
172|-17.1071|-17.1071
173|-17.1071|-17.1071
174|-17.8285|-17.8285
175|-17.866|-17.866
176|-17.8822|-17.8822
177|-17.8897|-17.8897
178|-17.8906|-17.8906
179|-17.8908|-17.8908
180|-18.2283|-18.2283
181|-18.3806|-18.3806
182|-18.6041|-18.6041
183|-18.6152|-18.6152
184|-18.616|-18.616
185|-18.616|-18.616
186|-18.6161|-18.6161
187|-18.7813|-18.7813
188|-19.4899|-19.4899
189|-19.5035|-19.5035
190|-19.5049|-19.5049
191|-19.5051|-19.5051
192|-19.5051|-19.5051
193|-19.7725|-19.7725
194|-20.4874|-20.4874
195|-20.4887|-20.4887
196|-20.4889|-20.4889
197|-20.489|-20.489
198|-20.489|-20.489
199|-20.7391|-20.7391
200|-20.7559|-20.7559
201|-20.7645|-20.7645
202|-20.7689|-20.7689
203|-20.7711|-20.7711
204|-20.7713|-20.7713
205|-21.0771|-21.0771
206|-21.565|-21.565
207|-21.5849|-21.5849
208|-21.5873|-21.5873
209|-21.5876|-21.5876
210|-21.5877|-21.5877
211|-21.5877|-21.5877
212|-21.5877|-21.5877
213|-21.5877|-21.5877
214|-21.5877|-21.5877
215|-21.5877|-21.5877
216|-21.5877|-21.5877
217|-21.5877|-21.5877
218|-21.5877|-21.5877
219|-21.5877|-21.5877
220|-21.5877|-21.5877
221|-21.5877|-21.5877
222|-21.5877|-21.5877
223|-21.5877|-21.5877
224|-21.5877|-21.5877
225|-21.5877|-21.5877
226|-21.5877|-21.5877
227|-21.5877|-21.5877
228|-21.5877|-21.5877
229|-21.5877|-21.5877
230|-21.5877|-21.5877
231|-21.5877|-21.5877
232|-21.5877|-21.5877
233|-21.5877|-21.5877
234|-21.5877|-21.5877
235|-21.5877|-21.5877
236|-21.5877|-21.5877
237|-21.5877|-21.5877
238|-21.5877|-21.5877
239|-21.5877|-21.5877
240|-21.5877|-21.5877
241|-21.5877|-21.5877
242|-21.5877|-21.5877
243|-21.5877|-21.5877
244|-21.5877|-21.5877
245|-21.5877|-21.5877
246|-21.5877|-21.5877
247|-21.5877|-21.5877
248|-21.5877|-21.5877
249|-21.5877|-21.5877
250|-21.5877|-21.5877
251|-21.5877|-21.5877
252|-21.5877|-21.5877
253|-21.5877|-21.5877
254|-21.5877|-21.5877
255|-21.5877|-21.5877
256|-21.5877|-21.5877
257|-21.5877|-21.5877
258|-21.5877|-21.5877
259|-21.5877|-21.5877
260|-21.5877|-21.5877
261|-21.5877|-21.5877
262|-21.5877|-21.5877
263|-21.5877|-21.5877
264|-21.5877|-21.5877
265|-21.5877|-21.5877
266|-21.5877|-21.5877
267|-21.5877|-21.5877
268|-21.5877|-21.5877
269|-21.5877|-21.5877
270|-21.5877|-21.5877
271|-21.5877|-21.5877
272|-21.5877|-21.5877
273|-21.5877|-21.5877
274|-21.5877|-21.5877
275|-21.5877|-21.5877
276|-21.5877|-21.5877
277|-21.5877|-21.5877
278|-21.5877|-21.5877
279|-21.5877|-21.5877
280|-21.5877|-21.5877
281|-21.5877|-21.5877
282|-21.5877|-21.5877
283|-21.5877|-21.5877
284|-21.5877|-21.5877
285|-21.5877|-21.5877
286|-21.5877|-21.5877
287|-21.5877|-21.5877
288|-21.5877|-21.5877
289|-21.5877|-21.5877
290|-21.5877|-21.5877
291|-21.5877|-21.5877
292|-21.5877|-21.5877
293|-21.5877|-21.5877
294|-21.5877|-21.5877
295|-21.5877|-21.5877
296|-21.5877|-21.5877
297|-21.5877|-21.5877
298|-21.5877|-21.5877
299|-21.5877|-21.5877
300|-21.5877|-21.5877
301|-21.5877|-21.5877
302|-21.5877|-21.5877
303|-21.5877|-21.5877
304|-21.5877|-21.5877
305|-21.5877|-21.5877
306|-21.5877|-21.5877
307|-21.5877|-21.5877
308|-21.5877|-21.5877
309|-21.5877|-21.5877
310|-21.5877|-21.5877
311|-21.5877|-21.5877
312|-21.5877|-21.5877
313|-21.5877|-21.5877
314|-21.5877|-21.5877
315|-21.5877|-21.5877
316|-21.5877|-21.5877
317|-21.5877|-21.5877
318|-21.5877|-21.5877
319|-21.5877|-21.5877
320|-21.5877|-21.5877
321|-21.5877|-21.5877
322|-21.5877|-21.5877
323|-21.5877|-21.5877
324|-21.5877|-21.5877
325|-21.5877|-21.5877
326|-21.5877|-21.5877
327|-21.5877|-21.5877
328|-21.5877|-21.5877
329|-21.5877|-21.5877
330|-21.5877|-21.5877
331|-21.5877|-21.5877
332|-21.5877|-21.5877
333|-21.5877|-21.5877
334|-21.5877|-21.5877
335|-21.5877|-21.5877
336|-21.5877|-21.5877
337|-21.5877|-21.5877
338|-21.5877|-21.5877
339|-21.5877|-21.5877
340|-21.5877|-21.5877
341|-21.5877|-21.5877
342|-21.5877|-21.5877
343|-21.5877|-21.5877
344|-21.5877|-21.5877
345|-21.5877|-21.5877
346|-21.5877|-21.5877
347|-21.5877|-21.5877
348|-21.5877|-21.5877
349|-21.5877|-21.5877
350|-21.5877|-21.5877
351|-21.5877|-21.5877
352|-21.5877|-21.5877
353|-21.5877|-21.5877
354|-21.5877|-21.5877
355|-21.5877|-21.5877
356|-21.5877|-21.5877
357|-21.5877|-21.5877
358|-21.5877|-21.5877
359|-21.5877|-21.5877
360|-21.5877|-21.5877
361|-21.5877|-21.5877
EARLY STOP: TARGET FOUND
2998460ms
