1|128.752|128.752
2|127.965|127.965
3|127.802|127.802
4|127.78|127.78
5|127.78|127.78
6|127.78|127.78
7|124.605|124.605
8|116.781|116.781
9|115.625|115.625
10|115.264|115.264
11|115.246|115.246
12|115.244|115.244
13|115.243|115.243
14|115.242|115.242
15|115.242|115.242
16|114.145|114.145
17|113.961|113.961
18|113.883|113.883
19|113.865|113.865
20|113.856|113.856
21|113.852|113.852
22|113.85|113.85
23|113.85|113.85
24|95.6009|95.6009
25|85.3061|85.3061
26|80.4208|80.4208
27|79.3449|79.3449
28|79.3419|79.3419
29|79.3389|79.3389
30|79.3384|79.3384
31|79.3383|79.3383
32|73.2645|73.2645
33|61.7736|61.7736
34|61.6912|61.6912
35|61.6535|61.6535
36|61.6356|61.6356
37|61.6268|61.6268
38|61.6225|61.6225
39|61.6214|61.6214
40|61.6212|61.6212
41|61.621|61.621
42|56.3096|56.3096
43|41.5227|41.5227
44|40.4212|40.4212
45|40.4167|40.4167
46|40.4167|40.4167
47|40.3859|40.3859
48|40.3854|40.3854
49|40.3846|40.3846
50|40.3845|40.3845
51|40.3844|40.3844
52|19.5441|19.5441
53|19.5084|19.5084
54|19.5063|19.5063
55|19.5057|19.5057
56|19.5056|19.5056
57|18.2381|18.2381
58|18.2379|18.2379
59|18.2379|18.2379
60|15.9462|15.9462
61|12.8269|12.8269
62|12.3743|12.3743
63|12.2037|12.2037
64|12.167|12.167
65|12.1495|12.1495
66|12.149|12.149
67|12.1489|12.1489
68|12.1489|12.1489
69|12.1489|12.1489
70|12.1489|12.1489
71|12.1489|12.1489
72|12.1489|12.1489
73|12.1489|12.1489
74|12.1489|12.1489
75|12.1489|12.1489
76|12.1489|12.1489
77|12.1489|12.1489
78|12.1489|12.1489
79|12.1489|12.1489
80|12.1489|12.1489
81|12.1489|12.1489
82|12.1489|12.1489
83|12.1489|12.1489
84|12.1489|12.1489
85|12.1489|12.1489
86|12.1489|12.1489
87|12.1489|12.1489
88|12.1489|12.1489
89|12.1489|12.1489
90|12.1489|12.1489
91|12.1489|12.1489
92|12.1489|12.1489
93|12.1489|12.1489
94|12.1489|12.1489
95|12.1489|12.1489
96|12.1489|12.1489
97|12.1489|12.1489
98|12.1489|12.1489
99|12.1489|12.1489
100|12.1489|12.1489
101|12.1489|12.1489
102|12.1489|12.1489
103|12.1489|12.1489
104|12.1489|12.1489
105|12.1489|12.1489
106|12.1489|12.1489
107|12.1489|12.1489
108|12.1489|12.1489
109|12.1489|12.1489
110|12.1489|12.1489
111|12.1489|12.1489
112|12.1489|12.1489
113|12.1489|12.1489
114|12.1489|12.1489
115|12.1489|12.1489
116|12.1489|12.1489
117|12.1489|12.1489
118|12.1489|12.1489
119|12.1489|12.1489
120|12.1489|12.1489
121|12.1489|12.1489
122|12.1489|12.1489
123|12.1489|12.1489
124|12.1489|12.1489
125|12.1489|12.1489
126|12.1489|12.1489
127|12.1489|12.1489
128|12.1489|12.1489
129|12.1489|12.1489
130|12.1489|12.1489
131|12.1489|12.1489
132|12.1489|12.1489
133|12.1489|12.1489
134|12.1489|12.1489
135|12.1489|12.1489
136|12.1489|12.1489
137|12.1489|12.1489
138|12.1489|12.1489
139|12.1489|12.1489
140|12.1489|12.1489
141|12.1489|12.1489
142|12.1489|12.1489
143|12.1489|12.1489
144|12.1489|12.1489
145|12.1489|12.1489
146|12.1489|12.1489
147|12.1489|12.1489
148|12.1489|12.1489
149|12.1489|12.1489
150|12.1489|12.1489
151|12.1489|12.1489
152|12.1489|12.1489
153|12.1489|12.1489
154|12.1489|12.1489
155|12.1489|12.1489
156|12.1489|12.1489
157|12.1489|12.1489
158|12.1489|12.1489
159|12.1489|12.1489
160|12.1489|12.1489
161|12.1489|12.1489
162|12.1489|12.1489
163|12.1489|12.1489
164|12.1489|12.1489
165|12.1489|12.1489
166|12.1489|12.1489
167|12.1489|12.1489
168|12.1489|12.1489
169|12.1489|12.1489
170|12.1489|12.1489
171|12.1489|12.1489
172|12.1489|12.1489
173|12.1489|12.1489
174|12.1489|12.1489
175|12.1489|12.1489
176|12.1489|12.1489
177|12.1489|12.1489
178|12.1489|12.1489
179|12.1489|12.1489
180|12.1489|12.1489
181|12.1489|12.1489
182|12.1489|12.1489
183|12.1489|12.1489
184|12.1489|12.1489
185|12.1489|12.1489
186|12.1489|12.1489
187|12.1489|12.1489
188|12.1489|12.1489
189|12.1489|12.1489
190|12.1489|12.1489
191|12.1489|12.1489
192|12.1489|12.1489
193|12.1489|12.1489
194|12.1489|12.1489
195|12.1489|12.1489
196|12.1489|12.1489
197|12.1489|12.1489
198|12.1489|12.1489
199|12.1489|12.1489
200|12.1489|12.1489
201|12.1489|12.1489
202|12.1489|12.1489
203|12.1489|12.1489
204|12.1489|12.1489
205|12.1489|12.1489
206|12.1489|12.1489
207|12.1489|12.1489
208|12.1489|12.1489
209|12.1489|12.1489
210|12.1489|12.1489
211|12.1489|12.1489
212|12.1489|12.1489
213|12.1489|12.1489
214|12.1489|12.1489
215|12.1489|12.1489
216|12.1489|12.1489
217|12.1489|12.1489
EARLY STOP: TARGET FOUND
261912ms
