1|-2.44189|-2.44189
2|-2.60148|-2.60148
3|-3.10089|-3.10089
4|-3.24197|-3.24197
5|-3.24206|-3.24206
6|-3.24207|-3.24207
7|-3.24207|-3.24207
8|-3.24207|-3.24207
9|-3.24423|-3.24423
10|-3.24423|-3.24423
11|-3.63425|-3.63425
12|-3.64456|-3.64456
13|-3.64661|-3.64661
14|-3.64755|-3.64755
15|-3.64777|-3.64777
16|-3.64788|-3.64788
17|-3.64794|-3.64794
18|-3.64795|-3.64795
19|-4.42362|-4.42362
20|-4.42847|-4.42847
21|-4.42875|-4.42875
22|-4.42889|-4.42889
23|-4.42896|-4.42896
24|-4.57722|-4.57722
25|-4.61844|-4.61844
26|-4.6189|-4.6189
27|-4.61913|-4.61913
28|-4.61924|-4.61924
29|-4.61927|-4.61927
30|-4.61945|-4.61945
31|-4.72117|-4.72117
32|-5.30825|-5.30825
33|-5.45491|-5.45491
34|-5.45728|-5.45728
35|-5.45738|-5.45738
36|-5.45742|-5.45742
37|-5.45745|-5.45745
38|-5.45746|-5.45746
39|-5.45746|-5.45746
40|-5.45747|-5.45747
41|-5.46817|-5.46817
42|-5.66001|-5.66001
43|-5.66014|-5.66014
44|-5.66015|-5.66015
45|-5.66015|-5.66015
46|-5.69077|-5.69077
47|-5.69944|-5.69944
48|-5.70055|-5.70055
49|-5.7007|-5.7007
50|-5.70077|-5.70077
51|-5.83183|-5.83183
52|-5.92153|-5.92153
53|-5.93773|-5.93773
54|-6.48606|-6.48606
55|-6.54767|-6.54767
56|-6.5751|-6.5751
57|-6.58786|-6.58786
58|-6.5894|-6.5894
59|-6.59017|-6.59017
60|-6.59056|-6.59056
61|-6.59075|-6.59075
62|-6.59084|-6.59084
63|-6.61225|-6.61225
64|-6.6123|-6.6123
65|-6.61235|-6.61235
66|-7.40628|-7.40628
67|-7.60444|-7.60444
68|-7.61071|-7.61071
69|-7.61208|-7.61208
70|-7.61233|-7.61233
71|-7.61234|-7.61234
72|-7.61235|-7.61235
73|-7.61437|-7.61437
74|-7.61865|-7.61865
75|-8.59077|-8.59077
76|-8.59166|-8.59166
77|-8.59194|-8.59194
78|-8.59204|-8.59204
79|-8.5958|-8.5958
80|-8.60801|-8.60801
81|-8.78238|-8.78238
82|-9.05268|-9.05268
83|-9.15649|-9.15649
84|-9.44973|-9.44973
85|-9.58046|-9.58046
86|-9.58076|-9.58076
87|-9.58079|-9.58079
88|-9.58081|-9.58081
89|-10.1477|-10.1477
90|-10.2345|-10.2345
91|-10.5277|-10.5277
92|-10.5611|-10.5611
93|-10.5618|-10.5618
94|-10.562|-10.562
95|-10.5621|-10.5621
96|-10.5621|-10.5621
97|-10.5621|-10.5621
98|-10.5621|-10.5621
99|-10.7035|-10.7035
100|-11.0821|-11.0821
101|-11.1204|-11.1204
102|-11.1217|-11.1217
103|-11.1222|-11.1222
104|-11.1223|-11.1223
105|-11.1224|-11.1224
106|-11.1224|-11.1224
107|-11.1224|-11.1224
108|-11.1224|-11.1224
109|-11.1799|-11.1799
110|-11.6185|-11.6185
111|-11.8668|-11.8668
112|-11.8674|-11.8674
113|-11.8674|-11.8674
114|-11.8675|-11.8675
115|-12.0975|-12.0975
116|-12.2862|-12.2862
117|-12.2873|-12.2873
118|-12.2878|-12.2878
119|-12.2879|-12.2879
120|-12.2881|-12.2881
121|-12.4223|-12.4223
122|-12.4456|-12.4456
123|-12.4662|-12.4662
124|-12.5246|-12.5246
125|-12.599|-12.599
126|-12.6233|-12.6233
127|-12.6387|-12.6387
128|-13.2761|-13.2761
129|-13.2767|-13.2767
130|-13.2769|-13.2769
131|-13.2769|-13.2769
132|-13.3559|-13.3559
133|-13.3617|-13.3617
134|-13.3618|-13.3618
135|-13.3625|-13.3625
136|-13.4986|-13.4986
137|-13.749|-13.749
138|-14.0689|-14.0689
139|-14.2231|-14.2231
140|-14.2249|-14.2249
141|-14.2251|-14.2251
142|-14.2251|-14.2251
143|-14.2826|-14.2826
144|-14.2845|-14.2845
145|-14.285|-14.285
146|-15.0125|-15.0125
147|-15.0271|-15.0271
148|-15.028|-15.028
149|-15.028|-15.028
150|-15.2289|-15.2289
151|-15.3379|-15.3379
152|-15.4607|-15.4607
153|-15.7565|-15.7565
154|-15.8281|-15.8281
155|-15.8374|-15.8374
156|-15.8384|-15.8384
157|-16.2937|-16.2937
158|-16.4312|-16.4312
159|-16.8161|-16.8161
160|-16.8213|-16.8213
161|-16.8218|-16.8218
162|-16.822|-16.822
163|-16.8242|-16.8242
164|-17.2604|-17.2604
165|-17.2605|-17.2605
166|-17.2605|-17.2605
167|-17.5271|-17.5271
168|-17.5477|-17.5477
169|-17.5509|-17.5509
170|-17.5528|-17.5528
171|-17.5529|-17.5529
172|-17.5529|-17.5529
173|-17.553|-17.553
174|-17.9125|-17.9125
175|-18.0233|-18.0233
176|-18.5407|-18.5407
177|-18.545|-18.545
178|-18.545|-18.545
179|-18.545|-18.545
180|-18.5453|-18.5453
181|-19.1069|-19.1069
182|-19.2357|-19.2357
183|-19.266|-19.266
184|-19.2807|-19.2807
185|-19.2879|-19.2879
186|-19.2879|-19.2879
187|-19.4858|-19.4858
188|-19.4869|-19.4869
189|-19.4875|-19.4875
190|-19.4878|-19.4878
191|-19.488|-19.488
192|-19.488|-19.488
193|-19.4888|-19.4888
194|-20.0377|-20.0377
195|-20.2421|-20.2421
196|-20.2692|-20.2692
197|-20.2692|-20.2692
198|-20.2693|-20.2693
199|-20.3386|-20.3386
200|-20.3481|-20.3481
201|-20.3487|-20.3487
202|-20.3487|-20.3487
203|-20.3487|-20.3487
204|-20.3487|-20.3487
205|-20.3487|-20.3487
206|-20.3487|-20.3487
207|-20.3487|-20.3487
208|-20.3487|-20.3487
209|-20.3487|-20.3487
210|-20.3487|-20.3487
211|-20.3487|-20.3487
212|-20.3487|-20.3487
213|-20.3487|-20.3487
214|-20.3487|-20.3487
215|-20.3487|-20.3487
216|-20.3487|-20.3487
217|-20.3487|-20.3487
218|-20.3487|-20.3487
219|-20.3487|-20.3487
220|-20.3487|-20.3487
221|-20.3487|-20.3487
222|-20.3487|-20.3487
223|-20.3487|-20.3487
224|-20.3487|-20.3487
225|-20.3487|-20.3487
226|-20.3487|-20.3487
227|-20.3487|-20.3487
228|-20.3487|-20.3487
229|-20.3487|-20.3487
230|-20.3487|-20.3487
231|-20.3487|-20.3487
232|-20.3487|-20.3487
233|-20.3487|-20.3487
234|-20.3487|-20.3487
235|-20.3487|-20.3487
236|-20.3487|-20.3487
237|-20.3487|-20.3487
238|-20.3487|-20.3487
239|-20.3487|-20.3487
240|-20.3487|-20.3487
241|-20.3487|-20.3487
242|-20.3487|-20.3487
243|-20.3487|-20.3487
244|-20.3487|-20.3487
245|-20.3487|-20.3487
246|-20.3487|-20.3487
247|-20.3487|-20.3487
248|-20.3487|-20.3487
249|-20.3487|-20.3487
250|-20.3487|-20.3487
251|-20.3487|-20.3487
252|-20.3487|-20.3487
253|-20.3487|-20.3487
254|-20.3487|-20.3487
255|-20.3487|-20.3487
256|-20.3487|-20.3487
257|-20.3487|-20.3487
258|-20.3487|-20.3487
259|-20.3487|-20.3487
260|-20.3487|-20.3487
261|-20.3487|-20.3487
262|-20.3487|-20.3487
263|-20.3487|-20.3487
264|-20.3487|-20.3487
265|-20.3487|-20.3487
266|-20.3487|-20.3487
267|-20.3487|-20.3487
268|-20.3487|-20.3487
269|-20.3487|-20.3487
270|-20.3487|-20.3487
271|-20.3487|-20.3487
272|-20.3487|-20.3487
273|-20.3487|-20.3487
274|-20.3487|-20.3487
275|-20.3487|-20.3487
276|-20.3487|-20.3487
277|-20.3487|-20.3487
278|-20.3487|-20.3487
279|-20.3487|-20.3487
280|-20.3487|-20.3487
281|-20.3487|-20.3487
282|-20.3487|-20.3487
283|-20.3487|-20.3487
284|-20.3487|-20.3487
285|-20.3487|-20.3487
286|-20.3487|-20.3487
287|-20.3487|-20.3487
288|-20.3487|-20.3487
289|-20.3487|-20.3487
290|-20.3487|-20.3487
291|-20.3487|-20.3487
292|-20.3487|-20.3487
293|-20.3487|-20.3487
294|-20.3487|-20.3487
295|-20.3487|-20.3487
296|-20.3487|-20.3487
297|-20.3487|-20.3487
298|-20.3487|-20.3487
299|-20.3487|-20.3487
300|-20.3487|-20.3487
301|-20.3487|-20.3487
302|-20.3487|-20.3487
303|-20.3487|-20.3487
304|-20.3487|-20.3487
305|-20.3487|-20.3487
306|-20.3487|-20.3487
307|-20.3487|-20.3487
308|-20.3487|-20.3487
309|-20.3487|-20.3487
310|-20.3487|-20.3487
311|-20.3487|-20.3487
312|-20.3487|-20.3487
313|-20.3487|-20.3487
314|-20.3487|-20.3487
315|-20.3487|-20.3487
316|-20.3487|-20.3487
317|-20.3487|-20.3487
318|-20.3487|-20.3487
319|-20.3487|-20.3487
320|-20.3487|-20.3487
321|-20.3487|-20.3487
322|-20.3487|-20.3487
323|-20.3487|-20.3487
324|-20.3487|-20.3487
325|-20.3487|-20.3487
326|-20.3487|-20.3487
327|-20.3487|-20.3487
328|-20.3487|-20.3487
329|-20.3487|-20.3487
330|-20.3487|-20.3487
331|-20.3487|-20.3487
332|-20.3487|-20.3487
333|-20.3487|-20.3487
334|-20.3487|-20.3487
335|-20.3487|-20.3487
336|-20.3487|-20.3487
337|-20.3487|-20.3487
338|-20.3487|-20.3487
339|-20.3487|-20.3487
340|-20.3487|-20.3487
341|-20.3487|-20.3487
342|-20.3487|-20.3487
343|-20.3487|-20.3487
344|-20.3487|-20.3487
345|-20.3487|-20.3487
346|-20.3487|-20.3487
347|-20.3487|-20.3487
348|-20.3487|-20.3487
349|-20.3487|-20.3487
350|-20.3487|-20.3487
351|-20.3487|-20.3487
352|-20.3487|-20.3487
353|-20.3487|-20.3487
EARLY STOP: TARGET FOUND
2774544ms
