1|-1408.23|-1408.23
2|-1479.62|-1479.62
3|-1610.14|-1610.14
4|-1646.16|-1646.16
5|-1658.86|-1658.86
6|-1661.45|-1661.45
7|-1661.61|-1661.61
8|-1661.68|-1661.68
9|-1661.7|-1661.7
10|-1661.71|-1661.71
11|-1661.71|-1661.71
12|-1661.71|-1661.71
13|-1661.71|-1661.71
14|-1661.71|-1661.71
15|-1904.76|-1904.76
16|-1907.52|-1907.52
17|-1908.82|-1908.82
18|-1909.44|-1909.44
19|-1909.59|-1909.59
20|-1909.61|-1909.61
21|-1909.62|-1909.62
22|-1909.63|-1909.63
23|-1909.63|-1909.63
24|-1909.63|-1909.63
25|-1909.63|-1909.63
26|-2078.84|-2078.84
27|-2087.47|-2087.47
28|-2088.49|-2088.49
29|-2088.99|-2088.99
30|-2089.02|-2089.02
31|-2089.03|-2089.03
32|-2089.03|-2089.03
33|-2089.03|-2089.03
34|-2089.03|-2089.03
35|-2089.03|-2089.03
36|-2209.69|-2209.69
37|-2212.52|-2212.52
38|-2323.92|-2323.92
39|-2484.02|-2484.02
40|-2529.8|-2529.8
41|-2530.44|-2530.44
42|-2531.21|-2531.21
43|-2531.36|-2531.36
44|-2531.43|-2531.43
45|-2531.47|-2531.47
46|-2531.47|-2531.47
47|-2531.47|-2531.47
48|-2531.47|-2531.47
49|-2658.17|-2658.17
50|-2658.17|-2658.17
51|-3126|-3126
52|-3126|-3126
53|-3135.97|-3135.97
54|-3139.24|-3139.24
55|-3139.44|-3139.44
56|-3139.46|-3139.46
57|-3139.47|-3139.47
58|-3139.48|-3139.48
59|-3139.48|-3139.48
60|-3139.48|-3139.48
61|-3225.39|-3225.39
62|-3624.22|-3624.22
63|-3645.06|-3645.06
64|-3654.18|-3654.18
65|-3658.4|-3658.4
66|-3659.42|-3659.42
67|-3659.93|-3659.93
68|-3660.18|-3660.18
69|-3660.31|-3660.31
70|-3660.37|-3660.37
71|-3660.4|-3660.4
72|-3660.4|-3660.4
73|-3660.4|-3660.4
74|-3660.4|-3660.4
75|-3700.37|-3700.37
76|-3860.91|-3860.91
77|-4054|-4054
78|-4068.9|-4068.9
79|-4117.63|-4117.63
80|-4136.98|-4136.98
81|-4141.27|-4141.27
82|-4143.34|-4143.34
83|-4144.34|-4144.34
84|-4144.41|-4144.41
85|-4144.44|-4144.44
86|-4144.45|-4144.45
87|-4144.45|-4144.45
88|-4144.45|-4144.45
89|-4144.45|-4144.45
90|-4193.78|-4193.78
91|-4323.75|-4323.75
92|-4408.95|-4408.95
93|-4421.76|-4421.76
94|-4424.38|-4424.38
95|-4424.69|-4424.69
96|-4424.85|-4424.85
97|-4424.92|-4424.92
98|-4424.94|-4424.94
99|-4424.94|-4424.94
100|-4424.95|-4424.95
101|-4464.4|-4464.4
102|-4644.33|-4644.33
103|-4728.24|-4728.24
104|-4746.94|-4746.94
105|-4747.28|-4747.28
106|-4747.42|-4747.42
107|-4747.46|-4747.46
108|-4747.48|-4747.48
109|-4747.48|-4747.48
110|-4747.48|-4747.48
111|-4747.48|-4747.48
112|-4864.7|-4864.7
113|-4951.07|-4951.07
114|-4972.39|-4972.39
115|-4982.98|-4982.98
116|-4988.26|-4988.26
117|-4988.91|-4988.91
118|-4988.94|-4988.94
119|-4988.94|-4988.94
120|-4988.94|-4988.94
121|-5021.08|-5021.08
122|-5026.87|-5026.87
123|-5028.17|-5028.17
124|-5028.79|-5028.79
125|-5029.1|-5029.1
126|-5029.11|-5029.11
127|-5029.11|-5029.11
128|-5085.38|-5085.38
129|-5085.38|-5085.38
130|-5188.4|-5188.4
131|-5274.98|-5274.98
132|-5317.98|-5317.98
133|-5339.27|-5339.27
134|-5349.84|-5349.84
135|-5351.15|-5351.15
136|-5351.24|-5351.24
137|-5351.28|-5351.28
138|-5351.28|-5351.28
139|-5351.28|-5351.28
140|-5691.84|-5691.84
141|-5708.39|-5708.39
142|-5730.42|-5730.42
143|-5731.03|-5731.03
144|-5731.03|-5731.03
145|-5731.03|-5731.03
146|-5747.67|-5747.67
147|-5828.67|-5828.67
148|-5828.68|-5828.68
149|-5888.47|-5888.47
150|-5906.48|-5906.48
151|-5988.09|-5988.09
152|-5999.86|-5999.86
153|-6000.02|-6000.02
154|-6000.1|-6000.1
155|-6000.11|-6000.11
156|-6000.12|-6000.12
157|-6000.13|-6000.13
158|-6000.13|-6000.13
159|-6024.4|-6024.4
160|-6024.4|-6024.4
161|-6024.72|-6024.72
162|-6024.73|-6024.73
163|-6151.11|-6151.11
164|-6193.77|-6193.77
165|-6199.05|-6199.05
166|-6200.37|-6200.37
167|-6201.03|-6201.03
168|-6201.36|-6201.36
169|-6201.44|-6201.44
170|-6201.45|-6201.45
171|-6201.45|-6201.45
172|-6201.45|-6201.45
173|-6201.45|-6201.45
174|-6238.66|-6238.66
175|-6238.71|-6238.71
176|-6238.72|-6238.72
177|-6238.72|-6238.72
178|-6238.73|-6238.73
179|-6238.73|-6238.73
180|-6238.73|-6238.73
181|-6242.43|-6242.43
182|-6242.84|-6242.84
183|-6242.85|-6242.85
184|-6378.85|-6378.85
185|-6591.68|-6591.68
186|-6702.9|-6702.9
187|-6702.93|-6702.93
188|-6702.95|-6702.95
189|-6739.44|-6739.44
190|-6865.95|-6865.95
191|-6916.83|-6916.83
192|-7006.98|-7006.98
193|-7007.7|-7007.7
194|-7007.77|-7007.77
195|-7007.81|-7007.81
196|-7007.82|-7007.82
197|-7007.83|-7007.83
198|-7007.83|-7007.83
199|-7104.88|-7104.88
200|-7192.33|-7192.33
201|-7370.94|-7370.94
202|-7385.83|-7385.83
203|-7391.91|-7391.91
204|-7394.6|-7394.6
205|-7395.86|-7395.86
206|-7395.9|-7395.9
207|-7395.91|-7395.91
208|-7395.91|-7395.91
209|-7395.92|-7395.92
210|-7395.92|-7395.92
211|-7443.5|-7443.5
212|-7509.43|-7509.43
213|-7589.51|-7589.51
214|-7591.28|-7591.28
215|-7592.33|-7592.33
216|-7592.41|-7592.41
217|-7592.42|-7592.42
218|-7592.42|-7592.42
219|-7664.83|-7664.83
220|-8016.96|-8016.96
221|-8063.97|-8063.97
222|-8082.4|-8082.4
223|-8084.45|-8084.45
224|-8084.95|-8084.95
225|-8085.21|-8085.21
226|-8085.27|-8085.27
227|-8085.3|-8085.3
228|-8085.3|-8085.3
229|-8125.86|-8125.86
230|-8223.04|-8223.04
231|-8223.56|-8223.56
232|-8223.73|-8223.73
233|-8223.8|-8223.8
234|-8223.8|-8223.8
235|-8284.9|-8284.9
236|-8348.26|-8348.26
237|-8445.8|-8445.8
238|-8445.87|-8445.87
239|-8445.88|-8445.88
240|-8445.88|-8445.88
241|-8445.88|-8445.88
242|-8680.5|-8680.5
243|-8722.9|-8722.9
244|-8851.23|-8851.23
245|-8878.25|-8878.25
246|-8980.37|-8980.37
247|-8980.7|-8980.7
248|-8980.7|-8980.7
249|-8980.71|-8980.71
250|-9047.03|-9047.03
251|-9129.28|-9129.28
252|-9130.45|-9130.45
253|-9131.8|-9131.8
254|-9131.83|-9131.83
255|-9131.84|-9131.84
256|-9131.84|-9131.84
257|-9131.9|-9131.9
258|-9132.35|-9132.35
259|-9212.58|-9212.58
260|-9287.62|-9287.62
261|-9290.79|-9290.79
262|-9291.14|-9291.14
263|-9291.44|-9291.44
264|-9291.46|-9291.46
265|-9291.46|-9291.46
266|-9291.46|-9291.46
267|-9491.08|-9491.08
268|-9560.65|-9560.65
269|-9617.41|-9617.41
270|-9618.29|-9618.29
271|-9621.53|-9621.53
272|-9621.53|-9621.53
273|-9621.53|-9621.53
274|-9621.53|-9621.53
275|-9621.53|-9621.53
276|-9621.53|-9621.53
277|-9621.53|-9621.53
278|-9621.53|-9621.53
279|-9621.53|-9621.53
280|-9621.53|-9621.53
281|-9621.53|-9621.53
282|-9621.53|-9621.53
283|-9621.53|-9621.53
284|-9621.53|-9621.53
285|-9621.53|-9621.53
286|-9621.53|-9621.53
287|-9621.53|-9621.53
288|-9621.53|-9621.53
289|-9621.53|-9621.53
290|-9621.53|-9621.53
291|-9621.53|-9621.53
292|-9621.53|-9621.53
293|-9621.53|-9621.53
294|-9621.53|-9621.53
295|-9621.53|-9621.53
296|-9621.53|-9621.53
297|-9621.53|-9621.53
298|-9621.53|-9621.53
299|-9621.53|-9621.53
300|-9621.53|-9621.53
301|-9621.53|-9621.53
302|-9621.53|-9621.53
303|-9621.53|-9621.53
304|-9621.53|-9621.53
305|-9621.53|-9621.53
306|-9621.53|-9621.53
307|-9621.53|-9621.53
308|-9621.53|-9621.53
309|-9621.53|-9621.53
310|-9621.53|-9621.53
311|-9621.53|-9621.53
312|-9621.53|-9621.53
313|-9621.53|-9621.53
314|-9621.53|-9621.53
315|-9621.53|-9621.53
316|-9621.53|-9621.53
317|-9621.53|-9621.53
318|-9621.53|-9621.53
319|-9621.53|-9621.53
320|-9621.53|-9621.53
321|-9621.53|-9621.53
322|-9621.53|-9621.53
323|-9621.53|-9621.53
324|-9621.53|-9621.53
325|-9621.53|-9621.53
326|-9621.53|-9621.53
327|-9621.53|-9621.53
328|-9621.53|-9621.53
329|-9621.53|-9621.53
330|-9621.53|-9621.53
331|-9621.53|-9621.53
332|-9621.53|-9621.53
333|-9621.53|-9621.53
334|-9621.53|-9621.53
335|-9621.53|-9621.53
336|-9621.53|-9621.53
337|-9621.53|-9621.53
338|-9621.53|-9621.53
339|-9621.53|-9621.53
340|-9621.53|-9621.53
341|-9621.53|-9621.53
342|-9621.53|-9621.53
343|-9621.53|-9621.53
344|-9621.53|-9621.53
345|-9621.53|-9621.53
346|-9621.53|-9621.53
347|-9621.53|-9621.53
348|-9621.53|-9621.53
349|-9621.53|-9621.53
350|-9621.53|-9621.53
351|-9621.53|-9621.53
352|-9621.53|-9621.53
353|-9621.53|-9621.53
354|-9621.53|-9621.53
355|-9621.53|-9621.53
356|-9621.53|-9621.53
357|-9621.53|-9621.53
358|-9621.53|-9621.53
359|-9621.53|-9621.53
360|-9621.53|-9621.53
361|-9621.53|-9621.53
362|-9621.53|-9621.53
363|-9621.53|-9621.53
364|-9621.53|-9621.53
365|-9621.53|-9621.53
366|-9621.53|-9621.53
367|-9621.53|-9621.53
368|-9621.53|-9621.53
369|-9621.53|-9621.53
370|-9621.53|-9621.53
371|-9621.53|-9621.53
372|-9621.53|-9621.53
373|-9621.53|-9621.53
374|-9621.53|-9621.53
375|-9621.53|-9621.53
376|-9621.53|-9621.53
377|-9621.53|-9621.53
378|-9621.53|-9621.53
379|-9621.53|-9621.53
380|-9621.53|-9621.53
381|-9621.53|-9621.53
382|-9621.53|-9621.53
383|-9621.53|-9621.53
384|-9621.53|-9621.53
385|-9621.53|-9621.53
386|-9621.53|-9621.53
387|-9621.53|-9621.53
388|-9621.53|-9621.53
389|-9621.53|-9621.53
390|-9621.53|-9621.53
391|-9621.53|-9621.53
392|-9621.53|-9621.53
393|-9621.53|-9621.53
394|-9621.53|-9621.53
395|-9621.53|-9621.53
396|-9621.53|-9621.53
397|-9621.53|-9621.53
398|-9621.53|-9621.53
399|-9621.53|-9621.53
400|-9621.53|-9621.53
401|-9621.53|-9621.53
402|-9621.53|-9621.53
403|-9621.53|-9621.53
404|-9621.53|-9621.53
405|-9621.53|-9621.53
406|-9621.53|-9621.53
407|-9621.53|-9621.53
408|-9621.53|-9621.53
409|-9621.53|-9621.53
410|-9621.53|-9621.53
411|-9621.53|-9621.53
412|-9621.53|-9621.53
413|-9621.53|-9621.53
414|-9621.53|-9621.53
415|-9621.53|-9621.53
416|-9621.53|-9621.53
417|-9621.53|-9621.53
418|-9621.53|-9621.53
419|-9621.53|-9621.53
420|-9621.53|-9621.53
421|-9621.53|-9621.53
422|-9621.53|-9621.53
423|-9621.53|-9621.53
EARLY STOP: TARGET FOUND
4869254ms
