1|-2.5198|-2.5198
2|-2.52056|-2.52056
3|-2.52067|-2.52067
4|-2.52068|-2.52068
5|-2.52068|-2.52068
6|-2.52068|-2.52068
7|-2.52068|-2.52068
8|-2.70401|-2.70401
9|-2.74901|-2.74901
10|-2.74901|-2.74901
11|-2.75416|-2.75416
12|-2.75668|-2.75668
13|-2.75793|-2.75793
14|-2.75855|-2.75855
15|-2.86376|-2.86376
16|-3.01877|-3.01877
17|-3.1351|-3.1351
18|-3.20185|-3.20185
19|-3.23689|-3.23689
20|-3.25475|-3.25475
21|-3.25925|-3.25925
22|-3.26037|-3.26037
23|-3.26094|-3.26094
24|-3.26122|-3.26122
25|-3.26125|-3.26125
26|-3.90192|-3.90192
27|-4.08381|-4.08381
28|-4.13736|-4.13736
29|-4.15373|-4.15373
30|-4.15626|-4.15626
31|-4.15774|-4.15774
32|-4.15786|-4.15786
33|-4.15788|-4.15788
34|-4.15789|-4.15789
35|-4.15789|-4.15789
36|-4.15794|-4.15794
37|-4.99781|-4.99781
38|-5.11057|-5.11057
39|-5.13923|-5.13923
40|-5.14308|-5.14308
41|-5.14448|-5.14448
42|-5.14478|-5.14478
43|-5.14492|-5.14492
44|-5.14496|-5.14496
45|-5.14498|-5.14498
46|-5.26754|-5.26754
47|-6.1304|-6.1304
48|-6.14493|-6.14493
49|-6.14495|-6.14495
50|-6.14495|-6.14495
51|-6.14496|-6.14496
52|-6.14496|-6.14496
53|-6.60269|-6.60269
54|-6.73265|-6.73265
55|-6.88477|-6.88477
56|-6.88777|-6.88777
57|-6.89027|-6.89027
58|-6.89031|-6.89031
59|-6.89032|-6.89032
60|-6.89032|-6.89032
61|-6.89032|-6.89032
62|-7.06696|-7.06696
63|-7.3852|-7.3852
64|-7.53822|-7.53822
65|-7.58378|-7.58378
66|-7.5953|-7.5953
67|-7.59689|-7.59689
68|-7.59744|-7.59744
69|-7.59755|-7.59755
70|-7.59755|-7.59755
71|-8.54402|-8.54402
72|-8.55536|-8.55536
73|-8.55607|-8.55607
74|-8.55612|-8.55612
75|-8.5946|-8.5946
76|-9.09331|-9.09331
77|-9.22259|-9.22259
78|-9.23219|-9.23219
79|-9.23433|-9.23433
80|-9.23536|-9.23536
81|-9.23542|-9.23542
82|-9.51031|-9.51031
83|-10.0773|-10.0773
84|-10.0827|-10.0827
85|-10.1933|-10.1933
86|-10.2229|-10.2229
87|-10.2304|-10.2304
88|-10.2322|-10.2322
89|-10.2324|-10.2324
90|-10.2324|-10.2324
91|-10.2324|-10.2324
92|-10.5186|-10.5186
93|-10.6262|-10.6262
94|-10.8441|-10.8441
95|-10.9583|-10.9583
96|-11.0225|-11.0225
97|-11.0464|-11.0464
98|-11.0487|-11.0487
99|-11.0493|-11.0493
100|-11.0494|-11.0494
101|-11.062|-11.062
102|-11.0772|-11.0772
103|-11.6123|-11.6123
104|-11.6142|-11.6142
105|-11.6142|-11.6142
106|-11.6142|-11.6142
107|-11.755|-11.755
108|-12.4662|-12.4662
109|-12.4668|-12.4668
110|-12.467|-12.467
111|-12.467|-12.467
112|-12.4671|-12.4671
113|-12.4672|-12.4672
114|-12.9875|-12.9875
115|-13.4075|-13.4075
116|-13.4643|-13.4643
117|-13.4645|-13.4645
118|-13.465|-13.465
119|-13.4652|-13.4652
120|-13.4652|-13.4652
121|-13.4652|-13.4652
122|-13.4654|-13.4654
123|-13.4655|-13.4655
124|-13.4656|-13.4656
125|-13.6428|-13.6428
126|-14.4581|-14.4581
127|-14.4606|-14.4606
128|-14.4607|-14.4607
129|-14.4682|-14.4682
130|-14.4715|-14.4715
131|-14.4731|-14.4731
132|-14.4738|-14.4738
133|-14.474|-14.474
134|-14.4741|-14.4741
135|-15.2483|-15.2483
136|-15.2565|-15.2565
137|-15.2585|-15.2585
138|-15.259|-15.259
139|-15.2591|-15.2591
140|-15.2591|-15.2591
141|-15.7233|-15.7233
142|-16.2557|-16.2557
143|-16.2566|-16.2566
144|-16.2574|-16.2574
145|-16.2574|-16.2574
146|-16.8496|-16.8496
147|-16.8522|-16.8522
148|-16.8538|-16.8538
149|-16.854|-16.854
150|-16.854|-16.854
151|-16.854|-16.854
152|-16.8961|-16.8961
153|-17.1984|-17.1984
154|-17.2889|-17.2889
155|-17.4102|-17.4102
156|-17.8475|-17.8475
157|-17.8526|-17.8526
158|-17.8531|-17.8531
159|-17.8689|-17.8689
160|-18.5139|-18.5139
161|-18.7418|-18.7418
162|-18.7958|-18.7958
163|-18.803|-18.803
164|-18.803|-18.803
165|-19.7722|-19.7722
166|-19.7759|-19.7759
167|-19.778|-19.778
168|-19.7782|-19.7782
169|-19.7785|-19.7785
170|-19.8758|-19.8758
171|-19.9166|-19.9166
172|-19.9411|-19.9411
173|-19.9477|-19.9477
174|-19.9511|-19.9511
175|-19.9528|-19.9528
176|-19.9532|-19.9532
177|-20.2139|-20.2139
178|-20.3251|-20.3251
179|-20.8041|-20.8041
180|-20.8393|-20.8393
181|-20.8432|-20.8432
182|-20.8452|-20.8452
183|-20.8455|-20.8455
184|-20.8456|-20.8456
185|-20.8456|-20.8456
186|-21.0621|-21.0621
187|-21.0839|-21.0839
188|-21.0874|-21.0874
189|-21.0877|-21.0877
190|-21.0879|-21.0879
191|-21.0879|-21.0879
192|-21.1512|-21.1512
193|-21.2238|-21.2238
194|-21.2239|-21.2239
195|-21.2239|-21.2239
196|-21.8664|-21.8664
197|-21.8984|-21.8984
198|-21.9121|-21.9121
199|-21.9134|-21.9134
200|-21.9134|-21.9134
201|-21.9134|-21.9134
202|-21.914|-21.914
203|-22.3063|-22.3063
204|-22.3601|-22.3601
205|-22.6134|-22.6134
206|-22.6894|-22.6894
207|-22.7064|-22.7064
208|-22.7091|-22.7091
209|-22.7091|-22.7091
210|-22.7091|-22.7091
211|-22.7401|-22.7401
212|-23.0484|-23.0484
213|-23.5651|-23.5651
214|-23.6495|-23.6495
215|-23.6751|-23.6751
216|-23.6832|-23.6832
217|-23.684|-23.684
218|-23.684|-23.684
219|-23.684|-23.684
220|-23.684|-23.684
221|-23.684|-23.684
222|-23.684|-23.684
223|-23.684|-23.684
224|-23.684|-23.684
225|-23.684|-23.684
226|-23.684|-23.684
227|-23.684|-23.684
228|-23.684|-23.684
229|-23.684|-23.684
230|-23.684|-23.684
231|-23.684|-23.684
232|-23.684|-23.684
233|-23.684|-23.684
234|-23.684|-23.684
235|-23.684|-23.684
236|-23.684|-23.684
237|-23.684|-23.684
238|-23.684|-23.684
239|-23.684|-23.684
240|-23.684|-23.684
241|-23.684|-23.684
242|-23.684|-23.684
243|-23.684|-23.684
244|-23.684|-23.684
245|-23.684|-23.684
246|-23.684|-23.684
247|-23.684|-23.684
248|-23.684|-23.684
249|-23.684|-23.684
250|-23.684|-23.684
251|-23.684|-23.684
252|-23.684|-23.684
253|-23.684|-23.684
254|-23.684|-23.684
255|-23.684|-23.684
256|-23.684|-23.684
257|-23.684|-23.684
258|-23.684|-23.684
259|-23.684|-23.684
260|-23.684|-23.684
261|-23.684|-23.684
262|-23.684|-23.684
263|-23.684|-23.684
264|-23.684|-23.684
265|-23.684|-23.684
266|-23.684|-23.684
267|-23.684|-23.684
268|-23.684|-23.684
269|-23.684|-23.684
270|-23.684|-23.684
271|-23.684|-23.684
272|-23.684|-23.684
273|-23.684|-23.684
274|-23.684|-23.684
275|-23.684|-23.684
276|-23.684|-23.684
277|-23.684|-23.684
278|-23.684|-23.684
279|-23.684|-23.684
280|-23.684|-23.684
281|-23.684|-23.684
282|-23.684|-23.684
283|-23.684|-23.684
284|-23.684|-23.684
285|-23.684|-23.684
286|-23.684|-23.684
287|-23.684|-23.684
288|-23.684|-23.684
289|-23.684|-23.684
290|-23.684|-23.684
291|-23.684|-23.684
292|-23.684|-23.684
293|-23.684|-23.684
294|-23.684|-23.684
295|-23.684|-23.684
296|-23.684|-23.684
297|-23.684|-23.684
298|-23.684|-23.684
299|-23.684|-23.684
300|-23.684|-23.684
301|-23.684|-23.684
302|-23.684|-23.684
303|-23.684|-23.684
304|-23.684|-23.684
305|-23.684|-23.684
306|-23.684|-23.684
307|-23.684|-23.684
308|-23.684|-23.684
309|-23.684|-23.684
310|-23.684|-23.684
311|-23.684|-23.684
312|-23.684|-23.684
313|-23.684|-23.684
314|-23.684|-23.684
315|-23.684|-23.684
316|-23.684|-23.684
317|-23.684|-23.684
318|-23.684|-23.684
319|-23.684|-23.684
320|-23.684|-23.684
321|-23.684|-23.684
322|-23.684|-23.684
323|-23.684|-23.684
324|-23.684|-23.684
325|-23.684|-23.684
326|-23.684|-23.684
327|-23.684|-23.684
328|-23.684|-23.684
329|-23.684|-23.684
330|-23.684|-23.684
331|-23.684|-23.684
332|-23.684|-23.684
333|-23.684|-23.684
334|-23.684|-23.684
335|-23.684|-23.684
336|-23.684|-23.684
337|-23.684|-23.684
338|-23.684|-23.684
339|-23.684|-23.684
340|-23.684|-23.684
341|-23.684|-23.684
342|-23.684|-23.684
343|-23.684|-23.684
344|-23.684|-23.684
345|-23.684|-23.684
346|-23.684|-23.684
347|-23.684|-23.684
348|-23.684|-23.684
349|-23.684|-23.684
350|-23.684|-23.684
351|-23.684|-23.684
352|-23.684|-23.684
353|-23.684|-23.684
354|-23.684|-23.684
355|-23.684|-23.684
356|-23.684|-23.684
357|-23.684|-23.684
358|-23.684|-23.684
359|-23.684|-23.684
360|-23.684|-23.684
361|-23.684|-23.684
362|-23.684|-23.684
363|-23.684|-23.684
364|-23.684|-23.684
365|-23.684|-23.684
366|-23.684|-23.684
367|-23.684|-23.684
EARLY STOP: TARGET FOUND
2931876ms
