1|106.714|106.714
2|88.5837|88.5837
3|88.5426|88.5426
4|88.5423|88.5423
5|88.5422|88.5422
6|88.5421|88.5421
7|88.542|88.542
8|88.542|88.542
9|83.0696|83.0696
10|83.0279|83.0279
11|83.0219|83.0219
12|83.0218|83.0218
13|83.0218|83.0218
14|65.2415|65.2415
15|61.5413|61.5413
16|58.7364|58.7364
17|58.3788|58.3788
18|58.3701|58.3701
19|58.3658|58.3658
20|58.3652|58.3652
21|58.365|58.365
22|48.4999|48.4999
23|47.5372|47.5372
24|44.3431|44.3431
25|43.8675|43.8675
26|43.6849|43.6849
27|43.6078|43.6078
28|43.59|43.59
29|43.5813|43.5813
30|43.5803|43.5803
31|43.58|43.58
32|23.0555|23.0555
33|15.9776|15.9776
34|7.46703|7.46703
35|7.45175|7.45175
36|7.45154|7.45154
37|7.4515|7.4515
38|7.45149|7.45149
39|7.45149|7.45149
40|7.45149|7.45149
41|7.45149|7.45149
42|7.45149|7.45149
43|7.45149|7.45149
44|7.45149|7.45149
45|7.45149|7.45149
46|7.45149|7.45149
47|7.45149|7.45149
48|7.45149|7.45149
49|7.45149|7.45149
50|7.45149|7.45149
51|7.45149|7.45149
52|7.45149|7.45149
53|7.45149|7.45149
54|7.45149|7.45149
55|7.45149|7.45149
56|7.45149|7.45149
57|7.45149|7.45149
58|7.45149|7.45149
59|7.45149|7.45149
60|7.45149|7.45149
61|7.45149|7.45149
62|7.45149|7.45149
63|7.45149|7.45149
64|7.45149|7.45149
65|7.45149|7.45149
66|7.45149|7.45149
67|7.45149|7.45149
68|7.45149|7.45149
69|7.45149|7.45149
70|7.45149|7.45149
71|7.45149|7.45149
72|7.45149|7.45149
73|7.45149|7.45149
74|7.45149|7.45149
75|7.45149|7.45149
76|7.45149|7.45149
77|7.45149|7.45149
78|7.45149|7.45149
79|7.45149|7.45149
80|7.45149|7.45149
81|7.45149|7.45149
82|7.45149|7.45149
83|7.45149|7.45149
84|7.45149|7.45149
85|7.45149|7.45149
86|7.45149|7.45149
87|7.45149|7.45149
88|7.45149|7.45149
89|7.45149|7.45149
90|7.45149|7.45149
91|7.45149|7.45149
92|7.45149|7.45149
93|7.45149|7.45149
94|7.45149|7.45149
95|7.45149|7.45149
96|7.45149|7.45149
97|7.45149|7.45149
98|7.45149|7.45149
99|7.45149|7.45149
100|7.45149|7.45149
101|7.45149|7.45149
102|7.45149|7.45149
103|7.45149|7.45149
104|7.45149|7.45149
105|7.45149|7.45149
106|7.45149|7.45149
107|7.45149|7.45149
108|7.45149|7.45149
109|7.45149|7.45149
110|7.45149|7.45149
111|7.45149|7.45149
112|7.45149|7.45149
113|7.45149|7.45149
114|7.45149|7.45149
115|7.45149|7.45149
116|7.45149|7.45149
117|7.45149|7.45149
118|7.45149|7.45149
119|7.45149|7.45149
120|7.45149|7.45149
121|7.45149|7.45149
122|7.45149|7.45149
123|7.45149|7.45149
124|7.45149|7.45149
125|7.45149|7.45149
126|7.45149|7.45149
127|7.45149|7.45149
128|7.45149|7.45149
129|7.45149|7.45149
130|7.45149|7.45149
131|7.45149|7.45149
132|7.45149|7.45149
133|7.45149|7.45149
134|7.45149|7.45149
135|7.45149|7.45149
136|7.45149|7.45149
137|7.45149|7.45149
138|7.45149|7.45149
139|7.45149|7.45149
140|7.45149|7.45149
141|7.45149|7.45149
142|7.45149|7.45149
143|7.45149|7.45149
144|7.45149|7.45149
145|7.45149|7.45149
146|7.45149|7.45149
147|7.45149|7.45149
148|7.45149|7.45149
149|7.45149|7.45149
150|7.45149|7.45149
151|7.45149|7.45149
152|7.45149|7.45149
153|7.45149|7.45149
154|7.45149|7.45149
155|7.45149|7.45149
156|7.45149|7.45149
157|7.45149|7.45149
158|7.45149|7.45149
159|7.45149|7.45149
160|7.45149|7.45149
161|7.45149|7.45149
162|7.45149|7.45149
163|7.45149|7.45149
164|7.45149|7.45149
165|7.45149|7.45149
166|7.45149|7.45149
167|7.45149|7.45149
168|7.45149|7.45149
169|7.45149|7.45149
170|7.45149|7.45149
171|7.45149|7.45149
172|7.45149|7.45149
173|7.45149|7.45149
174|7.45149|7.45149
175|7.45149|7.45149
176|7.45149|7.45149
177|7.45149|7.45149
178|7.45149|7.45149
179|7.45149|7.45149
180|7.45149|7.45149
181|7.45149|7.45149
182|7.45149|7.45149
183|7.45149|7.45149
184|7.45149|7.45149
185|7.45149|7.45149
186|7.45149|7.45149
187|7.45149|7.45149
188|7.45149|7.45149
189|7.45149|7.45149
EARLY STOP: TARGET FOUND
66908ms
