1|-4.52266|-4.52266
2|-4.52455|-4.52455
3|-4.52459|-4.52459
4|-4.52461|-4.52461
5|-4.52462|-4.52462
6|-4.52462|-4.52462
7|-4.52463|-4.52463
8|-4.61949|-4.61949
9|-4.79718|-4.79718
10|-4.84433|-4.84433
11|-4.86581|-4.86581
12|-4.87087|-4.87087
13|-4.87149|-4.87149
14|-4.8718|-4.8718
15|-4.87196|-4.87196
16|-4.87204|-4.87204
17|-4.87208|-4.87208
18|-4.87208|-4.87208
19|-4.87208|-4.87208
20|-4.8723|-4.8723
21|-5.81172|-5.81172
22|-5.8224|-5.8224
23|-5.8262|-5.8262
24|-5.8266|-5.8266
25|-5.8267|-5.8267
26|-5.82675|-5.82675
27|-5.82676|-5.82676
28|-5.82676|-5.82676
29|-6.06508|-6.06508
30|-6.08197|-6.08197
31|-6.11661|-6.11661
32|-6.11691|-6.11691
33|-6.11695|-6.11695
34|-6.11696|-6.11696
35|-6.11696|-6.11696
36|-6.11696|-6.11696
37|-6.11696|-6.11696
38|-6.46526|-6.46526
39|-6.46526|-6.46526
40|-6.48707|-6.48707
41|-6.48967|-6.48967
42|-6.48967|-6.48967
43|-6.62339|-6.62339
44|-6.62344|-6.62344
45|-6.62345|-6.62345
46|-6.62345|-6.62345
47|-6.97283|-6.97283
48|-7.05832|-7.05832
49|-7.10225|-7.10225
50|-7.10294|-7.10294
51|-7.10311|-7.10311
52|-7.10313|-7.10313
53|-7.10313|-7.10313
54|-7.37438|-7.37438
55|-7.74773|-7.74773
56|-7.81122|-7.81122
57|-7.81131|-7.81131
58|-7.81131|-7.81131
59|-7.92729|-7.92729
60|-8.00396|-8.00396
61|-8.66082|-8.66082
62|-8.66463|-8.66463
63|-8.66733|-8.66733
64|-8.66776|-8.66776
65|-8.66777|-8.66777
66|-8.75295|-8.75295
67|-9.30665|-9.30665
68|-9.31262|-9.31262
69|-9.31453|-9.31453
70|-9.31498|-9.31498
71|-9.31499|-9.31499
72|-9.315|-9.315
73|-9.32769|-9.32769
74|-9.57027|-9.57027
75|-9.61556|-9.61556
76|-9.85738|-9.85738
77|-9.98379|-9.98379
78|-10.0426|-10.0426
79|-10.0565|-10.0565
80|-10.0574|-10.0574
81|-10.0578|-10.0578
82|-10.058|-10.058
83|-10.0581|-10.0581
84|-10.3695|-10.3695
85|-10.7778|-10.7778
86|-10.7872|-10.7872
87|-10.8176|-10.8176
88|-10.8297|-10.8297
89|-10.8349|-10.8349
90|-10.8373|-10.8373
91|-10.8384|-10.8384
92|-10.8385|-10.8385
93|-10.8428|-10.8428
94|-11.2566|-11.2566
95|-11.6204|-11.6204
96|-11.6327|-11.6327
97|-11.6342|-11.6342
98|-11.6342|-11.6342
99|-12.2478|-12.2478
100|-12.3785|-12.3785
101|-12.4133|-12.4133
102|-12.4159|-12.4159
103|-12.4165|-12.4165
104|-12.4211|-12.4211
105|-12.4218|-12.4218
106|-12.4218|-12.4218
107|-13.1372|-13.1372
108|-13.4148|-13.4148
109|-13.4149|-13.4149
110|-13.4149|-13.4149
111|-13.6207|-13.6207
112|-13.8841|-13.8841
113|-14.128|-14.128
114|-14.2004|-14.2004
115|-14.2162|-14.2162
116|-14.2172|-14.2172
117|-14.2175|-14.2175
118|-14.2177|-14.2177
119|-14.2178|-14.2178
120|-14.2178|-14.2178
121|-14.2178|-14.2178
122|-14.2178|-14.2178
123|-14.454|-14.454
124|-14.6709|-14.6709
125|-14.9709|-14.9709
126|-15.0141|-15.0141
127|-15.022|-15.022
128|-15.0238|-15.0238
129|-15.0242|-15.0242
130|-15.0244|-15.0244
131|-15.0245|-15.0245
132|-15.0259|-15.0259
133|-15.0286|-15.0286
134|-15.0426|-15.0426
135|-15.0699|-15.0699
136|-15.4745|-15.4745
137|-15.8006|-15.8006
138|-15.8293|-15.8293
139|-15.8417|-15.8417
140|-15.8446|-15.8446
141|-15.846|-15.846
142|-15.8462|-15.8462
143|-15.9678|-15.9678
144|-15.9863|-15.9863
145|-16.1406|-16.1406
146|-16.1815|-16.1815
147|-16.3159|-16.3159
148|-16.5471|-16.5471
149|-16.5475|-16.5475
150|-16.5482|-16.5482
151|-16.5482|-16.5482
152|-16.7531|-16.7531
153|-17.064|-17.064
154|-17.1099|-17.1099
155|-17.1715|-17.1715
156|-17.1913|-17.1913
157|-17.2904|-17.2904
158|-17.2927|-17.2927
159|-17.2973|-17.2973
160|-17.298|-17.298
161|-17.2984|-17.2984
162|-17.2985|-17.2985
163|-17.2985|-17.2985
164|-17.4359|-17.4359
165|-17.9299|-17.9299
166|-18.2531|-18.2531
167|-18.2621|-18.2621
168|-18.2733|-18.2733
169|-18.2735|-18.2735
170|-18.2736|-18.2736
171|-18.2736|-18.2736
172|-18.2736|-18.2736
173|-18.2736|-18.2736
174|-18.3016|-18.3016
175|-18.3102|-18.3102
176|-18.3147|-18.3147
177|-18.317|-18.317
178|-18.3181|-18.3181
179|-18.3187|-18.3187
180|-18.6399|-18.6399
181|-19.0002|-19.0002
182|-19.2108|-19.2108
183|-19.2178|-19.2178
184|-19.2195|-19.2195
185|-19.2202|-19.2202
186|-19.2204|-19.2204
187|-19.2205|-19.2205
188|-19.3052|-19.3052
189|-19.3365|-19.3365
190|-19.3387|-19.3387
191|-19.339|-19.339
192|-19.3803|-19.3803
193|-20.2775|-20.2775
194|-20.3237|-20.3237
195|-20.3255|-20.3255
196|-20.3264|-20.3264
197|-20.8278|-20.8278
198|-20.9097|-20.9097
199|-20.9703|-20.9703
200|-20.9771|-20.9771
201|-20.9782|-20.9782
202|-20.9785|-20.9785
203|-21.8195|-21.8195
204|-21.9294|-21.9294
205|-21.9538|-21.9538
206|-21.9561|-21.9561
207|-21.9567|-21.9567
208|-22.2732|-22.2732
209|-22.6251|-22.6251
210|-22.7405|-22.7405
211|-22.7442|-22.7442
212|-22.7443|-22.7443
213|-22.7443|-22.7443
214|-22.7443|-22.7443
215|-22.7443|-22.7443
216|-22.7443|-22.7443
217|-22.7443|-22.7443
218|-22.7443|-22.7443
219|-22.7443|-22.7443
220|-22.7443|-22.7443
221|-22.7443|-22.7443
222|-22.7443|-22.7443
223|-22.7443|-22.7443
224|-22.7443|-22.7443
225|-22.7443|-22.7443
226|-22.7443|-22.7443
227|-22.7443|-22.7443
228|-22.7443|-22.7443
229|-22.7443|-22.7443
230|-22.7443|-22.7443
231|-22.7443|-22.7443
232|-22.7443|-22.7443
233|-22.7443|-22.7443
234|-22.7443|-22.7443
235|-22.7443|-22.7443
236|-22.7443|-22.7443
237|-22.7443|-22.7443
238|-22.7443|-22.7443
239|-22.7443|-22.7443
240|-22.7443|-22.7443
241|-22.7443|-22.7443
242|-22.7443|-22.7443
243|-22.7443|-22.7443
244|-22.7443|-22.7443
245|-22.7443|-22.7443
246|-22.7443|-22.7443
247|-22.7443|-22.7443
248|-22.7443|-22.7443
249|-22.7443|-22.7443
250|-22.7443|-22.7443
251|-22.7443|-22.7443
252|-22.7443|-22.7443
253|-22.7443|-22.7443
254|-22.7443|-22.7443
255|-22.7443|-22.7443
256|-22.7443|-22.7443
257|-22.7443|-22.7443
258|-22.7443|-22.7443
259|-22.7443|-22.7443
260|-22.7443|-22.7443
261|-22.7443|-22.7443
262|-22.7443|-22.7443
263|-22.7443|-22.7443
264|-22.7443|-22.7443
265|-22.7443|-22.7443
266|-22.7443|-22.7443
267|-22.7443|-22.7443
268|-22.7443|-22.7443
269|-22.7443|-22.7443
270|-22.7443|-22.7443
271|-22.7443|-22.7443
272|-22.7443|-22.7443
273|-22.7443|-22.7443
274|-22.7443|-22.7443
275|-22.7443|-22.7443
276|-22.7443|-22.7443
277|-22.7443|-22.7443
278|-22.7443|-22.7443
279|-22.7443|-22.7443
280|-22.7443|-22.7443
281|-22.7443|-22.7443
282|-22.7443|-22.7443
283|-22.7443|-22.7443
284|-22.7443|-22.7443
285|-22.7443|-22.7443
286|-22.7443|-22.7443
287|-22.7443|-22.7443
288|-22.7443|-22.7443
289|-22.7443|-22.7443
290|-22.7443|-22.7443
291|-22.7443|-22.7443
292|-22.7443|-22.7443
293|-22.7443|-22.7443
294|-22.7443|-22.7443
295|-22.7443|-22.7443
296|-22.7443|-22.7443
297|-22.7443|-22.7443
298|-22.7443|-22.7443
299|-22.7443|-22.7443
300|-22.7443|-22.7443
301|-22.7443|-22.7443
302|-22.7443|-22.7443
303|-22.7443|-22.7443
304|-22.7443|-22.7443
305|-22.7443|-22.7443
306|-22.7443|-22.7443
307|-22.7443|-22.7443
308|-22.7443|-22.7443
309|-22.7443|-22.7443
310|-22.7443|-22.7443
311|-22.7443|-22.7443
312|-22.7443|-22.7443
313|-22.7443|-22.7443
314|-22.7443|-22.7443
315|-22.7443|-22.7443
316|-22.7443|-22.7443
317|-22.7443|-22.7443
318|-22.7443|-22.7443
319|-22.7443|-22.7443
320|-22.7443|-22.7443
321|-22.7443|-22.7443
322|-22.7443|-22.7443
323|-22.7443|-22.7443
324|-22.7443|-22.7443
325|-22.7443|-22.7443
326|-22.7443|-22.7443
327|-22.7443|-22.7443
328|-22.7443|-22.7443
329|-22.7443|-22.7443
330|-22.7443|-22.7443
331|-22.7443|-22.7443
332|-22.7443|-22.7443
333|-22.7443|-22.7443
334|-22.7443|-22.7443
335|-22.7443|-22.7443
336|-22.7443|-22.7443
337|-22.7443|-22.7443
338|-22.7443|-22.7443
339|-22.7443|-22.7443
340|-22.7443|-22.7443
341|-22.7443|-22.7443
342|-22.7443|-22.7443
343|-22.7443|-22.7443
344|-22.7443|-22.7443
345|-22.7443|-22.7443
346|-22.7443|-22.7443
347|-22.7443|-22.7443
348|-22.7443|-22.7443
349|-22.7443|-22.7443
350|-22.7443|-22.7443
351|-22.7443|-22.7443
352|-22.7443|-22.7443
353|-22.7443|-22.7443
354|-22.7443|-22.7443
355|-22.7443|-22.7443
356|-22.7443|-22.7443
357|-22.7443|-22.7443
358|-22.7443|-22.7443
359|-22.7443|-22.7443
360|-22.7443|-22.7443
361|-22.7443|-22.7443
362|-22.7443|-22.7443
363|-22.7443|-22.7443
364|-22.7443|-22.7443
EARLY STOP: TARGET FOUND
2967498ms
