1|539.586|539.586
2|538.806|538.806
3|534.545|534.545
4|534.532|534.532
5|534.531|534.531
6|530.031|530.031
7|530.029|530.029
8|530.029|530.029
9|530.028|530.028
10|528.393|528.393
11|526.239|526.239
12|523.044|523.044
13|523.044|523.044
14|522.568|522.568
15|522.386|522.386
16|522.308|522.308
17|522.291|522.291
18|522.282|522.282
19|522.281|522.281
20|522.28|522.28
21|517.612|517.612
22|514.767|514.767
23|506.659|506.659
24|505.544|505.544
25|505.355|505.355
26|505.275|505.275
27|505.238|505.238
28|505.23|505.23
29|505.225|505.225
30|505.223|505.223
31|505.223|505.223
32|505.222|505.222
33|479.676|479.676
34|479.643|479.643
35|479.641|479.641
36|479.641|479.641
37|475.126|475.126
38|468.468|468.468
39|467.157|467.157
40|466.709|466.709
41|466.541|466.541
42|466.505|466.505
43|466.501|466.501
44|466.498|466.498
45|466.497|466.497
46|466.497|466.497
47|466.497|466.497
48|466.496|466.496
49|465.987|465.987
50|440.467|440.467
51|440.43|440.43
52|440.427|440.427
53|440.427|440.427
54|440.427|440.427
55|421.149|421.149
56|415.394|415.394
57|415.305|415.305
58|415.305|415.305
59|415.305|415.305
60|415.305|415.305
61|411.744|411.744
62|411.553|411.553
63|411.53|411.53
64|411.518|411.518
65|411.517|411.517
66|411.516|411.516
67|411.515|411.515
68|391.532|391.532
69|386.568|386.568
70|386.562|386.562
71|386.562|386.562
72|370.531|370.531
73|370.531|370.531
74|370.116|370.116
75|370.008|370.008
76|369.987|369.987
77|369.98|369.98
78|369.979|369.979
79|369.979|369.979
80|369.979|369.979
81|369.979|369.979
82|369.979|369.979
83|369.979|369.979
84|356.725|356.725
85|354.796|354.796
86|354.754|354.754
87|354.696|354.696
88|354.696|354.696
89|354.695|354.695
90|354.694|354.694
91|354.694|354.694
92|328.2|328.2
93|327.819|327.819
94|327.816|327.816
95|327.816|327.816
96|327.816|327.816
97|319.464|319.464
98|316.276|316.276
99|313.354|313.354
100|312.961|312.961
101|312.887|312.887
102|312.878|312.878
103|312.877|312.877
104|312.877|312.877
105|308.486|308.486
106|307.579|307.579
107|297.836|297.836
108|296.968|296.968
109|296.951|296.951
110|296.95|296.95
111|296.949|296.949
112|296.949|296.949
113|275.585|275.585
114|270.369|270.369
115|260.647|260.647
116|260.611|260.611
117|260.609|260.609
118|260.606|260.606
119|260.605|260.605
120|260.605|260.605
121|260.605|260.605
122|251.97|251.97
123|249.045|249.045
124|246.064|246.064
125|245.654|245.654
126|245.574|245.574
127|245.538|245.538
128|245.534|245.534
129|245.532|245.532
130|245.531|245.531
131|245.531|245.531
132|245.53|245.53
133|244.256|244.256
134|243.83|243.83
135|243.672|243.672
136|243.67|243.67
137|243.669|243.669
138|243.669|243.669
139|235.598|235.598
140|227.884|227.884
141|227.81|227.81
142|227.797|227.797
143|227.795|227.795
144|227.793|227.793
145|227.793|227.793
146|227.793|227.793
147|227.793|227.793
148|222.69|222.69
149|207.409|207.409
150|206.579|206.579
151|206.545|206.545
152|206.543|206.543
153|206.543|206.543
154|200.332|200.332
155|195.171|195.171
156|183.647|183.647
157|180.351|180.351
158|180.268|180.268
159|180.244|180.244
160|180.236|180.236
161|180.232|180.232
162|180.231|180.231
163|180.23|180.23
164|180.23|180.23
165|173.199|173.199
166|172.993|172.993
167|172.966|172.966
168|172.963|172.963
169|172.962|172.962
170|172.962|172.962
171|172.962|172.962
172|149.455|149.455
173|148.203|148.203
174|147.789|147.789
175|147.709|147.709
176|147.672|147.672
177|147.664|147.664
178|147.659|147.659
179|147.657|147.657
180|142.54|142.54
181|140.078|140.078
182|139.999|139.999
183|139.964|139.964
184|139.959|139.959
185|139.959|139.959
186|128.947|128.947
187|128.275|128.275
188|128.027|128.027
189|123.49|123.49
190|123.489|123.489
191|123.488|123.488
192|123.488|123.488
193|122.061|122.061
194|122.061|122.061
195|118.761|118.761
196|117.891|117.891
197|117.873|117.873
198|117.869|117.869
199|117.869|117.869
200|92.6322|92.6322
201|85.1785|85.1785
202|85.1031|85.1031
203|85.0905|85.0905
204|85.0851|85.0851
205|85.0845|85.0845
206|70.1914|70.1914
207|70.0838|70.0838
208|70.0815|70.0815
209|70.0813|70.0813
210|70.0813|70.0813
211|70.0812|70.0812
212|68.0259|68.0259
213|59.5278|59.5278
214|55.2921|55.2921
215|52.878|52.878
216|52.8026|52.8026
217|52.7939|52.7939
218|52.7896|52.7896
219|52.7885|52.7885
220|52.788|52.788
221|47.5751|47.5751
222|47.5536|47.5536
223|47.5536|47.5536
224|47.5536|47.5536
225|47.5536|47.5536
226|47.5536|47.5536
227|47.5536|47.5536
228|47.5536|47.5536
229|47.5536|47.5536
230|47.5536|47.5536
231|47.5536|47.5536
232|47.5536|47.5536
233|47.5536|47.5536
234|47.5536|47.5536
235|47.5536|47.5536
236|47.5536|47.5536
237|47.5536|47.5536
238|47.5536|47.5536
239|47.5536|47.5536
240|47.5536|47.5536
241|47.5536|47.5536
242|47.5536|47.5536
243|47.5536|47.5536
244|47.5536|47.5536
245|47.5536|47.5536
246|47.5536|47.5536
247|47.5536|47.5536
248|47.5536|47.5536
249|47.5536|47.5536
250|47.5536|47.5536
251|47.5536|47.5536
252|47.5536|47.5536
253|47.5536|47.5536
254|47.5536|47.5536
255|47.5536|47.5536
256|47.5536|47.5536
257|47.5536|47.5536
258|47.5536|47.5536
259|47.5536|47.5536
260|47.5536|47.5536
261|47.5536|47.5536
262|47.5536|47.5536
263|47.5536|47.5536
264|47.5536|47.5536
265|47.5536|47.5536
266|47.5536|47.5536
267|47.5536|47.5536
268|47.5536|47.5536
269|47.5536|47.5536
270|47.5536|47.5536
271|47.5536|47.5536
272|47.5536|47.5536
273|47.5536|47.5536
274|47.5536|47.5536
275|47.5536|47.5536
276|47.5536|47.5536
277|47.5536|47.5536
278|47.5536|47.5536
279|47.5536|47.5536
280|47.5536|47.5536
281|47.5536|47.5536
282|47.5536|47.5536
283|47.5536|47.5536
284|47.5536|47.5536
285|47.5536|47.5536
286|47.5536|47.5536
287|47.5536|47.5536
288|47.5536|47.5536
289|47.5536|47.5536
290|47.5536|47.5536
291|47.5536|47.5536
292|47.5536|47.5536
293|47.5536|47.5536
294|47.5536|47.5536
295|47.5536|47.5536
296|47.5536|47.5536
297|47.5536|47.5536
298|47.5536|47.5536
299|47.5536|47.5536
300|47.5536|47.5536
301|47.5536|47.5536
302|47.5536|47.5536
303|47.5536|47.5536
304|47.5536|47.5536
305|47.5536|47.5536
306|47.5536|47.5536
307|47.5536|47.5536
308|47.5536|47.5536
309|47.5536|47.5536
310|47.5536|47.5536
311|47.5536|47.5536
312|47.5536|47.5536
313|47.5536|47.5536
314|47.5536|47.5536
315|47.5536|47.5536
316|47.5536|47.5536
317|47.5536|47.5536
318|47.5536|47.5536
319|47.5536|47.5536
320|47.5536|47.5536
321|47.5536|47.5536
322|47.5536|47.5536
323|47.5536|47.5536
324|47.5536|47.5536
325|47.5536|47.5536
326|47.5536|47.5536
327|47.5536|47.5536
328|47.5536|47.5536
329|47.5536|47.5536
330|47.5536|47.5536
331|47.5536|47.5536
332|47.5536|47.5536
333|47.5536|47.5536
334|47.5536|47.5536
335|47.5536|47.5536
336|47.5536|47.5536
337|47.5536|47.5536
338|47.5536|47.5536
339|47.5536|47.5536
340|47.5536|47.5536
341|47.5536|47.5536
342|47.5536|47.5536
343|47.5536|47.5536
344|47.5536|47.5536
345|47.5536|47.5536
346|47.5536|47.5536
347|47.5536|47.5536
348|47.5536|47.5536
349|47.5536|47.5536
350|47.5536|47.5536
351|47.5536|47.5536
352|47.5536|47.5536
353|47.5536|47.5536
354|47.5536|47.5536
355|47.5536|47.5536
356|47.5536|47.5536
357|47.5536|47.5536
358|47.5536|47.5536
359|47.5536|47.5536
360|47.5536|47.5536
361|47.5536|47.5536
362|47.5536|47.5536
363|47.5536|47.5536
364|47.5536|47.5536
365|47.5536|47.5536
366|47.5536|47.5536
367|47.5536|47.5536
368|47.5536|47.5536
369|47.5536|47.5536
370|47.5536|47.5536
371|47.5536|47.5536
372|47.5536|47.5536
373|47.5536|47.5536
374|47.5536|47.5536
EARLY STOP: TARGET FOUND
2977153ms
