1|214.015|214.015
2|214.01|214.01
3|213.952|213.952
4|213.944|213.944
5|213.94|213.94
6|213.939|213.939
7|213.939|213.939
8|213.939|213.939
9|213.939|213.939
10|208.89|208.89
11|204.301|204.301
12|203.654|203.654
13|198.903|198.903
14|197.753|197.753
15|197.751|197.751
16|197.751|197.751
17|197.751|197.751
18|178.804|178.804
19|176.463|176.463
20|176.463|176.463
21|176.246|176.246
22|176.196|176.196
23|176.186|176.186
24|176.185|176.185
25|164.036|164.036
26|164.018|164.018
27|164.014|164.014
28|164.013|164.013
29|164.013|164.013
30|139.73|139.73
31|137.08|137.08
32|136.905|136.905
33|136.867|136.867
34|136.849|136.849
35|136.84|136.84
36|136.836|136.836
37|136.833|136.833
38|136.832|136.832
39|136.832|136.832
40|117.609|117.609
41|115.351|115.351
42|115.157|115.157
43|115.119|115.119
44|115.116|115.116
45|115.115|115.115
46|115.115|115.115
47|115.115|115.115
48|99.9137|99.9137
49|95.8045|95.8045
50|94.3227|94.3227
51|94.0314|94.0314
52|93.9639|93.9639
53|93.9556|93.9556
54|93.9535|93.9535
55|93.9532|93.9532
56|68.6077|68.6077
57|61.9877|61.9877
58|61.7863|61.7863
59|61.7606|61.7606
60|61.7594|61.7594
61|61.7593|61.7593
62|59.6586|59.6586
63|50.9164|50.9164
64|49.8936|49.8936
65|49.7295|49.7295
66|49.7116|49.7116
67|49.7029|49.7029
68|49.7008|49.7008
69|49.7002|49.7002
70|49.7|49.7
71|36.8577|36.8577
72|33.9108|33.9108
73|27.4773|27.4773
74|26.5895|26.5895
75|25.012|25.012
76|22.7489|22.7489
77|19.5803|19.5803
78|19.1124|19.1124
79|18.9339|18.9339
80|18.8589|18.8589
81|18.8502|18.8502
82|18.8481|18.8481
83|18.847|18.847
84|18.8467|18.8467
85|18.8466|18.8466
86|18.8466|18.8466
87|18.8466|18.8466
88|18.8466|18.8466
89|18.8466|18.8466
90|18.8466|18.8466
91|18.8466|18.8466
92|18.8466|18.8466
93|18.8466|18.8466
94|18.8466|18.8466
95|18.8466|18.8466
96|18.8466|18.8466
97|18.8466|18.8466
98|18.8466|18.8466
99|18.8466|18.8466
100|18.8466|18.8466
101|18.8466|18.8466
102|18.8466|18.8466
103|18.8466|18.8466
104|18.8466|18.8466
105|18.8466|18.8466
106|18.8466|18.8466
107|18.8466|18.8466
108|18.8466|18.8466
109|18.8466|18.8466
110|18.8466|18.8466
111|18.8466|18.8466
112|18.8466|18.8466
113|18.8466|18.8466
114|18.8466|18.8466
115|18.8466|18.8466
116|18.8466|18.8466
117|18.8466|18.8466
118|18.8466|18.8466
119|18.8466|18.8466
120|18.8466|18.8466
121|18.8466|18.8466
122|18.8466|18.8466
123|18.8466|18.8466
124|18.8466|18.8466
125|18.8466|18.8466
126|18.8466|18.8466
127|18.8466|18.8466
128|18.8466|18.8466
129|18.8466|18.8466
130|18.8466|18.8466
131|18.8466|18.8466
132|18.8466|18.8466
133|18.8466|18.8466
134|18.8466|18.8466
135|18.8466|18.8466
136|18.8466|18.8466
137|18.8466|18.8466
138|18.8466|18.8466
139|18.8466|18.8466
140|18.8466|18.8466
141|18.8466|18.8466
142|18.8466|18.8466
143|18.8466|18.8466
144|18.8466|18.8466
145|18.8466|18.8466
146|18.8466|18.8466
147|18.8466|18.8466
148|18.8466|18.8466
149|18.8466|18.8466
150|18.8466|18.8466
151|18.8466|18.8466
152|18.8466|18.8466
153|18.8466|18.8466
154|18.8466|18.8466
155|18.8466|18.8466
156|18.8466|18.8466
157|18.8466|18.8466
158|18.8466|18.8466
159|18.8466|18.8466
160|18.8466|18.8466
161|18.8466|18.8466
162|18.8466|18.8466
163|18.8466|18.8466
164|18.8466|18.8466
165|18.8466|18.8466
166|18.8466|18.8466
167|18.8466|18.8466
168|18.8466|18.8466
169|18.8466|18.8466
170|18.8466|18.8466
171|18.8466|18.8466
172|18.8466|18.8466
173|18.8466|18.8466
174|18.8466|18.8466
175|18.8466|18.8466
176|18.8466|18.8466
177|18.8466|18.8466
178|18.8466|18.8466
179|18.8466|18.8466
180|18.8466|18.8466
181|18.8466|18.8466
182|18.8466|18.8466
183|18.8466|18.8466
184|18.8466|18.8466
185|18.8466|18.8466
186|18.8466|18.8466
187|18.8466|18.8466
188|18.8466|18.8466
189|18.8466|18.8466
190|18.8466|18.8466
191|18.8466|18.8466
192|18.8466|18.8466
193|18.8466|18.8466
194|18.8466|18.8466
195|18.8466|18.8466
196|18.8466|18.8466
197|18.8466|18.8466
198|18.8466|18.8466
199|18.8466|18.8466
200|18.8466|18.8466
201|18.8466|18.8466
202|18.8466|18.8466
203|18.8466|18.8466
204|18.8466|18.8466
205|18.8466|18.8466
206|18.8466|18.8466
207|18.8466|18.8466
208|18.8466|18.8466
209|18.8466|18.8466
210|18.8466|18.8466
211|18.8466|18.8466
212|18.8466|18.8466
213|18.8466|18.8466
214|18.8466|18.8466
215|18.8466|18.8466
216|18.8466|18.8466
217|18.8466|18.8466
218|18.8466|18.8466
219|18.8466|18.8466
220|18.8466|18.8466
221|18.8466|18.8466
222|18.8466|18.8466
223|18.8466|18.8466
224|18.8466|18.8466
225|18.8466|18.8466
226|18.8466|18.8466
227|18.8466|18.8466
228|18.8466|18.8466
229|18.8466|18.8466
230|18.8466|18.8466
231|18.8466|18.8466
232|18.8466|18.8466
233|18.8466|18.8466
234|18.8466|18.8466
235|18.8466|18.8466
EARLY STOP: TARGET FOUND
305654ms
