1|69.0194|69.0194
2|69.0155|69.0155
3|69.0148|69.0148
4|69.0148|69.0148
5|69.0148|69.0148
6|47.6632|47.6632
7|47.4616|47.4616
8|47.4433|47.4433
9|47.4389|47.4389
10|47.4379|47.4379
11|47.4377|47.4377
12|47.4377|47.4377
13|47.4377|47.4377
14|45.663|45.663
15|45.6603|45.6603
16|45.6601|45.6601
17|45.6601|45.6601
18|45.6601|45.6601
19|26.5808|26.5808
20|26.5808|26.5808
21|26.0985|26.0985
22|26.0956|26.0956
23|26.0954|26.0954
24|26.0953|26.0953
25|26.0953|26.0953
26|23.0402|23.0402
27|22.7885|22.7885
28|22.7394|22.7394
29|22.7394|22.7394
30|22.7351|22.7351
31|22.7342|22.7342
32|22.734|22.734
33|22.734|22.734
34|22.734|22.734
35|18.5849|18.5849
36|14.707|14.707
37|13.9968|13.9968
38|13.9473|13.9473
39|13.9429|13.9429
40|13.9419|13.9419
41|13.9417|13.9417
42|13.9417|13.9417
43|13.9417|13.9417
44|13.9417|13.9417
45|13.9417|13.9417
46|10.2005|10.2005
47|9.55868|9.55868
48|9.52623|9.52623
49|9.52578|9.52578
50|9.52577|9.52577
51|8.3079|8.3079
52|8.00617|8.00617
53|7.9321|7.9321
54|7.91427|7.91427
55|7.91015|7.91015
56|7.91015|7.91015
57|7.90929|7.90929
58|7.90916|7.90916
59|7.90916|7.90916
60|7.90916|7.90916
61|4.82622|4.82622
62|4.56748|4.56748
63|4.51491|4.51491
64|4.50783|4.50783
65|4.50782|4.50782
66|4.50781|4.50781
67|0.710919|0.710919
68|0.710919|0.710919
69|0.710919|0.710919
70|0.710919|0.710919
71|0.041274|0.041274
72|0.0412739|0.0412739
73|0.0412739|0.0412739
74|0.0412739|0.0412739
75|0.0412739|0.0412739
76|0.0412739|0.0412739
77|0.0412739|0.0412739
78|0.0412739|0.0412739
79|0.0412738|0.0412738
80|0.0412738|0.0412738
81|0.0412738|0.0412738
82|0.0412738|0.0412738
83|0.0412738|0.0412738
84|0.0412738|0.0412738
85|0.0412737|0.0412737
86|0.0412737|0.0412737
87|0.00186273|0.00186273
EARLY STOP: TARGET FOUND
56591ms
