1|539.289|539.289
2|444.165|444.165
3|381.029|381.029
4|370.358|370.358
5|319.261|319.261
6|310.489|310.489
7|308.309|308.309
8|308.172|308.172
9|308.164|308.164
10|308.162|308.162
11|308.16|308.16
12|-127.514|-127.514
13|-127.514|-127.514
14|-228.049|-228.049
15|-349.425|-349.425
16|-354.881|-354.881
17|-355.191|-355.191
18|-355.268|-355.268
19|-355.306|-355.306
20|-355.311|-355.311
21|-355.313|-355.313
22|-355.314|-355.314
23|-491.503|-491.503
24|-719.452|-719.452
25|-721.503|-721.503
26|-729.789|-729.789
27|-791.375|-791.375
28|-791.647|-791.647
29|-791.715|-791.715
30|-791.732|-791.732
31|-791.736|-791.736
32|-833.827|-833.827
33|-838.113|-838.113
34|-840.173|-840.173
35|-841.181|-841.181
36|-841.212|-841.212
37|-841.22|-841.22
38|-841.224|-841.224
39|-841.226|-841.226
40|-841.226|-841.226
41|-1009.68|-1009.68
42|-1460.74|-1460.74
43|-1461.32|-1461.32
44|-1461.33|-1461.33
45|-1461.33|-1461.33
46|-1461.33|-1461.33
47|-1461.33|-1461.33
48|-1461.33|-1461.33
49|-1461.33|-1461.33
50|-1461.33|-1461.33
51|-1461.33|-1461.33
52|-1461.33|-1461.33
53|-1461.33|-1461.33
54|-1461.33|-1461.33
55|-1461.33|-1461.33
56|-1461.33|-1461.33
57|-1461.33|-1461.33
58|-1461.33|-1461.33
59|-1461.33|-1461.33
60|-1461.33|-1461.33
61|-1461.33|-1461.33
62|-1461.33|-1461.33
63|-1461.33|-1461.33
64|-1461.33|-1461.33
65|-1461.33|-1461.33
66|-1461.33|-1461.33
67|-1461.33|-1461.33
68|-1461.33|-1461.33
69|-1461.33|-1461.33
70|-1461.33|-1461.33
71|-1461.33|-1461.33
72|-1461.33|-1461.33
73|-1461.33|-1461.33
74|-1461.33|-1461.33
75|-1461.33|-1461.33
76|-1461.33|-1461.33
77|-1461.33|-1461.33
78|-1461.33|-1461.33
79|-1461.33|-1461.33
80|-1461.33|-1461.33
81|-1461.33|-1461.33
82|-1461.33|-1461.33
83|-1461.33|-1461.33
84|-1461.33|-1461.33
85|-1461.33|-1461.33
86|-1461.33|-1461.33
87|-1461.33|-1461.33
88|-1461.33|-1461.33
89|-1461.33|-1461.33
90|-1461.33|-1461.33
91|-1461.33|-1461.33
92|-1461.33|-1461.33
93|-1461.33|-1461.33
94|-1461.33|-1461.33
95|-1461.33|-1461.33
96|-1461.33|-1461.33
97|-1461.33|-1461.33
98|-1461.33|-1461.33
99|-1461.33|-1461.33
100|-1461.33|-1461.33
101|-1461.33|-1461.33
102|-1461.33|-1461.33
103|-1461.33|-1461.33
104|-1461.33|-1461.33
105|-1461.33|-1461.33
106|-1461.33|-1461.33
107|-1461.33|-1461.33
108|-1461.33|-1461.33
109|-1461.33|-1461.33
110|-1461.33|-1461.33
111|-1461.33|-1461.33
112|-1461.33|-1461.33
113|-1461.33|-1461.33
114|-1461.33|-1461.33
115|-1461.33|-1461.33
116|-1461.33|-1461.33
117|-1461.33|-1461.33
118|-1461.33|-1461.33
119|-1461.33|-1461.33
120|-1461.33|-1461.33
121|-1461.33|-1461.33
122|-1461.33|-1461.33
123|-1461.33|-1461.33
124|-1461.33|-1461.33
125|-1461.33|-1461.33
126|-1461.33|-1461.33
127|-1461.33|-1461.33
128|-1461.33|-1461.33
129|-1461.33|-1461.33
130|-1461.33|-1461.33
131|-1461.33|-1461.33
132|-1461.33|-1461.33
133|-1461.33|-1461.33
134|-1461.33|-1461.33
135|-1461.33|-1461.33
136|-1461.33|-1461.33
137|-1461.33|-1461.33
138|-1461.33|-1461.33
139|-1461.33|-1461.33
140|-1461.33|-1461.33
141|-1461.33|-1461.33
142|-1461.33|-1461.33
143|-1461.33|-1461.33
144|-1461.33|-1461.33
145|-1461.33|-1461.33
146|-1461.33|-1461.33
147|-1461.33|-1461.33
148|-1461.33|-1461.33
149|-1461.33|-1461.33
150|-1461.33|-1461.33
151|-1461.33|-1461.33
152|-1461.33|-1461.33
153|-1461.33|-1461.33
154|-1461.33|-1461.33
155|-1461.33|-1461.33
156|-1461.33|-1461.33
157|-1461.33|-1461.33
158|-1461.33|-1461.33
159|-1461.33|-1461.33
160|-1461.33|-1461.33
161|-1461.33|-1461.33
162|-1461.33|-1461.33
163|-1461.33|-1461.33
164|-1461.33|-1461.33
165|-1461.33|-1461.33
166|-1461.33|-1461.33
167|-1461.33|-1461.33
168|-1461.33|-1461.33
169|-1461.33|-1461.33
170|-1461.33|-1461.33
171|-1461.33|-1461.33
172|-1461.33|-1461.33
173|-1461.33|-1461.33
174|-1461.33|-1461.33
175|-1461.33|-1461.33
176|-1461.33|-1461.33
177|-1461.33|-1461.33
178|-1461.33|-1461.33
179|-1461.33|-1461.33
180|-1461.33|-1461.33
181|-1461.33|-1461.33
182|-1461.33|-1461.33
183|-1461.33|-1461.33
184|-1461.33|-1461.33
185|-1461.33|-1461.33
186|-1461.33|-1461.33
187|-1461.33|-1461.33
188|-1461.33|-1461.33
189|-1461.33|-1461.33
190|-1461.33|-1461.33
191|-1461.33|-1461.33
192|-1461.33|-1461.33
193|-1461.33|-1461.33
194|-1461.33|-1461.33
195|-1461.33|-1461.33
EARLY STOP: TARGET FOUND
94038ms
