1|-87.9187|-87.9187
2|-170.48|-170.48
3|-184.113|-184.113
4|-232.784|-232.784
5|-403.155|-403.155
6|-492.083|-492.083
7|-497.995|-497.995
8|-502.709|-502.709
9|-502.981|-502.981
10|-502.992|-502.992
11|-502.996|-502.996
12|-502.998|-502.998
13|-502.998|-502.998
14|-598.675|-598.675
15|-755.309|-755.309
16|-1219.01|-1219.01
17|-1219.17|-1219.17
18|-1219.18|-1219.18
19|-1219.19|-1219.19
20|-1219.19|-1219.19
21|-1219.19|-1219.19
22|-1219.19|-1219.19
23|-1246.15|-1246.15
24|-1429.79|-1429.79
25|-1609.97|-1609.97
26|-1633.68|-1633.68
27|-1652.05|-1652.05
28|-1653.22|-1653.22
29|-1653.29|-1653.29
30|-1653.29|-1653.29
31|-1653.29|-1653.29
32|-1653.29|-1653.29
33|-1713.86|-1713.86
34|-1719.3|-1719.3
35|-1803.93|-1803.93
36|-1816.57|-1816.57
37|-1819.15|-1819.15
38|-1819.15|-1819.15
39|-1819.23|-1819.23
40|-1819.27|-1819.27
41|-1819.27|-1819.27
42|-1819.27|-1819.27
43|-1819.27|-1819.27
44|-1819.27|-1819.27
45|-1859.86|-1859.86
46|-1861.94|-1861.94
47|-1862.95|-1862.95
48|-1863.46|-1863.46
49|-1863.49|-1863.49
50|-1863.49|-1863.49
51|-1863.49|-1863.49
52|-1963.44|-1963.44
53|-2397.91|-2397.91
54|-2406.53|-2406.53
55|-2407.55|-2407.55
56|-2408.05|-2408.05
57|-2408.07|-2408.07
58|-2408.08|-2408.08
59|-2408.08|-2408.08
60|-2710.26|-2710.26
61|-2714.63|-2714.63
62|-2715.72|-2715.72
63|-2715.73|-2715.73
64|-2715.74|-2715.74
65|-2715.74|-2715.74
66|-2715.74|-2715.74
67|-2715.75|-2715.75
68|-2908.69|-2908.69
69|-2984.59|-2984.59
70|-3024.51|-3024.51
71|-3025.18|-3025.18
72|-3025.33|-3025.33
73|-3025.38|-3025.38
74|-3025.39|-3025.39
75|-3025.39|-3025.39
76|-3129.59|-3129.59
77|-3129.59|-3129.59
78|-3268.16|-3268.16
79|-3739.03|-3739.03
80|-3743.83|-3743.83
81|-3744.79|-3744.79
82|-3744.8|-3744.8
83|-3744.8|-3744.8
84|-3744.8|-3744.8
85|-3744.8|-3744.8
86|-3864.62|-3864.62
87|-3864.62|-3864.62
88|-3884.4|-3884.4
89|-4047.38|-4047.38
90|-4050.16|-4050.16
91|-4125.07|-4125.07
92|-4167.68|-4167.68
93|-4169.07|-4169.07
94|-4169.09|-4169.09
95|-4169.1|-4169.1
96|-4169.1|-4169.1
97|-4169.1|-4169.1
98|-4325.5|-4325.5
99|-4530.08|-4530.08
100|-4546.54|-4546.54
101|-4546.54|-4546.54
102|-4558.83|-4558.83
103|-4602.92|-4602.92
104|-4620.51|-4620.51
105|-4620.51|-4620.51
106|-4621.06|-4621.06
107|-4621.33|-4621.33
108|-4621.4|-4621.4
109|-4621.41|-4621.41
110|-4621.41|-4621.41
111|-4621.41|-4621.41
112|-4621.41|-4621.41
113|-4624.43|-4624.43
114|-4624.43|-4624.43
115|-4624.46|-4624.46
116|-4624.48|-4624.48
117|-4624.48|-4624.48
118|-4624.48|-4624.48
119|-4633.71|-4633.71
120|-4643.97|-4643.97
121|-4696.88|-4696.88
122|-4705.64|-4705.64
123|-4705.91|-4705.91
124|-4706.04|-4706.04
125|-4706.08|-4706.08
126|-4706.09|-4706.09
127|-4706.1|-4706.1
128|-4760.72|-4760.72
129|-5041.86|-5041.86
130|-5105.46|-5105.46
131|-5190.98|-5190.98
132|-5192.58|-5192.58
133|-5193.03|-5193.03
134|-5193.1|-5193.1
135|-5193.13|-5193.13
136|-5193.13|-5193.13
137|-5193.13|-5193.13
138|-5193.14|-5193.14
139|-5324.2|-5324.2
140|-5381.81|-5381.81
141|-5674.9|-5674.9
142|-5723.57|-5723.57
143|-5816.66|-5816.66
144|-5817.75|-5817.75
145|-5817.82|-5817.82
146|-5817.84|-5817.84
147|-5817.84|-5817.84
148|-5817.84|-5817.84
149|-5817.84|-5817.84
150|-5817.84|-5817.84
151|-5907.21|-5907.21
152|-6076.71|-6076.71
153|-6526.31|-6526.31
154|-6527.06|-6527.06
155|-6527.07|-6527.07
156|-6527.09|-6527.09
157|-6527.09|-6527.09
158|-6662.4|-6662.4
159|-6737.67|-6737.67
160|-6778.15|-6778.15
161|-6793.27|-6793.27
162|-6799.47|-6799.47
163|-6802.22|-6802.22
164|-6803.51|-6803.51
165|-6804.13|-6804.13
166|-6804.17|-6804.17
167|-6804.19|-6804.19
168|-6804.19|-6804.19
169|-6868.82|-6868.82
170|-6908.41|-6908.41
171|-6951.49|-6951.49
172|-6969.11|-6969.11
173|-6970.2|-6970.2
174|-6970.74|-6970.74
175|-6971.01|-6971.01
176|-6971.05|-6971.05
177|-6971.06|-6971.06
178|-7288.63|-7288.63
179|-7323.79|-7323.79
180|-7336.27|-7336.27
181|-7338.92|-7338.92
182|-7338.98|-7338.98
183|-7338.99|-7338.99
184|-7696.9|-7696.9
185|-7895.84|-7895.84
186|-7966.33|-7966.33
187|-8017.42|-8017.42
188|-8021.32|-8021.32
189|-8022.87|-8022.87
190|-8023.05|-8023.05
191|-8023.14|-8023.14
192|-8023.16|-8023.16
193|-8023.17|-8023.17
194|-8023.17|-8023.17
195|-8023.17|-8023.17
196|-8102.47|-8102.47
197|-8392.48|-8392.48
198|-8401.31|-8401.31
199|-8405.69|-8405.69
200|-8407.88|-8407.88
201|-8408.97|-8408.97
202|-8409.51|-8409.51
203|-8409.65|-8409.65
204|-8409.71|-8409.71
205|-8409.75|-8409.75
206|-8409.77|-8409.77
207|-8409.77|-8409.77
208|-8409.77|-8409.77
209|-8415.74|-8415.74
210|-8445.08|-8445.08
211|-8462.95|-8462.95
212|-8471.77|-8471.77
213|-8476.15|-8476.15
214|-8478.34|-8478.34
215|-8479.43|-8479.43
216|-8479.7|-8479.7
217|-8479.73|-8479.73
218|-8479.74|-8479.74
219|-8479.74|-8479.74
220|-8565.87|-8565.87
221|-8587.06|-8587.06
222|-8587.72|-8587.72
223|-8588.04|-8588.04
224|-8588.07|-8588.07
225|-8588.07|-8588.07
226|-8631.16|-8631.16
227|-8652.51|-8652.51
228|-8663.12|-8663.12
229|-8668.4|-8668.4
230|-8671.04|-8671.04
231|-8671.04|-8671.04
232|-8672.36|-8672.36
233|-8672.69|-8672.69
234|-8672.69|-8672.69
235|-8672.73|-8672.73
236|-8672.74|-8672.74
237|-8672.75|-8672.75
238|-8691.34|-8691.34
239|-8772.8|-8772.8
240|-8784.54|-8784.54
241|-8784.69|-8784.69
242|-8784.7|-8784.7
243|-8784.7|-8784.7
244|-8920.5|-8920.5
245|-9025.99|-9025.99
246|-9026.04|-9026.04
247|-9026.14|-9026.14
248|-9026.14|-9026.14
249|-9032.56|-9032.56
250|-9032.6|-9032.6
251|-9032.61|-9032.61
252|-9032.61|-9032.61
253|-9464.97|-9464.97
254|-9473.75|-9473.75
255|-9475.81|-9475.81
256|-9476.31|-9476.31
257|-9476.56|-9476.56
258|-9476.69|-9476.69
259|-9476.75|-9476.75
260|-9476.76|-9476.76
261|-9476.76|-9476.76
262|-9476.76|-9476.76
263|-9476.76|-9476.76
264|-9476.76|-9476.76
265|-9476.76|-9476.76
266|-9476.76|-9476.76
267|-9476.76|-9476.76
268|-9476.76|-9476.76
269|-9476.76|-9476.76
270|-9476.76|-9476.76
271|-9476.76|-9476.76
272|-9476.76|-9476.76
273|-9476.76|-9476.76
274|-9476.76|-9476.76
275|-9476.76|-9476.76
276|-9476.76|-9476.76
277|-9476.76|-9476.76
278|-9476.76|-9476.76
279|-9476.76|-9476.76
280|-9476.76|-9476.76
281|-9476.76|-9476.76
282|-9476.76|-9476.76
283|-9476.76|-9476.76
284|-9476.76|-9476.76
285|-9476.76|-9476.76
286|-9476.76|-9476.76
287|-9476.76|-9476.76
288|-9476.76|-9476.76
289|-9476.76|-9476.76
290|-9476.76|-9476.76
291|-9476.76|-9476.76
292|-9476.76|-9476.76
293|-9476.76|-9476.76
294|-9476.76|-9476.76
295|-9476.76|-9476.76
296|-9476.76|-9476.76
297|-9476.76|-9476.76
298|-9476.76|-9476.76
299|-9476.76|-9476.76
300|-9476.76|-9476.76
301|-9476.76|-9476.76
302|-9476.76|-9476.76
303|-9476.76|-9476.76
304|-9476.76|-9476.76
305|-9476.76|-9476.76
306|-9476.76|-9476.76
307|-9476.76|-9476.76
308|-9476.76|-9476.76
309|-9476.76|-9476.76
310|-9476.76|-9476.76
311|-9476.76|-9476.76
312|-9476.76|-9476.76
313|-9476.76|-9476.76
314|-9476.76|-9476.76
315|-9476.76|-9476.76
316|-9476.76|-9476.76
317|-9476.76|-9476.76
318|-9476.76|-9476.76
319|-9476.76|-9476.76
320|-9476.76|-9476.76
321|-9476.76|-9476.76
322|-9476.76|-9476.76
323|-9476.76|-9476.76
324|-9476.76|-9476.76
325|-9476.76|-9476.76
326|-9476.76|-9476.76
327|-9476.76|-9476.76
328|-9476.76|-9476.76
329|-9476.76|-9476.76
330|-9476.76|-9476.76
331|-9476.76|-9476.76
332|-9476.76|-9476.76
333|-9476.76|-9476.76
334|-9476.76|-9476.76
335|-9476.76|-9476.76
336|-9476.76|-9476.76
337|-9476.76|-9476.76
338|-9476.76|-9476.76
339|-9476.76|-9476.76
340|-9476.76|-9476.76
341|-9476.76|-9476.76
342|-9476.76|-9476.76
343|-9476.76|-9476.76
344|-9476.76|-9476.76
345|-9476.76|-9476.76
346|-9476.76|-9476.76
347|-9476.76|-9476.76
348|-9476.76|-9476.76
349|-9476.76|-9476.76
350|-9476.76|-9476.76
351|-9476.76|-9476.76
352|-9476.76|-9476.76
353|-9476.76|-9476.76
354|-9476.76|-9476.76
355|-9476.76|-9476.76
356|-9476.76|-9476.76
357|-9476.76|-9476.76
358|-9476.76|-9476.76
359|-9476.76|-9476.76
360|-9476.76|-9476.76
361|-9476.76|-9476.76
362|-9476.76|-9476.76
363|-9476.76|-9476.76
364|-9476.76|-9476.76
365|-9476.76|-9476.76
366|-9476.76|-9476.76
367|-9476.76|-9476.76
368|-9476.76|-9476.76
369|-9476.76|-9476.76
370|-9476.76|-9476.76
371|-9476.76|-9476.76
372|-9476.76|-9476.76
373|-9476.76|-9476.76
374|-9476.76|-9476.76
375|-9476.76|-9476.76
376|-9476.76|-9476.76
377|-9476.76|-9476.76
378|-9476.76|-9476.76
379|-9476.76|-9476.76
380|-9476.76|-9476.76
381|-9476.76|-9476.76
382|-9476.76|-9476.76
383|-9476.76|-9476.76
384|-9476.76|-9476.76
385|-9476.76|-9476.76
386|-9476.76|-9476.76
387|-9476.76|-9476.76
388|-9476.76|-9476.76
389|-9476.76|-9476.76
390|-9476.76|-9476.76
391|-9476.76|-9476.76
392|-9476.76|-9476.76
393|-9476.76|-9476.76
394|-9476.76|-9476.76
395|-9476.76|-9476.76
396|-9476.76|-9476.76
397|-9476.76|-9476.76
398|-9476.76|-9476.76
399|-9476.76|-9476.76
400|-9476.76|-9476.76
401|-9476.76|-9476.76
402|-9476.76|-9476.76
403|-9476.76|-9476.76
404|-9476.76|-9476.76
405|-9476.76|-9476.76
406|-9476.76|-9476.76
407|-9476.76|-9476.76
408|-9476.76|-9476.76
409|-9476.76|-9476.76
410|-9476.76|-9476.76
411|-9476.76|-9476.76
412|-9476.76|-9476.76
413|-9476.76|-9476.76
EARLY STOP: TARGET FOUND
4624521ms
