1|-159.774|-159.774
2|-463.772|-463.772
3|-498.594|-498.594
4|-598.644|-598.644
5|-599.071|-599.071
6|-599.14|-599.14
7|-599.154|-599.154
8|-599.158|-599.158
9|-599.16|-599.16
10|-599.161|-599.161
11|-599.161|-599.161
12|-599.161|-599.161
13|-652.644|-652.644
14|-652.644|-652.644
15|-806.589|-806.589
16|-806.589|-806.589
17|-836.408|-836.408
18|-839.11|-839.11
19|-840.374|-840.374
20|-840.528|-840.528
21|-840.538|-840.538
22|-840.538|-840.538
23|-900.413|-900.413
24|-936.665|-936.665
25|-987.449|-987.449
26|-996.224|-996.224
27|-998.405|-998.405
28|-998.677|-998.677
29|-998.813|-998.813
30|-998.847|-998.847
31|-998.864|-998.864
32|-998.872|-998.872
33|-998.874|-998.874
34|-998.876|-998.876
35|-1004.85|-1004.85
36|-1005.59|-1005.59
37|-1005.76|-1005.76
38|-1005.81|-1005.81
39|-1005.83|-1005.83
40|-1005.83|-1005.83
41|-1005.83|-1005.83
42|-1005.83|-1005.83
43|-1005.83|-1005.83
44|-1005.83|-1005.83
45|-1135.4|-1135.4
46|-1182.8|-1182.8
47|-1435.88|-1435.88
48|-1533.78|-1533.78
49|-1601.61|-1601.61
50|-1606.23|-1606.23
51|-1606.78|-1606.78
52|-1606.96|-1606.96
53|-1607.04|-1607.04
54|-1607.05|-1607.05
55|-1607.06|-1607.06
56|-1607.06|-1607.06
57|-1607.06|-1607.06
58|-1607.06|-1607.06
59|-1607.06|-1607.06
60|-1607.06|-1607.06
61|-1607.06|-1607.06
62|-1607.06|-1607.06
63|-1607.06|-1607.06
64|-1607.06|-1607.06
65|-1607.06|-1607.06
66|-1607.06|-1607.06
67|-1607.06|-1607.06
68|-1607.06|-1607.06
69|-1607.06|-1607.06
70|-1607.06|-1607.06
71|-1607.06|-1607.06
72|-1607.06|-1607.06
73|-1607.06|-1607.06
74|-1607.06|-1607.06
75|-1607.06|-1607.06
76|-1607.06|-1607.06
77|-1607.06|-1607.06
78|-1607.06|-1607.06
79|-1607.06|-1607.06
80|-1607.06|-1607.06
81|-1607.06|-1607.06
82|-1607.06|-1607.06
83|-1607.06|-1607.06
84|-1607.06|-1607.06
85|-1607.06|-1607.06
86|-1607.06|-1607.06
87|-1607.06|-1607.06
88|-1607.06|-1607.06
89|-1607.06|-1607.06
90|-1607.06|-1607.06
91|-1607.06|-1607.06
92|-1607.06|-1607.06
93|-1607.06|-1607.06
94|-1607.06|-1607.06
95|-1607.06|-1607.06
96|-1607.06|-1607.06
97|-1607.06|-1607.06
98|-1607.06|-1607.06
99|-1607.06|-1607.06
100|-1607.06|-1607.06
101|-1607.06|-1607.06
102|-1607.06|-1607.06
103|-1607.06|-1607.06
104|-1607.06|-1607.06
105|-1607.06|-1607.06
106|-1607.06|-1607.06
107|-1607.06|-1607.06
108|-1607.06|-1607.06
109|-1607.06|-1607.06
110|-1607.06|-1607.06
111|-1607.06|-1607.06
112|-1607.06|-1607.06
113|-1607.06|-1607.06
114|-1607.06|-1607.06
115|-1607.06|-1607.06
116|-1607.06|-1607.06
117|-1607.06|-1607.06
118|-1607.06|-1607.06
119|-1607.06|-1607.06
120|-1607.06|-1607.06
121|-1607.06|-1607.06
122|-1607.06|-1607.06
123|-1607.06|-1607.06
124|-1607.06|-1607.06
125|-1607.06|-1607.06
126|-1607.06|-1607.06
127|-1607.06|-1607.06
128|-1607.06|-1607.06
129|-1607.06|-1607.06
130|-1607.06|-1607.06
131|-1607.06|-1607.06
132|-1607.06|-1607.06
133|-1607.06|-1607.06
134|-1607.06|-1607.06
135|-1607.06|-1607.06
136|-1607.06|-1607.06
137|-1607.06|-1607.06
138|-1607.06|-1607.06
139|-1607.06|-1607.06
140|-1607.06|-1607.06
141|-1607.06|-1607.06
142|-1607.06|-1607.06
143|-1607.06|-1607.06
144|-1607.06|-1607.06
145|-1607.06|-1607.06
146|-1607.06|-1607.06
147|-1607.06|-1607.06
148|-1607.06|-1607.06
149|-1607.06|-1607.06
150|-1607.06|-1607.06
151|-1607.06|-1607.06
152|-1607.06|-1607.06
153|-1607.06|-1607.06
154|-1607.06|-1607.06
155|-1607.06|-1607.06
156|-1607.06|-1607.06
157|-1607.06|-1607.06
158|-1607.06|-1607.06
159|-1607.06|-1607.06
160|-1607.06|-1607.06
161|-1607.06|-1607.06
162|-1607.06|-1607.06
163|-1607.06|-1607.06
164|-1607.06|-1607.06
165|-1607.06|-1607.06
166|-1607.06|-1607.06
167|-1607.06|-1607.06
168|-1607.06|-1607.06
169|-1607.06|-1607.06
170|-1607.06|-1607.06
171|-1607.06|-1607.06
172|-1607.06|-1607.06
173|-1607.06|-1607.06
174|-1607.06|-1607.06
175|-1607.06|-1607.06
176|-1607.06|-1607.06
177|-1607.06|-1607.06
178|-1607.06|-1607.06
179|-1607.06|-1607.06
180|-1607.06|-1607.06
181|-1607.06|-1607.06
182|-1607.06|-1607.06
183|-1607.06|-1607.06
184|-1607.06|-1607.06
185|-1607.06|-1607.06
186|-1607.06|-1607.06
187|-1607.06|-1607.06
188|-1607.06|-1607.06
189|-1607.06|-1607.06
190|-1607.06|-1607.06
191|-1607.06|-1607.06
192|-1607.06|-1607.06
193|-1607.06|-1607.06
194|-1607.06|-1607.06
195|-1607.06|-1607.06
196|-1607.06|-1607.06
197|-1607.06|-1607.06
198|-1607.06|-1607.06
199|-1607.06|-1607.06
200|-1607.06|-1607.06
201|-1607.06|-1607.06
202|-1607.06|-1607.06
203|-1607.06|-1607.06
204|-1607.06|-1607.06
205|-1607.06|-1607.06
206|-1607.06|-1607.06
207|-1607.06|-1607.06
208|-1607.06|-1607.06
209|-1607.06|-1607.06
EARLY STOP: TARGET FOUND
101457ms
