1|562.059|562.059
2|561.682|561.682
3|561.646|561.646
4|561.637|561.637
5|561.633|561.633
6|561.632|561.632
7|561.631|561.631
8|561.418|561.418
9|561.413|561.413
10|561.41|561.41
11|561.41|561.41
12|547.996|547.996
13|547.996|547.996
14|547.314|547.314
15|547.022|547.022
16|546.954|546.954
17|546.937|546.937
18|546.937|546.937
19|544.179|544.179
20|533.199|533.199
21|533.178|533.178
22|532.947|532.947
23|532.914|532.914
24|532.901|532.901
25|532.895|532.895
26|532.894|532.894
27|532.894|532.894
28|532.894|532.894
29|517.39|517.39
30|512.374|512.374
31|512.023|512.023
32|506.994|506.994
33|505.997|505.997
34|505.984|505.984
35|505.983|505.983
36|505.983|505.983
37|484.18|484.18
38|480.091|480.091
39|469.754|469.754
40|469.62|469.62
41|469.612|469.612
42|469.61|469.61
43|469.61|469.61
44|464.918|464.918
45|461.866|461.866
46|453.936|453.936
47|452.795|452.795
48|452.442|452.442
49|452.438|452.438
50|452.436|452.436
51|452.436|452.436
52|452.436|452.436
53|452.436|452.436
54|444.142|444.142
55|443.504|443.504
56|443.365|443.365
57|443.331|443.331
58|443.33|443.33
59|443.33|443.33
60|443.33|443.33
61|438.841|438.841
62|437.548|437.548
63|437.547|437.547
64|437.547|437.547
65|437.547|437.547
66|432.079|432.079
67|432.079|432.079
68|417.814|417.814
69|416.428|416.428
70|416.425|416.425
71|416.424|416.424
72|414.854|414.854
73|414.254|414.254
74|414.246|414.246
75|414.241|414.241
76|407.751|407.751
77|406.418|406.418
78|405.958|405.958
79|405.784|405.784
80|405.747|405.747
81|405.729|405.729
82|405.72|405.72
83|405.716|405.716
84|405.715|405.715
85|405.715|405.715
86|397.727|397.727
87|392.161|392.161
88|390.848|390.848
89|390.4|390.4
90|390.232|390.232
91|390.196|390.196
92|390.187|390.187
93|390.187|390.187
94|390.186|390.186
95|371.54|371.54
96|370.363|370.363
97|367.013|367.013
98|366.109|366.109
99|366.073|366.073
100|366.055|366.055
101|366.055|366.055
102|366.054|366.054
103|342.861|342.861
104|330.991|330.991
105|330.983|330.983
106|330.978|330.978
107|330.978|330.978
108|329.83|329.83
109|329.828|329.828
110|329.828|329.828
111|323.486|323.486
112|323.486|323.486
113|314.461|314.461
114|314.461|314.461
115|314.461|314.461
116|311.104|311.104
117|305.007|305.007
118|303.988|303.988
119|302.639|302.639
120|299.945|299.945
121|296.88|296.88
122|296.444|296.444
123|296.281|296.281
124|296.264|296.264
125|296.262|296.262
126|296.261|296.261
127|296.26|296.26
128|296.26|296.26
129|275.192|275.192
130|275.114|275.114
131|275.078|275.078
132|275.077|275.077
133|268.941|268.941
134|265.426|265.426
135|264.077|264.077
136|259.99|259.99
137|258.478|258.478
138|258.464|258.464
139|258.464|258.464
140|258.464|258.464
141|241.42|241.42
142|230.744|230.744
143|228.135|228.135
144|227.753|227.753
145|227.668|227.668
146|221.732|221.732
147|221.613|221.613
148|221.61|221.61
149|221.609|221.609
150|221.609|221.609
151|221.609|221.609
152|221.609|221.609
153|220.198|220.198
154|219.785|219.785
155|219.589|219.589
156|219.493|219.493
157|219.446|219.446
158|219.423|219.423
159|219.417|219.417
160|219.414|219.414
161|219.412|219.412
162|214.156|214.156
163|213.775|213.775
164|206.123|206.123
165|199.641|199.641
166|198.45|198.45
167|198.069|198.069
168|198.032|198.032
169|198.014|198.014
170|198.01|198.01
171|198.01|198.01
172|198.009|198.009
173|198.009|198.009
174|194.528|194.528
175|194.221|194.221
176|194.081|194.081
177|194.047|194.047
178|194.03|194.03
179|194.022|194.022
180|194.018|194.018
181|194.017|194.017
182|194.017|194.017
183|184.824|184.824
184|178.238|178.238
185|178.107|178.107
186|177.857|177.857
187|177.854|177.854
188|177.854|177.854
189|177.854|177.854
190|167.991|167.991
191|167.411|167.411
192|163.23|163.23
193|160.538|160.538
194|160.357|160.357
195|160.281|160.281
196|160.263|160.263
197|160.259|160.259
198|149.558|149.558
199|146.368|146.368
200|144.854|144.854
201|144.373|144.373
202|144.296|144.296
203|144.282|144.282
204|144.277|144.277
205|144.275|144.275
206|144.275|144.275
207|144.275|144.275
208|144.274|144.274
209|144.274|144.274
210|144.274|144.274
211|144.062|144.062
212|124.168|124.168
213|124.102|124.102
214|124.102|124.102
215|124.102|124.102
216|124.102|124.102
217|122.553|122.553
218|119.489|119.489
219|119.054|119.054
220|118.892|118.892
221|118.874|118.874
222|118.872|118.872
223|118.871|118.871
224|103.101|103.101
225|101.535|101.535
226|101.126|101.126
227|100.932|100.932
228|100.837|100.837
229|100.814|100.814
230|100.814|100.814
231|100.814|100.814
232|100.814|100.814
233|100.814|100.814
234|100.814|100.814
235|100.814|100.814
236|100.814|100.814
237|100.814|100.814
238|100.814|100.814
239|100.814|100.814
240|100.814|100.814
241|100.814|100.814
242|100.814|100.814
243|100.814|100.814
244|100.814|100.814
245|100.814|100.814
246|100.814|100.814
247|100.814|100.814
248|100.814|100.814
249|100.814|100.814
250|100.814|100.814
251|100.814|100.814
252|100.814|100.814
253|100.814|100.814
254|100.814|100.814
255|100.814|100.814
256|100.814|100.814
257|100.814|100.814
258|100.814|100.814
259|100.814|100.814
260|100.814|100.814
261|100.814|100.814
262|100.814|100.814
263|100.814|100.814
264|100.814|100.814
265|100.814|100.814
266|100.814|100.814
267|100.814|100.814
268|100.814|100.814
269|100.814|100.814
270|100.814|100.814
271|100.814|100.814
272|100.814|100.814
273|100.814|100.814
274|100.814|100.814
275|100.814|100.814
276|100.814|100.814
277|100.814|100.814
278|100.814|100.814
279|100.814|100.814
280|100.814|100.814
281|100.814|100.814
282|100.814|100.814
283|100.814|100.814
284|100.814|100.814
285|100.814|100.814
286|100.814|100.814
287|100.814|100.814
288|100.814|100.814
289|100.814|100.814
290|100.814|100.814
291|100.814|100.814
292|100.814|100.814
293|100.814|100.814
294|100.814|100.814
295|100.814|100.814
296|100.814|100.814
297|100.814|100.814
298|100.814|100.814
299|100.814|100.814
300|100.814|100.814
301|100.814|100.814
302|100.814|100.814
303|100.814|100.814
304|100.814|100.814
305|100.814|100.814
306|100.814|100.814
307|100.814|100.814
308|100.814|100.814
309|100.814|100.814
310|100.814|100.814
311|100.814|100.814
312|100.814|100.814
313|100.814|100.814
314|100.814|100.814
315|100.814|100.814
316|100.814|100.814
317|100.814|100.814
318|100.814|100.814
319|100.814|100.814
320|100.814|100.814
321|100.814|100.814
322|100.814|100.814
323|100.814|100.814
324|100.814|100.814
325|100.814|100.814
326|100.814|100.814
327|100.814|100.814
328|100.814|100.814
329|100.814|100.814
330|100.814|100.814
331|100.814|100.814
332|100.814|100.814
333|100.814|100.814
334|100.814|100.814
335|100.814|100.814
336|100.814|100.814
337|100.814|100.814
338|100.814|100.814
339|100.814|100.814
340|100.814|100.814
341|100.814|100.814
342|100.814|100.814
343|100.814|100.814
344|100.814|100.814
345|100.814|100.814
346|100.814|100.814
347|100.814|100.814
348|100.814|100.814
349|100.814|100.814
350|100.814|100.814
351|100.814|100.814
352|100.814|100.814
353|100.814|100.814
354|100.814|100.814
355|100.814|100.814
356|100.814|100.814
357|100.814|100.814
358|100.814|100.814
359|100.814|100.814
360|100.814|100.814
361|100.814|100.814
362|100.814|100.814
363|100.814|100.814
364|100.814|100.814
365|100.814|100.814
366|100.814|100.814
367|100.814|100.814
368|100.814|100.814
369|100.814|100.814
370|100.814|100.814
371|100.814|100.814
372|100.814|100.814
373|100.814|100.814
374|100.814|100.814
375|100.814|100.814
376|100.814|100.814
377|100.814|100.814
378|100.814|100.814
379|100.814|100.814
380|100.814|100.814
EARLY STOP: TARGET FOUND
3102514ms
