1|667.863|667.863
2|324.817|324.817
3|276.326|276.326
4|257.098|257.098
5|252.842|252.842
6|250.798|250.798
7|250.296|250.296
8|250.292|250.292
9|250.29|250.29
10|250.29|250.29
11|170.806|170.806
12|120.241|120.241
13|102.275|102.275
14|66.4397|66.4397
15|57.66|57.66
16|55.4776|55.4776
17|54.9332|54.9332
18|54.6609|54.6609
19|54.5931|54.5931
20|54.5589|54.5589
21|54.5418|54.5418
22|54.5332|54.5332
23|54.5293|54.5293
24|54.5274|54.5274
25|54.5267|54.5267
26|-56.1445|-56.1445
27|-56.1543|-56.1543
28|-56.156|-56.156
29|-56.1565|-56.1565
30|-56.1567|-56.1567
31|-169.56|-169.56
32|-319.142|-319.142
33|-367.738|-367.738
34|-369.932|-369.932
35|-370.247|-370.247
36|-370.317|-370.317
37|-370.325|-370.325
38|-370.326|-370.326
39|-370.326|-370.326
40|-657.984|-657.984
41|-713.467|-713.467
42|-803.112|-803.112
43|-804.437|-804.437
44|-804.618|-804.618
45|-804.685|-804.685
46|-804.7|-804.7
47|-804.702|-804.702
48|-804.702|-804.702
49|-904.625|-904.625
50|-1049.67|-1049.67
51|-1067.66|-1067.66
52|-1067.66|-1067.66
53|-1068.17|-1068.17
54|-1068.42|-1068.42
55|-1068.55|-1068.55
56|-1068.58|-1068.58
57|-1068.58|-1068.58
58|-1080.32|-1080.32
59|-1126.77|-1126.77
60|-1135.58|-1135.58
61|-1139.96|-1139.96
62|-1142.14|-1142.14
63|-1142.69|-1142.69
64|-1142.72|-1142.72
65|-1142.74|-1142.74
66|-1142.75|-1142.75
67|-1142.75|-1142.75
68|-1253.67|-1253.67
69|-1273.9|-1273.9
70|-1282.7|-1282.7
71|-1284.76|-1284.76
72|-1285.77|-1285.77
73|-1285.84|-1285.84
74|-1285.87|-1285.87
75|-1285.88|-1285.88
76|-1285.89|-1285.89
77|-1285.89|-1285.89
78|-1285.89|-1285.89
79|-1417.1|-1417.1
80|-1480.83|-1480.83
81|-1798.68|-1798.68
82|-1815.57|-1815.57
83|-1924.53|-1924.53
84|-1924.54|-1924.54
85|-1924.54|-1924.54
86|-1924.54|-1924.54
87|-1924.54|-1924.54
88|-2055.64|-2055.64
89|-2113.71|-2113.71
90|-2408.66|-2408.66
91|-2408.66|-2408.66
92|-2454.98|-2454.98
93|-2549.26|-2549.26
94|-2550.27|-2550.27
95|-2550.3|-2550.3
96|-2550.31|-2550.31
97|-2550.31|-2550.31
98|-2550.31|-2550.31
99|-2565.88|-2565.88
100|-2566.71|-2566.71
101|-2566.71|-2566.71
102|-2567.03|-2567.03
103|-2567.1|-2567.1
104|-2567.11|-2567.11
105|-2567.12|-2567.12
106|-2567.13|-2567.13
107|-2567.13|-2567.13
108|-2718.44|-2718.44
109|-2816.65|-2816.65
110|-2816.65|-2816.65
111|-2818.16|-2818.16
112|-2818.17|-2818.17
113|-2818.17|-2818.17
114|-2818.17|-2818.17
115|-2907.86|-2907.86
116|-2908.59|-2908.59
117|-2908.74|-2908.74
118|-2908.76|-2908.76
119|-2908.76|-2908.76
120|-2908.77|-2908.77
121|-2908.77|-2908.77
122|-3020.23|-3020.23
123|-3022.27|-3022.27
124|-3023.18|-3023.18
125|-3023.21|-3023.21
126|-3023.32|-3023.32
127|-3477.77|-3477.77
128|-3643.61|-3643.61
129|-3734.81|-3734.81
130|-3735.04|-3735.04
131|-3742.62|-3742.62
132|-3742.62|-3742.62
133|-3838.75|-3838.75
134|-3838.9|-3838.9
135|-3838.93|-3838.93
136|-3838.95|-3838.95
137|-3838.95|-3838.95
138|-3838.96|-3838.96
139|-3838.96|-3838.96
140|-3838.96|-3838.96
141|-4305.96|-4305.96
142|-4431.2|-4431.2
143|-4541.58|-4541.58
144|-4542.22|-4542.22
145|-4543.83|-4543.83
146|-4543.83|-4543.83
147|-4543.84|-4543.84
148|-4543.84|-4543.84
149|-4543.95|-4543.95
150|-4580.1|-4580.1
151|-4597.78|-4597.78
152|-4602.15|-4602.15
153|-4603.24|-4603.24
154|-4603.27|-4603.27
155|-4603.29|-4603.29
156|-4603.3|-4603.3
157|-4603.3|-4603.3
158|-4603.3|-4603.3
159|-4733.01|-4733.01
160|-4808.82|-4808.82
161|-5173.66|-5173.66
162|-5218.49|-5218.49
163|-5227.56|-5227.56
164|-5231.76|-5231.76
165|-5232.78|-5232.78
166|-5233.28|-5233.28
167|-5233.31|-5233.31
168|-5233.33|-5233.33
169|-5233.33|-5233.33
170|-5278.32|-5278.32
171|-5428.3|-5428.3
172|-5629.94|-5629.94
173|-5633.05|-5633.05
174|-5683.13|-5683.13
175|-5703.22|-5703.22
176|-5711.96|-5711.96
177|-5714|-5714
178|-5714.25|-5714.25
179|-5714.38|-5714.38
180|-5714.44|-5714.44
181|-5714.47|-5714.47
182|-5714.49|-5714.49
183|-5714.49|-5714.49
184|-6079.61|-6079.61
185|-6277.67|-6277.67
186|-6349.18|-6349.18
187|-6394.13|-6394.13
188|-6401.28|-6401.28
189|-6401.64|-6401.64
190|-6401.73|-6401.73
191|-6401.77|-6401.77
192|-6401.79|-6401.79
193|-6401.8|-6401.8
194|-6401.8|-6401.8
195|-6401.8|-6401.8
196|-6499.62|-6499.62
197|-6929.57|-6929.57
198|-6938.52|-6938.52
199|-6942.67|-6942.67
200|-6943.17|-6943.17
201|-6943.19|-6943.19
202|-6943.19|-6943.19
203|-6943.19|-6943.19
204|-7413.92|-7413.92
205|-7554.87|-7554.87
206|-7657.96|-7657.96
207|-7657.98|-7657.98
208|-7657.98|-7657.98
209|-7812.97|-7812.97
210|-7909.44|-7909.44
211|-7910.74|-7910.74
212|-7911.42|-7911.42
213|-7911.45|-7911.45
214|-7911.47|-7911.47
215|-7911.48|-7911.48
216|-7911.48|-7911.48
217|-8033.5|-8033.5
218|-8132.48|-8132.48
219|-8564.93|-8564.93
220|-8573.71|-8573.71
221|-8575.76|-8575.76
222|-8576.27|-8576.27
223|-8576.52|-8576.52
224|-8576.64|-8576.64
225|-8576.65|-8576.65
226|-8576.65|-8576.65
227|-8576.65|-8576.65
228|-8645.39|-8645.39
229|-8649.89|-8649.89
230|-8649.89|-8649.89
231|-8650.41|-8650.41
232|-8650.58|-8650.58
233|-8650.62|-8650.62
234|-8650.63|-8650.63
235|-8650.64|-8650.64
236|-8650.64|-8650.64
237|-9116.84|-9116.84
238|-9269.97|-9269.97
239|-9367.32|-9367.32
240|-9367.53|-9367.53
241|-9368.35|-9368.35
242|-9368.67|-9368.67
243|-9368.74|-9368.74
244|-9368.76|-9368.76
245|-9368.77|-9368.77
246|-9391.1|-9391.1
247|-9561.22|-9561.22
248|-9757.27|-9757.27
249|-9772.2|-9772.2
250|-9795.05|-9795.05
251|-9795.55|-9795.55
252|-9825.85|-9825.85
253|-9895.16|-9895.16
254|-9953.47|-9953.47
255|-9953.52|-9953.52
256|-9956.86|-9956.86
257|-9957.04|-9957.04
258|-9957.13|-9957.13
259|-9957.15|-9957.15
260|-9957.16|-9957.16
261|-9957.17|-9957.17
262|-9957.17|-9957.17
263|-9957.17|-9957.17
264|-9957.17|-9957.17
265|-9957.17|-9957.17
266|-9957.17|-9957.17
267|-9957.17|-9957.17
268|-9957.17|-9957.17
269|-9957.17|-9957.17
270|-9957.17|-9957.17
271|-9957.17|-9957.17
272|-9957.17|-9957.17
273|-9957.17|-9957.17
274|-9957.17|-9957.17
275|-9957.17|-9957.17
276|-9957.17|-9957.17
277|-9957.17|-9957.17
278|-9957.17|-9957.17
279|-9957.17|-9957.17
280|-9957.17|-9957.17
281|-9957.17|-9957.17
282|-9957.17|-9957.17
283|-9957.17|-9957.17
284|-9957.17|-9957.17
285|-9957.17|-9957.17
286|-9957.17|-9957.17
287|-9957.17|-9957.17
288|-9957.17|-9957.17
289|-9957.17|-9957.17
290|-9957.17|-9957.17
291|-9957.17|-9957.17
292|-9957.17|-9957.17
293|-9957.17|-9957.17
294|-9957.17|-9957.17
295|-9957.17|-9957.17
296|-9957.17|-9957.17
297|-9957.17|-9957.17
298|-9957.17|-9957.17
299|-9957.17|-9957.17
300|-9957.17|-9957.17
301|-9957.17|-9957.17
302|-9957.17|-9957.17
303|-9957.17|-9957.17
304|-9957.17|-9957.17
305|-9957.17|-9957.17
306|-9957.17|-9957.17
307|-9957.17|-9957.17
308|-9957.17|-9957.17
309|-9957.17|-9957.17
310|-9957.17|-9957.17
311|-9957.17|-9957.17
312|-9957.17|-9957.17
313|-9957.17|-9957.17
314|-9957.17|-9957.17
315|-9957.17|-9957.17
316|-9957.17|-9957.17
317|-9957.17|-9957.17
318|-9957.17|-9957.17
319|-9957.17|-9957.17
320|-9957.17|-9957.17
321|-9957.17|-9957.17
322|-9957.17|-9957.17
323|-9957.17|-9957.17
324|-9957.17|-9957.17
325|-9957.17|-9957.17
326|-9957.17|-9957.17
327|-9957.17|-9957.17
328|-9957.17|-9957.17
329|-9957.17|-9957.17
330|-9957.17|-9957.17
331|-9957.17|-9957.17
332|-9957.17|-9957.17
333|-9957.17|-9957.17
334|-9957.17|-9957.17
335|-9957.17|-9957.17
336|-9957.17|-9957.17
337|-9957.17|-9957.17
338|-9957.17|-9957.17
339|-9957.17|-9957.17
340|-9957.17|-9957.17
341|-9957.17|-9957.17
342|-9957.17|-9957.17
343|-9957.17|-9957.17
344|-9957.17|-9957.17
345|-9957.17|-9957.17
346|-9957.17|-9957.17
347|-9957.17|-9957.17
348|-9957.17|-9957.17
349|-9957.17|-9957.17
350|-9957.17|-9957.17
351|-9957.17|-9957.17
352|-9957.17|-9957.17
353|-9957.17|-9957.17
354|-9957.17|-9957.17
355|-9957.17|-9957.17
356|-9957.17|-9957.17
357|-9957.17|-9957.17
358|-9957.17|-9957.17
359|-9957.17|-9957.17
360|-9957.17|-9957.17
361|-9957.17|-9957.17
362|-9957.17|-9957.17
363|-9957.17|-9957.17
364|-9957.17|-9957.17
365|-9957.17|-9957.17
366|-9957.17|-9957.17
367|-9957.17|-9957.17
368|-9957.17|-9957.17
369|-9957.17|-9957.17
370|-9957.17|-9957.17
371|-9957.17|-9957.17
372|-9957.17|-9957.17
373|-9957.17|-9957.17
374|-9957.17|-9957.17
375|-9957.17|-9957.17
376|-9957.17|-9957.17
377|-9957.17|-9957.17
378|-9957.17|-9957.17
379|-9957.17|-9957.17
380|-9957.17|-9957.17
381|-9957.17|-9957.17
382|-9957.17|-9957.17
383|-9957.17|-9957.17
384|-9957.17|-9957.17
385|-9957.17|-9957.17
386|-9957.17|-9957.17
387|-9957.17|-9957.17
388|-9957.17|-9957.17
389|-9957.17|-9957.17
390|-9957.17|-9957.17
391|-9957.17|-9957.17
392|-9957.17|-9957.17
393|-9957.17|-9957.17
394|-9957.17|-9957.17
395|-9957.17|-9957.17
396|-9957.17|-9957.17
397|-9957.17|-9957.17
398|-9957.17|-9957.17
399|-9957.17|-9957.17
400|-9957.17|-9957.17
401|-9957.17|-9957.17
402|-9957.17|-9957.17
403|-9957.17|-9957.17
404|-9957.17|-9957.17
405|-9957.17|-9957.17
406|-9957.17|-9957.17
407|-9957.17|-9957.17
408|-9957.17|-9957.17
409|-9957.17|-9957.17
410|-9957.17|-9957.17
411|-9957.17|-9957.17
412|-9957.17|-9957.17
413|-9957.17|-9957.17
EARLY STOP: TARGET FOUND
4637392ms
