1|45.1501|45.1501
2|45.0929|45.0929
3|45.0924|45.0924
4|45.0916|45.0916
5|45.0914|45.0914
6|45.0914|45.0914
7|40.8049|40.8049
8|30.571|30.571
9|30.4531|30.4531
10|30.4482|30.4482
11|25.6351|25.6351
12|23.3723|23.3723
13|23.368|23.368
14|23.3658|23.3658
15|23.3656|23.3656
16|23.3654|23.3654
17|21.3383|21.3383
18|20.544|20.544
19|18.8031|18.8031
20|16.8449|16.8449
21|13.6044|13.6044
22|13.1142|13.1142
23|12.9242|12.9242
24|12.8432|12.8432
25|12.8064|12.8064
26|12.7888|12.7888
27|12.7867|12.7867
28|12.7861|12.7861
29|12.7859|12.7859
30|12.7857|12.7857
31|12.4893|12.4893
32|12.4205|12.4205
33|12.387|12.387
34|12.3704|12.3704
35|12.3699|12.3699
36|12.3699|12.3699
37|12.3699|12.3699
38|12.3699|12.3699
39|12.3699|12.3699
40|12.3699|12.3699
41|12.3699|12.3699
42|12.3699|12.3699
43|12.3699|12.3699
44|12.3699|12.3699
45|12.3699|12.3699
46|12.3699|12.3699
47|12.3699|12.3699
48|12.3699|12.3699
49|12.3699|12.3699
50|12.3699|12.3699
51|12.3699|12.3699
52|12.3699|12.3699
53|12.3699|12.3699
54|12.3699|12.3699
55|12.3699|12.3699
56|12.3699|12.3699
57|12.3699|12.3699
58|12.3699|12.3699
59|12.3699|12.3699
60|12.3699|12.3699
61|12.3699|12.3699
62|12.3699|12.3699
63|12.3699|12.3699
64|12.3699|12.3699
65|12.3699|12.3699
66|12.3699|12.3699
67|12.3699|12.3699
68|12.3699|12.3699
69|12.3699|12.3699
70|12.3699|12.3699
71|12.3699|12.3699
72|12.3699|12.3699
73|12.3699|12.3699
74|12.3699|12.3699
75|12.3699|12.3699
76|12.3699|12.3699
77|12.3699|12.3699
78|12.3699|12.3699
79|12.3699|12.3699
80|12.3699|12.3699
81|12.3699|12.3699
82|12.3699|12.3699
83|12.3699|12.3699
84|12.3699|12.3699
85|12.3699|12.3699
86|12.3699|12.3699
87|12.3699|12.3699
88|12.3699|12.3699
89|12.3699|12.3699
90|12.3699|12.3699
91|12.3699|12.3699
92|12.3699|12.3699
93|12.3699|12.3699
94|12.3699|12.3699
95|12.3699|12.3699
96|12.3699|12.3699
97|12.3699|12.3699
98|12.3699|12.3699
99|12.3699|12.3699
100|12.3699|12.3699
101|12.3699|12.3699
102|12.3699|12.3699
103|12.3699|12.3699
104|12.3699|12.3699
105|12.3699|12.3699
106|12.3699|12.3699
107|12.3699|12.3699
108|12.3699|12.3699
109|12.3699|12.3699
110|12.3699|12.3699
111|12.3699|12.3699
112|12.3699|12.3699
113|12.3699|12.3699
114|12.3699|12.3699
115|12.3699|12.3699
116|12.3699|12.3699
117|12.3699|12.3699
118|12.3699|12.3699
119|12.3699|12.3699
120|12.3699|12.3699
121|12.3699|12.3699
122|12.3699|12.3699
123|12.3699|12.3699
124|12.3699|12.3699
125|12.3699|12.3699
126|12.3699|12.3699
127|12.3699|12.3699
128|12.3699|12.3699
129|12.3699|12.3699
130|12.3699|12.3699
131|12.3699|12.3699
132|12.3699|12.3699
133|12.3699|12.3699
134|12.3699|12.3699
135|12.3699|12.3699
136|12.3699|12.3699
137|12.3699|12.3699
138|12.3699|12.3699
139|12.3699|12.3699
140|12.3699|12.3699
141|12.3699|12.3699
142|12.3699|12.3699
143|12.3699|12.3699
144|12.3699|12.3699
145|12.3699|12.3699
146|12.3699|12.3699
147|12.3699|12.3699
148|12.3699|12.3699
149|12.3699|12.3699
150|12.3699|12.3699
151|12.3699|12.3699
152|12.3699|12.3699
153|12.3699|12.3699
154|12.3699|12.3699
155|12.3699|12.3699
156|12.3699|12.3699
157|12.3699|12.3699
158|12.3699|12.3699
159|12.3699|12.3699
160|12.3699|12.3699
161|12.3699|12.3699
162|12.3699|12.3699
163|12.3699|12.3699
164|12.3699|12.3699
165|12.3699|12.3699
166|12.3699|12.3699
167|12.3699|12.3699
168|12.3699|12.3699
169|12.3699|12.3699
170|12.3699|12.3699
171|12.3699|12.3699
172|12.3699|12.3699
173|12.3699|12.3699
174|12.3699|12.3699
175|12.3699|12.3699
176|12.3699|12.3699
177|12.3699|12.3699
178|12.3699|12.3699
179|12.3699|12.3699
180|12.3699|12.3699
181|12.3699|12.3699
182|12.3699|12.3699
183|12.3699|12.3699
184|12.3699|12.3699
185|12.3699|12.3699
EARLY STOP: TARGET FOUND
66216ms
