1|-104.356|-104.356
2|-123.453|-123.453
3|-127.676|-127.676
4|-128.697|-128.697
5|-129.202|-129.202
6|-129.453|-129.453
7|-129.578|-129.578
8|-129.61|-129.61
9|-129.612|-129.612
10|-165.803|-165.803
11|-242.934|-242.934
12|-248.654|-248.654
13|-249.938|-249.938
14|-250.25|-250.25
15|-250.405|-250.405
16|-250.482|-250.482
17|-250.52|-250.52
18|-250.54|-250.54
19|-250.541|-250.541
20|-250.541|-250.541
21|-366.396|-366.396
22|-502.09|-502.09
23|-547.364|-547.364
24|-554.337|-554.337
25|-554.7|-554.7
26|-554.876|-554.876
27|-554.919|-554.919
28|-554.925|-554.925
29|-554.928|-554.928
30|-554.929|-554.929
31|-554.929|-554.929
32|-554.93|-554.93
33|-642.497|-642.497
34|-651.845|-651.845
35|-651.845|-651.845
36|-654.819|-654.819
37|-655.266|-655.266
38|-655.525|-655.525
39|-655.551|-655.551
40|-748.879|-748.879
41|-1024.13|-1024.13
42|-1041.94|-1041.94
43|-1050.73|-1050.73
44|-1055.1|-1055.1
45|-1055.17|-1055.17
46|-1055.2|-1055.2
47|-1055.21|-1055.21
48|-1055.21|-1055.21
49|-1164.53|-1164.53
50|-1164.56|-1164.56
51|-1164.57|-1164.57
52|-1164.57|-1164.57
53|-1585.27|-1585.27
54|-1592.86|-1592.86
55|-1633.67|-1633.67
56|-1648.97|-1648.97
57|-1655.26|-1655.26
58|-1658.06|-1658.06
59|-1659.37|-1659.37
60|-1660|-1660
61|-1660.31|-1660.31
62|-1660.47|-1660.47
63|-1660.54|-1660.54
64|-1660.55|-1660.55
65|-1660.55|-1660.55
66|-1660.56|-1660.56
67|-1660.56|-1660.56
68|-1674.87|-1674.87
69|-1680.66|-1680.66
70|-1681.96|-1681.96
71|-1682.59|-1682.59
72|-1682.9|-1682.9
73|-1682.92|-1682.92
74|-1682.93|-1682.93
75|-1682.93|-1682.93
76|-1682.93|-1682.93
77|-1737.28|-1737.28
78|-1868.03|-1868.03
79|-1947.67|-1947.67
80|-1953.74|-1953.74
81|-1956.43|-1956.43
82|-1957.68|-1957.68
83|-1957.69|-1957.69
84|-1957.69|-1957.69
85|-1957.69|-1957.69
86|-1957.69|-1957.69
87|-1975.54|-1975.54
88|-1984.36|-1984.36
89|-1988.74|-1988.74
90|-1990.92|-1990.92
91|-1991.47|-1991.47
92|-1991.74|-1991.74
93|-1991.77|-1991.77
94|-1991.78|-1991.78
95|-1991.78|-1991.78
96|-2304.3|-2304.3
97|-2366.71|-2366.71
98|-2497.94|-2497.94
99|-2567.7|-2567.7
100|-2568.96|-2568.96
101|-2569.04|-2569.04
102|-2569.08|-2569.08
103|-2569.1|-2569.1
104|-2569.1|-2569.1
105|-2569.1|-2569.1
106|-2569.1|-2569.1
107|-2569.1|-2569.1
108|-2710.46|-2710.46
109|-2932.49|-2932.49
110|-2938.34|-2938.34
111|-2947.66|-2947.66
112|-3004.67|-3004.67
113|-3009.04|-3009.04
114|-3009.58|-3009.58
115|-3009.65|-3009.65
116|-3009.67|-3009.67
117|-3009.67|-3009.67
118|-3125.7|-3125.7
119|-3238.52|-3238.52
120|-3694.14|-3694.14
121|-3720.84|-3720.84
122|-3720.97|-3720.97
123|-3815.56|-3815.56
124|-3968.22|-3968.22
125|-3977.41|-3977.41
126|-3981.67|-3981.67
127|-3983.71|-3983.71
128|-3984.22|-3984.22
129|-3984.28|-3984.28
130|-3984.31|-3984.31
131|-3984.31|-3984.31
132|-3984.32|-3984.32
133|-4108.05|-4108.05
134|-4219.12|-4219.12
135|-4220.66|-4220.66
136|-4221.82|-4221.82
137|-4221.89|-4221.89
138|-4221.89|-4221.89
139|-4221.89|-4221.89
140|-4221.89|-4221.89
141|-4323.03|-4323.03
142|-4323.03|-4323.03
143|-4468.14|-4468.14
144|-4938.04|-4938.04
145|-4940.95|-4940.95
146|-4940.96|-4940.96
147|-4940.97|-4940.97
148|-5352.1|-5352.1
149|-5357.51|-5357.51
150|-5361.92|-5361.92
151|-5362.42|-5362.42
152|-5362.58|-5362.58
153|-5362.61|-5362.61
154|-5362.61|-5362.61
155|-5501.41|-5501.41
156|-5544.97|-5544.97
157|-5552.85|-5552.85
158|-5552.85|-5552.85
159|-5553.03|-5553.03
160|-5553.07|-5553.07
161|-5553.07|-5553.07
162|-5553.09|-5553.09
163|-5553.1|-5553.1
164|-5553.1|-5553.1
165|-5670.11|-5670.11
166|-5670.11|-5670.11
167|-5670.12|-5670.12
168|-5730.12|-5730.12
169|-5809.93|-5809.93
170|-5828.86|-5828.86
171|-5876.22|-5876.22
172|-6048.33|-6048.33
173|-6136.37|-6136.37
174|-6144.52|-6144.52
175|-6148.1|-6148.1
176|-6148.25|-6148.25
177|-6148.66|-6148.66
178|-6148.66|-6148.66
179|-6148.66|-6148.66
180|-6279.83|-6279.83
181|-6353.37|-6353.37
182|-6356.1|-6356.1
183|-6357.37|-6357.37
184|-6357.68|-6357.68
185|-6357.76|-6357.76
186|-6357.78|-6357.78
187|-6357.78|-6357.78
188|-6357.78|-6357.78
189|-6357.78|-6357.78
190|-6357.79|-6357.79
191|-6655.28|-6655.28
192|-6679.14|-6679.14
193|-6679.14|-6679.14
194|-6770.36|-6770.36
195|-6830.25|-6830.25
196|-6838.88|-6838.88
197|-6898.96|-6898.96
198|-6900.05|-6900.05
199|-6900.59|-6900.59
200|-6900.73|-6900.73
201|-6900.8|-6900.8
202|-6900.83|-6900.83
203|-6900.84|-6900.84
204|-7275.25|-7275.25
205|-7299.21|-7299.21
206|-7299.38|-7299.38
207|-7299.45|-7299.45
208|-7339.69|-7339.69
209|-7339.69|-7339.69
210|-7339.69|-7339.69
211|-7340.44|-7340.44
212|-7340.54|-7340.54
213|-7340.61|-7340.61
214|-7340.62|-7340.62
215|-7412.67|-7412.67
216|-7429.41|-7429.41
217|-7566.82|-7566.82
218|-7576.76|-7576.76
219|-7691.84|-7691.84
220|-7832.01|-7832.01
221|-7874.82|-7874.82
222|-7883.09|-7883.09
223|-7883.18|-7883.18
224|-7883.19|-7883.19
225|-7883.19|-7883.19
226|-7883.2|-7883.2
227|-7883.2|-7883.2
228|-7919.06|-7919.06
229|-7927.85|-7927.85
230|-7930.04|-7930.04
231|-7931.13|-7931.13
232|-7931.67|-7931.67
233|-7931.94|-7931.94
234|-7931.98|-7931.98
235|-7931.99|-7931.99
236|-7932|-7932
237|-8059.26|-8059.26
238|-8145.11|-8145.11
239|-8150.39|-8150.39
240|-8153.03|-8153.03
241|-8153.69|-8153.69
242|-8153.69|-8153.69
243|-8153.69|-8153.69
244|-8434.56|-8434.56
245|-8481.39|-8481.39
246|-8565.82|-8565.82
247|-8620.24|-8620.24
248|-8629.42|-8629.42
249|-8665.55|-8665.55
250|-8683.21|-8683.21
251|-8687.57|-8687.57
252|-8687.64|-8687.64
253|-8687.67|-8687.67
254|-8687.68|-8687.68
255|-8687.68|-8687.68
256|-8734.71|-8734.71
257|-8821.22|-8821.22
258|-8863.91|-8863.91
259|-8869.19|-8869.19
260|-8871.83|-8871.83
261|-8873.14|-8873.14
262|-8873.23|-8873.23
263|-8873.23|-8873.23
264|-8873.23|-8873.23
265|-8873.23|-8873.23
266|-8873.23|-8873.23
267|-8873.23|-8873.23
268|-8873.23|-8873.23
269|-8873.23|-8873.23
270|-8873.23|-8873.23
271|-8873.23|-8873.23
272|-8873.23|-8873.23
273|-8873.23|-8873.23
274|-8873.23|-8873.23
275|-8873.23|-8873.23
276|-8873.23|-8873.23
277|-8873.23|-8873.23
278|-8873.23|-8873.23
279|-8873.23|-8873.23
280|-8873.23|-8873.23
281|-8873.23|-8873.23
282|-8873.23|-8873.23
283|-8873.23|-8873.23
284|-8873.23|-8873.23
285|-8873.23|-8873.23
286|-8873.23|-8873.23
287|-8873.23|-8873.23
288|-8873.23|-8873.23
289|-8873.23|-8873.23
290|-8873.23|-8873.23
291|-8873.23|-8873.23
292|-8873.23|-8873.23
293|-8873.23|-8873.23
294|-8873.23|-8873.23
295|-8873.23|-8873.23
296|-8873.23|-8873.23
297|-8873.23|-8873.23
298|-8873.23|-8873.23
299|-8873.23|-8873.23
300|-8873.23|-8873.23
301|-8873.23|-8873.23
302|-8873.23|-8873.23
303|-8873.23|-8873.23
304|-8873.23|-8873.23
305|-8873.23|-8873.23
306|-8873.23|-8873.23
307|-8873.23|-8873.23
308|-8873.23|-8873.23
309|-8873.23|-8873.23
310|-8873.23|-8873.23
311|-8873.23|-8873.23
312|-8873.23|-8873.23
313|-8873.23|-8873.23
314|-8873.23|-8873.23
315|-8873.23|-8873.23
316|-8873.23|-8873.23
317|-8873.23|-8873.23
318|-8873.23|-8873.23
319|-8873.23|-8873.23
320|-8873.23|-8873.23
321|-8873.23|-8873.23
322|-8873.23|-8873.23
323|-8873.23|-8873.23
324|-8873.23|-8873.23
325|-8873.23|-8873.23
326|-8873.23|-8873.23
327|-8873.23|-8873.23
328|-8873.23|-8873.23
329|-8873.23|-8873.23
330|-8873.23|-8873.23
331|-8873.23|-8873.23
332|-8873.23|-8873.23
333|-8873.23|-8873.23
334|-8873.23|-8873.23
335|-8873.23|-8873.23
336|-8873.23|-8873.23
337|-8873.23|-8873.23
338|-8873.23|-8873.23
339|-8873.23|-8873.23
340|-8873.23|-8873.23
341|-8873.23|-8873.23
342|-8873.23|-8873.23
343|-8873.23|-8873.23
344|-8873.23|-8873.23
345|-8873.23|-8873.23
346|-8873.23|-8873.23
347|-8873.23|-8873.23
348|-8873.23|-8873.23
349|-8873.23|-8873.23
350|-8873.23|-8873.23
351|-8873.23|-8873.23
352|-8873.23|-8873.23
353|-8873.23|-8873.23
354|-8873.23|-8873.23
355|-8873.23|-8873.23
356|-8873.23|-8873.23
357|-8873.23|-8873.23
358|-8873.23|-8873.23
359|-8873.23|-8873.23
360|-8873.23|-8873.23
361|-8873.23|-8873.23
362|-8873.23|-8873.23
363|-8873.23|-8873.23
364|-8873.23|-8873.23
365|-8873.23|-8873.23
366|-8873.23|-8873.23
367|-8873.23|-8873.23
368|-8873.23|-8873.23
369|-8873.23|-8873.23
370|-8873.23|-8873.23
371|-8873.23|-8873.23
372|-8873.23|-8873.23
373|-8873.23|-8873.23
374|-8873.23|-8873.23
375|-8873.23|-8873.23
376|-8873.23|-8873.23
377|-8873.23|-8873.23
378|-8873.23|-8873.23
379|-8873.23|-8873.23
380|-8873.23|-8873.23
381|-8873.23|-8873.23
382|-8873.23|-8873.23
383|-8873.23|-8873.23
384|-8873.23|-8873.23
385|-8873.23|-8873.23
386|-8873.23|-8873.23
387|-8873.23|-8873.23
388|-8873.23|-8873.23
389|-8873.23|-8873.23
390|-8873.23|-8873.23
391|-8873.23|-8873.23
392|-8873.23|-8873.23
393|-8873.23|-8873.23
394|-8873.23|-8873.23
395|-8873.23|-8873.23
396|-8873.23|-8873.23
397|-8873.23|-8873.23
398|-8873.23|-8873.23
399|-8873.23|-8873.23
400|-8873.23|-8873.23
401|-8873.23|-8873.23
402|-8873.23|-8873.23
403|-8873.23|-8873.23
404|-8873.23|-8873.23
405|-8873.23|-8873.23
406|-8873.23|-8873.23
407|-8873.23|-8873.23
408|-8873.23|-8873.23
409|-8873.23|-8873.23
410|-8873.23|-8873.23
411|-8873.23|-8873.23
412|-8873.23|-8873.23
413|-8873.23|-8873.23
414|-8873.23|-8873.23
EARLY STOP: TARGET FOUND
4711287ms
