1|-0.100529|-0.100529
2|-0.325374|-0.325374
3|-0.485055|-0.485055
4|-0.487619|-0.487619
5|-0.48826|-0.48826
6|-0.488581|-0.488581
7|-0.488621|-0.488621
8|-0.488641|-0.488641
9|-0.708697|-0.708697
10|-1.23874|-1.23874
11|-1.44024|-1.44024
12|-1.47788|-1.47788
13|-1.47967|-1.47967
14|-1.47968|-1.47968
15|-1.47968|-1.47968
16|-1.47968|-1.47968
17|-1.53019|-1.53019
18|-1.74697|-1.74697
19|-1.84588|-1.84588
20|-1.89973|-1.89973
21|-1.90316|-1.90316
22|-1.90401|-1.90401
23|-1.90444|-1.90444
24|-2.02737|-2.02737
25|-2.83592|-2.83592
26|-2.83924|-2.83924
27|-2.8399|-2.8399
28|-2.83994|-2.83994
29|-3.24489|-3.24489
30|-3.39359|-3.39359
31|-3.81851|-3.81851
32|-3.82637|-3.82637
33|-3.82697|-3.82697
34|-3.82701|-3.82701
35|-3.82702|-3.82702
36|-3.82702|-3.82702
37|-3.82702|-3.82702
38|-3.82702|-3.82702
39|-3.82702|-3.82702
40|-3.82702|-3.82702
41|-3.82702|-3.82702
42|-3.82702|-3.82702
43|-3.82702|-3.82702
44|-3.82702|-3.82702
45|-3.82702|-3.82702
46|-3.82702|-3.82702
47|-3.82702|-3.82702
48|-3.82702|-3.82702
49|-3.82702|-3.82702
50|-3.82702|-3.82702
51|-3.82702|-3.82702
52|-3.82702|-3.82702
53|-3.82702|-3.82702
54|-3.82702|-3.82702
55|-3.82702|-3.82702
56|-3.82702|-3.82702
57|-3.82702|-3.82702
58|-3.82702|-3.82702
59|-3.82702|-3.82702
60|-3.82702|-3.82702
61|-3.82702|-3.82702
62|-3.82702|-3.82702
63|-3.82702|-3.82702
64|-3.82702|-3.82702
65|-3.82702|-3.82702
66|-3.82702|-3.82702
67|-3.82702|-3.82702
68|-3.82702|-3.82702
69|-3.82702|-3.82702
70|-3.82702|-3.82702
71|-3.82702|-3.82702
72|-3.82702|-3.82702
73|-3.82702|-3.82702
74|-3.82702|-3.82702
75|-3.82702|-3.82702
76|-3.82702|-3.82702
77|-3.82702|-3.82702
78|-3.82702|-3.82702
79|-3.82702|-3.82702
80|-3.82702|-3.82702
81|-3.82702|-3.82702
82|-3.82702|-3.82702
83|-3.82702|-3.82702
84|-3.82702|-3.82702
85|-3.82702|-3.82702
86|-3.82702|-3.82702
87|-3.82702|-3.82702
88|-3.82702|-3.82702
89|-3.82702|-3.82702
90|-3.82702|-3.82702
91|-3.82702|-3.82702
92|-3.82702|-3.82702
93|-3.82702|-3.82702
94|-3.82702|-3.82702
95|-3.82702|-3.82702
96|-3.82702|-3.82702
97|-3.82702|-3.82702
98|-3.82702|-3.82702
99|-3.82702|-3.82702
100|-3.82702|-3.82702
101|-3.82702|-3.82702
102|-3.82702|-3.82702
103|-3.82702|-3.82702
104|-3.82702|-3.82702
105|-3.82702|-3.82702
106|-3.82702|-3.82702
107|-3.82702|-3.82702
108|-3.82702|-3.82702
109|-3.82702|-3.82702
110|-3.82702|-3.82702
111|-3.82702|-3.82702
112|-3.82702|-3.82702
113|-3.82702|-3.82702
114|-3.82702|-3.82702
115|-3.82702|-3.82702
116|-3.82702|-3.82702
117|-3.82702|-3.82702
118|-3.82702|-3.82702
119|-3.82702|-3.82702
120|-3.82702|-3.82702
121|-3.82702|-3.82702
122|-3.82702|-3.82702
123|-3.82702|-3.82702
124|-3.82702|-3.82702
125|-3.82702|-3.82702
126|-3.82702|-3.82702
127|-3.82702|-3.82702
128|-3.82702|-3.82702
129|-3.82702|-3.82702
130|-3.82702|-3.82702
131|-3.82702|-3.82702
132|-3.82702|-3.82702
133|-3.82702|-3.82702
134|-3.82702|-3.82702
135|-3.82702|-3.82702
136|-3.82702|-3.82702
137|-3.82702|-3.82702
138|-3.82702|-3.82702
139|-3.82702|-3.82702
140|-3.82702|-3.82702
141|-3.82702|-3.82702
142|-3.82702|-3.82702
143|-3.82702|-3.82702
144|-3.82702|-3.82702
145|-3.82702|-3.82702
146|-3.82702|-3.82702
147|-3.82702|-3.82702
148|-3.82702|-3.82702
149|-3.82702|-3.82702
150|-3.82702|-3.82702
151|-3.82702|-3.82702
152|-3.82702|-3.82702
153|-3.82702|-3.82702
154|-3.82702|-3.82702
155|-3.82702|-3.82702
156|-3.82702|-3.82702
157|-3.82702|-3.82702
158|-3.82702|-3.82702
159|-3.82702|-3.82702
160|-3.82702|-3.82702
161|-3.82702|-3.82702
162|-3.82702|-3.82702
163|-3.82702|-3.82702
164|-3.82702|-3.82702
165|-3.82702|-3.82702
166|-3.82702|-3.82702
167|-3.82702|-3.82702
168|-3.82702|-3.82702
169|-3.82702|-3.82702
170|-3.82702|-3.82702
171|-3.82702|-3.82702
172|-3.82702|-3.82702
173|-3.82702|-3.82702
174|-3.82702|-3.82702
175|-3.82702|-3.82702
176|-3.82702|-3.82702
177|-3.82702|-3.82702
178|-3.82702|-3.82702
179|-3.82702|-3.82702
180|-3.82702|-3.82702
181|-3.82702|-3.82702
182|-3.82702|-3.82702
183|-3.82702|-3.82702
184|-3.82702|-3.82702
185|-3.82702|-3.82702
EARLY STOP: TARGET FOUND
65029ms
