1|-866.319|-866.319
2|-866.424|-866.424
3|-866.425|-866.425
4|-866.425|-866.425
5|-869.539|-869.539
6|-1095.85|-1095.85
7|-1233.47|-1233.47
8|-1325.3|-1325.3
9|-1364.7|-1364.7
10|-1365.2|-1365.2
11|-1365.45|-1365.45
12|-1365.46|-1365.46
13|-1365.46|-1365.46
14|-1490.6|-1490.6
15|-1544.08|-1544.08
16|-1547.05|-1547.05
17|-1553.25|-1553.25
18|-1553.31|-1553.31
19|-1553.32|-1553.32
20|-1553.32|-1553.32
21|-1588.81|-1588.81
22|-1588.81|-1588.81
23|-1641.35|-1641.35
24|-1650.11|-1650.11
25|-1650.65|-1650.65
26|-1650.93|-1650.93
27|-1650.94|-1650.94
28|-1650.95|-1650.95
29|-1650.96|-1650.96
30|-1739.38|-1739.38
31|-2145.61|-2145.61
32|-2165.64|-2165.64
33|-2174.34|-2174.34
34|-2176.37|-2176.37
35|-2176.5|-2176.5
36|-2176.56|-2176.56
37|-2176.56|-2176.56
38|-2176.57|-2176.57
39|-2202.7|-2202.7
40|-2219.83|-2219.83
41|-2221.31|-2221.31
42|-2221.33|-2221.33
43|-2221.33|-2221.33
44|-2307.89|-2307.89
45|-2350.69|-2350.69
46|-2361.28|-2361.28
47|-2366.56|-2366.56
48|-2367.88|-2367.88
49|-2367.9|-2367.9
50|-2367.91|-2367.91
51|-2367.92|-2367.92
52|-2367.92|-2367.92
53|-2367.92|-2367.92
54|-2367.92|-2367.92
55|-2720.78|-2720.78
56|-2843.51|-2843.51
57|-2862.98|-2862.98
58|-2867.3|-2867.3
59|-2869.37|-2869.37
60|-2870.39|-2870.39
61|-2870.89|-2870.89
62|-2870.95|-2870.95
63|-2870.98|-2870.98
64|-2870.99|-2870.99
65|-2871|-2871
66|-2871|-2871
67|-2962.3|-2962.3
68|-3001.76|-3001.76
69|-3002.27|-3002.27
70|-3002.52|-3002.52
71|-3002.64|-3002.64
72|-3002.67|-3002.67
73|-3002.68|-3002.68
74|-3002.68|-3002.68
75|-3002.68|-3002.68
76|-3095.31|-3095.31
77|-3156.36|-3156.36
78|-3165.71|-3165.71
79|-3222.59|-3222.59
80|-3226.96|-3226.96
81|-3227.51|-3227.51
82|-3227.64|-3227.64
83|-3227.71|-3227.71
84|-3227.72|-3227.72
85|-3227.72|-3227.72
86|-3227.72|-3227.72
87|-3227.72|-3227.72
88|-3227.72|-3227.72
89|-3227.72|-3227.72
90|-3227.72|-3227.72
91|-3227.72|-3227.72
92|-3227.72|-3227.72
93|-3227.72|-3227.72
94|-3227.72|-3227.72
95|-3227.72|-3227.72
96|-3227.72|-3227.72
97|-3227.72|-3227.72
98|-3227.72|-3227.72
99|-3227.72|-3227.72
100|-3227.72|-3227.72
101|-3227.72|-3227.72
102|-3227.72|-3227.72
103|-3227.72|-3227.72
104|-3227.72|-3227.72
105|-3227.72|-3227.72
106|-3227.72|-3227.72
107|-3227.72|-3227.72
108|-3227.72|-3227.72
109|-3227.72|-3227.72
110|-3227.72|-3227.72
111|-3227.72|-3227.72
112|-3227.72|-3227.72
113|-3227.72|-3227.72
114|-3227.72|-3227.72
115|-3227.72|-3227.72
116|-3227.72|-3227.72
117|-3227.72|-3227.72
118|-3227.72|-3227.72
119|-3227.72|-3227.72
120|-3227.72|-3227.72
121|-3227.72|-3227.72
122|-3227.72|-3227.72
123|-3227.72|-3227.72
124|-3227.72|-3227.72
125|-3227.72|-3227.72
126|-3227.72|-3227.72
127|-3227.72|-3227.72
128|-3227.72|-3227.72
129|-3227.72|-3227.72
130|-3227.72|-3227.72
131|-3227.72|-3227.72
132|-3227.72|-3227.72
133|-3227.72|-3227.72
134|-3227.72|-3227.72
135|-3227.72|-3227.72
136|-3227.72|-3227.72
137|-3227.72|-3227.72
138|-3227.72|-3227.72
139|-3227.72|-3227.72
140|-3227.72|-3227.72
141|-3227.72|-3227.72
142|-3227.72|-3227.72
143|-3227.72|-3227.72
144|-3227.72|-3227.72
145|-3227.72|-3227.72
146|-3227.72|-3227.72
147|-3227.72|-3227.72
148|-3227.72|-3227.72
149|-3227.72|-3227.72
150|-3227.72|-3227.72
151|-3227.72|-3227.72
152|-3227.72|-3227.72
153|-3227.72|-3227.72
154|-3227.72|-3227.72
155|-3227.72|-3227.72
156|-3227.72|-3227.72
157|-3227.72|-3227.72
158|-3227.72|-3227.72
159|-3227.72|-3227.72
160|-3227.72|-3227.72
161|-3227.72|-3227.72
162|-3227.72|-3227.72
163|-3227.72|-3227.72
164|-3227.72|-3227.72
165|-3227.72|-3227.72
166|-3227.72|-3227.72
167|-3227.72|-3227.72
168|-3227.72|-3227.72
169|-3227.72|-3227.72
170|-3227.72|-3227.72
171|-3227.72|-3227.72
172|-3227.72|-3227.72
173|-3227.72|-3227.72
174|-3227.72|-3227.72
175|-3227.72|-3227.72
176|-3227.72|-3227.72
177|-3227.72|-3227.72
178|-3227.72|-3227.72
179|-3227.72|-3227.72
180|-3227.72|-3227.72
181|-3227.72|-3227.72
182|-3227.72|-3227.72
183|-3227.72|-3227.72
184|-3227.72|-3227.72
185|-3227.72|-3227.72
186|-3227.72|-3227.72
187|-3227.72|-3227.72
188|-3227.72|-3227.72
189|-3227.72|-3227.72
190|-3227.72|-3227.72
191|-3227.72|-3227.72
192|-3227.72|-3227.72
193|-3227.72|-3227.72
194|-3227.72|-3227.72
195|-3227.72|-3227.72
196|-3227.72|-3227.72
197|-3227.72|-3227.72
198|-3227.72|-3227.72
199|-3227.72|-3227.72
200|-3227.72|-3227.72
201|-3227.72|-3227.72
202|-3227.72|-3227.72
203|-3227.72|-3227.72
204|-3227.72|-3227.72
205|-3227.72|-3227.72
206|-3227.72|-3227.72
207|-3227.72|-3227.72
208|-3227.72|-3227.72
209|-3227.72|-3227.72
210|-3227.72|-3227.72
211|-3227.72|-3227.72
212|-3227.72|-3227.72
213|-3227.72|-3227.72
214|-3227.72|-3227.72
215|-3227.72|-3227.72
216|-3227.72|-3227.72
217|-3227.72|-3227.72
218|-3227.72|-3227.72
219|-3227.72|-3227.72
220|-3227.72|-3227.72
221|-3227.72|-3227.72
222|-3227.72|-3227.72
223|-3227.72|-3227.72
224|-3227.72|-3227.72
225|-3227.72|-3227.72
226|-3227.72|-3227.72
227|-3227.72|-3227.72
228|-3227.72|-3227.72
229|-3227.72|-3227.72
230|-3227.72|-3227.72
231|-3227.72|-3227.72
232|-3227.72|-3227.72
233|-3227.72|-3227.72
234|-3227.72|-3227.72
235|-3227.72|-3227.72
236|-3227.72|-3227.72
EARLY STOP: TARGET FOUND
477938ms
