1|517.999|517.999
2|511.491|511.491
3|506.612|506.612
4|504.09|504.09
5|503.934|503.934
6|503.933|503.933
7|503.933|503.933
8|487.478|487.478
9|487.3|487.3
10|487.073|487.073
11|487.072|487.072
12|487.072|487.072
13|487.072|487.072
14|487.072|487.072
15|479.405|479.405
16|479.337|479.337
17|479.303|479.303
18|479.234|479.234
19|479.2|479.2
20|479.184|479.184
21|479.175|479.175
22|479.171|479.171
23|479.171|479.171
24|468.81|468.81
25|464.217|464.217
26|464.216|464.216
27|464.216|464.216
28|464.216|464.216
29|458.668|458.668
30|444.835|444.835
31|443.216|443.216
32|443.197|443.197
33|443.193|443.193
34|443.192|443.192
35|443.192|443.192
36|443.192|443.192
37|443.192|443.192
38|443.191|443.191
39|442.551|442.551
40|442.464|442.464
41|442.464|442.464
42|433.204|433.204
43|433.204|433.204
44|429.46|429.46
45|412.267|412.267
46|412.071|412.071
47|412.06|412.06
48|412.059|412.059
49|412.059|412.059
50|412.059|412.059
51|406.682|406.682
52|391.157|391.157
53|390.949|390.949
54|390.904|390.904
55|390.896|390.896
56|390.895|390.895
57|388.342|388.342
58|387.944|387.944
59|387.938|387.938
60|387.938|387.938
61|387.87|387.87
62|387.87|387.87
63|379.736|379.736
64|379.421|379.421
65|379.276|379.276
66|379.207|379.207
67|379.173|379.173
68|379.156|379.156
69|379.148|379.148
70|379.144|379.144
71|379.142|379.142
72|379.141|379.141
73|355.855|355.855
74|344.05|344.05
75|343.207|343.207
76|343.196|343.196
77|343.195|343.195
78|343.195|343.195
79|329.732|329.732
80|324.526|324.526
81|324.505|324.505
82|324.505|324.505
83|323.675|323.675
84|323.484|323.484
85|323.472|323.472
86|323.467|323.467
87|323.465|323.465
88|323.464|323.464
89|317.331|317.331
90|312.267|312.267
91|300.932|300.932
92|297.426|297.426
93|297.4|297.4
94|297.347|297.347
95|297.34|297.34
96|297.339|297.339
97|297.338|297.338
98|297.338|297.338
99|297.338|297.338
100|291.808|291.808
101|279.139|279.139
102|276.9|276.9
103|276.69|276.69
104|276.683|276.683
105|276.682|276.682
106|276.681|276.681
107|276.681|276.681
108|276.167|276.167
109|276.109|276.109
110|276.064|276.064
111|276.061|276.061
112|276.061|276.061
113|272.297|272.297
114|272.297|272.297
115|271.901|271.901
116|271.806|271.806
117|271.783|271.783
118|271.771|271.771
119|271.77|271.77
120|271.77|271.77
121|248.202|248.202
122|246.926|246.926
123|246.498|246.498
124|246.34|246.34
125|246.335|246.335
126|246.334|246.334
127|246.334|246.334
128|246.334|246.334
129|238.801|238.801
130|231.984|231.984
131|230.839|230.839
132|230.483|230.483
133|230.474|230.474
134|230.473|230.473
135|230.473|230.473
136|230.472|230.472
137|230.472|230.472
138|215.893|215.893
139|214.678|214.678
140|214.678|214.678
141|214.678|214.678
142|214.568|214.568
143|209.445|209.445
144|207.004|207.004
145|206.927|206.927
146|206.909|206.909
147|206.9|206.9
148|206.898|206.898
149|206.897|206.897
150|206.897|206.897
151|205.252|205.252
152|186.276|186.276
153|186.276|186.276
154|186.276|186.276
155|171.405|171.405
156|162.892|162.892
157|162.19|162.19
158|161.888|161.888
159|161.749|161.749
160|161.733|161.733
161|161.724|161.724
162|161.72|161.72
163|161.718|161.718
164|161.718|161.718
165|161.717|161.717
166|150.561|150.561
167|150.413|150.413
168|150.214|150.214
169|150.189|150.189
170|150.188|150.188
171|150.188|150.188
172|142.756|142.756
173|135.653|135.653
174|134.548|134.548
175|134.362|134.362
176|134.284|134.284
177|134.248|134.248
178|134.243|134.243
179|134.242|134.242
180|128.945|128.945
181|127.128|127.128
182|118.766|118.766
183|114.181|114.181
184|111.858|111.858
185|111.822|111.822
186|111.82|111.82
187|111.82|111.82
188|103.429|103.429
189|96.0049|96.0049
190|95.91|95.91
191|95.8774|95.8774
192|95.8649|95.8649
193|95.8595|95.8595
194|95.8592|95.8592
195|95.8591|95.8591
196|91.7066|91.7066
197|74.5213|74.5213
198|71.6951|71.6951
199|71.1363|71.1363
200|71.0943|71.0943
201|71.0882|71.0882
202|71.0881|71.0881
203|71.0881|71.0881
204|71.0881|71.0881
205|71.0881|71.0881
206|71.0881|71.0881
207|71.0881|71.0881
208|71.0881|71.0881
209|71.0881|71.0881
210|71.0881|71.0881
211|71.0881|71.0881
212|71.0881|71.0881
213|71.0881|71.0881
214|71.0881|71.0881
215|71.0881|71.0881
216|71.0881|71.0881
217|71.0881|71.0881
218|71.0881|71.0881
219|71.0881|71.0881
220|71.0881|71.0881
221|71.0881|71.0881
222|71.0881|71.0881
223|71.0881|71.0881
224|71.0881|71.0881
225|71.0881|71.0881
226|71.0881|71.0881
227|71.0881|71.0881
228|71.0881|71.0881
229|71.0881|71.0881
230|71.0881|71.0881
231|71.0881|71.0881
232|71.0881|71.0881
233|71.0881|71.0881
234|71.0881|71.0881
235|71.0881|71.0881
236|71.0881|71.0881
237|71.0881|71.0881
238|71.0881|71.0881
239|71.0881|71.0881
240|71.0881|71.0881
241|71.0881|71.0881
242|71.0881|71.0881
243|71.0881|71.0881
244|71.0881|71.0881
245|71.0881|71.0881
246|71.0881|71.0881
247|71.0881|71.0881
248|71.0881|71.0881
249|71.0881|71.0881
250|71.0881|71.0881
251|71.0881|71.0881
252|71.0881|71.0881
253|71.0881|71.0881
254|71.0881|71.0881
255|71.0881|71.0881
256|71.0881|71.0881
257|71.0881|71.0881
258|71.0881|71.0881
259|71.0881|71.0881
260|71.0881|71.0881
261|71.0881|71.0881
262|71.0881|71.0881
263|71.0881|71.0881
264|71.0881|71.0881
265|71.0881|71.0881
266|71.0881|71.0881
267|71.0881|71.0881
268|71.0881|71.0881
269|71.0881|71.0881
270|71.0881|71.0881
271|71.0881|71.0881
272|71.0881|71.0881
273|71.0881|71.0881
274|71.0881|71.0881
275|71.0881|71.0881
276|71.0881|71.0881
277|71.0881|71.0881
278|71.0881|71.0881
279|71.0881|71.0881
280|71.0881|71.0881
281|71.0881|71.0881
282|71.0881|71.0881
283|71.0881|71.0881
284|71.0881|71.0881
285|71.0881|71.0881
286|71.0881|71.0881
287|71.0881|71.0881
288|71.0881|71.0881
289|71.0881|71.0881
290|71.0881|71.0881
291|71.0881|71.0881
292|71.0881|71.0881
293|71.0881|71.0881
294|71.0881|71.0881
295|71.0881|71.0881
296|71.0881|71.0881
297|71.0881|71.0881
298|71.0881|71.0881
299|71.0881|71.0881
300|71.0881|71.0881
301|71.0881|71.0881
302|71.0881|71.0881
303|71.0881|71.0881
304|71.0881|71.0881
305|71.0881|71.0881
306|71.0881|71.0881
307|71.0881|71.0881
308|71.0881|71.0881
309|71.0881|71.0881
310|71.0881|71.0881
311|71.0881|71.0881
312|71.0881|71.0881
313|71.0881|71.0881
314|71.0881|71.0881
315|71.0881|71.0881
316|71.0881|71.0881
317|71.0881|71.0881
318|71.0881|71.0881
319|71.0881|71.0881
320|71.0881|71.0881
321|71.0881|71.0881
322|71.0881|71.0881
323|71.0881|71.0881
324|71.0881|71.0881
325|71.0881|71.0881
326|71.0881|71.0881
327|71.0881|71.0881
328|71.0881|71.0881
329|71.0881|71.0881
330|71.0881|71.0881
331|71.0881|71.0881
332|71.0881|71.0881
333|71.0881|71.0881
334|71.0881|71.0881
335|71.0881|71.0881
336|71.0881|71.0881
337|71.0881|71.0881
338|71.0881|71.0881
339|71.0881|71.0881
340|71.0881|71.0881
341|71.0881|71.0881
342|71.0881|71.0881
343|71.0881|71.0881
344|71.0881|71.0881
345|71.0881|71.0881
346|71.0881|71.0881
347|71.0881|71.0881
348|71.0881|71.0881
349|71.0881|71.0881
350|71.0881|71.0881
351|71.0881|71.0881
352|71.0881|71.0881
353|71.0881|71.0881
EARLY STOP: TARGET FOUND
2948846ms
