1|-2.10247|-2.10247
2|-2.26375|-2.26375
3|-2.40401|-2.40401
4|-2.48403|-2.48403
5|-2.52501|-2.52501
6|-2.53014|-2.53014
7|-2.53271|-2.53271
8|-2.53399|-2.53399
9|-2.53463|-2.53463
10|-2.53495|-2.53495
11|-2.53511|-2.53511
12|-2.53519|-2.53519
13|-3.0731|-3.0731
14|-3.24932|-3.24932
15|-3.266|-3.266
16|-3.26975|-3.26975
17|-3.27048|-3.27048
18|-3.27054|-3.27054
19|-3.27055|-3.27055
20|-3.27056|-3.27056
21|-4.06588|-4.06588
22|-4.06638|-4.06638
23|-4.06638|-4.06638
24|-4.07217|-4.07217
25|-4.07768|-4.07768
26|-4.4334|-4.4334
27|-4.95269|-4.95269
28|-4.95493|-4.95493
29|-4.95506|-4.95506
30|-4.95509|-4.95509
31|-4.95511|-4.95511
32|-4.95511|-4.95511
33|-5.00988|-5.00988
34|-5.62581|-5.62581
35|-5.74902|-5.74902
36|-5.76872|-5.76872
37|-5.7728|-5.7728
38|-5.77376|-5.77376
39|-5.77423|-5.77423
40|-5.77447|-5.77447
41|-5.7745|-5.7745
42|-5.77978|-5.77978
43|-6.18042|-6.18042
44|-6.18347|-6.18347
45|-6.18354|-6.18354
46|-6.25637|-6.25637
47|-6.26531|-6.26531
48|-6.26973|-6.26973
49|-6.27193|-6.27193
50|-6.27302|-6.27302
51|-6.27356|-6.27356
52|-6.27384|-6.27384
53|-6.91889|-6.91889
54|-6.96578|-6.96578
55|-6.97807|-6.97807
56|-6.97986|-6.97986
57|-6.9802|-6.9802
58|-6.98104|-6.98104
59|-6.98106|-6.98106
60|-6.98107|-6.98107
61|-6.98374|-6.98374
62|-7.26853|-7.26853
63|-7.86765|-7.86765
64|-7.90654|-7.90654
65|-7.90663|-7.90663
66|-7.90664|-7.90664
67|-8.77524|-8.77524
68|-8.87407|-8.87407
69|-8.89942|-8.89942
70|-8.9053|-8.9053
71|-8.90648|-8.90648
72|-8.90664|-8.90664
73|-9.58098|-9.58098
74|-9.62387|-9.62387
75|-9.68868|-9.68868
76|-9.68987|-9.68987
77|-9.68997|-9.68997
78|-9.68999|-9.68999
79|-9.69|-9.69
80|-9.69|-9.69
81|-9.82765|-9.82765
82|-10.0634|-10.0634
83|-10.4327|-10.4327
84|-10.4808|-10.4808
85|-10.5366|-10.5366
86|-10.5373|-10.5373
87|-10.5376|-10.5376
88|-10.5377|-10.5377
89|-10.5377|-10.5377
90|-10.6|-10.6
91|-11.4034|-11.4034
92|-11.4942|-11.4942
93|-11.5115|-11.5115
94|-11.5131|-11.5131
95|-11.5139|-11.5139
96|-11.5141|-11.5141
97|-11.5578|-11.5578
98|-12.132|-12.132
99|-12.1682|-12.1682
100|-12.2591|-12.2591
101|-12.26|-12.26
102|-12.26|-12.26
103|-12.26|-12.26
104|-12.4217|-12.4217
105|-12.6531|-12.6531
106|-12.6562|-12.6562
107|-12.6564|-12.6564
108|-12.6564|-12.6564
109|-12.6565|-12.6565
110|-12.6565|-12.6565
111|-13.0806|-13.0806
112|-13.1008|-13.1008
113|-13.4924|-13.4924
114|-13.4929|-13.4929
115|-13.4929|-13.4929
116|-13.5136|-13.5136
117|-14.0273|-14.0273
118|-14.3906|-14.3906
119|-14.4565|-14.4565
120|-14.467|-14.467
121|-14.4712|-14.4712
122|-14.473|-14.473
123|-14.4732|-14.4732
124|-14.4732|-14.4732
125|-14.5225|-14.5225
126|-14.851|-14.851
127|-15.1333|-15.1333
128|-15.179|-15.179
129|-15.179|-15.179
130|-15.2071|-15.2071
131|-15.3091|-15.3091
132|-15.3172|-15.3172
133|-15.3213|-15.3213
134|-15.3234|-15.3234
135|-15.3245|-15.3245
136|-15.325|-15.325
137|-15.454|-15.454
138|-15.5975|-15.5975
139|-15.7674|-15.7674
140|-15.9031|-15.9031
141|-16.1052|-16.1052
142|-16.2694|-16.2694
143|-16.2922|-16.2922
144|-16.3212|-16.3212
145|-16.322|-16.322
146|-16.322|-16.322
147|-16.4026|-16.4026
148|-17.065|-17.065
149|-17.1535|-17.1535
150|-17.1695|-17.1695
151|-17.1723|-17.1723
152|-17.1734|-17.1734
153|-17.1811|-17.1811
154|-17.2029|-17.2029
155|-17.5164|-17.5164
156|-17.5419|-17.5419
157|-17.5811|-17.5811
158|-17.5813|-17.5813
159|-17.5821|-17.5821
160|-17.5821|-17.5821
161|-17.7134|-17.7134
162|-18.2508|-18.2508
163|-18.2524|-18.2524
164|-18.2525|-18.2525
165|-18.2525|-18.2525
166|-18.2679|-18.2679
167|-18.5161|-18.5161
168|-18.9074|-18.9074
169|-19.0003|-19.0003
170|-19.0224|-19.0224
171|-19.0333|-19.0333
172|-19.036|-19.036
173|-19.036|-19.036
174|-19.4614|-19.4614
175|-19.4618|-19.4618
176|-19.462|-19.462
177|-19.4621|-19.4621
178|-19.4622|-19.4622
179|-19.4622|-19.4622
180|-19.5907|-19.5907
181|-19.7677|-19.7677
182|-19.8776|-19.8776
183|-19.9322|-19.9322
184|-19.9455|-19.9455
185|-19.952|-19.952
186|-19.9537|-19.9537
187|-19.9545|-19.9545
188|-20.0112|-20.0112
189|-20.0117|-20.0117
190|-20.0118|-20.0118
191|-20.0119|-20.0119
192|-20.0119|-20.0119
193|-20.3643|-20.3643
194|-20.4048|-20.4048
195|-20.4165|-20.4165
196|-20.4194|-20.4194
197|-20.4197|-20.4197
198|-20.4198|-20.4198
199|-20.4198|-20.4198
200|-20.4249|-20.4249
201|-20.6961|-20.6961
202|-20.7196|-20.7196
203|-20.7253|-20.7253
204|-20.7267|-20.7267
205|-20.7274|-20.7274
206|-20.7275|-20.7275
207|-20.7276|-20.7276
208|-21.016|-21.016
209|-21.1356|-21.1356
210|-21.2873|-21.2873
211|-21.2893|-21.2893
212|-21.2893|-21.2893
213|-21.2893|-21.2893
214|-21.2893|-21.2893
215|-21.2893|-21.2893
216|-21.2893|-21.2893
217|-21.2893|-21.2893
218|-21.2893|-21.2893
219|-21.2893|-21.2893
220|-21.2893|-21.2893
221|-21.2893|-21.2893
222|-21.2893|-21.2893
223|-21.2893|-21.2893
224|-21.2893|-21.2893
225|-21.2893|-21.2893
226|-21.2893|-21.2893
227|-21.2893|-21.2893
228|-21.2893|-21.2893
229|-21.2893|-21.2893
230|-21.2893|-21.2893
231|-21.2893|-21.2893
232|-21.2893|-21.2893
233|-21.2893|-21.2893
234|-21.2893|-21.2893
235|-21.2893|-21.2893
236|-21.2893|-21.2893
237|-21.2893|-21.2893
238|-21.2893|-21.2893
239|-21.2893|-21.2893
240|-21.2893|-21.2893
241|-21.2893|-21.2893
242|-21.2893|-21.2893
243|-21.2893|-21.2893
244|-21.2893|-21.2893
245|-21.2893|-21.2893
246|-21.2893|-21.2893
247|-21.2893|-21.2893
248|-21.2893|-21.2893
249|-21.2893|-21.2893
250|-21.2893|-21.2893
251|-21.2893|-21.2893
252|-21.2893|-21.2893
253|-21.2893|-21.2893
254|-21.2893|-21.2893
255|-21.2893|-21.2893
256|-21.2893|-21.2893
257|-21.2893|-21.2893
258|-21.2893|-21.2893
259|-21.2893|-21.2893
260|-21.2893|-21.2893
261|-21.2893|-21.2893
262|-21.2893|-21.2893
263|-21.2893|-21.2893
264|-21.2893|-21.2893
265|-21.2893|-21.2893
266|-21.2893|-21.2893
267|-21.2893|-21.2893
268|-21.2893|-21.2893
269|-21.2893|-21.2893
270|-21.2893|-21.2893
271|-21.2893|-21.2893
272|-21.2893|-21.2893
273|-21.2893|-21.2893
274|-21.2893|-21.2893
275|-21.2893|-21.2893
276|-21.2893|-21.2893
277|-21.2893|-21.2893
278|-21.2893|-21.2893
279|-21.2893|-21.2893
280|-21.2893|-21.2893
281|-21.2893|-21.2893
282|-21.2893|-21.2893
283|-21.2893|-21.2893
284|-21.2893|-21.2893
285|-21.2893|-21.2893
286|-21.2893|-21.2893
287|-21.2893|-21.2893
288|-21.2893|-21.2893
289|-21.2893|-21.2893
290|-21.2893|-21.2893
291|-21.2893|-21.2893
292|-21.2893|-21.2893
293|-21.2893|-21.2893
294|-21.2893|-21.2893
295|-21.2893|-21.2893
296|-21.2893|-21.2893
297|-21.2893|-21.2893
298|-21.2893|-21.2893
299|-21.2893|-21.2893
300|-21.2893|-21.2893
301|-21.2893|-21.2893
302|-21.2893|-21.2893
303|-21.2893|-21.2893
304|-21.2893|-21.2893
305|-21.2893|-21.2893
306|-21.2893|-21.2893
307|-21.2893|-21.2893
308|-21.2893|-21.2893
309|-21.2893|-21.2893
310|-21.2893|-21.2893
311|-21.2893|-21.2893
312|-21.2893|-21.2893
313|-21.2893|-21.2893
314|-21.2893|-21.2893
315|-21.2893|-21.2893
316|-21.2893|-21.2893
317|-21.2893|-21.2893
318|-21.2893|-21.2893
319|-21.2893|-21.2893
320|-21.2893|-21.2893
321|-21.2893|-21.2893
322|-21.2893|-21.2893
323|-21.2893|-21.2893
324|-21.2893|-21.2893
325|-21.2893|-21.2893
326|-21.2893|-21.2893
327|-21.2893|-21.2893
328|-21.2893|-21.2893
329|-21.2893|-21.2893
330|-21.2893|-21.2893
331|-21.2893|-21.2893
332|-21.2893|-21.2893
333|-21.2893|-21.2893
334|-21.2893|-21.2893
335|-21.2893|-21.2893
336|-21.2893|-21.2893
337|-21.2893|-21.2893
338|-21.2893|-21.2893
339|-21.2893|-21.2893
340|-21.2893|-21.2893
341|-21.2893|-21.2893
342|-21.2893|-21.2893
343|-21.2893|-21.2893
344|-21.2893|-21.2893
345|-21.2893|-21.2893
346|-21.2893|-21.2893
347|-21.2893|-21.2893
348|-21.2893|-21.2893
349|-21.2893|-21.2893
350|-21.2893|-21.2893
351|-21.2893|-21.2893
352|-21.2893|-21.2893
353|-21.2893|-21.2893
354|-21.2893|-21.2893
355|-21.2893|-21.2893
356|-21.2893|-21.2893
357|-21.2893|-21.2893
358|-21.2893|-21.2893
359|-21.2893|-21.2893
360|-21.2893|-21.2893
361|-21.2893|-21.2893
EARLY STOP: TARGET FOUND
2907430ms
