1|-386.404|-386.404
2|-456.925|-456.925
3|-587.569|-587.569
4|-624.164|-624.164
5|-637.173|-637.173
6|-639.847|-639.847
7|-640.48|-640.48
8|-640.79|-640.79
9|-640.944|-640.944
10|-640.963|-640.963
11|-640.964|-640.964
12|-640.965|-640.965
13|-640.965|-640.965
14|-640.966|-640.966
15|-711.805|-711.805
16|-755.882|-755.882
17|-788.671|-788.671
18|-806.474|-806.474
19|-815.264|-815.264
20|-817.448|-817.448
21|-818.539|-818.539
22|-819.084|-819.084
23|-819.356|-819.356
24|-819.424|-819.424
25|-819.458|-819.458
26|-819.466|-819.466
27|-819.471|-819.471
28|-819.472|-819.472
29|-958.57|-958.57
30|-1062.52|-1062.52
31|-1062.53|-1062.53
32|-1311.3|-1311.3
33|-1311.3|-1311.3
34|-1414.38|-1414.38
35|-1414.38|-1414.38
36|-1479.5|-1479.5
37|-1484.48|-1484.48
38|-1485.52|-1485.52
39|-1485.56|-1485.56
40|-1485.57|-1485.57
41|-1485.58|-1485.58
42|-1485.58|-1485.58
43|-1485.58|-1485.58
44|-1485.58|-1485.58
45|-1554.51|-1554.51
46|-1640.71|-1640.71
47|-1661.93|-1661.93
48|-1664.57|-1664.57
49|-1665.88|-1665.88
50|-1666.54|-1666.54
51|-1666.71|-1666.71
52|-1666.72|-1666.72
53|-1666.72|-1666.72
54|-1666.72|-1666.72
55|-1750.38|-1750.38
56|-1762.75|-1762.75
57|-1764.03|-1764.03
58|-1764.34|-1764.34
59|-1764.5|-1764.5
60|-1764.58|-1764.58
61|-1764.61|-1764.61
62|-1764.63|-1764.63
63|-1764.64|-1764.64
64|-1764.64|-1764.64
65|-1764.64|-1764.64
66|-1764.64|-1764.64
67|-1764.64|-1764.64
68|-1890.76|-1890.76
69|-1910.01|-1910.01
70|-1914.27|-1914.27
71|-1916.32|-1916.32
72|-1916.82|-1916.82
73|-1916.88|-1916.88
74|-1916.9|-1916.9
75|-1916.9|-1916.9
76|-1916.91|-1916.91
77|-1916.91|-1916.91
78|-1916.91|-1916.91
79|-1916.91|-1916.91
80|-1916.91|-1916.91
81|-2003.37|-2003.37
82|-2045.96|-2045.96
83|-2048.6|-2048.6
84|-2049.26|-2049.26
85|-2049.34|-2049.34
86|-2049.35|-2049.35
87|-2049.36|-2049.36
88|-2049.36|-2049.36
89|-2229.91|-2229.91
90|-2313.47|-2313.47
91|-2333.06|-2333.06
92|-2333.37|-2333.37
93|-2333.41|-2333.41
94|-2333.42|-2333.42
95|-2333.43|-2333.43
96|-2333.44|-2333.44
97|-2333.44|-2333.44
98|-2395.36|-2395.36
99|-2464.31|-2464.31
100|-2503.98|-2503.98
101|-2545.21|-2545.21
102|-2723.66|-2723.66
103|-2808.38|-2808.38
104|-2825.01|-2825.01
105|-2825.77|-2825.77
106|-2825.92|-2825.92
107|-2825.99|-2825.99
108|-2825.99|-2825.99
109|-2826|-2826
110|-2826|-2826
111|-2826|-2826
112|-2826|-2826
113|-2826|-2826
114|-2826|-2826
115|-2826|-2826
116|-2826|-2826
117|-2826|-2826
118|-2826|-2826
119|-2826|-2826
120|-2826|-2826
121|-2826|-2826
122|-2826|-2826
123|-2826|-2826
124|-2826|-2826
125|-2826|-2826
126|-2826|-2826
127|-2826|-2826
128|-2826|-2826
129|-2826|-2826
130|-2826|-2826
131|-2826|-2826
132|-2826|-2826
133|-2826|-2826
134|-2826|-2826
135|-2826|-2826
136|-2826|-2826
137|-2826|-2826
138|-2826|-2826
139|-2826|-2826
140|-2826|-2826
141|-2826|-2826
142|-2826|-2826
143|-2826|-2826
144|-2826|-2826
145|-2826|-2826
146|-2826|-2826
147|-2826|-2826
148|-2826|-2826
149|-2826|-2826
150|-2826|-2826
151|-2826|-2826
152|-2826|-2826
153|-2826|-2826
154|-2826|-2826
155|-2826|-2826
156|-2826|-2826
157|-2826|-2826
158|-2826|-2826
159|-2826|-2826
160|-2826|-2826
161|-2826|-2826
162|-2826|-2826
163|-2826|-2826
164|-2826|-2826
165|-2826|-2826
166|-2826|-2826
167|-2826|-2826
168|-2826|-2826
169|-2826|-2826
170|-2826|-2826
171|-2826|-2826
172|-2826|-2826
173|-2826|-2826
174|-2826|-2826
175|-2826|-2826
176|-2826|-2826
177|-2826|-2826
178|-2826|-2826
179|-2826|-2826
180|-2826|-2826
181|-2826|-2826
182|-2826|-2826
183|-2826|-2826
184|-2826|-2826
185|-2826|-2826
186|-2826|-2826
187|-2826|-2826
188|-2826|-2826
189|-2826|-2826
190|-2826|-2826
191|-2826|-2826
192|-2826|-2826
193|-2826|-2826
194|-2826|-2826
195|-2826|-2826
196|-2826|-2826
197|-2826|-2826
198|-2826|-2826
199|-2826|-2826
200|-2826|-2826
201|-2826|-2826
202|-2826|-2826
203|-2826|-2826
204|-2826|-2826
205|-2826|-2826
206|-2826|-2826
207|-2826|-2826
208|-2826|-2826
209|-2826|-2826
210|-2826|-2826
211|-2826|-2826
212|-2826|-2826
213|-2826|-2826
214|-2826|-2826
215|-2826|-2826
216|-2826|-2826
217|-2826|-2826
218|-2826|-2826
219|-2826|-2826
220|-2826|-2826
221|-2826|-2826
222|-2826|-2826
223|-2826|-2826
224|-2826|-2826
225|-2826|-2826
226|-2826|-2826
227|-2826|-2826
228|-2826|-2826
229|-2826|-2826
230|-2826|-2826
231|-2826|-2826
232|-2826|-2826
233|-2826|-2826
234|-2826|-2826
235|-2826|-2826
236|-2826|-2826
237|-2826|-2826
238|-2826|-2826
239|-2826|-2826
240|-2826|-2826
241|-2826|-2826
242|-2826|-2826
243|-2826|-2826
244|-2826|-2826
245|-2826|-2826
246|-2826|-2826
247|-2826|-2826
248|-2826|-2826
249|-2826|-2826
250|-2826|-2826
251|-2826|-2826
252|-2826|-2826
253|-2826|-2826
254|-2826|-2826
255|-2826|-2826
256|-2826|-2826
257|-2826|-2826
258|-2826|-2826
259|-2826|-2826
260|-2826|-2826
261|-2826|-2826
262|-2826|-2826
EARLY STOP: TARGET FOUND
413564ms
