1|-453.272|-453.272
2|-573.402|-573.402
3|-686.12|-686.12
4|-689.834|-689.834
5|-689.91|-689.91
6|-690.355|-690.355
7|-690.355|-690.355
8|-690.355|-690.355
9|-806.23|-806.23
10|-806.23|-806.23
11|-1265.4|-1265.4
12|-1288.36|-1288.36
13|-1288.84|-1288.84
14|-1288.84|-1288.84
15|-1292.79|-1292.79
16|-1297.56|-1297.56
17|-1298.5|-1298.5
18|-1298.51|-1298.51
19|-1298.51|-1298.51
20|-1298.51|-1298.51
21|-1298.51|-1298.51
22|-1298.51|-1298.51
23|-1315.49|-1315.49
24|-1316.22|-1316.22
25|-1316.36|-1316.36
26|-1316.38|-1316.38
27|-1316.39|-1316.39
28|-1316.39|-1316.39
29|-1316.39|-1316.39
30|-1316.39|-1316.39
31|-1316.39|-1316.39
32|-1316.39|-1316.39
33|-1597.54|-1597.54
34|-1615.26|-1615.26
35|-1619.64|-1619.64
36|-1621.83|-1621.83
37|-1622.91|-1622.91
38|-1623.05|-1623.05
39|-1623.12|-1623.12
40|-1623.15|-1623.15
41|-1623.17|-1623.17
42|-1623.17|-1623.17
43|-1623.18|-1623.18
44|-1623.18|-1623.18
45|-1623.18|-1623.18
46|-1623.18|-1623.18
47|-1623.18|-1623.18
48|-1623.18|-1623.18
49|-1623.18|-1623.18
50|-1623.18|-1623.18
51|-1623.18|-1623.18
52|-1623.18|-1623.18
53|-1623.18|-1623.18
54|-1623.18|-1623.18
55|-1623.18|-1623.18
56|-1623.18|-1623.18
57|-1623.18|-1623.18
58|-1623.18|-1623.18
59|-1623.18|-1623.18
60|-1623.18|-1623.18
61|-1623.18|-1623.18
62|-1623.18|-1623.18
63|-1623.18|-1623.18
64|-1623.18|-1623.18
65|-1623.18|-1623.18
66|-1623.18|-1623.18
67|-1623.18|-1623.18
68|-1623.18|-1623.18
69|-1623.18|-1623.18
70|-1623.18|-1623.18
71|-1623.18|-1623.18
72|-1623.18|-1623.18
73|-1623.18|-1623.18
74|-1623.18|-1623.18
75|-1623.18|-1623.18
76|-1623.18|-1623.18
77|-1623.18|-1623.18
78|-1623.18|-1623.18
79|-1623.18|-1623.18
80|-1623.18|-1623.18
81|-1623.18|-1623.18
82|-1623.18|-1623.18
83|-1623.18|-1623.18
84|-1623.18|-1623.18
85|-1623.18|-1623.18
86|-1623.18|-1623.18
87|-1623.18|-1623.18
88|-1623.18|-1623.18
89|-1623.18|-1623.18
90|-1623.18|-1623.18
91|-1623.18|-1623.18
92|-1623.18|-1623.18
93|-1623.18|-1623.18
94|-1623.18|-1623.18
95|-1623.18|-1623.18
96|-1623.18|-1623.18
97|-1623.18|-1623.18
98|-1623.18|-1623.18
99|-1623.18|-1623.18
100|-1623.18|-1623.18
101|-1623.18|-1623.18
102|-1623.18|-1623.18
103|-1623.18|-1623.18
104|-1623.18|-1623.18
105|-1623.18|-1623.18
106|-1623.18|-1623.18
107|-1623.18|-1623.18
108|-1623.18|-1623.18
109|-1623.18|-1623.18
110|-1623.18|-1623.18
111|-1623.18|-1623.18
112|-1623.18|-1623.18
113|-1623.18|-1623.18
114|-1623.18|-1623.18
115|-1623.18|-1623.18
116|-1623.18|-1623.18
117|-1623.18|-1623.18
118|-1623.18|-1623.18
119|-1623.18|-1623.18
120|-1623.18|-1623.18
121|-1623.18|-1623.18
122|-1623.18|-1623.18
123|-1623.18|-1623.18
124|-1623.18|-1623.18
125|-1623.18|-1623.18
126|-1623.18|-1623.18
127|-1623.18|-1623.18
128|-1623.18|-1623.18
129|-1623.18|-1623.18
130|-1623.18|-1623.18
131|-1623.18|-1623.18
132|-1623.18|-1623.18
133|-1623.18|-1623.18
134|-1623.18|-1623.18
135|-1623.18|-1623.18
136|-1623.18|-1623.18
137|-1623.18|-1623.18
138|-1623.18|-1623.18
139|-1623.18|-1623.18
140|-1623.18|-1623.18
141|-1623.18|-1623.18
142|-1623.18|-1623.18
143|-1623.18|-1623.18
144|-1623.18|-1623.18
145|-1623.18|-1623.18
146|-1623.18|-1623.18
147|-1623.18|-1623.18
148|-1623.18|-1623.18
149|-1623.18|-1623.18
150|-1623.18|-1623.18
151|-1623.18|-1623.18
152|-1623.18|-1623.18
153|-1623.18|-1623.18
154|-1623.18|-1623.18
155|-1623.18|-1623.18
156|-1623.18|-1623.18
157|-1623.18|-1623.18
158|-1623.18|-1623.18
159|-1623.18|-1623.18
160|-1623.18|-1623.18
161|-1623.18|-1623.18
162|-1623.18|-1623.18
163|-1623.18|-1623.18
164|-1623.18|-1623.18
165|-1623.18|-1623.18
166|-1623.18|-1623.18
167|-1623.18|-1623.18
168|-1623.18|-1623.18
169|-1623.18|-1623.18
170|-1623.18|-1623.18
171|-1623.18|-1623.18
172|-1623.18|-1623.18
173|-1623.18|-1623.18
174|-1623.18|-1623.18
175|-1623.18|-1623.18
176|-1623.18|-1623.18
177|-1623.18|-1623.18
178|-1623.18|-1623.18
179|-1623.18|-1623.18
180|-1623.18|-1623.18
181|-1623.18|-1623.18
182|-1623.18|-1623.18
183|-1623.18|-1623.18
184|-1623.18|-1623.18
185|-1623.18|-1623.18
186|-1623.18|-1623.18
187|-1623.18|-1623.18
188|-1623.18|-1623.18
189|-1623.18|-1623.18
190|-1623.18|-1623.18
191|-1623.18|-1623.18
192|-1623.18|-1623.18
193|-1623.18|-1623.18
EARLY STOP: TARGET FOUND
97385ms
