1|-0.452779|-0.452779
2|-0.830572|-0.830572
3|-0.8316|-0.8316
4|-0.831998|-0.831998
5|-0.832168|-0.832168
6|-0.832246|-0.832246
7|-0.832247|-0.832247
8|-0.832249|-0.832249
9|-1.71522|-1.71522
10|-1.83108|-1.83108
11|-1.83203|-1.83203
12|-1.83222|-1.83222
13|-1.83224|-1.83224
14|-1.83225|-1.83225
15|-1.83225|-1.83225
16|-1.83225|-1.83225
17|-1.83225|-1.83225
18|-2.48047|-2.48047
19|-2.75938|-2.75938
20|-2.78056|-2.78056
21|-2.78096|-2.78096
22|-2.78101|-2.78101
23|-2.78102|-2.78102
24|-2.78189|-2.78189
25|-2.84583|-2.84583
26|-3.03974|-3.03974
27|-3.60865|-3.60865
28|-3.65595|-3.65595
29|-3.65964|-3.65964
30|-3.66051|-3.66051
31|-3.66072|-3.66072
32|-3.66073|-3.66073
33|-4.40082|-4.40082
34|-4.44686|-4.44686
35|-4.4551|-4.4551
36|-4.45533|-4.45533
37|-4.45536|-4.45536
38|-4.45538|-4.45538
39|-4.45538|-4.45538
40|-4.45538|-4.45538
41|-4.45538|-4.45538
42|-4.45538|-4.45538
43|-4.45538|-4.45538
44|-4.45538|-4.45538
45|-4.45538|-4.45538
46|-4.45538|-4.45538
47|-4.45538|-4.45538
48|-4.45538|-4.45538
49|-4.45538|-4.45538
50|-4.45538|-4.45538
51|-4.45538|-4.45538
52|-4.45538|-4.45538
53|-4.45538|-4.45538
54|-4.45538|-4.45538
55|-4.45538|-4.45538
56|-4.45538|-4.45538
57|-4.45538|-4.45538
58|-4.45538|-4.45538
59|-4.45538|-4.45538
60|-4.45538|-4.45538
61|-4.45538|-4.45538
62|-4.45538|-4.45538
63|-4.45538|-4.45538
64|-4.45538|-4.45538
65|-4.45538|-4.45538
66|-4.45538|-4.45538
67|-4.45538|-4.45538
68|-4.45538|-4.45538
69|-4.45538|-4.45538
70|-4.45538|-4.45538
71|-4.45538|-4.45538
72|-4.45538|-4.45538
73|-4.45538|-4.45538
74|-4.45538|-4.45538
75|-4.45538|-4.45538
76|-4.45538|-4.45538
77|-4.45538|-4.45538
78|-4.45538|-4.45538
79|-4.45538|-4.45538
80|-4.45538|-4.45538
81|-4.45538|-4.45538
82|-4.45538|-4.45538
83|-4.45538|-4.45538
84|-4.45538|-4.45538
85|-4.45538|-4.45538
86|-4.45538|-4.45538
87|-4.45538|-4.45538
88|-4.45538|-4.45538
89|-4.45538|-4.45538
90|-4.45538|-4.45538
91|-4.45538|-4.45538
92|-4.45538|-4.45538
93|-4.45538|-4.45538
94|-4.45538|-4.45538
95|-4.45538|-4.45538
96|-4.45538|-4.45538
97|-4.45538|-4.45538
98|-4.45538|-4.45538
99|-4.45538|-4.45538
100|-4.45538|-4.45538
101|-4.45538|-4.45538
102|-4.45538|-4.45538
103|-4.45538|-4.45538
104|-4.45538|-4.45538
105|-4.45538|-4.45538
106|-4.45538|-4.45538
107|-4.45538|-4.45538
108|-4.45538|-4.45538
109|-4.45538|-4.45538
110|-4.45538|-4.45538
111|-4.45538|-4.45538
112|-4.45538|-4.45538
113|-4.45538|-4.45538
114|-4.45538|-4.45538
115|-4.45538|-4.45538
116|-4.45538|-4.45538
117|-4.45538|-4.45538
118|-4.45538|-4.45538
119|-4.45538|-4.45538
120|-4.45538|-4.45538
121|-4.45538|-4.45538
122|-4.45538|-4.45538
123|-4.45538|-4.45538
124|-4.45538|-4.45538
125|-4.45538|-4.45538
126|-4.45538|-4.45538
127|-4.45538|-4.45538
128|-4.45538|-4.45538
129|-4.45538|-4.45538
130|-4.45538|-4.45538
131|-4.45538|-4.45538
132|-4.45538|-4.45538
133|-4.45538|-4.45538
134|-4.45538|-4.45538
135|-4.45538|-4.45538
136|-4.45538|-4.45538
137|-4.45538|-4.45538
138|-4.45538|-4.45538
139|-4.45538|-4.45538
140|-4.45538|-4.45538
141|-4.45538|-4.45538
142|-4.45538|-4.45538
143|-4.45538|-4.45538
144|-4.45538|-4.45538
145|-4.45538|-4.45538
146|-4.45538|-4.45538
147|-4.45538|-4.45538
148|-4.45538|-4.45538
149|-4.45538|-4.45538
150|-4.45538|-4.45538
151|-4.45538|-4.45538
152|-4.45538|-4.45538
153|-4.45538|-4.45538
154|-4.45538|-4.45538
155|-4.45538|-4.45538
156|-4.45538|-4.45538
157|-4.45538|-4.45538
158|-4.45538|-4.45538
159|-4.45538|-4.45538
160|-4.45538|-4.45538
161|-4.45538|-4.45538
162|-4.45538|-4.45538
163|-4.45538|-4.45538
164|-4.45538|-4.45538
165|-4.45538|-4.45538
166|-4.45538|-4.45538
167|-4.45538|-4.45538
168|-4.45538|-4.45538
169|-4.45538|-4.45538
170|-4.45538|-4.45538
171|-4.45538|-4.45538
172|-4.45538|-4.45538
173|-4.45538|-4.45538
174|-4.45538|-4.45538
175|-4.45538|-4.45538
176|-4.45538|-4.45538
177|-4.45538|-4.45538
178|-4.45538|-4.45538
179|-4.45538|-4.45538
180|-4.45538|-4.45538
181|-4.45538|-4.45538
182|-4.45538|-4.45538
183|-4.45538|-4.45538
184|-4.45538|-4.45538
185|-4.45538|-4.45538
186|-4.45538|-4.45538
187|-4.45538|-4.45538
188|-4.45538|-4.45538
EARLY STOP: TARGET FOUND
65323ms
