1|-453.681|-453.681
2|-458.06|-458.06
3|-458.415|-458.415
4|-458.417|-458.417
5|-458.418|-458.418
6|-458.418|-458.418
7|-509.863|-509.863
8|-675.789|-675.789
9|-766.943|-766.943
10|-767.277|-767.277
11|-774.805|-774.805
12|-774.806|-774.806
13|-780.852|-780.852
14|-809.602|-809.602
15|-827.476|-827.476
16|-836.304|-836.304
17|-840.69|-840.69
18|-842.874|-842.874
19|-843.965|-843.965
20|-844.509|-844.509
21|-844.781|-844.781
22|-844.918|-844.918
23|-844.918|-844.918
24|-844.926|-844.926
25|-844.927|-844.927
26|-918.363|-918.363
27|-922.236|-922.236
28|-922.602|-922.602
29|-922.617|-922.617
30|-922.62|-922.62
31|-922.622|-922.622
32|-922.623|-922.623
33|-922.623|-922.623
34|-1152.76|-1152.76
35|-1153.38|-1153.38
36|-1159.29|-1159.29
37|-1189.18|-1189.18
38|-1207.03|-1207.03
39|-1215.85|-1215.85
40|-1220.23|-1220.23
41|-1222.41|-1222.41
42|-1222.96|-1222.96
43|-1223.09|-1223.09
44|-1223.16|-1223.16
45|-1223.19|-1223.19
46|-1223.21|-1223.21
47|-1223.22|-1223.22
48|-1223.22|-1223.22
49|-1223.22|-1223.22
50|-1223.22|-1223.22
51|-1224.23|-1224.23
52|-1224.32|-1224.32
53|-1224.33|-1224.33
54|-1224.33|-1224.33
55|-1224.33|-1224.33
56|-1224.33|-1224.33
57|-1224.33|-1224.33
58|-1520.13|-1520.13
59|-1546.36|-1546.36
60|-1636.91|-1636.91
61|-1696.25|-1696.25
62|-1704.53|-1704.53
63|-1766.13|-1766.13
64|-1766.4|-1766.4
65|-1766.47|-1766.47
66|-1766.47|-1766.47
67|-1766.48|-1766.48
68|-1885.23|-1885.23
69|-1928|-1928
70|-1938.58|-1938.58
71|-1941.22|-1941.22
72|-1942.54|-1942.54
73|-1942.87|-1942.87
74|-1943.03|-1943.03
75|-1943.11|-1943.11
76|-1943.12|-1943.12
77|-1943.12|-1943.12
78|-1943.12|-1943.12
79|-1995.59|-1995.59
80|-2018.72|-2018.72
81|-2024.72|-2024.72
82|-2053.86|-2053.86
83|-2071.72|-2071.72
84|-2080.55|-2080.55
85|-2084.93|-2084.93
86|-2087.12|-2087.12
87|-2088.21|-2088.21
88|-2088.48|-2088.48
89|-2088.61|-2088.61
90|-2088.68|-2088.68
91|-2088.72|-2088.72
92|-2088.73|-2088.73
93|-2088.74|-2088.74
94|-2088.74|-2088.74
95|-2088.74|-2088.74
96|-2088.74|-2088.74
97|-2136.33|-2136.33
98|-2216.29|-2216.29
99|-2241.55|-2241.55
100|-2430.09|-2430.09
101|-2508.96|-2508.96
102|-2540.88|-2540.88
103|-2540.91|-2540.91
104|-2540.91|-2540.91
105|-2540.91|-2540.91
106|-2540.91|-2540.91
107|-2540.91|-2540.91
108|-2540.91|-2540.91
109|-2540.91|-2540.91
110|-2540.91|-2540.91
111|-2540.91|-2540.91
112|-2540.91|-2540.91
113|-2540.91|-2540.91
114|-2540.91|-2540.91
115|-2540.91|-2540.91
116|-2540.91|-2540.91
117|-2540.91|-2540.91
118|-2540.91|-2540.91
119|-2540.91|-2540.91
120|-2540.91|-2540.91
121|-2540.91|-2540.91
122|-2540.91|-2540.91
123|-2540.91|-2540.91
124|-2540.91|-2540.91
125|-2540.91|-2540.91
126|-2540.91|-2540.91
127|-2540.91|-2540.91
128|-2540.91|-2540.91
129|-2540.91|-2540.91
130|-2540.91|-2540.91
131|-2540.91|-2540.91
132|-2540.91|-2540.91
133|-2540.91|-2540.91
134|-2540.91|-2540.91
135|-2540.91|-2540.91
136|-2540.91|-2540.91
137|-2540.91|-2540.91
138|-2540.91|-2540.91
139|-2540.91|-2540.91
140|-2540.91|-2540.91
141|-2540.91|-2540.91
142|-2540.91|-2540.91
143|-2540.91|-2540.91
144|-2540.91|-2540.91
145|-2540.91|-2540.91
146|-2540.91|-2540.91
147|-2540.91|-2540.91
148|-2540.91|-2540.91
149|-2540.91|-2540.91
150|-2540.91|-2540.91
151|-2540.91|-2540.91
152|-2540.91|-2540.91
153|-2540.91|-2540.91
154|-2540.91|-2540.91
155|-2540.91|-2540.91
156|-2540.91|-2540.91
157|-2540.91|-2540.91
158|-2540.91|-2540.91
159|-2540.91|-2540.91
160|-2540.91|-2540.91
161|-2540.91|-2540.91
162|-2540.91|-2540.91
163|-2540.91|-2540.91
164|-2540.91|-2540.91
165|-2540.91|-2540.91
166|-2540.91|-2540.91
167|-2540.91|-2540.91
168|-2540.91|-2540.91
169|-2540.91|-2540.91
170|-2540.91|-2540.91
171|-2540.91|-2540.91
172|-2540.91|-2540.91
173|-2540.91|-2540.91
174|-2540.91|-2540.91
175|-2540.91|-2540.91
176|-2540.91|-2540.91
177|-2540.91|-2540.91
178|-2540.91|-2540.91
179|-2540.91|-2540.91
180|-2540.91|-2540.91
181|-2540.91|-2540.91
182|-2540.91|-2540.91
183|-2540.91|-2540.91
184|-2540.91|-2540.91
185|-2540.91|-2540.91
186|-2540.91|-2540.91
187|-2540.91|-2540.91
188|-2540.91|-2540.91
189|-2540.91|-2540.91
190|-2540.91|-2540.91
191|-2540.91|-2540.91
192|-2540.91|-2540.91
193|-2540.91|-2540.91
194|-2540.91|-2540.91
195|-2540.91|-2540.91
196|-2540.91|-2540.91
197|-2540.91|-2540.91
198|-2540.91|-2540.91
199|-2540.91|-2540.91
200|-2540.91|-2540.91
201|-2540.91|-2540.91
202|-2540.91|-2540.91
203|-2540.91|-2540.91
204|-2540.91|-2540.91
205|-2540.91|-2540.91
206|-2540.91|-2540.91
207|-2540.91|-2540.91
208|-2540.91|-2540.91
209|-2540.91|-2540.91
210|-2540.91|-2540.91
211|-2540.91|-2540.91
212|-2540.91|-2540.91
213|-2540.91|-2540.91
214|-2540.91|-2540.91
215|-2540.91|-2540.91
216|-2540.91|-2540.91
217|-2540.91|-2540.91
218|-2540.91|-2540.91
219|-2540.91|-2540.91
220|-2540.91|-2540.91
221|-2540.91|-2540.91
222|-2540.91|-2540.91
223|-2540.91|-2540.91
224|-2540.91|-2540.91
225|-2540.91|-2540.91
226|-2540.91|-2540.91
227|-2540.91|-2540.91
228|-2540.91|-2540.91
229|-2540.91|-2540.91
230|-2540.91|-2540.91
231|-2540.91|-2540.91
232|-2540.91|-2540.91
233|-2540.91|-2540.91
234|-2540.91|-2540.91
235|-2540.91|-2540.91
236|-2540.91|-2540.91
237|-2540.91|-2540.91
238|-2540.91|-2540.91
239|-2540.91|-2540.91
240|-2540.91|-2540.91
241|-2540.91|-2540.91
242|-2540.91|-2540.91
243|-2540.91|-2540.91
244|-2540.91|-2540.91
245|-2540.91|-2540.91
246|-2540.91|-2540.91
247|-2540.91|-2540.91
248|-2540.91|-2540.91
249|-2540.91|-2540.91
250|-2540.91|-2540.91
251|-2540.91|-2540.91
252|-2540.91|-2540.91
253|-2540.91|-2540.91
EARLY STOP: TARGET FOUND
423626ms
