1|-0.791881|-0.791881
2|-0.810559|-0.810559
3|-0.812614|-0.812614
4|-0.812866|-0.812866
5|-0.812882|-0.812882
6|-0.81289|-0.81289
7|-0.871784|-0.871784
8|-0.892617|-0.892617
9|-1.77142|-1.77142
10|-1.8106|-1.8106
11|-1.81278|-1.81278
12|-1.81284|-1.81284
13|-1.81285|-1.81285
14|-1.81285|-1.81285
15|-1.81285|-1.81285
16|-1.81385|-1.81385
17|-2.31267|-2.31267
18|-2.31492|-2.31492
19|-2.31548|-2.31548
20|-2.31555|-2.31555
21|-2.79944|-2.79944
22|-2.89066|-2.89066
23|-2.90178|-2.90178
24|-2.90196|-2.90196
25|-3.3303|-3.3303
26|-3.62001|-3.62001
27|-3.63506|-3.63506
28|-3.64205|-3.64205
29|-3.64374|-3.64374
30|-3.64458|-3.64458
31|-3.64468|-3.64468
32|-3.64468|-3.64468
33|-3.64468|-3.64468
34|-3.64468|-3.64468
35|-3.64468|-3.64468
36|-3.64468|-3.64468
37|-3.64468|-3.64468
38|-3.64468|-3.64468
39|-3.64468|-3.64468
40|-3.64468|-3.64468
41|-3.64468|-3.64468
42|-3.64468|-3.64468
43|-3.64468|-3.64468
44|-3.64468|-3.64468
45|-3.64468|-3.64468
46|-3.64468|-3.64468
47|-3.64468|-3.64468
48|-3.64468|-3.64468
49|-3.64468|-3.64468
50|-3.64468|-3.64468
51|-3.64468|-3.64468
52|-3.64468|-3.64468
53|-3.64468|-3.64468
54|-3.64468|-3.64468
55|-3.64468|-3.64468
56|-3.64468|-3.64468
57|-3.64468|-3.64468
58|-3.64468|-3.64468
59|-3.64468|-3.64468
60|-3.64468|-3.64468
61|-3.64468|-3.64468
62|-3.64468|-3.64468
63|-3.64468|-3.64468
64|-3.64468|-3.64468
65|-3.64468|-3.64468
66|-3.64468|-3.64468
67|-3.64468|-3.64468
68|-3.64468|-3.64468
69|-3.64468|-3.64468
70|-3.64468|-3.64468
71|-3.64468|-3.64468
72|-3.64468|-3.64468
73|-3.64468|-3.64468
74|-3.64468|-3.64468
75|-3.64468|-3.64468
76|-3.64468|-3.64468
77|-3.64468|-3.64468
78|-3.64468|-3.64468
79|-3.64468|-3.64468
80|-3.64468|-3.64468
81|-3.64468|-3.64468
82|-3.64468|-3.64468
83|-3.64468|-3.64468
84|-3.64468|-3.64468
85|-3.64468|-3.64468
86|-3.64468|-3.64468
87|-3.64468|-3.64468
88|-3.64468|-3.64468
89|-3.64468|-3.64468
90|-3.64468|-3.64468
91|-3.64468|-3.64468
92|-3.64468|-3.64468
93|-3.64468|-3.64468
94|-3.64468|-3.64468
95|-3.64468|-3.64468
96|-3.64468|-3.64468
97|-3.64468|-3.64468
98|-3.64468|-3.64468
99|-3.64468|-3.64468
100|-3.64468|-3.64468
101|-3.64468|-3.64468
102|-3.64468|-3.64468
103|-3.64468|-3.64468
104|-3.64468|-3.64468
105|-3.64468|-3.64468
106|-3.64468|-3.64468
107|-3.64468|-3.64468
108|-3.64468|-3.64468
109|-3.64468|-3.64468
110|-3.64468|-3.64468
111|-3.64468|-3.64468
112|-3.64468|-3.64468
113|-3.64468|-3.64468
114|-3.64468|-3.64468
115|-3.64468|-3.64468
116|-3.64468|-3.64468
117|-3.64468|-3.64468
118|-3.64468|-3.64468
119|-3.64468|-3.64468
120|-3.64468|-3.64468
121|-3.64468|-3.64468
122|-3.64468|-3.64468
123|-3.64468|-3.64468
124|-3.64468|-3.64468
125|-3.64468|-3.64468
126|-3.64468|-3.64468
127|-3.64468|-3.64468
128|-3.64468|-3.64468
129|-3.64468|-3.64468
130|-3.64468|-3.64468
131|-3.64468|-3.64468
132|-3.64468|-3.64468
133|-3.64468|-3.64468
134|-3.64468|-3.64468
135|-3.64468|-3.64468
136|-3.64468|-3.64468
137|-3.64468|-3.64468
138|-3.64468|-3.64468
139|-3.64468|-3.64468
140|-3.64468|-3.64468
141|-3.64468|-3.64468
142|-3.64468|-3.64468
143|-3.64468|-3.64468
144|-3.64468|-3.64468
145|-3.64468|-3.64468
146|-3.64468|-3.64468
147|-3.64468|-3.64468
148|-3.64468|-3.64468
149|-3.64468|-3.64468
150|-3.64468|-3.64468
151|-3.64468|-3.64468
152|-3.64468|-3.64468
153|-3.64468|-3.64468
154|-3.64468|-3.64468
155|-3.64468|-3.64468
156|-3.64468|-3.64468
157|-3.64468|-3.64468
158|-3.64468|-3.64468
159|-3.64468|-3.64468
160|-3.64468|-3.64468
161|-3.64468|-3.64468
162|-3.64468|-3.64468
163|-3.64468|-3.64468
164|-3.64468|-3.64468
165|-3.64468|-3.64468
166|-3.64468|-3.64468
167|-3.64468|-3.64468
168|-3.64468|-3.64468
169|-3.64468|-3.64468
170|-3.64468|-3.64468
171|-3.64468|-3.64468
172|-3.64468|-3.64468
173|-3.64468|-3.64468
174|-3.64468|-3.64468
175|-3.64468|-3.64468
176|-3.64468|-3.64468
177|-3.64468|-3.64468
178|-3.64468|-3.64468
179|-3.64468|-3.64468
180|-3.64468|-3.64468
181|-3.64468|-3.64468
EARLY STOP: TARGET FOUND
63619ms
