1|503.294|503.294
2|485.117|485.117
3|293.588|293.588
4|216.687|216.687
5|179.492|179.492
6|179.435|179.435
7|179.429|179.429
8|179.425|179.425
9|179.425|179.425
10|179.425|179.425
11|-282.717|-282.717
12|-441.229|-441.229
13|-536.002|-536.002
14|-539.39|-539.39
15|-539.398|-539.398
16|-539.4|-539.4
17|-539.401|-539.401
18|-539.401|-539.401
19|-539.401|-539.401
20|-668.058|-668.058
21|-722.57|-722.57
22|-755.147|-755.147
23|-814.449|-814.449
24|-816.63|-816.63
25|-816.902|-816.902
26|-817.038|-817.038
27|-817.107|-817.107
28|-817.115|-817.115
29|-817.117|-817.117
30|-830.809|-830.809
31|-868.854|-868.854
32|-886.563|-886.563
33|-890.942|-890.942
34|-893.124|-893.124
35|-893.668|-893.668
36|-893.805|-893.805
37|-893.839|-893.839
38|-893.855|-893.855
39|-893.864|-893.864
40|-893.866|-893.866
41|-893.867|-893.867
42|-966.069|-966.069
43|-1049.58|-1049.58
44|-1303.14|-1303.14
45|-1386.08|-1386.08
46|-1387.86|-1387.86
47|-1388.38|-1388.38
48|-1388.56|-1388.56
49|-1388.62|-1388.62
50|-1388.63|-1388.63
51|-1388.63|-1388.63
52|-1388.63|-1388.63
53|-1388.63|-1388.63
54|-1388.63|-1388.63
55|-1388.63|-1388.63
56|-1388.63|-1388.63
57|-1388.63|-1388.63
58|-1388.63|-1388.63
59|-1388.63|-1388.63
60|-1388.63|-1388.63
61|-1388.63|-1388.63
62|-1388.63|-1388.63
63|-1388.63|-1388.63
64|-1388.63|-1388.63
65|-1388.63|-1388.63
66|-1388.63|-1388.63
67|-1388.63|-1388.63
68|-1388.63|-1388.63
69|-1388.63|-1388.63
70|-1388.63|-1388.63
71|-1388.63|-1388.63
72|-1388.63|-1388.63
73|-1388.63|-1388.63
74|-1388.63|-1388.63
75|-1388.63|-1388.63
76|-1388.63|-1388.63
77|-1388.63|-1388.63
78|-1388.63|-1388.63
79|-1388.63|-1388.63
80|-1388.63|-1388.63
81|-1388.63|-1388.63
82|-1388.63|-1388.63
83|-1388.63|-1388.63
84|-1388.63|-1388.63
85|-1388.63|-1388.63
86|-1388.63|-1388.63
87|-1388.63|-1388.63
88|-1388.63|-1388.63
89|-1388.63|-1388.63
90|-1388.63|-1388.63
91|-1388.63|-1388.63
92|-1388.63|-1388.63
93|-1388.63|-1388.63
94|-1388.63|-1388.63
95|-1388.63|-1388.63
96|-1388.63|-1388.63
97|-1388.63|-1388.63
98|-1388.63|-1388.63
99|-1388.63|-1388.63
100|-1388.63|-1388.63
101|-1388.63|-1388.63
102|-1388.63|-1388.63
103|-1388.63|-1388.63
104|-1388.63|-1388.63
105|-1388.63|-1388.63
106|-1388.63|-1388.63
107|-1388.63|-1388.63
108|-1388.63|-1388.63
109|-1388.63|-1388.63
110|-1388.63|-1388.63
111|-1388.63|-1388.63
112|-1388.63|-1388.63
113|-1388.63|-1388.63
114|-1388.63|-1388.63
115|-1388.63|-1388.63
116|-1388.63|-1388.63
117|-1388.63|-1388.63
118|-1388.63|-1388.63
119|-1388.63|-1388.63
120|-1388.63|-1388.63
121|-1388.63|-1388.63
122|-1388.63|-1388.63
123|-1388.63|-1388.63
124|-1388.63|-1388.63
125|-1388.63|-1388.63
126|-1388.63|-1388.63
127|-1388.63|-1388.63
128|-1388.63|-1388.63
129|-1388.63|-1388.63
130|-1388.63|-1388.63
131|-1388.63|-1388.63
132|-1388.63|-1388.63
133|-1388.63|-1388.63
134|-1388.63|-1388.63
135|-1388.63|-1388.63
136|-1388.63|-1388.63
137|-1388.63|-1388.63
138|-1388.63|-1388.63
139|-1388.63|-1388.63
140|-1388.63|-1388.63
141|-1388.63|-1388.63
142|-1388.63|-1388.63
143|-1388.63|-1388.63
144|-1388.63|-1388.63
145|-1388.63|-1388.63
146|-1388.63|-1388.63
147|-1388.63|-1388.63
148|-1388.63|-1388.63
149|-1388.63|-1388.63
150|-1388.63|-1388.63
151|-1388.63|-1388.63
152|-1388.63|-1388.63
153|-1388.63|-1388.63
154|-1388.63|-1388.63
155|-1388.63|-1388.63
156|-1388.63|-1388.63
157|-1388.63|-1388.63
158|-1388.63|-1388.63
159|-1388.63|-1388.63
160|-1388.63|-1388.63
161|-1388.63|-1388.63
162|-1388.63|-1388.63
163|-1388.63|-1388.63
164|-1388.63|-1388.63
165|-1388.63|-1388.63
166|-1388.63|-1388.63
167|-1388.63|-1388.63
168|-1388.63|-1388.63
169|-1388.63|-1388.63
170|-1388.63|-1388.63
171|-1388.63|-1388.63
172|-1388.63|-1388.63
173|-1388.63|-1388.63
174|-1388.63|-1388.63
175|-1388.63|-1388.63
176|-1388.63|-1388.63
177|-1388.63|-1388.63
178|-1388.63|-1388.63
179|-1388.63|-1388.63
180|-1388.63|-1388.63
181|-1388.63|-1388.63
182|-1388.63|-1388.63
183|-1388.63|-1388.63
184|-1388.63|-1388.63
185|-1388.63|-1388.63
186|-1388.63|-1388.63
187|-1388.63|-1388.63
188|-1388.63|-1388.63
189|-1388.63|-1388.63
190|-1388.63|-1388.63
191|-1388.63|-1388.63
192|-1388.63|-1388.63
193|-1388.63|-1388.63
194|-1388.63|-1388.63
195|-1388.63|-1388.63
196|-1388.63|-1388.63
197|-1388.63|-1388.63
198|-1388.63|-1388.63
199|-1388.63|-1388.63
200|-1388.63|-1388.63
201|-1388.63|-1388.63
EARLY STOP: TARGET FOUND
98402ms
