1|72.4115|72.4115
2|72.1468|72.1468
3|72.0912|72.0912
4|72.0826|72.0826
5|72.0825|72.0825
6|72.0824|72.0824
7|72.0824|72.0824
8|70.9702|70.9702
9|66.333|66.333
10|65.2433|65.2433
11|65.0056|65.0056
12|64.9635|64.9635
13|64.961|64.961
14|64.9609|64.9609
15|64.9609|64.9609
16|61.8468|61.8468
17|57.7102|57.7102
18|56.8706|56.8706
19|56.758|56.758
20|56.7578|56.7578
21|56.7578|56.7578
22|56.7578|56.7578
23|56.7578|56.7578
24|39.9859|39.9859
25|39.2152|39.2152
26|39.1505|39.1505
27|39.1374|39.1374
28|39.1356|39.1356
29|39.1356|39.1356
30|31.6272|31.6272
31|28.5891|28.5891
32|28.3416|28.3416
33|28.3416|28.3416
34|28.2946|28.2946
35|28.2909|28.2909
36|28.2902|28.2902
37|28.2902|28.2902
38|28.2902|28.2902
39|25.2387|25.2387
40|24.9878|24.9878
41|24.9392|24.9392
42|24.935|24.935
43|24.9341|24.9341
44|24.934|24.934
45|24.934|24.934
46|24.2601|24.2601
47|24.2197|24.2197
48|24.2176|24.2176
49|24.2176|24.2176
50|24.2175|24.2175
51|24.2175|24.2175
52|24.0643|24.0643
53|24.0596|24.0596
54|24.0584|24.0584
55|24.0581|24.0581
56|24.0581|24.0581
57|24.0581|24.0581
58|24.0581|24.0581
59|24.0581|24.0581
60|19.2881|19.2881
61|18.1319|18.1319
62|17.861|17.861
63|17.8024|17.8024
64|17.8024|17.8024
65|17.7923|17.7923
66|17.7918|17.7918
67|17.7917|17.7917
68|0.813566|0.813566
69|0.813566|0.813566
70|0.813566|0.813566
71|0.813566|0.813566
72|0.813566|0.813566
73|0.813565|0.813565
74|0.813565|0.813565
75|0.0686325|0.0686325
76|0.0686325|0.0686325
77|0.0686325|0.0686325
78|0.0686324|0.0686324
79|0.0686324|0.0686324
80|0.0686324|0.0686324
81|0.0686324|0.0686324
82|0.0686324|0.0686324
83|0.0686324|0.0686324
84|0.0103994|0.0103994
85|0.0103994|0.0103994
86|0.0103994|0.0103994
87|0.0103994|0.0103994
88|0.0103994|0.0103994
89|0.0103994|0.0103994
90|0.000483015|0.000483015
EARLY STOP: TARGET FOUND
58826ms
