1|459.93|459.93
2|455.563|455.563
3|455.291|455.291
4|455.154|455.154
5|455.12|455.12
6|455.118|455.118
7|455.117|455.117
8|166.206|166.206
9|109.039|109.039
10|107.995|107.995
11|100.837|100.837
12|100.828|100.828
13|-255.682|-255.682
14|-258.682|-258.682
15|-287.594|-287.594
16|-287.614|-287.614
17|-287.618|-287.618
18|-287.618|-287.618
19|-390.649|-390.649
20|-390.677|-390.677
21|-390.677|-390.677
22|-413.637|-413.637
23|-758.416|-758.416
24|-896.951|-896.951
25|-915.383|-915.383
26|-917.437|-917.437
27|-917.942|-917.942
28|-918.192|-918.192
29|-918.255|-918.255
30|-918.286|-918.286
31|-918.302|-918.302
32|-918.31|-918.31
33|-918.312|-918.312
34|-922.361|-922.361
35|-922.771|-922.771
36|-922.836|-922.836
37|-922.84|-922.84
38|-922.842|-922.842
39|-922.842|-922.842
40|-964.532|-964.532
41|-973.637|-973.637
42|-977.123|-977.123
43|-977.428|-977.428
44|-977.443|-977.443
45|-977.445|-977.445
46|-1307.26|-1307.26
47|-1373.97|-1373.97
48|-1505.02|-1505.02
49|-1544.09|-1544.09
50|-1558.44|-1558.44
51|-1564.25|-1564.25
52|-1565.55|-1565.55
53|-1566.18|-1566.18
54|-1566.49|-1566.49
55|-1566.57|-1566.57
56|-1566.59|-1566.59
57|-1566.6|-1566.6
58|-1566.6|-1566.6
59|-1566.6|-1566.6
60|-1566.6|-1566.6
61|-1566.6|-1566.6
62|-1707.81|-1707.81
63|-1810.78|-1810.78
64|-1810.81|-1810.81
65|-1810.81|-1810.81
66|-1912.13|-1912.13
67|-2056.87|-2056.87
68|-2526.87|-2526.87
69|-2529.89|-2529.89
70|-2529.92|-2529.92
71|-2529.93|-2529.93
72|-2529.94|-2529.94
73|-2529.94|-2529.94
74|-2529.94|-2529.94
75|-2608.13|-2608.13
76|-2614|-2614
77|-2616.59|-2616.59
78|-2616.74|-2616.74
79|-2616.75|-2616.75
80|-2616.75|-2616.75
81|-2616.75|-2616.75
82|-2672.56|-2672.56
83|-2766.05|-2766.05
84|-2804.2|-2804.2
85|-2818.05|-2818.05
86|-2823.6|-2823.6
87|-2824.23|-2824.23
88|-2824.38|-2824.38
89|-2824.46|-2824.46
90|-2824.5|-2824.5
91|-2824.52|-2824.52
92|-2824.52|-2824.52
93|-2824.52|-2824.52
94|-2824.52|-2824.52
95|-2825.5|-2825.5
96|-2825.59|-2825.59
97|-2825.61|-2825.61
98|-2825.61|-2825.61
99|-2825.61|-2825.61
100|-2869.6|-2869.6
101|-3109.99|-3109.99
102|-3115.39|-3115.39
103|-3115.55|-3115.55
104|-3115.57|-3115.57
105|-3115.58|-3115.58
106|-3316.46|-3316.46
107|-3382.2|-3382.2
108|-3463.51|-3463.51
109|-3464.94|-3464.94
110|-3466.15|-3466.15
111|-3466.21|-3466.21
112|-3466.21|-3466.21
113|-3466.21|-3466.21
114|-3569.46|-3569.46
115|-3710.08|-3710.08
116|-4180.84|-4180.84
117|-4185.05|-4185.05
118|-4185.5|-4185.5
119|-4185.58|-4185.58
120|-4185.61|-4185.61
121|-4185.62|-4185.62
122|-4185.62|-4185.62
123|-4185.62|-4185.62
124|-4262.91|-4262.91
125|-4268.66|-4268.66
126|-4269.95|-4269.95
127|-4270.57|-4270.57
128|-4270.65|-4270.65
129|-4270.67|-4270.67
130|-4270.67|-4270.67
131|-4339.41|-4339.41
132|-4677.3|-4677.3
133|-4726.6|-4726.6
134|-4746.28|-4746.28
135|-4754.79|-4754.79
136|-4755.3|-4755.3
137|-4755.33|-4755.33
138|-4755.33|-4755.33
139|-4755.34|-4755.34
140|-4755.34|-4755.34
141|-4755.34|-4755.34
142|-4755.34|-4755.34
143|-5212.01|-5212.01
144|-5237.66|-5237.66
145|-5237.8|-5237.8
146|-5237.85|-5237.85
147|-5237.86|-5237.86
148|-5237.86|-5237.86
149|-5237.86|-5237.86
150|-5237.86|-5237.86
151|-5313.94|-5313.94
152|-5319.51|-5319.51
153|-5320.15|-5320.15
154|-5320.46|-5320.46
155|-5320.53|-5320.53
156|-5320.57|-5320.57
157|-5320.58|-5320.58
158|-5320.58|-5320.58
159|-5465.22|-5465.22
160|-5518.24|-5518.24
161|-5747.43|-5747.43
162|-5753.32|-5753.32
163|-5755.91|-5755.91
164|-5756.07|-5756.07
165|-5756.14|-5756.14
166|-5756.16|-5756.16
167|-5756.17|-5756.17
168|-5756.17|-5756.17
169|-5850.91|-5850.91
170|-6009.5|-6009.5
171|-6471.57|-6471.57
172|-6471.67|-6471.67
173|-6936.22|-6936.22
174|-7091.75|-7091.75
175|-7187.96|-7187.96
176|-7189.58|-7189.58
177|-7189.93|-7189.93
178|-7190.09|-7190.09
179|-7190.16|-7190.16
180|-7190.17|-7190.17
181|-7190.18|-7190.18
182|-7190.19|-7190.19
183|-7190.19|-7190.19
184|-7190.19|-7190.19
185|-7190.19|-7190.19
186|-7240.09|-7240.09
187|-7379.3|-7379.3
188|-7589.58|-7589.58
189|-7702.52|-7702.52
190|-7702.54|-7702.54
191|-7702.54|-7702.54
192|-8173.35|-8173.35
193|-8177.73|-8177.73
194|-8178.22|-8178.22
195|-8178.37|-8178.37
196|-8178.39|-8178.39
197|-8178.39|-8178.39
198|-8178.4|-8178.4
199|-8212.62|-8212.62
200|-8224.36|-8224.36
201|-8224.51|-8224.51
202|-8224.51|-8224.51
203|-8299.14|-8299.14
204|-8299.14|-8299.14
205|-8303.33|-8303.33
206|-8463.73|-8463.73
207|-8482.57|-8482.57
208|-8601.96|-8601.96
209|-8715.07|-8715.07
210|-8772.65|-8772.65
211|-8773.09|-8773.09
212|-8776.39|-8776.39
213|-8776.48|-8776.48
214|-8776.52|-8776.52
215|-8776.54|-8776.54
216|-8776.55|-8776.55
217|-8776.55|-8776.55
218|-8776.55|-8776.55
219|-8776.55|-8776.55
220|-8795.24|-8795.24
221|-8955.24|-8955.24
222|-8959.66|-8959.66
223|-9034.23|-9034.23
224|-9077.77|-9077.77
225|-9079.41|-9079.41
226|-9079.41|-9079.41
227|-9079.42|-9079.42
228|-9138.51|-9138.51
229|-9223.64|-9223.64
230|-9232.3|-9232.3
231|-9282.11|-9282.11
232|-9450.81|-9450.81
233|-9540.58|-9540.58
234|-9544.38|-9544.38
235|-9550.16|-9550.16
236|-9550.16|-9550.16
237|-9550.25|-9550.25
238|-9550.27|-9550.27
239|-9550.27|-9550.27
240|-9550.28|-9550.28
241|-9645.43|-9645.43
242|-9803.15|-9803.15
243|-10266|-10266
244|-10266|-10266
245|-10266|-10266
246|-10266|-10266
247|-10266|-10266
248|-10266|-10266
249|-10266|-10266
250|-10266|-10266
251|-10266|-10266
252|-10266|-10266
253|-10266|-10266
254|-10266|-10266
255|-10266|-10266
256|-10266|-10266
257|-10266|-10266
258|-10266|-10266
259|-10266|-10266
260|-10266|-10266
261|-10266|-10266
262|-10266|-10266
263|-10266|-10266
264|-10266|-10266
265|-10266|-10266
266|-10266|-10266
267|-10266|-10266
268|-10266|-10266
269|-10266|-10266
270|-10266|-10266
271|-10266|-10266
272|-10266|-10266
273|-10266|-10266
274|-10266|-10266
275|-10266|-10266
276|-10266|-10266
277|-10266|-10266
278|-10266|-10266
279|-10266|-10266
280|-10266|-10266
281|-10266|-10266
282|-10266|-10266
283|-10266|-10266
284|-10266|-10266
285|-10266|-10266
286|-10266|-10266
287|-10266|-10266
288|-10266|-10266
289|-10266|-10266
290|-10266|-10266
291|-10266|-10266
292|-10266|-10266
293|-10266|-10266
294|-10266|-10266
295|-10266|-10266
296|-10266|-10266
297|-10266|-10266
298|-10266|-10266
299|-10266|-10266
300|-10266|-10266
301|-10266|-10266
302|-10266|-10266
303|-10266|-10266
304|-10266|-10266
305|-10266|-10266
306|-10266|-10266
307|-10266|-10266
308|-10266|-10266
309|-10266|-10266
310|-10266|-10266
311|-10266|-10266
312|-10266|-10266
313|-10266|-10266
314|-10266|-10266
315|-10266|-10266
316|-10266|-10266
317|-10266|-10266
318|-10266|-10266
319|-10266|-10266
320|-10266|-10266
321|-10266|-10266
322|-10266|-10266
323|-10266|-10266
324|-10266|-10266
325|-10266|-10266
326|-10266|-10266
327|-10266|-10266
328|-10266|-10266
329|-10266|-10266
330|-10266|-10266
331|-10266|-10266
332|-10266|-10266
333|-10266|-10266
334|-10266|-10266
335|-10266|-10266
336|-10266|-10266
337|-10266|-10266
338|-10266|-10266
339|-10266|-10266
340|-10266|-10266
341|-10266|-10266
342|-10266|-10266
343|-10266|-10266
344|-10266|-10266
345|-10266|-10266
346|-10266|-10266
347|-10266|-10266
348|-10266|-10266
349|-10266|-10266
350|-10266|-10266
351|-10266|-10266
352|-10266|-10266
353|-10266|-10266
354|-10266|-10266
355|-10266|-10266
356|-10266|-10266
357|-10266|-10266
358|-10266|-10266
359|-10266|-10266
360|-10266|-10266
361|-10266|-10266
362|-10266|-10266
363|-10266|-10266
364|-10266|-10266
365|-10266|-10266
366|-10266|-10266
367|-10266|-10266
368|-10266|-10266
369|-10266|-10266
370|-10266|-10266
371|-10266|-10266
372|-10266|-10266
373|-10266|-10266
374|-10266|-10266
375|-10266|-10266
376|-10266|-10266
377|-10266|-10266
378|-10266|-10266
379|-10266|-10266
380|-10266|-10266
381|-10266|-10266
382|-10266|-10266
383|-10266|-10266
384|-10266|-10266
385|-10266|-10266
386|-10266|-10266
387|-10266|-10266
388|-10266|-10266
389|-10266|-10266
390|-10266|-10266
391|-10266|-10266
392|-10266|-10266
393|-10266|-10266
394|-10266|-10266
395|-10266|-10266
396|-10266|-10266
EARLY STOP: TARGET FOUND
4659733ms
