1|207.668|207.668
2|192.46|192.46
3|192.303|192.303
4|192.289|192.289
5|192.285|192.285
6|192.285|192.285
7|192.284|192.284
8|192.284|192.284
9|176.117|176.117
10|166.272|166.272
11|165.716|165.716
12|161.487|161.487
13|158.808|158.808
14|158.629|158.629
15|158.553|158.553
16|158.544|158.544
17|158.54|158.54
18|158.539|158.539
19|158.538|158.538
20|158.538|158.538
21|158.538|158.538
22|143.314|143.314
23|139.029|139.029
24|137.398|137.398
25|136.762|136.762
26|136.625|136.625
27|136.608|136.608
28|136.604|136.604
29|136.603|136.603
30|136.603|136.603
31|122.642|122.642
32|121.174|121.174
33|120.886|120.886
34|120.853|120.853
35|120.844|120.844
36|120.84|120.84
37|120.838|120.838
38|117.604|117.604
39|117.466|117.466
40|117.449|117.449
41|117.445|117.445
42|117.445|117.445
43|103.64|103.64
44|94.5653|94.5653
45|91.2368|91.2368
46|90.955|90.955
47|90.9529|90.9529
48|90.9526|90.9526
49|76.8025|76.8025
50|76.7814|76.7814
51|76.7814|76.7814
52|70.9603|70.9603
53|66.4628|66.4628
54|55.9644|55.9644
55|51.5252|51.5252
56|51.5249|51.5249
57|51.5201|51.5201
58|48.7288|48.7288
59|48.3752|48.3752
60|48.3709|48.3709
61|48.3698|48.3698
62|48.3693|48.3693
63|48.369|48.369
64|48.3689|48.3689
65|42.8307|42.8307
66|39.2433|39.2433
67|29.6672|29.6672
68|28.0431|28.0431
69|24.9963|24.9963
70|24.5659|24.5659
71|24.4068|24.4068
72|24.3981|24.3981
73|24.397|24.397
74|24.3965|24.3965
75|24.3962|24.3962
76|24.3961|24.3961
77|24.3961|24.3961
78|24.3961|24.3961
79|24.3961|24.3961
80|24.3961|24.3961
81|24.3961|24.3961
82|24.3961|24.3961
83|24.3961|24.3961
84|24.3961|24.3961
85|24.3961|24.3961
86|24.3961|24.3961
87|24.3961|24.3961
88|24.3961|24.3961
89|24.3961|24.3961
90|24.3961|24.3961
91|24.3961|24.3961
92|24.3961|24.3961
93|24.3961|24.3961
94|24.3961|24.3961
95|24.3961|24.3961
96|24.3961|24.3961
97|24.3961|24.3961
98|24.3961|24.3961
99|24.3961|24.3961
100|24.3961|24.3961
101|24.3961|24.3961
102|24.3961|24.3961
103|24.3961|24.3961
104|24.3961|24.3961
105|24.3961|24.3961
106|24.3961|24.3961
107|24.3961|24.3961
108|24.3961|24.3961
109|24.3961|24.3961
110|24.3961|24.3961
111|24.3961|24.3961
112|24.3961|24.3961
113|24.3961|24.3961
114|24.3961|24.3961
115|24.3961|24.3961
116|24.3961|24.3961
117|24.3961|24.3961
118|24.3961|24.3961
119|24.3961|24.3961
120|24.3961|24.3961
121|24.3961|24.3961
122|24.3961|24.3961
123|24.3961|24.3961
124|24.3961|24.3961
125|24.3961|24.3961
126|24.3961|24.3961
127|24.3961|24.3961
128|24.3961|24.3961
129|24.3961|24.3961
130|24.3961|24.3961
131|24.3961|24.3961
132|24.3961|24.3961
133|24.3961|24.3961
134|24.3961|24.3961
135|24.3961|24.3961
136|24.3961|24.3961
137|24.3961|24.3961
138|24.3961|24.3961
139|24.3961|24.3961
140|24.3961|24.3961
141|24.3961|24.3961
142|24.3961|24.3961
143|24.3961|24.3961
144|24.3961|24.3961
145|24.3961|24.3961
146|24.3961|24.3961
147|24.3961|24.3961
148|24.3961|24.3961
149|24.3961|24.3961
150|24.3961|24.3961
151|24.3961|24.3961
152|24.3961|24.3961
153|24.3961|24.3961
154|24.3961|24.3961
155|24.3961|24.3961
156|24.3961|24.3961
157|24.3961|24.3961
158|24.3961|24.3961
159|24.3961|24.3961
160|24.3961|24.3961
161|24.3961|24.3961
162|24.3961|24.3961
163|24.3961|24.3961
164|24.3961|24.3961
165|24.3961|24.3961
166|24.3961|24.3961
167|24.3961|24.3961
168|24.3961|24.3961
169|24.3961|24.3961
170|24.3961|24.3961
171|24.3961|24.3961
172|24.3961|24.3961
173|24.3961|24.3961
174|24.3961|24.3961
175|24.3961|24.3961
176|24.3961|24.3961
177|24.3961|24.3961
178|24.3961|24.3961
179|24.3961|24.3961
180|24.3961|24.3961
181|24.3961|24.3961
182|24.3961|24.3961
183|24.3961|24.3961
184|24.3961|24.3961
185|24.3961|24.3961
186|24.3961|24.3961
187|24.3961|24.3961
188|24.3961|24.3961
189|24.3961|24.3961
190|24.3961|24.3961
191|24.3961|24.3961
192|24.3961|24.3961
193|24.3961|24.3961
194|24.3961|24.3961
195|24.3961|24.3961
196|24.3961|24.3961
197|24.3961|24.3961
198|24.3961|24.3961
199|24.3961|24.3961
200|24.3961|24.3961
201|24.3961|24.3961
202|24.3961|24.3961
203|24.3961|24.3961
204|24.3961|24.3961
205|24.3961|24.3961
206|24.3961|24.3961
207|24.3961|24.3961
208|24.3961|24.3961
209|24.3961|24.3961
210|24.3961|24.3961
211|24.3961|24.3961
212|24.3961|24.3961
213|24.3961|24.3961
214|24.3961|24.3961
215|24.3961|24.3961
216|24.3961|24.3961
217|24.3961|24.3961
218|24.3961|24.3961
219|24.3961|24.3961
220|24.3961|24.3961
221|24.3961|24.3961
222|24.3961|24.3961
223|24.3961|24.3961
224|24.3961|24.3961
225|24.3961|24.3961
226|24.3961|24.3961
EARLY STOP: TARGET FOUND
280344ms
