1|113.582|113.582
2|110.134|110.134
3|109.639|109.639
4|109.636|109.636
5|109.635|109.635
6|109.635|109.635
7|91.7195|91.7195
8|91.0917|91.0917
9|91.0628|91.0628
10|91.0628|91.0628
11|91.0627|91.0627
12|78.2801|78.2801
13|76.5605|76.5605
14|76.5597|76.5597
15|76.5595|76.5595
16|76.5595|76.5595
17|75.4221|75.4221
18|75.1606|75.1606
19|75.1067|75.1067
20|75.0989|75.0989
21|75.0988|75.0988
22|75.0988|75.0988
23|74.0736|74.0736
24|73.8681|73.8681
25|73.8681|73.8681
26|73.8422|73.8422
27|49.5364|49.5364
28|49.5364|49.5364
29|49.5024|49.5024
30|49.5024|49.5024
31|49.5017|49.5017
32|49.5017|49.5017
33|34.2822|34.2822
34|34.2822|34.2822
35|33.3174|33.3174
36|33.1423|33.1423
37|33.1305|33.1305
38|33.1295|33.1295
39|33.1293|33.1293
40|33.1293|33.1293
41|33.1293|33.1293
42|32.9342|32.9342
43|28.0677|28.0677
44|26.8633|26.8633
45|26.5683|26.5683
46|26.4976|26.4976
47|26.4815|26.4815
48|26.4782|26.4782
49|26.4778|26.4778
50|23.4828|23.4828
51|19.3163|19.3163
52|18.4619|18.4619
53|18.4619|18.4619
54|18.3419|18.3419
55|18.3419|18.3419
56|18.3412|18.3412
57|18.3411|18.3411
58|18.3411|18.3411
59|18.3411|18.3411
60|0.701155|0.701155
61|0.701155|0.701155
62|0.701154|0.701154
63|0.701154|0.701154
64|0.701154|0.701154
65|0.701154|0.701154
66|0.701154|0.701154
67|0.701154|0.701154
68|0.0389467|0.0389467
69|0.0389466|0.0389466
70|0.0389466|0.0389466
71|0.0389466|0.0389466
72|0.0389466|0.0389466
73|0.0389466|0.0389466
74|0.0389466|0.0389466
75|0.0389466|0.0389466
76|0.0389466|0.0389466
77|0.00139493|0.00139493
EARLY STOP: TARGET FOUND
49907ms
