1|-180.737|-180.737
2|-255.971|-255.971
3|-297.698|-297.698
4|-298.851|-298.851
5|-298.918|-298.918
6|-298.922|-298.922
7|-298.923|-298.923
8|-298.923|-298.923
9|-298.924|-298.924
10|-298.924|-298.924
11|-298.924|-298.924
12|-391.422|-391.422
13|-554.618|-554.618
14|-1012.15|-1012.15
15|-1012.15|-1012.15
16|-1012.18|-1012.18
17|-1012.18|-1012.18
18|-1129.93|-1129.93
19|-1129.93|-1129.93
20|-1253.98|-1253.98
21|-1305.63|-1305.63
22|-1309.23|-1309.23
23|-1310.8|-1310.8
24|-1311.16|-1311.16
25|-1311.2|-1311.2
26|-1311.21|-1311.21
27|-1311.22|-1311.22
28|-1311.22|-1311.22
29|-1311.22|-1311.22
30|-1311.48|-1311.48
31|-1317.18|-1317.18
32|-1318.58|-1318.58
33|-1318.79|-1318.79
34|-1318.86|-1318.86
35|-1318.9|-1318.9
36|-1318.91|-1318.91
37|-1318.92|-1318.92
38|-1318.92|-1318.92
39|-1318.92|-1318.92
40|-1318.92|-1318.92
41|-1318.92|-1318.92
42|-1373.31|-1373.31
43|-1490.13|-1490.13
44|-1576.52|-1576.52
45|-1597.85|-1597.85
46|-1608.44|-1608.44
47|-1613.72|-1613.72
48|-1615.04|-1615.04
49|-1615.37|-1615.37
50|-1615.45|-1615.45
51|-1615.49|-1615.49
52|-1615.51|-1615.51
53|-1615.51|-1615.51
54|-1615.51|-1615.51
55|-1615.51|-1615.51
56|-1615.51|-1615.51
57|-1615.51|-1615.51
58|-1615.51|-1615.51
59|-1615.51|-1615.51
60|-1615.51|-1615.51
61|-1615.51|-1615.51
62|-1615.51|-1615.51
63|-1615.51|-1615.51
64|-1615.51|-1615.51
65|-1615.51|-1615.51
66|-1615.51|-1615.51
67|-1615.51|-1615.51
68|-1615.51|-1615.51
69|-1615.51|-1615.51
70|-1615.51|-1615.51
71|-1615.51|-1615.51
72|-1615.51|-1615.51
73|-1615.51|-1615.51
74|-1615.51|-1615.51
75|-1615.51|-1615.51
76|-1615.51|-1615.51
77|-1615.51|-1615.51
78|-1615.51|-1615.51
79|-1615.51|-1615.51
80|-1615.51|-1615.51
81|-1615.51|-1615.51
82|-1615.51|-1615.51
83|-1615.51|-1615.51
84|-1615.51|-1615.51
85|-1615.51|-1615.51
86|-1615.51|-1615.51
87|-1615.51|-1615.51
88|-1615.51|-1615.51
89|-1615.51|-1615.51
90|-1615.51|-1615.51
91|-1615.51|-1615.51
92|-1615.51|-1615.51
93|-1615.51|-1615.51
94|-1615.51|-1615.51
95|-1615.51|-1615.51
96|-1615.51|-1615.51
97|-1615.51|-1615.51
98|-1615.51|-1615.51
99|-1615.51|-1615.51
100|-1615.51|-1615.51
101|-1615.51|-1615.51
102|-1615.51|-1615.51
103|-1615.51|-1615.51
104|-1615.51|-1615.51
105|-1615.51|-1615.51
106|-1615.51|-1615.51
107|-1615.51|-1615.51
108|-1615.51|-1615.51
109|-1615.51|-1615.51
110|-1615.51|-1615.51
111|-1615.51|-1615.51
112|-1615.51|-1615.51
113|-1615.51|-1615.51
114|-1615.51|-1615.51
115|-1615.51|-1615.51
116|-1615.51|-1615.51
117|-1615.51|-1615.51
118|-1615.51|-1615.51
119|-1615.51|-1615.51
120|-1615.51|-1615.51
121|-1615.51|-1615.51
122|-1615.51|-1615.51
123|-1615.51|-1615.51
124|-1615.51|-1615.51
125|-1615.51|-1615.51
126|-1615.51|-1615.51
127|-1615.51|-1615.51
128|-1615.51|-1615.51
129|-1615.51|-1615.51
130|-1615.51|-1615.51
131|-1615.51|-1615.51
132|-1615.51|-1615.51
133|-1615.51|-1615.51
134|-1615.51|-1615.51
135|-1615.51|-1615.51
136|-1615.51|-1615.51
137|-1615.51|-1615.51
138|-1615.51|-1615.51
139|-1615.51|-1615.51
140|-1615.51|-1615.51
141|-1615.51|-1615.51
142|-1615.51|-1615.51
143|-1615.51|-1615.51
144|-1615.51|-1615.51
145|-1615.51|-1615.51
146|-1615.51|-1615.51
147|-1615.51|-1615.51
148|-1615.51|-1615.51
149|-1615.51|-1615.51
150|-1615.51|-1615.51
151|-1615.51|-1615.51
152|-1615.51|-1615.51
153|-1615.51|-1615.51
154|-1615.51|-1615.51
155|-1615.51|-1615.51
156|-1615.51|-1615.51
157|-1615.51|-1615.51
158|-1615.51|-1615.51
159|-1615.51|-1615.51
160|-1615.51|-1615.51
161|-1615.51|-1615.51
162|-1615.51|-1615.51
163|-1615.51|-1615.51
164|-1615.51|-1615.51
165|-1615.51|-1615.51
166|-1615.51|-1615.51
167|-1615.51|-1615.51
168|-1615.51|-1615.51
169|-1615.51|-1615.51
170|-1615.51|-1615.51
171|-1615.51|-1615.51
172|-1615.51|-1615.51
173|-1615.51|-1615.51
174|-1615.51|-1615.51
175|-1615.51|-1615.51
176|-1615.51|-1615.51
177|-1615.51|-1615.51
178|-1615.51|-1615.51
179|-1615.51|-1615.51
180|-1615.51|-1615.51
181|-1615.51|-1615.51
182|-1615.51|-1615.51
183|-1615.51|-1615.51
184|-1615.51|-1615.51
185|-1615.51|-1615.51
186|-1615.51|-1615.51
187|-1615.51|-1615.51
188|-1615.51|-1615.51
189|-1615.51|-1615.51
190|-1615.51|-1615.51
191|-1615.51|-1615.51
192|-1615.51|-1615.51
193|-1615.51|-1615.51
194|-1615.51|-1615.51
195|-1615.51|-1615.51
196|-1615.51|-1615.51
197|-1615.51|-1615.51
198|-1615.51|-1615.51
199|-1615.51|-1615.51
200|-1615.51|-1615.51
201|-1615.51|-1615.51
202|-1615.51|-1615.51
203|-1615.51|-1615.51
EARLY STOP: TARGET FOUND
99274ms
