1|76.8548|76.8548
2|76.6728|76.6728
3|76.6593|76.6593
4|76.6574|76.6574
5|76.6574|76.6574
6|76.6574|76.6574
7|53.4622|53.4622
8|53.3934|53.3934
9|53.3783|53.3783
10|53.3755|53.3755
11|53.3753|53.3753
12|53.3753|53.3753
13|53.3753|53.3753
14|39.852|39.852
15|39.852|39.852
16|38.6752|38.6752
17|38.394|38.394
18|38.3302|38.3302
19|38.3175|38.3175
20|38.3163|38.3163
21|38.316|38.316
22|38.316|38.316
23|38.316|38.316
24|38.3159|38.3159
25|38.3159|38.3159
26|18.2153|18.2153
27|17.9356|17.9356
28|17.8726|17.8726
29|17.8602|17.8602
30|17.8592|17.8592
31|17.8592|17.8592
32|17.8589|17.8589
33|17.8589|17.8589
34|17.8589|17.8589
35|0.799289|0.799289
36|0.799289|0.799289
37|0.799289|0.799289
38|0.799289|0.799289
39|0.799288|0.799288
40|0.799288|0.799288
41|0.0645306|0.0645306
42|0.0645306|0.0645306
43|0.0645305|0.0645305
44|0.0645305|0.0645305
45|0.00884135|0.00884135
EARLY STOP: TARGET FOUND
8063ms
