1|49.6414|49.6414
2|49.3765|49.3765
3|49.3209|49.3209
4|49.3122|49.3122
5|49.312|49.312
6|49.312|49.312
7|47.1919|47.1919
8|47.1919|47.1919
9|47.1572|47.1572
10|47.1565|47.1565
11|47.1565|47.1565
12|47.1564|47.1564
13|23.9688|23.9688
14|23.8998|23.8998
15|23.8998|23.8998
16|23.8845|23.8845
17|23.8816|23.8816
18|23.8814|23.8814
19|23.8814|23.8814
20|20.0449|20.0449
21|19.3555|19.3555
22|19.3111|19.3111
23|19.3111|19.3111
24|19.308|19.308
25|19.3078|19.3078
26|19.3077|19.3077
27|19.3077|19.3077
28|19.3077|19.3077
29|0.527008|0.527008
30|0.527008|0.527008
31|0.527008|0.527008
32|0.527008|0.527008
33|0.00738784|0.00738784
EARLY STOP: TARGET FOUND
5835ms
