1|554.903|554.903
2|546.012|546.012
3|544.45|544.45
4|544.136|544.136
5|543.991|543.991
6|543.922|543.922
7|543.889|543.889
8|543.872|543.872
9|543.868|543.868
10|543.866|543.866
11|543.865|543.865
12|543.864|543.864
13|543.864|543.864
14|529.044|529.044
15|525.664|525.664
16|525.373|525.373
17|525.306|525.306
18|525.306|525.306
19|525.306|525.306
20|508.676|508.676
21|501.016|501.016
22|499.838|499.838
23|499.464|499.464
24|499.428|499.428
25|499.419|499.419
26|499.419|499.419
27|499.418|499.418
28|493.325|493.325
29|481.907|481.907
30|481.748|481.748
31|481.739|481.739
32|481.739|481.739
33|481.739|481.739
34|476.064|476.064
35|471.967|471.967
36|461.916|461.916
37|461.372|461.372
38|458.087|458.087
39|457.226|457.226
40|457.218|457.218
41|457.216|457.216
42|457.215|457.215
43|457.214|457.214
44|457.214|457.214
45|448.057|448.057
46|448.056|448.056
47|448.056|448.056
48|448.056|448.056
49|426.352|426.352
50|425.99|425.99
51|425.972|425.972
52|425.968|425.968
53|425.966|425.966
54|425.966|425.966
55|425.966|425.966
56|419.749|419.749
57|414.58|414.58
58|403.04|403.04
59|399.762|399.762
60|399.674|399.674
61|399.65|399.65
62|399.642|399.642
63|399.639|399.639
64|399.638|399.638
65|398.561|398.561
66|398.561|398.561
67|379.201|379.201
68|379.189|379.189
69|379.189|379.189
70|379.189|379.189
71|379.188|379.188
72|371.961|371.961
73|367.737|367.737
74|365.055|365.055
75|364.876|364.876
76|364.8|364.8
77|364.792|364.792
78|364.787|364.787
79|364.785|364.785
80|364.784|364.784
81|364.775|364.775
82|364.772|364.772
83|364.77|364.77
84|364.77|364.77
85|364.769|364.769
86|364.769|364.769
87|364.769|364.769
88|364.769|364.769
89|362.265|362.265
90|361.095|361.095
91|360.01|360.01
92|356.811|356.811
93|353.87|353.87
94|353.472|353.472
95|353.396|353.396
96|353.378|353.378
97|353.376|353.376
98|353.375|353.375
99|334.743|334.743
100|334.742|334.742
101|334.741|334.741
102|334.741|334.741
103|319.09|319.09
104|319.09|319.09
105|316.44|316.44
106|316.247|316.247
107|316.2|316.2
108|316.176|316.176
109|316.165|316.165
110|316.162|316.162
111|316.16|316.16
112|316.16|316.16
113|290.814|290.814
114|290.755|290.755
115|290.741|290.741
116|290.737|290.737
117|290.736|290.736
118|290.736|290.736
119|290.736|290.736
120|286.263|286.263
121|284.843|284.843
122|275.527|275.527
123|274.592|274.592
124|274.517|274.517
125|274.508|274.508
126|274.504|274.504
127|274.503|274.503
128|274.503|274.503
129|274.503|274.503
130|267.2|267.2
131|267.116|267.116
132|267.089|267.089
133|267.087|267.087
134|267.085|267.085
135|267.085|267.085
136|267.085|267.085
137|251.309|251.309
138|242.611|242.611
139|242.549|242.549
140|242.522|242.522
141|242.509|242.509
142|242.503|242.503
143|242.503|242.503
144|237.811|237.811
145|235.516|235.516
146|235.499|235.499
147|235.494|235.494
148|235.493|235.493
149|235.493|235.493
150|235.493|235.493
151|232.288|232.288
152|231.809|231.809
153|231.625|231.625
154|231.547|231.547
155|231.529|231.529
156|231.52|231.52
157|231.516|231.516
158|231.514|231.514
159|231.512|231.512
160|231.512|231.512
161|223.118|223.118
162|222.984|222.984
163|222.956|222.956
164|222.943|222.943
165|222.937|222.937
166|222.934|222.934
167|222.932|222.932
168|203.072|203.072
169|203.012|203.012
170|203.011|203.011
171|203.011|203.011
172|203.011|203.011
173|197.209|197.209
174|197.113|197.113
175|197.112|197.112
176|197.112|197.112
177|197.112|197.112
178|181.615|181.615
179|175.889|175.889
180|174.732|174.732
181|173.625|173.625
182|170.469|170.469
183|167.517|167.517
184|167.116|167.116
185|167.039|167.039
186|167.021|167.021
187|167.012|167.012
188|167.012|167.012
189|153.655|153.655
190|152.984|152.984
191|152.697|152.697
192|152.664|152.664
193|152.662|152.662
194|152.661|152.661
195|152.661|152.661
196|148.711|148.711
197|148.025|148.025
198|147.125|147.125
199|147.122|147.122
200|147.122|147.122
201|147.122|147.122
202|147.122|147.122
203|143.927|143.927
204|143.858|143.858
205|143.825|143.825
206|143.821|143.821
207|143.819|143.819
208|143.818|143.818
209|133.069|133.069
210|132.88|132.88
211|132.8|132.8
212|132.764|132.764
213|132.755|132.755
214|132.751|132.751
215|132.748|132.748
216|132.748|132.748
217|109.952|109.952
218|107.814|107.814
219|107.654|107.654
220|107.633|107.633
221|107.633|107.633
222|100.995|100.995
223|95.4973|95.4973
224|83.0009|83.0009
225|80.6719|80.6719
226|80.4114|80.4114
227|80.4093|80.4093
228|80.4089|80.4089
229|80.4089|80.4089
230|80.4089|80.4089
231|80.4089|80.4089
232|80.4089|80.4089
233|80.4089|80.4089
234|80.4089|80.4089
235|80.4089|80.4089
236|80.4089|80.4089
237|80.4089|80.4089
238|80.4089|80.4089
239|80.4089|80.4089
240|80.4089|80.4089
241|80.4089|80.4089
242|80.4089|80.4089
243|80.4089|80.4089
244|80.4089|80.4089
245|80.4089|80.4089
246|80.4089|80.4089
247|80.4089|80.4089
248|80.4089|80.4089
249|80.4089|80.4089
250|80.4089|80.4089
251|80.4089|80.4089
252|80.4089|80.4089
253|80.4089|80.4089
254|80.4089|80.4089
255|80.4089|80.4089
256|80.4089|80.4089
257|80.4089|80.4089
258|80.4089|80.4089
259|80.4089|80.4089
260|80.4089|80.4089
261|80.4089|80.4089
262|80.4089|80.4089
263|80.4089|80.4089
264|80.4089|80.4089
265|80.4089|80.4089
266|80.4089|80.4089
267|80.4089|80.4089
268|80.4089|80.4089
269|80.4089|80.4089
270|80.4089|80.4089
271|80.4089|80.4089
272|80.4089|80.4089
273|80.4089|80.4089
274|80.4089|80.4089
275|80.4089|80.4089
276|80.4089|80.4089
277|80.4089|80.4089
278|80.4089|80.4089
279|80.4089|80.4089
280|80.4089|80.4089
281|80.4089|80.4089
282|80.4089|80.4089
283|80.4089|80.4089
284|80.4089|80.4089
285|80.4089|80.4089
286|80.4089|80.4089
287|80.4089|80.4089
288|80.4089|80.4089
289|80.4089|80.4089
290|80.4089|80.4089
291|80.4089|80.4089
292|80.4089|80.4089
293|80.4089|80.4089
294|80.4089|80.4089
295|80.4089|80.4089
296|80.4089|80.4089
297|80.4089|80.4089
298|80.4089|80.4089
299|80.4089|80.4089
300|80.4089|80.4089
301|80.4089|80.4089
302|80.4089|80.4089
303|80.4089|80.4089
304|80.4089|80.4089
305|80.4089|80.4089
306|80.4089|80.4089
307|80.4089|80.4089
308|80.4089|80.4089
309|80.4089|80.4089
310|80.4089|80.4089
311|80.4089|80.4089
312|80.4089|80.4089
313|80.4089|80.4089
314|80.4089|80.4089
315|80.4089|80.4089
316|80.4089|80.4089
317|80.4089|80.4089
318|80.4089|80.4089
319|80.4089|80.4089
320|80.4089|80.4089
321|80.4089|80.4089
322|80.4089|80.4089
323|80.4089|80.4089
324|80.4089|80.4089
325|80.4089|80.4089
326|80.4089|80.4089
327|80.4089|80.4089
328|80.4089|80.4089
329|80.4089|80.4089
330|80.4089|80.4089
331|80.4089|80.4089
332|80.4089|80.4089
333|80.4089|80.4089
334|80.4089|80.4089
335|80.4089|80.4089
336|80.4089|80.4089
337|80.4089|80.4089
338|80.4089|80.4089
339|80.4089|80.4089
340|80.4089|80.4089
341|80.4089|80.4089
342|80.4089|80.4089
343|80.4089|80.4089
344|80.4089|80.4089
345|80.4089|80.4089
346|80.4089|80.4089
347|80.4089|80.4089
348|80.4089|80.4089
349|80.4089|80.4089
350|80.4089|80.4089
351|80.4089|80.4089
352|80.4089|80.4089
353|80.4089|80.4089
354|80.4089|80.4089
355|80.4089|80.4089
356|80.4089|80.4089
357|80.4089|80.4089
358|80.4089|80.4089
359|80.4089|80.4089
360|80.4089|80.4089
361|80.4089|80.4089
362|80.4089|80.4089
363|80.4089|80.4089
364|80.4089|80.4089
365|80.4089|80.4089
366|80.4089|80.4089
367|80.4089|80.4089
368|80.4089|80.4089
369|80.4089|80.4089
370|80.4089|80.4089
371|80.4089|80.4089
372|80.4089|80.4089
373|80.4089|80.4089
374|80.4089|80.4089
375|80.4089|80.4089
376|80.4089|80.4089
377|80.4089|80.4089
378|80.4089|80.4089
379|80.4089|80.4089
EARLY STOP: TARGET FOUND
3014271ms
