1|-256.592|-256.592
2|-529.418|-529.418
3|-598.476|-598.476
4|-602.931|-602.931
5|-603.443|-603.443
6|-603.609|-603.609
7|-603.641|-603.641
8|-603.656|-603.656
9|-603.657|-603.657
10|-603.658|-603.658
11|-603.658|-603.658
12|-603.658|-603.658
13|-713.62|-713.62
14|-844.386|-844.386
15|-863.33|-863.33
16|-867.513|-867.513
17|-868.524|-868.524
18|-868.649|-868.649
19|-868.711|-868.711
20|-868.719|-868.719
21|-868.723|-868.723
22|-868.725|-868.725
23|-868.726|-868.726
24|-868.727|-868.727
25|-1122.91|-1122.91
26|-1158.81|-1158.81
27|-1167.61|-1167.61
28|-1171.98|-1171.98
29|-1172.52|-1172.52
30|-1172.79|-1172.79
31|-1172.83|-1172.83
32|-1172.83|-1172.83
33|-1172.84|-1172.84
34|-1172.84|-1172.84
35|-1172.84|-1172.84
36|-1172.84|-1172.84
37|-1172.84|-1172.84
38|-1181.43|-1181.43
39|-1182.44|-1182.44
40|-1182.56|-1182.56
41|-1182.6|-1182.6
42|-1182.6|-1182.6
43|-1182.61|-1182.61
44|-1182.61|-1182.61
45|-1182.61|-1182.61
46|-1312.87|-1312.87
47|-1363.87|-1363.87
48|-1630.74|-1630.74
49|-1711.9|-1711.9
50|-1788.41|-1788.41
51|-1791.87|-1791.87
52|-1792.03|-1792.03
53|-1792.06|-1792.06
54|-1792.07|-1792.07
55|-1792.07|-1792.07
56|-1792.07|-1792.07
57|-1792.07|-1792.07
58|-1792.07|-1792.07
59|-1792.07|-1792.07
60|-1792.07|-1792.07
61|-1792.07|-1792.07
62|-1792.07|-1792.07
63|-1792.07|-1792.07
64|-1792.07|-1792.07
65|-1792.07|-1792.07
66|-1792.07|-1792.07
67|-1792.07|-1792.07
68|-1792.07|-1792.07
69|-1792.07|-1792.07
70|-1792.07|-1792.07
71|-1792.07|-1792.07
72|-1792.07|-1792.07
73|-1792.07|-1792.07
74|-1792.07|-1792.07
75|-1792.07|-1792.07
76|-1792.07|-1792.07
77|-1792.07|-1792.07
78|-1792.07|-1792.07
79|-1792.07|-1792.07
80|-1792.07|-1792.07
81|-1792.07|-1792.07
82|-1792.07|-1792.07
83|-1792.07|-1792.07
84|-1792.07|-1792.07
85|-1792.07|-1792.07
86|-1792.07|-1792.07
87|-1792.07|-1792.07
88|-1792.07|-1792.07
89|-1792.07|-1792.07
90|-1792.07|-1792.07
91|-1792.07|-1792.07
92|-1792.07|-1792.07
93|-1792.07|-1792.07
94|-1792.07|-1792.07
95|-1792.07|-1792.07
96|-1792.07|-1792.07
97|-1792.07|-1792.07
98|-1792.07|-1792.07
99|-1792.07|-1792.07
100|-1792.07|-1792.07
101|-1792.07|-1792.07
102|-1792.07|-1792.07
103|-1792.07|-1792.07
104|-1792.07|-1792.07
105|-1792.07|-1792.07
106|-1792.07|-1792.07
107|-1792.07|-1792.07
108|-1792.07|-1792.07
109|-1792.07|-1792.07
110|-1792.07|-1792.07
111|-1792.07|-1792.07
112|-1792.07|-1792.07
113|-1792.07|-1792.07
114|-1792.07|-1792.07
115|-1792.07|-1792.07
116|-1792.07|-1792.07
117|-1792.07|-1792.07
118|-1792.07|-1792.07
119|-1792.07|-1792.07
120|-1792.07|-1792.07
121|-1792.07|-1792.07
122|-1792.07|-1792.07
123|-1792.07|-1792.07
124|-1792.07|-1792.07
125|-1792.07|-1792.07
126|-1792.07|-1792.07
127|-1792.07|-1792.07
128|-1792.07|-1792.07
129|-1792.07|-1792.07
130|-1792.07|-1792.07
131|-1792.07|-1792.07
132|-1792.07|-1792.07
133|-1792.07|-1792.07
134|-1792.07|-1792.07
135|-1792.07|-1792.07
136|-1792.07|-1792.07
137|-1792.07|-1792.07
138|-1792.07|-1792.07
139|-1792.07|-1792.07
140|-1792.07|-1792.07
141|-1792.07|-1792.07
142|-1792.07|-1792.07
143|-1792.07|-1792.07
144|-1792.07|-1792.07
145|-1792.07|-1792.07
146|-1792.07|-1792.07
147|-1792.07|-1792.07
148|-1792.07|-1792.07
149|-1792.07|-1792.07
150|-1792.07|-1792.07
151|-1792.07|-1792.07
152|-1792.07|-1792.07
153|-1792.07|-1792.07
154|-1792.07|-1792.07
155|-1792.07|-1792.07
156|-1792.07|-1792.07
157|-1792.07|-1792.07
158|-1792.07|-1792.07
159|-1792.07|-1792.07
160|-1792.07|-1792.07
161|-1792.07|-1792.07
162|-1792.07|-1792.07
163|-1792.07|-1792.07
164|-1792.07|-1792.07
165|-1792.07|-1792.07
166|-1792.07|-1792.07
167|-1792.07|-1792.07
168|-1792.07|-1792.07
169|-1792.07|-1792.07
170|-1792.07|-1792.07
171|-1792.07|-1792.07
172|-1792.07|-1792.07
173|-1792.07|-1792.07
174|-1792.07|-1792.07
175|-1792.07|-1792.07
176|-1792.07|-1792.07
177|-1792.07|-1792.07
178|-1792.07|-1792.07
179|-1792.07|-1792.07
180|-1792.07|-1792.07
181|-1792.07|-1792.07
182|-1792.07|-1792.07
183|-1792.07|-1792.07
184|-1792.07|-1792.07
185|-1792.07|-1792.07
186|-1792.07|-1792.07
187|-1792.07|-1792.07
188|-1792.07|-1792.07
189|-1792.07|-1792.07
190|-1792.07|-1792.07
191|-1792.07|-1792.07
192|-1792.07|-1792.07
193|-1792.07|-1792.07
194|-1792.07|-1792.07
195|-1792.07|-1792.07
196|-1792.07|-1792.07
197|-1792.07|-1792.07
198|-1792.07|-1792.07
199|-1792.07|-1792.07
200|-1792.07|-1792.07
201|-1792.07|-1792.07
202|-1792.07|-1792.07
203|-1792.07|-1792.07
204|-1792.07|-1792.07
205|-1792.07|-1792.07
206|-1792.07|-1792.07
EARLY STOP: TARGET FOUND
98462ms
