1|-4.67147|-4.67147
2|-5.06339|-5.06339
3|-5.18087|-5.18087
4|-5.22698|-5.22698
5|-5.23624|-5.23624
6|-5.2405|-5.2405
7|-5.24153|-5.24153
8|-5.24203|-5.24203
9|-5.2421|-5.2421
10|-5.24213|-5.24213
11|-5.37546|-5.37546
12|-6.23831|-6.23831
13|-6.24161|-6.24161
14|-6.24212|-6.24212
15|-6.24213|-6.24213
16|-6.46374|-6.46374
17|-6.46374|-6.46374
18|-6.53317|-6.53317
19|-6.54212|-6.54212
20|-6.54661|-6.54661
21|-6.54886|-6.54886
22|-6.54998|-6.54998
23|-6.55055|-6.55055
24|-6.55069|-6.55069
25|-6.55081|-6.55081
26|-6.55108|-6.55108
27|-6.55135|-6.55135
28|-6.55137|-6.55137
29|-6.55137|-6.55137
30|-6.55138|-6.55138
31|-6.66366|-6.66366
32|-6.69202|-6.69202
33|-6.69578|-6.69578
34|-6.69715|-6.69715
35|-6.69744|-6.69744
36|-6.69747|-6.69747
37|-6.69748|-6.69748
38|-6.69962|-6.69962
39|-7.09801|-7.09801
40|-7.10522|-7.10522
41|-7.10573|-7.10573
42|-7.10651|-7.10651
43|-7.10653|-7.10653
44|-7.10653|-7.10653
45|-7.10654|-7.10654
46|-7.11116|-7.11116
47|-7.21859|-7.21859
48|-7.68722|-7.68722
49|-7.68899|-7.68899
50|-7.68983|-7.68983
51|-7.68984|-7.68984
52|-7.68987|-7.68987
53|-7.68988|-7.68988
54|-7.68988|-7.68988
55|-8.18916|-8.18916
56|-8.20353|-8.20353
57|-8.22546|-8.22546
58|-8.22549|-8.22549
59|-8.22583|-8.22583
60|-8.22585|-8.22585
61|-8.79939|-8.79939
62|-8.8559|-8.8559
63|-8.89469|-8.89469
64|-8.89503|-8.89503
65|-8.8952|-8.8952
66|-8.89529|-8.89529
67|-8.89531|-8.89531
68|-8.89532|-8.89532
69|-9.14971|-9.14971
70|-9.44718|-9.44718
71|-9.54147|-9.54147
72|-9.54232|-9.54232
73|-9.54251|-9.54251
74|-9.54253|-9.54253
75|-9.54254|-9.54254
76|-9.54254|-9.54254
77|-9.72106|-9.72106
78|-9.73135|-9.73135
79|-9.73144|-9.73144
80|-9.73144|-9.73144
81|-9.73144|-9.73144
82|-9.73145|-9.73145
83|-9.9844|-9.9844
84|-10.4412|-10.4412
85|-10.557|-10.557
86|-10.7178|-10.7178
87|-10.7211|-10.7211
88|-10.7232|-10.7232
89|-10.7235|-10.7235
90|-10.7235|-10.7235
91|-11.1142|-11.1142
92|-11.2516|-11.2516
93|-11.2935|-11.2935
94|-11.3006|-11.3006
95|-11.3007|-11.3007
96|-11.3251|-11.3251
97|-11.3414|-11.3414
98|-11.5655|-11.5655
99|-12.2695|-12.2695
100|-12.2695|-12.2695
101|-12.2695|-12.2695
102|-12.2695|-12.2695
103|-12.697|-12.697
104|-12.7165|-12.7165
105|-12.7217|-12.7217
106|-12.7219|-12.7219
107|-12.8348|-12.8348
108|-13.5328|-13.5328
109|-13.5368|-13.5368
110|-13.5414|-13.5414
111|-13.5414|-13.5414
112|-13.5414|-13.5414
113|-13.5414|-13.5414
114|-13.5648|-13.5648
115|-14.1685|-14.1685
116|-14.4741|-14.4741
117|-14.4742|-14.4742
118|-14.8522|-14.8522
119|-14.935|-14.935
120|-14.9808|-14.9808
121|-14.9815|-14.9815
122|-14.9818|-14.9818
123|-14.982|-14.982
124|-14.9821|-14.9821
125|-15.6984|-15.6984
126|-15.7449|-15.7449
127|-15.8995|-15.8995
128|-15.8999|-15.8999
129|-15.9|-15.9
130|-15.9|-15.9
131|-16.0733|-16.0733
132|-16.1758|-16.1758
133|-16.2061|-16.2061
134|-16.2219|-16.2219
135|-16.2239|-16.2239
136|-16.2244|-16.2244
137|-16.84|-16.84
138|-16.8612|-16.8612
139|-16.8852|-16.8852
140|-16.8855|-16.8855
141|-16.8856|-16.8856
142|-16.8856|-16.8856
143|-17.1739|-17.1739
144|-17.2097|-17.2097
145|-17.2118|-17.2118
146|-17.2126|-17.2126
147|-17.213|-17.213
148|-17.2131|-17.2131
149|-17.2165|-17.2165
150|-17.3623|-17.3623
151|-17.39|-17.39
152|-17.3969|-17.3969
153|-17.3986|-17.3986
154|-17.3995|-17.3995
155|-17.4477|-17.4477
156|-17.4494|-17.4494
157|-17.4503|-17.4503
158|-17.4503|-17.4503
159|-17.4503|-17.4503
160|-17.5139|-17.5139
161|-18.4027|-18.4027
162|-18.4364|-18.4364
163|-18.4389|-18.4389
164|-18.44|-18.44
165|-18.4405|-18.4405
166|-18.4408|-18.4408
167|-18.4408|-18.4408
168|-18.7807|-18.7807
169|-18.8252|-18.8252
170|-18.8283|-18.8283
171|-18.8289|-18.8289
172|-18.829|-18.829
173|-18.829|-18.829
174|-19.2972|-19.2972
175|-19.3451|-19.3451
176|-19.3564|-19.3564
177|-19.3578|-19.3578
178|-19.4842|-19.4842
179|-19.5688|-19.5688
180|-19.6165|-19.6165
181|-19.6173|-19.6173
182|-19.6174|-19.6174
183|-19.903|-19.903
184|-20.078|-20.078
185|-20.1205|-20.1205
186|-20.2071|-20.2071
187|-20.2084|-20.2084
188|-20.2084|-20.2084
189|-20.5738|-20.5738
190|-20.9968|-20.9968
191|-20.9982|-20.9982
192|-20.9982|-20.9982
193|-20.9982|-20.9982
194|-20.9982|-20.9982
195|-20.9982|-20.9982
196|-20.9982|-20.9982
197|-20.9982|-20.9982
198|-20.9982|-20.9982
199|-20.9982|-20.9982
200|-20.9982|-20.9982
201|-20.9982|-20.9982
202|-20.9982|-20.9982
203|-20.9982|-20.9982
204|-20.9982|-20.9982
205|-20.9982|-20.9982
206|-20.9982|-20.9982
207|-20.9982|-20.9982
208|-20.9982|-20.9982
209|-20.9982|-20.9982
210|-20.9982|-20.9982
211|-20.9982|-20.9982
212|-20.9982|-20.9982
213|-20.9982|-20.9982
214|-20.9982|-20.9982
215|-20.9982|-20.9982
216|-20.9982|-20.9982
217|-20.9982|-20.9982
218|-20.9982|-20.9982
219|-20.9982|-20.9982
220|-20.9982|-20.9982
221|-20.9982|-20.9982
222|-20.9982|-20.9982
223|-20.9982|-20.9982
224|-20.9982|-20.9982
225|-20.9982|-20.9982
226|-20.9982|-20.9982
227|-20.9982|-20.9982
228|-20.9982|-20.9982
229|-20.9982|-20.9982
230|-20.9982|-20.9982
231|-20.9982|-20.9982
232|-20.9982|-20.9982
233|-20.9982|-20.9982
234|-20.9982|-20.9982
235|-20.9982|-20.9982
236|-20.9982|-20.9982
237|-20.9982|-20.9982
238|-20.9982|-20.9982
239|-20.9982|-20.9982
240|-20.9982|-20.9982
241|-20.9982|-20.9982
242|-20.9982|-20.9982
243|-20.9982|-20.9982
244|-20.9982|-20.9982
245|-20.9982|-20.9982
246|-20.9982|-20.9982
247|-20.9982|-20.9982
248|-20.9982|-20.9982
249|-20.9982|-20.9982
250|-20.9982|-20.9982
251|-20.9982|-20.9982
252|-20.9982|-20.9982
253|-20.9982|-20.9982
254|-20.9982|-20.9982
255|-20.9982|-20.9982
256|-20.9982|-20.9982
257|-20.9982|-20.9982
258|-20.9982|-20.9982
259|-20.9982|-20.9982
260|-20.9982|-20.9982
261|-20.9982|-20.9982
262|-20.9982|-20.9982
263|-20.9982|-20.9982
264|-20.9982|-20.9982
265|-20.9982|-20.9982
266|-20.9982|-20.9982
267|-20.9982|-20.9982
268|-20.9982|-20.9982
269|-20.9982|-20.9982
270|-20.9982|-20.9982
271|-20.9982|-20.9982
272|-20.9982|-20.9982
273|-20.9982|-20.9982
274|-20.9982|-20.9982
275|-20.9982|-20.9982
276|-20.9982|-20.9982
277|-20.9982|-20.9982
278|-20.9982|-20.9982
279|-20.9982|-20.9982
280|-20.9982|-20.9982
281|-20.9982|-20.9982
282|-20.9982|-20.9982
283|-20.9982|-20.9982
284|-20.9982|-20.9982
285|-20.9982|-20.9982
286|-20.9982|-20.9982
287|-20.9982|-20.9982
288|-20.9982|-20.9982
289|-20.9982|-20.9982
290|-20.9982|-20.9982
291|-20.9982|-20.9982
292|-20.9982|-20.9982
293|-20.9982|-20.9982
294|-20.9982|-20.9982
295|-20.9982|-20.9982
296|-20.9982|-20.9982
297|-20.9982|-20.9982
298|-20.9982|-20.9982
299|-20.9982|-20.9982
300|-20.9982|-20.9982
301|-20.9982|-20.9982
302|-20.9982|-20.9982
303|-20.9982|-20.9982
304|-20.9982|-20.9982
305|-20.9982|-20.9982
306|-20.9982|-20.9982
307|-20.9982|-20.9982
308|-20.9982|-20.9982
309|-20.9982|-20.9982
310|-20.9982|-20.9982
311|-20.9982|-20.9982
312|-20.9982|-20.9982
313|-20.9982|-20.9982
314|-20.9982|-20.9982
315|-20.9982|-20.9982
316|-20.9982|-20.9982
317|-20.9982|-20.9982
318|-20.9982|-20.9982
319|-20.9982|-20.9982
320|-20.9982|-20.9982
321|-20.9982|-20.9982
322|-20.9982|-20.9982
323|-20.9982|-20.9982
324|-20.9982|-20.9982
325|-20.9982|-20.9982
326|-20.9982|-20.9982
327|-20.9982|-20.9982
328|-20.9982|-20.9982
329|-20.9982|-20.9982
330|-20.9982|-20.9982
331|-20.9982|-20.9982
332|-20.9982|-20.9982
333|-20.9982|-20.9982
334|-20.9982|-20.9982
335|-20.9982|-20.9982
336|-20.9982|-20.9982
337|-20.9982|-20.9982
338|-20.9982|-20.9982
339|-20.9982|-20.9982
340|-20.9982|-20.9982
341|-20.9982|-20.9982
342|-20.9982|-20.9982
343|-20.9982|-20.9982
344|-20.9982|-20.9982
EARLY STOP: TARGET FOUND
2730950ms
