1|-1.09863|-1.09863
2|-1.5901|-1.5901
3|-1.61337|-1.61337
4|-1.61416|-1.61416
5|-1.6142|-1.6142
6|-1.61422|-1.61422
7|-1.61423|-1.61423
8|-1.61423|-1.61423
9|-2.5582|-2.5582
10|-2.6068|-2.6068
11|-2.61416|-2.61416
12|-2.61422|-2.61422
13|-2.61423|-2.61423
14|-2.61423|-2.61423
15|-2.99417|-2.99417
16|-3.27317|-3.27317
17|-3.54935|-3.54935
18|-3.56629|-3.56629
19|-3.56664|-3.56664
20|-3.56756|-3.56756
21|-3.56791|-3.56791
22|-3.56792|-3.56792
23|-3.56792|-3.56792
24|-3.64165|-3.64165
25|-3.64771|-3.64771
26|-3.65553|-3.65553
27|-3.65564|-3.65564
28|-3.65574|-3.65574
29|-3.65576|-3.65576
30|-3.65576|-3.65576
31|-3.65576|-3.65576
32|-3.65576|-3.65576
33|-3.66334|-3.66334
34|-3.86629|-3.86629
35|-4.04261|-4.04261
36|-4.40441|-4.40441
37|-4.45107|-4.45107
38|-4.45165|-4.45165
39|-4.45168|-4.45168
40|-4.45168|-4.45168
41|-4.45168|-4.45168
42|-4.45168|-4.45168
43|-4.45168|-4.45168
44|-4.45168|-4.45168
45|-4.45168|-4.45168
46|-4.45168|-4.45168
47|-4.45168|-4.45168
48|-4.45168|-4.45168
49|-4.45168|-4.45168
50|-4.45168|-4.45168
51|-4.45168|-4.45168
52|-4.45168|-4.45168
53|-4.45168|-4.45168
54|-4.45168|-4.45168
55|-4.45168|-4.45168
56|-4.45168|-4.45168
57|-4.45168|-4.45168
58|-4.45168|-4.45168
59|-4.45168|-4.45168
60|-4.45168|-4.45168
61|-4.45168|-4.45168
62|-4.45168|-4.45168
63|-4.45168|-4.45168
64|-4.45168|-4.45168
65|-4.45168|-4.45168
66|-4.45168|-4.45168
67|-4.45168|-4.45168
68|-4.45168|-4.45168
69|-4.45168|-4.45168
70|-4.45168|-4.45168
71|-4.45168|-4.45168
72|-4.45168|-4.45168
73|-4.45168|-4.45168
74|-4.45168|-4.45168
75|-4.45168|-4.45168
76|-4.45168|-4.45168
77|-4.45168|-4.45168
78|-4.45168|-4.45168
79|-4.45168|-4.45168
80|-4.45168|-4.45168
81|-4.45168|-4.45168
82|-4.45168|-4.45168
83|-4.45168|-4.45168
84|-4.45168|-4.45168
85|-4.45168|-4.45168
86|-4.45168|-4.45168
87|-4.45168|-4.45168
88|-4.45168|-4.45168
89|-4.45168|-4.45168
90|-4.45168|-4.45168
91|-4.45168|-4.45168
92|-4.45168|-4.45168
93|-4.45168|-4.45168
94|-4.45168|-4.45168
95|-4.45168|-4.45168
96|-4.45168|-4.45168
97|-4.45168|-4.45168
98|-4.45168|-4.45168
99|-4.45168|-4.45168
100|-4.45168|-4.45168
101|-4.45168|-4.45168
102|-4.45168|-4.45168
103|-4.45168|-4.45168
104|-4.45168|-4.45168
105|-4.45168|-4.45168
106|-4.45168|-4.45168
107|-4.45168|-4.45168
108|-4.45168|-4.45168
109|-4.45168|-4.45168
110|-4.45168|-4.45168
111|-4.45168|-4.45168
112|-4.45168|-4.45168
113|-4.45168|-4.45168
114|-4.45168|-4.45168
115|-4.45168|-4.45168
116|-4.45168|-4.45168
117|-4.45168|-4.45168
118|-4.45168|-4.45168
119|-4.45168|-4.45168
120|-4.45168|-4.45168
121|-4.45168|-4.45168
122|-4.45168|-4.45168
123|-4.45168|-4.45168
124|-4.45168|-4.45168
125|-4.45168|-4.45168
126|-4.45168|-4.45168
127|-4.45168|-4.45168
128|-4.45168|-4.45168
129|-4.45168|-4.45168
130|-4.45168|-4.45168
131|-4.45168|-4.45168
132|-4.45168|-4.45168
133|-4.45168|-4.45168
134|-4.45168|-4.45168
135|-4.45168|-4.45168
136|-4.45168|-4.45168
137|-4.45168|-4.45168
138|-4.45168|-4.45168
139|-4.45168|-4.45168
140|-4.45168|-4.45168
141|-4.45168|-4.45168
142|-4.45168|-4.45168
143|-4.45168|-4.45168
144|-4.45168|-4.45168
145|-4.45168|-4.45168
146|-4.45168|-4.45168
147|-4.45168|-4.45168
148|-4.45168|-4.45168
149|-4.45168|-4.45168
150|-4.45168|-4.45168
151|-4.45168|-4.45168
152|-4.45168|-4.45168
153|-4.45168|-4.45168
154|-4.45168|-4.45168
155|-4.45168|-4.45168
156|-4.45168|-4.45168
157|-4.45168|-4.45168
158|-4.45168|-4.45168
159|-4.45168|-4.45168
160|-4.45168|-4.45168
161|-4.45168|-4.45168
162|-4.45168|-4.45168
163|-4.45168|-4.45168
164|-4.45168|-4.45168
165|-4.45168|-4.45168
166|-4.45168|-4.45168
167|-4.45168|-4.45168
168|-4.45168|-4.45168
169|-4.45168|-4.45168
170|-4.45168|-4.45168
171|-4.45168|-4.45168
172|-4.45168|-4.45168
173|-4.45168|-4.45168
174|-4.45168|-4.45168
175|-4.45168|-4.45168
176|-4.45168|-4.45168
177|-4.45168|-4.45168
178|-4.45168|-4.45168
179|-4.45168|-4.45168
180|-4.45168|-4.45168
181|-4.45168|-4.45168
182|-4.45168|-4.45168
183|-4.45168|-4.45168
184|-4.45168|-4.45168
185|-4.45168|-4.45168
186|-4.45168|-4.45168
187|-4.45168|-4.45168
188|-4.45168|-4.45168
189|-4.45168|-4.45168
190|-4.45168|-4.45168
191|-4.45168|-4.45168
EARLY STOP: TARGET FOUND
66099ms
