1|-0.707294|-0.707294
2|-0.787474|-0.787474
3|-0.828475|-0.828475
4|-0.833604|-0.833604
5|-0.834886|-0.834886
6|-0.835206|-0.835206
7|-0.835246|-0.835246
8|-0.980666|-0.980666
9|-0.997709|-0.997709
10|-1.00822|-1.00822
11|-1.01032|-1.01032
12|-1.01129|-1.01129
13|-1.01175|-1.01175
14|-1.01198|-1.01198
15|-1.01209|-1.01209
16|-1.01215|-1.01215
17|-1.01216|-1.01216
18|-1.18618|-1.18618
19|-1.31138|-1.31138
20|-1.38141|-1.38141
21|-1.3859|-1.3859
22|-1.38816|-1.38816
23|-1.38823|-1.38823
24|-1.38826|-1.38826
25|-1.40088|-1.40088
26|-1.55503|-1.55503
27|-1.57443|-1.57443
28|-1.57832|-1.57832
29|-1.57855|-1.57855
30|-1.57866|-1.57866
31|-1.57869|-1.57869
32|-1.57872|-1.57872
33|-1.57899|-1.57899
34|-2.51811|-2.51811
35|-2.55323|-2.55323
36|-2.56299|-2.56299
37|-2.56459|-2.56459
38|-2.56525|-2.56525
39|-2.56555|-2.56555
40|-2.5657|-2.5657
41|-2.56576|-2.56576
42|-2.56576|-2.56576
43|-2.56576|-2.56576
44|-2.56576|-2.56576
45|-2.56576|-2.56576
46|-2.56576|-2.56576
47|-2.56576|-2.56576
48|-2.56576|-2.56576
49|-2.56576|-2.56576
50|-2.56576|-2.56576
51|-2.56576|-2.56576
52|-2.56576|-2.56576
53|-2.56576|-2.56576
54|-2.56576|-2.56576
55|-2.56576|-2.56576
56|-2.56576|-2.56576
57|-2.56576|-2.56576
58|-2.56576|-2.56576
59|-2.56576|-2.56576
60|-2.56576|-2.56576
61|-2.56576|-2.56576
62|-2.56576|-2.56576
63|-2.56576|-2.56576
64|-2.56576|-2.56576
65|-2.56576|-2.56576
66|-2.56576|-2.56576
67|-2.56576|-2.56576
68|-2.56576|-2.56576
69|-2.56576|-2.56576
70|-2.56576|-2.56576
71|-2.56576|-2.56576
72|-2.56576|-2.56576
73|-2.56576|-2.56576
74|-2.56576|-2.56576
75|-2.56576|-2.56576
76|-2.56576|-2.56576
77|-2.56576|-2.56576
78|-2.56576|-2.56576
79|-2.56576|-2.56576
80|-2.56576|-2.56576
81|-2.56576|-2.56576
82|-2.56576|-2.56576
83|-2.56576|-2.56576
84|-2.56576|-2.56576
85|-2.56576|-2.56576
86|-2.56576|-2.56576
87|-2.56576|-2.56576
88|-2.56576|-2.56576
89|-2.56576|-2.56576
90|-2.56576|-2.56576
91|-2.56576|-2.56576
92|-2.56576|-2.56576
93|-2.56576|-2.56576
94|-2.56576|-2.56576
95|-2.56576|-2.56576
96|-2.56576|-2.56576
97|-2.56576|-2.56576
98|-2.56576|-2.56576
99|-2.56576|-2.56576
100|-2.56576|-2.56576
101|-2.56576|-2.56576
102|-2.56576|-2.56576
103|-2.56576|-2.56576
104|-2.56576|-2.56576
105|-2.56576|-2.56576
106|-2.56576|-2.56576
107|-2.56576|-2.56576
108|-2.56576|-2.56576
109|-2.56576|-2.56576
110|-2.56576|-2.56576
111|-2.56576|-2.56576
112|-2.56576|-2.56576
113|-2.56576|-2.56576
114|-2.56576|-2.56576
115|-2.56576|-2.56576
116|-2.56576|-2.56576
117|-2.56576|-2.56576
118|-2.56576|-2.56576
119|-2.56576|-2.56576
120|-2.56576|-2.56576
121|-2.56576|-2.56576
122|-2.56576|-2.56576
123|-2.56576|-2.56576
124|-2.56576|-2.56576
125|-2.56576|-2.56576
126|-2.56576|-2.56576
127|-2.56576|-2.56576
128|-2.56576|-2.56576
129|-2.56576|-2.56576
130|-2.56576|-2.56576
131|-2.56576|-2.56576
132|-2.56576|-2.56576
133|-2.56576|-2.56576
134|-2.56576|-2.56576
135|-2.56576|-2.56576
136|-2.56576|-2.56576
137|-2.56576|-2.56576
138|-2.56576|-2.56576
139|-2.56576|-2.56576
140|-2.56576|-2.56576
141|-2.56576|-2.56576
142|-2.56576|-2.56576
143|-2.56576|-2.56576
144|-2.56576|-2.56576
145|-2.56576|-2.56576
146|-2.56576|-2.56576
147|-2.56576|-2.56576
148|-2.56576|-2.56576
149|-2.56576|-2.56576
150|-2.56576|-2.56576
151|-2.56576|-2.56576
152|-2.56576|-2.56576
153|-2.56576|-2.56576
154|-2.56576|-2.56576
155|-2.56576|-2.56576
156|-2.56576|-2.56576
157|-2.56576|-2.56576
158|-2.56576|-2.56576
159|-2.56576|-2.56576
160|-2.56576|-2.56576
161|-2.56576|-2.56576
162|-2.56576|-2.56576
163|-2.56576|-2.56576
164|-2.56576|-2.56576
165|-2.56576|-2.56576
166|-2.56576|-2.56576
167|-2.56576|-2.56576
168|-2.56576|-2.56576
169|-2.56576|-2.56576
170|-2.56576|-2.56576
171|-2.56576|-2.56576
172|-2.56576|-2.56576
173|-2.56576|-2.56576
174|-2.56576|-2.56576
175|-2.56576|-2.56576
176|-2.56576|-2.56576
177|-2.56576|-2.56576
178|-2.56576|-2.56576
179|-2.56576|-2.56576
180|-2.56576|-2.56576
181|-2.56576|-2.56576
182|-2.56576|-2.56576
183|-2.56576|-2.56576
184|-2.56576|-2.56576
185|-2.56576|-2.56576
186|-2.56576|-2.56576
187|-2.56576|-2.56576
188|-2.56576|-2.56576
189|-2.56576|-2.56576
190|-2.56576|-2.56576
191|-2.56576|-2.56576
EARLY STOP: TARGET FOUND
66428ms
