1|-1.97146|-1.97146
2|-2.1335|-2.1335
3|-2.18162|-2.18162
4|-2.19601|-2.19601
5|-2.19845|-2.19845
6|-2.19887|-2.19887
7|-2.19904|-2.19904
8|-2.19913|-2.19913
9|-2.19917|-2.19917
10|-2.19919|-2.19919
11|-2.19919|-2.19919
12|-2.1992|-2.1992
13|-2.1992|-2.1992
14|-2.64506|-2.64506
15|-3.10937|-3.10937
16|-3.17577|-3.17577
17|-3.19333|-3.19333
18|-3.19776|-3.19776
19|-3.19886|-3.19886
20|-3.19912|-3.19912
21|-3.19919|-3.19919
22|-3.1992|-3.1992
23|-3.1992|-3.1992
24|-3.5601|-3.5601
25|-3.87801|-3.87801
26|-4.12807|-4.12807
27|-4.1541|-4.1541
28|-4.1542|-4.1542
29|-4.1547|-4.1547
30|-4.1547|-4.1547
31|-5.01619|-5.01619
32|-5.05107|-5.05107
33|-5.05134|-5.05134
34|-5.0514|-5.0514
35|-5.0514|-5.0514
36|-5.17321|-5.17321
37|-5.17321|-5.17321
38|-5.55636|-5.55636
39|-6.03808|-6.03808
40|-6.03838|-6.03838
41|-6.03845|-6.03845
42|-6.03846|-6.03846
43|-6.03847|-6.03847
44|-6.31624|-6.31624
45|-6.38361|-6.38361
46|-6.38961|-6.38961
47|-6.39102|-6.39102
48|-6.39137|-6.39137
49|-6.39154|-6.39154
50|-6.39154|-6.39154
51|-7.25251|-7.25251
52|-7.25316|-7.25316
53|-7.25349|-7.25349
54|-7.25365|-7.25365
55|-7.25375|-7.25375
56|-7.2854|-7.2854
57|-7.33533|-7.33533
58|-7.36653|-7.36653
59|-8.02712|-8.02712
60|-8.12464|-8.12464
61|-8.12627|-8.12627
62|-8.12707|-8.12707
63|-8.12723|-8.12723
64|-8.1273|-8.1273
65|-8.12733|-8.12733
66|-8.27137|-8.27137
67|-8.29058|-8.29058
68|-8.55907|-8.55907
69|-8.56255|-8.56255
70|-8.56255|-8.56255
71|-8.56255|-8.56255
72|-8.56255|-8.56255
73|-8.56255|-8.56255
74|-8.56255|-8.56255
75|-8.56255|-8.56255
76|-8.56255|-8.56255
77|-8.56255|-8.56255
78|-8.56255|-8.56255
79|-8.56255|-8.56255
80|-8.56255|-8.56255
81|-8.56255|-8.56255
82|-8.56255|-8.56255
83|-8.56255|-8.56255
84|-8.56255|-8.56255
85|-8.56255|-8.56255
86|-8.56255|-8.56255
87|-8.56255|-8.56255
88|-8.56255|-8.56255
89|-8.56255|-8.56255
90|-8.56255|-8.56255
91|-8.56255|-8.56255
92|-8.56255|-8.56255
93|-8.56255|-8.56255
94|-8.56255|-8.56255
95|-8.56255|-8.56255
96|-8.56255|-8.56255
97|-8.56255|-8.56255
98|-8.56255|-8.56255
99|-8.56255|-8.56255
100|-8.56255|-8.56255
101|-8.56255|-8.56255
102|-8.56255|-8.56255
103|-8.56255|-8.56255
104|-8.56255|-8.56255
105|-8.56255|-8.56255
106|-8.56255|-8.56255
107|-8.56255|-8.56255
108|-8.56255|-8.56255
109|-8.56255|-8.56255
110|-8.56255|-8.56255
111|-8.56255|-8.56255
112|-8.56255|-8.56255
113|-8.56255|-8.56255
114|-8.56255|-8.56255
115|-8.56255|-8.56255
116|-8.56255|-8.56255
117|-8.56255|-8.56255
118|-8.56255|-8.56255
119|-8.56255|-8.56255
120|-8.56255|-8.56255
121|-8.56255|-8.56255
122|-8.56255|-8.56255
123|-8.56255|-8.56255
124|-8.56255|-8.56255
125|-8.56255|-8.56255
126|-8.56255|-8.56255
127|-8.56255|-8.56255
128|-8.56255|-8.56255
129|-8.56255|-8.56255
130|-8.56255|-8.56255
131|-8.56255|-8.56255
132|-8.56255|-8.56255
133|-8.56255|-8.56255
134|-8.56255|-8.56255
135|-8.56255|-8.56255
136|-8.56255|-8.56255
137|-8.56255|-8.56255
138|-8.56255|-8.56255
139|-8.56255|-8.56255
140|-8.56255|-8.56255
141|-8.56255|-8.56255
142|-8.56255|-8.56255
143|-8.56255|-8.56255
144|-8.56255|-8.56255
145|-8.56255|-8.56255
146|-8.56255|-8.56255
147|-8.56255|-8.56255
148|-8.56255|-8.56255
149|-8.56255|-8.56255
150|-8.56255|-8.56255
151|-8.56255|-8.56255
152|-8.56255|-8.56255
153|-8.56255|-8.56255
154|-8.56255|-8.56255
155|-8.56255|-8.56255
156|-8.56255|-8.56255
157|-8.56255|-8.56255
158|-8.56255|-8.56255
159|-8.56255|-8.56255
160|-8.56255|-8.56255
161|-8.56255|-8.56255
162|-8.56255|-8.56255
163|-8.56255|-8.56255
164|-8.56255|-8.56255
165|-8.56255|-8.56255
166|-8.56255|-8.56255
167|-8.56255|-8.56255
168|-8.56255|-8.56255
169|-8.56255|-8.56255
170|-8.56255|-8.56255
171|-8.56255|-8.56255
172|-8.56255|-8.56255
173|-8.56255|-8.56255
174|-8.56255|-8.56255
175|-8.56255|-8.56255
176|-8.56255|-8.56255
177|-8.56255|-8.56255
178|-8.56255|-8.56255
179|-8.56255|-8.56255
180|-8.56255|-8.56255
181|-8.56255|-8.56255
182|-8.56255|-8.56255
183|-8.56255|-8.56255
184|-8.56255|-8.56255
185|-8.56255|-8.56255
186|-8.56255|-8.56255
187|-8.56255|-8.56255
188|-8.56255|-8.56255
189|-8.56255|-8.56255
190|-8.56255|-8.56255
191|-8.56255|-8.56255
192|-8.56255|-8.56255
193|-8.56255|-8.56255
194|-8.56255|-8.56255
195|-8.56255|-8.56255
196|-8.56255|-8.56255
197|-8.56255|-8.56255
198|-8.56255|-8.56255
199|-8.56255|-8.56255
200|-8.56255|-8.56255
201|-8.56255|-8.56255
202|-8.56255|-8.56255
203|-8.56255|-8.56255
204|-8.56255|-8.56255
205|-8.56255|-8.56255
206|-8.56255|-8.56255
207|-8.56255|-8.56255
208|-8.56255|-8.56255
209|-8.56255|-8.56255
210|-8.56255|-8.56255
211|-8.56255|-8.56255
212|-8.56255|-8.56255
213|-8.56255|-8.56255
214|-8.56255|-8.56255
215|-8.56255|-8.56255
216|-8.56255|-8.56255
217|-8.56255|-8.56255
218|-8.56255|-8.56255
219|-8.56255|-8.56255
EARLY STOP: TARGET FOUND
250122ms
