1|209.277|209.277
2|209.245|209.245
3|209.245|209.245
4|209.245|209.245
5|209.245|209.245
6|209.043|209.043
7|209.043|209.043
8|209.024|209.024
9|209.02|209.02
10|209.019|209.019
11|209.019|209.019
12|209.019|209.019
13|203.902|203.902
14|200.266|200.266
15|199.677|199.677
16|199.661|199.661
17|199.658|199.658
18|199.657|199.657
19|197.684|197.684
20|197.669|197.669
21|197.667|197.667
22|197.666|197.666
23|190.695|190.695
24|187.522|187.522
25|187.241|187.241
26|187.178|187.178
27|187.165|187.165
28|187.164|187.164
29|187.163|187.163
30|187.163|187.163
31|187.163|187.163
32|166.834|166.834
33|166.569|166.569
34|166.513|166.513
35|166.513|166.513
36|166.504|166.504
37|166.504|166.504
38|166.504|166.504
39|161.615|161.615
40|160.399|160.399
41|160.098|160.098
42|160.025|160.025
43|160.025|160.025
44|160.007|160.007
45|160.007|160.007
46|160.003|160.003
47|160.002|160.002
48|160.002|160.002
49|160.002|160.002
50|151.405|151.405
51|148.639|148.639
52|148.459|148.459
53|148.446|148.446
54|148.445|148.445
55|140.723|140.723
56|140.723|140.723
57|137.738|137.738
58|137.504|137.504
59|137.464|137.464
60|137.461|137.461
61|137.461|137.461
62|137.461|137.461
63|132.98|132.98
64|131.968|131.968
65|131.77|131.77
66|131.752|131.752
67|131.748|131.748
68|131.747|131.747
69|131.747|131.747
70|131.58|131.58
71|131.57|131.57
72|131.57|131.57
73|131.403|131.403
74|131.393|131.393
75|131.393|131.393
76|128.636|128.636
77|128.459|128.459
78|128.447|128.447
79|128.446|128.446
80|128.446|128.446
81|128.446|128.446
82|128.446|128.446
83|126.112|126.112
84|126.112|126.112
85|126.05|126.05
86|126.039|126.039
87|126.039|126.039
88|126.038|126.038
89|126.038|126.038
90|126.038|126.038
91|120.005|120.005
92|116.598|116.598
93|116.123|116.123
94|116.121|116.121
95|116.121|116.121
96|110.116|110.116
97|106.702|106.702
98|106.224|106.224
99|106.221|106.221
100|106.221|106.221
101|106.221|106.221
102|106.221|106.221
103|100.851|100.851
104|97.278|97.278
105|97.278|97.278
106|96.7205|96.7205
107|96.7084|96.7084
108|96.7073|96.7073
109|96.7071|96.7071
110|96.7071|96.7071
111|95.5976|95.5976
112|95.3501|95.3501
113|95.3031|95.3031
114|95.2994|95.2994
115|95.2987|95.2987
116|95.2987|95.2987
117|95.2986|95.2986
118|95.2959|95.2959
119|95.2959|95.2959
120|95.2957|95.2957
121|95.2957|95.2957
122|94.8596|94.8596
123|90.0534|90.0534
124|90.0534|90.0534
125|88.8791|88.8791
126|88.5992|88.5992
127|88.536|88.536
128|88.5236|88.5236
129|88.5225|88.5225
130|88.5223|88.5223
131|88.5222|88.5222
132|87.2947|87.2947
133|86.9882|86.9882
134|86.9882|86.9882
135|86.9117|86.9117
136|86.8926|86.8926
137|86.8879|86.8879
138|86.8868|86.8868
139|86.8865|86.8865
140|86.8864|86.8864
141|86.8864|86.8864
142|61.2321|61.2321
143|61.2321|61.2321
144|61.2293|61.2293
145|61.2293|61.2293
146|61.2291|61.2291
147|61.2291|61.2291
148|61.2291|61.2291
149|61.2291|61.2291
150|61.2291|61.2291
151|60.7211|60.7211
152|60.7211|60.7211
153|55.9329|55.9329
154|55.9329|55.9329
155|54.7676|54.7676
156|54.4921|54.4921
157|54.4312|54.4312
158|54.4312|54.4312
159|54.4199|54.4199
160|54.4191|54.4191
161|54.419|54.419
162|50.8511|50.8511
163|50.2959|50.2959
164|50.2841|50.2841
165|50.2832|50.2832
166|50.283|50.283
167|50.283|50.283
168|50.283|50.283
169|27.4472|27.4472
170|27.3384|27.3384
171|27.3383|27.3383
172|27.3383|27.3383
173|27.3383|27.3383
174|27.3383|27.3383
175|25.4602|25.4602
176|25.4517|25.4517
177|25.4515|25.4515
178|25.4515|25.4515
179|25.4515|25.4515
180|22.6764|22.6764
181|18.455|18.455
182|17.5731|17.5731
183|17.5731|17.5731
184|17.4393|17.4393
185|17.437|17.437
186|17.437|17.437
187|17.4369|17.4369
188|17.4369|17.4369
189|17.4369|17.4369
190|13.7716|13.7716
191|13.7716|13.7716
192|9.77275|9.77275
193|9.0021|9.0021
194|8.93744|8.93744
195|8.92431|8.92431
196|8.92431|8.92431
197|8.92255|8.92255
198|8.92254|8.92254
199|8.92254|8.92254
200|6.31698|6.31698
201|6.31698|6.31698
202|6.31698|6.31698
203|6.31698|6.31698
204|6.17759|6.17759
205|6.17758|6.17758
206|6.17456|6.17456
207|6.17456|6.17456
208|6.1743|6.1743
209|6.1743|6.1743
210|6.17425|6.17425
211|6.17424|6.17424
212|6.17424|6.17424
213|1.45155|1.45155
214|1.45155|1.45155
215|1.45155|1.45155
216|1.45155|1.45155
217|1.45155|1.45155
218|1.45155|1.45155
219|1.45155|1.45155
220|1.45155|1.45155
221|1.45155|1.45155
222|1.45155|1.45155
223|1.45155|1.45155
224|1.45155|1.45155
225|0.319|0.319
226|0.319|0.319
227|0.319|0.319
228|0.319|0.319
229|0.319|0.319
230|0.319|0.319
231|0.319|0.319
232|0.319|0.319
233|0.319|0.319
234|0.319|0.319
235|0.319|0.319
236|0.319|0.319
237|0.319|0.319
238|0.319|0.319
239|0.319|0.319
240|0.319|0.319
241|0.319|0.319
242|0.319|0.319
243|0.319|0.319
244|0.319|0.319
245|0.0599272|0.0599272
246|0.0599272|0.0599272
247|0.0599272|0.0599272
248|0.0599272|0.0599272
249|0.0599272|0.0599272
250|0.0599272|0.0599272
251|0.0599272|0.0599272
252|0.0599272|0.0599272
253|0.0599272|0.0599272
254|0.0599271|0.0599271
255|0.0599271|0.0599271
256|0.0599271|0.0599271
257|0.0599271|0.0599271
258|0.0599271|0.0599271
259|0.0599271|0.0599271
260|0.0599271|0.0599271
261|0.0599271|0.0599271
262|0.0599271|0.0599271
263|0.0599271|0.0599271
264|0.0599271|0.0599271
265|0.0599271|0.0599271
266|0.0599271|0.0599271
267|0.00719104|0.00719104
EARLY STOP: TARGET FOUND
1544333ms
