1|657.382|657.382
2|657.192|657.192
3|657.18|657.18
4|657.18|657.18
5|657.179|657.179
6|652.344|652.344
7|640.192|640.192
8|634.407|634.407
9|634.313|634.313
10|634.313|634.313
11|634.313|634.313
12|633.474|633.474
13|633.281|633.281
14|633.234|633.234
15|633.21|633.21
16|633.205|633.205
17|633.202|633.202
18|633.2|633.2
19|633.2|633.2
20|607.948|607.948
21|600.595|600.595
22|600.514|600.514
23|600.489|600.489
24|600.487|600.487
25|600.487|600.487
26|598.506|598.506
27|597.747|597.747
28|595.945|595.945
29|594.101|594.101
30|590.834|590.834
31|589.984|589.984
32|589.983|589.983
33|589.983|589.983
34|589.982|589.982
35|584.339|584.339
36|583.151|583.151
37|582.097|582.097
38|578.84|578.84
39|575.913|575.913
40|575.519|575.519
41|575.444|575.444
42|575.436|575.436
43|575.433|575.433
44|575.432|575.432
45|575.432|575.432
46|563.161|563.161
47|558.536|558.536
48|553.551|553.551
49|553.177|553.177
50|548.17|548.17
51|547.161|547.161
52|547.15|547.15
53|547.149|547.149
54|547.149|547.149
55|529.043|529.043
56|526.325|526.325
57|523.298|523.298
58|522.874|522.874
59|522.791|522.791
60|522.753|522.753
61|522.735|522.735
62|522.727|522.727
63|522.722|522.722
64|522.72|522.72
65|522.719|522.719
66|522.719|522.719
67|515.504|515.504
68|507.77|507.77
69|506.756|506.756
70|506.594|506.594
71|506.577|506.577
72|506.575|506.575
73|506.574|506.574
74|482.442|482.442
75|479.941|479.941
76|479.859|479.859
77|479.822|479.822
78|479.805|479.805
79|479.8|479.8
80|479.798|479.798
81|479.797|479.797
82|478.846|478.846
83|478.827|478.827
84|478.827|478.827
85|476.23|476.23
86|473.141|473.141
87|472.698|472.698
88|472.532|472.532
89|472.497|472.497
90|472.497|472.497
91|447.716|447.716
92|438.315|438.315
93|438.309|438.309
94|438.307|438.307
95|438.307|438.307
96|413.97|413.97
97|413.591|413.591
98|413.588|413.588
99|413.588|413.588
100|396.589|396.589
101|385.926|385.926
102|385.926|385.926
103|383.414|383.414
104|382.86|382.86
105|382.081|382.081
106|377.82|377.82
107|377.807|377.807
108|377.806|377.806
109|377.806|377.806
110|371.12|371.12
111|365.602|365.602
112|353.002|353.002
113|350.727|350.727
114|350.497|350.497
115|350.495|350.495
116|350.491|350.491
117|350.491|350.491
118|328.242|328.242
119|325.413|325.413
120|314.466|314.466
121|314.151|314.151
122|295.473|295.473
123|295.473|295.473
124|295.473|295.473
125|295.473|295.473
126|294.805|294.805
127|290.797|290.797
128|288.06|288.06
129|287.873|287.873
130|287.793|287.793
131|287.757|287.757
132|287.748|287.748
133|287.746|287.746
134|287.746|287.746
135|287.746|287.746
136|277.2|277.2
137|273.01|273.01
138|271.554|271.554
139|271.548|271.548
140|271.546|271.546
141|271.545|271.545
142|268.505|268.505
143|265.55|265.55
144|265.55|265.55
145|265.147|265.147
146|265.07|265.07
147|265.052|265.052
148|265.043|265.043
149|265.042|265.042
150|265.042|265.042
151|265.041|265.041
152|265.041|265.041
153|259.833|259.833
154|250.107|250.107
155|250.07|250.07
156|250.068|250.068
157|250.065|250.065
158|250.064|250.064
159|250.064|250.064
160|250.064|250.064
161|234.512|234.512
162|230.625|230.625
163|229.513|229.513
164|225.201|225.201
165|223.811|223.811
166|223.808|223.808
167|223.807|223.807
168|223.807|223.807
169|223.807|223.807
170|223.807|223.807
171|202.052|202.052
172|201.681|201.681
173|201.645|201.645
174|201.641|201.641
175|201.64|201.64
176|201.64|201.64
177|180.048|180.048
178|177.289|177.289
179|176.77|176.77
180|176.738|176.738
181|176.736|176.736
182|176.736|176.736
183|151.138|151.138
184|150.511|150.511
185|150.511|150.511
186|150.432|150.432
187|134.1|134.1
188|123.977|123.977
189|122.989|122.989
190|119.604|119.604
191|116.709|116.709
192|116.325|116.325
193|116.287|116.287
194|116.269|116.269
195|116.261|116.261
196|116.259|116.259
197|116.258|116.258
198|116.258|116.258
199|110.903|110.903
200|95.2516|95.2516
201|95.021|95.021
202|94.9646|94.9646
203|94.9512|94.9512
204|94.9482|94.9482
205|94.9477|94.9477
206|94.9476|94.9476
207|94.9476|94.9476
208|93.8925|93.8925
209|92.6071|92.6071
210|89.7927|89.7927
211|86.7567|86.7567
212|86.3296|86.3296
213|86.1722|86.1722
214|86.1679|86.1679
215|86.1678|86.1678
216|72.6846|72.6846
217|67.4878|67.4878
218|67.4675|67.4675
219|67.4675|67.4675
220|67.4675|67.4675
221|67.4675|67.4675
222|67.4675|67.4675
223|67.4675|67.4675
224|67.4675|67.4675
225|67.4675|67.4675
226|67.4675|67.4675
227|67.4675|67.4675
228|67.4675|67.4675
229|67.4675|67.4675
230|67.4675|67.4675
231|67.4675|67.4675
232|67.4675|67.4675
233|67.4675|67.4675
234|67.4675|67.4675
235|67.4675|67.4675
236|67.4675|67.4675
237|67.4675|67.4675
238|67.4675|67.4675
239|67.4675|67.4675
240|67.4675|67.4675
241|67.4675|67.4675
242|67.4675|67.4675
243|67.4675|67.4675
244|67.4675|67.4675
245|67.4675|67.4675
246|67.4675|67.4675
247|67.4675|67.4675
248|67.4675|67.4675
249|67.4675|67.4675
250|67.4675|67.4675
251|67.4675|67.4675
252|67.4675|67.4675
253|67.4675|67.4675
254|67.4675|67.4675
255|67.4675|67.4675
256|67.4675|67.4675
257|67.4675|67.4675
258|67.4675|67.4675
259|67.4675|67.4675
260|67.4675|67.4675
261|67.4675|67.4675
262|67.4675|67.4675
263|67.4675|67.4675
264|67.4675|67.4675
265|67.4675|67.4675
266|67.4675|67.4675
267|67.4675|67.4675
268|67.4675|67.4675
269|67.4675|67.4675
270|67.4675|67.4675
271|67.4675|67.4675
272|67.4675|67.4675
273|67.4675|67.4675
274|67.4675|67.4675
275|67.4675|67.4675
276|67.4675|67.4675
277|67.4675|67.4675
278|67.4675|67.4675
279|67.4675|67.4675
280|67.4675|67.4675
281|67.4675|67.4675
282|67.4675|67.4675
283|67.4675|67.4675
284|67.4675|67.4675
285|67.4675|67.4675
286|67.4675|67.4675
287|67.4675|67.4675
288|67.4675|67.4675
289|67.4675|67.4675
290|67.4675|67.4675
291|67.4675|67.4675
292|67.4675|67.4675
293|67.4675|67.4675
294|67.4675|67.4675
295|67.4675|67.4675
296|67.4675|67.4675
297|67.4675|67.4675
298|67.4675|67.4675
299|67.4675|67.4675
300|67.4675|67.4675
301|67.4675|67.4675
302|67.4675|67.4675
303|67.4675|67.4675
304|67.4675|67.4675
305|67.4675|67.4675
306|67.4675|67.4675
307|67.4675|67.4675
308|67.4675|67.4675
309|67.4675|67.4675
310|67.4675|67.4675
311|67.4675|67.4675
312|67.4675|67.4675
313|67.4675|67.4675
314|67.4675|67.4675
315|67.4675|67.4675
316|67.4675|67.4675
317|67.4675|67.4675
318|67.4675|67.4675
319|67.4675|67.4675
320|67.4675|67.4675
321|67.4675|67.4675
322|67.4675|67.4675
323|67.4675|67.4675
324|67.4675|67.4675
325|67.4675|67.4675
326|67.4675|67.4675
327|67.4675|67.4675
328|67.4675|67.4675
329|67.4675|67.4675
330|67.4675|67.4675
331|67.4675|67.4675
332|67.4675|67.4675
333|67.4675|67.4675
334|67.4675|67.4675
335|67.4675|67.4675
336|67.4675|67.4675
337|67.4675|67.4675
338|67.4675|67.4675
339|67.4675|67.4675
340|67.4675|67.4675
341|67.4675|67.4675
342|67.4675|67.4675
343|67.4675|67.4675
344|67.4675|67.4675
345|67.4675|67.4675
346|67.4675|67.4675
347|67.4675|67.4675
348|67.4675|67.4675
349|67.4675|67.4675
350|67.4675|67.4675
351|67.4675|67.4675
352|67.4675|67.4675
353|67.4675|67.4675
354|67.4675|67.4675
355|67.4675|67.4675
356|67.4675|67.4675
357|67.4675|67.4675
358|67.4675|67.4675
359|67.4675|67.4675
360|67.4675|67.4675
361|67.4675|67.4675
362|67.4675|67.4675
363|67.4675|67.4675
364|67.4675|67.4675
365|67.4675|67.4675
366|67.4675|67.4675
367|67.4675|67.4675
368|67.4675|67.4675
EARLY STOP: TARGET FOUND
2999770ms
