1|-180.047|-180.047
2|-281.689|-281.689
3|-368.259|-368.259
4|-411.301|-411.301
5|-432.614|-432.614
6|-443.199|-443.199
7|-445.837|-445.837
8|-447.156|-447.156
9|-447.814|-447.814
10|-447.979|-447.979
11|-448.06|-448.06
12|-448.102|-448.102
13|-448.123|-448.123
14|-448.125|-448.125
15|-448.127|-448.127
16|-533.079|-533.079
17|-592.208|-592.208
18|-592.208|-592.208
19|-592.209|-592.209
20|-621.514|-621.514
21|-700.355|-700.355
22|-706.316|-706.316
23|-708.947|-708.947
24|-709.568|-709.568
25|-709.588|-709.588
26|-709.592|-709.592
27|-709.595|-709.595
28|-709.595|-709.595
29|-709.595|-709.595
30|-825.667|-825.667
31|-845.564|-845.564
32|-854.198|-854.198
33|-855.213|-855.213
34|-855.716|-855.716
35|-855.779|-855.779
36|-855.794|-855.794
37|-855.802|-855.802
38|-855.804|-855.804
39|-855.805|-855.805
40|-927.879|-927.879
41|-1058.29|-1058.29
42|-1093.85|-1093.85
43|-1106.31|-1106.31
44|-1107.6|-1107.6
45|-1108.23|-1108.23
46|-1108.39|-1108.39
47|-1108.42|-1108.42
48|-1108.44|-1108.44
49|-1108.45|-1108.45
50|-1108.46|-1108.46
51|-1108.46|-1108.46
52|-1108.46|-1108.46
53|-1252.65|-1252.65
54|-1295.95|-1295.95
55|-1304.22|-1304.22
56|-1307.92|-1307.92
57|-1308.33|-1308.33
58|-1308.33|-1308.33
59|-1371.14|-1371.14
60|-1434.18|-1434.18
61|-1533.96|-1533.96
62|-1533.99|-1533.99
63|-1534.05|-1534.05
64|-1534.06|-1534.06
65|-1534.07|-1534.07
66|-1534.07|-1534.07
67|-1534.08|-1534.08
68|-1662.86|-1662.86
69|-1742.56|-1742.56
70|-2121.26|-2121.26
71|-2163.54|-2163.54
72|-2167.85|-2167.85
73|-2169.92|-2169.92
74|-2170.93|-2170.93
75|-2171.19|-2171.19
76|-2171.31|-2171.31
77|-2171.37|-2171.37
78|-2171.4|-2171.4
79|-2171.42|-2171.42
80|-2171.42|-2171.42
81|-2171.42|-2171.42
82|-2526.04|-2526.04
83|-2599.1|-2599.1
84|-2729.35|-2729.35
85|-2764.25|-2764.25
86|-2776.34|-2776.34
87|-2776.98|-2776.98
88|-2777.29|-2777.29
89|-2777.44|-2777.44
90|-2777.48|-2777.48
91|-2777.49|-2777.49
92|-2777.49|-2777.49
93|-2777.49|-2777.49
94|-2777.49|-2777.49
95|-2777.49|-2777.49
96|-2911.4|-2911.4
97|-2960.21|-2960.21
98|-2965.62|-2965.62
99|-2970.03|-2970.03
100|-2970.8|-2970.8
101|-2970.82|-2970.82
102|-2970.84|-2970.84
103|-2970.84|-2970.84
104|-2986.71|-2986.71
105|-3068.12|-3068.12
106|-3127.84|-3127.84
107|-3146.97|-3146.97
108|-3228.31|-3228.31
109|-3240|-3240
110|-3240.04|-3240.04
111|-3240.06|-3240.06
112|-3240.06|-3240.06
113|-3240.07|-3240.07
114|-3240.07|-3240.07
115|-3240.07|-3240.07
116|-3240.07|-3240.07
117|-3240.07|-3240.07
118|-3240.07|-3240.07
119|-3240.07|-3240.07
120|-3240.07|-3240.07
121|-3240.07|-3240.07
122|-3240.07|-3240.07
123|-3240.07|-3240.07
124|-3240.07|-3240.07
125|-3240.07|-3240.07
126|-3240.07|-3240.07
127|-3240.07|-3240.07
128|-3240.07|-3240.07
129|-3240.07|-3240.07
130|-3240.07|-3240.07
131|-3240.07|-3240.07
132|-3240.07|-3240.07
133|-3240.07|-3240.07
134|-3240.07|-3240.07
135|-3240.07|-3240.07
136|-3240.07|-3240.07
137|-3240.07|-3240.07
138|-3240.07|-3240.07
139|-3240.07|-3240.07
140|-3240.07|-3240.07
141|-3240.07|-3240.07
142|-3240.07|-3240.07
143|-3240.07|-3240.07
144|-3240.07|-3240.07
145|-3240.07|-3240.07
146|-3240.07|-3240.07
147|-3240.07|-3240.07
148|-3240.07|-3240.07
149|-3240.07|-3240.07
150|-3240.07|-3240.07
151|-3240.07|-3240.07
152|-3240.07|-3240.07
153|-3240.07|-3240.07
154|-3240.07|-3240.07
155|-3240.07|-3240.07
156|-3240.07|-3240.07
157|-3240.07|-3240.07
158|-3240.07|-3240.07
159|-3240.07|-3240.07
160|-3240.07|-3240.07
161|-3240.07|-3240.07
162|-3240.07|-3240.07
163|-3240.07|-3240.07
164|-3240.07|-3240.07
165|-3240.07|-3240.07
166|-3240.07|-3240.07
167|-3240.07|-3240.07
168|-3240.07|-3240.07
169|-3240.07|-3240.07
170|-3240.07|-3240.07
171|-3240.07|-3240.07
172|-3240.07|-3240.07
173|-3240.07|-3240.07
174|-3240.07|-3240.07
175|-3240.07|-3240.07
176|-3240.07|-3240.07
177|-3240.07|-3240.07
178|-3240.07|-3240.07
179|-3240.07|-3240.07
180|-3240.07|-3240.07
181|-3240.07|-3240.07
182|-3240.07|-3240.07
183|-3240.07|-3240.07
184|-3240.07|-3240.07
185|-3240.07|-3240.07
186|-3240.07|-3240.07
187|-3240.07|-3240.07
188|-3240.07|-3240.07
189|-3240.07|-3240.07
190|-3240.07|-3240.07
191|-3240.07|-3240.07
192|-3240.07|-3240.07
193|-3240.07|-3240.07
194|-3240.07|-3240.07
195|-3240.07|-3240.07
196|-3240.07|-3240.07
197|-3240.07|-3240.07
198|-3240.07|-3240.07
199|-3240.07|-3240.07
200|-3240.07|-3240.07
201|-3240.07|-3240.07
202|-3240.07|-3240.07
203|-3240.07|-3240.07
204|-3240.07|-3240.07
205|-3240.07|-3240.07
206|-3240.07|-3240.07
207|-3240.07|-3240.07
208|-3240.07|-3240.07
209|-3240.07|-3240.07
210|-3240.07|-3240.07
211|-3240.07|-3240.07
212|-3240.07|-3240.07
213|-3240.07|-3240.07
214|-3240.07|-3240.07
215|-3240.07|-3240.07
216|-3240.07|-3240.07
217|-3240.07|-3240.07
218|-3240.07|-3240.07
219|-3240.07|-3240.07
220|-3240.07|-3240.07
221|-3240.07|-3240.07
222|-3240.07|-3240.07
223|-3240.07|-3240.07
224|-3240.07|-3240.07
225|-3240.07|-3240.07
226|-3240.07|-3240.07
227|-3240.07|-3240.07
228|-3240.07|-3240.07
229|-3240.07|-3240.07
230|-3240.07|-3240.07
231|-3240.07|-3240.07
232|-3240.07|-3240.07
233|-3240.07|-3240.07
234|-3240.07|-3240.07
235|-3240.07|-3240.07
236|-3240.07|-3240.07
237|-3240.07|-3240.07
238|-3240.07|-3240.07
239|-3240.07|-3240.07
240|-3240.07|-3240.07
241|-3240.07|-3240.07
242|-3240.07|-3240.07
243|-3240.07|-3240.07
244|-3240.07|-3240.07
245|-3240.07|-3240.07
246|-3240.07|-3240.07
247|-3240.07|-3240.07
248|-3240.07|-3240.07
249|-3240.07|-3240.07
250|-3240.07|-3240.07
251|-3240.07|-3240.07
252|-3240.07|-3240.07
253|-3240.07|-3240.07
254|-3240.07|-3240.07
255|-3240.07|-3240.07
256|-3240.07|-3240.07
257|-3240.07|-3240.07
258|-3240.07|-3240.07
259|-3240.07|-3240.07
260|-3240.07|-3240.07
261|-3240.07|-3240.07
262|-3240.07|-3240.07
263|-3240.07|-3240.07
EARLY STOP: TARGET FOUND
407376ms
