1|-1.38634|-1.38634
2|-1.38721|-1.38721
3|-1.38738|-1.38738
4|-1.38746|-1.38746
5|-1.38746|-1.38746
6|-1.78434|-1.78434
7|-1.79834|-1.79834
8|-1.80092|-1.80092
9|-1.8011|-1.8011
10|-1.80111|-1.80111
11|-1.80111|-1.80111
12|-1.80111|-1.80111
13|-1.81114|-1.81114
14|-1.81603|-1.81603
15|-1.81753|-1.81753
16|-1.81833|-1.81833
17|-1.81874|-1.81874
18|-1.82151|-1.82151
19|-1.84052|-1.84052
20|-2.41551|-2.41551
21|-2.43006|-2.43006
22|-2.43048|-2.43048
23|-2.43081|-2.43081
24|-2.43087|-2.43087
25|-2.43087|-2.43087
26|-2.74291|-2.74291
27|-2.78732|-2.78732
28|-2.81031|-2.81031
29|-2.81612|-2.81612
30|-2.81758|-2.81758
31|-2.81831|-2.81831
32|-2.81867|-2.81867
33|-2.81885|-2.81885
34|-2.81895|-2.81895
35|-2.81895|-2.81895
36|-2.81895|-2.81895
37|-2.81895|-2.81895
38|-2.81895|-2.81895
39|-2.81895|-2.81895
40|-2.81895|-2.81895
41|-2.81895|-2.81895
42|-2.81895|-2.81895
43|-2.81895|-2.81895
44|-2.81895|-2.81895
45|-2.81895|-2.81895
46|-2.81895|-2.81895
47|-2.81895|-2.81895
48|-2.81895|-2.81895
49|-2.81895|-2.81895
50|-2.81895|-2.81895
51|-2.81895|-2.81895
52|-2.81895|-2.81895
53|-2.81895|-2.81895
54|-2.81895|-2.81895
55|-2.81895|-2.81895
56|-2.81895|-2.81895
57|-2.81895|-2.81895
58|-2.81895|-2.81895
59|-2.81895|-2.81895
60|-2.81895|-2.81895
61|-2.81895|-2.81895
62|-2.81895|-2.81895
63|-2.81895|-2.81895
64|-2.81895|-2.81895
65|-2.81895|-2.81895
66|-2.81895|-2.81895
67|-2.81895|-2.81895
68|-2.81895|-2.81895
69|-2.81895|-2.81895
70|-2.81895|-2.81895
71|-2.81895|-2.81895
72|-2.81895|-2.81895
73|-2.81895|-2.81895
74|-2.81895|-2.81895
75|-2.81895|-2.81895
76|-2.81895|-2.81895
77|-2.81895|-2.81895
78|-2.81895|-2.81895
79|-2.81895|-2.81895
80|-2.81895|-2.81895
81|-2.81895|-2.81895
82|-2.81895|-2.81895
83|-2.81895|-2.81895
84|-2.81895|-2.81895
85|-2.81895|-2.81895
86|-2.81895|-2.81895
87|-2.81895|-2.81895
88|-2.81895|-2.81895
89|-2.81895|-2.81895
90|-2.81895|-2.81895
91|-2.81895|-2.81895
92|-2.81895|-2.81895
93|-2.81895|-2.81895
94|-2.81895|-2.81895
95|-2.81895|-2.81895
96|-2.81895|-2.81895
97|-2.81895|-2.81895
98|-2.81895|-2.81895
99|-2.81895|-2.81895
100|-2.81895|-2.81895
101|-2.81895|-2.81895
102|-2.81895|-2.81895
103|-2.81895|-2.81895
104|-2.81895|-2.81895
105|-2.81895|-2.81895
106|-2.81895|-2.81895
107|-2.81895|-2.81895
108|-2.81895|-2.81895
109|-2.81895|-2.81895
110|-2.81895|-2.81895
111|-2.81895|-2.81895
112|-2.81895|-2.81895
113|-2.81895|-2.81895
114|-2.81895|-2.81895
115|-2.81895|-2.81895
116|-2.81895|-2.81895
117|-2.81895|-2.81895
118|-2.81895|-2.81895
119|-2.81895|-2.81895
120|-2.81895|-2.81895
121|-2.81895|-2.81895
122|-2.81895|-2.81895
123|-2.81895|-2.81895
124|-2.81895|-2.81895
125|-2.81895|-2.81895
126|-2.81895|-2.81895
127|-2.81895|-2.81895
128|-2.81895|-2.81895
129|-2.81895|-2.81895
130|-2.81895|-2.81895
131|-2.81895|-2.81895
132|-2.81895|-2.81895
133|-2.81895|-2.81895
134|-2.81895|-2.81895
135|-2.81895|-2.81895
136|-2.81895|-2.81895
137|-2.81895|-2.81895
138|-2.81895|-2.81895
139|-2.81895|-2.81895
140|-2.81895|-2.81895
141|-2.81895|-2.81895
142|-2.81895|-2.81895
143|-2.81895|-2.81895
144|-2.81895|-2.81895
145|-2.81895|-2.81895
146|-2.81895|-2.81895
147|-2.81895|-2.81895
148|-2.81895|-2.81895
149|-2.81895|-2.81895
150|-2.81895|-2.81895
151|-2.81895|-2.81895
152|-2.81895|-2.81895
153|-2.81895|-2.81895
154|-2.81895|-2.81895
155|-2.81895|-2.81895
156|-2.81895|-2.81895
157|-2.81895|-2.81895
158|-2.81895|-2.81895
159|-2.81895|-2.81895
160|-2.81895|-2.81895
161|-2.81895|-2.81895
162|-2.81895|-2.81895
163|-2.81895|-2.81895
164|-2.81895|-2.81895
165|-2.81895|-2.81895
166|-2.81895|-2.81895
167|-2.81895|-2.81895
168|-2.81895|-2.81895
169|-2.81895|-2.81895
170|-2.81895|-2.81895
171|-2.81895|-2.81895
172|-2.81895|-2.81895
173|-2.81895|-2.81895
174|-2.81895|-2.81895
175|-2.81895|-2.81895
176|-2.81895|-2.81895
177|-2.81895|-2.81895
178|-2.81895|-2.81895
179|-2.81895|-2.81895
180|-2.81895|-2.81895
181|-2.81895|-2.81895
182|-2.81895|-2.81895
183|-2.81895|-2.81895
184|-2.81895|-2.81895
EARLY STOP: TARGET FOUND
68535ms
