1|375.827|375.827
2|253.963|253.963
3|159.135|159.135
4|91.7775|91.7775
5|86.5049|86.5049
6|86.3732|86.3732
7|86.3155|86.3155
8|86.315|86.315
9|86.3149|86.3149
10|86.3148|86.3148
11|-44.867|-44.867
12|-118.097|-118.097
13|-120.802|-120.802
14|-122.067|-122.067
15|-122.22|-122.22
16|-122.24|-122.24
17|-122.249|-122.249
18|-122.254|-122.254
19|-122.255|-122.255
20|-122.256|-122.256
21|-122.256|-122.256
22|-139.774|-139.774
23|-221.501|-221.501
24|-233.312|-233.312
25|-233.621|-233.621
26|-233.659|-233.659
27|-233.669|-233.669
28|-233.67|-233.67
29|-233.67|-233.67
30|-233.67|-233.67
31|-344.29|-344.29
32|-405.45|-405.45
33|-410.95|-410.95
34|-412.257|-412.257
35|-412.433|-412.433
36|-412.499|-412.499
37|-412.506|-412.506
38|-412.507|-412.507
39|-412.507|-412.507
40|-661.737|-661.737
41|-708.117|-708.117
42|-837.457|-837.457
43|-847.498|-847.498
44|-957.955|-957.955
45|-957.965|-957.965
46|-957.969|-957.969
47|-957.97|-957.97
48|-957.97|-957.97
49|-957.97|-957.97
50|-1144.81|-1144.81
51|-1224.74|-1224.74
52|-1253.84|-1253.84
53|-1253.84|-1253.84
54|-1253.84|-1253.84
55|-1253.84|-1253.84
56|-1311.79|-1311.79
57|-1312.92|-1312.92
58|-1349.29|-1349.29
59|-1367.11|-1367.11
60|-1375.91|-1375.91
61|-1380.28|-1380.28
62|-1380.82|-1380.82
63|-1381.09|-1381.09
64|-1381.16|-1381.16
65|-1381.16|-1381.16
66|-1381.16|-1381.16
67|-1783.93|-1783.93
68|-1974.27|-1974.27
69|-2051.97|-2051.97
70|-2087.01|-2087.01
71|-2087.18|-2087.18
72|-2087.21|-2087.21
73|-2087.22|-2087.22
74|-2087.22|-2087.22
75|-2087.22|-2087.22
76|-2251.07|-2251.07
77|-2289.42|-2289.42
78|-2308.14|-2308.14
79|-2324.97|-2324.97
80|-2360.84|-2360.84
81|-2369.63|-2369.63
82|-2374|-2374
83|-2374.03|-2374.03
84|-2374.05|-2374.05
85|-2374.06|-2374.06
86|-2374.06|-2374.06
87|-2374.06|-2374.06
88|-2435.97|-2435.97
89|-2504.98|-2504.98
90|-2544.54|-2544.54
91|-2585.81|-2585.81
92|-2764.23|-2764.23
93|-2848.96|-2848.96
94|-2865.55|-2865.55
95|-2866.31|-2866.31
96|-2866.46|-2866.46
97|-2866.53|-2866.53
98|-2866.55|-2866.55
99|-2866.55|-2866.55
100|-2866.55|-2866.55
101|-2866.55|-2866.55
102|-2866.55|-2866.55
103|-2866.55|-2866.55
104|-2866.55|-2866.55
105|-2866.55|-2866.55
106|-2866.55|-2866.55
107|-2866.55|-2866.55
108|-2866.55|-2866.55
109|-2866.55|-2866.55
110|-2866.55|-2866.55
111|-2866.55|-2866.55
112|-2866.55|-2866.55
113|-2866.55|-2866.55
114|-2866.55|-2866.55
115|-2866.55|-2866.55
116|-2866.55|-2866.55
117|-2866.55|-2866.55
118|-2866.55|-2866.55
119|-2866.55|-2866.55
120|-2866.55|-2866.55
121|-2866.55|-2866.55
122|-2866.55|-2866.55
123|-2866.55|-2866.55
124|-2866.55|-2866.55
125|-2866.55|-2866.55
126|-2866.55|-2866.55
127|-2866.55|-2866.55
128|-2866.55|-2866.55
129|-2866.55|-2866.55
130|-2866.55|-2866.55
131|-2866.55|-2866.55
132|-2866.55|-2866.55
133|-2866.55|-2866.55
134|-2866.55|-2866.55
135|-2866.55|-2866.55
136|-2866.55|-2866.55
137|-2866.55|-2866.55
138|-2866.55|-2866.55
139|-2866.55|-2866.55
140|-2866.55|-2866.55
141|-2866.55|-2866.55
142|-2866.55|-2866.55
143|-2866.55|-2866.55
144|-2866.55|-2866.55
145|-2866.55|-2866.55
146|-2866.55|-2866.55
147|-2866.55|-2866.55
148|-2866.55|-2866.55
149|-2866.55|-2866.55
150|-2866.55|-2866.55
151|-2866.55|-2866.55
152|-2866.55|-2866.55
153|-2866.55|-2866.55
154|-2866.55|-2866.55
155|-2866.55|-2866.55
156|-2866.55|-2866.55
157|-2866.55|-2866.55
158|-2866.55|-2866.55
159|-2866.55|-2866.55
160|-2866.55|-2866.55
161|-2866.55|-2866.55
162|-2866.55|-2866.55
163|-2866.55|-2866.55
164|-2866.55|-2866.55
165|-2866.55|-2866.55
166|-2866.55|-2866.55
167|-2866.55|-2866.55
168|-2866.55|-2866.55
169|-2866.55|-2866.55
170|-2866.55|-2866.55
171|-2866.55|-2866.55
172|-2866.55|-2866.55
173|-2866.55|-2866.55
174|-2866.55|-2866.55
175|-2866.55|-2866.55
176|-2866.55|-2866.55
177|-2866.55|-2866.55
178|-2866.55|-2866.55
179|-2866.55|-2866.55
180|-2866.55|-2866.55
181|-2866.55|-2866.55
182|-2866.55|-2866.55
183|-2866.55|-2866.55
184|-2866.55|-2866.55
185|-2866.55|-2866.55
186|-2866.55|-2866.55
187|-2866.55|-2866.55
188|-2866.55|-2866.55
189|-2866.55|-2866.55
190|-2866.55|-2866.55
191|-2866.55|-2866.55
192|-2866.55|-2866.55
193|-2866.55|-2866.55
194|-2866.55|-2866.55
195|-2866.55|-2866.55
196|-2866.55|-2866.55
197|-2866.55|-2866.55
198|-2866.55|-2866.55
199|-2866.55|-2866.55
200|-2866.55|-2866.55
201|-2866.55|-2866.55
202|-2866.55|-2866.55
203|-2866.55|-2866.55
204|-2866.55|-2866.55
205|-2866.55|-2866.55
206|-2866.55|-2866.55
207|-2866.55|-2866.55
208|-2866.55|-2866.55
209|-2866.55|-2866.55
210|-2866.55|-2866.55
211|-2866.55|-2866.55
212|-2866.55|-2866.55
213|-2866.55|-2866.55
214|-2866.55|-2866.55
215|-2866.55|-2866.55
216|-2866.55|-2866.55
217|-2866.55|-2866.55
218|-2866.55|-2866.55
219|-2866.55|-2866.55
220|-2866.55|-2866.55
221|-2866.55|-2866.55
222|-2866.55|-2866.55
223|-2866.55|-2866.55
224|-2866.55|-2866.55
225|-2866.55|-2866.55
226|-2866.55|-2866.55
227|-2866.55|-2866.55
228|-2866.55|-2866.55
229|-2866.55|-2866.55
230|-2866.55|-2866.55
231|-2866.55|-2866.55
232|-2866.55|-2866.55
233|-2866.55|-2866.55
234|-2866.55|-2866.55
235|-2866.55|-2866.55
236|-2866.55|-2866.55
237|-2866.55|-2866.55
238|-2866.55|-2866.55
239|-2866.55|-2866.55
240|-2866.55|-2866.55
241|-2866.55|-2866.55
242|-2866.55|-2866.55
243|-2866.55|-2866.55
244|-2866.55|-2866.55
245|-2866.55|-2866.55
246|-2866.55|-2866.55
247|-2866.55|-2866.55
248|-2866.55|-2866.55
249|-2866.55|-2866.55
250|-2866.55|-2866.55
EARLY STOP: TARGET FOUND
423304ms
