1|38.0262|38.0262
2|37.7962|37.7962
3|37.758|37.758
4|37.7568|37.7568
5|37.7566|37.7566
6|37.7565|37.7565
7|37.7565|37.7565
8|14.3471|14.3471
9|14.3471|14.3471
10|14.3471|14.3471
11|14.285|14.285
12|14.2732|14.2732
13|14.2722|14.2722
14|14.2721|14.2721
15|14.272|14.272
16|14.272|14.272
17|12.2767|12.2767
18|12.2608|12.2608
19|12.2577|12.2577
20|12.2574|12.2574
21|12.2573|12.2573
22|12.2573|12.2573
23|12.2573|12.2573
24|10.4929|10.4929
25|10.4929|10.4929
26|6.01881|6.01881
27|5.01056|5.01056
28|4.81363|4.81363
29|4.79639|4.79639
30|4.79258|4.79258
31|4.79187|4.79187
32|4.79182|4.79182
33|4.79181|4.79181
34|0.826316|0.826316
35|0.826316|0.826316
36|0.0723712|0.0723712
37|0.0723712|0.0723712
38|0.0723712|0.0723712
39|0.0723712|0.0723712
40|0.0723711|0.0723711
41|0.0118851|0.0118851
42|0.0118851|0.0118851
43|0.0118851|0.0118851
44|0.0118851|0.0118851
45|0.000842079|0.000842079
EARLY STOP: TARGET FOUND
7743ms
