1|53.6974|53.6974
2|51.5506|51.5506
3|51.5127|51.5127
4|51.5115|51.5115
5|51.5113|51.5113
6|51.5112|51.5112
7|51.5112|51.5112
8|48.7333|48.7333
9|48.5508|48.5508
10|48.5372|48.5372
11|48.5351|48.5351
12|48.5351|48.5351
13|27.3261|27.3261
14|27.3261|27.3261
15|27.1157|27.1157
16|27.0873|27.0873
17|27.0872|27.0872
18|27.0872|27.0872
19|27.0872|27.0872
20|1.32589|1.32589
21|1.32589|1.32589
22|1.32395|1.32395
23|1.32393|1.32393
24|1.32393|1.32393
25|1.32393|1.32393
26|1.32393|1.32393
27|1.32393|1.32393
28|0.260733|0.260733
29|0.260733|0.260733
30|0.0363361|0.0363361
31|0.0363361|0.0363361
32|0.0363361|0.0363361
33|0.000937598|0.000937598
EARLY STOP: TARGET FOUND
5338ms
