1|81.6564|81.6564
2|81.4977|81.4977
3|81.49|81.49
4|81.49|81.49
5|81.49|81.49
6|78.5588|78.5588
7|78.338|78.338
8|78.3044|78.3044
9|78.3038|78.3038
10|78.3038|78.3038
11|78.3038|78.3038
12|74.9748|74.9748
13|74.5391|74.5391
14|74.5387|74.5387
15|65.7986|65.7986
16|63.0684|63.0684
17|62.8978|62.8978
18|62.8978|62.8978
19|62.8872|62.8872
20|62.8865|62.8865
21|62.8865|62.8865
22|47.537|47.537
23|46.5885|46.5885
24|46.4214|46.4214
25|46.4214|46.4214
26|46.4117|46.4117
27|46.4112|46.4112
28|46.4112|46.4112
29|45.4118|45.4118
30|45.2193|45.2193
31|45.2032|45.2032
32|45.2|45.2
33|45.1995|45.1995
34|27.0347|27.0347
35|26.4381|26.4381
36|26.4381|26.4381
37|26.4212|26.4212
38|26.4175|26.4175
39|26.4168|26.4168
40|26.4168|26.4168
41|21.1158|21.1158
42|21.1158|21.1158
43|17.5259|17.5259
44|16.9597|16.9597
45|16.9465|16.9465
46|16.9447|16.9447
47|16.9447|16.9447
48|12.6851|12.6851
49|12.6851|12.6851
50|12.6851|12.6851
51|8.83477|8.83477
52|8.13842|8.13842
53|8.09233|8.09233
54|8.09233|8.09233
55|8.08881|8.08881
56|8.08825|8.08825
57|8.08824|8.08824
58|8.08824|8.08824
59|5.18028|5.18028
60|0.99206|0.99206
61|0.99206|0.99206
62|0.99206|0.99206
63|0.992059|0.992059
64|0.992059|0.992059
65|0.992059|0.992059
66|0.992059|0.992059
67|0.992059|0.992059
68|0.992059|0.992059
69|0.992059|0.992059
70|0.126751|0.126751
71|0.126751|0.126751
72|0.126751|0.126751
73|0.126751|0.126751
74|0.126751|0.126751
75|0.00129752|0.00129752
EARLY STOP: TARGET FOUND
51085ms
