1|43.5477|43.5477
2|43.2803|43.2803
3|43.2233|43.2233
4|43.214|43.214
5|43.2138|43.2138
6|43.2137|43.2137
7|43.2137|43.2137
8|21.5302|21.5302
9|21.3494|21.3494
10|21.3362|21.3362
11|21.3344|21.3344
12|21.3344|21.3344
13|19.6106|19.6106
14|19.6097|19.6097
15|19.6095|19.6095
16|19.6095|19.6095
17|19.6095|19.6095
18|19.6095|19.6095
19|19.0106|19.0106
20|18.9933|18.9933
21|18.9895|18.9895
22|18.9888|18.9888
23|18.9887|18.9887
24|18.9887|18.9887
25|18.9887|18.9887
26|0.581252|0.581252
27|0.581251|0.581251
28|0.581251|0.581251
29|0.581251|0.581251
30|0.581251|0.581251
31|0.581251|0.581251
32|0.0149812|0.0149812
33|0.0149812|0.0149812
34|0.0149812|0.0149812
35|0.0149812|0.0149812
36|0.0149812|0.0149812
37|0.0149812|0.0149812
38|0.0149812|0.0149812
39|0.0149812|0.0149812
40|0.0149812|0.0149812
41|0.0149812|0.0149812
42|0.00179755|0.00179755
EARLY STOP: TARGET FOUND
7148ms
