1|18.9816|18.9816
2|14.5448|14.5448
3|13.5552|13.5552
4|13.3676|13.3676
5|13.3527|13.3527
6|13.3501|13.3501
7|13.3499|13.3499
8|13.3499|13.3499
9|10.4008|10.4008
10|10.4008|10.4008
11|10.1755|10.1755
12|10.1397|10.1397
13|10.1388|10.1388
14|10.1386|10.1386
15|10.1386|10.1386
16|10.1386|10.1386
17|6.60097|6.60097
18|2.57018|2.57018
19|1.78358|1.78358
20|1.71493|1.71493
21|1.69981|1.69981
22|1.69705|1.69705
23|1.69686|1.69686
24|1.69684|1.69684
25|1.69684|1.69684
26|1.69684|1.69684
27|0.543015|0.543015
28|0.273305|0.273305
29|0.215251|0.215251
30|0.215251|0.215251
31|0.215251|0.215251
32|0.205423|0.205423
33|0.204966|0.204966
34|0.204964|0.204964
35|0.204964|0.204964
36|0.204964|0.204964
37|0.204964|0.204964
38|0.0176172|0.0176172
39|0.00278041|0.00278041
EARLY STOP: TARGET FOUND
6601ms
