1|126.558|126.558
2|126.479|126.479
3|125.939|125.939
4|125.902|125.902
5|125.899|125.899
6|125.898|125.898
7|125.898|125.898
8|104.293|104.293
9|102.851|102.851
10|102.843|102.843
11|102.843|102.843
12|102.843|102.843
13|102.672|102.672
14|102.635|102.635
15|102.618|102.618
16|102.617|102.617
17|102.616|102.616
18|93.7846|93.7846
19|92.2776|92.2776
20|91.9792|91.9792
21|91.8427|91.8427
22|81.795|81.795
23|80.9345|80.9345
24|77.3025|77.3025
25|74.47|74.47
26|74.1042|74.1042
27|74.0863|74.0863
28|74.0776|74.0776
29|74.0755|74.0755
30|74.0749|74.0749
31|74.0747|74.0747
32|70.6232|70.6232
33|67.7451|67.7451
34|67.3656|67.3656
35|67.3288|67.3288
36|67.3113|67.3113
37|67.3092|67.3092
38|65.2344|65.2344
39|64.4034|64.4034
40|62.7267|62.7267
41|60.6489|60.6489
42|57.4365|57.4365
43|56.9551|56.9551
44|56.7695|56.7695
45|56.6909|56.6909
46|56.6552|56.6552
47|56.653|56.653
48|56.652|56.652
49|56.6517|56.6517
50|56.6516|56.6516
51|35.7127|35.7127
52|29.5077|29.5077
53|20.3927|20.3927
54|20.3913|20.3913
55|20.3913|20.3913
56|19.7888|19.7888
57|19.7722|19.7722
58|19.768|19.768
59|19.7659|19.7659
60|19.7649|19.7649
61|19.7649|19.7649
62|19.7649|19.7649
63|19.7649|19.7649
64|19.7649|19.7649
65|19.7649|19.7649
66|19.7649|19.7649
67|19.7649|19.7649
68|19.7649|19.7649
69|19.7649|19.7649
70|19.7649|19.7649
71|19.7649|19.7649
72|19.7649|19.7649
73|19.7649|19.7649
74|19.7649|19.7649
75|19.7649|19.7649
76|19.7649|19.7649
77|19.7649|19.7649
78|19.7649|19.7649
79|19.7649|19.7649
80|19.7649|19.7649
81|19.7649|19.7649
82|19.7649|19.7649
83|19.7649|19.7649
84|19.7649|19.7649
85|19.7649|19.7649
86|19.7649|19.7649
87|19.7649|19.7649
88|19.7649|19.7649
89|19.7649|19.7649
90|19.7649|19.7649
91|19.7649|19.7649
92|19.7649|19.7649
93|19.7649|19.7649
94|19.7649|19.7649
95|19.7649|19.7649
96|19.7649|19.7649
97|19.7649|19.7649
98|19.7649|19.7649
99|19.7649|19.7649
100|19.7649|19.7649
101|19.7649|19.7649
102|19.7649|19.7649
103|19.7649|19.7649
104|19.7649|19.7649
105|19.7649|19.7649
106|19.7649|19.7649
107|19.7649|19.7649
108|19.7649|19.7649
109|19.7649|19.7649
110|19.7649|19.7649
111|19.7649|19.7649
112|19.7649|19.7649
113|19.7649|19.7649
114|19.7649|19.7649
115|19.7649|19.7649
116|19.7649|19.7649
117|19.7649|19.7649
118|19.7649|19.7649
119|19.7649|19.7649
120|19.7649|19.7649
121|19.7649|19.7649
122|19.7649|19.7649
123|19.7649|19.7649
124|19.7649|19.7649
125|19.7649|19.7649
126|19.7649|19.7649
127|19.7649|19.7649
128|19.7649|19.7649
129|19.7649|19.7649
130|19.7649|19.7649
131|19.7649|19.7649
132|19.7649|19.7649
133|19.7649|19.7649
134|19.7649|19.7649
135|19.7649|19.7649
136|19.7649|19.7649
137|19.7649|19.7649
138|19.7649|19.7649
139|19.7649|19.7649
140|19.7649|19.7649
141|19.7649|19.7649
142|19.7649|19.7649
143|19.7649|19.7649
144|19.7649|19.7649
145|19.7649|19.7649
146|19.7649|19.7649
147|19.7649|19.7649
148|19.7649|19.7649
149|19.7649|19.7649
150|19.7649|19.7649
151|19.7649|19.7649
152|19.7649|19.7649
153|19.7649|19.7649
154|19.7649|19.7649
155|19.7649|19.7649
156|19.7649|19.7649
157|19.7649|19.7649
158|19.7649|19.7649
159|19.7649|19.7649
160|19.7649|19.7649
161|19.7649|19.7649
162|19.7649|19.7649
163|19.7649|19.7649
164|19.7649|19.7649
165|19.7649|19.7649
166|19.7649|19.7649
167|19.7649|19.7649
168|19.7649|19.7649
169|19.7649|19.7649
170|19.7649|19.7649
171|19.7649|19.7649
172|19.7649|19.7649
173|19.7649|19.7649
174|19.7649|19.7649
175|19.7649|19.7649
176|19.7649|19.7649
177|19.7649|19.7649
178|19.7649|19.7649
179|19.7649|19.7649
180|19.7649|19.7649
181|19.7649|19.7649
182|19.7649|19.7649
183|19.7649|19.7649
184|19.7649|19.7649
185|19.7649|19.7649
186|19.7649|19.7649
187|19.7649|19.7649
188|19.7649|19.7649
189|19.7649|19.7649
190|19.7649|19.7649
191|19.7649|19.7649
192|19.7649|19.7649
193|19.7649|19.7649
194|19.7649|19.7649
195|19.7649|19.7649
196|19.7649|19.7649
197|19.7649|19.7649
198|19.7649|19.7649
199|19.7649|19.7649
200|19.7649|19.7649
201|19.7649|19.7649
202|19.7649|19.7649
203|19.7649|19.7649
204|19.7649|19.7649
205|19.7649|19.7649
206|19.7649|19.7649
207|19.7649|19.7649
208|19.7649|19.7649
209|19.7649|19.7649
210|19.7649|19.7649
EARLY STOP: TARGET FOUND
275168ms
