1|255.548|255.548
2|219.503|219.503
3|201.893|201.893
4|200.802|200.802
5|200.258|200.258
6|200.25|200.25
7|200.245|200.245
8|200.243|200.243
9|200.242|200.242
10|123.554|123.554
11|123.554|123.554
12|52.896|52.896
13|-210.34|-210.34
14|-286.353|-286.353
15|-289.88|-289.88
16|-290.05|-290.05
17|-290.084|-290.084
18|-290.099|-290.099
19|-290.106|-290.106
20|-290.108|-290.108
21|-290.109|-290.109
22|-290.109|-290.109
23|-290.109|-290.109
24|-290.109|-290.109
25|-290.109|-290.109
26|-463.578|-463.578
27|-647.921|-647.921
28|-675.729|-675.729
29|-691.296|-691.296
30|-721.362|-721.362
31|-739.214|-739.214
32|-748.03|-748.03
33|-752.408|-752.408
34|-754.589|-754.589
35|-755.134|-755.134
36|-755.202|-755.202
37|-755.204|-755.204
38|-755.205|-755.205
39|-755.205|-755.205
40|-796.279|-796.279
41|-1124.32|-1124.32
42|-1292.48|-1292.48
43|-1301.15|-1301.15
44|-1302.17|-1302.17
45|-1302.67|-1302.67
46|-1302.92|-1302.92
47|-1302.99|-1302.99
48|-1303.02|-1303.02
49|-1303.03|-1303.03
50|-1303.04|-1303.04
51|-1339.08|-1339.08
52|-1356.69|-1356.69
53|-1357.78|-1357.78
54|-1358.05|-1358.05
55|-1358.07|-1358.07
56|-1358.07|-1358.07
57|-1358.08|-1358.08
58|-1358.08|-1358.08
59|-1358.08|-1358.08
60|-1358.08|-1358.08
61|-1358.08|-1358.08
62|-1358.08|-1358.08
63|-1358.08|-1358.08
64|-1358.08|-1358.08
65|-1358.08|-1358.08
66|-1358.08|-1358.08
67|-1358.08|-1358.08
68|-1358.08|-1358.08
69|-1358.08|-1358.08
70|-1358.08|-1358.08
71|-1358.08|-1358.08
72|-1358.08|-1358.08
73|-1358.08|-1358.08
74|-1358.08|-1358.08
75|-1358.08|-1358.08
76|-1358.08|-1358.08
77|-1358.08|-1358.08
78|-1358.08|-1358.08
79|-1358.08|-1358.08
80|-1358.08|-1358.08
81|-1358.08|-1358.08
82|-1358.08|-1358.08
83|-1358.08|-1358.08
84|-1358.08|-1358.08
85|-1358.08|-1358.08
86|-1358.08|-1358.08
87|-1358.08|-1358.08
88|-1358.08|-1358.08
89|-1358.08|-1358.08
90|-1358.08|-1358.08
91|-1358.08|-1358.08
92|-1358.08|-1358.08
93|-1358.08|-1358.08
94|-1358.08|-1358.08
95|-1358.08|-1358.08
96|-1358.08|-1358.08
97|-1358.08|-1358.08
98|-1358.08|-1358.08
99|-1358.08|-1358.08
100|-1358.08|-1358.08
101|-1358.08|-1358.08
102|-1358.08|-1358.08
103|-1358.08|-1358.08
104|-1358.08|-1358.08
105|-1358.08|-1358.08
106|-1358.08|-1358.08
107|-1358.08|-1358.08
108|-1358.08|-1358.08
109|-1358.08|-1358.08
110|-1358.08|-1358.08
111|-1358.08|-1358.08
112|-1358.08|-1358.08
113|-1358.08|-1358.08
114|-1358.08|-1358.08
115|-1358.08|-1358.08
116|-1358.08|-1358.08
117|-1358.08|-1358.08
118|-1358.08|-1358.08
119|-1358.08|-1358.08
120|-1358.08|-1358.08
121|-1358.08|-1358.08
122|-1358.08|-1358.08
123|-1358.08|-1358.08
124|-1358.08|-1358.08
125|-1358.08|-1358.08
126|-1358.08|-1358.08
127|-1358.08|-1358.08
128|-1358.08|-1358.08
129|-1358.08|-1358.08
130|-1358.08|-1358.08
131|-1358.08|-1358.08
132|-1358.08|-1358.08
133|-1358.08|-1358.08
134|-1358.08|-1358.08
135|-1358.08|-1358.08
136|-1358.08|-1358.08
137|-1358.08|-1358.08
138|-1358.08|-1358.08
139|-1358.08|-1358.08
140|-1358.08|-1358.08
141|-1358.08|-1358.08
142|-1358.08|-1358.08
143|-1358.08|-1358.08
144|-1358.08|-1358.08
145|-1358.08|-1358.08
146|-1358.08|-1358.08
147|-1358.08|-1358.08
148|-1358.08|-1358.08
149|-1358.08|-1358.08
150|-1358.08|-1358.08
151|-1358.08|-1358.08
152|-1358.08|-1358.08
153|-1358.08|-1358.08
154|-1358.08|-1358.08
155|-1358.08|-1358.08
156|-1358.08|-1358.08
157|-1358.08|-1358.08
158|-1358.08|-1358.08
159|-1358.08|-1358.08
160|-1358.08|-1358.08
161|-1358.08|-1358.08
162|-1358.08|-1358.08
163|-1358.08|-1358.08
164|-1358.08|-1358.08
165|-1358.08|-1358.08
166|-1358.08|-1358.08
167|-1358.08|-1358.08
168|-1358.08|-1358.08
169|-1358.08|-1358.08
170|-1358.08|-1358.08
171|-1358.08|-1358.08
172|-1358.08|-1358.08
173|-1358.08|-1358.08
174|-1358.08|-1358.08
175|-1358.08|-1358.08
176|-1358.08|-1358.08
177|-1358.08|-1358.08
178|-1358.08|-1358.08
179|-1358.08|-1358.08
180|-1358.08|-1358.08
181|-1358.08|-1358.08
182|-1358.08|-1358.08
183|-1358.08|-1358.08
184|-1358.08|-1358.08
185|-1358.08|-1358.08
186|-1358.08|-1358.08
187|-1358.08|-1358.08
188|-1358.08|-1358.08
189|-1358.08|-1358.08
190|-1358.08|-1358.08
191|-1358.08|-1358.08
192|-1358.08|-1358.08
193|-1358.08|-1358.08
194|-1358.08|-1358.08
195|-1358.08|-1358.08
196|-1358.08|-1358.08
197|-1358.08|-1358.08
198|-1358.08|-1358.08
199|-1358.08|-1358.08
200|-1358.08|-1358.08
201|-1358.08|-1358.08
202|-1358.08|-1358.08
203|-1358.08|-1358.08
204|-1358.08|-1358.08
205|-1358.08|-1358.08
206|-1358.08|-1358.08
207|-1358.08|-1358.08
208|-1358.08|-1358.08
209|-1358.08|-1358.08
EARLY STOP: TARGET FOUND
99963ms
