1|174.133|174.133
2|172.194|172.194
3|171.523|171.523
4|170.615|170.615
5|170.614|170.614
6|170.614|170.614
7|170.613|170.613
8|148.086|148.086
9|147.216|147.216
10|147.198|147.198
11|147.196|147.196
12|147.195|147.195
13|147.194|147.194
14|147.194|147.194
15|137.025|137.025
16|136.742|136.742
17|133.402|133.402
18|132.506|132.506
19|132.469|132.469
20|132.461|132.461
21|132.459|132.459
22|132.458|132.458
23|132.458|132.458
24|126.94|126.94
25|112.915|112.915
26|111.399|111.399
27|111.392|111.392
28|111.39|111.39
29|111.39|111.39
30|111.389|111.389
31|111.389|111.389
32|111.389|111.389
33|111.389|111.389
34|110.546|110.546
35|98.7647|98.7647
36|98.1749|98.1749
37|98.1116|98.1116
38|98.109|98.109
39|98.1083|98.1083
40|98.108|98.108
41|98.108|98.108
42|88.1852|88.1852
43|87.775|87.775
44|87.6959|87.6959
45|87.6599|87.6599
46|87.6556|87.6556
47|87.6535|87.6535
48|87.6529|87.6529
49|87.6527|87.6527
50|86.7372|86.7372
51|86.7213|86.7213
52|82.0654|82.0654
53|82.0652|82.0652
54|82.0652|82.0652
55|72.6324|72.6324
56|72.6324|72.6324
57|69.1527|69.1527
58|51.6901|51.6901
59|51.5704|51.5704
60|51.5409|51.5409
61|51.54|51.54
62|51.5398|51.5398
63|51.5397|51.5397
64|51.5397|51.5397
65|46.7985|46.7985
66|43.2909|43.2909
67|35.7541|35.7541
68|34.5591|34.5591
69|34.1758|34.1758
70|34.1385|34.1385
71|34.1207|34.1207
72|34.1121|34.1121
73|34.1115|34.1115
74|34.1114|34.1114
75|21.6652|21.6652
76|16.0067|16.0067
77|15.9503|15.9503
78|15.9369|15.9369
79|15.9339|15.9339
80|15.9333|15.9333
81|15.9333|15.9333
82|15.9333|15.9333
83|15.9333|15.9333
84|15.9333|15.9333
85|15.9333|15.9333
86|15.9333|15.9333
87|15.9333|15.9333
88|15.9333|15.9333
89|15.9333|15.9333
90|15.9333|15.9333
91|15.9333|15.9333
92|15.9333|15.9333
93|15.9333|15.9333
94|15.9333|15.9333
95|15.9333|15.9333
96|15.9333|15.9333
97|15.9333|15.9333
98|15.9333|15.9333
99|15.9333|15.9333
100|15.9333|15.9333
101|15.9333|15.9333
102|15.9333|15.9333
103|15.9333|15.9333
104|15.9333|15.9333
105|15.9333|15.9333
106|15.9333|15.9333
107|15.9333|15.9333
108|15.9333|15.9333
109|15.9333|15.9333
110|15.9333|15.9333
111|15.9333|15.9333
112|15.9333|15.9333
113|15.9333|15.9333
114|15.9333|15.9333
115|15.9333|15.9333
116|15.9333|15.9333
117|15.9333|15.9333
118|15.9333|15.9333
119|15.9333|15.9333
120|15.9333|15.9333
121|15.9333|15.9333
122|15.9333|15.9333
123|15.9333|15.9333
124|15.9333|15.9333
125|15.9333|15.9333
126|15.9333|15.9333
127|15.9333|15.9333
128|15.9333|15.9333
129|15.9333|15.9333
130|15.9333|15.9333
131|15.9333|15.9333
132|15.9333|15.9333
133|15.9333|15.9333
134|15.9333|15.9333
135|15.9333|15.9333
136|15.9333|15.9333
137|15.9333|15.9333
138|15.9333|15.9333
139|15.9333|15.9333
140|15.9333|15.9333
141|15.9333|15.9333
142|15.9333|15.9333
143|15.9333|15.9333
144|15.9333|15.9333
145|15.9333|15.9333
146|15.9333|15.9333
147|15.9333|15.9333
148|15.9333|15.9333
149|15.9333|15.9333
150|15.9333|15.9333
151|15.9333|15.9333
152|15.9333|15.9333
153|15.9333|15.9333
154|15.9333|15.9333
155|15.9333|15.9333
156|15.9333|15.9333
157|15.9333|15.9333
158|15.9333|15.9333
159|15.9333|15.9333
160|15.9333|15.9333
161|15.9333|15.9333
162|15.9333|15.9333
163|15.9333|15.9333
164|15.9333|15.9333
165|15.9333|15.9333
166|15.9333|15.9333
167|15.9333|15.9333
168|15.9333|15.9333
169|15.9333|15.9333
170|15.9333|15.9333
171|15.9333|15.9333
172|15.9333|15.9333
173|15.9333|15.9333
174|15.9333|15.9333
175|15.9333|15.9333
176|15.9333|15.9333
177|15.9333|15.9333
178|15.9333|15.9333
179|15.9333|15.9333
180|15.9333|15.9333
181|15.9333|15.9333
182|15.9333|15.9333
183|15.9333|15.9333
184|15.9333|15.9333
185|15.9333|15.9333
186|15.9333|15.9333
187|15.9333|15.9333
188|15.9333|15.9333
189|15.9333|15.9333
190|15.9333|15.9333
191|15.9333|15.9333
192|15.9333|15.9333
193|15.9333|15.9333
194|15.9333|15.9333
195|15.9333|15.9333
196|15.9333|15.9333
197|15.9333|15.9333
198|15.9333|15.9333
199|15.9333|15.9333
200|15.9333|15.9333
201|15.9333|15.9333
202|15.9333|15.9333
203|15.9333|15.9333
204|15.9333|15.9333
205|15.9333|15.9333
206|15.9333|15.9333
207|15.9333|15.9333
208|15.9333|15.9333
209|15.9333|15.9333
210|15.9333|15.9333
211|15.9333|15.9333
212|15.9333|15.9333
213|15.9333|15.9333
214|15.9333|15.9333
215|15.9333|15.9333
216|15.9333|15.9333
217|15.9333|15.9333
218|15.9333|15.9333
219|15.9333|15.9333
220|15.9333|15.9333
221|15.9333|15.9333
222|15.9333|15.9333
223|15.9333|15.9333
224|15.9333|15.9333
225|15.9333|15.9333
226|15.9333|15.9333
227|15.9333|15.9333
228|15.9333|15.9333
229|15.9333|15.9333
230|15.9333|15.9333
231|15.9333|15.9333
232|15.9333|15.9333
EARLY STOP: TARGET FOUND
268916ms
