1|-1829.71|-1829.71
2|-1912.95|-1912.95
3|-1933.37|-1933.37
4|-1933.52|-1933.52
5|-1933.59|-1933.59
6|-1933.6|-1933.6
7|-1933.6|-1933.6
8|-1933.6|-1933.6
9|-1933.6|-1933.6
10|-1933.6|-1933.6
11|-2045.02|-2045.02
12|-2045.02|-2045.02
13|-2045.02|-2045.02
14|-2045.02|-2045.02
15|-2070.75|-2070.75
16|-2070.84|-2070.84
17|-2070.84|-2070.84
18|-2070.92|-2070.92
19|-2070.92|-2070.92
20|-2070.92|-2070.92
21|-2092.1|-2092.1
22|-2101.39|-2101.39
23|-2105.71|-2105.71
24|-2107.78|-2107.78
25|-2107.78|-2107.78
26|-2108.8|-2108.8
27|-2109.3|-2109.3
28|-2109.33|-2109.33
29|-2109.34|-2109.34
30|-2109.35|-2109.35
31|-2109.35|-2109.35
32|-2109.35|-2109.35
33|-2422.36|-2422.36
34|-2422.36|-2422.36
35|-2445.57|-2445.57
36|-2551.4|-2551.4
37|-2551.55|-2551.55
38|-2551.55|-2551.55
39|-2551.55|-2551.55
40|-2551.55|-2551.55
41|-2622.59|-2622.59
42|-2626.78|-2626.78
43|-2627.23|-2627.23
44|-2627.3|-2627.3
45|-2627.33|-2627.33
46|-2627.34|-2627.34
47|-2627.34|-2627.34
48|-2627.34|-2627.34
49|-2773.56|-2773.56
50|-2794.83|-2794.83
51|-2800.11|-2800.11
52|-2802.75|-2802.75
53|-2804.07|-2804.07
54|-2804.73|-2804.73
55|-2805.06|-2805.06
56|-2805.14|-2805.14
57|-2805.18|-2805.18
58|-2805.19|-2805.19
59|-2805.2|-2805.2
60|-2805.2|-2805.2
61|-2805.2|-2805.2
62|-2877.9|-2877.9
63|-2960.02|-2960.02
64|-3214.63|-3214.63
65|-3296.82|-3296.82
66|-3298.65|-3298.65
67|-3299.21|-3299.21
68|-3299.39|-3299.39
69|-3299.46|-3299.46
70|-3299.48|-3299.48
71|-3299.49|-3299.49
72|-3299.49|-3299.49
73|-3299.49|-3299.49
74|-3299.49|-3299.49
75|-3739.24|-3739.24
76|-3743.46|-3743.46
77|-3744.48|-3744.48
78|-3744.98|-3744.98
79|-3745.23|-3745.23
80|-3745.27|-3745.27
81|-3745.27|-3745.27
82|-3745.28|-3745.28
83|-3745.28|-3745.28
84|-3745.28|-3745.28
85|-3745.28|-3745.28
86|-3860.34|-3860.34
87|-3984.4|-3984.4
88|-4018.46|-4018.46
89|-4024.75|-4024.75
90|-4027.54|-4027.54
91|-4028.86|-4028.86
92|-4029.49|-4029.49
93|-4029.8|-4029.8
94|-4029.96|-4029.96
95|-4030.03|-4030.03
96|-4030.04|-4030.04
97|-4030.04|-4030.04
98|-4123.87|-4123.87
99|-4164.05|-4164.05
100|-4164.05|-4164.05
101|-4231.41|-4231.41
102|-4231.41|-4231.41
103|-4302.1|-4302.1
104|-4306.46|-4306.46
105|-4306.82|-4306.82
106|-4306.82|-4306.82
107|-4306.82|-4306.82
108|-4519.41|-4519.41
109|-4630.79|-4630.79
110|-4630.82|-4630.82
111|-4630.84|-4630.84
112|-4630.84|-4630.84
113|-4630.84|-4630.84
114|-4704.3|-4704.3
115|-5060.45|-5060.45
116|-5106.78|-5106.78
117|-5124.84|-5124.84
118|-5125.85|-5125.85
119|-5125.98|-5125.98
120|-5126.04|-5126.04
121|-5126.05|-5126.05
122|-5126.05|-5126.05
123|-5140.71|-5140.71
124|-5222.74|-5222.74
125|-5282.36|-5282.36
126|-5303.27|-5303.27
127|-5384.17|-5384.17
128|-5390.43|-5390.43
129|-5393.2|-5393.2
130|-5394.51|-5394.51
131|-5395.13|-5395.13
132|-5395.44|-5395.44
133|-5395.48|-5395.48
134|-5395.48|-5395.48
135|-5395.48|-5395.48
136|-5447|-5447
137|-5612.79|-5612.79
138|-5704.01|-5704.01
139|-5704.17|-5704.17
140|-5711.79|-5711.79
141|-5711.79|-5711.79
142|-5752.53|-5752.53
143|-5754.61|-5754.61
144|-5755.63|-5755.63
145|-5756.13|-5756.13
146|-5756.38|-5756.38
147|-5756.45|-5756.45
148|-5756.48|-5756.48
149|-5756.49|-5756.49
150|-5756.5|-5756.5
151|-5756.5|-5756.5
152|-5822|-5822
153|-5871.79|-5871.79
154|-5947.62|-5947.62
155|-5974.73|-5974.73
156|-6162.38|-6162.38
157|-6241.81|-6241.81
158|-6272.24|-6272.24
159|-6272.24|-6272.24
160|-6279.41|-6279.41
161|-6279.42|-6279.42
162|-6390.66|-6390.66
163|-6551.57|-6551.57
164|-6597.13|-6597.13
165|-6597.66|-6597.66
166|-6598.44|-6598.44
167|-6598.73|-6598.73
168|-6598.74|-6598.74
169|-6598.74|-6598.74
170|-6987.82|-6987.82
171|-7004.8|-7004.8
172|-7006.02|-7006.02
173|-7006.18|-7006.18
174|-7006.19|-7006.19
175|-7006.2|-7006.2
176|-7006.2|-7006.2
177|-7050.69|-7050.69
178|-7052.59|-7052.59
179|-7196.89|-7196.89
180|-7667.01|-7667.01
181|-7670.15|-7670.15
182|-7670.22|-7670.22
183|-7670.24|-7670.24
184|-7670.24|-7670.24
185|-7670.24|-7670.24
186|-7727.12|-7727.12
187|-7798.08|-7798.08
188|-7866.29|-7866.29
189|-7866.44|-7866.44
190|-7866.52|-7866.52
191|-7866.54|-7866.54
192|-7866.54|-7866.54
193|-7866.55|-7866.55
194|-7866.55|-7866.55
195|-7889.33|-7889.33
196|-7937.14|-7937.14
197|-7956|-7956
198|-7960.17|-7960.17
199|-7960.67|-7960.67
200|-7960.92|-7960.92
201|-7960.98|-7960.98
202|-7961|-7961
203|-7961|-7961
204|-7961|-7961
205|-7961|-7961
206|-8129.88|-8129.88
207|-8140.45|-8140.45
208|-8140.61|-8140.61
209|-8140.69|-8140.69
210|-8140.74|-8140.74
211|-8140.75|-8140.75
212|-8140.75|-8140.75
213|-8141.65|-8141.65
214|-8257.97|-8257.97
215|-8286.1|-8286.1
216|-8355.85|-8355.85
217|-8411.49|-8411.49
218|-8412.96|-8412.96
219|-8414.66|-8414.66
220|-8415.43|-8415.43
221|-8415.79|-8415.79
222|-8415.87|-8415.87
223|-8415.92|-8415.92
224|-8415.92|-8415.92
225|-8415.92|-8415.92
226|-8633.05|-8633.05
227|-8763.63|-8763.63
228|-8817.32|-8817.32
229|-8849.34|-8849.34
230|-8909.93|-8909.93
231|-8911.02|-8911.02
232|-8911.16|-8911.16
233|-8911.23|-8911.23
234|-8911.26|-8911.26
235|-8911.28|-8911.28
236|-8911.29|-8911.29
237|-8911.29|-8911.29
238|-8911.29|-8911.29
239|-9034.07|-9034.07
240|-9060.63|-9060.63
241|-9243.07|-9243.07
242|-9424.65|-9424.65
243|-9447.59|-9447.59
244|-9466.36|-9466.36
245|-9467.42|-9467.42
246|-9467.52|-9467.52
247|-9467.52|-9467.52
248|-9481.5|-9481.5
249|-9493.08|-9493.08
250|-9540.21|-9540.21
251|-9549.02|-9549.02
252|-9553.39|-9553.39
253|-9554.49|-9554.49
254|-9555.03|-9555.03
255|-9555.3|-9555.3
256|-9555.44|-9555.44
257|-9555.47|-9555.47
258|-9555.48|-9555.48
259|-9563.55|-9563.55
260|-9735.95|-9735.95
261|-9746.53|-9746.53
262|-9749.16|-9749.16
263|-9749.82|-9749.82
264|-9749.99|-9749.99
265|-9750.03|-9750.03
266|-9750.05|-9750.05
267|-9750.05|-9750.05
268|-9750.06|-9750.06
269|-9750.06|-9750.06
270|-9750.06|-9750.06
271|-9750.06|-9750.06
272|-9750.06|-9750.06
273|-9750.06|-9750.06
274|-9750.06|-9750.06
275|-9750.06|-9750.06
276|-9750.06|-9750.06
277|-9750.06|-9750.06
278|-9750.06|-9750.06
279|-9750.06|-9750.06
280|-9750.06|-9750.06
281|-9750.06|-9750.06
282|-9750.06|-9750.06
283|-9750.06|-9750.06
284|-9750.06|-9750.06
285|-9750.06|-9750.06
286|-9750.06|-9750.06
287|-9750.06|-9750.06
288|-9750.06|-9750.06
289|-9750.06|-9750.06
290|-9750.06|-9750.06
291|-9750.06|-9750.06
292|-9750.06|-9750.06
293|-9750.06|-9750.06
294|-9750.06|-9750.06
295|-9750.06|-9750.06
296|-9750.06|-9750.06
297|-9750.06|-9750.06
298|-9750.06|-9750.06
299|-9750.06|-9750.06
300|-9750.06|-9750.06
301|-9750.06|-9750.06
302|-9750.06|-9750.06
303|-9750.06|-9750.06
304|-9750.06|-9750.06
305|-9750.06|-9750.06
306|-9750.06|-9750.06
307|-9750.06|-9750.06
308|-9750.06|-9750.06
309|-9750.06|-9750.06
310|-9750.06|-9750.06
311|-9750.06|-9750.06
312|-9750.06|-9750.06
313|-9750.06|-9750.06
314|-9750.06|-9750.06
315|-9750.06|-9750.06
316|-9750.06|-9750.06
317|-9750.06|-9750.06
318|-9750.06|-9750.06
319|-9750.06|-9750.06
320|-9750.06|-9750.06
321|-9750.06|-9750.06
322|-9750.06|-9750.06
323|-9750.06|-9750.06
324|-9750.06|-9750.06
325|-9750.06|-9750.06
326|-9750.06|-9750.06
327|-9750.06|-9750.06
328|-9750.06|-9750.06
329|-9750.06|-9750.06
330|-9750.06|-9750.06
331|-9750.06|-9750.06
332|-9750.06|-9750.06
333|-9750.06|-9750.06
334|-9750.06|-9750.06
335|-9750.06|-9750.06
336|-9750.06|-9750.06
337|-9750.06|-9750.06
338|-9750.06|-9750.06
339|-9750.06|-9750.06
340|-9750.06|-9750.06
341|-9750.06|-9750.06
342|-9750.06|-9750.06
343|-9750.06|-9750.06
344|-9750.06|-9750.06
345|-9750.06|-9750.06
346|-9750.06|-9750.06
347|-9750.06|-9750.06
348|-9750.06|-9750.06
349|-9750.06|-9750.06
350|-9750.06|-9750.06
351|-9750.06|-9750.06
352|-9750.06|-9750.06
353|-9750.06|-9750.06
354|-9750.06|-9750.06
355|-9750.06|-9750.06
356|-9750.06|-9750.06
357|-9750.06|-9750.06
358|-9750.06|-9750.06
359|-9750.06|-9750.06
360|-9750.06|-9750.06
361|-9750.06|-9750.06
362|-9750.06|-9750.06
363|-9750.06|-9750.06
364|-9750.06|-9750.06
365|-9750.06|-9750.06
366|-9750.06|-9750.06
367|-9750.06|-9750.06
368|-9750.06|-9750.06
369|-9750.06|-9750.06
370|-9750.06|-9750.06
371|-9750.06|-9750.06
372|-9750.06|-9750.06
373|-9750.06|-9750.06
374|-9750.06|-9750.06
375|-9750.06|-9750.06
376|-9750.06|-9750.06
377|-9750.06|-9750.06
378|-9750.06|-9750.06
379|-9750.06|-9750.06
380|-9750.06|-9750.06
381|-9750.06|-9750.06
382|-9750.06|-9750.06
383|-9750.06|-9750.06
384|-9750.06|-9750.06
385|-9750.06|-9750.06
386|-9750.06|-9750.06
387|-9750.06|-9750.06
388|-9750.06|-9750.06
389|-9750.06|-9750.06
390|-9750.06|-9750.06
391|-9750.06|-9750.06
392|-9750.06|-9750.06
393|-9750.06|-9750.06
394|-9750.06|-9750.06
395|-9750.06|-9750.06
396|-9750.06|-9750.06
397|-9750.06|-9750.06
398|-9750.06|-9750.06
399|-9750.06|-9750.06
400|-9750.06|-9750.06
401|-9750.06|-9750.06
402|-9750.06|-9750.06
403|-9750.06|-9750.06
404|-9750.06|-9750.06
405|-9750.06|-9750.06
406|-9750.06|-9750.06
407|-9750.06|-9750.06
408|-9750.06|-9750.06
409|-9750.06|-9750.06
410|-9750.06|-9750.06
411|-9750.06|-9750.06
412|-9750.06|-9750.06
413|-9750.06|-9750.06
414|-9750.06|-9750.06
415|-9750.06|-9750.06
416|-9750.06|-9750.06
417|-9750.06|-9750.06
418|-9750.06|-9750.06
EARLY STOP: TARGET FOUND
4717221ms
