1|61.997|61.997
2|61.9856|61.9856
3|61.9848|61.9848
4|61.9846|61.9846
5|61.9846|61.9846
6|50.2304|50.2304
7|48.2537|48.2537
8|48.239|48.239
9|48.2364|48.2364
10|48.2363|48.2363
11|48.2363|48.2363
12|48.0985|48.0985
13|48.0957|48.0957
14|48.0955|48.0955
15|48.0954|48.0954
16|28.7017|28.7017
17|28.2587|28.2587
18|28.258|28.258
19|28.258|28.258
20|23.6445|23.6445
21|23.6445|23.6445
22|22.5666|22.5666
23|22.3348|22.3348
24|22.3348|22.3348
25|22.2957|22.2957
26|22.294|22.294
27|22.294|22.294
28|22.1906|22.1906
29|22.1906|22.1906
30|22.1906|22.1906
31|8.86588|8.86588
32|7.66426|7.66426
33|7.37065|7.37065
34|7.30065|7.30065
35|7.30065|7.30065
36|7.28484|7.28484
37|7.28174|7.28174
38|7.28174|7.28174
39|7.28147|7.28147
40|7.2814|7.2814
41|7.28139|7.28139
42|7.28139|7.28139
43|7.27923|7.27923
44|7.27919|7.27919
45|7.27919|7.27919
46|7.27919|7.27919
47|6.55362|6.55362
48|6.50022|6.50022
49|6.49273|6.49273
50|6.49273|6.49273
51|6.49268|6.49268
52|6.49268|6.49268
53|6.49268|6.49268
54|1.60801|1.60801
55|1.60801|1.60801
56|0.394474|0.394474
57|0.394474|0.394474
58|0.394474|0.394474
59|0.394474|0.394474
60|0.394474|0.394474
61|0.394474|0.394474
62|0.0949082|0.0949082
63|0.0949082|0.0949082
64|0.0949081|0.0949081
65|0.0949081|0.0949081
66|0.0949081|0.0949081
67|0.0949081|0.0949081
68|0.0949081|0.0949081
69|0.0219252|0.0219252
70|0.0219251|0.0219251
71|0.0219251|0.0219251
72|0.00463371|0.00463371
EARLY STOP: TARGET FOUND
48986ms
