1|122.109|122.109
2|119.151|119.151
3|101.203|101.203
4|101.148|101.148
5|101.141|101.141
6|101.14|101.14
7|101.139|101.139
8|101.139|101.139
9|101.139|101.139
10|101.139|101.139
11|101.138|101.138
12|75.4981|75.4981
13|75.4838|75.4838
14|75.4804|75.4804
15|75.4796|75.4796
16|75.4794|75.4794
17|75.4794|75.4794
18|56.143|56.143
19|56.1337|56.1337
20|56.1334|56.1334
21|56.1325|56.1325
22|56.1323|56.1323
23|56.1323|56.1323
24|56.1323|56.1323
25|43.9624|43.9624
26|38.1852|38.1852
27|38.0928|38.0928
28|38.0923|38.0923
29|38.0923|38.0923
30|38.0923|38.0923
31|12.7326|12.7326
32|6.24939|6.24939
33|6.03368|6.03368
34|6.00447|6.00447
35|5.99871|5.99871
36|5.99607|5.99607
37|5.99543|5.99543
38|5.99511|5.99511
39|5.99504|5.99504
40|5.995|5.995
41|5.995|5.995
42|5.995|5.995
43|5.995|5.995
44|5.995|5.995
45|5.995|5.995
46|5.995|5.995
47|5.995|5.995
48|5.995|5.995
49|5.995|5.995
50|5.995|5.995
51|5.995|5.995
52|5.995|5.995
53|5.995|5.995
54|5.995|5.995
55|5.995|5.995
56|5.995|5.995
57|5.995|5.995
58|5.995|5.995
59|5.995|5.995
60|5.995|5.995
61|5.995|5.995
62|5.995|5.995
63|5.995|5.995
64|5.995|5.995
65|5.995|5.995
66|5.995|5.995
67|5.995|5.995
68|5.995|5.995
69|5.995|5.995
70|5.995|5.995
71|5.995|5.995
72|5.995|5.995
73|5.995|5.995
74|5.995|5.995
75|5.995|5.995
76|5.995|5.995
77|5.995|5.995
78|5.995|5.995
79|5.995|5.995
80|5.995|5.995
81|5.995|5.995
82|5.995|5.995
83|5.995|5.995
84|5.995|5.995
85|5.995|5.995
86|5.995|5.995
87|5.995|5.995
88|5.995|5.995
89|5.995|5.995
90|5.995|5.995
91|5.995|5.995
92|5.995|5.995
93|5.995|5.995
94|5.995|5.995
95|5.995|5.995
96|5.995|5.995
97|5.995|5.995
98|5.995|5.995
99|5.995|5.995
100|5.995|5.995
101|5.995|5.995
102|5.995|5.995
103|5.995|5.995
104|5.995|5.995
105|5.995|5.995
106|5.995|5.995
107|5.995|5.995
108|5.995|5.995
109|5.995|5.995
110|5.995|5.995
111|5.995|5.995
112|5.995|5.995
113|5.995|5.995
114|5.995|5.995
115|5.995|5.995
116|5.995|5.995
117|5.995|5.995
118|5.995|5.995
119|5.995|5.995
120|5.995|5.995
121|5.995|5.995
122|5.995|5.995
123|5.995|5.995
124|5.995|5.995
125|5.995|5.995
126|5.995|5.995
127|5.995|5.995
128|5.995|5.995
129|5.995|5.995
130|5.995|5.995
131|5.995|5.995
132|5.995|5.995
133|5.995|5.995
134|5.995|5.995
135|5.995|5.995
136|5.995|5.995
137|5.995|5.995
138|5.995|5.995
139|5.995|5.995
140|5.995|5.995
141|5.995|5.995
142|5.995|5.995
143|5.995|5.995
144|5.995|5.995
145|5.995|5.995
146|5.995|5.995
147|5.995|5.995
148|5.995|5.995
149|5.995|5.995
150|5.995|5.995
151|5.995|5.995
152|5.995|5.995
153|5.995|5.995
154|5.995|5.995
155|5.995|5.995
156|5.995|5.995
157|5.995|5.995
158|5.995|5.995
159|5.995|5.995
160|5.995|5.995
161|5.995|5.995
162|5.995|5.995
163|5.995|5.995
164|5.995|5.995
165|5.995|5.995
166|5.995|5.995
167|5.995|5.995
168|5.995|5.995
169|5.995|5.995
170|5.995|5.995
171|5.995|5.995
172|5.995|5.995
173|5.995|5.995
174|5.995|5.995
175|5.995|5.995
176|5.995|5.995
177|5.995|5.995
178|5.995|5.995
179|5.995|5.995
180|5.995|5.995
181|5.995|5.995
182|5.995|5.995
183|5.995|5.995
184|5.995|5.995
185|5.995|5.995
186|5.995|5.995
187|5.995|5.995
188|5.995|5.995
189|5.995|5.995
190|5.995|5.995
EARLY STOP: TARGET FOUND
66859ms
