1|-1.54518|-1.54518
2|-1.58223|-1.58223
3|-1.58225|-1.58225
4|-1.58226|-1.58226
5|-1.58226|-1.58226
6|-1.74228|-1.74228
7|-2.54882|-2.54882
8|-2.58053|-2.58053
9|-2.5812|-2.5812
10|-2.58125|-2.58125
11|-2.58125|-2.58125
12|-2.75104|-2.75104
13|-2.76633|-2.76633
14|-2.76654|-2.76654
15|-2.76677|-2.76677
16|-2.76678|-2.76678
17|-2.76678|-2.76678
18|-2.76678|-2.76678
19|-2.96434|-2.96434
20|-2.96672|-2.96672
21|-2.96936|-2.96936
22|-2.96954|-2.96954
23|-2.96962|-2.96962
24|-2.96965|-2.96965
25|-2.96967|-2.96967
26|-2.96968|-2.96968
27|-2.96968|-2.96968
28|-2.97264|-2.97264
29|-3.00643|-3.00643
30|-3.80375|-3.80375
31|-3.80649|-3.80649
32|-3.80755|-3.80755
33|-3.80776|-3.80776
34|-3.80785|-3.80785
35|-3.80787|-3.80787
36|-3.80788|-3.80788
37|-4.25832|-4.25832
38|-4.58304|-4.58304
39|-4.58854|-4.58854
40|-4.59126|-4.59126
41|-4.59261|-4.59261
42|-4.59328|-4.59328
43|-4.59362|-4.59362
44|-4.59378|-4.59378
45|-4.59387|-4.59387
46|-4.65998|-4.65998
47|-4.99155|-4.99155
48|-5.22684|-5.22684
49|-5.31681|-5.31681
50|-5.33877|-5.33877
51|-5.33925|-5.33925
52|-5.33926|-5.33926
53|-5.33932|-5.33932
54|-5.73298|-5.73298
55|-6.17466|-6.17466
56|-6.21711|-6.21711
57|-6.22675|-6.22675
58|-6.22909|-6.22909
59|-6.22967|-6.22967
60|-6.22982|-6.22982
61|-6.2301|-6.2301
62|-6.27699|-6.27699
63|-6.28817|-6.28817
64|-6.62218|-6.62218
65|-7.05918|-7.05918
66|-7.13525|-7.13525
67|-7.16181|-7.16181
68|-7.16453|-7.16453
69|-7.16583|-7.16583
70|-7.16647|-7.16647
71|-7.16663|-7.16663
72|-7.16667|-7.16667
73|-7.62433|-7.62433
74|-7.62689|-7.62689
75|-7.6452|-7.6452
76|-7.6452|-7.6452
77|-7.6452|-7.6452
78|-7.6452|-7.6452
79|-7.6452|-7.6452
80|-7.6452|-7.6452
81|-7.6452|-7.6452
82|-7.6452|-7.6452
83|-7.6452|-7.6452
84|-7.6452|-7.6452
85|-7.6452|-7.6452
86|-7.6452|-7.6452
87|-7.6452|-7.6452
88|-7.6452|-7.6452
89|-7.6452|-7.6452
90|-7.6452|-7.6452
91|-7.6452|-7.6452
92|-7.6452|-7.6452
93|-7.6452|-7.6452
94|-7.6452|-7.6452
95|-7.6452|-7.6452
96|-7.6452|-7.6452
97|-7.6452|-7.6452
98|-7.6452|-7.6452
99|-7.6452|-7.6452
100|-7.6452|-7.6452
101|-7.6452|-7.6452
102|-7.6452|-7.6452
103|-7.6452|-7.6452
104|-7.6452|-7.6452
105|-7.6452|-7.6452
106|-7.6452|-7.6452
107|-7.6452|-7.6452
108|-7.6452|-7.6452
109|-7.6452|-7.6452
110|-7.6452|-7.6452
111|-7.6452|-7.6452
112|-7.6452|-7.6452
113|-7.6452|-7.6452
114|-7.6452|-7.6452
115|-7.6452|-7.6452
116|-7.6452|-7.6452
117|-7.6452|-7.6452
118|-7.6452|-7.6452
119|-7.6452|-7.6452
120|-7.6452|-7.6452
121|-7.6452|-7.6452
122|-7.6452|-7.6452
123|-7.6452|-7.6452
124|-7.6452|-7.6452
125|-7.6452|-7.6452
126|-7.6452|-7.6452
127|-7.6452|-7.6452
128|-7.6452|-7.6452
129|-7.6452|-7.6452
130|-7.6452|-7.6452
131|-7.6452|-7.6452
132|-7.6452|-7.6452
133|-7.6452|-7.6452
134|-7.6452|-7.6452
135|-7.6452|-7.6452
136|-7.6452|-7.6452
137|-7.6452|-7.6452
138|-7.6452|-7.6452
139|-7.6452|-7.6452
140|-7.6452|-7.6452
141|-7.6452|-7.6452
142|-7.6452|-7.6452
143|-7.6452|-7.6452
144|-7.6452|-7.6452
145|-7.6452|-7.6452
146|-7.6452|-7.6452
147|-7.6452|-7.6452
148|-7.6452|-7.6452
149|-7.6452|-7.6452
150|-7.6452|-7.6452
151|-7.6452|-7.6452
152|-7.6452|-7.6452
153|-7.6452|-7.6452
154|-7.6452|-7.6452
155|-7.6452|-7.6452
156|-7.6452|-7.6452
157|-7.6452|-7.6452
158|-7.6452|-7.6452
159|-7.6452|-7.6452
160|-7.6452|-7.6452
161|-7.6452|-7.6452
162|-7.6452|-7.6452
163|-7.6452|-7.6452
164|-7.6452|-7.6452
165|-7.6452|-7.6452
166|-7.6452|-7.6452
167|-7.6452|-7.6452
168|-7.6452|-7.6452
169|-7.6452|-7.6452
170|-7.6452|-7.6452
171|-7.6452|-7.6452
172|-7.6452|-7.6452
173|-7.6452|-7.6452
174|-7.6452|-7.6452
175|-7.6452|-7.6452
176|-7.6452|-7.6452
177|-7.6452|-7.6452
178|-7.6452|-7.6452
179|-7.6452|-7.6452
180|-7.6452|-7.6452
181|-7.6452|-7.6452
182|-7.6452|-7.6452
183|-7.6452|-7.6452
184|-7.6452|-7.6452
185|-7.6452|-7.6452
186|-7.6452|-7.6452
187|-7.6452|-7.6452
188|-7.6452|-7.6452
189|-7.6452|-7.6452
190|-7.6452|-7.6452
191|-7.6452|-7.6452
192|-7.6452|-7.6452
193|-7.6452|-7.6452
194|-7.6452|-7.6452
195|-7.6452|-7.6452
196|-7.6452|-7.6452
197|-7.6452|-7.6452
198|-7.6452|-7.6452
199|-7.6452|-7.6452
200|-7.6452|-7.6452
201|-7.6452|-7.6452
202|-7.6452|-7.6452
203|-7.6452|-7.6452
204|-7.6452|-7.6452
205|-7.6452|-7.6452
206|-7.6452|-7.6452
207|-7.6452|-7.6452
208|-7.6452|-7.6452
209|-7.6452|-7.6452
210|-7.6452|-7.6452
211|-7.6452|-7.6452
212|-7.6452|-7.6452
213|-7.6452|-7.6452
214|-7.6452|-7.6452
215|-7.6452|-7.6452
216|-7.6452|-7.6452
217|-7.6452|-7.6452
218|-7.6452|-7.6452
219|-7.6452|-7.6452
220|-7.6452|-7.6452
221|-7.6452|-7.6452
222|-7.6452|-7.6452
223|-7.6452|-7.6452
224|-7.6452|-7.6452
225|-7.6452|-7.6452
226|-7.6452|-7.6452
227|-7.6452|-7.6452
228|-7.6452|-7.6452
EARLY STOP: TARGET FOUND
264681ms
