1|-0.283749|-0.283749
2|-0.283861|-0.283861
3|-0.283876|-0.283876
4|-0.283876|-0.283876
5|-0.804158|-0.804158
6|-1.02308|-1.02308
7|-1.07311|-1.07311
8|-1.08001|-1.08001
9|-1.08004|-1.08004
10|-1.08004|-1.08004
11|-1.51959|-1.51959
12|-1.66722|-1.66722
13|-2.02184|-2.02184
14|-2.02412|-2.02412
15|-2.02519|-2.02519
16|-2.0252|-2.0252
17|-2.02533|-2.02533
18|-2.02533|-2.02533
19|-2.02554|-2.02554
20|-2.02569|-2.02569
21|-2.02571|-2.02571
22|-2.02571|-2.02571
23|-2.02572|-2.02572
24|-2.02572|-2.02572
25|-2.75722|-2.75722
26|-2.7654|-2.7654
27|-2.76628|-2.76628
28|-2.76655|-2.76655
29|-2.7666|-2.7666
30|-2.76662|-2.76662
31|-2.76662|-2.76662
32|-2.77422|-2.77422
33|-2.83|-2.83
34|-3.3519|-3.3519
35|-3.69598|-3.69598
36|-3.76512|-3.76512
37|-3.76653|-3.76653
38|-3.76662|-3.76662
39|-3.76662|-3.76662
40|-3.76662|-3.76662
41|-4.10403|-4.10403
42|-4.18939|-4.18939
43|-4.23331|-4.23331
44|-4.23605|-4.23605
45|-4.2364|-4.2364
46|-4.23648|-4.23648
47|-4.24131|-4.24131
48|-5.008|-5.008
49|-5.10175|-5.10175
50|-5.12162|-5.12162
51|-5.12633|-5.12633
52|-5.12691|-5.12691
53|-5.12698|-5.12698
54|-5.19895|-5.19895
55|-5.24875|-5.24875
56|-5.75874|-5.75874
57|-5.91284|-5.91284
58|-5.94763|-5.94763
59|-5.9642|-5.9642
60|-5.97226|-5.97226
61|-5.97425|-5.97425
62|-5.97524|-5.97524
63|-5.97573|-5.97573
64|-5.97586|-5.97586
65|-6.13606|-6.13606
66|-6.17665|-6.17665
67|-6.67657|-6.67657
68|-6.80487|-6.80487
69|-6.81431|-6.81431
70|-6.81641|-6.81641
71|-6.81667|-6.81667
72|-6.81673|-6.81673
73|-6.81673|-6.81673
74|-6.81673|-6.81673
75|-6.81673|-6.81673
76|-6.81673|-6.81673
77|-6.81673|-6.81673
78|-6.81673|-6.81673
79|-6.81673|-6.81673
80|-6.81673|-6.81673
81|-6.81673|-6.81673
82|-6.81673|-6.81673
83|-6.81673|-6.81673
84|-6.81673|-6.81673
85|-6.81673|-6.81673
86|-6.81673|-6.81673
87|-6.81673|-6.81673
88|-6.81673|-6.81673
89|-6.81673|-6.81673
90|-6.81673|-6.81673
91|-6.81673|-6.81673
92|-6.81673|-6.81673
93|-6.81673|-6.81673
94|-6.81673|-6.81673
95|-6.81673|-6.81673
96|-6.81673|-6.81673
97|-6.81673|-6.81673
98|-6.81673|-6.81673
99|-6.81673|-6.81673
100|-6.81673|-6.81673
101|-6.81673|-6.81673
102|-6.81673|-6.81673
103|-6.81673|-6.81673
104|-6.81673|-6.81673
105|-6.81673|-6.81673
106|-6.81673|-6.81673
107|-6.81673|-6.81673
108|-6.81673|-6.81673
109|-6.81673|-6.81673
110|-6.81673|-6.81673
111|-6.81673|-6.81673
112|-6.81673|-6.81673
113|-6.81673|-6.81673
114|-6.81673|-6.81673
115|-6.81673|-6.81673
116|-6.81673|-6.81673
117|-6.81673|-6.81673
118|-6.81673|-6.81673
119|-6.81673|-6.81673
120|-6.81673|-6.81673
121|-6.81673|-6.81673
122|-6.81673|-6.81673
123|-6.81673|-6.81673
124|-6.81673|-6.81673
125|-6.81673|-6.81673
126|-6.81673|-6.81673
127|-6.81673|-6.81673
128|-6.81673|-6.81673
129|-6.81673|-6.81673
130|-6.81673|-6.81673
131|-6.81673|-6.81673
132|-6.81673|-6.81673
133|-6.81673|-6.81673
134|-6.81673|-6.81673
135|-6.81673|-6.81673
136|-6.81673|-6.81673
137|-6.81673|-6.81673
138|-6.81673|-6.81673
139|-6.81673|-6.81673
140|-6.81673|-6.81673
141|-6.81673|-6.81673
142|-6.81673|-6.81673
143|-6.81673|-6.81673
144|-6.81673|-6.81673
145|-6.81673|-6.81673
146|-6.81673|-6.81673
147|-6.81673|-6.81673
148|-6.81673|-6.81673
149|-6.81673|-6.81673
150|-6.81673|-6.81673
151|-6.81673|-6.81673
152|-6.81673|-6.81673
153|-6.81673|-6.81673
154|-6.81673|-6.81673
155|-6.81673|-6.81673
156|-6.81673|-6.81673
157|-6.81673|-6.81673
158|-6.81673|-6.81673
159|-6.81673|-6.81673
160|-6.81673|-6.81673
161|-6.81673|-6.81673
162|-6.81673|-6.81673
163|-6.81673|-6.81673
164|-6.81673|-6.81673
165|-6.81673|-6.81673
166|-6.81673|-6.81673
167|-6.81673|-6.81673
168|-6.81673|-6.81673
169|-6.81673|-6.81673
170|-6.81673|-6.81673
171|-6.81673|-6.81673
172|-6.81673|-6.81673
173|-6.81673|-6.81673
174|-6.81673|-6.81673
175|-6.81673|-6.81673
176|-6.81673|-6.81673
177|-6.81673|-6.81673
178|-6.81673|-6.81673
179|-6.81673|-6.81673
180|-6.81673|-6.81673
181|-6.81673|-6.81673
182|-6.81673|-6.81673
183|-6.81673|-6.81673
184|-6.81673|-6.81673
185|-6.81673|-6.81673
186|-6.81673|-6.81673
187|-6.81673|-6.81673
188|-6.81673|-6.81673
189|-6.81673|-6.81673
190|-6.81673|-6.81673
191|-6.81673|-6.81673
192|-6.81673|-6.81673
193|-6.81673|-6.81673
194|-6.81673|-6.81673
195|-6.81673|-6.81673
196|-6.81673|-6.81673
197|-6.81673|-6.81673
198|-6.81673|-6.81673
199|-6.81673|-6.81673
200|-6.81673|-6.81673
201|-6.81673|-6.81673
202|-6.81673|-6.81673
203|-6.81673|-6.81673
204|-6.81673|-6.81673
205|-6.81673|-6.81673
206|-6.81673|-6.81673
207|-6.81673|-6.81673
208|-6.81673|-6.81673
209|-6.81673|-6.81673
210|-6.81673|-6.81673
211|-6.81673|-6.81673
212|-6.81673|-6.81673
213|-6.81673|-6.81673
214|-6.81673|-6.81673
215|-6.81673|-6.81673
216|-6.81673|-6.81673
217|-6.81673|-6.81673
218|-6.81673|-6.81673
219|-6.81673|-6.81673
220|-6.81673|-6.81673
221|-6.81673|-6.81673
222|-6.81673|-6.81673
EARLY STOP: TARGET FOUND
258352ms
