1|215.757|215.757
2|210.012|210.012
3|209.798|209.798
4|209.589|209.589
5|209.582|209.582
6|209.58|209.58
7|209.58|209.58
8|191.148|191.148
9|191.14|191.14
10|191.136|191.136
11|191.135|191.135
12|191.134|191.134
13|191.134|191.134
14|191.134|191.134
15|175.538|175.538
16|167.935|167.935
17|167.551|167.551
18|165.091|165.091
19|164.444|164.444
20|163.767|163.767
21|159.452|159.452
22|159.443|159.443
23|159.443|159.443
24|159.442|159.442
25|159.442|159.442
26|159.442|159.442
27|159.442|159.442
28|139.724|139.724
29|137.62|137.62
30|137.469|137.469
31|137.455|137.455
32|137.453|137.453
33|137.452|137.452
34|137.452|137.452
35|121.814|121.814
36|121.181|121.181
37|121.103|121.103
38|113.678|113.678
39|108.168|108.168
40|94.0989|94.0989
41|92.6073|92.6073
42|92.6007|92.6007
43|92.6|92.6
44|92.5999|92.5999
45|92.5998|92.5998
46|82.1251|82.1251
47|80.3779|80.3779
48|78.4313|78.4313
49|75.1881|75.1881
50|74.6971|74.6971
51|74.5065|74.5065
52|74.4254|74.4254
53|74.3884|74.3884
54|74.3708|74.3708
55|74.3665|74.3665
56|74.3663|74.3663
57|74.3661|74.3661
58|51.6133|51.6133
59|49.4528|49.4528
60|49.2859|49.2859
61|49.2617|49.2617
62|49.2615|49.2615
63|49.2615|49.2615
64|49.2615|49.2615
65|44.7772|44.7772
66|29.505|29.505
67|26.2243|26.2243
68|25.3877|25.3877
69|25.1992|25.1992
70|25.1641|25.1641
71|25.1615|25.1615
72|25.1611|25.1611
73|25.1611|25.1611
74|14.8551|14.8551
75|10.2008|10.2008
76|10.2006|10.2006
77|10.2006|10.2006
78|10.2006|10.2006
79|10.2006|10.2006
80|10.2006|10.2006
81|10.2006|10.2006
82|10.2006|10.2006
83|10.2006|10.2006
84|10.2006|10.2006
85|10.2006|10.2006
86|10.2006|10.2006
87|10.2006|10.2006
88|10.2006|10.2006
89|10.2006|10.2006
90|10.2006|10.2006
91|10.2006|10.2006
92|10.2006|10.2006
93|10.2006|10.2006
94|10.2006|10.2006
95|10.2006|10.2006
96|10.2006|10.2006
97|10.2006|10.2006
98|10.2006|10.2006
99|10.2006|10.2006
100|10.2006|10.2006
101|10.2006|10.2006
102|10.2006|10.2006
103|10.2006|10.2006
104|10.2006|10.2006
105|10.2006|10.2006
106|10.2006|10.2006
107|10.2006|10.2006
108|10.2006|10.2006
109|10.2006|10.2006
110|10.2006|10.2006
111|10.2006|10.2006
112|10.2006|10.2006
113|10.2006|10.2006
114|10.2006|10.2006
115|10.2006|10.2006
116|10.2006|10.2006
117|10.2006|10.2006
118|10.2006|10.2006
119|10.2006|10.2006
120|10.2006|10.2006
121|10.2006|10.2006
122|10.2006|10.2006
123|10.2006|10.2006
124|10.2006|10.2006
125|10.2006|10.2006
126|10.2006|10.2006
127|10.2006|10.2006
128|10.2006|10.2006
129|10.2006|10.2006
130|10.2006|10.2006
131|10.2006|10.2006
132|10.2006|10.2006
133|10.2006|10.2006
134|10.2006|10.2006
135|10.2006|10.2006
136|10.2006|10.2006
137|10.2006|10.2006
138|10.2006|10.2006
139|10.2006|10.2006
140|10.2006|10.2006
141|10.2006|10.2006
142|10.2006|10.2006
143|10.2006|10.2006
144|10.2006|10.2006
145|10.2006|10.2006
146|10.2006|10.2006
147|10.2006|10.2006
148|10.2006|10.2006
149|10.2006|10.2006
150|10.2006|10.2006
151|10.2006|10.2006
152|10.2006|10.2006
153|10.2006|10.2006
154|10.2006|10.2006
155|10.2006|10.2006
156|10.2006|10.2006
157|10.2006|10.2006
158|10.2006|10.2006
159|10.2006|10.2006
160|10.2006|10.2006
161|10.2006|10.2006
162|10.2006|10.2006
163|10.2006|10.2006
164|10.2006|10.2006
165|10.2006|10.2006
166|10.2006|10.2006
167|10.2006|10.2006
168|10.2006|10.2006
169|10.2006|10.2006
170|10.2006|10.2006
171|10.2006|10.2006
172|10.2006|10.2006
173|10.2006|10.2006
174|10.2006|10.2006
175|10.2006|10.2006
176|10.2006|10.2006
177|10.2006|10.2006
178|10.2006|10.2006
179|10.2006|10.2006
180|10.2006|10.2006
181|10.2006|10.2006
182|10.2006|10.2006
183|10.2006|10.2006
184|10.2006|10.2006
185|10.2006|10.2006
186|10.2006|10.2006
187|10.2006|10.2006
188|10.2006|10.2006
189|10.2006|10.2006
190|10.2006|10.2006
191|10.2006|10.2006
192|10.2006|10.2006
193|10.2006|10.2006
194|10.2006|10.2006
195|10.2006|10.2006
196|10.2006|10.2006
197|10.2006|10.2006
198|10.2006|10.2006
199|10.2006|10.2006
200|10.2006|10.2006
201|10.2006|10.2006
202|10.2006|10.2006
203|10.2006|10.2006
204|10.2006|10.2006
205|10.2006|10.2006
206|10.2006|10.2006
207|10.2006|10.2006
208|10.2006|10.2006
209|10.2006|10.2006
210|10.2006|10.2006
211|10.2006|10.2006
212|10.2006|10.2006
213|10.2006|10.2006
214|10.2006|10.2006
215|10.2006|10.2006
216|10.2006|10.2006
217|10.2006|10.2006
218|10.2006|10.2006
219|10.2006|10.2006
220|10.2006|10.2006
221|10.2006|10.2006
222|10.2006|10.2006
223|10.2006|10.2006
224|10.2006|10.2006
225|10.2006|10.2006
226|10.2006|10.2006
227|10.2006|10.2006
228|10.2006|10.2006
229|10.2006|10.2006
EARLY STOP: TARGET FOUND
264201ms
