1|-1.76895|-1.76895
2|-2.16759|-2.16759
3|-2.57|-2.57
4|-2.57014|-2.57014
5|-2.57022|-2.57022
6|-2.57023|-2.57023
7|-2.57023|-2.57023
8|-2.57023|-2.57023
9|-2.57023|-2.57023
10|-3.47387|-3.47387
11|-3.57023|-3.57023
12|-3.57023|-3.57023
13|-3.88631|-3.88631
14|-4.25496|-4.25496
15|-4.46884|-4.46884
16|-4.5069|-4.5069
17|-4.50694|-4.50694
18|-4.50695|-4.50695
19|-4.50695|-4.50695
20|-4.50695|-4.50695
21|-5.05328|-5.05328
22|-5.07644|-5.07644
23|-5.07951|-5.07951
24|-5.07982|-5.07982
25|-5.07985|-5.07985
26|-5.07987|-5.07987
27|-5.1377|-5.1377
28|-5.4144|-5.4144
29|-5.42041|-5.42041
30|-5.4302|-5.4302
31|-5.43033|-5.43033
32|-5.43035|-5.43035
33|-5.43035|-5.43035
34|-5.43038|-5.43038
35|-5.43038|-5.43038
36|-5.43038|-5.43038
37|-5.80648|-5.80648
38|-6.42039|-6.42039
39|-6.42067|-6.42067
40|-6.42067|-6.42067
41|-6.72124|-6.72124
42|-7.08007|-7.08007
43|-7.12073|-7.12073
44|-7.12829|-7.12829
45|-7.12879|-7.12879
46|-7.12887|-7.12887
47|-7.12887|-7.12887
48|-7.75769|-7.75769
49|-7.80155|-7.80155
50|-7.80446|-7.80446
51|-7.8046|-7.8046
52|-7.8046|-7.8046
53|-7.80462|-7.80462
54|-8.43638|-8.43638
55|-8.44496|-8.44496
56|-8.44528|-8.44528
57|-8.44529|-8.44529
58|-8.4453|-8.4453
59|-8.4453|-8.4453
60|-8.4453|-8.4453
61|-8.4453|-8.4453
62|-8.4453|-8.4453
63|-8.4453|-8.4453
64|-8.4453|-8.4453
65|-8.4453|-8.4453
66|-8.4453|-8.4453
67|-8.4453|-8.4453
68|-8.4453|-8.4453
69|-8.4453|-8.4453
70|-8.4453|-8.4453
71|-8.4453|-8.4453
72|-8.4453|-8.4453
73|-8.4453|-8.4453
74|-8.4453|-8.4453
75|-8.4453|-8.4453
76|-8.4453|-8.4453
77|-8.4453|-8.4453
78|-8.4453|-8.4453
79|-8.4453|-8.4453
80|-8.4453|-8.4453
81|-8.4453|-8.4453
82|-8.4453|-8.4453
83|-8.4453|-8.4453
84|-8.4453|-8.4453
85|-8.4453|-8.4453
86|-8.4453|-8.4453
87|-8.4453|-8.4453
88|-8.4453|-8.4453
89|-8.4453|-8.4453
90|-8.4453|-8.4453
91|-8.4453|-8.4453
92|-8.4453|-8.4453
93|-8.4453|-8.4453
94|-8.4453|-8.4453
95|-8.4453|-8.4453
96|-8.4453|-8.4453
97|-8.4453|-8.4453
98|-8.4453|-8.4453
99|-8.4453|-8.4453
100|-8.4453|-8.4453
101|-8.4453|-8.4453
102|-8.4453|-8.4453
103|-8.4453|-8.4453
104|-8.4453|-8.4453
105|-8.4453|-8.4453
106|-8.4453|-8.4453
107|-8.4453|-8.4453
108|-8.4453|-8.4453
109|-8.4453|-8.4453
110|-8.4453|-8.4453
111|-8.4453|-8.4453
112|-8.4453|-8.4453
113|-8.4453|-8.4453
114|-8.4453|-8.4453
115|-8.4453|-8.4453
116|-8.4453|-8.4453
117|-8.4453|-8.4453
118|-8.4453|-8.4453
119|-8.4453|-8.4453
120|-8.4453|-8.4453
121|-8.4453|-8.4453
122|-8.4453|-8.4453
123|-8.4453|-8.4453
124|-8.4453|-8.4453
125|-8.4453|-8.4453
126|-8.4453|-8.4453
127|-8.4453|-8.4453
128|-8.4453|-8.4453
129|-8.4453|-8.4453
130|-8.4453|-8.4453
131|-8.4453|-8.4453
132|-8.4453|-8.4453
133|-8.4453|-8.4453
134|-8.4453|-8.4453
135|-8.4453|-8.4453
136|-8.4453|-8.4453
137|-8.4453|-8.4453
138|-8.4453|-8.4453
139|-8.4453|-8.4453
140|-8.4453|-8.4453
141|-8.4453|-8.4453
142|-8.4453|-8.4453
143|-8.4453|-8.4453
144|-8.4453|-8.4453
145|-8.4453|-8.4453
146|-8.4453|-8.4453
147|-8.4453|-8.4453
148|-8.4453|-8.4453
149|-8.4453|-8.4453
150|-8.4453|-8.4453
151|-8.4453|-8.4453
152|-8.4453|-8.4453
153|-8.4453|-8.4453
154|-8.4453|-8.4453
155|-8.4453|-8.4453
156|-8.4453|-8.4453
157|-8.4453|-8.4453
158|-8.4453|-8.4453
159|-8.4453|-8.4453
160|-8.4453|-8.4453
161|-8.4453|-8.4453
162|-8.4453|-8.4453
163|-8.4453|-8.4453
164|-8.4453|-8.4453
165|-8.4453|-8.4453
166|-8.4453|-8.4453
167|-8.4453|-8.4453
168|-8.4453|-8.4453
169|-8.4453|-8.4453
170|-8.4453|-8.4453
171|-8.4453|-8.4453
172|-8.4453|-8.4453
173|-8.4453|-8.4453
174|-8.4453|-8.4453
175|-8.4453|-8.4453
176|-8.4453|-8.4453
177|-8.4453|-8.4453
178|-8.4453|-8.4453
179|-8.4453|-8.4453
180|-8.4453|-8.4453
181|-8.4453|-8.4453
182|-8.4453|-8.4453
183|-8.4453|-8.4453
184|-8.4453|-8.4453
185|-8.4453|-8.4453
186|-8.4453|-8.4453
187|-8.4453|-8.4453
188|-8.4453|-8.4453
189|-8.4453|-8.4453
190|-8.4453|-8.4453
191|-8.4453|-8.4453
192|-8.4453|-8.4453
193|-8.4453|-8.4453
194|-8.4453|-8.4453
195|-8.4453|-8.4453
196|-8.4453|-8.4453
197|-8.4453|-8.4453
198|-8.4453|-8.4453
199|-8.4453|-8.4453
200|-8.4453|-8.4453
201|-8.4453|-8.4453
202|-8.4453|-8.4453
203|-8.4453|-8.4453
204|-8.4453|-8.4453
205|-8.4453|-8.4453
206|-8.4453|-8.4453
207|-8.4453|-8.4453
208|-8.4453|-8.4453
EARLY STOP: TARGET FOUND
255711ms
