1|240.712|240.712
2|240.416|240.416
3|240.344|240.344
4|240.327|240.327
5|240.324|240.324
6|240.323|240.323
7|240.323|240.323
8|236.429|236.429
9|235.71|235.71
10|235.658|235.658
11|235.652|235.652
12|233.41|233.41
13|229.055|229.055
14|229.055|229.055
15|228.107|228.107
16|227.94|227.94
17|227.93|227.93
18|227.929|227.929
19|203.555|203.555
20|203.555|203.555
21|203.523|203.523
22|203.523|203.523
23|203.523|203.523
24|203.523|203.523
25|187.186|187.186
26|186.361|186.361
27|186.256|186.256
28|186.256|186.256
29|181.747|181.747
30|180.722|180.722
31|180.517|180.517
32|180.491|180.491
33|179.432|179.432
34|179.432|179.432
35|179.209|179.209
36|179.175|179.175
37|179.175|179.175
38|179.174|179.174
39|179.174|179.174
40|179.174|179.174
41|173.27|173.27
42|169.831|169.831
43|169.34|169.34
44|169.337|169.337
45|169.336|169.336
46|169.336|169.336
47|168.211|168.211
48|167.955|167.955
49|167.904|167.904
50|167.899|167.899
51|167.898|167.898
52|167.898|167.898
53|167.898|167.898
54|167.898|167.898
55|163.052|163.052
56|163.052|163.052
57|159.348|159.348
58|158.725|158.725
59|158.697|158.697
60|158.697|158.697
61|154.123|154.123
62|153.065|153.065
63|153.065|153.065
64|152.843|152.843
65|152.809|152.809
66|152.809|152.809
67|152.808|152.808
68|152.808|152.808
69|147.933|147.933
70|146.725|146.725
71|146.428|146.428
72|146.356|146.356
73|146.34|146.34
74|146.336|146.336
75|146.336|146.336
76|146.335|146.335
77|146.335|146.335
78|138.1|138.1
79|135.243|135.243
80|135.041|135.041
81|135.041|135.041
82|135.023|135.023
83|135.018|135.018
84|135.017|135.017
85|135.017|135.017
86|135.017|135.017
87|113.556|113.556
88|113.556|113.556
89|113.362|113.362
90|113.362|113.362
91|113.345|113.345
92|113.342|113.342
93|113.341|113.341
94|113.341|113.341
95|113.341|113.341
96|113.341|113.341
97|90.4092|90.4092
98|90.3064|90.3064
99|89.2138|89.2138
100|89.2137|89.2137
101|88.9746|88.9746
102|88.9319|88.9319
103|88.9292|88.9292
104|88.929|88.929
105|88.929|88.929
106|88.929|88.929
107|85.7072|85.7072
108|85.4137|85.4137
109|85.3438|85.3438
110|85.328|85.328
111|85.328|85.328
112|85.3249|85.3249
113|85.3247|85.3247
114|85.3246|85.3246
115|85.3246|85.3246
116|82.0556|82.0556
117|81.7504|81.7504
118|81.6746|81.6746
119|81.6558|81.6558
120|81.6513|81.6513
121|81.6502|81.6502
122|81.65|81.65
123|81.6499|81.6499
124|81.6499|81.6499
125|79.5759|79.5759
126|75.1792|75.1792
127|74.2096|74.2096
128|74.0321|74.0321
129|74.0197|74.0197
130|74.0197|74.0197
131|74.0186|74.0186
132|74.0186|74.0186
133|74.0183|74.0183
134|74.0183|74.0183
135|70.7833|70.7833
136|70.4866|70.4866
137|70.4151|70.4151
138|70.3985|70.3985
139|70.3985|70.3985
140|70.395|70.395
141|70.395|70.395
142|70.3944|70.3944
143|70.3944|70.3944
144|46.6595|46.6595
145|46.6076|46.6076
146|46.6009|46.6009
147|46.6009|46.6009
148|46.6009|46.6009
149|40.5208|40.5208
150|40.5208|40.5208
151|37.1256|37.1256
152|37.1256|37.1256
153|36.6568|36.6568
154|36.6547|36.6547
155|36.6547|36.6547
156|36.6547|36.6547
157|36.4168|36.4168
158|36.3747|36.3747
159|36.3721|36.3721
160|36.372|36.372
161|36.372|36.372
162|36.2221|36.2221
163|36.2178|36.2178
164|36.2169|36.2169
165|36.2167|36.2167
166|36.2167|36.2167
167|36.2167|36.2167
168|32.6612|32.6612
169|32.1122|32.1122
170|32.1122|32.1122
171|32.1012|32.1012
172|32.1012|32.1012
173|32.1004|32.1004
174|32.1004|32.1004
175|32.1004|32.1004
176|32.1004|32.1004
177|32.1004|32.1004
178|31.9697|31.9697
179|31.9697|31.9697
180|31.9678|31.9678
181|31.9678|31.9678
182|31.9678|31.9678
183|22.2359|22.2359
184|19.7537|19.7537
185|19.6451|19.6451
186|19.645|19.645
187|19.645|19.645
188|19.645|19.645
189|19.1354|19.1354
190|19.1307|19.1307
191|19.1296|19.1296
192|19.1293|19.1293
193|19.1293|19.1293
194|19.1293|19.1293
195|15.2581|15.2581
196|15.2581|15.2581
197|14.5513|14.5513
198|14.5026|14.5026
199|14.4985|14.4985
200|14.4985|14.4985
201|14.4976|14.4976
202|14.4974|14.4974
203|14.4974|14.4974
204|14.4974|14.4974
205|14.4974|14.4974
206|1.72255|1.72255
207|1.72255|1.72255
208|1.72255|1.72255
209|1.72255|1.72255
210|1.72255|1.72255
211|1.72255|1.72255
212|1.72255|1.72255
213|1.72255|1.72255
214|1.72255|1.72255
215|1.72255|1.72255
216|1.72255|1.72255
217|1.72255|1.72255
218|1.72255|1.72255
219|1.72255|1.72255
220|1.72255|1.72255
221|1.72255|1.72255
222|1.72255|1.72255
223|1.72255|1.72255
224|1.72255|1.72255
225|1.72255|1.72255
226|1.72254|1.72254
227|0.00105412|0.00105412
EARLY STOP: TARGET FOUND
1229074ms
