1|-1.11702|-1.11702
2|-1.41508|-1.41508
3|-1.4299|-1.4299
4|-1.43353|-1.43353
5|-1.43364|-1.43364
6|-1.43367|-1.43367
7|-1.43368|-1.43368
8|-1.43368|-1.43368
9|-1.43368|-1.43368
10|-1.43368|-1.43368
11|-2.2889|-2.2889
12|-2.428|-2.428
13|-2.43237|-2.43237
14|-2.4334|-2.4334
15|-2.43363|-2.43363
16|-2.43367|-2.43367
17|-2.43368|-2.43368
18|-2.43368|-2.43368
19|-2.79675|-2.79675
20|-2.85046|-2.85046
21|-2.85731|-2.85731
22|-2.85817|-2.85817
23|-2.85839|-2.85839
24|-2.85844|-2.85844
25|-2.85859|-2.85859
26|-2.85889|-2.85889
27|-2.85902|-2.85902
28|-2.8591|-2.8591
29|-2.85912|-2.85912
30|-2.85913|-2.85913
31|-2.85913|-2.85913
32|-2.85913|-2.85913
33|-3.12733|-3.12733
34|-3.23064|-3.23064
35|-3.6839|-3.6839
36|-3.68643|-3.68643
37|-3.68927|-3.68927
38|-3.68992|-3.68992
39|-3.69|-3.69
40|-3.7086|-3.7086
41|-4.09394|-4.09394
42|-4.09576|-4.09576
43|-4.09899|-4.09899
44|-4.09904|-4.09904
45|-4.09905|-4.09905
46|-4.30369|-4.30369
47|-4.32528|-4.32528
48|-4.32789|-4.32789
49|-4.32854|-4.32854
50|-4.32887|-4.32887
51|-4.32903|-4.32903
52|-4.32911|-4.32911
53|-4.76269|-4.76269
54|-4.91595|-4.91595
55|-4.95362|-4.95362
56|-4.97207|-4.97207
57|-4.98117|-4.98117
58|-4.98343|-4.98343
59|-4.984|-4.984
60|-4.98428|-4.98428
61|-5.34436|-5.34436
62|-5.39109|-5.39109
63|-5.40075|-5.40075
64|-5.40302|-5.40302
65|-5.40357|-5.40357
66|-5.40385|-5.40385
67|-6.19698|-6.19698
68|-6.39494|-6.39494
69|-6.40172|-6.40172
70|-6.40337|-6.40337
71|-6.40375|-6.40375
72|-6.40383|-6.40383
73|-6.40385|-6.40385
74|-6.40385|-6.40385
75|-6.40385|-6.40385
76|-6.40385|-6.40385
77|-6.40385|-6.40385
78|-6.40385|-6.40385
79|-6.40385|-6.40385
80|-6.40385|-6.40385
81|-6.40385|-6.40385
82|-6.40385|-6.40385
83|-6.40385|-6.40385
84|-6.40385|-6.40385
85|-6.40385|-6.40385
86|-6.40385|-6.40385
87|-6.40385|-6.40385
88|-6.40385|-6.40385
89|-6.40385|-6.40385
90|-6.40385|-6.40385
91|-6.40385|-6.40385
92|-6.40385|-6.40385
93|-6.40385|-6.40385
94|-6.40385|-6.40385
95|-6.40385|-6.40385
96|-6.40385|-6.40385
97|-6.40385|-6.40385
98|-6.40385|-6.40385
99|-6.40385|-6.40385
100|-6.40385|-6.40385
101|-6.40385|-6.40385
102|-6.40385|-6.40385
103|-6.40385|-6.40385
104|-6.40385|-6.40385
105|-6.40385|-6.40385
106|-6.40385|-6.40385
107|-6.40385|-6.40385
108|-6.40385|-6.40385
109|-6.40385|-6.40385
110|-6.40385|-6.40385
111|-6.40385|-6.40385
112|-6.40385|-6.40385
113|-6.40385|-6.40385
114|-6.40385|-6.40385
115|-6.40385|-6.40385
116|-6.40385|-6.40385
117|-6.40385|-6.40385
118|-6.40385|-6.40385
119|-6.40385|-6.40385
120|-6.40385|-6.40385
121|-6.40385|-6.40385
122|-6.40385|-6.40385
123|-6.40385|-6.40385
124|-6.40385|-6.40385
125|-6.40385|-6.40385
126|-6.40385|-6.40385
127|-6.40385|-6.40385
128|-6.40385|-6.40385
129|-6.40385|-6.40385
130|-6.40385|-6.40385
131|-6.40385|-6.40385
132|-6.40385|-6.40385
133|-6.40385|-6.40385
134|-6.40385|-6.40385
135|-6.40385|-6.40385
136|-6.40385|-6.40385
137|-6.40385|-6.40385
138|-6.40385|-6.40385
139|-6.40385|-6.40385
140|-6.40385|-6.40385
141|-6.40385|-6.40385
142|-6.40385|-6.40385
143|-6.40385|-6.40385
144|-6.40385|-6.40385
145|-6.40385|-6.40385
146|-6.40385|-6.40385
147|-6.40385|-6.40385
148|-6.40385|-6.40385
149|-6.40385|-6.40385
150|-6.40385|-6.40385
151|-6.40385|-6.40385
152|-6.40385|-6.40385
153|-6.40385|-6.40385
154|-6.40385|-6.40385
155|-6.40385|-6.40385
156|-6.40385|-6.40385
157|-6.40385|-6.40385
158|-6.40385|-6.40385
159|-6.40385|-6.40385
160|-6.40385|-6.40385
161|-6.40385|-6.40385
162|-6.40385|-6.40385
163|-6.40385|-6.40385
164|-6.40385|-6.40385
165|-6.40385|-6.40385
166|-6.40385|-6.40385
167|-6.40385|-6.40385
168|-6.40385|-6.40385
169|-6.40385|-6.40385
170|-6.40385|-6.40385
171|-6.40385|-6.40385
172|-6.40385|-6.40385
173|-6.40385|-6.40385
174|-6.40385|-6.40385
175|-6.40385|-6.40385
176|-6.40385|-6.40385
177|-6.40385|-6.40385
178|-6.40385|-6.40385
179|-6.40385|-6.40385
180|-6.40385|-6.40385
181|-6.40385|-6.40385
182|-6.40385|-6.40385
183|-6.40385|-6.40385
184|-6.40385|-6.40385
185|-6.40385|-6.40385
186|-6.40385|-6.40385
187|-6.40385|-6.40385
188|-6.40385|-6.40385
189|-6.40385|-6.40385
190|-6.40385|-6.40385
191|-6.40385|-6.40385
192|-6.40385|-6.40385
193|-6.40385|-6.40385
194|-6.40385|-6.40385
195|-6.40385|-6.40385
196|-6.40385|-6.40385
197|-6.40385|-6.40385
198|-6.40385|-6.40385
199|-6.40385|-6.40385
200|-6.40385|-6.40385
201|-6.40385|-6.40385
202|-6.40385|-6.40385
203|-6.40385|-6.40385
204|-6.40385|-6.40385
205|-6.40385|-6.40385
206|-6.40385|-6.40385
207|-6.40385|-6.40385
208|-6.40385|-6.40385
209|-6.40385|-6.40385
210|-6.40385|-6.40385
211|-6.40385|-6.40385
212|-6.40385|-6.40385
213|-6.40385|-6.40385
214|-6.40385|-6.40385
215|-6.40385|-6.40385
216|-6.40385|-6.40385
217|-6.40385|-6.40385
218|-6.40385|-6.40385
219|-6.40385|-6.40385
220|-6.40385|-6.40385
221|-6.40385|-6.40385
222|-6.40385|-6.40385
223|-6.40385|-6.40385
224|-6.40385|-6.40385
EARLY STOP: TARGET FOUND
255727ms
