1|-172.012|-172.012
2|-236.746|-236.746
3|-242.732|-242.732
4|-242.829|-242.829
5|-242.83|-242.83
6|-242.83|-242.83
7|-255.95|-255.95
8|-364.906|-364.906
9|-364.937|-364.937
10|-364.947|-364.947
11|-364.949|-364.949
12|-364.95|-364.95
13|-364.951|-364.951
14|-412.311|-412.311
15|-430.927|-430.927
16|-433.006|-433.006
17|-434.023|-434.023
18|-434.527|-434.527
19|-434.653|-434.653
20|-434.715|-434.715
21|-434.731|-434.731
22|-434.739|-434.739
23|-434.74|-434.74
24|-434.741|-434.741
25|-466.864|-466.864
26|-472.641|-472.641
27|-473.939|-473.939
28|-474.566|-474.566
29|-474.721|-474.721
30|-474.798|-474.798
31|-474.836|-474.836
32|-474.846|-474.846
33|-474.847|-474.847
34|-474.848|-474.848
35|-476.677|-476.677
36|-476.677|-476.677
37|-477.572|-477.572
38|-478.013|-478.013
39|-478.068|-478.068
40|-478.082|-478.082
41|-742.759|-742.759
42|-811.489|-811.489
43|-888.832|-888.832
44|-937.761|-937.761
45|-959.458|-959.458
46|-995.164|-995.164
47|-999.545|-999.545
48|-1001.73|-1001.73
49|-1002.82|-1002.82
50|-1002.83|-1002.83
51|-1002.84|-1002.84
52|-1002.85|-1002.85
53|-1002.85|-1002.85
54|-1002.85|-1002.85
55|-1127.91|-1127.91
56|-1140.97|-1140.97
57|-1143.66|-1143.66
58|-1144.92|-1144.92
59|-1144.92|-1144.92
60|-1144.92|-1144.92
61|-1144.93|-1144.93
62|-1144.93|-1144.93
63|-1144.93|-1144.93
64|-1144.93|-1144.93
65|-1310.16|-1310.16
66|-1401.66|-1401.66
67|-1404.94|-1404.94
68|-1405.03|-1405.03
69|-1405.07|-1405.07
70|-1405.08|-1405.08
71|-1405.08|-1405.08
72|-1457.91|-1457.91
73|-1544.37|-1544.37
74|-1586.94|-1586.94
75|-1588.26|-1588.26
76|-1588.91|-1588.91
77|-1589.24|-1589.24
78|-1589.33|-1589.33
79|-1589.35|-1589.35
80|-1589.36|-1589.36
81|-1589.36|-1589.36
82|-1589.36|-1589.36
83|-2006.17|-2006.17
84|-2098.48|-2098.48
85|-2223.14|-2223.14
86|-2235.84|-2235.84
87|-2238.44|-2238.44
88|-2238.59|-2238.59
89|-2238.67|-2238.67
90|-2238.71|-2238.71
91|-2238.71|-2238.71
92|-2238.71|-2238.71
93|-2238.71|-2238.71
94|-2271.91|-2271.91
95|-2289.07|-2289.07
96|-2312.4|-2312.4
97|-2348.05|-2348.05
98|-2352.42|-2352.42
99|-2353.51|-2353.51
100|-2353.78|-2353.78
101|-2353.85|-2353.85
102|-2353.88|-2353.88
103|-2353.9|-2353.9
104|-2353.91|-2353.91
105|-2353.91|-2353.91
106|-2393.43|-2393.43
107|-2489.31|-2489.31
108|-2489.46|-2489.46
109|-2489.53|-2489.53
110|-2489.54|-2489.54
111|-2489.54|-2489.54
112|-2489.54|-2489.54
113|-2489.54|-2489.54
114|-2603.63|-2603.63
115|-2603.64|-2603.64
116|-3054.48|-3054.48
117|-3055.09|-3055.09
118|-3055.09|-3055.09
119|-3055.1|-3055.1
120|-3055.1|-3055.1
121|-3383.49|-3383.49
122|-3584.32|-3584.32
123|-3651.07|-3651.07
124|-3725.7|-3725.7
125|-3728.98|-3728.98
126|-3729.28|-3729.28
127|-3729.61|-3729.61
128|-3729.62|-3729.62
129|-3729.62|-3729.62
130|-3729.62|-3729.62
131|-3748.74|-3748.74
132|-3763.93|-3763.93
133|-3799.86|-3799.86
134|-3808.67|-3808.67
135|-3813.04|-3813.04
136|-3814.13|-3814.13
137|-3814.68|-3814.68
138|-3814.95|-3814.95
139|-3814.96|-3814.96
140|-3814.96|-3814.96
141|-3841.25|-3841.25
142|-4028.4|-4028.4
143|-4199.53|-4199.53
144|-4244.77|-4244.77
145|-4289.93|-4289.93
146|-4299.09|-4299.09
147|-4303.34|-4303.34
148|-4305.38|-4305.38
149|-4305.63|-4305.63
150|-4305.69|-4305.69
151|-4305.7|-4305.7
152|-4305.71|-4305.71
153|-4305.72|-4305.72
154|-4305.72|-4305.72
155|-4305.72|-4305.72
156|-4305.72|-4305.72
157|-4317.08|-4317.08
158|-4353.14|-4353.14
159|-4370.75|-4370.75
160|-4371.84|-4371.84
161|-4372.39|-4372.39
162|-4372.66|-4372.66
163|-4372.69|-4372.69
164|-4372.7|-4372.7
165|-4372.7|-4372.7
166|-4372.7|-4372.7
167|-4429.76|-4429.76
168|-4493.88|-4493.88
169|-4586.16|-4586.16
170|-4586.51|-4586.51
171|-4586.66|-4586.66
172|-4586.73|-4586.73
173|-4586.75|-4586.75
174|-4586.76|-4586.76
175|-4586.76|-4586.76
176|-4586.76|-4586.76
177|-5036.06|-5036.06
178|-5036.85|-5036.85
179|-5036.88|-5036.88
180|-5036.89|-5036.89
181|-5036.89|-5036.89
182|-5396.41|-5396.41
183|-5470.78|-5470.78
184|-5600.78|-5600.78
185|-5634.8|-5634.8
186|-5641.08|-5641.08
187|-5643.87|-5643.87
188|-5645.18|-5645.18
189|-5645.81|-5645.81
190|-5646.12|-5646.12
191|-5646.28|-5646.28
192|-5646.3|-5646.3
193|-5646.3|-5646.3
194|-5646.31|-5646.31
195|-5699.43|-5699.43
196|-5815.75|-5815.75
197|-5936.96|-5936.96
198|-5971.41|-5971.41
199|-5983.27|-5983.27
200|-5983.58|-5983.58
201|-5983.74|-5983.74
202|-5983.76|-5983.76
203|-5983.76|-5983.76
204|-6038.31|-6038.31
205|-6162|-6162
206|-6196.11|-6196.11
207|-6207.79|-6207.79
208|-6207.79|-6207.79
209|-6207.79|-6207.79
210|-6207.79|-6207.79
211|-6350.48|-6350.48
212|-6393.04|-6393.04
213|-6394.35|-6394.35
214|-6394.52|-6394.52
215|-6394.52|-6394.52
216|-6561.28|-6561.28
217|-6753.63|-6753.63
218|-6777.07|-6777.07
219|-6791.35|-6791.35
220|-6826.85|-6826.85
221|-6844.61|-6844.61
222|-6853.37|-6853.37
223|-6854.46|-6854.46
224|-6854.59|-6854.59
225|-6854.63|-6854.63
226|-6854.65|-6854.65
227|-6854.65|-6854.65
228|-6854.66|-6854.66
229|-6854.66|-6854.66
230|-6967.36|-6967.36
231|-7053.86|-7053.86
232|-7096.52|-7096.52
233|-7101.8|-7101.8
234|-7103.12|-7103.12
235|-7103.78|-7103.78
236|-7104.11|-7104.11
237|-7104.27|-7104.27
238|-7104.29|-7104.29
239|-7104.29|-7104.29
240|-7104.29|-7104.29
241|-7104.29|-7104.29
242|-7104.29|-7104.29
243|-7184.73|-7184.73
244|-7370.74|-7370.74
245|-7787.06|-7787.06
246|-7789.49|-7789.49
247|-7794.65|-7794.65
248|-7795.78|-7795.78
249|-7795.85|-7795.85
250|-7795.88|-7795.88
251|-7795.89|-7795.89
252|-7795.9|-7795.9
253|-7849.08|-7849.08
254|-7880.76|-7880.76
255|-7942.15|-7942.15
256|-7942.69|-7942.69
257|-7942.7|-7942.7
258|-7942.7|-7942.7
259|-7942.71|-7942.71
260|-7965.82|-7965.82
261|-7980.02|-7980.02
262|-8015.91|-8015.91
263|-8033.66|-8033.66
264|-8042.42|-8042.42
265|-8042.96|-8042.96
266|-8043.23|-8043.23
267|-8043.27|-8043.27
268|-8043.28|-8043.28
269|-8043.28|-8043.28
270|-8043.28|-8043.28
271|-8043.28|-8043.28
272|-8100.82|-8100.82
273|-8195.55|-8195.55
274|-8367.93|-8367.93
275|-8378.49|-8378.49
276|-8379.15|-8379.15
277|-8379.31|-8379.31
278|-8379.34|-8379.34
279|-8379.34|-8379.34
280|-8379.34|-8379.34
281|-8379.34|-8379.34
282|-8379.34|-8379.34
283|-8379.34|-8379.34
284|-8379.34|-8379.34
285|-8379.34|-8379.34
286|-8379.34|-8379.34
287|-8379.34|-8379.34
288|-8379.34|-8379.34
289|-8379.34|-8379.34
290|-8379.34|-8379.34
291|-8379.34|-8379.34
292|-8379.34|-8379.34
293|-8379.34|-8379.34
294|-8379.34|-8379.34
295|-8379.34|-8379.34
296|-8379.34|-8379.34
297|-8379.34|-8379.34
298|-8379.34|-8379.34
299|-8379.34|-8379.34
300|-8379.34|-8379.34
301|-8379.34|-8379.34
302|-8379.34|-8379.34
303|-8379.34|-8379.34
304|-8379.34|-8379.34
305|-8379.34|-8379.34
306|-8379.34|-8379.34
307|-8379.34|-8379.34
308|-8379.34|-8379.34
309|-8379.34|-8379.34
310|-8379.34|-8379.34
311|-8379.34|-8379.34
312|-8379.34|-8379.34
313|-8379.34|-8379.34
314|-8379.34|-8379.34
315|-8379.34|-8379.34
316|-8379.34|-8379.34
317|-8379.34|-8379.34
318|-8379.34|-8379.34
319|-8379.34|-8379.34
320|-8379.34|-8379.34
321|-8379.34|-8379.34
322|-8379.34|-8379.34
323|-8379.34|-8379.34
324|-8379.34|-8379.34
325|-8379.34|-8379.34
326|-8379.34|-8379.34
327|-8379.34|-8379.34
328|-8379.34|-8379.34
329|-8379.34|-8379.34
330|-8379.34|-8379.34
331|-8379.34|-8379.34
332|-8379.34|-8379.34
333|-8379.34|-8379.34
334|-8379.34|-8379.34
335|-8379.34|-8379.34
336|-8379.34|-8379.34
337|-8379.34|-8379.34
338|-8379.34|-8379.34
339|-8379.34|-8379.34
340|-8379.34|-8379.34
341|-8379.34|-8379.34
342|-8379.34|-8379.34
343|-8379.34|-8379.34
344|-8379.34|-8379.34
345|-8379.34|-8379.34
346|-8379.34|-8379.34
347|-8379.34|-8379.34
348|-8379.34|-8379.34
349|-8379.34|-8379.34
350|-8379.34|-8379.34
351|-8379.34|-8379.34
352|-8379.34|-8379.34
353|-8379.34|-8379.34
354|-8379.34|-8379.34
355|-8379.34|-8379.34
356|-8379.34|-8379.34
357|-8379.34|-8379.34
358|-8379.34|-8379.34
359|-8379.34|-8379.34
360|-8379.34|-8379.34
361|-8379.34|-8379.34
362|-8379.34|-8379.34
363|-8379.34|-8379.34
364|-8379.34|-8379.34
365|-8379.34|-8379.34
366|-8379.34|-8379.34
367|-8379.34|-8379.34
368|-8379.34|-8379.34
369|-8379.34|-8379.34
370|-8379.34|-8379.34
371|-8379.34|-8379.34
372|-8379.34|-8379.34
373|-8379.34|-8379.34
374|-8379.34|-8379.34
375|-8379.34|-8379.34
376|-8379.34|-8379.34
377|-8379.34|-8379.34
378|-8379.34|-8379.34
379|-8379.34|-8379.34
380|-8379.34|-8379.34
381|-8379.34|-8379.34
382|-8379.34|-8379.34
383|-8379.34|-8379.34
384|-8379.34|-8379.34
385|-8379.34|-8379.34
386|-8379.34|-8379.34
387|-8379.34|-8379.34
388|-8379.34|-8379.34
389|-8379.34|-8379.34
390|-8379.34|-8379.34
391|-8379.34|-8379.34
392|-8379.34|-8379.34
393|-8379.34|-8379.34
394|-8379.34|-8379.34
395|-8379.34|-8379.34
396|-8379.34|-8379.34
397|-8379.34|-8379.34
398|-8379.34|-8379.34
399|-8379.34|-8379.34
400|-8379.34|-8379.34
401|-8379.34|-8379.34
402|-8379.34|-8379.34
403|-8379.34|-8379.34
404|-8379.34|-8379.34
405|-8379.34|-8379.34
406|-8379.34|-8379.34
407|-8379.34|-8379.34
408|-8379.34|-8379.34
409|-8379.34|-8379.34
410|-8379.34|-8379.34
411|-8379.34|-8379.34
412|-8379.34|-8379.34
413|-8379.34|-8379.34
414|-8379.34|-8379.34
415|-8379.34|-8379.34
416|-8379.34|-8379.34
417|-8379.34|-8379.34
418|-8379.34|-8379.34
419|-8379.34|-8379.34
420|-8379.34|-8379.34
421|-8379.34|-8379.34
422|-8379.34|-8379.34
423|-8379.34|-8379.34
424|-8379.34|-8379.34
425|-8379.34|-8379.34
426|-8379.34|-8379.34
427|-8379.34|-8379.34
428|-8379.34|-8379.34
429|-8379.34|-8379.34
430|-8379.34|-8379.34
431|-8379.34|-8379.34
EARLY STOP: TARGET FOUND
4888015ms
