1|-445.625|-445.625
2|-456.195|-456.195
3|-457.512|-457.512
4|-457.842|-457.842
5|-457.924|-457.924
6|-457.935|-457.935
7|-457.937|-457.937
8|-457.938|-457.938
9|-589.135|-589.135
10|-653.123|-653.123
11|-972.004|-972.004
12|-987.545|-987.545
13|-1097.17|-1097.17
14|-1097.27|-1097.27
15|-1097.27|-1097.27
16|-1205.36|-1205.36
17|-1205.36|-1205.36
18|-1335.54|-1335.54
19|-1804.93|-1804.93
20|-1810.82|-1810.82
21|-1815.1|-1815.1
22|-1815.81|-1815.81
23|-1815.83|-1815.83
24|-1815.84|-1815.84
25|-1815.84|-1815.84
26|-1815.84|-1815.84
27|-2233.76|-2233.76
28|-2326.52|-2326.52
29|-2451.01|-2451.01
30|-2463.57|-2463.57
31|-2464.87|-2464.87
32|-2465.51|-2465.51
33|-2465.82|-2465.82
34|-2465.97|-2465.97
35|-2465.97|-2465.97
36|-2465.99|-2465.99
37|-2466|-2466
38|-2466|-2466
39|-2466|-2466
40|-2466|-2466
41|-2616.87|-2616.87
42|-2656.57|-2656.57
43|-2666.71|-2666.71
44|-2669.94|-2669.94
45|-2670.11|-2670.11
46|-2670.14|-2670.14
47|-2670.16|-2670.16
48|-2670.16|-2670.16
49|-2670.16|-2670.16
50|-2854.44|-2854.44
51|-2875.89|-2875.89
52|-2875.9|-2875.9
53|-2895.42|-2895.42
54|-2896.34|-2896.34
55|-2896.44|-2896.44
56|-2896.44|-2896.44
57|-3022.1|-3022.1
58|-3111.71|-3111.71
59|-3521.26|-3521.26
60|-3540.91|-3540.91
61|-3549.41|-3549.41
62|-3549.66|-3549.66
63|-3549.79|-3549.79
64|-3549.82|-3549.82
65|-3549.84|-3549.84
66|-3549.84|-3549.84
67|-3549.85|-3549.85
68|-3549.85|-3549.85
69|-3704.88|-3704.88
70|-3801.32|-3801.32
71|-3802.65|-3802.65
72|-3803.33|-3803.33
73|-3803.36|-3803.36
74|-3803.37|-3803.37
75|-3803.37|-3803.37
76|-3803.38|-3803.38
77|-3803.38|-3803.38
78|-3803.38|-3803.38
79|-3816.35|-3816.35
80|-3932.94|-3932.94
81|-4064.17|-4064.17
82|-4111.9|-4111.9
83|-4117.58|-4117.58
84|-4118.33|-4118.33
85|-4118.68|-4118.68
86|-4118.69|-4118.69
87|-4118.69|-4118.69
88|-4213.67|-4213.67
89|-4365.77|-4365.77
90|-4374.97|-4374.97
91|-4379.24|-4379.24
92|-4381.29|-4381.29
93|-4381.8|-4381.8
94|-4382.05|-4382.05
95|-4382.06|-4382.06
96|-4382.07|-4382.07
97|-4382.07|-4382.07
98|-4548.96|-4548.96
99|-4576.86|-4576.86
100|-4578.12|-4578.12
101|-4578.12|-4578.12
102|-4578.12|-4578.12
103|-4584|-4584
104|-4697|-4697
105|-4848.74|-4848.74
106|-4896.76|-4896.76
107|-4898.64|-4898.64
108|-4898.97|-4898.97
109|-4899.12|-4899.12
110|-4899.13|-4899.13
111|-4899.14|-4899.14
112|-4899.15|-4899.15
113|-4899.15|-4899.15
114|-5088.65|-5088.65
115|-5108.5|-5108.5
116|-5156.66|-5156.66
117|-5175.7|-5175.7
118|-5179.91|-5179.91
119|-5180.93|-5180.93
120|-5181.43|-5181.43
121|-5181.56|-5181.56
122|-5181.59|-5181.59
123|-5181.61|-5181.61
124|-5181.61|-5181.61
125|-5323.91|-5323.91
126|-5342.09|-5342.09
127|-5343.11|-5343.11
128|-5343.61|-5343.61
129|-5343.74|-5343.74
130|-5343.8|-5343.8
131|-5343.83|-5343.83
132|-5343.85|-5343.85
133|-5343.85|-5343.85
134|-5390.69|-5390.69
135|-5671.55|-5671.55
136|-5734.7|-5734.7
137|-5739.94|-5739.94
138|-5741.12|-5741.12
139|-5741.26|-5741.26
140|-5741.26|-5741.26
141|-5741.26|-5741.26
142|-5837.04|-5837.04
143|-5960.36|-5960.36
144|-5966.59|-5966.59
145|-5969.36|-5969.36
146|-5970.66|-5970.66
147|-5971.29|-5971.29
148|-5971.44|-5971.44
149|-5971.52|-5971.52
150|-5971.54|-5971.54
151|-5971.55|-5971.55
152|-5971.55|-5971.55
153|-5971.55|-5971.55
154|-5972.94|-5972.94
155|-5974.65|-5974.65
156|-5975.42|-5975.42
157|-5975.78|-5975.78
158|-5975.86|-5975.86
159|-5975.91|-5975.91
160|-5975.93|-5975.93
161|-5975.94|-5975.94
162|-5975.94|-5975.94
163|-5975.94|-5975.94
164|-6116.95|-6116.95
165|-6220.01|-6220.01
166|-6220.04|-6220.04
167|-6305.29|-6305.29
168|-6349.45|-6349.45
169|-6632.27|-6632.27
170|-6693.97|-6693.97
171|-6699.4|-6699.4
172|-6700.67|-6700.67
173|-6700.84|-6700.84
174|-6700.87|-6700.87
175|-6700.89|-6700.89
176|-6700.89|-6700.89
177|-6700.89|-6700.89
178|-6700.89|-6700.89
179|-6830.97|-6830.97
180|-6865.23|-6865.23
181|-6876.98|-6876.98
182|-6877.14|-6877.14
183|-6877.18|-6877.18
184|-6877.19|-6877.19
185|-6877.2|-6877.2
186|-6877.2|-6877.2
187|-6999.48|-6999.48
188|-7097.82|-7097.82
189|-7528.92|-7528.92
190|-7537.8|-7537.8
191|-7539.88|-7539.88
192|-7540.9|-7540.9
193|-7541.4|-7541.4
194|-7541.65|-7541.65
195|-7541.67|-7541.67
196|-7541.68|-7541.68
197|-7703.78|-7703.78
198|-7895.59|-7895.59
199|-7912.26|-7912.26
200|-7960.78|-7960.78
201|-7980.03|-7980.03
202|-7984.29|-7984.29
203|-7986.34|-7986.34
204|-7986.84|-7986.84
205|-7986.9|-7986.9
206|-7986.93|-7986.93
207|-8024.51|-8024.51
208|-8072.23|-8072.23
209|-8081.04|-8081.04
210|-8085.41|-8085.41
211|-8086.5|-8086.5
212|-8086.77|-8086.77
213|-8086.84|-8086.84
214|-8086.86|-8086.86
215|-8086.87|-8086.87
216|-8086.87|-8086.87
217|-8086.87|-8086.87
218|-8086.87|-8086.87
219|-8203.64|-8203.64
220|-8317.89|-8317.89
221|-8323.66|-8323.66
222|-8323.67|-8323.67
223|-8323.75|-8323.75
224|-8323.78|-8323.78
225|-8363.41|-8363.41
226|-8461.05|-8461.05
227|-8461.56|-8461.56
228|-8461.73|-8461.73
229|-8461.73|-8461.73
230|-8461.76|-8461.76
231|-8461.77|-8461.77
232|-8570.65|-8570.65
233|-8699.14|-8699.14
234|-9167.85|-9167.85
235|-9175.7|-9175.7
236|-9179.5|-9179.5
237|-9179.96|-9179.96
238|-9219.06|-9219.06
239|-9233.42|-9233.42
240|-9239.23|-9239.23
241|-9240.54|-9240.54
242|-9241.17|-9241.17
243|-9241.48|-9241.48
244|-9241.56|-9241.56
245|-9241.59|-9241.59
246|-9241.61|-9241.61
247|-9241.62|-9241.62
248|-9241.62|-9241.62
249|-9263.21|-9263.21
250|-9431.21|-9431.21
251|-9431.21|-9431.21
252|-9506.7|-9506.7
253|-9547.74|-9547.74
254|-9548.7|-9548.7
255|-9548.79|-9548.79
256|-9548.82|-9548.82
257|-9548.82|-9548.82
258|-9605.59|-9605.59
259|-9639.7|-9639.7
260|-9695.44|-9695.44
261|-9699.81|-9699.81
262|-9700.9|-9700.9
263|-9701.45|-9701.45
264|-9701.72|-9701.72
265|-9701.73|-9701.73
266|-9701.74|-9701.74
267|-9701.74|-9701.74
268|-10163.5|-10163.5
269|-10163.6|-10163.6
270|-10163.6|-10163.6
271|-10163.6|-10163.6
272|-10163.6|-10163.6
273|-10163.6|-10163.6
274|-10163.6|-10163.6
275|-10163.6|-10163.6
276|-10163.6|-10163.6
277|-10163.6|-10163.6
278|-10163.6|-10163.6
279|-10163.6|-10163.6
280|-10163.6|-10163.6
281|-10163.6|-10163.6
282|-10163.6|-10163.6
283|-10163.6|-10163.6
284|-10163.6|-10163.6
285|-10163.6|-10163.6
286|-10163.6|-10163.6
287|-10163.6|-10163.6
288|-10163.6|-10163.6
289|-10163.6|-10163.6
290|-10163.6|-10163.6
291|-10163.6|-10163.6
292|-10163.6|-10163.6
293|-10163.6|-10163.6
294|-10163.6|-10163.6
295|-10163.6|-10163.6
296|-10163.6|-10163.6
297|-10163.6|-10163.6
298|-10163.6|-10163.6
299|-10163.6|-10163.6
300|-10163.6|-10163.6
301|-10163.6|-10163.6
302|-10163.6|-10163.6
303|-10163.6|-10163.6
304|-10163.6|-10163.6
305|-10163.6|-10163.6
306|-10163.6|-10163.6
307|-10163.6|-10163.6
308|-10163.6|-10163.6
309|-10163.6|-10163.6
310|-10163.6|-10163.6
311|-10163.6|-10163.6
312|-10163.6|-10163.6
313|-10163.6|-10163.6
314|-10163.6|-10163.6
315|-10163.6|-10163.6
316|-10163.6|-10163.6
317|-10163.6|-10163.6
318|-10163.6|-10163.6
319|-10163.6|-10163.6
320|-10163.6|-10163.6
321|-10163.6|-10163.6
322|-10163.6|-10163.6
323|-10163.6|-10163.6
324|-10163.6|-10163.6
325|-10163.6|-10163.6
326|-10163.6|-10163.6
327|-10163.6|-10163.6
328|-10163.6|-10163.6
329|-10163.6|-10163.6
330|-10163.6|-10163.6
331|-10163.6|-10163.6
332|-10163.6|-10163.6
333|-10163.6|-10163.6
334|-10163.6|-10163.6
335|-10163.6|-10163.6
336|-10163.6|-10163.6
337|-10163.6|-10163.6
338|-10163.6|-10163.6
339|-10163.6|-10163.6
340|-10163.6|-10163.6
341|-10163.6|-10163.6
342|-10163.6|-10163.6
343|-10163.6|-10163.6
344|-10163.6|-10163.6
345|-10163.6|-10163.6
346|-10163.6|-10163.6
347|-10163.6|-10163.6
348|-10163.6|-10163.6
349|-10163.6|-10163.6
350|-10163.6|-10163.6
351|-10163.6|-10163.6
352|-10163.6|-10163.6
353|-10163.6|-10163.6
354|-10163.6|-10163.6
355|-10163.6|-10163.6
356|-10163.6|-10163.6
357|-10163.6|-10163.6
358|-10163.6|-10163.6
359|-10163.6|-10163.6
360|-10163.6|-10163.6
361|-10163.6|-10163.6
362|-10163.6|-10163.6
363|-10163.6|-10163.6
364|-10163.6|-10163.6
365|-10163.6|-10163.6
366|-10163.6|-10163.6
367|-10163.6|-10163.6
368|-10163.6|-10163.6
369|-10163.6|-10163.6
370|-10163.6|-10163.6
371|-10163.6|-10163.6
372|-10163.6|-10163.6
373|-10163.6|-10163.6
374|-10163.6|-10163.6
375|-10163.6|-10163.6
376|-10163.6|-10163.6
377|-10163.6|-10163.6
378|-10163.6|-10163.6
379|-10163.6|-10163.6
380|-10163.6|-10163.6
381|-10163.6|-10163.6
382|-10163.6|-10163.6
383|-10163.6|-10163.6
384|-10163.6|-10163.6
385|-10163.6|-10163.6
386|-10163.6|-10163.6
387|-10163.6|-10163.6
388|-10163.6|-10163.6
389|-10163.6|-10163.6
390|-10163.6|-10163.6
391|-10163.6|-10163.6
392|-10163.6|-10163.6
393|-10163.6|-10163.6
394|-10163.6|-10163.6
395|-10163.6|-10163.6
396|-10163.6|-10163.6
397|-10163.6|-10163.6
398|-10163.6|-10163.6
399|-10163.6|-10163.6
400|-10163.6|-10163.6
401|-10163.6|-10163.6
402|-10163.6|-10163.6
403|-10163.6|-10163.6
404|-10163.6|-10163.6
405|-10163.6|-10163.6
406|-10163.6|-10163.6
407|-10163.6|-10163.6
408|-10163.6|-10163.6
409|-10163.6|-10163.6
410|-10163.6|-10163.6
411|-10163.6|-10163.6
412|-10163.6|-10163.6
413|-10163.6|-10163.6
414|-10163.6|-10163.6
415|-10163.6|-10163.6
416|-10163.6|-10163.6
417|-10163.6|-10163.6
418|-10163.6|-10163.6
419|-10163.6|-10163.6
420|-10163.6|-10163.6
421|-10163.6|-10163.6
EARLY STOP: TARGET FOUND
4701979ms
