1|-1.82092|-1.82092
2|-1.94782|-1.94782
3|-2.2128|-2.2128
4|-2.25352|-2.25352
5|-2.27402|-2.27402
6|-2.28429|-2.28429
7|-2.28942|-2.28942
8|-2.2907|-2.2907
9|-2.29134|-2.29134
10|-2.2915|-2.2915
11|-2.29154|-2.29154
12|-2.29233|-2.29233
13|-2.29237|-2.29237
14|-2.29237|-2.29237
15|-2.29237|-2.29237
16|-2.5024|-2.5024
17|-2.73294|-2.73294
18|-2.76791|-2.76791
19|-2.78574|-2.78574
20|-2.79472|-2.79472
21|-2.79501|-2.79501
22|-2.79508|-2.79508
23|-2.9565|-2.9565
24|-3.26141|-3.26141
25|-3.3534|-3.3534
26|-3.39891|-3.39891
27|-3.42125|-3.42125
28|-3.42159|-3.42159
29|-3.42177|-3.42177
30|-3.57144|-3.57144
31|-4.00128|-4.00128
32|-4.25314|-4.25314
33|-4.25982|-4.25982
34|-4.25991|-4.25991
35|-4.25995|-4.25995
36|-4.25996|-4.25996
37|-4.25996|-4.25996
38|-4.26001|-4.26001
39|-4.26626|-4.26626
40|-4.30704|-4.30704
41|-4.77311|-4.77311
42|-5.14101|-5.14101
43|-5.24461|-5.24461
44|-5.2599|-5.2599
45|-5.25996|-5.25996
46|-5.25996|-5.25996
47|-5.26003|-5.26003
48|-5.26003|-5.26003
49|-6.21954|-6.21954
50|-6.22981|-6.22981
51|-6.23427|-6.23427
52|-6.23633|-6.23633
53|-6.23658|-6.23658
54|-6.23661|-6.23661
55|-6.42949|-6.42949
56|-6.83187|-6.83187
57|-6.93607|-6.93607
58|-6.94108|-6.94108
59|-6.94281|-6.94281
60|-6.94328|-6.94328
61|-6.94384|-6.94384
62|-6.94384|-6.94384
63|-6.94384|-6.94384
64|-6.94425|-6.94425
65|-6.94948|-6.94948
66|-7.12432|-7.12432
67|-7.73213|-7.73213
68|-7.86831|-7.86831
69|-7.86903|-7.86903
70|-7.86936|-7.86936
71|-7.86939|-7.86939
72|-7.86939|-7.86939
73|-7.87009|-7.87009
74|-7.8823|-7.8823
75|-7.89061|-7.89061
76|-7.8931|-7.8931
77|-7.89441|-7.89441
78|-7.89474|-7.89474
79|-7.89491|-7.89491
80|-7.89499|-7.89499
81|-7.89503|-7.89503
82|-7.89505|-7.89505
83|-8.01056|-8.01056
84|-8.03865|-8.03865
85|-8.04782|-8.04782
86|-8.05093|-8.05093
87|-8.05125|-8.05125
88|-8.0514|-8.0514
89|-8.05148|-8.05148
90|-8.0515|-8.0515
91|-8.23448|-8.23448
92|-8.33709|-8.33709
93|-8.34484|-8.34484
94|-8.34495|-8.34495
95|-8.49743|-8.49743
96|-8.66753|-8.66753
97|-8.77927|-8.77927
98|-8.80919|-8.80919
99|-8.82437|-8.82437
100|-8.82532|-8.82532
101|-8.8258|-8.8258
102|-8.83839|-8.83839
103|-8.90089|-8.90089
104|-9.14293|-9.14293
105|-9.67933|-9.67933
106|-9.68157|-9.68157
107|-9.68214|-9.68214
108|-9.68228|-9.68228
109|-9.68232|-9.68232
110|-9.68233|-9.68233
111|-9.68233|-9.68233
112|-10.154|-10.154
113|-10.1593|-10.1593
114|-10.1595|-10.1595
115|-10.4028|-10.4028
116|-11.0508|-11.0508
117|-11.1058|-11.1058
118|-11.1058|-11.1058
119|-11.5666|-11.5666
120|-11.6151|-11.6151
121|-11.6198|-11.6198
122|-11.6199|-11.6199
123|-11.6199|-11.6199
124|-11.6199|-11.6199
125|-11.6199|-11.6199
126|-12.1267|-12.1267
127|-12.412|-12.412
128|-12.4428|-12.4428
129|-12.445|-12.445
130|-12.4452|-12.4452
131|-12.5403|-12.5403
132|-12.6399|-12.6399
133|-12.6725|-12.6725
134|-12.6899|-12.6899
135|-12.6988|-12.6988
136|-12.7|-12.7
137|-12.7005|-12.7005
138|-12.7182|-12.7182
139|-13.1544|-13.1544
140|-13.3096|-13.3096
141|-13.3613|-13.3613
142|-13.3703|-13.3703
143|-13.3742|-13.3742
144|-13.376|-13.376
145|-13.3761|-13.3761
146|-13.7748|-13.7748
147|-13.8091|-13.8091
148|-14.0486|-14.0486
149|-14.0705|-14.0705
150|-14.0941|-14.0941
151|-14.0945|-14.0945
152|-14.0946|-14.0946
153|-14.0946|-14.0946
154|-14.0946|-14.0946
155|-14.0946|-14.0946
156|-14.1138|-14.1138
157|-14.1339|-14.1339
158|-14.4994|-14.4994
159|-14.9238|-14.9238
160|-14.9741|-14.9741
161|-14.9752|-14.9752
162|-15.0016|-15.0016
163|-15.0246|-15.0246
164|-15.0258|-15.0258
165|-15.0259|-15.0259
166|-15.1259|-15.1259
167|-15.1812|-15.1812
168|-15.1953|-15.1953
169|-15.1971|-15.1971
170|-15.1976|-15.1976
171|-15.3464|-15.3464
172|-15.7622|-15.7622
173|-16.1199|-16.1199
174|-16.1201|-16.1201
175|-16.1205|-16.1205
176|-16.1205|-16.1205
177|-16.123|-16.123
178|-16.1237|-16.1237
179|-16.1237|-16.1237
180|-16.1238|-16.1238
181|-16.4492|-16.4492
182|-16.7932|-16.7932
183|-16.7976|-16.7976
184|-16.798|-16.798
185|-16.7984|-16.7984
186|-16.7985|-16.7985
187|-16.7985|-16.7985
188|-17.1912|-17.1912
189|-17.4477|-17.4477
190|-17.4625|-17.4625
191|-17.4637|-17.4637
192|-17.4638|-17.4638
193|-17.4638|-17.4638
194|-17.5487|-17.5487
195|-17.7443|-17.7443
196|-18.0946|-18.0946
197|-18.2472|-18.2472
198|-18.2983|-18.2983
199|-18.2994|-18.2994
200|-18.3644|-18.3644
201|-18.3661|-18.3661
202|-18.3663|-18.3663
203|-18.5606|-18.5606
204|-19.1264|-19.1264
205|-19.1536|-19.1536
206|-19.1536|-19.1536
207|-19.1537|-19.1537
208|-19.1537|-19.1537
209|-19.1537|-19.1537
210|-19.1537|-19.1537
211|-19.1537|-19.1537
212|-19.1537|-19.1537
213|-19.1537|-19.1537
214|-19.1537|-19.1537
215|-19.1537|-19.1537
216|-19.1537|-19.1537
217|-19.1537|-19.1537
218|-19.1537|-19.1537
219|-19.1537|-19.1537
220|-19.1537|-19.1537
221|-19.1537|-19.1537
222|-19.1537|-19.1537
223|-19.1537|-19.1537
224|-19.1537|-19.1537
225|-19.1537|-19.1537
226|-19.1537|-19.1537
227|-19.1537|-19.1537
228|-19.1537|-19.1537
229|-19.1537|-19.1537
230|-19.1537|-19.1537
231|-19.1537|-19.1537
232|-19.1537|-19.1537
233|-19.1537|-19.1537
234|-19.1537|-19.1537
235|-19.1537|-19.1537
236|-19.1537|-19.1537
237|-19.1537|-19.1537
238|-19.1537|-19.1537
239|-19.1537|-19.1537
240|-19.1537|-19.1537
241|-19.1537|-19.1537
242|-19.1537|-19.1537
243|-19.1537|-19.1537
244|-19.1537|-19.1537
245|-19.1537|-19.1537
246|-19.1537|-19.1537
247|-19.1537|-19.1537
248|-19.1537|-19.1537
249|-19.1537|-19.1537
250|-19.1537|-19.1537
251|-19.1537|-19.1537
252|-19.1537|-19.1537
253|-19.1537|-19.1537
254|-19.1537|-19.1537
255|-19.1537|-19.1537
256|-19.1537|-19.1537
257|-19.1537|-19.1537
258|-19.1537|-19.1537
259|-19.1537|-19.1537
260|-19.1537|-19.1537
261|-19.1537|-19.1537
262|-19.1537|-19.1537
263|-19.1537|-19.1537
264|-19.1537|-19.1537
265|-19.1537|-19.1537
266|-19.1537|-19.1537
267|-19.1537|-19.1537
268|-19.1537|-19.1537
269|-19.1537|-19.1537
270|-19.1537|-19.1537
271|-19.1537|-19.1537
272|-19.1537|-19.1537
273|-19.1537|-19.1537
274|-19.1537|-19.1537
275|-19.1537|-19.1537
276|-19.1537|-19.1537
277|-19.1537|-19.1537
278|-19.1537|-19.1537
279|-19.1537|-19.1537
280|-19.1537|-19.1537
281|-19.1537|-19.1537
282|-19.1537|-19.1537
283|-19.1537|-19.1537
284|-19.1537|-19.1537
285|-19.1537|-19.1537
286|-19.1537|-19.1537
287|-19.1537|-19.1537
288|-19.1537|-19.1537
289|-19.1537|-19.1537
290|-19.1537|-19.1537
291|-19.1537|-19.1537
292|-19.1537|-19.1537
293|-19.1537|-19.1537
294|-19.1537|-19.1537
295|-19.1537|-19.1537
296|-19.1537|-19.1537
297|-19.1537|-19.1537
298|-19.1537|-19.1537
299|-19.1537|-19.1537
300|-19.1537|-19.1537
301|-19.1537|-19.1537
302|-19.1537|-19.1537
303|-19.1537|-19.1537
304|-19.1537|-19.1537
305|-19.1537|-19.1537
306|-19.1537|-19.1537
307|-19.1537|-19.1537
308|-19.1537|-19.1537
309|-19.1537|-19.1537
310|-19.1537|-19.1537
311|-19.1537|-19.1537
312|-19.1537|-19.1537
313|-19.1537|-19.1537
314|-19.1537|-19.1537
315|-19.1537|-19.1537
316|-19.1537|-19.1537
317|-19.1537|-19.1537
318|-19.1537|-19.1537
319|-19.1537|-19.1537
320|-19.1537|-19.1537
321|-19.1537|-19.1537
322|-19.1537|-19.1537
323|-19.1537|-19.1537
324|-19.1537|-19.1537
325|-19.1537|-19.1537
326|-19.1537|-19.1537
327|-19.1537|-19.1537
328|-19.1537|-19.1537
329|-19.1537|-19.1537
330|-19.1537|-19.1537
331|-19.1537|-19.1537
332|-19.1537|-19.1537
333|-19.1537|-19.1537
334|-19.1537|-19.1537
335|-19.1537|-19.1537
336|-19.1537|-19.1537
337|-19.1537|-19.1537
338|-19.1537|-19.1537
339|-19.1537|-19.1537
340|-19.1537|-19.1537
341|-19.1537|-19.1537
342|-19.1537|-19.1537
343|-19.1537|-19.1537
344|-19.1537|-19.1537
345|-19.1537|-19.1537
346|-19.1537|-19.1537
347|-19.1537|-19.1537
348|-19.1537|-19.1537
349|-19.1537|-19.1537
350|-19.1537|-19.1537
351|-19.1537|-19.1537
352|-19.1537|-19.1537
353|-19.1537|-19.1537
354|-19.1537|-19.1537
355|-19.1537|-19.1537
356|-19.1537|-19.1537
357|-19.1537|-19.1537
358|-19.1537|-19.1537
EARLY STOP: TARGET FOUND
3084305ms
