1|11.7672|11.7672
2|11.698|11.698
3|11.6826|11.6826
4|11.6797|11.6797
5|11.6795|11.6795
6|11.6794|11.6794
7|11.6794|11.6794
8|11.5595|11.5595
9|11.5588|11.5588
10|11.5588|11.5588
11|11.5588|11.5588
12|11.5588|11.5588
13|8.52249|8.52249
14|8.27542|8.27542
15|8.22869|8.22869
16|8.22501|8.22501
17|8.22436|8.22436
18|8.22436|8.22436
19|8.22433|8.22433
20|8.22433|8.22433
21|5.07757|5.07757
22|0.949052|0.949052
23|0.949052|0.949052
24|0.949052|0.949052
25|0.113594|0.113594
26|0.113594|0.113594
27|0.113594|0.113594
28|0.00306561|0.00306561
EARLY STOP: TARGET FOUND
4079ms
