1|-0.711232|-0.711232
2|-0.7573|-0.7573
3|-0.766551|-0.766551
4|-0.770802|-0.770802
5|-0.771825|-0.771825
6|-0.772331|-0.772331
7|-1.06733|-1.06733
8|-1.11206|-1.11206
9|-1.11716|-1.11716
10|-1.11966|-1.11966
11|-1.11974|-1.11974
12|-1.11974|-1.11974
13|-1.11994|-1.11994
14|-2.05228|-2.05228
15|-2.07375|-2.07375
16|-2.07415|-2.07415
17|-2.07435|-2.07435
18|-2.0744|-2.0744
19|-2.07442|-2.07442
20|-2.07443|-2.07443
21|-2.1343|-2.1343
22|-2.64268|-2.64268
23|-2.65782|-2.65782
24|-2.68083|-2.68083
25|-2.68386|-2.68386
26|-2.68402|-2.68402
27|-2.68409|-2.68409
28|-2.68413|-2.68413
29|-2.68414|-2.68414
30|-2.68429|-2.68429
31|-2.93415|-2.93415
32|-3.01727|-3.01727
33|-3.51787|-3.51787
34|-3.52118|-3.52118
35|-3.52271|-3.52271
36|-3.52275|-3.52275
37|-3.52289|-3.52289
38|-3.52291|-3.52291
39|-3.52292|-3.52292
40|-3.52292|-3.52292
41|-3.52292|-3.52292
42|-3.52292|-3.52292
43|-3.52292|-3.52292
44|-3.52292|-3.52292
45|-3.52292|-3.52292
46|-3.52292|-3.52292
47|-3.52292|-3.52292
48|-3.52292|-3.52292
49|-3.52292|-3.52292
50|-3.52292|-3.52292
51|-3.52292|-3.52292
52|-3.52292|-3.52292
53|-3.52292|-3.52292
54|-3.52292|-3.52292
55|-3.52292|-3.52292
56|-3.52292|-3.52292
57|-3.52292|-3.52292
58|-3.52292|-3.52292
59|-3.52292|-3.52292
60|-3.52292|-3.52292
61|-3.52292|-3.52292
62|-3.52292|-3.52292
63|-3.52292|-3.52292
64|-3.52292|-3.52292
65|-3.52292|-3.52292
66|-3.52292|-3.52292
67|-3.52292|-3.52292
68|-3.52292|-3.52292
69|-3.52292|-3.52292
70|-3.52292|-3.52292
71|-3.52292|-3.52292
72|-3.52292|-3.52292
73|-3.52292|-3.52292
74|-3.52292|-3.52292
75|-3.52292|-3.52292
76|-3.52292|-3.52292
77|-3.52292|-3.52292
78|-3.52292|-3.52292
79|-3.52292|-3.52292
80|-3.52292|-3.52292
81|-3.52292|-3.52292
82|-3.52292|-3.52292
83|-3.52292|-3.52292
84|-3.52292|-3.52292
85|-3.52292|-3.52292
86|-3.52292|-3.52292
87|-3.52292|-3.52292
88|-3.52292|-3.52292
89|-3.52292|-3.52292
90|-3.52292|-3.52292
91|-3.52292|-3.52292
92|-3.52292|-3.52292
93|-3.52292|-3.52292
94|-3.52292|-3.52292
95|-3.52292|-3.52292
96|-3.52292|-3.52292
97|-3.52292|-3.52292
98|-3.52292|-3.52292
99|-3.52292|-3.52292
100|-3.52292|-3.52292
101|-3.52292|-3.52292
102|-3.52292|-3.52292
103|-3.52292|-3.52292
104|-3.52292|-3.52292
105|-3.52292|-3.52292
106|-3.52292|-3.52292
107|-3.52292|-3.52292
108|-3.52292|-3.52292
109|-3.52292|-3.52292
110|-3.52292|-3.52292
111|-3.52292|-3.52292
112|-3.52292|-3.52292
113|-3.52292|-3.52292
114|-3.52292|-3.52292
115|-3.52292|-3.52292
116|-3.52292|-3.52292
117|-3.52292|-3.52292
118|-3.52292|-3.52292
119|-3.52292|-3.52292
120|-3.52292|-3.52292
121|-3.52292|-3.52292
122|-3.52292|-3.52292
123|-3.52292|-3.52292
124|-3.52292|-3.52292
125|-3.52292|-3.52292
126|-3.52292|-3.52292
127|-3.52292|-3.52292
128|-3.52292|-3.52292
129|-3.52292|-3.52292
130|-3.52292|-3.52292
131|-3.52292|-3.52292
132|-3.52292|-3.52292
133|-3.52292|-3.52292
134|-3.52292|-3.52292
135|-3.52292|-3.52292
136|-3.52292|-3.52292
137|-3.52292|-3.52292
138|-3.52292|-3.52292
139|-3.52292|-3.52292
140|-3.52292|-3.52292
141|-3.52292|-3.52292
142|-3.52292|-3.52292
143|-3.52292|-3.52292
144|-3.52292|-3.52292
145|-3.52292|-3.52292
146|-3.52292|-3.52292
147|-3.52292|-3.52292
148|-3.52292|-3.52292
149|-3.52292|-3.52292
150|-3.52292|-3.52292
151|-3.52292|-3.52292
152|-3.52292|-3.52292
153|-3.52292|-3.52292
154|-3.52292|-3.52292
155|-3.52292|-3.52292
156|-3.52292|-3.52292
157|-3.52292|-3.52292
158|-3.52292|-3.52292
159|-3.52292|-3.52292
160|-3.52292|-3.52292
161|-3.52292|-3.52292
162|-3.52292|-3.52292
163|-3.52292|-3.52292
164|-3.52292|-3.52292
165|-3.52292|-3.52292
166|-3.52292|-3.52292
167|-3.52292|-3.52292
168|-3.52292|-3.52292
169|-3.52292|-3.52292
170|-3.52292|-3.52292
171|-3.52292|-3.52292
172|-3.52292|-3.52292
173|-3.52292|-3.52292
174|-3.52292|-3.52292
175|-3.52292|-3.52292
176|-3.52292|-3.52292
177|-3.52292|-3.52292
178|-3.52292|-3.52292
179|-3.52292|-3.52292
180|-3.52292|-3.52292
181|-3.52292|-3.52292
182|-3.52292|-3.52292
183|-3.52292|-3.52292
184|-3.52292|-3.52292
185|-3.52292|-3.52292
186|-3.52292|-3.52292
187|-3.52292|-3.52292
188|-3.52292|-3.52292
189|-3.52292|-3.52292
190|-3.52292|-3.52292
191|-3.52292|-3.52292
EARLY STOP: TARGET FOUND
67333ms
