1|-5.00575|-5.00575
2|-5.01153|-5.01153
3|-5.0119|-5.0119
4|-5.01198|-5.01198
5|-5.01202|-5.01202
6|-5.01204|-5.01204
7|-5.01205|-5.01205
8|-5.01205|-5.01205
9|-5.01205|-5.01205
10|-5.98288|-5.98288
11|-6.01184|-6.01184
12|-6.01203|-6.01203
13|-6.01205|-6.01205
14|-6.01205|-6.01205
15|-6.01205|-6.01205
16|-6.76699|-6.76699
17|-6.80057|-6.80057
18|-6.80498|-6.80498
19|-6.80679|-6.80679
20|-6.80679|-6.80679
21|-6.80744|-6.80744
22|-6.8077|-6.8077
23|-6.80781|-6.80781
24|-6.80787|-6.80787
25|-6.80787|-6.80787
26|-6.80788|-6.80788
27|-6.84432|-6.84432
28|-6.93186|-6.93186
29|-6.98035|-6.98035
30|-6.99817|-6.99817
31|-6.99829|-6.99829
32|-6.9983|-6.9983
33|-7.93553|-7.93553
34|-7.97149|-7.97149
35|-7.9817|-7.9817
36|-7.98477|-7.98477
37|-7.98506|-7.98506
38|-7.98508|-7.98508
39|-7.98509|-7.98509
40|-8.03216|-8.03216
41|-8.64336|-8.64336
42|-8.67385|-8.67385
43|-8.6756|-8.6756
44|-8.67604|-8.67604
45|-8.67625|-8.67625
46|-8.67636|-8.67636
47|-8.67834|-8.67834
48|-9.11843|-9.11843
49|-9.1404|-9.1404
50|-9.15139|-9.15139
51|-9.15413|-9.15413
52|-9.15551|-9.15551
53|-9.15585|-9.15585
54|-9.15602|-9.15602
55|-9.15604|-9.15604
56|-9.18265|-9.18265
57|-9.6363|-9.6363
58|-9.79386|-9.79386
59|-9.84392|-9.84392
60|-9.85809|-9.85809
61|-9.86213|-9.86213
62|-9.86254|-9.86254
63|-9.86325|-9.86325
64|-9.86325|-9.86325
65|-9.86325|-9.86325
66|-9.93772|-9.93772
67|-10.1762|-10.1762
68|-10.3392|-10.3392
69|-10.4231|-10.4231
70|-10.4635|-10.4635
71|-10.4829|-10.4829
72|-10.4853|-10.4853
73|-10.4865|-10.4865
74|-10.4868|-10.4868
75|-10.8304|-10.8304
76|-11.4295|-11.4295
77|-11.4804|-11.4804
78|-11.4816|-11.4816
79|-11.4817|-11.4817
80|-11.8234|-11.8234
81|-11.8437|-11.8437
82|-11.8502|-11.8502
83|-11.8517|-11.8517
84|-11.8518|-11.8518
85|-11.8518|-11.8518
86|-12.4289|-12.4289
87|-12.512|-12.512
88|-12.519|-12.519
89|-12.5223|-12.5223
90|-12.5239|-12.5239
91|-12.5247|-12.5247
92|-12.5251|-12.5251
93|-12.5252|-12.5252
94|-13.0383|-13.0383
95|-13.0707|-13.0707
96|-13.3479|-13.3479
97|-13.4524|-13.4524
98|-13.4754|-13.4754
99|-13.4758|-13.4758
100|-13.4759|-13.4759
101|-13.4759|-13.4759
102|-13.6948|-13.6948
103|-13.8062|-13.8062
104|-13.807|-13.807
105|-13.8074|-13.8074
106|-13.8117|-13.8117
107|-13.8118|-13.8118
108|-13.8119|-13.8119
109|-13.8119|-13.8119
110|-13.8119|-13.8119
111|-14.0042|-14.0042
112|-14.0334|-14.0334
113|-14.0335|-14.0335
114|-14.0335|-14.0335
115|-14.4023|-14.4023
116|-14.4887|-14.4887
117|-14.7423|-14.7423
118|-14.9032|-14.9032
119|-14.9033|-14.9033
120|-14.9059|-14.9059
121|-15.5836|-15.5836
122|-15.6663|-15.6663
123|-15.6863|-15.6863
124|-15.6889|-15.6889
125|-15.6898|-15.6898
126|-15.6902|-15.6902
127|-15.6903|-15.6903
128|-15.6904|-15.6904
129|-15.6904|-15.6904
130|-15.7369|-15.7369
131|-15.8246|-15.8246
132|-15.8793|-15.8793
133|-15.9113|-15.9113
134|-15.9284|-15.9284
135|-15.9372|-15.9372
136|-15.9417|-15.9417
137|-15.9439|-15.9439
138|-15.9451|-15.9451
139|-15.9456|-15.9456
140|-15.9459|-15.9459
141|-15.9623|-15.9623
142|-15.9656|-15.9656
143|-15.9663|-15.9663
144|-15.9667|-15.9667
145|-15.9669|-15.9669
146|-15.9669|-15.9669
147|-16.3883|-16.3883
148|-16.8994|-16.8994
149|-16.8995|-16.8995
150|-16.8995|-16.8995
151|-16.9146|-16.9146
152|-16.9221|-16.9221
153|-16.9479|-16.9479
154|-16.9506|-16.9506
155|-16.9512|-16.9512
156|-16.9516|-16.9516
157|-16.9517|-16.9517
158|-16.9528|-16.9528
159|-17.1905|-17.1905
160|-17.2323|-17.2323
161|-17.4129|-17.4129
162|-17.4132|-17.4132
163|-17.4139|-17.4139
164|-17.4139|-17.4139
165|-18.0203|-18.0203
166|-18.2623|-18.2623
167|-18.2628|-18.2628
168|-18.2629|-18.2629
169|-18.2629|-18.2629
170|-18.8737|-18.8737
171|-18.9584|-18.9584
172|-18.9992|-18.9992
173|-19.0091|-19.0091
174|-19.014|-19.014
175|-19.0143|-19.0143
176|-19.1338|-19.1338
177|-19.1414|-19.1414
178|-19.1419|-19.1419
179|-19.7267|-19.7267
180|-19.7804|-19.7804
181|-19.9653|-19.9653
182|-20.0967|-20.0967
183|-20.0986|-20.0986
184|-20.3419|-20.3419
185|-20.4701|-20.4701
186|-21.027|-21.027
187|-21.0806|-21.0806
188|-21.0936|-21.0936
189|-21.0965|-21.0965
190|-21.0968|-21.0968
191|-21.0969|-21.0969
192|-21.097|-21.097
193|-21.1929|-21.1929
194|-21.4231|-21.4231
195|-21.6146|-21.6146
196|-21.8425|-21.8425
197|-21.8902|-21.8902
198|-21.8926|-21.8926
199|-21.8927|-21.8927
200|-22.4328|-22.4328
201|-22.5474|-22.5474
202|-22.5475|-22.5475
203|-22.5475|-22.5475
204|-22.5475|-22.5475
205|-22.5475|-22.5475
206|-22.5475|-22.5475
207|-22.5475|-22.5475
208|-22.5475|-22.5475
209|-22.5475|-22.5475
210|-22.5475|-22.5475
211|-22.5475|-22.5475
212|-22.5475|-22.5475
213|-22.5475|-22.5475
214|-22.5475|-22.5475
215|-22.5475|-22.5475
216|-22.5475|-22.5475
217|-22.5475|-22.5475
218|-22.5475|-22.5475
219|-22.5475|-22.5475
220|-22.5475|-22.5475
221|-22.5475|-22.5475
222|-22.5475|-22.5475
223|-22.5475|-22.5475
224|-22.5475|-22.5475
225|-22.5475|-22.5475
226|-22.5475|-22.5475
227|-22.5475|-22.5475
228|-22.5475|-22.5475
229|-22.5475|-22.5475
230|-22.5475|-22.5475
231|-22.5475|-22.5475
232|-22.5475|-22.5475
233|-22.5475|-22.5475
234|-22.5475|-22.5475
235|-22.5475|-22.5475
236|-22.5475|-22.5475
237|-22.5475|-22.5475
238|-22.5475|-22.5475
239|-22.5475|-22.5475
240|-22.5475|-22.5475
241|-22.5475|-22.5475
242|-22.5475|-22.5475
243|-22.5475|-22.5475
244|-22.5475|-22.5475
245|-22.5475|-22.5475
246|-22.5475|-22.5475
247|-22.5475|-22.5475
248|-22.5475|-22.5475
249|-22.5475|-22.5475
250|-22.5475|-22.5475
251|-22.5475|-22.5475
252|-22.5475|-22.5475
253|-22.5475|-22.5475
254|-22.5475|-22.5475
255|-22.5475|-22.5475
256|-22.5475|-22.5475
257|-22.5475|-22.5475
258|-22.5475|-22.5475
259|-22.5475|-22.5475
260|-22.5475|-22.5475
261|-22.5475|-22.5475
262|-22.5475|-22.5475
263|-22.5475|-22.5475
264|-22.5475|-22.5475
265|-22.5475|-22.5475
266|-22.5475|-22.5475
267|-22.5475|-22.5475
268|-22.5475|-22.5475
269|-22.5475|-22.5475
270|-22.5475|-22.5475
271|-22.5475|-22.5475
272|-22.5475|-22.5475
273|-22.5475|-22.5475
274|-22.5475|-22.5475
275|-22.5475|-22.5475
276|-22.5475|-22.5475
277|-22.5475|-22.5475
278|-22.5475|-22.5475
279|-22.5475|-22.5475
280|-22.5475|-22.5475
281|-22.5475|-22.5475
282|-22.5475|-22.5475
283|-22.5475|-22.5475
284|-22.5475|-22.5475
285|-22.5475|-22.5475
286|-22.5475|-22.5475
287|-22.5475|-22.5475
288|-22.5475|-22.5475
289|-22.5475|-22.5475
290|-22.5475|-22.5475
291|-22.5475|-22.5475
292|-22.5475|-22.5475
293|-22.5475|-22.5475
294|-22.5475|-22.5475
295|-22.5475|-22.5475
296|-22.5475|-22.5475
297|-22.5475|-22.5475
298|-22.5475|-22.5475
299|-22.5475|-22.5475
300|-22.5475|-22.5475
301|-22.5475|-22.5475
302|-22.5475|-22.5475
303|-22.5475|-22.5475
304|-22.5475|-22.5475
305|-22.5475|-22.5475
306|-22.5475|-22.5475
307|-22.5475|-22.5475
308|-22.5475|-22.5475
309|-22.5475|-22.5475
310|-22.5475|-22.5475
311|-22.5475|-22.5475
312|-22.5475|-22.5475
313|-22.5475|-22.5475
314|-22.5475|-22.5475
315|-22.5475|-22.5475
316|-22.5475|-22.5475
317|-22.5475|-22.5475
318|-22.5475|-22.5475
319|-22.5475|-22.5475
320|-22.5475|-22.5475
321|-22.5475|-22.5475
322|-22.5475|-22.5475
323|-22.5475|-22.5475
324|-22.5475|-22.5475
325|-22.5475|-22.5475
326|-22.5475|-22.5475
327|-22.5475|-22.5475
328|-22.5475|-22.5475
329|-22.5475|-22.5475
330|-22.5475|-22.5475
331|-22.5475|-22.5475
332|-22.5475|-22.5475
333|-22.5475|-22.5475
334|-22.5475|-22.5475
335|-22.5475|-22.5475
336|-22.5475|-22.5475
337|-22.5475|-22.5475
338|-22.5475|-22.5475
339|-22.5475|-22.5475
340|-22.5475|-22.5475
341|-22.5475|-22.5475
342|-22.5475|-22.5475
343|-22.5475|-22.5475
344|-22.5475|-22.5475
345|-22.5475|-22.5475
346|-22.5475|-22.5475
347|-22.5475|-22.5475
348|-22.5475|-22.5475
349|-22.5475|-22.5475
350|-22.5475|-22.5475
351|-22.5475|-22.5475
352|-22.5475|-22.5475
353|-22.5475|-22.5475
EARLY STOP: TARGET FOUND
2848795ms
