1|-4.85293|-4.85293
2|-5.31338|-5.31338
3|-5.31942|-5.31942
4|-5.31973|-5.31973
5|-5.31976|-5.31976
6|-5.31977|-5.31977
7|-5.31977|-5.31977
8|-6.20008|-6.20008
9|-6.2308|-6.2308
10|-6.23121|-6.23121
11|-6.23121|-6.23121
12|-6.25735|-6.25735
13|-6.26136|-6.26136
14|-6.2622|-6.2622
15|-6.2622|-6.2622
16|-6.26259|-6.26259
17|-6.26259|-6.26259
18|-6.26262|-6.26262
19|-6.26262|-6.26262
20|-6.26276|-6.26276
21|-6.26302|-6.26302
22|-6.26329|-6.26329
23|-6.26331|-6.26331
24|-6.26331|-6.26331
25|-6.26331|-6.26331
26|-6.26331|-6.26331
27|-6.26331|-6.26331
28|-6.26814|-6.26814
29|-6.53187|-6.53187
30|-6.57264|-6.57264
31|-7.04699|-7.04699
32|-7.05676|-7.05676
33|-7.05887|-7.05887
34|-7.05911|-7.05911
35|-7.05913|-7.05913
36|-7.07082|-7.07082
37|-7.80249|-7.80249
38|-7.82596|-7.82596
39|-7.83716|-7.83716
40|-7.84261|-7.84261
41|-7.84396|-7.84396
42|-7.84463|-7.84463
43|-7.84497|-7.84497
44|-7.84505|-7.84505
45|-8.4953|-8.4953
46|-8.53043|-8.53043
47|-8.54319|-8.54319
48|-8.5441|-8.5441
49|-8.54419|-8.54419
50|-8.5442|-8.5442
51|-8.5442|-8.5442
52|-8.5668|-8.5668
53|-9.05354|-9.05354
54|-9.21056|-9.21056
55|-9.24701|-9.24701
56|-9.25235|-9.25235
57|-9.25239|-9.25239
58|-9.2524|-9.2524
59|-9.2524|-9.2524
60|-9.49405|-9.49405
61|-9.88422|-9.88422
62|-10.0511|-10.0511
63|-10.0851|-10.0851
64|-10.1013|-10.1013
65|-10.1015|-10.1015
66|-10.2404|-10.2404
67|-10.261|-10.261
68|-10.2632|-10.2632
69|-10.2637|-10.2637
70|-10.2638|-10.2638
71|-10.2638|-10.2638
72|-10.336|-10.336
73|-11.2565|-11.2565
74|-11.2593|-11.2593
75|-11.2602|-11.2602
76|-11.2606|-11.2606
77|-11.2607|-11.2607
78|-11.2608|-11.2608
79|-11.2608|-11.2608
80|-11.2608|-11.2608
81|-11.2608|-11.2608
82|-11.2661|-11.2661
83|-11.6145|-11.6145
84|-11.6212|-11.6212
85|-11.6246|-11.6246
86|-11.6262|-11.6262
87|-11.6271|-11.6271
88|-11.6273|-11.6273
89|-11.6566|-11.6566
90|-11.724|-11.724
91|-12.0272|-12.0272
92|-12.0694|-12.0694
93|-12.0695|-12.0695
94|-12.0695|-12.0695
95|-12.0695|-12.0695
96|-12.3702|-12.3702
97|-12.3997|-12.3997
98|-12.4018|-12.4018
99|-12.4019|-12.4019
100|-12.4019|-12.4019
101|-12.8435|-12.8435
102|-13.0899|-13.0899
103|-13.0907|-13.0907
104|-13.0907|-13.0907
105|-13.0907|-13.0907
106|-13.0907|-13.0907
107|-13.0907|-13.0907
108|-13.2161|-13.2161
109|-13.6826|-13.6826
110|-13.7363|-13.7363
111|-13.7454|-13.7454
112|-13.7501|-13.7501
113|-13.7508|-13.7508
114|-14.6447|-14.6447
115|-14.6463|-14.6463
116|-14.6467|-14.6467
117|-14.7283|-14.7283
118|-15.6014|-15.6014
119|-15.6014|-15.6014
120|-15.6014|-15.6014
121|-15.6718|-15.6718
122|-16.3262|-16.3262
123|-16.342|-16.342
124|-16.3434|-16.3434
125|-16.3435|-16.3435
126|-16.3436|-16.3436
127|-16.3562|-16.3562
128|-16.3659|-16.3659
129|-16.3725|-16.3725
130|-16.3756|-16.3756
131|-16.3763|-16.3763
132|-16.3763|-16.3763
133|-16.3764|-16.3764
134|-16.4448|-16.4448
135|-16.4458|-16.4458
136|-16.4618|-16.4618
137|-16.4645|-16.4645
138|-16.8179|-16.8179
139|-16.8205|-16.8205
140|-16.8211|-16.8211
141|-16.8213|-16.8213
142|-17.2461|-17.2461
143|-17.5153|-17.5153
144|-17.6083|-17.6083
145|-17.6371|-17.6371
146|-17.6465|-17.6465
147|-17.647|-17.647
148|-18.1518|-18.1518
149|-18.1549|-18.1549
150|-18.6247|-18.6247
151|-18.6248|-18.6248
152|-19.0294|-19.0294
153|-19.2351|-19.2351
154|-19.256|-19.256
155|-19.2839|-19.2839
156|-19.2844|-19.2844
157|-19.2845|-19.2845
158|-19.2846|-19.2846
159|-19.2846|-19.2846
160|-19.3889|-19.3889
161|-19.4787|-19.4787
162|-19.9246|-19.9246
163|-20.0999|-20.0999
164|-20.1621|-20.1621
165|-20.1775|-20.1775
166|-20.1781|-20.1781
167|-20.1781|-20.1781
168|-20.1781|-20.1781
169|-20.1811|-20.1811
170|-20.2134|-20.2134
171|-20.6611|-20.6611
172|-20.7872|-20.7872
173|-20.7898|-20.7898
174|-20.7899|-20.7899
175|-20.7899|-20.7899
176|-20.79|-20.79
177|-21.1422|-21.1422
178|-21.1505|-21.1505
179|-21.1505|-21.1505
180|-21.1507|-21.1507
181|-21.1526|-21.1526
182|-21.4067|-21.4067
183|-21.8669|-21.8669
184|-22.0657|-22.0657
185|-22.0891|-22.0891
186|-22.096|-22.096
187|-22.0972|-22.0972
188|-22.5135|-22.5135
189|-22.6759|-22.6759
190|-22.7157|-22.7157
191|-22.7216|-22.7216
192|-22.7217|-22.7217
193|-22.7217|-22.7217
194|-22.7217|-22.7217
195|-22.7217|-22.7217
196|-22.7217|-22.7217
197|-22.7217|-22.7217
198|-22.7217|-22.7217
199|-22.7217|-22.7217
200|-22.7217|-22.7217
201|-22.7217|-22.7217
202|-22.7217|-22.7217
203|-22.7217|-22.7217
204|-22.7217|-22.7217
205|-22.7217|-22.7217
206|-22.7217|-22.7217
207|-22.7217|-22.7217
208|-22.7217|-22.7217
209|-22.7217|-22.7217
210|-22.7217|-22.7217
211|-22.7217|-22.7217
212|-22.7217|-22.7217
213|-22.7217|-22.7217
214|-22.7217|-22.7217
215|-22.7217|-22.7217
216|-22.7217|-22.7217
217|-22.7217|-22.7217
218|-22.7217|-22.7217
219|-22.7217|-22.7217
220|-22.7217|-22.7217
221|-22.7217|-22.7217
222|-22.7217|-22.7217
223|-22.7217|-22.7217
224|-22.7217|-22.7217
225|-22.7217|-22.7217
226|-22.7217|-22.7217
227|-22.7217|-22.7217
228|-22.7217|-22.7217
229|-22.7217|-22.7217
230|-22.7217|-22.7217
231|-22.7217|-22.7217
232|-22.7217|-22.7217
233|-22.7217|-22.7217
234|-22.7217|-22.7217
235|-22.7217|-22.7217
236|-22.7217|-22.7217
237|-22.7217|-22.7217
238|-22.7217|-22.7217
239|-22.7217|-22.7217
240|-22.7217|-22.7217
241|-22.7217|-22.7217
242|-22.7217|-22.7217
243|-22.7217|-22.7217
244|-22.7217|-22.7217
245|-22.7217|-22.7217
246|-22.7217|-22.7217
247|-22.7217|-22.7217
248|-22.7217|-22.7217
249|-22.7217|-22.7217
250|-22.7217|-22.7217
251|-22.7217|-22.7217
252|-22.7217|-22.7217
253|-22.7217|-22.7217
254|-22.7217|-22.7217
255|-22.7217|-22.7217
256|-22.7217|-22.7217
257|-22.7217|-22.7217
258|-22.7217|-22.7217
259|-22.7217|-22.7217
260|-22.7217|-22.7217
261|-22.7217|-22.7217
262|-22.7217|-22.7217
263|-22.7217|-22.7217
264|-22.7217|-22.7217
265|-22.7217|-22.7217
266|-22.7217|-22.7217
267|-22.7217|-22.7217
268|-22.7217|-22.7217
269|-22.7217|-22.7217
270|-22.7217|-22.7217
271|-22.7217|-22.7217
272|-22.7217|-22.7217
273|-22.7217|-22.7217
274|-22.7217|-22.7217
275|-22.7217|-22.7217
276|-22.7217|-22.7217
277|-22.7217|-22.7217
278|-22.7217|-22.7217
279|-22.7217|-22.7217
280|-22.7217|-22.7217
281|-22.7217|-22.7217
282|-22.7217|-22.7217
283|-22.7217|-22.7217
284|-22.7217|-22.7217
285|-22.7217|-22.7217
286|-22.7217|-22.7217
287|-22.7217|-22.7217
288|-22.7217|-22.7217
289|-22.7217|-22.7217
290|-22.7217|-22.7217
291|-22.7217|-22.7217
292|-22.7217|-22.7217
293|-22.7217|-22.7217
294|-22.7217|-22.7217
295|-22.7217|-22.7217
296|-22.7217|-22.7217
297|-22.7217|-22.7217
298|-22.7217|-22.7217
299|-22.7217|-22.7217
300|-22.7217|-22.7217
301|-22.7217|-22.7217
302|-22.7217|-22.7217
303|-22.7217|-22.7217
304|-22.7217|-22.7217
305|-22.7217|-22.7217
306|-22.7217|-22.7217
307|-22.7217|-22.7217
308|-22.7217|-22.7217
309|-22.7217|-22.7217
310|-22.7217|-22.7217
311|-22.7217|-22.7217
312|-22.7217|-22.7217
313|-22.7217|-22.7217
314|-22.7217|-22.7217
315|-22.7217|-22.7217
316|-22.7217|-22.7217
317|-22.7217|-22.7217
318|-22.7217|-22.7217
319|-22.7217|-22.7217
320|-22.7217|-22.7217
321|-22.7217|-22.7217
322|-22.7217|-22.7217
323|-22.7217|-22.7217
324|-22.7217|-22.7217
325|-22.7217|-22.7217
326|-22.7217|-22.7217
327|-22.7217|-22.7217
328|-22.7217|-22.7217
329|-22.7217|-22.7217
330|-22.7217|-22.7217
331|-22.7217|-22.7217
332|-22.7217|-22.7217
333|-22.7217|-22.7217
334|-22.7217|-22.7217
335|-22.7217|-22.7217
336|-22.7217|-22.7217
337|-22.7217|-22.7217
338|-22.7217|-22.7217
339|-22.7217|-22.7217
340|-22.7217|-22.7217
341|-22.7217|-22.7217
342|-22.7217|-22.7217
343|-22.7217|-22.7217
EARLY STOP: TARGET FOUND
2829523ms
