1|84.5203|84.5203
2|-32.4447|-32.4447
3|-33.6347|-33.6347
4|-144.147|-144.147
5|-308.677|-308.677
6|-353.256|-353.256
7|-355.182|-355.182
8|-804.912|-804.912
9|-808.114|-808.114
10|-809.906|-809.906
11|-810.016|-810.016
12|-810.071|-810.071
13|-810.085|-810.085
14|-810.088|-810.088
15|-810.089|-810.089
16|-827.816|-827.816
17|-827.816|-827.816
18|-832.199|-832.199
19|-834.383|-834.383
20|-835.473|-835.473
21|-836.018|-836.018
22|-836.086|-836.086
23|-836.12|-836.12
24|-836.137|-836.137
25|-836.146|-836.146
26|-836.15|-836.15
27|-836.15|-836.15
28|-966.271|-966.271
29|-1183.76|-1183.76
30|-1291.81|-1291.81
31|-1291.84|-1291.84
32|-1291.85|-1291.85
33|-1291.85|-1291.85
34|-1291.85|-1291.85
35|-1343.63|-1343.63
36|-1576.66|-1576.66
37|-1582.39|-1582.39
38|-1583.68|-1583.68
39|-1584.3|-1584.3
40|-1584.3|-1584.3
41|-1584.3|-1584.3
42|-1584.3|-1584.3
43|-1584.31|-1584.31
44|-1584.31|-1584.31
45|-1584.31|-1584.31
46|-1584.31|-1584.31
47|-1584.31|-1584.31
48|-1584.31|-1584.31
49|-1584.31|-1584.31
50|-1584.31|-1584.31
51|-1584.31|-1584.31
52|-1584.31|-1584.31
53|-1584.31|-1584.31
54|-1584.31|-1584.31
55|-1584.31|-1584.31
56|-1584.31|-1584.31
57|-1584.31|-1584.31
58|-1584.31|-1584.31
59|-1584.31|-1584.31
60|-1584.31|-1584.31
61|-1584.31|-1584.31
62|-1584.31|-1584.31
63|-1584.31|-1584.31
64|-1584.31|-1584.31
65|-1584.31|-1584.31
66|-1584.31|-1584.31
67|-1584.31|-1584.31
68|-1584.31|-1584.31
69|-1584.31|-1584.31
70|-1584.31|-1584.31
71|-1584.31|-1584.31
72|-1584.31|-1584.31
73|-1584.31|-1584.31
74|-1584.31|-1584.31
75|-1584.31|-1584.31
76|-1584.31|-1584.31
77|-1584.31|-1584.31
78|-1584.31|-1584.31
79|-1584.31|-1584.31
80|-1584.31|-1584.31
81|-1584.31|-1584.31
82|-1584.31|-1584.31
83|-1584.31|-1584.31
84|-1584.31|-1584.31
85|-1584.31|-1584.31
86|-1584.31|-1584.31
87|-1584.31|-1584.31
88|-1584.31|-1584.31
89|-1584.31|-1584.31
90|-1584.31|-1584.31
91|-1584.31|-1584.31
92|-1584.31|-1584.31
93|-1584.31|-1584.31
94|-1584.31|-1584.31
95|-1584.31|-1584.31
96|-1584.31|-1584.31
97|-1584.31|-1584.31
98|-1584.31|-1584.31
99|-1584.31|-1584.31
100|-1584.31|-1584.31
101|-1584.31|-1584.31
102|-1584.31|-1584.31
103|-1584.31|-1584.31
104|-1584.31|-1584.31
105|-1584.31|-1584.31
106|-1584.31|-1584.31
107|-1584.31|-1584.31
108|-1584.31|-1584.31
109|-1584.31|-1584.31
110|-1584.31|-1584.31
111|-1584.31|-1584.31
112|-1584.31|-1584.31
113|-1584.31|-1584.31
114|-1584.31|-1584.31
115|-1584.31|-1584.31
116|-1584.31|-1584.31
117|-1584.31|-1584.31
118|-1584.31|-1584.31
119|-1584.31|-1584.31
120|-1584.31|-1584.31
121|-1584.31|-1584.31
122|-1584.31|-1584.31
123|-1584.31|-1584.31
124|-1584.31|-1584.31
125|-1584.31|-1584.31
126|-1584.31|-1584.31
127|-1584.31|-1584.31
128|-1584.31|-1584.31
129|-1584.31|-1584.31
130|-1584.31|-1584.31
131|-1584.31|-1584.31
132|-1584.31|-1584.31
133|-1584.31|-1584.31
134|-1584.31|-1584.31
135|-1584.31|-1584.31
136|-1584.31|-1584.31
137|-1584.31|-1584.31
138|-1584.31|-1584.31
139|-1584.31|-1584.31
140|-1584.31|-1584.31
141|-1584.31|-1584.31
142|-1584.31|-1584.31
143|-1584.31|-1584.31
144|-1584.31|-1584.31
145|-1584.31|-1584.31
146|-1584.31|-1584.31
147|-1584.31|-1584.31
148|-1584.31|-1584.31
149|-1584.31|-1584.31
150|-1584.31|-1584.31
151|-1584.31|-1584.31
152|-1584.31|-1584.31
153|-1584.31|-1584.31
154|-1584.31|-1584.31
155|-1584.31|-1584.31
156|-1584.31|-1584.31
157|-1584.31|-1584.31
158|-1584.31|-1584.31
159|-1584.31|-1584.31
160|-1584.31|-1584.31
161|-1584.31|-1584.31
162|-1584.31|-1584.31
163|-1584.31|-1584.31
164|-1584.31|-1584.31
165|-1584.31|-1584.31
166|-1584.31|-1584.31
167|-1584.31|-1584.31
168|-1584.31|-1584.31
169|-1584.31|-1584.31
170|-1584.31|-1584.31
171|-1584.31|-1584.31
172|-1584.31|-1584.31
173|-1584.31|-1584.31
174|-1584.31|-1584.31
175|-1584.31|-1584.31
176|-1584.31|-1584.31
177|-1584.31|-1584.31
178|-1584.31|-1584.31
179|-1584.31|-1584.31
180|-1584.31|-1584.31
181|-1584.31|-1584.31
182|-1584.31|-1584.31
183|-1584.31|-1584.31
184|-1584.31|-1584.31
185|-1584.31|-1584.31
186|-1584.31|-1584.31
187|-1584.31|-1584.31
188|-1584.31|-1584.31
189|-1584.31|-1584.31
190|-1584.31|-1584.31
191|-1584.31|-1584.31
192|-1584.31|-1584.31
193|-1584.31|-1584.31
194|-1584.31|-1584.31
195|-1584.31|-1584.31
EARLY STOP: TARGET FOUND
97241ms
