1|71.6866|71.6866
2|71.6669|71.6669
3|71.6124|71.6124
4|71.6049|71.6049
5|71.6035|71.6035
6|71.6028|71.6028
7|71.6025|71.6025
8|71.6023|71.6023
9|71.6023|71.6023
10|55.2523|55.2523
11|54.671|54.671
12|54.6232|54.6232
13|54.6142|54.6142
14|54.6135|54.6135
15|54.6133|54.6133
16|54.6133|54.6133
17|49.3543|49.3543
18|48.4912|48.4912
19|40.6203|40.6203
20|34.7394|34.7394
21|33.4678|33.4678
22|33.0424|33.0424
23|32.8859|32.8859
24|32.8848|32.8848
25|32.8847|32.8847
26|16.5421|16.5421
27|16.301|16.301
28|16.1058|16.1058
29|16.0995|16.0995
30|16.0993|16.0993
31|13.4668|13.4668
32|13.388|13.388
33|8.10438|8.10438
34|7.24807|7.24807
35|7.22593|7.22593
36|7.21724|7.21724
37|7.2157|7.2157
38|7.21568|7.21568
39|7.21568|7.21568
40|7.21568|7.21568
41|7.21568|7.21568
42|7.21568|7.21568
43|7.21568|7.21568
44|7.21568|7.21568
45|7.21568|7.21568
46|7.21568|7.21568
47|7.21568|7.21568
48|7.21568|7.21568
49|7.21568|7.21568
50|7.21568|7.21568
51|7.21568|7.21568
52|7.21568|7.21568
53|7.21568|7.21568
54|7.21568|7.21568
55|7.21568|7.21568
56|7.21568|7.21568
57|7.21568|7.21568
58|7.21568|7.21568
59|7.21568|7.21568
60|7.21568|7.21568
61|7.21568|7.21568
62|7.21568|7.21568
63|7.21568|7.21568
64|7.21568|7.21568
65|7.21568|7.21568
66|7.21568|7.21568
67|7.21568|7.21568
68|7.21568|7.21568
69|7.21568|7.21568
70|7.21568|7.21568
71|7.21568|7.21568
72|7.21568|7.21568
73|7.21568|7.21568
74|7.21568|7.21568
75|7.21568|7.21568
76|7.21568|7.21568
77|7.21568|7.21568
78|7.21568|7.21568
79|7.21568|7.21568
80|7.21568|7.21568
81|7.21568|7.21568
82|7.21568|7.21568
83|7.21568|7.21568
84|7.21568|7.21568
85|7.21568|7.21568
86|7.21568|7.21568
87|7.21568|7.21568
88|7.21568|7.21568
89|7.21568|7.21568
90|7.21568|7.21568
91|7.21568|7.21568
92|7.21568|7.21568
93|7.21568|7.21568
94|7.21568|7.21568
95|7.21568|7.21568
96|7.21568|7.21568
97|7.21568|7.21568
98|7.21568|7.21568
99|7.21568|7.21568
100|7.21568|7.21568
101|7.21568|7.21568
102|7.21568|7.21568
103|7.21568|7.21568
104|7.21568|7.21568
105|7.21568|7.21568
106|7.21568|7.21568
107|7.21568|7.21568
108|7.21568|7.21568
109|7.21568|7.21568
110|7.21568|7.21568
111|7.21568|7.21568
112|7.21568|7.21568
113|7.21568|7.21568
114|7.21568|7.21568
115|7.21568|7.21568
116|7.21568|7.21568
117|7.21568|7.21568
118|7.21568|7.21568
119|7.21568|7.21568
120|7.21568|7.21568
121|7.21568|7.21568
122|7.21568|7.21568
123|7.21568|7.21568
124|7.21568|7.21568
125|7.21568|7.21568
126|7.21568|7.21568
127|7.21568|7.21568
128|7.21568|7.21568
129|7.21568|7.21568
130|7.21568|7.21568
131|7.21568|7.21568
132|7.21568|7.21568
133|7.21568|7.21568
134|7.21568|7.21568
135|7.21568|7.21568
136|7.21568|7.21568
137|7.21568|7.21568
138|7.21568|7.21568
139|7.21568|7.21568
140|7.21568|7.21568
141|7.21568|7.21568
142|7.21568|7.21568
143|7.21568|7.21568
144|7.21568|7.21568
145|7.21568|7.21568
146|7.21568|7.21568
147|7.21568|7.21568
148|7.21568|7.21568
149|7.21568|7.21568
150|7.21568|7.21568
151|7.21568|7.21568
152|7.21568|7.21568
153|7.21568|7.21568
154|7.21568|7.21568
155|7.21568|7.21568
156|7.21568|7.21568
157|7.21568|7.21568
158|7.21568|7.21568
159|7.21568|7.21568
160|7.21568|7.21568
161|7.21568|7.21568
162|7.21568|7.21568
163|7.21568|7.21568
164|7.21568|7.21568
165|7.21568|7.21568
166|7.21568|7.21568
167|7.21568|7.21568
168|7.21568|7.21568
169|7.21568|7.21568
170|7.21568|7.21568
171|7.21568|7.21568
172|7.21568|7.21568
173|7.21568|7.21568
174|7.21568|7.21568
175|7.21568|7.21568
176|7.21568|7.21568
177|7.21568|7.21568
178|7.21568|7.21568
179|7.21568|7.21568
180|7.21568|7.21568
181|7.21568|7.21568
182|7.21568|7.21568
183|7.21568|7.21568
184|7.21568|7.21568
185|7.21568|7.21568
186|7.21568|7.21568
187|7.21568|7.21568
188|7.21568|7.21568
EARLY STOP: TARGET FOUND
65493ms
