1|94.8647|94.8647
2|94.8611|94.8611
3|94.8604|94.8604
4|94.8604|94.8604
5|76.3605|76.3605
6|75.8058|75.8058
7|75.7941|75.7941
8|75.7931|75.7931
9|75.793|75.793
10|75.7929|75.7929
11|74.6167|74.6167
12|69.9955|69.9955
13|68.9138|68.9138
14|68.6801|68.6801
15|68.64|68.64
16|68.638|68.638
17|68.638|68.638
18|68.638|68.638
19|67.5257|67.5257
20|67.2768|67.2768
21|67.2768|67.2768
22|67.2291|67.2291
23|67.2252|67.2252
24|67.2245|67.2245
25|67.2244|67.2244
26|67.2244|67.2244
27|67.2244|67.2244
28|44.2166|44.2166
29|44.142|44.142
30|44.1239|44.1239
31|44.1196|44.1196
32|44.1187|44.1187
33|44.1185|44.1185
34|44.1185|44.1185
35|43.4988|43.4988
36|43.4719|43.4719
37|43.4719|43.4719
38|43.4719|43.4719
39|43.4547|43.4547
40|43.4509|43.4509
41|43.4502|43.4502
42|43.4501|43.4501
43|43.4501|43.4501
44|43.4501|43.4501
45|28.2161|28.2161
46|27.2532|27.2532
47|27.2532|27.2532
48|27.0789|27.0789
49|27.0673|27.0673
50|27.0673|27.0673
51|27.0664|27.0664
52|27.0664|27.0664
53|27.0663|27.0663
54|27.0663|27.0663
55|27.0663|27.0663
56|26.774|26.774
57|21.9319|21.9319
58|20.7396|20.7396
59|20.4507|20.4507
60|20.383|20.383
61|20.3684|20.3684
62|20.3684|20.3684
63|20.3659|20.3659
64|20.3657|20.3657
65|20.3657|20.3657
66|0.368648|0.368648
67|0.368648|0.368648
68|0.368648|0.368648
69|0.368648|0.368648
70|0.368648|0.368648
71|0.368648|0.368648
72|0.368648|0.368648
73|0.0824628|0.0824628
74|0.0824628|0.0824628
75|0.0824628|0.0824628
76|0.0824628|0.0824628
77|0.0824628|0.0824628
78|0.0161705|0.0161705
79|0.0161705|0.0161705
80|0.0161705|0.0161705
81|0.0161705|0.0161705
82|0.0161705|0.0161705
83|0.00222436|0.00222436
EARLY STOP: TARGET FOUND
57971ms
