1|-1.07016|-1.07016
2|-1.11103|-1.11103
3|-1.13155|-1.13155
4|-1.13412|-1.13412
5|-1.1354|-1.1354
6|-1.13572|-1.13572
7|-1.13588|-1.13588
8|-1.13592|-1.13592
9|-1.87058|-1.87058
10|-2.03633|-2.03633
11|-2.054|-2.054
12|-2.05849|-2.05849
13|-2.05962|-2.05962
14|-2.0599|-2.0599
15|-2.05997|-2.05997
16|-2.05999|-2.05999
17|-2.05999|-2.05999
18|-2.05999|-2.05999
19|-2.06219|-2.06219
20|-2.09108|-2.09108
21|-2.09108|-2.09108
22|-2.73788|-2.73788
23|-2.99429|-2.99429
24|-3.01814|-3.01814
25|-3.01879|-3.01879
26|-3.01901|-3.01901
27|-3.01906|-3.01906
28|-3.01906|-3.01906
29|-3.01906|-3.01906
30|-3.01972|-3.01972
31|-3.18826|-3.18826
32|-3.2051|-3.2051
33|-3.74796|-3.74796
34|-3.76336|-3.76336
35|-3.82596|-3.82596
36|-3.83288|-3.83288
37|-3.83626|-3.83626
38|-3.83792|-3.83792
39|-3.83813|-3.83813
40|-3.83815|-3.83815
41|-4.0938|-4.0938
42|-4.09413|-4.09413
43|-4.09429|-4.09429
44|-4.09433|-4.09433
45|-4.09435|-4.09435
46|-4.11274|-4.11274
47|-4.13399|-4.13399
48|-4.8221|-4.8221
49|-4.83196|-4.83196
50|-4.83361|-4.83361
51|-4.83402|-4.83402
52|-4.83422|-4.83422
53|-4.83427|-4.83427
54|-4.8343|-4.8343
55|-5.57835|-5.57835
56|-5.6746|-5.6746
57|-5.696|-5.696
58|-5.69632|-5.69632
59|-5.6964|-5.6964
60|-5.71666|-5.71666
61|-5.88076|-5.88076
62|-6.32385|-6.32385
63|-6.34216|-6.34216
64|-6.34669|-6.34669
65|-6.34697|-6.34697
66|-6.8749|-6.8749
67|-6.95622|-6.95622
68|-6.96588|-6.96588
69|-6.96828|-6.96828
70|-6.96947|-6.96947
71|-6.97006|-6.97006
72|-6.97036|-6.97036
73|-6.97051|-6.97051
74|-6.97182|-6.97182
75|-7.1129|-7.1129
76|-7.76803|-7.76803
77|-7.83952|-7.83952
78|-7.85462|-7.85462
79|-7.86171|-7.86171
80|-7.86514|-7.86514
81|-7.86682|-7.86682
82|-7.86765|-7.86765
83|-7.86765|-7.86765
84|-7.86765|-7.86765
85|-7.86765|-7.86765
86|-7.86765|-7.86765
87|-7.86765|-7.86765
88|-7.86765|-7.86765
89|-7.86765|-7.86765
90|-7.86765|-7.86765
91|-7.86765|-7.86765
92|-7.86765|-7.86765
93|-7.86765|-7.86765
94|-7.86765|-7.86765
95|-7.86765|-7.86765
96|-7.86765|-7.86765
97|-7.86765|-7.86765
98|-7.86765|-7.86765
99|-7.86765|-7.86765
100|-7.86765|-7.86765
101|-7.86765|-7.86765
102|-7.86765|-7.86765
103|-7.86765|-7.86765
104|-7.86765|-7.86765
105|-7.86765|-7.86765
106|-7.86765|-7.86765
107|-7.86765|-7.86765
108|-7.86765|-7.86765
109|-7.86765|-7.86765
110|-7.86765|-7.86765
111|-7.86765|-7.86765
112|-7.86765|-7.86765
113|-7.86765|-7.86765
114|-7.86765|-7.86765
115|-7.86765|-7.86765
116|-7.86765|-7.86765
117|-7.86765|-7.86765
118|-7.86765|-7.86765
119|-7.86765|-7.86765
120|-7.86765|-7.86765
121|-7.86765|-7.86765
122|-7.86765|-7.86765
123|-7.86765|-7.86765
124|-7.86765|-7.86765
125|-7.86765|-7.86765
126|-7.86765|-7.86765
127|-7.86765|-7.86765
128|-7.86765|-7.86765
129|-7.86765|-7.86765
130|-7.86765|-7.86765
131|-7.86765|-7.86765
132|-7.86765|-7.86765
133|-7.86765|-7.86765
134|-7.86765|-7.86765
135|-7.86765|-7.86765
136|-7.86765|-7.86765
137|-7.86765|-7.86765
138|-7.86765|-7.86765
139|-7.86765|-7.86765
140|-7.86765|-7.86765
141|-7.86765|-7.86765
142|-7.86765|-7.86765
143|-7.86765|-7.86765
144|-7.86765|-7.86765
145|-7.86765|-7.86765
146|-7.86765|-7.86765
147|-7.86765|-7.86765
148|-7.86765|-7.86765
149|-7.86765|-7.86765
150|-7.86765|-7.86765
151|-7.86765|-7.86765
152|-7.86765|-7.86765
153|-7.86765|-7.86765
154|-7.86765|-7.86765
155|-7.86765|-7.86765
156|-7.86765|-7.86765
157|-7.86765|-7.86765
158|-7.86765|-7.86765
159|-7.86765|-7.86765
160|-7.86765|-7.86765
161|-7.86765|-7.86765
162|-7.86765|-7.86765
163|-7.86765|-7.86765
164|-7.86765|-7.86765
165|-7.86765|-7.86765
166|-7.86765|-7.86765
167|-7.86765|-7.86765
168|-7.86765|-7.86765
169|-7.86765|-7.86765
170|-7.86765|-7.86765
171|-7.86765|-7.86765
172|-7.86765|-7.86765
173|-7.86765|-7.86765
174|-7.86765|-7.86765
175|-7.86765|-7.86765
176|-7.86765|-7.86765
177|-7.86765|-7.86765
178|-7.86765|-7.86765
179|-7.86765|-7.86765
180|-7.86765|-7.86765
181|-7.86765|-7.86765
182|-7.86765|-7.86765
183|-7.86765|-7.86765
184|-7.86765|-7.86765
185|-7.86765|-7.86765
186|-7.86765|-7.86765
187|-7.86765|-7.86765
188|-7.86765|-7.86765
189|-7.86765|-7.86765
190|-7.86765|-7.86765
191|-7.86765|-7.86765
192|-7.86765|-7.86765
193|-7.86765|-7.86765
194|-7.86765|-7.86765
195|-7.86765|-7.86765
196|-7.86765|-7.86765
197|-7.86765|-7.86765
198|-7.86765|-7.86765
199|-7.86765|-7.86765
200|-7.86765|-7.86765
201|-7.86765|-7.86765
202|-7.86765|-7.86765
203|-7.86765|-7.86765
204|-7.86765|-7.86765
205|-7.86765|-7.86765
206|-7.86765|-7.86765
207|-7.86765|-7.86765
208|-7.86765|-7.86765
209|-7.86765|-7.86765
210|-7.86765|-7.86765
211|-7.86765|-7.86765
212|-7.86765|-7.86765
213|-7.86765|-7.86765
214|-7.86765|-7.86765
215|-7.86765|-7.86765
216|-7.86765|-7.86765
217|-7.86765|-7.86765
218|-7.86765|-7.86765
219|-7.86765|-7.86765
220|-7.86765|-7.86765
221|-7.86765|-7.86765
222|-7.86765|-7.86765
223|-7.86765|-7.86765
224|-7.86765|-7.86765
225|-7.86765|-7.86765
226|-7.86765|-7.86765
227|-7.86765|-7.86765
228|-7.86765|-7.86765
229|-7.86765|-7.86765
230|-7.86765|-7.86765
231|-7.86765|-7.86765
232|-7.86765|-7.86765
EARLY STOP: TARGET FOUND
261857ms
