1|-0.759832|-0.759832
2|-0.760473|-0.760473
3|-0.760793|-0.760793
4|-0.760873|-0.760873
5|-0.760913|-0.760913
6|-1.30491|-1.30491
7|-1.74525|-1.74525
8|-1.75852|-1.75852
9|-1.76055|-1.76055
10|-1.76059|-1.76059
11|-1.76059|-1.76059
12|-1.76059|-1.76059
13|-1.76589|-1.76589
14|-2.09346|-2.09346
15|-2.22462|-2.22462
16|-2.2602|-2.2602
17|-2.26245|-2.26245
18|-2.26302|-2.26302
19|-2.2633|-2.2633
20|-2.41299|-2.41299
21|-2.70969|-2.70969
22|-2.80148|-2.80148
23|-2.8473|-2.8473
24|-2.86991|-2.86991
25|-2.8811|-2.8811
26|-2.88667|-2.88667
27|-2.88944|-2.88944
28|-2.88979|-2.88979
29|-2.88996|-2.88996
30|-2.97715|-2.97715
31|-3.0003|-3.0003
32|-3.05948|-3.05948
33|-3.46147|-3.46147
34|-3.70773|-3.70773
35|-3.98711|-3.98711
36|-3.99708|-3.99708
37|-3.99954|-3.99954
38|-4.00013|-4.00013
39|-4.00026|-4.00026
40|-4.00029|-4.00029
41|-4.0003|-4.0003
42|-4.00645|-4.00645
43|-4.04808|-4.04808
44|-4.09673|-4.09673
45|-4.11277|-4.11277
46|-4.1214|-4.1214
47|-4.12251|-4.12251
48|-4.12306|-4.12306
49|-4.12334|-4.12334
50|-4.12348|-4.12348
51|-4.12355|-4.12355
52|-4.58708|-4.58708
53|-4.63349|-4.63349
54|-4.63479|-4.63479
55|-4.63495|-4.63495
56|-4.63498|-4.63498
57|-4.63499|-4.63499
58|-4.72456|-4.72456
59|-4.81308|-4.81308
60|-5.00103|-5.00103
61|-5.10446|-5.10446
62|-5.11073|-5.11073
63|-5.11385|-5.11385
64|-5.11462|-5.11462
65|-5.11467|-5.11467
66|-5.12066|-5.12066
67|-5.19832|-5.19832
68|-5.72159|-5.72159
69|-5.82742|-5.82742
70|-5.83337|-5.83337
71|-5.83368|-5.83368
72|-5.83384|-5.83384
73|-5.83384|-5.83384
74|-5.83384|-5.83384
75|-5.83384|-5.83384
76|-5.83384|-5.83384
77|-5.83384|-5.83384
78|-5.83384|-5.83384
79|-5.83384|-5.83384
80|-5.83384|-5.83384
81|-5.83384|-5.83384
82|-5.83384|-5.83384
83|-5.83384|-5.83384
84|-5.83384|-5.83384
85|-5.83384|-5.83384
86|-5.83384|-5.83384
87|-5.83384|-5.83384
88|-5.83384|-5.83384
89|-5.83384|-5.83384
90|-5.83384|-5.83384
91|-5.83384|-5.83384
92|-5.83384|-5.83384
93|-5.83384|-5.83384
94|-5.83384|-5.83384
95|-5.83384|-5.83384
96|-5.83384|-5.83384
97|-5.83384|-5.83384
98|-5.83384|-5.83384
99|-5.83384|-5.83384
100|-5.83384|-5.83384
101|-5.83384|-5.83384
102|-5.83384|-5.83384
103|-5.83384|-5.83384
104|-5.83384|-5.83384
105|-5.83384|-5.83384
106|-5.83384|-5.83384
107|-5.83384|-5.83384
108|-5.83384|-5.83384
109|-5.83384|-5.83384
110|-5.83384|-5.83384
111|-5.83384|-5.83384
112|-5.83384|-5.83384
113|-5.83384|-5.83384
114|-5.83384|-5.83384
115|-5.83384|-5.83384
116|-5.83384|-5.83384
117|-5.83384|-5.83384
118|-5.83384|-5.83384
119|-5.83384|-5.83384
120|-5.83384|-5.83384
121|-5.83384|-5.83384
122|-5.83384|-5.83384
123|-5.83384|-5.83384
124|-5.83384|-5.83384
125|-5.83384|-5.83384
126|-5.83384|-5.83384
127|-5.83384|-5.83384
128|-5.83384|-5.83384
129|-5.83384|-5.83384
130|-5.83384|-5.83384
131|-5.83384|-5.83384
132|-5.83384|-5.83384
133|-5.83384|-5.83384
134|-5.83384|-5.83384
135|-5.83384|-5.83384
136|-5.83384|-5.83384
137|-5.83384|-5.83384
138|-5.83384|-5.83384
139|-5.83384|-5.83384
140|-5.83384|-5.83384
141|-5.83384|-5.83384
142|-5.83384|-5.83384
143|-5.83384|-5.83384
144|-5.83384|-5.83384
145|-5.83384|-5.83384
146|-5.83384|-5.83384
147|-5.83384|-5.83384
148|-5.83384|-5.83384
149|-5.83384|-5.83384
150|-5.83384|-5.83384
151|-5.83384|-5.83384
152|-5.83384|-5.83384
153|-5.83384|-5.83384
154|-5.83384|-5.83384
155|-5.83384|-5.83384
156|-5.83384|-5.83384
157|-5.83384|-5.83384
158|-5.83384|-5.83384
159|-5.83384|-5.83384
160|-5.83384|-5.83384
161|-5.83384|-5.83384
162|-5.83384|-5.83384
163|-5.83384|-5.83384
164|-5.83384|-5.83384
165|-5.83384|-5.83384
166|-5.83384|-5.83384
167|-5.83384|-5.83384
168|-5.83384|-5.83384
169|-5.83384|-5.83384
170|-5.83384|-5.83384
171|-5.83384|-5.83384
172|-5.83384|-5.83384
173|-5.83384|-5.83384
174|-5.83384|-5.83384
175|-5.83384|-5.83384
176|-5.83384|-5.83384
177|-5.83384|-5.83384
178|-5.83384|-5.83384
179|-5.83384|-5.83384
180|-5.83384|-5.83384
181|-5.83384|-5.83384
182|-5.83384|-5.83384
183|-5.83384|-5.83384
184|-5.83384|-5.83384
185|-5.83384|-5.83384
186|-5.83384|-5.83384
187|-5.83384|-5.83384
188|-5.83384|-5.83384
189|-5.83384|-5.83384
190|-5.83384|-5.83384
191|-5.83384|-5.83384
192|-5.83384|-5.83384
193|-5.83384|-5.83384
194|-5.83384|-5.83384
195|-5.83384|-5.83384
196|-5.83384|-5.83384
197|-5.83384|-5.83384
198|-5.83384|-5.83384
199|-5.83384|-5.83384
200|-5.83384|-5.83384
201|-5.83384|-5.83384
202|-5.83384|-5.83384
203|-5.83384|-5.83384
204|-5.83384|-5.83384
205|-5.83384|-5.83384
206|-5.83384|-5.83384
207|-5.83384|-5.83384
208|-5.83384|-5.83384
209|-5.83384|-5.83384
210|-5.83384|-5.83384
211|-5.83384|-5.83384
212|-5.83384|-5.83384
213|-5.83384|-5.83384
214|-5.83384|-5.83384
215|-5.83384|-5.83384
216|-5.83384|-5.83384
217|-5.83384|-5.83384
218|-5.83384|-5.83384
219|-5.83384|-5.83384
220|-5.83384|-5.83384
221|-5.83384|-5.83384
222|-5.83384|-5.83384
EARLY STOP: TARGET FOUND
325227ms
