1|160.384|160.384
2|157.385|157.385
3|156.723|156.723
4|156.625|156.625
5|156.624|156.624
6|156.624|156.624
7|156.624|156.624
8|156.624|156.624
9|153.915|153.915
10|152.593|152.593
11|152.592|152.592
12|152.592|152.592
13|152.592|152.592
14|137.518|137.518
15|129.424|129.424
16|129.115|129.115
17|128.972|128.972
18|128.904|128.904
19|128.888|128.888
20|128.884|128.884
21|128.882|128.882
22|128.88|128.88
23|128.88|128.88
24|128.775|128.775
25|128.742|128.742
26|128.74|128.74
27|128.74|128.74
28|128.74|128.74
29|119.384|119.384
30|119.375|119.375
31|119.373|119.373
32|115.205|115.205
33|113.737|113.737
34|113.729|113.729
35|113.728|113.728
36|113.728|113.728
37|91.2926|91.2926
38|89.029|89.029
39|77.8296|77.8296
40|77.6565|77.6565
41|77.4634|77.4634
42|77.4504|77.4504
43|77.4448|77.4448
44|77.4435|77.4435
45|77.4429|77.4429
46|77.4428|77.4428
47|77.4427|77.4427
48|61.4534|61.4534
49|61.4463|61.4463
50|60.5782|60.5782
51|60.1832|60.1832
52|60.0888|60.0888
53|60.0771|60.0771
54|60.0713|60.0713
55|60.0709|60.0709
56|49.545|49.545
57|47.6427|47.6427
58|45.9829|45.9829
59|42.6732|42.6732
60|41.7961|41.7961
61|41.7784|41.7784
62|41.7697|41.7697
63|41.7686|41.7686
64|41.7681|41.7681
65|41.7679|41.7679
66|38.0576|38.0576
67|35.5096|35.5096
68|35.3493|35.3493
69|35.3406|35.3406
70|35.3362|35.3362
71|35.3352|35.3352
72|35.3346|35.3346
73|35.3344|35.3344
74|35.3344|35.3344
75|35.3344|35.3344
76|35.3344|35.3344
77|35.3344|35.3344
78|35.3344|35.3344
79|35.3344|35.3344
80|35.3344|35.3344
81|35.3344|35.3344
82|35.3344|35.3344
83|35.3344|35.3344
84|35.3344|35.3344
85|35.3344|35.3344
86|35.3344|35.3344
87|35.3344|35.3344
88|35.3344|35.3344
89|35.3344|35.3344
90|35.3344|35.3344
91|35.3344|35.3344
92|35.3344|35.3344
93|35.3344|35.3344
94|35.3344|35.3344
95|35.3344|35.3344
96|35.3344|35.3344
97|35.3344|35.3344
98|35.3344|35.3344
99|35.3344|35.3344
100|35.3344|35.3344
101|35.3344|35.3344
102|35.3344|35.3344
103|35.3344|35.3344
104|35.3344|35.3344
105|35.3344|35.3344
106|35.3344|35.3344
107|35.3344|35.3344
108|35.3344|35.3344
109|35.3344|35.3344
110|35.3344|35.3344
111|35.3344|35.3344
112|35.3344|35.3344
113|35.3344|35.3344
114|35.3344|35.3344
115|35.3344|35.3344
116|35.3344|35.3344
117|35.3344|35.3344
118|35.3344|35.3344
119|35.3344|35.3344
120|35.3344|35.3344
121|35.3344|35.3344
122|35.3344|35.3344
123|35.3344|35.3344
124|35.3344|35.3344
125|35.3344|35.3344
126|35.3344|35.3344
127|35.3344|35.3344
128|35.3344|35.3344
129|35.3344|35.3344
130|35.3344|35.3344
131|35.3344|35.3344
132|35.3344|35.3344
133|35.3344|35.3344
134|35.3344|35.3344
135|35.3344|35.3344
136|35.3344|35.3344
137|35.3344|35.3344
138|35.3344|35.3344
139|35.3344|35.3344
140|35.3344|35.3344
141|35.3344|35.3344
142|35.3344|35.3344
143|35.3344|35.3344
144|35.3344|35.3344
145|35.3344|35.3344
146|35.3344|35.3344
147|35.3344|35.3344
148|35.3344|35.3344
149|35.3344|35.3344
150|35.3344|35.3344
151|35.3344|35.3344
152|35.3344|35.3344
153|35.3344|35.3344
154|35.3344|35.3344
155|35.3344|35.3344
156|35.3344|35.3344
157|35.3344|35.3344
158|35.3344|35.3344
159|35.3344|35.3344
160|35.3344|35.3344
161|35.3344|35.3344
162|35.3344|35.3344
163|35.3344|35.3344
164|35.3344|35.3344
165|35.3344|35.3344
166|35.3344|35.3344
167|35.3344|35.3344
168|35.3344|35.3344
169|35.3344|35.3344
170|35.3344|35.3344
171|35.3344|35.3344
172|35.3344|35.3344
173|35.3344|35.3344
174|35.3344|35.3344
175|35.3344|35.3344
176|35.3344|35.3344
177|35.3344|35.3344
178|35.3344|35.3344
179|35.3344|35.3344
180|35.3344|35.3344
181|35.3344|35.3344
182|35.3344|35.3344
183|35.3344|35.3344
184|35.3344|35.3344
185|35.3344|35.3344
186|35.3344|35.3344
187|35.3344|35.3344
188|35.3344|35.3344
189|35.3344|35.3344
190|35.3344|35.3344
191|35.3344|35.3344
192|35.3344|35.3344
193|35.3344|35.3344
194|35.3344|35.3344
195|35.3344|35.3344
196|35.3344|35.3344
197|35.3344|35.3344
198|35.3344|35.3344
199|35.3344|35.3344
200|35.3344|35.3344
201|35.3344|35.3344
202|35.3344|35.3344
203|35.3344|35.3344
204|35.3344|35.3344
205|35.3344|35.3344
206|35.3344|35.3344
207|35.3344|35.3344
208|35.3344|35.3344
209|35.3344|35.3344
210|35.3344|35.3344
211|35.3344|35.3344
212|35.3344|35.3344
213|35.3344|35.3344
214|35.3344|35.3344
215|35.3344|35.3344
216|35.3344|35.3344
217|35.3344|35.3344
218|35.3344|35.3344
219|35.3344|35.3344
220|35.3344|35.3344
221|35.3344|35.3344
222|35.3344|35.3344
223|35.3344|35.3344
EARLY STOP: TARGET FOUND
263503ms
