1|-1.02675|-1.02675
2|-1.21924|-1.21924
3|-1.35661|-1.35661
4|-1.43592|-1.43592
5|-1.4768|-1.4768
6|-1.49732|-1.49732
7|-1.49988|-1.49988
8|-1.50053|-1.50053
9|-1.50085|-1.50085
10|-1.50087|-1.50087
11|-1.51135|-1.51135
12|-1.5164|-1.5164
13|-1.51702|-1.51702
14|-1.51718|-1.51718
15|-1.5206|-1.5206
16|-1.99465|-1.99465
17|-2.0125|-2.0125
18|-2.017|-2.017
19|-2.01925|-2.01925
20|-2.01981|-2.01981
21|-2.01988|-2.01988
22|-2.06775|-2.06775
23|-2.07711|-2.07711
24|-2.08121|-2.08121
25|-2.08309|-2.08309
26|-2.08332|-2.08332
27|-2.08338|-2.08338
28|-2.08341|-2.08341
29|-2.08342|-2.08342
30|-2.33937|-2.33937
31|-2.34032|-2.34032
32|-2.34044|-2.34044
33|-2.3405|-2.3405
34|-2.34052|-2.34052
35|-2.34052|-2.34052
36|-2.34052|-2.34052
37|-2.34052|-2.34052
38|-2.34052|-2.34052
39|-2.34052|-2.34052
40|-2.34052|-2.34052
41|-2.34052|-2.34052
42|-2.34052|-2.34052
43|-2.34052|-2.34052
44|-2.34052|-2.34052
45|-2.34052|-2.34052
46|-2.34052|-2.34052
47|-2.34052|-2.34052
48|-2.34052|-2.34052
49|-2.34052|-2.34052
50|-2.34052|-2.34052
51|-2.34052|-2.34052
52|-2.34052|-2.34052
53|-2.34052|-2.34052
54|-2.34052|-2.34052
55|-2.34052|-2.34052
56|-2.34052|-2.34052
57|-2.34052|-2.34052
58|-2.34052|-2.34052
59|-2.34052|-2.34052
60|-2.34052|-2.34052
61|-2.34052|-2.34052
62|-2.34052|-2.34052
63|-2.34052|-2.34052
64|-2.34052|-2.34052
65|-2.34052|-2.34052
66|-2.34052|-2.34052
67|-2.34052|-2.34052
68|-2.34052|-2.34052
69|-2.34052|-2.34052
70|-2.34052|-2.34052
71|-2.34052|-2.34052
72|-2.34052|-2.34052
73|-2.34052|-2.34052
74|-2.34052|-2.34052
75|-2.34052|-2.34052
76|-2.34052|-2.34052
77|-2.34052|-2.34052
78|-2.34052|-2.34052
79|-2.34052|-2.34052
80|-2.34052|-2.34052
81|-2.34052|-2.34052
82|-2.34052|-2.34052
83|-2.34052|-2.34052
84|-2.34052|-2.34052
85|-2.34052|-2.34052
86|-2.34052|-2.34052
87|-2.34052|-2.34052
88|-2.34052|-2.34052
89|-2.34052|-2.34052
90|-2.34052|-2.34052
91|-2.34052|-2.34052
92|-2.34052|-2.34052
93|-2.34052|-2.34052
94|-2.34052|-2.34052
95|-2.34052|-2.34052
96|-2.34052|-2.34052
97|-2.34052|-2.34052
98|-2.34052|-2.34052
99|-2.34052|-2.34052
100|-2.34052|-2.34052
101|-2.34052|-2.34052
102|-2.34052|-2.34052
103|-2.34052|-2.34052
104|-2.34052|-2.34052
105|-2.34052|-2.34052
106|-2.34052|-2.34052
107|-2.34052|-2.34052
108|-2.34052|-2.34052
109|-2.34052|-2.34052
110|-2.34052|-2.34052
111|-2.34052|-2.34052
112|-2.34052|-2.34052
113|-2.34052|-2.34052
114|-2.34052|-2.34052
115|-2.34052|-2.34052
116|-2.34052|-2.34052
117|-2.34052|-2.34052
118|-2.34052|-2.34052
119|-2.34052|-2.34052
120|-2.34052|-2.34052
121|-2.34052|-2.34052
122|-2.34052|-2.34052
123|-2.34052|-2.34052
124|-2.34052|-2.34052
125|-2.34052|-2.34052
126|-2.34052|-2.34052
127|-2.34052|-2.34052
128|-2.34052|-2.34052
129|-2.34052|-2.34052
130|-2.34052|-2.34052
131|-2.34052|-2.34052
132|-2.34052|-2.34052
133|-2.34052|-2.34052
134|-2.34052|-2.34052
135|-2.34052|-2.34052
136|-2.34052|-2.34052
137|-2.34052|-2.34052
138|-2.34052|-2.34052
139|-2.34052|-2.34052
140|-2.34052|-2.34052
141|-2.34052|-2.34052
142|-2.34052|-2.34052
143|-2.34052|-2.34052
144|-2.34052|-2.34052
145|-2.34052|-2.34052
146|-2.34052|-2.34052
147|-2.34052|-2.34052
148|-2.34052|-2.34052
149|-2.34052|-2.34052
150|-2.34052|-2.34052
151|-2.34052|-2.34052
152|-2.34052|-2.34052
153|-2.34052|-2.34052
154|-2.34052|-2.34052
155|-2.34052|-2.34052
156|-2.34052|-2.34052
157|-2.34052|-2.34052
158|-2.34052|-2.34052
159|-2.34052|-2.34052
160|-2.34052|-2.34052
161|-2.34052|-2.34052
162|-2.34052|-2.34052
163|-2.34052|-2.34052
164|-2.34052|-2.34052
165|-2.34052|-2.34052
166|-2.34052|-2.34052
167|-2.34052|-2.34052
168|-2.34052|-2.34052
169|-2.34052|-2.34052
170|-2.34052|-2.34052
171|-2.34052|-2.34052
172|-2.34052|-2.34052
173|-2.34052|-2.34052
174|-2.34052|-2.34052
175|-2.34052|-2.34052
176|-2.34052|-2.34052
177|-2.34052|-2.34052
178|-2.34052|-2.34052
179|-2.34052|-2.34052
180|-2.34052|-2.34052
181|-2.34052|-2.34052
182|-2.34052|-2.34052
183|-2.34052|-2.34052
184|-2.34052|-2.34052
EARLY STOP: TARGET FOUND
64223ms
