1|35.8597|35.8597
2|35.8187|35.8187
3|35.8164|35.8164
4|35.8164|35.8164
5|35.8164|35.8164
6|21.7681|21.7681
7|20.6569|20.6569
8|20.4086|20.4086
9|20.3612|20.3612
10|20.3573|20.3573
11|20.3566|20.3566
12|20.3565|20.3565
13|20.3565|20.3565
14|18.1342|18.1342
15|18.0868|18.0868
16|18.0829|18.0829
17|18.0829|18.0829
18|18.0822|18.0822
19|18.0822|18.0822
20|18.0822|18.0822
21|18.0822|18.0822
22|18.0821|18.0821
23|3.37117|3.37117
24|3.37117|3.37117
25|2.34284|2.34284
26|2.34284|2.34284
27|2.13587|2.13587
28|2.10919|2.10919
29|2.10918|2.10918
30|2.10918|2.10918
31|0.0296875|0.0296875
32|0.0296875|0.0296875
33|0.0296874|0.0296874
34|0.0296874|0.0296874
35|0.0296874|0.0296874
36|0.0296874|0.0296874
37|0.0296873|0.0296873
38|0.0296873|0.0296873
39|0.0296873|0.0296873
40|0.0296873|0.0296873
41|0.0296873|0.0296873
42|0.0296873|0.0296873
43|0.000151286|0.000151286
EARLY STOP: TARGET FOUND
8831ms
