1|-3.99563|-3.99563
2|-4.07458|-4.07458
3|-4.1154|-4.1154
4|-4.13592|-4.13592
5|-4.14105|-4.14105
6|-4.14361|-4.14361
7|-4.1449|-4.1449
8|-4.14554|-4.14554
9|-4.14556|-4.14556
10|-5.02018|-5.02018
11|-5.06874|-5.06874
12|-5.07488|-5.07488
13|-5.08563|-5.08563
14|-5.33731|-5.33731
15|-6.0324|-6.0324
16|-6.03392|-6.03392
17|-6.03395|-6.03395
18|-6.03396|-6.03396
19|-6.03396|-6.03396
20|-6.46986|-6.46986
21|-6.65257|-6.65257
22|-6.65813|-6.65813
23|-6.65952|-6.65952
24|-6.66021|-6.66021
25|-6.66056|-6.66056
26|-6.66065|-6.66065
27|-6.66069|-6.66069
28|-6.74309|-6.74309
29|-6.75243|-6.75243
30|-6.75249|-6.75249
31|-6.75251|-6.75251
32|-6.75251|-6.75251
33|-6.75251|-6.75251
34|-6.76122|-6.76122
35|-6.76214|-6.76214
36|-6.76214|-6.76214
37|-6.9816|-6.9816
38|-7.20472|-7.20472
39|-7.22249|-7.22249
40|-7.22602|-7.22602
41|-7.22642|-7.22642
42|-7.22642|-7.22642
43|-7.22716|-7.22716
44|-8.1922|-8.1922
45|-8.20726|-8.20726
46|-8.20929|-8.20929
47|-8.20929|-8.20929
48|-8.20929|-8.20929
49|-8.5333|-8.5333
50|-9.1129|-9.1129
51|-9.12888|-9.12888
52|-9.13174|-9.13174
53|-9.13305|-9.13305
54|-9.13324|-9.13324
55|-9.25642|-9.25642
56|-9.87757|-9.87757
57|-10.0902|-10.0902
58|-10.092|-10.092
59|-10.0921|-10.0921
60|-10.0921|-10.0921
61|-10.6732|-10.6732
62|-11.0741|-11.0741
63|-11.0812|-11.0812
64|-11.0828|-11.0828
65|-11.0829|-11.0829
66|-11.083|-11.083
67|-11.083|-11.083
68|-11.083|-11.083
69|-11.1012|-11.1012
70|-11.231|-11.231
71|-11.2353|-11.2353
72|-11.2364|-11.2364
73|-11.2369|-11.2369
74|-12.1977|-12.1977
75|-12.1991|-12.1991
76|-12.1997|-12.1997
77|-12.2|-12.2
78|-12.2001|-12.2001
79|-12.3259|-12.3259
80|-12.8555|-12.8555
81|-12.9477|-12.9477
82|-13.0072|-13.0072
83|-13.016|-13.016
84|-13.016|-13.016
85|-13.0161|-13.0161
86|-13.0339|-13.0339
87|-13.0381|-13.0381
88|-13.0386|-13.0386
89|-13.0387|-13.0387
90|-13.0387|-13.0387
91|-13.3012|-13.3012
92|-13.9677|-13.9677
93|-13.9704|-13.9704
94|-13.9704|-13.9704
95|-13.9704|-13.9704
96|-13.9706|-13.9706
97|-14.4183|-14.4183
98|-14.8585|-14.8585
99|-14.9472|-14.9472
100|-14.966|-14.966
101|-14.9699|-14.9699
102|-14.9704|-14.9704
103|-15.1568|-15.1568
104|-15.2454|-15.2454
105|-15.6118|-15.6118
106|-15.6689|-15.6689
107|-15.7334|-15.7334
108|-15.7429|-15.7429
109|-15.7429|-15.7429
110|-15.7429|-15.7429
111|-15.7429|-15.7429
112|-15.7429|-15.7429
113|-15.7444|-15.7444
114|-15.9566|-15.9566
115|-16.3131|-16.3131
116|-16.626|-16.626
117|-16.6323|-16.6323
118|-16.6353|-16.6353
119|-16.6488|-16.6488
120|-16.6508|-16.6508
121|-16.6525|-16.6525
122|-16.6526|-16.6526
123|-16.7013|-16.7013
124|-17.5702|-17.5702
125|-17.6023|-17.6023
126|-17.6024|-17.6024
127|-17.6024|-17.6024
128|-17.6024|-17.6024
129|-17.6026|-17.6026
130|-17.9185|-17.9185
131|-18.3665|-18.3665
132|-18.5773|-18.5773
133|-18.5776|-18.5776
134|-19.4195|-19.4195
135|-19.4209|-19.4209
136|-19.425|-19.425
137|-19.425|-19.425
138|-19.425|-19.425
139|-19.6309|-19.6309
140|-19.8328|-19.8328
141|-19.8357|-19.8357
142|-19.8358|-19.8358
143|-19.8359|-19.8359
144|-19.8418|-19.8418
145|-19.8429|-19.8429
146|-19.843|-19.843
147|-19.843|-19.843
148|-19.843|-19.843
149|-20.1839|-20.1839
150|-20.6871|-20.6871
151|-20.6899|-20.6899
152|-20.6913|-20.6913
153|-20.6913|-20.6913
154|-20.6925|-20.6925
155|-20.7114|-20.7114
156|-20.9988|-20.9988
157|-21.1299|-21.1299
158|-21.4035|-21.4035
159|-21.4093|-21.4093
160|-21.4096|-21.4096
161|-21.4115|-21.4115
162|-21.6781|-21.6781
163|-21.805|-21.805
164|-21.861|-21.861
165|-21.8612|-21.8612
166|-21.8612|-21.8612
167|-22.2583|-22.2583
168|-22.477|-22.477
169|-22.5325|-22.5325
170|-22.5351|-22.5351
171|-22.536|-22.536
172|-22.5362|-22.5362
173|-22.5362|-22.5362
174|-22.5362|-22.5362
175|-22.5362|-22.5362
176|-22.5362|-22.5362
177|-22.5362|-22.5362
178|-22.5362|-22.5362
179|-22.5362|-22.5362
180|-22.5362|-22.5362
181|-22.5362|-22.5362
182|-22.5362|-22.5362
183|-22.5362|-22.5362
184|-22.5362|-22.5362
185|-22.5362|-22.5362
186|-22.5362|-22.5362
187|-22.5362|-22.5362
188|-22.5362|-22.5362
189|-22.5362|-22.5362
190|-22.5362|-22.5362
191|-22.5362|-22.5362
192|-22.5362|-22.5362
193|-22.5362|-22.5362
194|-22.5362|-22.5362
195|-22.5362|-22.5362
196|-22.5362|-22.5362
197|-22.5362|-22.5362
198|-22.5362|-22.5362
199|-22.5362|-22.5362
200|-22.5362|-22.5362
201|-22.5362|-22.5362
202|-22.5362|-22.5362
203|-22.5362|-22.5362
204|-22.5362|-22.5362
205|-22.5362|-22.5362
206|-22.5362|-22.5362
207|-22.5362|-22.5362
208|-22.5362|-22.5362
209|-22.5362|-22.5362
210|-22.5362|-22.5362
211|-22.5362|-22.5362
212|-22.5362|-22.5362
213|-22.5362|-22.5362
214|-22.5362|-22.5362
215|-22.5362|-22.5362
216|-22.5362|-22.5362
217|-22.5362|-22.5362
218|-22.5362|-22.5362
219|-22.5362|-22.5362
220|-22.5362|-22.5362
221|-22.5362|-22.5362
222|-22.5362|-22.5362
223|-22.5362|-22.5362
224|-22.5362|-22.5362
225|-22.5362|-22.5362
226|-22.5362|-22.5362
227|-22.5362|-22.5362
228|-22.5362|-22.5362
229|-22.5362|-22.5362
230|-22.5362|-22.5362
231|-22.5362|-22.5362
232|-22.5362|-22.5362
233|-22.5362|-22.5362
234|-22.5362|-22.5362
235|-22.5362|-22.5362
236|-22.5362|-22.5362
237|-22.5362|-22.5362
238|-22.5362|-22.5362
239|-22.5362|-22.5362
240|-22.5362|-22.5362
241|-22.5362|-22.5362
242|-22.5362|-22.5362
243|-22.5362|-22.5362
244|-22.5362|-22.5362
245|-22.5362|-22.5362
246|-22.5362|-22.5362
247|-22.5362|-22.5362
248|-22.5362|-22.5362
249|-22.5362|-22.5362
250|-22.5362|-22.5362
251|-22.5362|-22.5362
252|-22.5362|-22.5362
253|-22.5362|-22.5362
254|-22.5362|-22.5362
255|-22.5362|-22.5362
256|-22.5362|-22.5362
257|-22.5362|-22.5362
258|-22.5362|-22.5362
259|-22.5362|-22.5362
260|-22.5362|-22.5362
261|-22.5362|-22.5362
262|-22.5362|-22.5362
263|-22.5362|-22.5362
264|-22.5362|-22.5362
265|-22.5362|-22.5362
266|-22.5362|-22.5362
267|-22.5362|-22.5362
268|-22.5362|-22.5362
269|-22.5362|-22.5362
270|-22.5362|-22.5362
271|-22.5362|-22.5362
272|-22.5362|-22.5362
273|-22.5362|-22.5362
274|-22.5362|-22.5362
275|-22.5362|-22.5362
276|-22.5362|-22.5362
277|-22.5362|-22.5362
278|-22.5362|-22.5362
279|-22.5362|-22.5362
280|-22.5362|-22.5362
281|-22.5362|-22.5362
282|-22.5362|-22.5362
283|-22.5362|-22.5362
284|-22.5362|-22.5362
285|-22.5362|-22.5362
286|-22.5362|-22.5362
287|-22.5362|-22.5362
288|-22.5362|-22.5362
289|-22.5362|-22.5362
290|-22.5362|-22.5362
291|-22.5362|-22.5362
292|-22.5362|-22.5362
293|-22.5362|-22.5362
294|-22.5362|-22.5362
295|-22.5362|-22.5362
296|-22.5362|-22.5362
297|-22.5362|-22.5362
298|-22.5362|-22.5362
299|-22.5362|-22.5362
300|-22.5362|-22.5362
301|-22.5362|-22.5362
302|-22.5362|-22.5362
303|-22.5362|-22.5362
304|-22.5362|-22.5362
305|-22.5362|-22.5362
306|-22.5362|-22.5362
307|-22.5362|-22.5362
308|-22.5362|-22.5362
309|-22.5362|-22.5362
310|-22.5362|-22.5362
311|-22.5362|-22.5362
312|-22.5362|-22.5362
313|-22.5362|-22.5362
314|-22.5362|-22.5362
315|-22.5362|-22.5362
316|-22.5362|-22.5362
317|-22.5362|-22.5362
318|-22.5362|-22.5362
319|-22.5362|-22.5362
320|-22.5362|-22.5362
321|-22.5362|-22.5362
322|-22.5362|-22.5362
EARLY STOP: TARGET FOUND
2718159ms
