1|210.768|210.768
2|210.574|210.574
3|210.48|210.48
4|210.468|210.468
5|210.462|210.462
6|210.459|210.459
7|210.459|210.459
8|206.402|206.402
9|205.573|205.573
10|205.382|205.382
11|205.371|205.371
12|205.37|205.37
13|181.093|181.093
14|170.503|170.503
15|170.338|170.338
16|170.32|170.32
17|170.32|170.32
18|160.314|160.314
19|159.519|159.519
20|155.758|155.758
21|152.959|152.959
22|152.959|152.959
23|152.603|152.603
24|152.594|152.594
25|152.592|152.592
26|152.592|152.592
27|132.635|132.635
28|127.641|127.641
29|127.634|127.634
30|127.633|127.633
31|127.633|127.633
32|127.633|127.633
33|122.12|122.12
34|117.98|117.98
35|117.033|117.033
36|112.564|112.564
37|111.26|111.26
38|111.26|111.26
39|111.26|111.26
40|111.26|111.26
41|85.851|85.851
42|85.8|85.8
43|85.7893|85.7893
44|85.7877|85.7877
45|85.7877|85.7877
46|78.8787|78.8787
47|78.7079|78.7079
48|78.7025|78.7025
49|78.7019|78.7019
50|78.7017|78.7017
51|78.7017|78.7017
52|61.6732|61.6732
53|55.4948|55.4948
54|54.1223|54.1223
55|53.641|53.641
56|53.4555|53.4555
57|53.3769|53.3769
58|53.3412|53.3412
59|53.339|53.339
60|53.338|53.338
61|53.3377|53.3377
62|41.2652|41.2652
63|40.4592|40.4592
64|40.4467|40.4467
65|40.4413|40.4413
66|40.441|40.441
67|40.441|40.441
68|40.441|40.441
69|40.441|40.441
70|40.441|40.441
71|40.441|40.441
72|40.441|40.441
73|40.441|40.441
74|40.441|40.441
75|40.441|40.441
76|40.441|40.441
77|40.441|40.441
78|40.441|40.441
79|40.441|40.441
80|40.441|40.441
81|40.441|40.441
82|40.441|40.441
83|40.441|40.441
84|40.441|40.441
85|40.441|40.441
86|40.441|40.441
87|40.441|40.441
88|40.441|40.441
89|40.441|40.441
90|40.441|40.441
91|40.441|40.441
92|40.441|40.441
93|40.441|40.441
94|40.441|40.441
95|40.441|40.441
96|40.441|40.441
97|40.441|40.441
98|40.441|40.441
99|40.441|40.441
100|40.441|40.441
101|40.441|40.441
102|40.441|40.441
103|40.441|40.441
104|40.441|40.441
105|40.441|40.441
106|40.441|40.441
107|40.441|40.441
108|40.441|40.441
109|40.441|40.441
110|40.441|40.441
111|40.441|40.441
112|40.441|40.441
113|40.441|40.441
114|40.441|40.441
115|40.441|40.441
116|40.441|40.441
117|40.441|40.441
118|40.441|40.441
119|40.441|40.441
120|40.441|40.441
121|40.441|40.441
122|40.441|40.441
123|40.441|40.441
124|40.441|40.441
125|40.441|40.441
126|40.441|40.441
127|40.441|40.441
128|40.441|40.441
129|40.441|40.441
130|40.441|40.441
131|40.441|40.441
132|40.441|40.441
133|40.441|40.441
134|40.441|40.441
135|40.441|40.441
136|40.441|40.441
137|40.441|40.441
138|40.441|40.441
139|40.441|40.441
140|40.441|40.441
141|40.441|40.441
142|40.441|40.441
143|40.441|40.441
144|40.441|40.441
145|40.441|40.441
146|40.441|40.441
147|40.441|40.441
148|40.441|40.441
149|40.441|40.441
150|40.441|40.441
151|40.441|40.441
152|40.441|40.441
153|40.441|40.441
154|40.441|40.441
155|40.441|40.441
156|40.441|40.441
157|40.441|40.441
158|40.441|40.441
159|40.441|40.441
160|40.441|40.441
161|40.441|40.441
162|40.441|40.441
163|40.441|40.441
164|40.441|40.441
165|40.441|40.441
166|40.441|40.441
167|40.441|40.441
168|40.441|40.441
169|40.441|40.441
170|40.441|40.441
171|40.441|40.441
172|40.441|40.441
173|40.441|40.441
174|40.441|40.441
175|40.441|40.441
176|40.441|40.441
177|40.441|40.441
178|40.441|40.441
179|40.441|40.441
180|40.441|40.441
181|40.441|40.441
182|40.441|40.441
183|40.441|40.441
184|40.441|40.441
185|40.441|40.441
186|40.441|40.441
187|40.441|40.441
188|40.441|40.441
189|40.441|40.441
190|40.441|40.441
191|40.441|40.441
192|40.441|40.441
193|40.441|40.441
194|40.441|40.441
195|40.441|40.441
196|40.441|40.441
197|40.441|40.441
198|40.441|40.441
199|40.441|40.441
200|40.441|40.441
201|40.441|40.441
202|40.441|40.441
203|40.441|40.441
204|40.441|40.441
205|40.441|40.441
206|40.441|40.441
207|40.441|40.441
208|40.441|40.441
209|40.441|40.441
210|40.441|40.441
211|40.441|40.441
212|40.441|40.441
213|40.441|40.441
214|40.441|40.441
215|40.441|40.441
216|40.441|40.441
217|40.441|40.441
EARLY STOP: TARGET FOUND
258448ms
