1|1211.95|1211.95
2|752.289|752.289
3|752.287|752.287
4|752.287|752.287
5|655.048|655.048
6|501.683|501.683
7|35.6372|35.6372
8|35.1485|35.1485
9|34.9944|34.9944
10|34.9794|34.9794
11|34.9722|34.9722
12|34.9715|34.9715
13|34.971|34.971
14|34.9707|34.9707
15|34.9706|34.9706
16|-334.706|-334.706
17|-334.706|-334.706
18|-532.122|-532.122
19|-604.297|-604.297
20|-654.51|-654.51
21|-657.6|-657.6
22|-657.671|-657.671
23|-657.688|-657.688
24|-657.696|-657.696
25|-657.698|-657.698
26|-657.698|-657.698
27|-657.698|-657.698
28|-778.673|-778.673
29|-1003.37|-1003.37
30|-1106.48|-1106.48
31|-1106.67|-1106.67
32|-1106.74|-1106.74
33|-1106.77|-1106.77
34|-1106.78|-1106.78
35|-1106.78|-1106.78
36|-1106.78|-1106.78
37|-1106.78|-1106.78
38|-1558.04|-1558.04
39|-1558.6|-1558.6
40|-1558.6|-1558.6
41|-1558.6|-1558.6
42|-1655.92|-1655.92
43|-1778.62|-1778.62
44|-1784.6|-1784.6
45|-1787.24|-1787.24
46|-1787.87|-1787.87
47|-1787.94|-1787.94
48|-1787.98|-1787.98
49|-1787.99|-1787.99
50|-1788|-1788
51|-1788|-1788
52|-1788|-1788
53|-1788|-1788
54|-1788|-1788
55|-1869.08|-1869.08
56|-2054|-2054
57|-2473.28|-2473.28
58|-2473.97|-2473.97
59|-2479.56|-2479.56
60|-2480.91|-2480.91
61|-2481.1|-2481.1
62|-2481.17|-2481.17
63|-2481.2|-2481.2
64|-2481.2|-2481.2
65|-2593.36|-2593.36
66|-2597.64|-2597.64
67|-2721.59|-2721.59
68|-2745.61|-2745.61
69|-2816.19|-2816.19
70|-2866.77|-2866.77
71|-2870.93|-2870.93
72|-2872.47|-2872.47
73|-2872.65|-2872.65
74|-2872.67|-2872.67
75|-2872.67|-2872.67
76|-2872.67|-2872.67
77|-2889.7|-2889.7
78|-3061.94|-3061.94
79|-3064.58|-3064.58
80|-3064.91|-3064.91
81|-3065.07|-3065.07
82|-3065.15|-3065.15
83|-3065.2|-3065.2
84|-3065.22|-3065.22
85|-3065.22|-3065.22
86|-3065.22|-3065.22
87|-3065.23|-3065.23
88|-3189.56|-3189.56
89|-3220.02|-3220.02
90|-3414.41|-3414.41
91|-3581.97|-3581.97
92|-3612.6|-3612.6
93|-3627.42|-3627.42
94|-3629.48|-3629.48
95|-3629.48|-3629.48
96|-3990.27|-3990.27
97|-4096.29|-4096.29
98|-4116.83|-4116.83
99|-4125.8|-4125.8
100|-4129.94|-4129.94
101|-4130.45|-4130.45
102|-4130.51|-4130.51
103|-4130.51|-4130.51
104|-4130.52|-4130.52
105|-4130.52|-4130.52
106|-4130.52|-4130.52
107|-4211.15|-4211.15
108|-4236.1|-4236.1
109|-4424.79|-4424.79
110|-4503.57|-4503.57
111|-4535.73|-4535.73
112|-4535.76|-4535.76
113|-4992.39|-4992.39
114|-5106.04|-5106.04
115|-5221.7|-5221.7
116|-5221.72|-5221.72
117|-5225.06|-5225.06
118|-5225.24|-5225.24
119|-5225.33|-5225.33
120|-5225.37|-5225.37
121|-5225.38|-5225.38
122|-5225.38|-5225.38
123|-5225.38|-5225.38
124|-5225.38|-5225.38
125|-5393.77|-5393.77
126|-5483.7|-5483.7
127|-5487.1|-5487.1
128|-5493.08|-5493.08
129|-5493.18|-5493.18
130|-5493.18|-5493.18
131|-5621.38|-5621.38
132|-5654.87|-5654.87
133|-5661.01|-5661.01
134|-5663.73|-5663.73
135|-5665|-5665
136|-5665.31|-5665.31
137|-5665.35|-5665.35
138|-5665.35|-5665.35
139|-5665.35|-5665.35
140|-5800.2|-5800.2
141|-5895.91|-5895.91
142|-5917.1|-5917.1
143|-5926.4|-5926.4
144|-5930.72|-5930.72
145|-5932.79|-5932.79
146|-5933.81|-5933.81
147|-5934.31|-5934.31
148|-5934.37|-5934.37
149|-5934.41|-5934.41
150|-5934.42|-5934.42
151|-5934.43|-5934.43
152|-5934.43|-5934.43
153|-5942.64|-5942.64
154|-6056.85|-6056.85
155|-6201.98|-6201.98
156|-6251.76|-6251.76
157|-6254.61|-6254.61
158|-6254.75|-6254.75
159|-6254.77|-6254.77
160|-6254.78|-6254.78
161|-6254.78|-6254.78
162|-6254.78|-6254.78
163|-6293.45|-6293.45
164|-6362.93|-6362.93
165|-6424.75|-6424.75
166|-6533.3|-6533.3
167|-6533.34|-6533.34
168|-6533.35|-6533.35
169|-6533.35|-6533.35
170|-6533.36|-6533.36
171|-6533.36|-6533.36
172|-6533.36|-6533.36
173|-6533.42|-6533.42
174|-6533.42|-6533.42
175|-6533.42|-6533.42
176|-6558.57|-6558.57
177|-6747.17|-6747.17
178|-6826.01|-6826.01
179|-6858.01|-6858.01
180|-6858.04|-6858.04
181|-6983.85|-6983.85
182|-7451.18|-7451.18
183|-7462.21|-7462.21
184|-7465.21|-7465.21
185|-7465.28|-7465.28
186|-7465.37|-7465.37
187|-7465.37|-7465.37
188|-7513.52|-7513.52
189|-7558.32|-7558.32
190|-7567.39|-7567.39
191|-7571.59|-7571.59
192|-7572.61|-7572.61
193|-7573.11|-7573.11
194|-7573.11|-7573.11
195|-7573.11|-7573.11
196|-7588.69|-7588.69
197|-7728.25|-7728.25
198|-7739.05|-7739.05
199|-7854.58|-7854.58
200|-7992.21|-7992.21
201|-8036.42|-8036.42
202|-8043.95|-8043.95
203|-8044.31|-8044.31
204|-8044.33|-8044.33
205|-8280.04|-8280.04
206|-8280.04|-8280.04
207|-8316.35|-8316.35
208|-8334.13|-8334.13
209|-8334.13|-8334.13
210|-8342.91|-8342.91
211|-8345.09|-8345.09
212|-8345.63|-8345.63
213|-8345.77|-8345.77
214|-8345.8|-8345.8
215|-8345.82|-8345.82
216|-8345.83|-8345.83
217|-8345.83|-8345.83
218|-8437.32|-8437.32
219|-8478.76|-8478.76
220|-8545.87|-8545.87
221|-8618.13|-8618.13
222|-8622.06|-8622.06
223|-8622.12|-8622.12
224|-8622.14|-8622.14
225|-8622.14|-8622.14
226|-8622.15|-8622.15
227|-8751.14|-8751.14
228|-8767.41|-8767.41
229|-8874.82|-8874.82
230|-8874.9|-8874.9
231|-8874.91|-8874.91
232|-8874.91|-8874.91
233|-8874.91|-8874.91
234|-8888.15|-8888.15
235|-8889.84|-8889.84
236|-8890.33|-8890.33
237|-8890.48|-8890.48
238|-8890.5|-8890.5
239|-8890.5|-8890.5
240|-8890.5|-8890.5
241|-8890.5|-8890.5
242|-8948.28|-8948.28
243|-9242.07|-9242.07
244|-9289.86|-9289.86
245|-9383.4|-9383.4
246|-9384.46|-9384.46
247|-9384.52|-9384.52
248|-9384.53|-9384.53
249|-9384.53|-9384.53
250|-9819.29|-9819.29
251|-9919.37|-9919.37
252|-10040.9|-10040.9
253|-10046.5|-10046.5
254|-10047.1|-10047.1
255|-10047.2|-10047.2
256|-10047.3|-10047.3
257|-10047.3|-10047.3
258|-10047.3|-10047.3
259|-10047.3|-10047.3
260|-10047.3|-10047.3
261|-10047.3|-10047.3
262|-10047.3|-10047.3
263|-10047.3|-10047.3
264|-10047.3|-10047.3
265|-10047.3|-10047.3
266|-10047.3|-10047.3
267|-10047.3|-10047.3
268|-10047.3|-10047.3
269|-10047.3|-10047.3
270|-10047.3|-10047.3
271|-10047.3|-10047.3
272|-10047.3|-10047.3
273|-10047.3|-10047.3
274|-10047.3|-10047.3
275|-10047.3|-10047.3
276|-10047.3|-10047.3
277|-10047.3|-10047.3
278|-10047.3|-10047.3
279|-10047.3|-10047.3
280|-10047.3|-10047.3
281|-10047.3|-10047.3
282|-10047.3|-10047.3
283|-10047.3|-10047.3
284|-10047.3|-10047.3
285|-10047.3|-10047.3
286|-10047.3|-10047.3
287|-10047.3|-10047.3
288|-10047.3|-10047.3
289|-10047.3|-10047.3
290|-10047.3|-10047.3
291|-10047.3|-10047.3
292|-10047.3|-10047.3
293|-10047.3|-10047.3
294|-10047.3|-10047.3
295|-10047.3|-10047.3
296|-10047.3|-10047.3
297|-10047.3|-10047.3
298|-10047.3|-10047.3
299|-10047.3|-10047.3
300|-10047.3|-10047.3
301|-10047.3|-10047.3
302|-10047.3|-10047.3
303|-10047.3|-10047.3
304|-10047.3|-10047.3
305|-10047.3|-10047.3
306|-10047.3|-10047.3
307|-10047.3|-10047.3
308|-10047.3|-10047.3
309|-10047.3|-10047.3
310|-10047.3|-10047.3
311|-10047.3|-10047.3
312|-10047.3|-10047.3
313|-10047.3|-10047.3
314|-10047.3|-10047.3
315|-10047.3|-10047.3
316|-10047.3|-10047.3
317|-10047.3|-10047.3
318|-10047.3|-10047.3
319|-10047.3|-10047.3
320|-10047.3|-10047.3
321|-10047.3|-10047.3
322|-10047.3|-10047.3
323|-10047.3|-10047.3
324|-10047.3|-10047.3
325|-10047.3|-10047.3
326|-10047.3|-10047.3
327|-10047.3|-10047.3
328|-10047.3|-10047.3
329|-10047.3|-10047.3
330|-10047.3|-10047.3
331|-10047.3|-10047.3
332|-10047.3|-10047.3
333|-10047.3|-10047.3
334|-10047.3|-10047.3
335|-10047.3|-10047.3
336|-10047.3|-10047.3
337|-10047.3|-10047.3
338|-10047.3|-10047.3
339|-10047.3|-10047.3
340|-10047.3|-10047.3
341|-10047.3|-10047.3
342|-10047.3|-10047.3
343|-10047.3|-10047.3
344|-10047.3|-10047.3
345|-10047.3|-10047.3
346|-10047.3|-10047.3
347|-10047.3|-10047.3
348|-10047.3|-10047.3
349|-10047.3|-10047.3
350|-10047.3|-10047.3
351|-10047.3|-10047.3
352|-10047.3|-10047.3
353|-10047.3|-10047.3
354|-10047.3|-10047.3
355|-10047.3|-10047.3
356|-10047.3|-10047.3
357|-10047.3|-10047.3
358|-10047.3|-10047.3
359|-10047.3|-10047.3
360|-10047.3|-10047.3
361|-10047.3|-10047.3
362|-10047.3|-10047.3
363|-10047.3|-10047.3
364|-10047.3|-10047.3
365|-10047.3|-10047.3
366|-10047.3|-10047.3
367|-10047.3|-10047.3
368|-10047.3|-10047.3
369|-10047.3|-10047.3
370|-10047.3|-10047.3
371|-10047.3|-10047.3
372|-10047.3|-10047.3
373|-10047.3|-10047.3
374|-10047.3|-10047.3
375|-10047.3|-10047.3
376|-10047.3|-10047.3
377|-10047.3|-10047.3
378|-10047.3|-10047.3
379|-10047.3|-10047.3
380|-10047.3|-10047.3
381|-10047.3|-10047.3
382|-10047.3|-10047.3
383|-10047.3|-10047.3
384|-10047.3|-10047.3
385|-10047.3|-10047.3
386|-10047.3|-10047.3
387|-10047.3|-10047.3
388|-10047.3|-10047.3
389|-10047.3|-10047.3
390|-10047.3|-10047.3
391|-10047.3|-10047.3
392|-10047.3|-10047.3
393|-10047.3|-10047.3
394|-10047.3|-10047.3
395|-10047.3|-10047.3
396|-10047.3|-10047.3
397|-10047.3|-10047.3
398|-10047.3|-10047.3
399|-10047.3|-10047.3
400|-10047.3|-10047.3
401|-10047.3|-10047.3
402|-10047.3|-10047.3
403|-10047.3|-10047.3
404|-10047.3|-10047.3
405|-10047.3|-10047.3
406|-10047.3|-10047.3
407|-10047.3|-10047.3
408|-10047.3|-10047.3
EARLY STOP: TARGET FOUND
4518043ms
