1|652.278|652.278
2|184.875|184.875
3|183.805|183.805
4|183.739|183.739
5|183.732|183.732
6|183.73|183.73
7|183.729|183.729
8|183.729|183.729
9|183.729|183.729
10|72.2042|72.2042
11|-44.4026|-44.4026
12|-47.0735|-47.0735
13|-48.7018|-48.7018
14|-49.4279|-49.4279
15|-49.4713|-49.4713
16|-49.4739|-49.4739
17|-49.4753|-49.4753
18|-49.4756|-49.4756
19|-49.4757|-49.4757
20|-49.4758|-49.4758
21|-497.839|-497.839
22|-503.28|-503.28
23|-504.166|-504.166
24|-504.18|-504.18
25|-504.181|-504.181
26|-504.181|-504.181
27|-694.599|-694.599
28|-1097.11|-1097.11
29|-1107.23|-1107.23
30|-1110.45|-1110.45
31|-1110.52|-1110.52
32|-1110.55|-1110.55
33|-1110.56|-1110.56
34|-1110.56|-1110.56
35|-1110.56|-1110.56
36|-1580.55|-1580.55
37|-1725.32|-1725.32
38|-1826.62|-1826.62
39|-1826.91|-1826.91
40|-1826.92|-1826.92
41|-1826.92|-1826.92
42|-1826.92|-1826.92
43|-1826.92|-1826.92
44|-1826.92|-1826.92
45|-1826.92|-1826.92
46|-1826.92|-1826.92
47|-1826.92|-1826.92
48|-1826.92|-1826.92
49|-1826.92|-1826.92
50|-1826.92|-1826.92
51|-1826.92|-1826.92
52|-1826.92|-1826.92
53|-1826.92|-1826.92
54|-1826.92|-1826.92
55|-1826.92|-1826.92
56|-1826.92|-1826.92
57|-1826.92|-1826.92
58|-1826.92|-1826.92
59|-1826.92|-1826.92
60|-1826.92|-1826.92
61|-1826.92|-1826.92
62|-1826.92|-1826.92
63|-1826.92|-1826.92
64|-1826.92|-1826.92
65|-1826.92|-1826.92
66|-1826.92|-1826.92
67|-1826.92|-1826.92
68|-1826.92|-1826.92
69|-1826.92|-1826.92
70|-1826.92|-1826.92
71|-1826.92|-1826.92
72|-1826.92|-1826.92
73|-1826.92|-1826.92
74|-1826.92|-1826.92
75|-1826.92|-1826.92
76|-1826.92|-1826.92
77|-1826.92|-1826.92
78|-1826.92|-1826.92
79|-1826.92|-1826.92
80|-1826.92|-1826.92
81|-1826.92|-1826.92
82|-1826.92|-1826.92
83|-1826.92|-1826.92
84|-1826.92|-1826.92
85|-1826.92|-1826.92
86|-1826.92|-1826.92
87|-1826.92|-1826.92
88|-1826.92|-1826.92
89|-1826.92|-1826.92
90|-1826.92|-1826.92
91|-1826.92|-1826.92
92|-1826.92|-1826.92
93|-1826.92|-1826.92
94|-1826.92|-1826.92
95|-1826.92|-1826.92
96|-1826.92|-1826.92
97|-1826.92|-1826.92
98|-1826.92|-1826.92
99|-1826.92|-1826.92
100|-1826.92|-1826.92
101|-1826.92|-1826.92
102|-1826.92|-1826.92
103|-1826.92|-1826.92
104|-1826.92|-1826.92
105|-1826.92|-1826.92
106|-1826.92|-1826.92
107|-1826.92|-1826.92
108|-1826.92|-1826.92
109|-1826.92|-1826.92
110|-1826.92|-1826.92
111|-1826.92|-1826.92
112|-1826.92|-1826.92
113|-1826.92|-1826.92
114|-1826.92|-1826.92
115|-1826.92|-1826.92
116|-1826.92|-1826.92
117|-1826.92|-1826.92
118|-1826.92|-1826.92
119|-1826.92|-1826.92
120|-1826.92|-1826.92
121|-1826.92|-1826.92
122|-1826.92|-1826.92
123|-1826.92|-1826.92
124|-1826.92|-1826.92
125|-1826.92|-1826.92
126|-1826.92|-1826.92
127|-1826.92|-1826.92
128|-1826.92|-1826.92
129|-1826.92|-1826.92
130|-1826.92|-1826.92
131|-1826.92|-1826.92
132|-1826.92|-1826.92
133|-1826.92|-1826.92
134|-1826.92|-1826.92
135|-1826.92|-1826.92
136|-1826.92|-1826.92
137|-1826.92|-1826.92
138|-1826.92|-1826.92
139|-1826.92|-1826.92
140|-1826.92|-1826.92
141|-1826.92|-1826.92
142|-1826.92|-1826.92
143|-1826.92|-1826.92
144|-1826.92|-1826.92
145|-1826.92|-1826.92
146|-1826.92|-1826.92
147|-1826.92|-1826.92
148|-1826.92|-1826.92
149|-1826.92|-1826.92
150|-1826.92|-1826.92
151|-1826.92|-1826.92
152|-1826.92|-1826.92
153|-1826.92|-1826.92
154|-1826.92|-1826.92
155|-1826.92|-1826.92
156|-1826.92|-1826.92
157|-1826.92|-1826.92
158|-1826.92|-1826.92
159|-1826.92|-1826.92
160|-1826.92|-1826.92
161|-1826.92|-1826.92
162|-1826.92|-1826.92
163|-1826.92|-1826.92
164|-1826.92|-1826.92
165|-1826.92|-1826.92
166|-1826.92|-1826.92
167|-1826.92|-1826.92
168|-1826.92|-1826.92
169|-1826.92|-1826.92
170|-1826.92|-1826.92
171|-1826.92|-1826.92
172|-1826.92|-1826.92
173|-1826.92|-1826.92
174|-1826.92|-1826.92
175|-1826.92|-1826.92
176|-1826.92|-1826.92
177|-1826.92|-1826.92
178|-1826.92|-1826.92
179|-1826.92|-1826.92
180|-1826.92|-1826.92
181|-1826.92|-1826.92
182|-1826.92|-1826.92
183|-1826.92|-1826.92
184|-1826.92|-1826.92
185|-1826.92|-1826.92
186|-1826.92|-1826.92
187|-1826.92|-1826.92
188|-1826.92|-1826.92
189|-1826.92|-1826.92
190|-1826.92|-1826.92
191|-1826.92|-1826.92
192|-1826.92|-1826.92
EARLY STOP: TARGET FOUND
95110ms
