1|17.7151|17.7151
2|17.7147|17.7147
3|14.7543|14.7543
4|14.7543|14.7543
5|10.5792|10.5792
6|9.72044|9.72044
7|9.59826|9.59826
8|9.59742|9.59742
9|9.5973|9.5973
10|9.5973|9.5973
11|5.93348|5.93348
12|5.33038|5.33038
13|5.31259|5.31259
14|5.30849|5.30849
15|5.30765|5.30765
16|5.30752|5.30752
17|5.30752|5.30752
18|1.42318|1.42318
19|1.42318|1.42318
20|1.42318|1.42318
21|0.709806|0.709806
22|0.709806|0.709806
23|0.659464|0.659464
24|0.654878|0.654878
25|0.653786|0.653786
26|0.653539|0.653539
27|0.653539|0.653539
28|0.653491|0.653491
29|0.653487|0.653487
30|0.653486|0.653486
31|0.653486|0.653486
32|0.0283532|0.0283532
33|0.0283532|0.0283532
34|0.0283532|0.0283532
35|0.0283532|0.0283532
36|0.0283532|0.0283532
37|0.0283532|0.0283532
38|0.0283532|0.0283532
39|7.02881e-05|7.02881e-05
EARLY STOP: TARGET FOUND
8131ms
