1|60.1761|60.1761
2|57.5864|57.5864
3|57.4201|57.4201
4|57.3845|57.3845
5|57.3823|57.3823
6|47.1875|47.1875
7|46.0721|46.0721
8|42.933|42.933
9|39.9769|39.9769
10|39.574|39.574
11|39.4967|39.4967
12|39.4789|39.4789
13|39.4702|39.4702
14|39.4681|39.4681
15|39.4678|39.4678
16|36.3155|36.3155
17|18.5418|18.5418
18|18.5116|18.5116
19|18.4475|18.4475
20|18.4468|18.4468
21|18.4468|18.4468
22|18.4468|18.4468
23|18.4468|18.4468
24|18.4468|18.4468
25|14.3167|14.3167
26|12.8178|12.8178
27|12.5217|12.5217
28|12.4529|12.4529
29|12.4194|12.4194
30|12.4111|12.4111
31|12.4069|12.4069
32|12.4049|12.4049
33|12.4043|12.4043
34|12.4041|12.4041
35|12.3923|12.3923
36|12.391|12.391
37|12.3904|12.3904
38|12.3901|12.3901
39|12.3901|12.3901
40|12.3901|12.3901
41|12.3901|12.3901
42|12.3901|12.3901
43|12.3901|12.3901
44|12.3901|12.3901
45|12.3901|12.3901
46|12.3901|12.3901
47|12.3901|12.3901
48|12.3901|12.3901
49|12.3901|12.3901
50|12.3901|12.3901
51|12.3901|12.3901
52|12.3901|12.3901
53|12.3901|12.3901
54|12.3901|12.3901
55|12.3901|12.3901
56|12.3901|12.3901
57|12.3901|12.3901
58|12.3901|12.3901
59|12.3901|12.3901
60|12.3901|12.3901
61|12.3901|12.3901
62|12.3901|12.3901
63|12.3901|12.3901
64|12.3901|12.3901
65|12.3901|12.3901
66|12.3901|12.3901
67|12.3901|12.3901
68|12.3901|12.3901
69|12.3901|12.3901
70|12.3901|12.3901
71|12.3901|12.3901
72|12.3901|12.3901
73|12.3901|12.3901
74|12.3901|12.3901
75|12.3901|12.3901
76|12.3901|12.3901
77|12.3901|12.3901
78|12.3901|12.3901
79|12.3901|12.3901
80|12.3901|12.3901
81|12.3901|12.3901
82|12.3901|12.3901
83|12.3901|12.3901
84|12.3901|12.3901
85|12.3901|12.3901
86|12.3901|12.3901
87|12.3901|12.3901
88|12.3901|12.3901
89|12.3901|12.3901
90|12.3901|12.3901
91|12.3901|12.3901
92|12.3901|12.3901
93|12.3901|12.3901
94|12.3901|12.3901
95|12.3901|12.3901
96|12.3901|12.3901
97|12.3901|12.3901
98|12.3901|12.3901
99|12.3901|12.3901
100|12.3901|12.3901
101|12.3901|12.3901
102|12.3901|12.3901
103|12.3901|12.3901
104|12.3901|12.3901
105|12.3901|12.3901
106|12.3901|12.3901
107|12.3901|12.3901
108|12.3901|12.3901
109|12.3901|12.3901
110|12.3901|12.3901
111|12.3901|12.3901
112|12.3901|12.3901
113|12.3901|12.3901
114|12.3901|12.3901
115|12.3901|12.3901
116|12.3901|12.3901
117|12.3901|12.3901
118|12.3901|12.3901
119|12.3901|12.3901
120|12.3901|12.3901
121|12.3901|12.3901
122|12.3901|12.3901
123|12.3901|12.3901
124|12.3901|12.3901
125|12.3901|12.3901
126|12.3901|12.3901
127|12.3901|12.3901
128|12.3901|12.3901
129|12.3901|12.3901
130|12.3901|12.3901
131|12.3901|12.3901
132|12.3901|12.3901
133|12.3901|12.3901
134|12.3901|12.3901
135|12.3901|12.3901
136|12.3901|12.3901
137|12.3901|12.3901
138|12.3901|12.3901
139|12.3901|12.3901
140|12.3901|12.3901
141|12.3901|12.3901
142|12.3901|12.3901
143|12.3901|12.3901
144|12.3901|12.3901
145|12.3901|12.3901
146|12.3901|12.3901
147|12.3901|12.3901
148|12.3901|12.3901
149|12.3901|12.3901
150|12.3901|12.3901
151|12.3901|12.3901
152|12.3901|12.3901
153|12.3901|12.3901
154|12.3901|12.3901
155|12.3901|12.3901
156|12.3901|12.3901
157|12.3901|12.3901
158|12.3901|12.3901
159|12.3901|12.3901
160|12.3901|12.3901
161|12.3901|12.3901
162|12.3901|12.3901
163|12.3901|12.3901
164|12.3901|12.3901
165|12.3901|12.3901
166|12.3901|12.3901
167|12.3901|12.3901
168|12.3901|12.3901
169|12.3901|12.3901
170|12.3901|12.3901
171|12.3901|12.3901
172|12.3901|12.3901
173|12.3901|12.3901
174|12.3901|12.3901
175|12.3901|12.3901
176|12.3901|12.3901
177|12.3901|12.3901
178|12.3901|12.3901
179|12.3901|12.3901
180|12.3901|12.3901
181|12.3901|12.3901
182|12.3901|12.3901
183|12.3901|12.3901
184|12.3901|12.3901
185|12.3901|12.3901
186|12.3901|12.3901
187|12.3901|12.3901
188|12.3901|12.3901
EARLY STOP: TARGET FOUND
67026ms
