1|151.407|151.407
2|150.375|150.375
3|150.166|150.166
4|150.139|150.139
5|150.138|150.138
6|146.653|146.653
7|146.139|146.139
8|146.132|146.132
9|143.862|143.862
10|143.809|143.809
11|143.801|143.801
12|143.801|143.801
13|143.801|143.801
14|141.512|141.512
15|141.457|141.457
16|141.448|141.448
17|141.448|141.448
18|141.448|141.448
19|138.652|138.652
20|138.465|138.465
21|138.45|138.45
22|138.447|138.447
23|138.447|138.447
24|116.144|116.144
25|116.144|116.144
26|116.002|116.002
27|116.002|116.002
28|115.998|115.998
29|115.998|115.998
30|115.998|115.998
31|115.998|115.998
32|112.687|112.687
33|112.26|112.26
34|112.26|112.26
35|112.26|112.26
36|112.26|112.26
37|109.79|109.79
38|105.493|105.493
39|104.573|104.573
40|104.573|104.573
41|104.42|104.42
42|104.415|104.415
43|104.414|104.414
44|104.414|104.414
45|104.414|104.414
46|104.414|104.414
47|81.7141|81.7141
48|81.5968|81.5968
49|81.5963|81.5963
50|81.5963|81.5963
51|77.5748|77.5748
52|73.665|73.665
53|72.9389|72.9389
54|72.8854|72.8854
55|72.8778|72.8778
56|72.8778|72.8778
57|72.8777|72.8777
58|67.4047|67.4047
59|63.8577|63.8577
60|63.8577|63.8577
61|63.3131|63.3131
62|63.3026|63.3026
63|63.302|63.302
64|63.3019|63.3019
65|62.4517|62.4517
66|62.3337|62.3337
67|62.3337|62.3337
68|62.3332|62.3332
69|62.3332|62.3332
70|62.3332|62.3332
71|62.0479|62.0479
72|61.9821|61.9821
73|61.9821|61.9821
74|61.9684|61.9684
75|61.9664|61.9664
76|61.9664|61.9664
77|61.9664|61.9664
78|51.8943|51.8943
79|49.4971|49.4971
80|49.4278|49.4278
81|49.4124|49.4124
82|49.4095|49.4095
83|49.4093|49.4093
84|49.4092|49.4092
85|48.6468|48.6468
86|48.6468|48.6468
87|48.5842|48.5842
88|48.5721|48.5721
89|48.5711|48.5711
90|48.5711|48.5711
91|48.5709|48.5709
92|48.5709|48.5709
93|48.5708|48.5708
94|48.516|48.516
95|48.5078|48.5078
96|48.5077|48.5077
97|44.058|44.058
98|44.058|44.058
99|43.062|43.062
100|43.062|43.062
101|42.8712|42.8712
102|42.8712|42.8712
103|42.8555|42.8555
104|42.8524|42.8524
105|42.8522|42.8522
106|42.8521|42.8521
107|42.8521|42.8521
108|42.8521|42.8521
109|38.3668|38.3668
110|37.3529|37.3529
111|37.1531|37.1531
112|37.1352|37.1352
113|37.1311|37.1311
114|37.131|37.131
115|37.1302|37.1302
116|37.13|37.13
117|37.13|37.13
118|36.3855|36.3855
119|36.3274|36.3274
120|36.3175|36.3175
121|36.317|36.317
122|36.317|36.317
123|36.2804|36.2804
124|36.2795|36.2795
125|36.2793|36.2793
126|36.2793|36.2793
127|36.2793|36.2793
128|31.9122|31.9122
129|31.9122|31.9122
130|30.9574|30.9574
131|30.7873|30.7873
132|30.7873|30.7873
133|30.7767|30.7767
134|30.7767|30.7767
135|30.7761|30.7761
136|30.776|30.776
137|28.4232|28.4232
138|28.4231|28.4231
139|28.3594|28.3594
140|28.3594|28.3594
141|28.3468|28.3468
142|28.3456|28.3456
143|28.3453|28.3453
144|28.3453|28.3453
145|28.3453|28.3453
146|28.3453|28.3453
147|28.3453|28.3453
148|28.3453|28.3453
149|28.3271|28.3271
150|28.3228|28.3228
151|28.3219|28.3219
152|28.3217|28.3217
153|28.3217|28.3217
154|28.3217|28.3217
155|28.3217|28.3217
156|25.4164|25.4164
157|25.2021|25.2021
158|25.1717|25.1717
159|25.1717|25.1717
160|25.1715|25.1715
161|25.1715|25.1715
162|25.1715|25.1715
163|25.1715|25.1715
164|24.161|24.161
165|23.9629|23.9629
166|23.9454|23.9454
167|23.9414|23.9414
168|23.9414|23.9414
169|23.9407|23.9407
170|23.9406|23.9406
171|23.9406|23.9406
172|23.9406|23.9406
173|23.9406|23.9406
174|23.9406|23.9406
175|23.8081|23.8081
176|23.8059|23.8059
177|23.8059|23.8059
178|23.8059|23.8059
179|3.5419|3.5419
180|3.5419|3.5419
181|3.5419|3.5419
182|3.2724|3.2724
183|3.21445|3.21445
184|3.20467|3.20467
185|3.20423|3.20423
186|3.20423|3.20423
187|3.20423|3.20423
188|3.20416|3.20416
189|3.20415|3.20415
190|3.20415|3.20415
191|3.20415|3.20415
192|3.20415|3.20415
193|2.05105|2.05105
194|2.05105|2.05105
195|1.78171|1.78171
196|1.78171|1.78171
197|1.72383|1.72383
198|1.72383|1.72383
199|1.7141|1.7141
200|1.7141|1.7141
201|1.71366|1.71366
202|1.71366|1.71366
203|1.71366|1.71366
204|1.71366|1.71366
205|0.00084528|0.00084528
EARLY STOP: TARGET FOUND
1131809ms
