1|-3.94549|-3.94549
2|-4.09164|-4.09164
3|-4.17285|-4.17285
4|-4.19337|-4.19337
5|-4.19353|-4.19353
6|-4.19355|-4.19355
7|-4.40209|-4.40209
8|-4.49887|-4.49887
9|-4.52054|-4.52054
10|-4.52566|-4.52566
11|-4.52817|-4.52817
12|-4.52879|-4.52879
13|-4.52895|-4.52895
14|-4.52903|-4.52903
15|-4.52904|-4.52904
16|-5.31582|-5.31582
17|-5.32296|-5.32296
18|-5.32522|-5.32522
19|-5.32534|-5.32534
20|-5.32535|-5.32535
21|-5.32536|-5.32536
22|-5.32536|-5.32536
23|-5.63472|-5.63472
24|-5.78351|-5.78351
25|-5.86256|-5.86256
26|-5.90208|-5.90208
27|-5.9119|-5.9119
28|-5.91679|-5.91679
29|-5.91924|-5.91924
30|-5.92046|-5.92046
31|-5.92076|-5.92076
32|-5.92084|-5.92084
33|-5.93218|-5.93218
34|-6.74106|-6.74106
35|-6.75034|-6.75034
36|-6.75039|-6.75039
37|-6.75057|-6.75057
38|-6.75057|-6.75057
39|-6.80954|-6.80954
40|-7.62762|-7.62762
41|-7.71077|-7.71077
42|-7.7158|-7.7158
43|-7.71596|-7.71596
44|-7.71599|-7.71599
45|-7.716|-7.716
46|-7.716|-7.716
47|-7.71601|-7.71601
48|-8.34929|-8.34929
49|-8.43878|-8.43878
50|-8.46089|-8.46089
51|-8.4614|-8.4614
52|-8.46141|-8.46141
53|-8.46141|-8.46141
54|-8.90292|-8.90292
55|-9.003|-9.003
56|-9.04528|-9.04528
57|-9.05487|-9.05487
58|-9.05604|-9.05604
59|-9.05662|-9.05662
60|-9.05676|-9.05676
61|-9.05684|-9.05684
62|-9.41855|-9.41855
63|-9.87636|-9.87636
64|-10.0037|-10.0037
65|-10.0131|-10.0131
66|-10.0141|-10.0141
67|-10.0143|-10.0143
68|-10.0143|-10.0143
69|-10.0143|-10.0143
70|-10.1266|-10.1266
71|-10.7584|-10.7584
72|-10.9037|-10.9037
73|-10.9071|-10.9071
74|-10.9088|-10.9088
75|-11.4828|-11.4828
76|-11.4828|-11.4828
77|-11.483|-11.483
78|-11.7379|-11.7379
79|-12.1027|-12.1027
80|-12.127|-12.127
81|-12.1292|-12.1292
82|-12.1292|-12.1292
83|-12.1292|-12.1292
84|-12.3526|-12.3526
85|-12.9729|-12.9729
86|-12.9856|-12.9856
87|-13.0015|-13.0015
88|-13.0047|-13.0047
89|-13.0051|-13.0051
90|-13.0292|-13.0292
91|-13.0317|-13.0317
92|-13.225|-13.225
93|-13.6622|-13.6622
94|-13.9513|-13.9513
95|-13.9709|-13.9709
96|-13.9738|-13.9738
97|-13.9748|-13.9748
98|-13.9749|-13.9749
99|-13.9749|-13.9749
100|-14.1775|-14.1775
101|-14.6545|-14.6545
102|-14.6813|-14.6813
103|-14.6939|-14.6939
104|-14.697|-14.697
105|-14.6985|-14.6985
106|-14.6989|-14.6989
107|-14.699|-14.699
108|-14.8511|-14.8511
109|-14.9634|-14.9634
110|-15.1887|-15.1887
111|-15.2044|-15.2044
112|-15.2053|-15.2053
113|-15.2054|-15.2054
114|-15.2054|-15.2054
115|-15.2054|-15.2054
116|-15.2055|-15.2055
117|-15.2402|-15.2402
118|-15.2503|-15.2503
119|-15.2534|-15.2534
120|-15.2545|-15.2545
121|-15.2549|-15.2549
122|-15.255|-15.255
123|-15.2551|-15.2551
124|-15.6605|-15.6605
125|-16.0754|-16.0754
126|-16.173|-16.173
127|-16.1731|-16.1731
128|-16.1731|-16.1731
129|-16.1731|-16.1731
130|-16.1731|-16.1731
131|-16.1853|-16.1853
132|-16.1862|-16.1862
133|-16.1862|-16.1862
134|-16.1862|-16.1862
135|-16.1862|-16.1862
136|-16.1862|-16.1862
137|-16.2481|-16.2481
138|-16.5005|-16.5005
139|-16.5605|-16.5605
140|-17.1351|-17.1351
141|-17.1352|-17.1352
142|-17.1404|-17.1404
143|-17.1429|-17.1429
144|-17.1435|-17.1435
145|-17.3493|-17.3493
146|-17.4293|-17.4293
147|-17.5973|-17.5973
148|-18.0889|-18.0889
149|-18.1009|-18.1009
150|-18.1019|-18.1019
151|-18.1019|-18.1019
152|-18.1019|-18.1019
153|-18.9084|-18.9084
154|-18.998|-18.998
155|-19.026|-19.026
156|-19.0352|-19.0352
157|-19.037|-19.037
158|-19.0378|-19.0378
159|-19.038|-19.038
160|-19.6035|-19.6035
161|-19.6349|-19.6349
162|-19.6409|-19.6409
163|-19.6409|-19.6409
164|-19.641|-19.641
165|-20.061|-20.061
166|-20.2386|-20.2386
167|-20.6068|-20.6068
168|-20.6107|-20.6107
169|-20.6186|-20.6186
170|-20.6187|-20.6187
171|-20.6187|-20.6187
172|-20.6201|-20.6201
173|-20.7642|-20.7642
174|-21.4334|-21.4334
175|-21.6139|-21.6139
176|-21.6139|-21.6139
177|-21.6139|-21.6139
178|-21.6139|-21.6139
179|-21.8357|-21.8357
180|-21.8362|-21.8362
181|-21.8363|-21.8363
182|-22.3471|-22.3471
183|-22.8002|-22.8002
184|-22.82|-22.82
185|-22.8219|-22.8219
186|-22.8228|-22.8228
187|-22.8233|-22.8233
188|-22.8235|-22.8235
189|-22.8236|-22.8236
190|-22.8259|-22.8259
191|-22.8344|-22.8344
192|-23.2185|-23.2185
193|-23.5427|-23.5427
194|-23.5436|-23.5436
195|-23.5437|-23.5437
196|-23.5438|-23.5438
197|-23.5438|-23.5438
198|-23.5438|-23.5438
199|-23.8786|-23.8786
200|-24.1681|-24.1681
201|-24.1856|-24.1856
202|-24.3886|-24.3886
203|-24.4229|-24.4229
204|-24.431|-24.431
205|-24.4686|-24.4686
206|-24.4846|-24.4846
207|-24.4918|-24.4918
208|-24.4953|-24.4953
209|-24.4961|-24.4961
210|-24.4964|-24.4964
211|-24.4964|-24.4964
212|-24.5141|-24.5141
213|-24.7865|-24.7865
214|-25.125|-25.125
215|-25.1282|-25.1282
216|-25.1297|-25.1297
217|-25.1299|-25.1299
218|-25.1299|-25.1299
219|-25.1299|-25.1299
220|-25.1299|-25.1299
221|-25.1299|-25.1299
222|-25.1299|-25.1299
223|-25.1299|-25.1299
224|-25.1299|-25.1299
225|-25.1299|-25.1299
226|-25.1299|-25.1299
227|-25.1299|-25.1299
228|-25.1299|-25.1299
229|-25.1299|-25.1299
230|-25.1299|-25.1299
231|-25.1299|-25.1299
232|-25.1299|-25.1299
233|-25.1299|-25.1299
234|-25.1299|-25.1299
235|-25.1299|-25.1299
236|-25.1299|-25.1299
237|-25.1299|-25.1299
238|-25.1299|-25.1299
239|-25.1299|-25.1299
240|-25.1299|-25.1299
241|-25.1299|-25.1299
242|-25.1299|-25.1299
243|-25.1299|-25.1299
244|-25.1299|-25.1299
245|-25.1299|-25.1299
246|-25.1299|-25.1299
247|-25.1299|-25.1299
248|-25.1299|-25.1299
249|-25.1299|-25.1299
250|-25.1299|-25.1299
251|-25.1299|-25.1299
252|-25.1299|-25.1299
253|-25.1299|-25.1299
254|-25.1299|-25.1299
255|-25.1299|-25.1299
256|-25.1299|-25.1299
257|-25.1299|-25.1299
258|-25.1299|-25.1299
259|-25.1299|-25.1299
260|-25.1299|-25.1299
261|-25.1299|-25.1299
262|-25.1299|-25.1299
263|-25.1299|-25.1299
264|-25.1299|-25.1299
265|-25.1299|-25.1299
266|-25.1299|-25.1299
267|-25.1299|-25.1299
268|-25.1299|-25.1299
269|-25.1299|-25.1299
270|-25.1299|-25.1299
271|-25.1299|-25.1299
272|-25.1299|-25.1299
273|-25.1299|-25.1299
274|-25.1299|-25.1299
275|-25.1299|-25.1299
276|-25.1299|-25.1299
277|-25.1299|-25.1299
278|-25.1299|-25.1299
279|-25.1299|-25.1299
280|-25.1299|-25.1299
281|-25.1299|-25.1299
282|-25.1299|-25.1299
283|-25.1299|-25.1299
284|-25.1299|-25.1299
285|-25.1299|-25.1299
286|-25.1299|-25.1299
287|-25.1299|-25.1299
288|-25.1299|-25.1299
289|-25.1299|-25.1299
290|-25.1299|-25.1299
291|-25.1299|-25.1299
292|-25.1299|-25.1299
293|-25.1299|-25.1299
294|-25.1299|-25.1299
295|-25.1299|-25.1299
296|-25.1299|-25.1299
297|-25.1299|-25.1299
298|-25.1299|-25.1299
299|-25.1299|-25.1299
300|-25.1299|-25.1299
301|-25.1299|-25.1299
302|-25.1299|-25.1299
303|-25.1299|-25.1299
304|-25.1299|-25.1299
305|-25.1299|-25.1299
306|-25.1299|-25.1299
307|-25.1299|-25.1299
308|-25.1299|-25.1299
309|-25.1299|-25.1299
310|-25.1299|-25.1299
311|-25.1299|-25.1299
312|-25.1299|-25.1299
313|-25.1299|-25.1299
314|-25.1299|-25.1299
315|-25.1299|-25.1299
316|-25.1299|-25.1299
317|-25.1299|-25.1299
318|-25.1299|-25.1299
319|-25.1299|-25.1299
320|-25.1299|-25.1299
321|-25.1299|-25.1299
322|-25.1299|-25.1299
323|-25.1299|-25.1299
324|-25.1299|-25.1299
325|-25.1299|-25.1299
326|-25.1299|-25.1299
327|-25.1299|-25.1299
328|-25.1299|-25.1299
329|-25.1299|-25.1299
330|-25.1299|-25.1299
331|-25.1299|-25.1299
332|-25.1299|-25.1299
333|-25.1299|-25.1299
334|-25.1299|-25.1299
335|-25.1299|-25.1299
336|-25.1299|-25.1299
337|-25.1299|-25.1299
338|-25.1299|-25.1299
339|-25.1299|-25.1299
340|-25.1299|-25.1299
341|-25.1299|-25.1299
342|-25.1299|-25.1299
343|-25.1299|-25.1299
344|-25.1299|-25.1299
345|-25.1299|-25.1299
346|-25.1299|-25.1299
347|-25.1299|-25.1299
348|-25.1299|-25.1299
349|-25.1299|-25.1299
350|-25.1299|-25.1299
351|-25.1299|-25.1299
352|-25.1299|-25.1299
353|-25.1299|-25.1299
354|-25.1299|-25.1299
355|-25.1299|-25.1299
356|-25.1299|-25.1299
357|-25.1299|-25.1299
358|-25.1299|-25.1299
359|-25.1299|-25.1299
360|-25.1299|-25.1299
361|-25.1299|-25.1299
362|-25.1299|-25.1299
363|-25.1299|-25.1299
364|-25.1299|-25.1299
365|-25.1299|-25.1299
366|-25.1299|-25.1299
367|-25.1299|-25.1299
368|-25.1299|-25.1299
EARLY STOP: TARGET FOUND
2967675ms
