1|36.4786|36.4786
2|34.0024|34.0024
3|33.8954|33.8954
4|33.8953|33.8953
5|33.8953|33.8953
6|31.8018|31.8018
7|31.7705|31.7705
8|31.7703|31.7703
9|31.7702|31.7702
10|31.7702|31.7702
11|16.6994|16.6994
12|15.7161|15.7161
13|15.7161|15.7161
14|15.5316|15.5316
15|15.5316|15.5316
16|15.5175|15.5175
17|15.5152|15.5152
18|15.5152|15.5152
19|15.5151|15.5151
20|15.5151|15.5151
21|15.4034|15.4034
22|15.4032|15.4032
23|15.4032|15.4032
24|15.4032|15.4032
25|15.4032|15.4032
26|1.42879|1.42879
27|1.42879|1.42879
28|0.308378|0.308378
29|0.308378|0.308378
30|0.0553744|0.0553744
31|0.0553744|0.0553744
32|0.0553744|0.0553744
33|0.0553744|0.0553744
34|0.0553744|0.0553744
35|0.0553744|0.0553744
36|0.00567272|0.00567272
EARLY STOP: TARGET FOUND
6888ms
