1|-1.63638|-1.63638
2|-1.81867|-1.81867
3|-2.25916|-2.25916
4|-2.32453|-2.32453
5|-2.37586|-2.37586
6|-2.39649|-2.39649
7|-2.40536|-2.40536
8|-2.40743|-2.40743
9|-2.40768|-2.40768
10|-2.40781|-2.40781
11|-2.40787|-2.40787
12|-2.4079|-2.4079
13|-2.40791|-2.40791
14|-2.60854|-2.60854
15|-2.65934|-2.65934
16|-2.66794|-2.66794
17|-2.66817|-2.66817
18|-2.66821|-2.66821
19|-2.66822|-2.66822
20|-2.66822|-2.66822
21|-2.78213|-2.78213
22|-2.7829|-2.7829
23|-2.78306|-2.78306
24|-2.78312|-2.78312
25|-2.78313|-2.78313
26|-2.78313|-2.78313
27|-2.78313|-2.78313
28|-3.28691|-3.28691
29|-3.3938|-3.3938
30|-3.39516|-3.39516
31|-3.39524|-3.39524
32|-3.39526|-3.39526
33|-4.1524|-4.1524
34|-4.17937|-4.17937
35|-4.18161|-4.18161
36|-4.18165|-4.18165
37|-4.18166|-4.18166
38|-4.18166|-4.18166
39|-4.18166|-4.18166
40|-4.18166|-4.18166
41|-4.18166|-4.18166
42|-4.18166|-4.18166
43|-4.18166|-4.18166
44|-4.18166|-4.18166
45|-4.18166|-4.18166
46|-4.18166|-4.18166
47|-4.18166|-4.18166
48|-4.18166|-4.18166
49|-4.18166|-4.18166
50|-4.18166|-4.18166
51|-4.18166|-4.18166
52|-4.18166|-4.18166
53|-4.18166|-4.18166
54|-4.18166|-4.18166
55|-4.18166|-4.18166
56|-4.18166|-4.18166
57|-4.18166|-4.18166
58|-4.18166|-4.18166
59|-4.18166|-4.18166
60|-4.18166|-4.18166
61|-4.18166|-4.18166
62|-4.18166|-4.18166
63|-4.18166|-4.18166
64|-4.18166|-4.18166
65|-4.18166|-4.18166
66|-4.18166|-4.18166
67|-4.18166|-4.18166
68|-4.18166|-4.18166
69|-4.18166|-4.18166
70|-4.18166|-4.18166
71|-4.18166|-4.18166
72|-4.18166|-4.18166
73|-4.18166|-4.18166
74|-4.18166|-4.18166
75|-4.18166|-4.18166
76|-4.18166|-4.18166
77|-4.18166|-4.18166
78|-4.18166|-4.18166
79|-4.18166|-4.18166
80|-4.18166|-4.18166
81|-4.18166|-4.18166
82|-4.18166|-4.18166
83|-4.18166|-4.18166
84|-4.18166|-4.18166
85|-4.18166|-4.18166
86|-4.18166|-4.18166
87|-4.18166|-4.18166
88|-4.18166|-4.18166
89|-4.18166|-4.18166
90|-4.18166|-4.18166
91|-4.18166|-4.18166
92|-4.18166|-4.18166
93|-4.18166|-4.18166
94|-4.18166|-4.18166
95|-4.18166|-4.18166
96|-4.18166|-4.18166
97|-4.18166|-4.18166
98|-4.18166|-4.18166
99|-4.18166|-4.18166
100|-4.18166|-4.18166
101|-4.18166|-4.18166
102|-4.18166|-4.18166
103|-4.18166|-4.18166
104|-4.18166|-4.18166
105|-4.18166|-4.18166
106|-4.18166|-4.18166
107|-4.18166|-4.18166
108|-4.18166|-4.18166
109|-4.18166|-4.18166
110|-4.18166|-4.18166
111|-4.18166|-4.18166
112|-4.18166|-4.18166
113|-4.18166|-4.18166
114|-4.18166|-4.18166
115|-4.18166|-4.18166
116|-4.18166|-4.18166
117|-4.18166|-4.18166
118|-4.18166|-4.18166
119|-4.18166|-4.18166
120|-4.18166|-4.18166
121|-4.18166|-4.18166
122|-4.18166|-4.18166
123|-4.18166|-4.18166
124|-4.18166|-4.18166
125|-4.18166|-4.18166
126|-4.18166|-4.18166
127|-4.18166|-4.18166
128|-4.18166|-4.18166
129|-4.18166|-4.18166
130|-4.18166|-4.18166
131|-4.18166|-4.18166
132|-4.18166|-4.18166
133|-4.18166|-4.18166
134|-4.18166|-4.18166
135|-4.18166|-4.18166
136|-4.18166|-4.18166
137|-4.18166|-4.18166
138|-4.18166|-4.18166
139|-4.18166|-4.18166
140|-4.18166|-4.18166
141|-4.18166|-4.18166
142|-4.18166|-4.18166
143|-4.18166|-4.18166
144|-4.18166|-4.18166
145|-4.18166|-4.18166
146|-4.18166|-4.18166
147|-4.18166|-4.18166
148|-4.18166|-4.18166
149|-4.18166|-4.18166
150|-4.18166|-4.18166
151|-4.18166|-4.18166
152|-4.18166|-4.18166
153|-4.18166|-4.18166
154|-4.18166|-4.18166
155|-4.18166|-4.18166
156|-4.18166|-4.18166
157|-4.18166|-4.18166
158|-4.18166|-4.18166
159|-4.18166|-4.18166
160|-4.18166|-4.18166
161|-4.18166|-4.18166
162|-4.18166|-4.18166
163|-4.18166|-4.18166
164|-4.18166|-4.18166
165|-4.18166|-4.18166
166|-4.18166|-4.18166
167|-4.18166|-4.18166
168|-4.18166|-4.18166
169|-4.18166|-4.18166
170|-4.18166|-4.18166
171|-4.18166|-4.18166
172|-4.18166|-4.18166
173|-4.18166|-4.18166
174|-4.18166|-4.18166
175|-4.18166|-4.18166
176|-4.18166|-4.18166
177|-4.18166|-4.18166
178|-4.18166|-4.18166
179|-4.18166|-4.18166
180|-4.18166|-4.18166
181|-4.18166|-4.18166
182|-4.18166|-4.18166
183|-4.18166|-4.18166
184|-4.18166|-4.18166
185|-4.18166|-4.18166
186|-4.18166|-4.18166
187|-4.18166|-4.18166
188|-4.18166|-4.18166
EARLY STOP: TARGET FOUND
67655ms
