1|6.43255|6.43255
2|6.43232|6.43232
3|6.43228|6.43228
4|6.43228|6.43228
5|5.21149|5.21149
6|4.90829|4.90829
7|4.83349|4.83349
8|4.81529|4.81529
9|4.81099|4.81099
10|4.81004|4.81004
11|4.80987|4.80987
12|4.80986|4.80986
13|4.80985|4.80985
14|1.83156|1.83156
15|1.83156|1.83156
16|1.83156|1.83156
17|1.59899|1.59899
18|1.5595|1.5595
19|1.55763|1.55763
20|1.55762|1.55762
21|1.55762|1.55762
22|0.388486|0.388486
23|0.388486|0.388486
24|0.11112|0.11112
25|0.11112|0.11112
26|0.11112|0.11112
27|0.11112|0.11112
28|0.11112|0.11112
29|0.0492367|0.0492367
30|0.0374953|0.0374953
31|0.0365599|0.0365599
32|0.0363922|0.0363922
33|0.0363816|0.0363816
34|0.0363809|0.0363809
35|0.0363808|0.0363808
36|0.0363808|0.0363808
37|0.000944787|0.000944787
EARLY STOP: TARGET FOUND
7076ms
