1|103.153|103.153
2|102.822|102.822
3|102.822|102.822
4|102.822|102.822
5|94.2383|94.2383
6|89.6116|89.6116
7|73.5087|73.5087
8|73.1338|73.1338
9|73.0058|73.0058
10|72.9872|72.9872
11|72.9841|72.9841
12|72.9834|72.9834
13|72.9831|72.9831
14|72.9829|72.9829
15|72.9828|72.9828
16|62.3468|62.3468
17|58.5506|58.5506
18|57.6975|57.6975
19|56.881|56.881
20|56.8688|56.8688
21|56.8661|56.8661
22|56.8648|56.8648
23|56.8647|56.8647
24|56.8646|56.8646
25|31.4837|31.4837
26|25.228|25.228
27|25.2183|25.2183
28|24.908|24.908
29|24.908|24.908
30|14.263|14.263
31|9.98757|9.98757
32|9.97561|9.97561
33|9.97494|9.97494
34|9.97483|9.97483
35|9.97483|9.97483
36|9.97483|9.97483
37|9.97483|9.97483
38|9.97483|9.97483
39|9.97483|9.97483
40|9.97483|9.97483
41|9.97483|9.97483
42|9.97483|9.97483
43|9.97483|9.97483
44|9.97483|9.97483
45|9.97483|9.97483
46|9.97483|9.97483
47|9.97483|9.97483
48|9.97483|9.97483
49|9.97483|9.97483
50|9.97483|9.97483
51|9.97483|9.97483
52|9.97483|9.97483
53|9.97483|9.97483
54|9.97483|9.97483
55|9.97483|9.97483
56|9.97483|9.97483
57|9.97483|9.97483
58|9.97483|9.97483
59|9.97483|9.97483
60|9.97483|9.97483
61|9.97483|9.97483
62|9.97483|9.97483
63|9.97483|9.97483
64|9.97483|9.97483
65|9.97483|9.97483
66|9.97483|9.97483
67|9.97483|9.97483
68|9.97483|9.97483
69|9.97483|9.97483
70|9.97483|9.97483
71|9.97483|9.97483
72|9.97483|9.97483
73|9.97483|9.97483
74|9.97483|9.97483
75|9.97483|9.97483
76|9.97483|9.97483
77|9.97483|9.97483
78|9.97483|9.97483
79|9.97483|9.97483
80|9.97483|9.97483
81|9.97483|9.97483
82|9.97483|9.97483
83|9.97483|9.97483
84|9.97483|9.97483
85|9.97483|9.97483
86|9.97483|9.97483
87|9.97483|9.97483
88|9.97483|9.97483
89|9.97483|9.97483
90|9.97483|9.97483
91|9.97483|9.97483
92|9.97483|9.97483
93|9.97483|9.97483
94|9.97483|9.97483
95|9.97483|9.97483
96|9.97483|9.97483
97|9.97483|9.97483
98|9.97483|9.97483
99|9.97483|9.97483
100|9.97483|9.97483
101|9.97483|9.97483
102|9.97483|9.97483
103|9.97483|9.97483
104|9.97483|9.97483
105|9.97483|9.97483
106|9.97483|9.97483
107|9.97483|9.97483
108|9.97483|9.97483
109|9.97483|9.97483
110|9.97483|9.97483
111|9.97483|9.97483
112|9.97483|9.97483
113|9.97483|9.97483
114|9.97483|9.97483
115|9.97483|9.97483
116|9.97483|9.97483
117|9.97483|9.97483
118|9.97483|9.97483
119|9.97483|9.97483
120|9.97483|9.97483
121|9.97483|9.97483
122|9.97483|9.97483
123|9.97483|9.97483
124|9.97483|9.97483
125|9.97483|9.97483
126|9.97483|9.97483
127|9.97483|9.97483
128|9.97483|9.97483
129|9.97483|9.97483
130|9.97483|9.97483
131|9.97483|9.97483
132|9.97483|9.97483
133|9.97483|9.97483
134|9.97483|9.97483
135|9.97483|9.97483
136|9.97483|9.97483
137|9.97483|9.97483
138|9.97483|9.97483
139|9.97483|9.97483
140|9.97483|9.97483
141|9.97483|9.97483
142|9.97483|9.97483
143|9.97483|9.97483
144|9.97483|9.97483
145|9.97483|9.97483
146|9.97483|9.97483
147|9.97483|9.97483
148|9.97483|9.97483
149|9.97483|9.97483
150|9.97483|9.97483
151|9.97483|9.97483
152|9.97483|9.97483
153|9.97483|9.97483
154|9.97483|9.97483
155|9.97483|9.97483
156|9.97483|9.97483
157|9.97483|9.97483
158|9.97483|9.97483
159|9.97483|9.97483
160|9.97483|9.97483
161|9.97483|9.97483
162|9.97483|9.97483
163|9.97483|9.97483
164|9.97483|9.97483
165|9.97483|9.97483
166|9.97483|9.97483
167|9.97483|9.97483
168|9.97483|9.97483
169|9.97483|9.97483
170|9.97483|9.97483
171|9.97483|9.97483
172|9.97483|9.97483
173|9.97483|9.97483
174|9.97483|9.97483
175|9.97483|9.97483
176|9.97483|9.97483
177|9.97483|9.97483
178|9.97483|9.97483
179|9.97483|9.97483
180|9.97483|9.97483
181|9.97483|9.97483
182|9.97483|9.97483
183|9.97483|9.97483
184|9.97483|9.97483
185|9.97483|9.97483
EARLY STOP: TARGET FOUND
66829ms
