1|42.4871|42.4871
2|42.3262|42.3262
3|42.318|42.318
4|42.3178|42.3178
5|16.1447|16.1447
6|16.1447|16.1447
7|16.1447|16.1447
8|16.1447|16.1447
9|8.08386|8.08386
10|5.18387|5.18387
11|4.97087|4.97087
12|4.97087|4.97087
13|4.94117|4.94117
14|4.94101|4.94101
15|4.94101|4.94101
16|0.891686|0.891686
17|0.891686|0.891686
18|0.891686|0.891686
19|0.0958285|0.0958285
20|0.0958285|0.0958285
21|0.0958285|0.0958285
22|0.0958285|0.0958285
23|0.0958285|0.0958285
24|0.0248643|0.0248643
25|0.0248643|0.0248643
26|0.0248643|0.0248643
27|0.00858225|0.00858225
EARLY STOP: TARGET FOUND
4216ms
