1|597.475|597.475
2|597.448|597.448
3|597.445|597.445
4|597.444|597.444
5|597.444|597.444
6|582.564|582.564
7|582.564|582.564
8|579.099|579.099
9|578.795|578.795
10|578.656|578.656
11|578.622|578.622
12|578.614|578.614
13|578.613|578.613
14|568.743|568.743
15|566.979|566.979
16|563.749|563.749
17|563.262|563.262
18|563.073|563.073
19|562.993|562.993
20|562.957|562.957
21|562.948|562.948
22|562.943|562.943
23|562.942|562.942
24|562.942|562.942
25|562.942|562.942
26|554.385|554.385
27|550.298|550.298
28|547.846|547.846
29|547.768|547.768
30|547.75|547.75
31|547.741|547.741
32|547.737|547.737
33|547.734|547.734
34|547.733|547.733
35|547.733|547.733
36|547.733|547.733
37|525.346|525.346
38|524.863|524.863
39|524.676|524.676
40|524.597|524.597
41|524.561|524.561
42|524.557|524.557
43|524.555|524.555
44|524.554|524.554
45|524.554|524.554
46|504.248|504.248
47|500.852|500.852
48|499.942|499.942
49|499.715|499.715
50|499.66|499.66
51|499.648|499.648
52|499.645|499.645
53|499.645|499.645
54|495.589|495.589
55|477.938|477.938
56|475.233|475.233
57|474.746|474.746
58|474.723|474.723
59|474.722|474.722
60|474.722|474.722
61|472.205|472.205
62|469.365|469.365
63|468.997|468.997
64|468.979|468.979
65|468.971|468.971
66|468.966|468.966
67|468.964|468.964
68|468.964|468.964
69|468.964|468.964
70|465.134|465.134
71|464.317|464.317
72|463.483|463.483
73|463.471|463.471
74|463.47|463.47
75|463.469|463.469
76|447.984|447.984
77|444.751|444.751
78|443.944|443.944
79|443.771|443.771
80|443.744|443.744
81|443.743|443.743
82|443.743|443.743
83|421.195|421.195
84|420.36|420.36
85|420.173|420.173
86|420.138|420.138
87|420.135|420.135
88|420.135|420.135
89|401.844|401.844
90|391.583|391.583
91|386.623|386.623
92|385.588|385.588
93|385.58|385.58
94|385.578|385.578
95|385.578|385.578
96|374.066|374.066
97|367.385|367.385
98|364.441|364.441
99|364.346|364.346
100|364.299|364.299
101|364.287|364.287
102|364.282|364.282
103|364.279|364.279
104|338.774|338.774
105|338.735|338.735
106|338.732|338.732
107|338.731|338.731
108|338.731|338.731
109|338.731|338.731
110|323.57|323.57
111|323.421|323.421
112|323.408|323.408
113|323.406|323.406
114|323.405|323.405
115|305.134|305.134
116|302.899|302.899
117|299.768|299.768
118|299.311|299.311
119|299.139|299.139
120|299.101|299.101
121|299.084|299.084
122|299.079|299.079
123|299.077|299.077
124|299.076|299.076
125|299.076|299.076
126|290.467|290.467
127|289.131|289.131
128|289.114|289.114
129|289.106|289.106
130|289.102|289.102
131|289.101|289.101
132|289.101|289.101
133|274.378|274.378
134|273.241|273.241
135|273.239|273.239
136|273.239|273.239
137|268.861|268.861
138|258.506|258.506
139|253.907|253.907
140|253.906|253.906
141|253.906|253.906
142|253.906|253.906
143|253.71|253.71
144|253.7|253.7
145|253.699|253.699
146|253.699|253.699
147|253.699|253.699
148|246.645|246.645
149|241.063|241.063
150|227.709|227.709
151|225.833|225.833
152|225.82|225.82
153|225.748|225.748
154|225.747|225.747
155|209.726|209.726
156|199.398|199.398
157|198.937|198.937
158|198.763|198.763
159|198.725|198.725
160|198.707|198.707
161|198.698|198.698
162|198.694|198.694
163|198.692|198.692
164|198.691|198.691
165|198.691|198.691
166|197.783|197.783
167|189.845|189.845
168|189.623|189.623
169|186.878|186.878
170|186.736|186.736
171|186.371|186.371
172|180.556|180.556
173|180.458|180.458
174|180.457|180.457
175|180.456|180.456
176|180.456|180.456
177|180.456|180.456
178|156.272|156.272
179|153.721|153.721
180|153.56|153.56
181|153.551|153.551
182|153.547|153.547
183|153.545|153.545
184|153.544|153.544
185|153.543|153.543
186|153.543|153.543
187|129.941|129.941
188|129.354|129.354
189|129.304|129.304
190|129.295|129.295
191|129.294|129.294
192|129.294|129.294
193|129.294|129.294
194|129.293|129.293
195|120.827|120.827
196|113.475|113.475
197|113.314|113.314
198|113.314|113.314
199|113.314|113.314
200|113.314|113.314
201|113.314|113.314
202|108.049|108.049
203|91.6803|91.6803
204|91.0905|91.0905
205|91.0406|91.0406
206|91.0305|91.0305
207|91.0291|91.0291
208|90.9705|90.9705
209|90.9448|90.9448
210|90.9432|90.9432
211|90.9425|90.9425
212|90.9421|90.9421
213|74.0238|74.0238
214|67.4509|67.4509
215|66.1283|66.1283
216|65.6747|65.6747
217|65.5035|65.5035
218|65.4667|65.4667
219|65.4492|65.4492
220|65.447|65.447
221|65.4467|65.4467
222|65.4466|65.4466
223|64.616|64.616
224|63.7882|63.7882
225|63.7764|63.7764
226|63.7738|63.7738
227|63.7738|63.7738
228|63.7738|63.7738
229|63.7738|63.7738
230|63.7738|63.7738
231|63.7738|63.7738
232|63.7738|63.7738
233|63.7738|63.7738
234|63.7738|63.7738
235|63.7738|63.7738
236|63.7738|63.7738
237|63.7738|63.7738
238|63.7738|63.7738
239|63.7738|63.7738
240|63.7738|63.7738
241|63.7738|63.7738
242|63.7738|63.7738
243|63.7738|63.7738
244|63.7738|63.7738
245|63.7738|63.7738
246|63.7738|63.7738
247|63.7738|63.7738
248|63.7738|63.7738
249|63.7738|63.7738
250|63.7738|63.7738
251|63.7738|63.7738
252|63.7738|63.7738
253|63.7738|63.7738
254|63.7738|63.7738
255|63.7738|63.7738
256|63.7738|63.7738
257|63.7738|63.7738
258|63.7738|63.7738
259|63.7738|63.7738
260|63.7738|63.7738
261|63.7738|63.7738
262|63.7738|63.7738
263|63.7738|63.7738
264|63.7738|63.7738
265|63.7738|63.7738
266|63.7738|63.7738
267|63.7738|63.7738
268|63.7738|63.7738
269|63.7738|63.7738
270|63.7738|63.7738
271|63.7738|63.7738
272|63.7738|63.7738
273|63.7738|63.7738
274|63.7738|63.7738
275|63.7738|63.7738
276|63.7738|63.7738
277|63.7738|63.7738
278|63.7738|63.7738
279|63.7738|63.7738
280|63.7738|63.7738
281|63.7738|63.7738
282|63.7738|63.7738
283|63.7738|63.7738
284|63.7738|63.7738
285|63.7738|63.7738
286|63.7738|63.7738
287|63.7738|63.7738
288|63.7738|63.7738
289|63.7738|63.7738
290|63.7738|63.7738
291|63.7738|63.7738
292|63.7738|63.7738
293|63.7738|63.7738
294|63.7738|63.7738
295|63.7738|63.7738
296|63.7738|63.7738
297|63.7738|63.7738
298|63.7738|63.7738
299|63.7738|63.7738
300|63.7738|63.7738
301|63.7738|63.7738
302|63.7738|63.7738
303|63.7738|63.7738
304|63.7738|63.7738
305|63.7738|63.7738
306|63.7738|63.7738
307|63.7738|63.7738
308|63.7738|63.7738
309|63.7738|63.7738
310|63.7738|63.7738
311|63.7738|63.7738
312|63.7738|63.7738
313|63.7738|63.7738
314|63.7738|63.7738
315|63.7738|63.7738
316|63.7738|63.7738
317|63.7738|63.7738
318|63.7738|63.7738
319|63.7738|63.7738
320|63.7738|63.7738
321|63.7738|63.7738
322|63.7738|63.7738
323|63.7738|63.7738
324|63.7738|63.7738
325|63.7738|63.7738
326|63.7738|63.7738
327|63.7738|63.7738
328|63.7738|63.7738
329|63.7738|63.7738
330|63.7738|63.7738
331|63.7738|63.7738
332|63.7738|63.7738
333|63.7738|63.7738
334|63.7738|63.7738
335|63.7738|63.7738
336|63.7738|63.7738
337|63.7738|63.7738
338|63.7738|63.7738
339|63.7738|63.7738
340|63.7738|63.7738
341|63.7738|63.7738
342|63.7738|63.7738
343|63.7738|63.7738
344|63.7738|63.7738
345|63.7738|63.7738
346|63.7738|63.7738
347|63.7738|63.7738
348|63.7738|63.7738
349|63.7738|63.7738
350|63.7738|63.7738
351|63.7738|63.7738
352|63.7738|63.7738
353|63.7738|63.7738
354|63.7738|63.7738
355|63.7738|63.7738
356|63.7738|63.7738
357|63.7738|63.7738
358|63.7738|63.7738
359|63.7738|63.7738
360|63.7738|63.7738
361|63.7738|63.7738
362|63.7738|63.7738
363|63.7738|63.7738
364|63.7738|63.7738
365|63.7738|63.7738
366|63.7738|63.7738
367|63.7738|63.7738
368|63.7738|63.7738
369|63.7738|63.7738
370|63.7738|63.7738
371|63.7738|63.7738
372|63.7738|63.7738
373|63.7738|63.7738
374|63.7738|63.7738
375|63.7738|63.7738
376|63.7738|63.7738
EARLY STOP: TARGET FOUND
2975541ms
