1|665.06|665.06
2|664.994|664.994
3|664.993|664.993
4|664.993|664.993
5|645.018|645.018
6|642.997|642.997
7|642.868|642.868
8|642.861|642.861
9|642.861|642.861
10|632.231|632.231
11|632.231|632.231
12|629.915|629.915
13|629.008|629.008
14|628.616|628.616
15|628.616|628.616
16|624.153|624.153
17|624.149|624.149
18|624.149|624.149
19|620.789|620.789
20|611.4|611.4
21|609.338|609.338
22|606.392|606.392
23|605.992|605.992
24|605.915|605.915
25|605.898|605.898
26|605.893|605.893
27|605.892|605.892
28|605.892|605.892
29|580.52|580.52
30|574.164|574.164
31|573.935|573.935
32|573.902|573.902
33|573.89|573.89
34|573.885|573.885
35|573.884|573.884
36|559.234|559.234
37|556.074|556.074
38|556.04|556.04
39|556.023|556.023
40|556.015|556.015
41|556.011|556.011
42|556.009|556.009
43|556.009|556.009
44|556.008|556.008
45|556.008|556.008
46|548.352|548.352
47|544.521|544.521
48|541.746|541.746
49|541.553|541.553
50|541.471|541.471
51|541.433|541.433
52|541.415|541.415
53|541.406|541.406
54|541.402|541.402
55|541.401|541.401
56|541.401|541.401
57|541.401|541.401
58|530.759|530.759
59|528.384|528.384
60|527.585|527.585
61|527.075|527.075
62|522.673|522.673
63|522.67|522.67
64|522.667|522.667
65|522.667|522.667
66|522.523|522.523
67|517.932|517.932
68|517.931|517.931
69|517.931|517.931
70|517.931|517.931
71|510.818|510.818
72|502.333|502.333
73|502.316|502.316
74|502.316|502.316
75|478.012|478.012
76|467.471|467.471
77|467.319|467.319
78|467.302|467.302
79|467.302|467.302
80|467.302|467.302
81|459.405|459.405
82|459.405|459.405
83|459.162|459.162
84|456.452|456.452
85|456.249|456.249
86|455.956|455.956
87|450.109|450.109
88|450.006|450.006
89|450.004|450.004
90|450.004|450.004
91|449.828|449.828
92|449.754|449.754
93|449.749|449.749
94|449.749|449.749
95|449.749|449.749
96|432.303|432.303
97|421.615|421.615
98|418.201|418.201
99|416.932|416.932
100|416.326|416.326
101|416.264|416.264
102|416.263|416.263
103|416.263|416.263
104|411.499|411.499
105|398.528|398.528
106|393.1|393.1
107|393.061|393.061
108|393.058|393.058
109|393.057|393.057
110|393.057|393.057
111|383.575|383.575
112|381.732|381.732
113|381.732|381.732
114|378.735|378.735
115|378.32|378.32
116|378.24|378.24
117|378.203|378.203
118|378.194|378.194
119|378.19|378.19
120|378.188|378.188
121|378.187|378.187
122|378.186|378.186
123|378.186|378.186
124|357.184|357.184
125|355.516|355.516
126|355.479|355.479
127|355.477|355.477
128|355.476|355.476
129|355.476|355.476
130|330.059|330.059
131|327.394|327.394
132|326.057|326.057
133|326.056|326.056
134|326.056|326.056
135|325.328|325.328
136|324.74|324.74
137|320.379|320.379
138|320.373|320.373
139|320.371|320.371
140|320.37|320.37
141|317.543|317.543
142|317.352|317.352
143|317.341|317.341
144|317.335|317.335
145|317.334|317.334
146|317.334|317.334
147|317.304|317.304
148|291.468|291.468
149|291.468|291.468
150|291.468|291.468
151|278.316|278.316
152|276.336|276.336
153|269.154|269.154
154|268.579|268.579
155|266.454|266.454
156|265.202|265.202
157|265.185|265.185
158|260.53|260.53
159|260.53|260.53
160|260.53|260.53
161|255.108|255.108
162|239.815|239.815
163|239.646|239.646
164|239.62|239.62
165|239.619|239.619
166|239.619|239.619
167|220.165|220.165
168|211.234|211.234
169|204.353|204.353
170|204.126|204.126
171|204.093|204.093
172|204.081|204.081
173|204.078|204.078
174|204.077|204.077
175|204.076|204.076
176|204.076|204.076
177|182.283|182.283
178|178.166|178.166
179|167.844|167.844
180|167.712|167.712
181|167.705|167.705
182|167.703|167.703
183|167.703|167.703
184|167.703|167.703
185|167.703|167.703
186|154.207|154.207
187|153.364|153.364
188|145.383|145.383
189|145.182|145.182
190|142.398|142.398
191|142.325|142.325
192|141.881|141.881
193|136.1|136.1
194|136.007|136.007
195|136.006|136.006
196|136.006|136.006
197|136.006|136.006
198|122.033|122.033
199|120.558|120.558
200|120.269|120.269
201|120.235|120.235
202|120.218|120.218
203|120.21|120.21
204|120.208|120.208
205|120.207|120.207
206|99.9789|99.9789
207|99.9003|99.9003
208|99.8755|99.8755
209|99.8668|99.8668
210|99.8634|99.8634
211|99.8619|99.8619
212|99.8612|99.8612
213|99.8609|99.8609
214|99.8607|99.8607
215|99.8606|99.8606
216|99.8606|99.8606
217|90.6212|90.6212
218|90.6187|90.6187
219|90.6184|90.6184
220|90.6184|90.6184
221|69.1623|69.1623
222|67.663|67.663
223|67.6512|67.6512
224|67.649|67.649
225|67.6488|67.6488
226|67.6488|67.6488
227|67.6488|67.6488
228|67.6488|67.6488
229|67.6488|67.6488
230|67.6488|67.6488
231|67.6488|67.6488
232|67.6488|67.6488
233|67.6488|67.6488
234|67.6488|67.6488
235|67.6488|67.6488
236|67.6488|67.6488
237|67.6488|67.6488
238|67.6488|67.6488
239|67.6488|67.6488
240|67.6488|67.6488
241|67.6488|67.6488
242|67.6488|67.6488
243|67.6488|67.6488
244|67.6488|67.6488
245|67.6488|67.6488
246|67.6488|67.6488
247|67.6488|67.6488
248|67.6488|67.6488
249|67.6488|67.6488
250|67.6488|67.6488
251|67.6488|67.6488
252|67.6488|67.6488
253|67.6488|67.6488
254|67.6488|67.6488
255|67.6488|67.6488
256|67.6488|67.6488
257|67.6488|67.6488
258|67.6488|67.6488
259|67.6488|67.6488
260|67.6488|67.6488
261|67.6488|67.6488
262|67.6488|67.6488
263|67.6488|67.6488
264|67.6488|67.6488
265|67.6488|67.6488
266|67.6488|67.6488
267|67.6488|67.6488
268|67.6488|67.6488
269|67.6488|67.6488
270|67.6488|67.6488
271|67.6488|67.6488
272|67.6488|67.6488
273|67.6488|67.6488
274|67.6488|67.6488
275|67.6488|67.6488
276|67.6488|67.6488
277|67.6488|67.6488
278|67.6488|67.6488
279|67.6488|67.6488
280|67.6488|67.6488
281|67.6488|67.6488
282|67.6488|67.6488
283|67.6488|67.6488
284|67.6488|67.6488
285|67.6488|67.6488
286|67.6488|67.6488
287|67.6488|67.6488
288|67.6488|67.6488
289|67.6488|67.6488
290|67.6488|67.6488
291|67.6488|67.6488
292|67.6488|67.6488
293|67.6488|67.6488
294|67.6488|67.6488
295|67.6488|67.6488
296|67.6488|67.6488
297|67.6488|67.6488
298|67.6488|67.6488
299|67.6488|67.6488
300|67.6488|67.6488
301|67.6488|67.6488
302|67.6488|67.6488
303|67.6488|67.6488
304|67.6488|67.6488
305|67.6488|67.6488
306|67.6488|67.6488
307|67.6488|67.6488
308|67.6488|67.6488
309|67.6488|67.6488
310|67.6488|67.6488
311|67.6488|67.6488
312|67.6488|67.6488
313|67.6488|67.6488
314|67.6488|67.6488
315|67.6488|67.6488
316|67.6488|67.6488
317|67.6488|67.6488
318|67.6488|67.6488
319|67.6488|67.6488
320|67.6488|67.6488
321|67.6488|67.6488
322|67.6488|67.6488
323|67.6488|67.6488
324|67.6488|67.6488
325|67.6488|67.6488
326|67.6488|67.6488
327|67.6488|67.6488
328|67.6488|67.6488
329|67.6488|67.6488
330|67.6488|67.6488
331|67.6488|67.6488
332|67.6488|67.6488
333|67.6488|67.6488
334|67.6488|67.6488
335|67.6488|67.6488
336|67.6488|67.6488
337|67.6488|67.6488
338|67.6488|67.6488
339|67.6488|67.6488
340|67.6488|67.6488
341|67.6488|67.6488
342|67.6488|67.6488
343|67.6488|67.6488
344|67.6488|67.6488
345|67.6488|67.6488
346|67.6488|67.6488
347|67.6488|67.6488
348|67.6488|67.6488
349|67.6488|67.6488
350|67.6488|67.6488
351|67.6488|67.6488
352|67.6488|67.6488
353|67.6488|67.6488
354|67.6488|67.6488
355|67.6488|67.6488
356|67.6488|67.6488
357|67.6488|67.6488
358|67.6488|67.6488
359|67.6488|67.6488
360|67.6488|67.6488
361|67.6488|67.6488
362|67.6488|67.6488
363|67.6488|67.6488
364|67.6488|67.6488
365|67.6488|67.6488
366|67.6488|67.6488
367|67.6488|67.6488
368|67.6488|67.6488
369|67.6488|67.6488
370|67.6488|67.6488
371|67.6488|67.6488
372|67.6488|67.6488
373|67.6488|67.6488
374|67.6488|67.6488
375|67.6488|67.6488
376|67.6488|67.6488
EARLY STOP: TARGET FOUND
3029305ms
