1|-0.458345|-0.458345
2|-0.478862|-0.478862
3|-0.489122|-0.489122
4|-0.490404|-0.490404
5|-0.491045|-0.491045
6|-0.491205|-0.491205
7|-0.491286|-0.491286
8|-0.491306|-0.491306
9|-0.86618|-0.86618
10|-0.877351|-0.877351
11|-0.900867|-0.900867
12|-0.901138|-0.901138
13|-0.901186|-0.901186
14|-0.901187|-0.901187
15|-0.901188|-0.901188
16|-1.33108|-1.33108
17|-1.5066|-1.5066
18|-1.84577|-1.84577
19|-1.8512|-1.8512
20|-1.8515|-1.8515
21|-1.85151|-1.85151
22|-1.85151|-1.85151
23|-1.85151|-1.85151
24|-2.63391|-2.63391
25|-2.68953|-2.68953
26|-2.76979|-2.76979
27|-2.77287|-2.77287
28|-2.77324|-2.77324
29|-2.77329|-2.77329
30|-2.77331|-2.77331
31|-2.80144|-2.80144
32|-3.56917|-3.56917
33|-3.62445|-3.62445
34|-3.73193|-3.73193
35|-3.75726|-3.75726
36|-3.76023|-3.76023
37|-3.76037|-3.76037
38|-3.76038|-3.76038
39|-3.76038|-3.76038
40|-3.76038|-3.76038
41|-3.76038|-3.76038
42|-3.76038|-3.76038
43|-3.76038|-3.76038
44|-3.76038|-3.76038
45|-3.76038|-3.76038
46|-3.76038|-3.76038
47|-3.76038|-3.76038
48|-3.76038|-3.76038
49|-3.76038|-3.76038
50|-3.76038|-3.76038
51|-3.76038|-3.76038
52|-3.76038|-3.76038
53|-3.76038|-3.76038
54|-3.76038|-3.76038
55|-3.76038|-3.76038
56|-3.76038|-3.76038
57|-3.76038|-3.76038
58|-3.76038|-3.76038
59|-3.76038|-3.76038
60|-3.76038|-3.76038
61|-3.76038|-3.76038
62|-3.76038|-3.76038
63|-3.76038|-3.76038
64|-3.76038|-3.76038
65|-3.76038|-3.76038
66|-3.76038|-3.76038
67|-3.76038|-3.76038
68|-3.76038|-3.76038
69|-3.76038|-3.76038
70|-3.76038|-3.76038
71|-3.76038|-3.76038
72|-3.76038|-3.76038
73|-3.76038|-3.76038
74|-3.76038|-3.76038
75|-3.76038|-3.76038
76|-3.76038|-3.76038
77|-3.76038|-3.76038
78|-3.76038|-3.76038
79|-3.76038|-3.76038
80|-3.76038|-3.76038
81|-3.76038|-3.76038
82|-3.76038|-3.76038
83|-3.76038|-3.76038
84|-3.76038|-3.76038
85|-3.76038|-3.76038
86|-3.76038|-3.76038
87|-3.76038|-3.76038
88|-3.76038|-3.76038
89|-3.76038|-3.76038
90|-3.76038|-3.76038
91|-3.76038|-3.76038
92|-3.76038|-3.76038
93|-3.76038|-3.76038
94|-3.76038|-3.76038
95|-3.76038|-3.76038
96|-3.76038|-3.76038
97|-3.76038|-3.76038
98|-3.76038|-3.76038
99|-3.76038|-3.76038
100|-3.76038|-3.76038
101|-3.76038|-3.76038
102|-3.76038|-3.76038
103|-3.76038|-3.76038
104|-3.76038|-3.76038
105|-3.76038|-3.76038
106|-3.76038|-3.76038
107|-3.76038|-3.76038
108|-3.76038|-3.76038
109|-3.76038|-3.76038
110|-3.76038|-3.76038
111|-3.76038|-3.76038
112|-3.76038|-3.76038
113|-3.76038|-3.76038
114|-3.76038|-3.76038
115|-3.76038|-3.76038
116|-3.76038|-3.76038
117|-3.76038|-3.76038
118|-3.76038|-3.76038
119|-3.76038|-3.76038
120|-3.76038|-3.76038
121|-3.76038|-3.76038
122|-3.76038|-3.76038
123|-3.76038|-3.76038
124|-3.76038|-3.76038
125|-3.76038|-3.76038
126|-3.76038|-3.76038
127|-3.76038|-3.76038
128|-3.76038|-3.76038
129|-3.76038|-3.76038
130|-3.76038|-3.76038
131|-3.76038|-3.76038
132|-3.76038|-3.76038
133|-3.76038|-3.76038
134|-3.76038|-3.76038
135|-3.76038|-3.76038
136|-3.76038|-3.76038
137|-3.76038|-3.76038
138|-3.76038|-3.76038
139|-3.76038|-3.76038
140|-3.76038|-3.76038
141|-3.76038|-3.76038
142|-3.76038|-3.76038
143|-3.76038|-3.76038
144|-3.76038|-3.76038
145|-3.76038|-3.76038
146|-3.76038|-3.76038
147|-3.76038|-3.76038
148|-3.76038|-3.76038
149|-3.76038|-3.76038
150|-3.76038|-3.76038
151|-3.76038|-3.76038
152|-3.76038|-3.76038
153|-3.76038|-3.76038
154|-3.76038|-3.76038
155|-3.76038|-3.76038
156|-3.76038|-3.76038
157|-3.76038|-3.76038
158|-3.76038|-3.76038
159|-3.76038|-3.76038
160|-3.76038|-3.76038
161|-3.76038|-3.76038
162|-3.76038|-3.76038
163|-3.76038|-3.76038
164|-3.76038|-3.76038
165|-3.76038|-3.76038
166|-3.76038|-3.76038
167|-3.76038|-3.76038
168|-3.76038|-3.76038
169|-3.76038|-3.76038
170|-3.76038|-3.76038
171|-3.76038|-3.76038
172|-3.76038|-3.76038
173|-3.76038|-3.76038
174|-3.76038|-3.76038
175|-3.76038|-3.76038
176|-3.76038|-3.76038
177|-3.76038|-3.76038
178|-3.76038|-3.76038
179|-3.76038|-3.76038
180|-3.76038|-3.76038
181|-3.76038|-3.76038
182|-3.76038|-3.76038
183|-3.76038|-3.76038
184|-3.76038|-3.76038
185|-3.76038|-3.76038
186|-3.76038|-3.76038
187|-3.76038|-3.76038
188|-3.76038|-3.76038
EARLY STOP: TARGET FOUND
65856ms
