1|-2.36692|-2.36692
2|-2.36749|-2.36749
3|-2.36755|-2.36755
4|-2.36756|-2.36756
5|-2.36757|-2.36757
6|-2.36757|-2.36757
7|-2.36757|-2.36757
8|-2.37997|-2.37997
9|-2.38124|-2.38124
10|-2.38234|-2.38234
11|-2.38247|-2.38247
12|-2.38251|-2.38251
13|-2.38253|-2.38253
14|-2.38253|-2.38253
15|-2.38253|-2.38253
16|-2.38254|-2.38254
17|-2.38254|-2.38254
18|-2.75582|-2.75582
19|-3.02221|-3.02221
20|-3.30656|-3.30656
21|-3.32058|-3.32058
22|-3.32238|-3.32238
23|-3.32279|-3.32279
24|-3.32296|-3.32296
25|-3.323|-3.323
26|-3.32302|-3.32302
27|-3.32302|-3.32302
28|-3.56974|-3.56974
29|-3.74141|-3.74141
30|-3.77657|-3.77657
31|-3.79456|-3.79456
32|-3.79675|-3.79675
33|-3.79675|-3.79675
34|-3.79675|-3.79675
35|-3.79697|-3.79697
36|-4.07185|-4.07185
37|-4.14607|-4.14607
38|-4.6272|-4.6272
39|-4.6351|-4.6351
40|-4.6355|-4.6355
41|-4.63555|-4.63555
42|-5.00945|-5.00945
43|-5.12525|-5.12525
44|-5.14803|-5.14803
45|-5.14959|-5.14959
46|-5.14972|-5.14972
47|-5.14974|-5.14974
48|-5.14974|-5.14974
49|-5.14974|-5.14974
50|-5.1498|-5.1498
51|-6.11251|-6.11251
52|-6.12226|-6.12226
53|-6.12441|-6.12441
54|-6.12544|-6.12544
55|-6.12595|-6.12595
56|-6.1262|-6.1262
57|-6.12633|-6.12633
58|-6.12639|-6.12639
59|-6.32667|-6.32667
60|-6.65452|-6.65452
61|-6.79503|-6.79503
62|-6.82942|-6.82942
63|-6.83305|-6.83305
64|-6.83356|-6.83356
65|-6.83359|-6.83359
66|-6.83361|-6.83361
67|-6.83362|-6.83362
68|-7.31367|-7.31367
69|-7.81574|-7.81574
70|-7.82922|-7.82922
71|-7.82969|-7.82969
72|-7.82998|-7.82998
73|-8.39181|-8.39181
74|-8.41776|-8.41776
75|-8.42837|-8.42837
76|-8.43306|-8.43306
77|-8.43524|-8.43524
78|-8.43629|-8.43629
79|-8.43681|-8.43681
80|-8.43707|-8.43707
81|-8.43719|-8.43719
82|-8.43725|-8.43725
83|-8.63569|-8.63569
84|-9.01401|-9.01401
85|-9.04349|-9.04349
86|-9.04456|-9.04456
87|-9.04508|-9.04508
88|-9.04534|-9.04534
89|-9.04547|-9.04547
90|-9.04548|-9.04548
91|-9.81197|-9.81197
92|-9.96988|-9.96988
93|-9.98345|-9.98345
94|-9.98382|-9.98382
95|-9.98382|-9.98382
96|-9.98383|-9.98383
97|-10.1252|-10.1252
98|-10.1959|-10.1959
99|-10.253|-10.253
100|-10.2551|-10.2551
101|-10.2553|-10.2553
102|-10.2554|-10.2554
103|-10.3935|-10.3935
104|-10.4262|-10.4262
105|-10.5064|-10.5064
106|-10.7976|-10.7976
107|-11.1099|-11.1099
108|-11.1106|-11.1106
109|-11.1107|-11.1107
110|-11.1108|-11.1108
111|-11.1108|-11.1108
112|-11.5199|-11.5199
113|-11.5999|-11.5999
114|-11.5999|-11.5999
115|-11.6018|-11.6018
116|-11.7638|-11.7638
117|-11.7744|-11.7744
118|-11.7785|-11.7785
119|-11.7789|-11.7789
120|-11.7792|-11.7792
121|-11.7792|-11.7792
122|-11.7792|-11.7792
123|-12.0583|-12.0583
124|-12.2879|-12.2879
125|-12.2933|-12.2933
126|-12.2933|-12.2933
127|-12.2933|-12.2933
128|-12.651|-12.651
129|-12.9236|-12.9236
130|-12.9267|-12.9267
131|-12.9271|-12.9271
132|-12.9445|-12.9445
133|-13.4919|-13.4919
134|-13.7979|-13.7979
135|-13.8466|-13.8466
136|-13.8466|-13.8466
137|-13.8466|-13.8466
138|-14.421|-14.421
139|-14.5298|-14.5298
140|-14.596|-14.596
141|-14.6048|-14.6048
142|-14.6048|-14.6048
143|-14.7208|-14.7208
144|-15.2528|-15.2528
145|-15.2613|-15.2613
146|-15.2625|-15.2625
147|-15.2625|-15.2625
148|-15.2625|-15.2625
149|-15.5794|-15.5794
150|-16.1291|-16.1291
151|-16.1396|-16.1396
152|-16.1409|-16.1409
153|-16.141|-16.141
154|-16.141|-16.141
155|-16.409|-16.409
156|-16.9215|-16.9215
157|-16.9939|-16.9939
158|-17.029|-17.029
159|-17.033|-17.033
160|-17.033|-17.033
161|-17.033|-17.033
162|-17.033|-17.033
163|-17.2332|-17.2332
164|-17.7065|-17.7065
165|-17.7249|-17.7249
166|-17.7266|-17.7266
167|-17.7268|-17.7268
168|-17.7269|-17.7269
169|-17.727|-17.727
170|-17.727|-17.727
171|-17.727|-17.727
172|-17.7371|-17.7371
173|-18.4138|-18.4138
174|-18.4196|-18.4196
175|-18.42|-18.42
176|-18.42|-18.42
177|-18.42|-18.42
178|-18.4205|-18.4205
179|-18.4741|-18.4741
180|-19.0308|-19.0308
181|-19.0544|-19.0544
182|-19.0646|-19.0646
183|-19.067|-19.067
184|-19.0676|-19.0676
185|-19.0679|-19.0679
186|-19.0681|-19.0681
187|-19.0681|-19.0681
188|-19.3692|-19.3692
189|-20.0632|-20.0632
190|-20.0638|-20.0638
191|-20.0668|-20.0668
192|-20.0672|-20.0672
193|-20.0673|-20.0673
194|-20.0673|-20.0673
195|-20.0673|-20.0673
196|-20.785|-20.785
197|-20.7956|-20.7956
198|-20.8313|-20.8313
199|-20.8478|-20.8478
200|-20.8557|-20.8557
201|-20.8596|-20.8596
202|-20.8605|-20.8605
203|-20.861|-20.861
204|-20.8612|-20.8612
205|-20.8627|-20.8627
206|-20.8642|-20.8642
207|-21.0637|-21.0637
208|-21.5205|-21.5205
209|-21.656|-21.656
210|-21.6568|-21.6568
211|-21.6569|-21.6569
212|-21.6569|-21.6569
213|-21.6569|-21.6569
214|-21.665|-21.665
215|-22.1769|-22.1769
216|-22.2077|-22.2077
217|-22.2114|-22.2114
218|-22.2131|-22.2131
219|-22.214|-22.214
220|-22.2145|-22.2145
221|-22.2147|-22.2147
222|-22.2148|-22.2148
223|-22.2148|-22.2148
224|-22.2148|-22.2148
225|-22.2148|-22.2148
226|-22.2148|-22.2148
227|-22.2148|-22.2148
228|-22.2148|-22.2148
229|-22.2148|-22.2148
230|-22.2148|-22.2148
231|-22.2148|-22.2148
232|-22.2148|-22.2148
233|-22.2148|-22.2148
234|-22.2148|-22.2148
235|-22.2148|-22.2148
236|-22.2148|-22.2148
237|-22.2148|-22.2148
238|-22.2148|-22.2148
239|-22.2148|-22.2148
240|-22.2148|-22.2148
241|-22.2148|-22.2148
242|-22.2148|-22.2148
243|-22.2148|-22.2148
244|-22.2148|-22.2148
245|-22.2148|-22.2148
246|-22.2148|-22.2148
247|-22.2148|-22.2148
248|-22.2148|-22.2148
249|-22.2148|-22.2148
250|-22.2148|-22.2148
251|-22.2148|-22.2148
252|-22.2148|-22.2148
253|-22.2148|-22.2148
254|-22.2148|-22.2148
255|-22.2148|-22.2148
256|-22.2148|-22.2148
257|-22.2148|-22.2148
258|-22.2148|-22.2148
259|-22.2148|-22.2148
260|-22.2148|-22.2148
261|-22.2148|-22.2148
262|-22.2148|-22.2148
263|-22.2148|-22.2148
264|-22.2148|-22.2148
265|-22.2148|-22.2148
266|-22.2148|-22.2148
267|-22.2148|-22.2148
268|-22.2148|-22.2148
269|-22.2148|-22.2148
270|-22.2148|-22.2148
271|-22.2148|-22.2148
272|-22.2148|-22.2148
273|-22.2148|-22.2148
274|-22.2148|-22.2148
275|-22.2148|-22.2148
276|-22.2148|-22.2148
277|-22.2148|-22.2148
278|-22.2148|-22.2148
279|-22.2148|-22.2148
280|-22.2148|-22.2148
281|-22.2148|-22.2148
282|-22.2148|-22.2148
283|-22.2148|-22.2148
284|-22.2148|-22.2148
285|-22.2148|-22.2148
286|-22.2148|-22.2148
287|-22.2148|-22.2148
288|-22.2148|-22.2148
289|-22.2148|-22.2148
290|-22.2148|-22.2148
291|-22.2148|-22.2148
292|-22.2148|-22.2148
293|-22.2148|-22.2148
294|-22.2148|-22.2148
295|-22.2148|-22.2148
296|-22.2148|-22.2148
297|-22.2148|-22.2148
298|-22.2148|-22.2148
299|-22.2148|-22.2148
300|-22.2148|-22.2148
301|-22.2148|-22.2148
302|-22.2148|-22.2148
303|-22.2148|-22.2148
304|-22.2148|-22.2148
305|-22.2148|-22.2148
306|-22.2148|-22.2148
307|-22.2148|-22.2148
308|-22.2148|-22.2148
309|-22.2148|-22.2148
310|-22.2148|-22.2148
311|-22.2148|-22.2148
312|-22.2148|-22.2148
313|-22.2148|-22.2148
314|-22.2148|-22.2148
315|-22.2148|-22.2148
316|-22.2148|-22.2148
317|-22.2148|-22.2148
318|-22.2148|-22.2148
319|-22.2148|-22.2148
320|-22.2148|-22.2148
321|-22.2148|-22.2148
322|-22.2148|-22.2148
323|-22.2148|-22.2148
324|-22.2148|-22.2148
325|-22.2148|-22.2148
326|-22.2148|-22.2148
327|-22.2148|-22.2148
328|-22.2148|-22.2148
329|-22.2148|-22.2148
330|-22.2148|-22.2148
331|-22.2148|-22.2148
332|-22.2148|-22.2148
333|-22.2148|-22.2148
334|-22.2148|-22.2148
335|-22.2148|-22.2148
336|-22.2148|-22.2148
337|-22.2148|-22.2148
338|-22.2148|-22.2148
339|-22.2148|-22.2148
340|-22.2148|-22.2148
341|-22.2148|-22.2148
342|-22.2148|-22.2148
343|-22.2148|-22.2148
344|-22.2148|-22.2148
345|-22.2148|-22.2148
346|-22.2148|-22.2148
347|-22.2148|-22.2148
348|-22.2148|-22.2148
349|-22.2148|-22.2148
350|-22.2148|-22.2148
351|-22.2148|-22.2148
352|-22.2148|-22.2148
353|-22.2148|-22.2148
354|-22.2148|-22.2148
355|-22.2148|-22.2148
356|-22.2148|-22.2148
357|-22.2148|-22.2148
358|-22.2148|-22.2148
359|-22.2148|-22.2148
360|-22.2148|-22.2148
361|-22.2148|-22.2148
362|-22.2148|-22.2148
363|-22.2148|-22.2148
364|-22.2148|-22.2148
365|-22.2148|-22.2148
366|-22.2148|-22.2148
367|-22.2148|-22.2148
368|-22.2148|-22.2148
369|-22.2148|-22.2148
370|-22.2148|-22.2148
371|-22.2148|-22.2148
372|-22.2148|-22.2148
EARLY STOP: TARGET FOUND
2939366ms
