1|97.29|97.29
2|97.1602|97.1602
3|97.1584|97.1584
4|97.1584|97.1584
5|89.5167|89.5167
6|86.512|86.512
7|86.2728|86.2728
8|86.23|86.23
9|86.2273|86.2273
10|86.2271|86.2271
11|86.2271|86.2271
12|81.2859|81.2859
13|77.606|77.606
14|77.606|77.606
15|76.9948|76.9948
16|76.976|76.976
17|76.9715|76.9715
18|76.9704|76.9704
19|76.9701|76.9701
20|76.9701|76.9701
21|76.97|76.97
22|53.3553|53.3553
23|53.2997|53.2997
24|53.2911|53.2911
25|53.2909|53.2909
26|53.2909|53.2909
27|53.2909|53.2909
28|53.2909|53.2909
29|51.1426|51.1426
30|51.1425|51.1425
31|51.1044|51.1044
32|51.1032|51.1032
33|51.103|51.103
34|51.1029|51.1029
35|51.1029|51.1029
36|51.1029|51.1029
37|48.0703|48.0703
38|43.9132|43.9132
39|43.0635|43.0635
40|43.0635|43.0635
41|42.9458|42.9458
42|42.9453|42.9453
43|42.9453|42.9453
44|36.253|36.253
45|33.0109|33.0109
46|33.0109|33.0109
47|32.7123|32.7123
48|32.6399|32.6399
49|32.6228|32.6228
50|32.6191|32.6191
51|32.6185|32.6185
52|32.6184|32.6184
53|32.6184|32.6184
54|28.24|28.24
55|24.4194|24.4194
56|23.7379|23.7379
57|23.6955|23.6955
58|23.6929|23.6929
59|23.6928|23.6928
60|23.6928|23.6928
61|23.6928|23.6928
62|1.15936|1.15936
63|1.15936|1.15936
64|1.15936|1.15936
65|1.0317|1.0317
66|1.03052|1.03052
67|1.03023|1.03023
68|1.03016|1.03016
69|1.03016|1.03016
70|1.03014|1.03014
71|1.03014|1.03014
72|1.03014|1.03014
73|1.03014|1.03014
74|1.03014|1.03014
75|0.140593|0.140593
76|0.140592|0.140592
77|0.140592|0.140592
78|0.140592|0.140592
79|0.140592|0.140592
80|0.140592|0.140592
81|0.140592|0.140592
82|0.140592|0.140592
83|0.140592|0.140592
84|0.00302021|0.00302021
EARLY STOP: TARGET FOUND
53454ms
