1|-175.35|-175.35
2|-336.923|-336.923
3|-430.214|-430.214
4|-430.987|-430.987
5|-431.351|-431.351
6|-431.528|-431.528
7|-431.571|-431.571
8|-431.593|-431.593
9|-431.604|-431.604
10|-431.607|-431.607
11|-431.608|-431.608
12|-431.609|-431.609
13|-431.609|-431.609
14|-496.481|-496.481
15|-818.929|-818.929
16|-829.773|-829.773
17|-941.713|-941.713
18|-941.726|-941.726
19|-941.745|-941.745
20|-941.75|-941.75
21|-971.06|-971.06
22|-973.696|-973.696
23|-974.319|-974.319
24|-974.395|-974.395
25|-974.398|-974.398
26|-974.398|-974.398
27|-974.399|-974.399
28|-974.399|-974.399
29|-985.64|-985.64
30|-1158|-1158
31|-1163.28|-1163.28
32|-1165.92|-1165.92
33|-1167.24|-1167.24
34|-1167.9|-1167.9
35|-1168.23|-1168.23
36|-1168.27|-1168.27
37|-1168.27|-1168.27
38|-1168.27|-1168.27
39|-1188.16|-1188.16
40|-1308.03|-1308.03
41|-1417.77|-1417.77
42|-1477.17|-1477.17
43|-1484.6|-1484.6
44|-1484.6|-1484.6
45|-1484.6|-1484.6
46|-1484.6|-1484.6
47|-1484.6|-1484.6
48|-1484.6|-1484.6
49|-1484.6|-1484.6
50|-1484.6|-1484.6
51|-1484.6|-1484.6
52|-1484.6|-1484.6
53|-1484.6|-1484.6
54|-1484.6|-1484.6
55|-1484.6|-1484.6
56|-1484.6|-1484.6
57|-1484.6|-1484.6
58|-1484.6|-1484.6
59|-1484.6|-1484.6
60|-1484.6|-1484.6
61|-1484.6|-1484.6
62|-1484.6|-1484.6
63|-1484.6|-1484.6
64|-1484.6|-1484.6
65|-1484.6|-1484.6
66|-1484.6|-1484.6
67|-1484.6|-1484.6
68|-1484.6|-1484.6
69|-1484.6|-1484.6
70|-1484.6|-1484.6
71|-1484.6|-1484.6
72|-1484.6|-1484.6
73|-1484.6|-1484.6
74|-1484.6|-1484.6
75|-1484.6|-1484.6
76|-1484.6|-1484.6
77|-1484.6|-1484.6
78|-1484.6|-1484.6
79|-1484.6|-1484.6
80|-1484.6|-1484.6
81|-1484.6|-1484.6
82|-1484.6|-1484.6
83|-1484.6|-1484.6
84|-1484.6|-1484.6
85|-1484.6|-1484.6
86|-1484.6|-1484.6
87|-1484.6|-1484.6
88|-1484.6|-1484.6
89|-1484.6|-1484.6
90|-1484.6|-1484.6
91|-1484.6|-1484.6
92|-1484.6|-1484.6
93|-1484.6|-1484.6
94|-1484.6|-1484.6
95|-1484.6|-1484.6
96|-1484.6|-1484.6
97|-1484.6|-1484.6
98|-1484.6|-1484.6
99|-1484.6|-1484.6
100|-1484.6|-1484.6
101|-1484.6|-1484.6
102|-1484.6|-1484.6
103|-1484.6|-1484.6
104|-1484.6|-1484.6
105|-1484.6|-1484.6
106|-1484.6|-1484.6
107|-1484.6|-1484.6
108|-1484.6|-1484.6
109|-1484.6|-1484.6
110|-1484.6|-1484.6
111|-1484.6|-1484.6
112|-1484.6|-1484.6
113|-1484.6|-1484.6
114|-1484.6|-1484.6
115|-1484.6|-1484.6
116|-1484.6|-1484.6
117|-1484.6|-1484.6
118|-1484.6|-1484.6
119|-1484.6|-1484.6
120|-1484.6|-1484.6
121|-1484.6|-1484.6
122|-1484.6|-1484.6
123|-1484.6|-1484.6
124|-1484.6|-1484.6
125|-1484.6|-1484.6
126|-1484.6|-1484.6
127|-1484.6|-1484.6
128|-1484.6|-1484.6
129|-1484.6|-1484.6
130|-1484.6|-1484.6
131|-1484.6|-1484.6
132|-1484.6|-1484.6
133|-1484.6|-1484.6
134|-1484.6|-1484.6
135|-1484.6|-1484.6
136|-1484.6|-1484.6
137|-1484.6|-1484.6
138|-1484.6|-1484.6
139|-1484.6|-1484.6
140|-1484.6|-1484.6
141|-1484.6|-1484.6
142|-1484.6|-1484.6
143|-1484.6|-1484.6
144|-1484.6|-1484.6
145|-1484.6|-1484.6
146|-1484.6|-1484.6
147|-1484.6|-1484.6
148|-1484.6|-1484.6
149|-1484.6|-1484.6
150|-1484.6|-1484.6
151|-1484.6|-1484.6
152|-1484.6|-1484.6
153|-1484.6|-1484.6
154|-1484.6|-1484.6
155|-1484.6|-1484.6
156|-1484.6|-1484.6
157|-1484.6|-1484.6
158|-1484.6|-1484.6
159|-1484.6|-1484.6
160|-1484.6|-1484.6
161|-1484.6|-1484.6
162|-1484.6|-1484.6
163|-1484.6|-1484.6
164|-1484.6|-1484.6
165|-1484.6|-1484.6
166|-1484.6|-1484.6
167|-1484.6|-1484.6
168|-1484.6|-1484.6
169|-1484.6|-1484.6
170|-1484.6|-1484.6
171|-1484.6|-1484.6
172|-1484.6|-1484.6
173|-1484.6|-1484.6
174|-1484.6|-1484.6
175|-1484.6|-1484.6
176|-1484.6|-1484.6
177|-1484.6|-1484.6
178|-1484.6|-1484.6
179|-1484.6|-1484.6
180|-1484.6|-1484.6
181|-1484.6|-1484.6
182|-1484.6|-1484.6
183|-1484.6|-1484.6
184|-1484.6|-1484.6
185|-1484.6|-1484.6
186|-1484.6|-1484.6
187|-1484.6|-1484.6
188|-1484.6|-1484.6
189|-1484.6|-1484.6
190|-1484.6|-1484.6
191|-1484.6|-1484.6
192|-1484.6|-1484.6
193|-1484.6|-1484.6
194|-1484.6|-1484.6
195|-1484.6|-1484.6
196|-1484.6|-1484.6
EARLY STOP: TARGET FOUND
95303ms
