1|-1.82142|-1.82142
2|-1.98078|-1.98078
3|-1.98591|-1.98591
4|-1.98719|-1.98719
5|-1.98784|-1.98784
6|-1.988|-1.988
7|-1.98804|-1.98804
8|-2.98221|-2.98221
9|-2.98662|-2.98662
10|-2.98771|-2.98771
11|-2.98797|-2.98797
12|-2.98802|-2.98802
13|-2.98803|-2.98803
14|-2.98804|-2.98804
15|-2.98804|-2.98804
16|-3.11948|-3.11948
17|-3.2975|-3.2975
18|-3.42444|-3.42444
19|-3.45929|-3.45929
20|-3.47706|-3.47706
21|-3.48603|-3.48603
22|-3.49053|-3.49053
23|-3.49067|-3.49067
24|-3.49074|-3.49074
25|-4.05421|-4.05421
26|-4.05451|-4.05451
27|-4.05454|-4.05454
28|-4.05455|-4.05455
29|-4.05455|-4.05455
30|-4.05456|-4.05456
31|-4.40154|-4.40154
32|-4.40154|-4.40154
33|-4.72397|-4.72397
34|-4.84805|-4.84805
35|-4.84805|-4.84805
36|-4.86806|-4.86806
37|-4.87221|-4.87221
38|-4.87416|-4.87416
39|-4.87463|-4.87463
40|-4.87475|-4.87475
41|-4.87481|-4.87481
42|-4.87482|-4.87482
43|-4.93355|-4.93355
44|-5.6481|-5.6481
45|-5.86318|-5.86318
46|-5.86411|-5.86411
47|-5.86411|-5.86411
48|-6.09983|-6.09983
49|-6.21593|-6.21593
50|-6.27028|-6.27028
51|-6.29659|-6.29659
52|-6.30301|-6.30301
53|-6.30461|-6.30461
54|-6.3054|-6.3054
55|-6.3056|-6.3056
56|-6.3057|-6.3057
57|-6.51854|-6.51854
58|-6.56068|-6.56068
59|-6.57022|-6.57022
60|-6.5708|-6.5708
61|-6.57109|-6.57109
62|-6.57124|-6.57124
63|-6.57131|-6.57131
64|-6.57867|-6.57867
65|-6.84621|-6.84621
66|-6.93132|-6.93132
67|-7.1375|-7.1375
68|-7.21055|-7.21055
69|-7.36382|-7.36382
70|-7.39823|-7.39823
71|-7.41459|-7.41459
72|-7.41858|-7.41858
73|-7.41957|-7.41957
74|-7.42007|-7.42007
75|-7.42031|-7.42031
76|-7.42044|-7.42044
77|-7.46181|-7.46181
78|-7.47086|-7.47086
79|-7.47518|-7.47518
80|-7.47624|-7.47624
81|-7.47676|-7.47676
82|-7.47703|-7.47703
83|-7.47716|-7.47716
84|-7.47722|-7.47722
85|-7.47722|-7.47722
86|-7.47722|-7.47722
87|-7.47722|-7.47722
88|-7.47722|-7.47722
89|-7.47722|-7.47722
90|-7.47722|-7.47722
91|-7.47722|-7.47722
92|-7.47722|-7.47722
93|-7.47722|-7.47722
94|-7.47722|-7.47722
95|-7.47722|-7.47722
96|-7.47722|-7.47722
97|-7.47722|-7.47722
98|-7.47722|-7.47722
99|-7.47722|-7.47722
100|-7.47722|-7.47722
101|-7.47722|-7.47722
102|-7.47722|-7.47722
103|-7.47722|-7.47722
104|-7.47722|-7.47722
105|-7.47722|-7.47722
106|-7.47722|-7.47722
107|-7.47722|-7.47722
108|-7.47722|-7.47722
109|-7.47722|-7.47722
110|-7.47722|-7.47722
111|-7.47722|-7.47722
112|-7.47722|-7.47722
113|-7.47722|-7.47722
114|-7.47722|-7.47722
115|-7.47722|-7.47722
116|-7.47722|-7.47722
117|-7.47722|-7.47722
118|-7.47722|-7.47722
119|-7.47722|-7.47722
120|-7.47722|-7.47722
121|-7.47722|-7.47722
122|-7.47722|-7.47722
123|-7.47722|-7.47722
124|-7.47722|-7.47722
125|-7.47722|-7.47722
126|-7.47722|-7.47722
127|-7.47722|-7.47722
128|-7.47722|-7.47722
129|-7.47722|-7.47722
130|-7.47722|-7.47722
131|-7.47722|-7.47722
132|-7.47722|-7.47722
133|-7.47722|-7.47722
134|-7.47722|-7.47722
135|-7.47722|-7.47722
136|-7.47722|-7.47722
137|-7.47722|-7.47722
138|-7.47722|-7.47722
139|-7.47722|-7.47722
140|-7.47722|-7.47722
141|-7.47722|-7.47722
142|-7.47722|-7.47722
143|-7.47722|-7.47722
144|-7.47722|-7.47722
145|-7.47722|-7.47722
146|-7.47722|-7.47722
147|-7.47722|-7.47722
148|-7.47722|-7.47722
149|-7.47722|-7.47722
150|-7.47722|-7.47722
151|-7.47722|-7.47722
152|-7.47722|-7.47722
153|-7.47722|-7.47722
154|-7.47722|-7.47722
155|-7.47722|-7.47722
156|-7.47722|-7.47722
157|-7.47722|-7.47722
158|-7.47722|-7.47722
159|-7.47722|-7.47722
160|-7.47722|-7.47722
161|-7.47722|-7.47722
162|-7.47722|-7.47722
163|-7.47722|-7.47722
164|-7.47722|-7.47722
165|-7.47722|-7.47722
166|-7.47722|-7.47722
167|-7.47722|-7.47722
168|-7.47722|-7.47722
169|-7.47722|-7.47722
170|-7.47722|-7.47722
171|-7.47722|-7.47722
172|-7.47722|-7.47722
173|-7.47722|-7.47722
174|-7.47722|-7.47722
175|-7.47722|-7.47722
176|-7.47722|-7.47722
177|-7.47722|-7.47722
178|-7.47722|-7.47722
179|-7.47722|-7.47722
180|-7.47722|-7.47722
181|-7.47722|-7.47722
182|-7.47722|-7.47722
183|-7.47722|-7.47722
184|-7.47722|-7.47722
185|-7.47722|-7.47722
186|-7.47722|-7.47722
187|-7.47722|-7.47722
188|-7.47722|-7.47722
189|-7.47722|-7.47722
190|-7.47722|-7.47722
191|-7.47722|-7.47722
192|-7.47722|-7.47722
193|-7.47722|-7.47722
194|-7.47722|-7.47722
195|-7.47722|-7.47722
196|-7.47722|-7.47722
197|-7.47722|-7.47722
198|-7.47722|-7.47722
199|-7.47722|-7.47722
200|-7.47722|-7.47722
201|-7.47722|-7.47722
202|-7.47722|-7.47722
203|-7.47722|-7.47722
204|-7.47722|-7.47722
205|-7.47722|-7.47722
206|-7.47722|-7.47722
207|-7.47722|-7.47722
208|-7.47722|-7.47722
209|-7.47722|-7.47722
210|-7.47722|-7.47722
211|-7.47722|-7.47722
212|-7.47722|-7.47722
213|-7.47722|-7.47722
214|-7.47722|-7.47722
215|-7.47722|-7.47722
216|-7.47722|-7.47722
217|-7.47722|-7.47722
218|-7.47722|-7.47722
219|-7.47722|-7.47722
220|-7.47722|-7.47722
221|-7.47722|-7.47722
222|-7.47722|-7.47722
223|-7.47722|-7.47722
224|-7.47722|-7.47722
225|-7.47722|-7.47722
226|-7.47722|-7.47722
227|-7.47722|-7.47722
228|-7.47722|-7.47722
229|-7.47722|-7.47722
230|-7.47722|-7.47722
231|-7.47722|-7.47722
232|-7.47722|-7.47722
233|-7.47722|-7.47722
234|-7.47722|-7.47722
EARLY STOP: TARGET FOUND
275726ms
