1|63.1701|63.1701
2|58.7236|58.7236
3|57.7292|57.7292
4|57.5391|57.5391
5|57.5236|57.5236
6|57.5207|57.5207
7|57.5204|57.5204
8|57.5204|57.5204
9|57.5204|57.5204
10|56.7455|56.7455
11|56.6798|56.6798
12|56.6662|56.6662
13|56.6662|56.6662
14|56.6641|56.6641
15|56.6641|56.6641
16|45.8841|45.8841
17|43.6639|43.6639
18|43.6168|43.6168
19|43.613|43.613
20|43.6123|43.6123
21|43.6123|43.6123
22|43.6123|43.6123
23|26.1008|26.1008
24|26.1008|26.1008
25|25.4225|25.4225
26|25.4225|25.4225
27|25.381|25.381
28|25.3786|25.3786
29|25.3785|25.3785
30|25.3785|25.3785
31|25.3785|25.3785
32|25.3785|25.3785
33|25.3785|25.3785
34|0.00677355|0.00677355
EARLY STOP: TARGET FOUND
5290ms
