1|55.8524|55.8524
2|16.3854|16.3854
3|15.8801|15.8801
4|15.6288|15.6288
5|15.5037|15.5037
6|15.4722|15.4722
7|15.4569|15.4569
8|15.4545|15.4545
9|-120.324|-120.324
10|-163.224|-163.224
11|-184.429|-184.429
12|-187.064|-187.064
13|-187.394|-187.394
14|-187.559|-187.559
15|-187.64|-187.64
16|-187.682|-187.682
17|-187.687|-187.687
18|-187.689|-187.689
19|-187.69|-187.69
20|-239.336|-239.336
21|-390.97|-390.97
22|-401.538|-401.538
23|-402.197|-402.197
24|-402.526|-402.526
25|-402.691|-402.691
26|-402.773|-402.773
27|-402.814|-402.814
28|-402.835|-402.835
29|-402.845|-402.845
30|-402.846|-402.846
31|-763.298|-763.298
32|-837.915|-837.915
33|-967.873|-967.873
34|-1001.72|-1001.72
35|-1007.96|-1007.96
36|-1010.72|-1010.72
37|-1012.02|-1012.02
38|-1012.65|-1012.65
39|-1012.8|-1012.8
40|-1012.88|-1012.88
41|-1012.89|-1012.89
42|-1012.89|-1012.89
43|-1012.9|-1012.9
44|-1012.9|-1012.9
45|-1012.9|-1012.9
46|-1012.9|-1012.9
47|-1019.06|-1019.06
48|-1132.21|-1132.21
49|-1283.14|-1283.14
50|-1331.38|-1331.38
51|-1333.38|-1333.38
52|-1333.7|-1333.7
53|-1333.78|-1333.78
54|-1333.81|-1333.81
55|-1333.83|-1333.83
56|-1333.84|-1333.84
57|-1333.84|-1333.84
58|-1333.84|-1333.84
59|-1333.84|-1333.84
60|-1333.84|-1333.84
61|-1333.84|-1333.84
62|-1333.84|-1333.84
63|-1333.84|-1333.84
64|-1333.84|-1333.84
65|-1333.84|-1333.84
66|-1333.84|-1333.84
67|-1333.84|-1333.84
68|-1333.84|-1333.84
69|-1333.84|-1333.84
70|-1333.84|-1333.84
71|-1333.84|-1333.84
72|-1333.84|-1333.84
73|-1333.84|-1333.84
74|-1333.84|-1333.84
75|-1333.84|-1333.84
76|-1333.84|-1333.84
77|-1333.84|-1333.84
78|-1333.84|-1333.84
79|-1333.84|-1333.84
80|-1333.84|-1333.84
81|-1333.84|-1333.84
82|-1333.84|-1333.84
83|-1333.84|-1333.84
84|-1333.84|-1333.84
85|-1333.84|-1333.84
86|-1333.84|-1333.84
87|-1333.84|-1333.84
88|-1333.84|-1333.84
89|-1333.84|-1333.84
90|-1333.84|-1333.84
91|-1333.84|-1333.84
92|-1333.84|-1333.84
93|-1333.84|-1333.84
94|-1333.84|-1333.84
95|-1333.84|-1333.84
96|-1333.84|-1333.84
97|-1333.84|-1333.84
98|-1333.84|-1333.84
99|-1333.84|-1333.84
100|-1333.84|-1333.84
101|-1333.84|-1333.84
102|-1333.84|-1333.84
103|-1333.84|-1333.84
104|-1333.84|-1333.84
105|-1333.84|-1333.84
106|-1333.84|-1333.84
107|-1333.84|-1333.84
108|-1333.84|-1333.84
109|-1333.84|-1333.84
110|-1333.84|-1333.84
111|-1333.84|-1333.84
112|-1333.84|-1333.84
113|-1333.84|-1333.84
114|-1333.84|-1333.84
115|-1333.84|-1333.84
116|-1333.84|-1333.84
117|-1333.84|-1333.84
118|-1333.84|-1333.84
119|-1333.84|-1333.84
120|-1333.84|-1333.84
121|-1333.84|-1333.84
122|-1333.84|-1333.84
123|-1333.84|-1333.84
124|-1333.84|-1333.84
125|-1333.84|-1333.84
126|-1333.84|-1333.84
127|-1333.84|-1333.84
128|-1333.84|-1333.84
129|-1333.84|-1333.84
130|-1333.84|-1333.84
131|-1333.84|-1333.84
132|-1333.84|-1333.84
133|-1333.84|-1333.84
134|-1333.84|-1333.84
135|-1333.84|-1333.84
136|-1333.84|-1333.84
137|-1333.84|-1333.84
138|-1333.84|-1333.84
139|-1333.84|-1333.84
140|-1333.84|-1333.84
141|-1333.84|-1333.84
142|-1333.84|-1333.84
143|-1333.84|-1333.84
144|-1333.84|-1333.84
145|-1333.84|-1333.84
146|-1333.84|-1333.84
147|-1333.84|-1333.84
148|-1333.84|-1333.84
149|-1333.84|-1333.84
150|-1333.84|-1333.84
151|-1333.84|-1333.84
152|-1333.84|-1333.84
153|-1333.84|-1333.84
154|-1333.84|-1333.84
155|-1333.84|-1333.84
156|-1333.84|-1333.84
157|-1333.84|-1333.84
158|-1333.84|-1333.84
159|-1333.84|-1333.84
160|-1333.84|-1333.84
161|-1333.84|-1333.84
162|-1333.84|-1333.84
163|-1333.84|-1333.84
164|-1333.84|-1333.84
165|-1333.84|-1333.84
166|-1333.84|-1333.84
167|-1333.84|-1333.84
168|-1333.84|-1333.84
169|-1333.84|-1333.84
170|-1333.84|-1333.84
171|-1333.84|-1333.84
172|-1333.84|-1333.84
173|-1333.84|-1333.84
174|-1333.84|-1333.84
175|-1333.84|-1333.84
176|-1333.84|-1333.84
177|-1333.84|-1333.84
178|-1333.84|-1333.84
179|-1333.84|-1333.84
180|-1333.84|-1333.84
181|-1333.84|-1333.84
182|-1333.84|-1333.84
183|-1333.84|-1333.84
184|-1333.84|-1333.84
185|-1333.84|-1333.84
186|-1333.84|-1333.84
187|-1333.84|-1333.84
188|-1333.84|-1333.84
189|-1333.84|-1333.84
190|-1333.84|-1333.84
191|-1333.84|-1333.84
192|-1333.84|-1333.84
193|-1333.84|-1333.84
194|-1333.84|-1333.84
195|-1333.84|-1333.84
196|-1333.84|-1333.84
197|-1333.84|-1333.84
198|-1333.84|-1333.84
199|-1333.84|-1333.84
200|-1333.84|-1333.84
201|-1333.84|-1333.84
202|-1333.84|-1333.84
203|-1333.84|-1333.84
204|-1333.84|-1333.84
205|-1333.84|-1333.84
206|-1333.84|-1333.84
207|-1333.84|-1333.84
208|-1333.84|-1333.84
209|-1333.84|-1333.84
210|-1333.84|-1333.84
EARLY STOP: TARGET FOUND
102243ms
