1|158.018|158.018
2|154.737|154.737
3|154.703|154.703
4|154.699|154.699
5|154.697|154.697
6|154.695|154.695
7|154.695|154.695
8|154.695|154.695
9|154.695|154.695
10|154.695|154.695
11|104.369|104.369
12|-63.5046|-63.5046
13|-153.69|-153.69
14|-156.446|-156.446
15|-162.754|-162.754
16|-162.812|-162.812
17|-162.819|-162.819
18|-162.819|-162.819
19|-162.819|-162.819
20|-516.185|-516.185
21|-521.905|-521.905
22|-549.44|-549.44
23|-549.515|-549.515
24|-549.519|-549.519
25|-549.52|-549.52
26|-764.504|-764.504
27|-801.285|-801.285
28|-927.896|-927.896
29|-977.641|-977.641
30|-1068.37|-1068.37
31|-1069.06|-1069.06
32|-1069.13|-1069.13
33|-1069.14|-1069.14
34|-1069.15|-1069.15
35|-1069.15|-1069.15
36|-1069.15|-1069.15
37|-1069.15|-1069.15
38|-1139.08|-1139.08
39|-1481.61|-1481.61
40|-1530.19|-1530.19
41|-1549.46|-1549.46
42|-1553.73|-1553.73
43|-1555.78|-1555.78
44|-1556.28|-1556.28
45|-1556.4|-1556.4
46|-1556.47|-1556.47
47|-1556.48|-1556.48
48|-1556.49|-1556.49
49|-1556.49|-1556.49
50|-1556.49|-1556.49
51|-1726.6|-1726.6
52|-1769.65|-1769.65
53|-1771.17|-1771.17
54|-1771.18|-1771.18
55|-1771.18|-1771.18
56|-1771.18|-1771.18
57|-1771.18|-1771.18
58|-1771.18|-1771.18
59|-2159.8|-2159.8
60|-2200.13|-2200.13
61|-2202.18|-2202.18
62|-2202.69|-2202.69
63|-2202.94|-2202.94
64|-2203.06|-2203.06
65|-2203.1|-2203.1
66|-2203.1|-2203.1
67|-2203.11|-2203.11
68|-2203.11|-2203.11
69|-2278.9|-2278.9
70|-2471.99|-2471.99
71|-2864.19|-2864.19
72|-2879.62|-2879.62
73|-2881.04|-2881.04
74|-2881.39|-2881.39
75|-2881.39|-2881.39
76|-2881.39|-2881.39
77|-2967.4|-2967.4
78|-3006.52|-3006.52
79|-3020.9|-3020.9
80|-3026.71|-3026.71
81|-3028.02|-3028.02
82|-3028.65|-3028.65
83|-3028.96|-3028.96
84|-3029.12|-3029.12
85|-3029.14|-3029.14
86|-3029.14|-3029.14
87|-3029.14|-3029.14
88|-3109.88|-3109.88
89|-3168.34|-3168.34
90|-3440.66|-3440.66
91|-3510.09|-3510.09
92|-3514.49|-3514.49
93|-3514.99|-3514.99
94|-3515.15|-3515.15
95|-3515.18|-3515.18
96|-3515.19|-3515.19
97|-3515.19|-3515.19
98|-3515.19|-3515.19
99|-3515.19|-3515.19
100|-3515.19|-3515.19
101|-3515.19|-3515.19
102|-3515.19|-3515.19
103|-3515.19|-3515.19
104|-3515.19|-3515.19
105|-3515.19|-3515.19
106|-3515.19|-3515.19
107|-3515.19|-3515.19
108|-3515.19|-3515.19
109|-3515.19|-3515.19
110|-3515.19|-3515.19
111|-3515.19|-3515.19
112|-3515.19|-3515.19
113|-3515.19|-3515.19
114|-3515.19|-3515.19
115|-3515.19|-3515.19
116|-3515.19|-3515.19
117|-3515.19|-3515.19
118|-3515.19|-3515.19
119|-3515.19|-3515.19
120|-3515.19|-3515.19
121|-3515.19|-3515.19
122|-3515.19|-3515.19
123|-3515.19|-3515.19
124|-3515.19|-3515.19
125|-3515.19|-3515.19
126|-3515.19|-3515.19
127|-3515.19|-3515.19
128|-3515.19|-3515.19
129|-3515.19|-3515.19
130|-3515.19|-3515.19
131|-3515.19|-3515.19
132|-3515.19|-3515.19
133|-3515.19|-3515.19
134|-3515.19|-3515.19
135|-3515.19|-3515.19
136|-3515.19|-3515.19
137|-3515.19|-3515.19
138|-3515.19|-3515.19
139|-3515.19|-3515.19
140|-3515.19|-3515.19
141|-3515.19|-3515.19
142|-3515.19|-3515.19
143|-3515.19|-3515.19
144|-3515.19|-3515.19
145|-3515.19|-3515.19
146|-3515.19|-3515.19
147|-3515.19|-3515.19
148|-3515.19|-3515.19
149|-3515.19|-3515.19
150|-3515.19|-3515.19
151|-3515.19|-3515.19
152|-3515.19|-3515.19
153|-3515.19|-3515.19
154|-3515.19|-3515.19
155|-3515.19|-3515.19
156|-3515.19|-3515.19
157|-3515.19|-3515.19
158|-3515.19|-3515.19
159|-3515.19|-3515.19
160|-3515.19|-3515.19
161|-3515.19|-3515.19
162|-3515.19|-3515.19
163|-3515.19|-3515.19
164|-3515.19|-3515.19
165|-3515.19|-3515.19
166|-3515.19|-3515.19
167|-3515.19|-3515.19
168|-3515.19|-3515.19
169|-3515.19|-3515.19
170|-3515.19|-3515.19
171|-3515.19|-3515.19
172|-3515.19|-3515.19
173|-3515.19|-3515.19
174|-3515.19|-3515.19
175|-3515.19|-3515.19
176|-3515.19|-3515.19
177|-3515.19|-3515.19
178|-3515.19|-3515.19
179|-3515.19|-3515.19
180|-3515.19|-3515.19
181|-3515.19|-3515.19
182|-3515.19|-3515.19
183|-3515.19|-3515.19
184|-3515.19|-3515.19
185|-3515.19|-3515.19
186|-3515.19|-3515.19
187|-3515.19|-3515.19
188|-3515.19|-3515.19
189|-3515.19|-3515.19
190|-3515.19|-3515.19
191|-3515.19|-3515.19
192|-3515.19|-3515.19
193|-3515.19|-3515.19
194|-3515.19|-3515.19
195|-3515.19|-3515.19
196|-3515.19|-3515.19
197|-3515.19|-3515.19
198|-3515.19|-3515.19
199|-3515.19|-3515.19
200|-3515.19|-3515.19
201|-3515.19|-3515.19
202|-3515.19|-3515.19
203|-3515.19|-3515.19
204|-3515.19|-3515.19
205|-3515.19|-3515.19
206|-3515.19|-3515.19
207|-3515.19|-3515.19
208|-3515.19|-3515.19
209|-3515.19|-3515.19
210|-3515.19|-3515.19
211|-3515.19|-3515.19
212|-3515.19|-3515.19
213|-3515.19|-3515.19
214|-3515.19|-3515.19
215|-3515.19|-3515.19
216|-3515.19|-3515.19
217|-3515.19|-3515.19
218|-3515.19|-3515.19
219|-3515.19|-3515.19
220|-3515.19|-3515.19
221|-3515.19|-3515.19
222|-3515.19|-3515.19
223|-3515.19|-3515.19
224|-3515.19|-3515.19
225|-3515.19|-3515.19
226|-3515.19|-3515.19
227|-3515.19|-3515.19
228|-3515.19|-3515.19
229|-3515.19|-3515.19
230|-3515.19|-3515.19
231|-3515.19|-3515.19
232|-3515.19|-3515.19
233|-3515.19|-3515.19
234|-3515.19|-3515.19
235|-3515.19|-3515.19
236|-3515.19|-3515.19
237|-3515.19|-3515.19
238|-3515.19|-3515.19
239|-3515.19|-3515.19
240|-3515.19|-3515.19
241|-3515.19|-3515.19
242|-3515.19|-3515.19
243|-3515.19|-3515.19
244|-3515.19|-3515.19
245|-3515.19|-3515.19
246|-3515.19|-3515.19
247|-3515.19|-3515.19
248|-3515.19|-3515.19
EARLY STOP: TARGET FOUND
400275ms
