1|-153.049|-153.049
2|-221.465|-221.465
3|-221.774|-221.774
4|-221.851|-221.851
5|-221.87|-221.87
6|-221.873|-221.873
7|-221.873|-221.873
8|-222.908|-222.908
9|-222.941|-222.941
10|-222.956|-222.956
11|-222.963|-222.963
12|-222.964|-222.964
13|-222.964|-222.964
14|-327.024|-327.024
15|-361.735|-361.735
16|-430.174|-430.174
17|-493.984|-493.984
18|-500.22|-500.22
19|-500.283|-500.283
20|-500.292|-500.292
21|-579.873|-579.873
22|-641.888|-641.888
23|-911.565|-911.565
24|-982.917|-982.917
25|-987.068|-987.068
26|-987.503|-987.503
27|-987.575|-987.575
28|-987.604|-987.604
29|-987.605|-987.605
30|-987.606|-987.606
31|-1089.68|-1089.68
32|-1173.64|-1173.64
33|-1358.13|-1358.13
34|-1372.58|-1372.58
35|-1378.43|-1378.43
36|-1381.01|-1381.01
37|-1381.04|-1381.04
38|-1381.06|-1381.06
39|-1381.07|-1381.07
40|-1381.07|-1381.07
41|-1381.07|-1381.07
42|-1381.07|-1381.07
43|-1797.27|-1797.27
44|-1816.12|-1816.12
45|-1820.28|-1820.28
46|-1820.78|-1820.78
47|-1821.03|-1821.03
48|-1821.06|-1821.06
49|-1821.07|-1821.07
50|-1821.07|-1821.07
51|-1821.07|-1821.07
52|-1927.38|-1927.38
53|-2013.95|-2013.95
54|-2056.86|-2056.86
55|-2078.06|-2078.06
56|-2080.7|-2080.7
57|-2081.36|-2081.36
58|-2081.52|-2081.52
59|-2081.61|-2081.61
60|-2081.63|-2081.63
61|-2081.64|-2081.64
62|-2081.64|-2081.64
63|-2190.25|-2190.25
64|-2328.37|-2328.37
65|-2360.47|-2360.47
66|-2366.24|-2366.24
67|-2367.54|-2367.54
68|-2368.16|-2368.16
69|-2368.32|-2368.32
70|-2368.39|-2368.39
71|-2368.4|-2368.4
72|-2368.4|-2368.4
73|-2368.41|-2368.41
74|-2379.76|-2379.76
75|-2734.74|-2734.74
76|-2853.14|-2853.14
77|-2872.89|-2872.89
78|-2881.44|-2881.44
79|-2881.95|-2881.95
80|-2882.2|-2882.2
81|-2882.32|-2882.32
82|-2882.34|-2882.34
83|-2882.34|-2882.34
84|-2882.35|-2882.35
85|-2934.62|-2934.62
86|-2934.62|-2934.62
87|-2934.62|-2934.62
88|-3072.51|-3072.51
89|-3115.32|-3115.32
90|-3125.92|-3125.92
91|-3131.2|-3131.2
92|-3132.51|-3132.51
93|-3132.84|-3132.84
94|-3132.86|-3132.86
95|-3132.87|-3132.87
96|-3132.87|-3132.87
97|-3132.87|-3132.87
98|-3132.87|-3132.87
99|-3132.87|-3132.87
100|-3132.87|-3132.87
101|-3132.87|-3132.87
102|-3132.87|-3132.87
103|-3132.87|-3132.87
104|-3132.87|-3132.87
105|-3132.87|-3132.87
106|-3132.87|-3132.87
107|-3132.87|-3132.87
108|-3132.87|-3132.87
109|-3132.87|-3132.87
110|-3132.87|-3132.87
111|-3132.87|-3132.87
112|-3132.87|-3132.87
113|-3132.87|-3132.87
114|-3132.87|-3132.87
115|-3132.87|-3132.87
116|-3132.87|-3132.87
117|-3132.87|-3132.87
118|-3132.87|-3132.87
119|-3132.87|-3132.87
120|-3132.87|-3132.87
121|-3132.87|-3132.87
122|-3132.87|-3132.87
123|-3132.87|-3132.87
124|-3132.87|-3132.87
125|-3132.87|-3132.87
126|-3132.87|-3132.87
127|-3132.87|-3132.87
128|-3132.87|-3132.87
129|-3132.87|-3132.87
130|-3132.87|-3132.87
131|-3132.87|-3132.87
132|-3132.87|-3132.87
133|-3132.87|-3132.87
134|-3132.87|-3132.87
135|-3132.87|-3132.87
136|-3132.87|-3132.87
137|-3132.87|-3132.87
138|-3132.87|-3132.87
139|-3132.87|-3132.87
140|-3132.87|-3132.87
141|-3132.87|-3132.87
142|-3132.87|-3132.87
143|-3132.87|-3132.87
144|-3132.87|-3132.87
145|-3132.87|-3132.87
146|-3132.87|-3132.87
147|-3132.87|-3132.87
148|-3132.87|-3132.87
149|-3132.87|-3132.87
150|-3132.87|-3132.87
151|-3132.87|-3132.87
152|-3132.87|-3132.87
153|-3132.87|-3132.87
154|-3132.87|-3132.87
155|-3132.87|-3132.87
156|-3132.87|-3132.87
157|-3132.87|-3132.87
158|-3132.87|-3132.87
159|-3132.87|-3132.87
160|-3132.87|-3132.87
161|-3132.87|-3132.87
162|-3132.87|-3132.87
163|-3132.87|-3132.87
164|-3132.87|-3132.87
165|-3132.87|-3132.87
166|-3132.87|-3132.87
167|-3132.87|-3132.87
168|-3132.87|-3132.87
169|-3132.87|-3132.87
170|-3132.87|-3132.87
171|-3132.87|-3132.87
172|-3132.87|-3132.87
173|-3132.87|-3132.87
174|-3132.87|-3132.87
175|-3132.87|-3132.87
176|-3132.87|-3132.87
177|-3132.87|-3132.87
178|-3132.87|-3132.87
179|-3132.87|-3132.87
180|-3132.87|-3132.87
181|-3132.87|-3132.87
182|-3132.87|-3132.87
183|-3132.87|-3132.87
184|-3132.87|-3132.87
185|-3132.87|-3132.87
186|-3132.87|-3132.87
187|-3132.87|-3132.87
188|-3132.87|-3132.87
189|-3132.87|-3132.87
190|-3132.87|-3132.87
191|-3132.87|-3132.87
192|-3132.87|-3132.87
193|-3132.87|-3132.87
194|-3132.87|-3132.87
195|-3132.87|-3132.87
196|-3132.87|-3132.87
197|-3132.87|-3132.87
198|-3132.87|-3132.87
199|-3132.87|-3132.87
200|-3132.87|-3132.87
201|-3132.87|-3132.87
202|-3132.87|-3132.87
203|-3132.87|-3132.87
204|-3132.87|-3132.87
205|-3132.87|-3132.87
206|-3132.87|-3132.87
207|-3132.87|-3132.87
208|-3132.87|-3132.87
209|-3132.87|-3132.87
210|-3132.87|-3132.87
211|-3132.87|-3132.87
212|-3132.87|-3132.87
213|-3132.87|-3132.87
214|-3132.87|-3132.87
215|-3132.87|-3132.87
216|-3132.87|-3132.87
217|-3132.87|-3132.87
218|-3132.87|-3132.87
219|-3132.87|-3132.87
220|-3132.87|-3132.87
221|-3132.87|-3132.87
222|-3132.87|-3132.87
223|-3132.87|-3132.87
224|-3132.87|-3132.87
225|-3132.87|-3132.87
226|-3132.87|-3132.87
227|-3132.87|-3132.87
228|-3132.87|-3132.87
229|-3132.87|-3132.87
230|-3132.87|-3132.87
231|-3132.87|-3132.87
232|-3132.87|-3132.87
233|-3132.87|-3132.87
234|-3132.87|-3132.87
235|-3132.87|-3132.87
236|-3132.87|-3132.87
237|-3132.87|-3132.87
238|-3132.87|-3132.87
239|-3132.87|-3132.87
240|-3132.87|-3132.87
241|-3132.87|-3132.87
242|-3132.87|-3132.87
243|-3132.87|-3132.87
244|-3132.87|-3132.87
245|-3132.87|-3132.87
246|-3132.87|-3132.87
247|-3132.87|-3132.87
EARLY STOP: TARGET FOUND
408925ms
