1|-630.604|-630.604
2|-632.654|-632.654
3|-633.158|-633.158
4|-633.283|-633.283
5|-633.346|-633.346
6|-633.377|-633.377
7|-633.381|-633.381
8|-633.383|-633.383
9|-710.164|-710.164
10|-758.667|-758.667
11|-781.337|-781.337
12|-817.008|-817.008
13|-821.384|-821.384
14|-823.564|-823.564
15|-823.598|-823.598
16|-823.602|-823.602
17|-823.603|-823.603
18|-931.405|-931.405
19|-1380|-1380
20|-1385.07|-1385.07
21|-1385.96|-1385.96
22|-1386.07|-1386.07
23|-1386.12|-1386.12
24|-1386.14|-1386.14
25|-1386.14|-1386.14
26|-1386.14|-1386.14
27|-1386.15|-1386.15
28|-1386.15|-1386.15
29|-1464.16|-1464.16
30|-1498.36|-1498.36
31|-1498.41|-1498.41
32|-1498.49|-1498.49
33|-1498.5|-1498.5
34|-1498.5|-1498.5
35|-1498.5|-1498.5
36|-1615.25|-1615.25
37|-1673.18|-1673.18
38|-1673.83|-1673.83
39|-1681.18|-1681.18
40|-1681.19|-1681.19
41|-1681.19|-1681.19
42|-1681.19|-1681.19
43|-1681.19|-1681.19
44|-1681.19|-1681.19
45|-1681.19|-1681.19
46|-1681.19|-1681.19
47|-1681.19|-1681.19
48|-1681.19|-1681.19
49|-1681.19|-1681.19
50|-1681.19|-1681.19
51|-1681.19|-1681.19
52|-1681.19|-1681.19
53|-1681.19|-1681.19
54|-1681.19|-1681.19
55|-1681.19|-1681.19
56|-1681.19|-1681.19
57|-1681.19|-1681.19
58|-1681.19|-1681.19
59|-1681.19|-1681.19
60|-1681.19|-1681.19
61|-1681.19|-1681.19
62|-1681.19|-1681.19
63|-1681.19|-1681.19
64|-1681.19|-1681.19
65|-1681.19|-1681.19
66|-1681.19|-1681.19
67|-1681.19|-1681.19
68|-1681.19|-1681.19
69|-1681.19|-1681.19
70|-1681.19|-1681.19
71|-1681.19|-1681.19
72|-1681.19|-1681.19
73|-1681.19|-1681.19
74|-1681.19|-1681.19
75|-1681.19|-1681.19
76|-1681.19|-1681.19
77|-1681.19|-1681.19
78|-1681.19|-1681.19
79|-1681.19|-1681.19
80|-1681.19|-1681.19
81|-1681.19|-1681.19
82|-1681.19|-1681.19
83|-1681.19|-1681.19
84|-1681.19|-1681.19
85|-1681.19|-1681.19
86|-1681.19|-1681.19
87|-1681.19|-1681.19
88|-1681.19|-1681.19
89|-1681.19|-1681.19
90|-1681.19|-1681.19
91|-1681.19|-1681.19
92|-1681.19|-1681.19
93|-1681.19|-1681.19
94|-1681.19|-1681.19
95|-1681.19|-1681.19
96|-1681.19|-1681.19
97|-1681.19|-1681.19
98|-1681.19|-1681.19
99|-1681.19|-1681.19
100|-1681.19|-1681.19
101|-1681.19|-1681.19
102|-1681.19|-1681.19
103|-1681.19|-1681.19
104|-1681.19|-1681.19
105|-1681.19|-1681.19
106|-1681.19|-1681.19
107|-1681.19|-1681.19
108|-1681.19|-1681.19
109|-1681.19|-1681.19
110|-1681.19|-1681.19
111|-1681.19|-1681.19
112|-1681.19|-1681.19
113|-1681.19|-1681.19
114|-1681.19|-1681.19
115|-1681.19|-1681.19
116|-1681.19|-1681.19
117|-1681.19|-1681.19
118|-1681.19|-1681.19
119|-1681.19|-1681.19
120|-1681.19|-1681.19
121|-1681.19|-1681.19
122|-1681.19|-1681.19
123|-1681.19|-1681.19
124|-1681.19|-1681.19
125|-1681.19|-1681.19
126|-1681.19|-1681.19
127|-1681.19|-1681.19
128|-1681.19|-1681.19
129|-1681.19|-1681.19
130|-1681.19|-1681.19
131|-1681.19|-1681.19
132|-1681.19|-1681.19
133|-1681.19|-1681.19
134|-1681.19|-1681.19
135|-1681.19|-1681.19
136|-1681.19|-1681.19
137|-1681.19|-1681.19
138|-1681.19|-1681.19
139|-1681.19|-1681.19
140|-1681.19|-1681.19
141|-1681.19|-1681.19
142|-1681.19|-1681.19
143|-1681.19|-1681.19
144|-1681.19|-1681.19
145|-1681.19|-1681.19
146|-1681.19|-1681.19
147|-1681.19|-1681.19
148|-1681.19|-1681.19
149|-1681.19|-1681.19
150|-1681.19|-1681.19
151|-1681.19|-1681.19
152|-1681.19|-1681.19
153|-1681.19|-1681.19
154|-1681.19|-1681.19
155|-1681.19|-1681.19
156|-1681.19|-1681.19
157|-1681.19|-1681.19
158|-1681.19|-1681.19
159|-1681.19|-1681.19
160|-1681.19|-1681.19
161|-1681.19|-1681.19
162|-1681.19|-1681.19
163|-1681.19|-1681.19
164|-1681.19|-1681.19
165|-1681.19|-1681.19
166|-1681.19|-1681.19
167|-1681.19|-1681.19
168|-1681.19|-1681.19
169|-1681.19|-1681.19
170|-1681.19|-1681.19
171|-1681.19|-1681.19
172|-1681.19|-1681.19
173|-1681.19|-1681.19
174|-1681.19|-1681.19
175|-1681.19|-1681.19
176|-1681.19|-1681.19
177|-1681.19|-1681.19
178|-1681.19|-1681.19
179|-1681.19|-1681.19
180|-1681.19|-1681.19
181|-1681.19|-1681.19
182|-1681.19|-1681.19
183|-1681.19|-1681.19
184|-1681.19|-1681.19
185|-1681.19|-1681.19
186|-1681.19|-1681.19
187|-1681.19|-1681.19
188|-1681.19|-1681.19
189|-1681.19|-1681.19
190|-1681.19|-1681.19
191|-1681.19|-1681.19
EARLY STOP: TARGET FOUND
94523ms
