1|-0.810413|-0.810413
2|-0.810428|-0.810428
3|-0.810429|-0.810429
4|-0.810429|-0.810429
5|-0.81043|-0.81043
6|-1.50412|-1.50412
7|-1.69836|-1.69836
8|-1.74382|-1.74382
9|-1.74813|-1.74813
10|-1.74916|-1.74916
11|-1.74939|-1.74939
12|-1.74943|-1.74943
13|-1.74944|-1.74944
14|-1.74944|-1.74944
15|-1.76108|-1.76108
16|-2.60716|-2.60716
17|-2.61731|-2.61731
18|-2.61921|-2.61921
19|-2.62005|-2.62005
20|-2.62045|-2.62045
21|-2.62055|-2.62055
22|-2.62057|-2.62057
23|-2.62059|-2.62059
24|-2.83322|-2.83322
25|-3.40044|-3.40044
26|-3.43356|-3.43356
27|-3.44153|-3.44153
28|-3.44331|-3.44331
29|-3.44374|-3.44374
30|-3.44396|-3.44396
31|-3.44401|-3.44401
32|-3.6997|-3.6997
33|-3.70065|-3.70065
34|-3.70071|-3.70071
35|-3.74483|-3.74483
36|-4.36419|-4.36419
37|-4.37978|-4.37978
38|-4.38714|-4.38714
39|-4.39071|-4.39071
40|-4.39246|-4.39246
41|-4.39333|-4.39333
42|-4.39355|-4.39355
43|-4.39365|-4.39365
44|-4.39371|-4.39371
45|-4.39373|-4.39373
46|-4.68899|-4.68899
47|-4.80757|-4.80757
48|-5.22929|-5.22929
49|-5.2507|-5.2507
50|-5.25135|-5.25135
51|-5.8117|-5.8117
52|-6.18131|-6.18131
53|-6.21688|-6.21688
54|-6.21874|-6.21874
55|-6.21946|-6.21946
56|-6.21977|-6.21977
57|-6.21979|-6.21979
58|-7.01449|-7.01449
59|-7.15088|-7.15088
60|-7.2045|-7.2045
61|-7.2159|-7.2159
62|-7.21591|-7.21591
63|-8.10763|-8.10763
64|-8.14864|-8.14864
65|-8.15393|-8.15393
66|-8.15393|-8.15393
67|-8.15393|-8.15393
68|-8.15393|-8.15393
69|-8.15393|-8.15393
70|-8.15393|-8.15393
71|-8.15393|-8.15393
72|-8.15393|-8.15393
73|-8.15393|-8.15393
74|-8.15393|-8.15393
75|-8.15393|-8.15393
76|-8.15393|-8.15393
77|-8.15393|-8.15393
78|-8.15393|-8.15393
79|-8.15393|-8.15393
80|-8.15393|-8.15393
81|-8.15393|-8.15393
82|-8.15393|-8.15393
83|-8.15393|-8.15393
84|-8.15393|-8.15393
85|-8.15393|-8.15393
86|-8.15393|-8.15393
87|-8.15393|-8.15393
88|-8.15393|-8.15393
89|-8.15393|-8.15393
90|-8.15393|-8.15393
91|-8.15393|-8.15393
92|-8.15393|-8.15393
93|-8.15393|-8.15393
94|-8.15393|-8.15393
95|-8.15393|-8.15393
96|-8.15393|-8.15393
97|-8.15393|-8.15393
98|-8.15393|-8.15393
99|-8.15393|-8.15393
100|-8.15393|-8.15393
101|-8.15393|-8.15393
102|-8.15393|-8.15393
103|-8.15393|-8.15393
104|-8.15393|-8.15393
105|-8.15393|-8.15393
106|-8.15393|-8.15393
107|-8.15393|-8.15393
108|-8.15393|-8.15393
109|-8.15393|-8.15393
110|-8.15393|-8.15393
111|-8.15393|-8.15393
112|-8.15393|-8.15393
113|-8.15393|-8.15393
114|-8.15393|-8.15393
115|-8.15393|-8.15393
116|-8.15393|-8.15393
117|-8.15393|-8.15393
118|-8.15393|-8.15393
119|-8.15393|-8.15393
120|-8.15393|-8.15393
121|-8.15393|-8.15393
122|-8.15393|-8.15393
123|-8.15393|-8.15393
124|-8.15393|-8.15393
125|-8.15393|-8.15393
126|-8.15393|-8.15393
127|-8.15393|-8.15393
128|-8.15393|-8.15393
129|-8.15393|-8.15393
130|-8.15393|-8.15393
131|-8.15393|-8.15393
132|-8.15393|-8.15393
133|-8.15393|-8.15393
134|-8.15393|-8.15393
135|-8.15393|-8.15393
136|-8.15393|-8.15393
137|-8.15393|-8.15393
138|-8.15393|-8.15393
139|-8.15393|-8.15393
140|-8.15393|-8.15393
141|-8.15393|-8.15393
142|-8.15393|-8.15393
143|-8.15393|-8.15393
144|-8.15393|-8.15393
145|-8.15393|-8.15393
146|-8.15393|-8.15393
147|-8.15393|-8.15393
148|-8.15393|-8.15393
149|-8.15393|-8.15393
150|-8.15393|-8.15393
151|-8.15393|-8.15393
152|-8.15393|-8.15393
153|-8.15393|-8.15393
154|-8.15393|-8.15393
155|-8.15393|-8.15393
156|-8.15393|-8.15393
157|-8.15393|-8.15393
158|-8.15393|-8.15393
159|-8.15393|-8.15393
160|-8.15393|-8.15393
161|-8.15393|-8.15393
162|-8.15393|-8.15393
163|-8.15393|-8.15393
164|-8.15393|-8.15393
165|-8.15393|-8.15393
166|-8.15393|-8.15393
167|-8.15393|-8.15393
168|-8.15393|-8.15393
169|-8.15393|-8.15393
170|-8.15393|-8.15393
171|-8.15393|-8.15393
172|-8.15393|-8.15393
173|-8.15393|-8.15393
174|-8.15393|-8.15393
175|-8.15393|-8.15393
176|-8.15393|-8.15393
177|-8.15393|-8.15393
178|-8.15393|-8.15393
179|-8.15393|-8.15393
180|-8.15393|-8.15393
181|-8.15393|-8.15393
182|-8.15393|-8.15393
183|-8.15393|-8.15393
184|-8.15393|-8.15393
185|-8.15393|-8.15393
186|-8.15393|-8.15393
187|-8.15393|-8.15393
188|-8.15393|-8.15393
189|-8.15393|-8.15393
190|-8.15393|-8.15393
191|-8.15393|-8.15393
192|-8.15393|-8.15393
193|-8.15393|-8.15393
194|-8.15393|-8.15393
195|-8.15393|-8.15393
196|-8.15393|-8.15393
197|-8.15393|-8.15393
198|-8.15393|-8.15393
199|-8.15393|-8.15393
200|-8.15393|-8.15393
201|-8.15393|-8.15393
202|-8.15393|-8.15393
203|-8.15393|-8.15393
204|-8.15393|-8.15393
205|-8.15393|-8.15393
206|-8.15393|-8.15393
207|-8.15393|-8.15393
208|-8.15393|-8.15393
209|-8.15393|-8.15393
210|-8.15393|-8.15393
211|-8.15393|-8.15393
212|-8.15393|-8.15393
213|-8.15393|-8.15393
214|-8.15393|-8.15393
215|-8.15393|-8.15393
EARLY STOP: TARGET FOUND
249448ms
