1|294.217|294.217
2|294.213|294.213
3|294.213|294.213
4|287.431|287.431
5|287.431|287.431
6|284.211|284.211
7|283.918|283.918
8|283.849|283.849
9|283.833|283.833
10|283.83|283.83
11|283.83|283.83
12|283.83|283.83
13|283.83|283.83
14|270.119|270.119
15|268.966|268.966
16|268.696|268.696
17|268.638|268.638
18|268.629|268.629
19|268.628|268.628
20|265.169|265.169
21|264.668|264.668
22|264.664|264.664
23|264.664|264.664
24|264.663|264.663
25|264.663|264.663
26|262.875|262.875
27|262.872|262.872
28|262.872|262.872
29|262.872|262.872
30|262.872|262.872
31|261.131|261.131
32|256.651|256.651
33|255.64|255.64
34|255.441|255.441
35|255.424|255.424
36|255.42|255.42
37|255.419|255.419
38|255.419|255.419
39|255.419|255.419
40|255.419|255.419
41|234.008|234.008
42|233.81|233.81
43|233.793|233.793
44|233.789|233.789
45|233.788|233.788
46|233.788|233.788
47|233.788|233.788
48|231.8|231.8
49|231.8|231.8
50|231.784|231.784
51|231.784|231.784
52|231.781|231.781
53|231.781|231.781
54|231.781|231.781
55|231.781|231.781
56|230.706|230.706
57|230.475|230.475
58|230.436|230.436
59|230.435|230.435
60|209.326|209.326
61|209.109|209.109
62|209.077|209.077
63|209.077|209.077
64|209.077|209.077
65|209.077|209.077
66|193.517|193.517
67|192.595|192.595
68|192.441|192.441
69|192.434|192.434
70|192.398|192.398
71|192.397|192.397
72|192.397|192.397
73|192.397|192.397
74|189.289|189.289
75|189.289|189.289
76|185.151|185.151
77|184.31|184.31
78|184.197|184.197
79|184.197|184.197
80|184.197|184.197
81|184.197|184.197
82|168.884|168.884
83|167.931|167.931
84|167.761|167.761
85|167.761|167.761
86|167.751|167.751
87|167.751|167.751
88|167.751|167.751
89|167.751|167.751
90|163.04|163.04
91|163.04|163.04
92|161.914|161.914
93|161.914|161.914
94|161.658|161.658
95|161.607|161.607
96|161.602|161.602
97|161.601|161.601
98|161.6|161.6
99|161.6|161.6
100|161.6|161.6
101|161.567|161.567
102|161.566|161.566
103|161.566|161.566
104|157.622|157.622
105|157.622|157.622
106|156.878|156.878
107|156.821|156.821
108|156.811|156.811
109|156.811|156.811
110|156.81|156.81
111|139.147|139.147
112|138.488|138.488
113|138.451|138.451
114|138.45|138.45
115|138.45|138.45
116|138.45|138.45
117|136.243|136.243
118|136.198|136.198
119|136.194|136.194
120|136.194|136.194
121|136.194|136.194
122|131.963|131.963
123|131.076|131.076
124|130.94|130.94
125|130.938|130.938
126|130.938|130.938
127|111.193|111.193
128|111.193|111.193
129|110.891|110.891
130|110.817|110.817
131|110.799|110.799
132|110.795|110.795
133|110.794|110.794
134|110.794|110.794
135|110.794|110.794
136|110.794|110.794
137|99.7473|99.7473
138|99.7473|99.7473
139|97.5938|97.5938
140|97.5937|97.5937
141|97.555|97.555
142|97.5533|97.5533
143|73.9996|73.9996
144|73.942|73.942
145|73.9324|73.9324
146|73.9321|73.9321
147|73.9321|73.9321
148|73.9321|73.9321
149|73.9321|73.9321
150|67.9876|67.9876
151|67.9876|67.9876
152|64.5585|64.5585
153|64.0728|64.0728
154|64.0727|64.0727
155|64.0696|64.0696
156|64.0693|64.0693
157|64.0692|64.0692
158|64.0692|64.0692
159|64.0692|64.0692
160|40.9877|40.9877
161|40.9154|40.9154
162|40.9154|40.9154
163|40.8985|40.8985
164|40.8948|40.8948
165|40.8941|40.8941
166|40.8941|40.8941
167|40.8941|40.8941
168|38.9468|38.9468
169|38.9468|38.9468
170|38.9339|38.9339
171|38.9323|38.9323
172|35.001|35.001
173|34.2642|34.2642
174|34.2642|34.2642
175|34.208|34.208
176|34.1991|34.1991
177|34.1989|34.1989
178|34.1989|34.1989
179|10.9638|10.9638
180|10.8963|10.8963
181|10.8817|10.8817
182|10.8817|10.8817
183|10.8793|10.8793
184|10.8793|10.8793
185|10.8791|10.8791
186|3.33848|3.33848
187|3.33848|3.33848
188|3.33848|3.33848
189|3.33848|3.33848
190|3.33848|3.33848
191|3.33848|3.33848
192|3.33848|3.33848
193|3.33848|3.33848
194|3.33847|3.33847
195|3.33847|3.33847
196|3.33847|3.33847
197|3.33847|3.33847
198|3.33847|3.33847
199|0.30843|0.30843
200|0.30843|0.30843
201|0.30843|0.30843
202|0.30843|0.30843
203|0.30843|0.30843
204|0.30843|0.30843
205|0.30843|0.30843
206|0.30843|0.30843
207|0.30843|0.30843
208|0.30843|0.30843
209|0.308429|0.308429
210|0.308429|0.308429
211|0.308429|0.308429
212|0.308429|0.308429
213|0.308429|0.308429
214|0.308429|0.308429
215|0.308429|0.308429
216|0.308429|0.308429
217|0.308429|0.308429
218|0.308429|0.308429
219|0.308429|0.308429
220|0.308429|0.308429
221|0.308429|0.308429
222|0.308429|0.308429
223|0.308429|0.308429
224|0.308429|0.308429
225|0.308429|0.308429
226|0.0629189|0.0629189
227|0.0629189|0.0629189
228|0.0629189|0.0629189
229|0.0629189|0.0629189
230|0.0629189|0.0629189
231|0.0629189|0.0629189
232|0.0629189|0.0629189
233|0.0629189|0.0629189
234|0.0629189|0.0629189
235|0.0629189|0.0629189
236|0.0629188|0.0629188
237|0.0629188|0.0629188
238|0.0169641|0.0169641
239|0.0169641|0.0169641
240|0.0169641|0.0169641
241|0.0169641|0.0169641
242|0.0169641|0.0169641
243|0.0169641|0.0169641
244|0.0169641|0.0169641
245|0.0169641|0.0169641
246|0.0169641|0.0169641
247|0.0169641|0.0169641
248|0.016964|0.016964
249|0.016964|0.016964
250|0.016964|0.016964
251|0.016964|0.016964
252|0.016964|0.016964
253|0.016964|0.016964
254|0.016964|0.016964
255|0.016964|0.016964
256|0.0134754|0.0134754
257|0.0134754|0.0134754
258|0.0134754|0.0134754
259|0.0134754|0.0134754
260|0.0134754|0.0134754
261|0.012931|0.012931
262|0.0129192|0.0129192
263|0.0129192|0.0129192
264|0.0129182|0.0129182
265|0.012918|0.012918
266|0.012918|0.012918
267|0.012918|0.012918
268|0.00113282|0.00113282
EARLY STOP: TARGET FOUND
1408175ms
