1|-0.866532|-0.866532
2|-0.876792|-0.876792
3|-0.878074|-0.878074
4|-0.878715|-0.878715
5|-0.878875|-0.878875
6|-0.878955|-0.878955
7|-0.888543|-0.888543
8|-1.15699|-1.15699
9|-1.28834|-1.28834
10|-1.29089|-1.29089
11|-1.29166|-1.29166
12|-1.29169|-1.29169
13|-1.2917|-1.2917
14|-1.2917|-1.2917
15|-1.2917|-1.2917
16|-1.2917|-1.2917
17|-1.46277|-1.46277
18|-1.51508|-1.51508
19|-1.54215|-1.54215
20|-1.54899|-1.54899
21|-1.55241|-1.55241
22|-1.55327|-1.55327
23|-1.5537|-1.5537
24|-1.55381|-1.55381
25|-1.55386|-1.55386
26|-1.55496|-1.55496
27|-1.56225|-1.56225
28|-1.59416|-1.59416
29|-2.07794|-2.07794
30|-2.16917|-2.16917
31|-2.18029|-2.18029
32|-2.18046|-2.18046
33|-2.18055|-2.18055
34|-2.18059|-2.18059
35|-2.19658|-2.19658
36|-2.19703|-2.19703
37|-2.19726|-2.19726
38|-2.19732|-2.19732
39|-2.19735|-2.19735
40|-2.19736|-2.19736
41|-2.19737|-2.19737
42|-2.19737|-2.19737
43|-2.20451|-2.20451
44|-2.23497|-2.23497
45|-2.65987|-2.65987
46|-3.03755|-3.03755
47|-3.16333|-3.16333
48|-3.19248|-3.19248
49|-3.19723|-3.19723
50|-3.19735|-3.19735
51|-3.19737|-3.19737
52|-3.19737|-3.19737
53|-3.1974|-3.1974
54|-3.20107|-3.20107
55|-3.31956|-3.31956
56|-3.78074|-3.78074
57|-3.78075|-3.78075
58|-4.74918|-4.74918
59|-4.75657|-4.75657
60|-4.75891|-4.75891
61|-4.75935|-4.75935
62|-4.75955|-4.75955
63|-4.75964|-4.75964
64|-4.75967|-4.75967
65|-5.20061|-5.20061
66|-5.40921|-5.40921
67|-5.41015|-5.41015
68|-5.41015|-5.41015
69|-5.41015|-5.41015
70|-6.14023|-6.14023
71|-6.14023|-6.14023
72|-6.14023|-6.14023
73|-6.14023|-6.14023
74|-6.14023|-6.14023
75|-6.14023|-6.14023
76|-6.14023|-6.14023
77|-6.14023|-6.14023
78|-6.14023|-6.14023
79|-6.14023|-6.14023
80|-6.14023|-6.14023
81|-6.14023|-6.14023
82|-6.14023|-6.14023
83|-6.14023|-6.14023
84|-6.14023|-6.14023
85|-6.14023|-6.14023
86|-6.14023|-6.14023
87|-6.14023|-6.14023
88|-6.14023|-6.14023
89|-6.14023|-6.14023
90|-6.14023|-6.14023
91|-6.14023|-6.14023
92|-6.14023|-6.14023
93|-6.14023|-6.14023
94|-6.14023|-6.14023
95|-6.14023|-6.14023
96|-6.14023|-6.14023
97|-6.14023|-6.14023
98|-6.14023|-6.14023
99|-6.14023|-6.14023
100|-6.14023|-6.14023
101|-6.14023|-6.14023
102|-6.14023|-6.14023
103|-6.14023|-6.14023
104|-6.14023|-6.14023
105|-6.14023|-6.14023
106|-6.14023|-6.14023
107|-6.14023|-6.14023
108|-6.14023|-6.14023
109|-6.14023|-6.14023
110|-6.14023|-6.14023
111|-6.14023|-6.14023
112|-6.14023|-6.14023
113|-6.14023|-6.14023
114|-6.14023|-6.14023
115|-6.14023|-6.14023
116|-6.14023|-6.14023
117|-6.14023|-6.14023
118|-6.14023|-6.14023
119|-6.14023|-6.14023
120|-6.14023|-6.14023
121|-6.14023|-6.14023
122|-6.14023|-6.14023
123|-6.14023|-6.14023
124|-6.14023|-6.14023
125|-6.14023|-6.14023
126|-6.14023|-6.14023
127|-6.14023|-6.14023
128|-6.14023|-6.14023
129|-6.14023|-6.14023
130|-6.14023|-6.14023
131|-6.14023|-6.14023
132|-6.14023|-6.14023
133|-6.14023|-6.14023
134|-6.14023|-6.14023
135|-6.14023|-6.14023
136|-6.14023|-6.14023
137|-6.14023|-6.14023
138|-6.14023|-6.14023
139|-6.14023|-6.14023
140|-6.14023|-6.14023
141|-6.14023|-6.14023
142|-6.14023|-6.14023
143|-6.14023|-6.14023
144|-6.14023|-6.14023
145|-6.14023|-6.14023
146|-6.14023|-6.14023
147|-6.14023|-6.14023
148|-6.14023|-6.14023
149|-6.14023|-6.14023
150|-6.14023|-6.14023
151|-6.14023|-6.14023
152|-6.14023|-6.14023
153|-6.14023|-6.14023
154|-6.14023|-6.14023
155|-6.14023|-6.14023
156|-6.14023|-6.14023
157|-6.14023|-6.14023
158|-6.14023|-6.14023
159|-6.14023|-6.14023
160|-6.14023|-6.14023
161|-6.14023|-6.14023
162|-6.14023|-6.14023
163|-6.14023|-6.14023
164|-6.14023|-6.14023
165|-6.14023|-6.14023
166|-6.14023|-6.14023
167|-6.14023|-6.14023
168|-6.14023|-6.14023
169|-6.14023|-6.14023
170|-6.14023|-6.14023
171|-6.14023|-6.14023
172|-6.14023|-6.14023
173|-6.14023|-6.14023
174|-6.14023|-6.14023
175|-6.14023|-6.14023
176|-6.14023|-6.14023
177|-6.14023|-6.14023
178|-6.14023|-6.14023
179|-6.14023|-6.14023
180|-6.14023|-6.14023
181|-6.14023|-6.14023
182|-6.14023|-6.14023
183|-6.14023|-6.14023
184|-6.14023|-6.14023
185|-6.14023|-6.14023
186|-6.14023|-6.14023
187|-6.14023|-6.14023
188|-6.14023|-6.14023
189|-6.14023|-6.14023
190|-6.14023|-6.14023
191|-6.14023|-6.14023
192|-6.14023|-6.14023
193|-6.14023|-6.14023
194|-6.14023|-6.14023
195|-6.14023|-6.14023
196|-6.14023|-6.14023
197|-6.14023|-6.14023
198|-6.14023|-6.14023
199|-6.14023|-6.14023
200|-6.14023|-6.14023
201|-6.14023|-6.14023
202|-6.14023|-6.14023
203|-6.14023|-6.14023
204|-6.14023|-6.14023
205|-6.14023|-6.14023
206|-6.14023|-6.14023
207|-6.14023|-6.14023
208|-6.14023|-6.14023
209|-6.14023|-6.14023
210|-6.14023|-6.14023
211|-6.14023|-6.14023
212|-6.14023|-6.14023
213|-6.14023|-6.14023
214|-6.14023|-6.14023
215|-6.14023|-6.14023
216|-6.14023|-6.14023
217|-6.14023|-6.14023
218|-6.14023|-6.14023
219|-6.14023|-6.14023
220|-6.14023|-6.14023
221|-6.14023|-6.14023
EARLY STOP: TARGET FOUND
249285ms
