1|-0.491375|-0.491375
2|-0.878332|-0.878332
3|-1.00097|-1.00097
4|-1.04653|-1.04653
5|-1.05563|-1.05563
6|-1.05981|-1.05981
7|-1.06006|-1.06006
8|-1.06012|-1.06012
9|-1.58664|-1.58664
10|-2.01935|-2.01935
11|-2.05765|-2.05765
12|-2.06001|-2.06001
13|-2.06012|-2.06012
14|-2.06012|-2.06012
15|-2.06012|-2.06012
16|-2.42325|-2.42325
17|-2.45031|-2.45031
18|-2.45715|-2.45715
19|-2.46058|-2.46058
20|-2.46144|-2.46144
21|-2.46187|-2.46187
22|-2.46198|-2.46198
23|-3.03063|-3.03063
24|-3.07538|-3.07538
25|-3.07916|-3.07916
26|-3.08092|-3.08092
27|-3.08113|-3.08113
28|-3.08114|-3.08114
29|-3.10697|-3.10697
30|-3.91539|-3.91539
31|-3.91551|-3.91551
32|-3.91551|-3.91551
33|-3.91551|-3.91551
34|-3.91551|-3.91551
35|-3.91551|-3.91551
36|-3.91551|-3.91551
37|-3.91551|-3.91551
38|-3.91551|-3.91551
39|-3.91551|-3.91551
40|-3.91551|-3.91551
41|-3.91551|-3.91551
42|-3.91551|-3.91551
43|-3.91551|-3.91551
44|-3.91551|-3.91551
45|-3.91551|-3.91551
46|-3.91551|-3.91551
47|-3.91551|-3.91551
48|-3.91551|-3.91551
49|-3.91551|-3.91551
50|-3.91551|-3.91551
51|-3.91551|-3.91551
52|-3.91551|-3.91551
53|-3.91551|-3.91551
54|-3.91551|-3.91551
55|-3.91551|-3.91551
56|-3.91551|-3.91551
57|-3.91551|-3.91551
58|-3.91551|-3.91551
59|-3.91551|-3.91551
60|-3.91551|-3.91551
61|-3.91551|-3.91551
62|-3.91551|-3.91551
63|-3.91551|-3.91551
64|-3.91551|-3.91551
65|-3.91551|-3.91551
66|-3.91551|-3.91551
67|-3.91551|-3.91551
68|-3.91551|-3.91551
69|-3.91551|-3.91551
70|-3.91551|-3.91551
71|-3.91551|-3.91551
72|-3.91551|-3.91551
73|-3.91551|-3.91551
74|-3.91551|-3.91551
75|-3.91551|-3.91551
76|-3.91551|-3.91551
77|-3.91551|-3.91551
78|-3.91551|-3.91551
79|-3.91551|-3.91551
80|-3.91551|-3.91551
81|-3.91551|-3.91551
82|-3.91551|-3.91551
83|-3.91551|-3.91551
84|-3.91551|-3.91551
85|-3.91551|-3.91551
86|-3.91551|-3.91551
87|-3.91551|-3.91551
88|-3.91551|-3.91551
89|-3.91551|-3.91551
90|-3.91551|-3.91551
91|-3.91551|-3.91551
92|-3.91551|-3.91551
93|-3.91551|-3.91551
94|-3.91551|-3.91551
95|-3.91551|-3.91551
96|-3.91551|-3.91551
97|-3.91551|-3.91551
98|-3.91551|-3.91551
99|-3.91551|-3.91551
100|-3.91551|-3.91551
101|-3.91551|-3.91551
102|-3.91551|-3.91551
103|-3.91551|-3.91551
104|-3.91551|-3.91551
105|-3.91551|-3.91551
106|-3.91551|-3.91551
107|-3.91551|-3.91551
108|-3.91551|-3.91551
109|-3.91551|-3.91551
110|-3.91551|-3.91551
111|-3.91551|-3.91551
112|-3.91551|-3.91551
113|-3.91551|-3.91551
114|-3.91551|-3.91551
115|-3.91551|-3.91551
116|-3.91551|-3.91551
117|-3.91551|-3.91551
118|-3.91551|-3.91551
119|-3.91551|-3.91551
120|-3.91551|-3.91551
121|-3.91551|-3.91551
122|-3.91551|-3.91551
123|-3.91551|-3.91551
124|-3.91551|-3.91551
125|-3.91551|-3.91551
126|-3.91551|-3.91551
127|-3.91551|-3.91551
128|-3.91551|-3.91551
129|-3.91551|-3.91551
130|-3.91551|-3.91551
131|-3.91551|-3.91551
132|-3.91551|-3.91551
133|-3.91551|-3.91551
134|-3.91551|-3.91551
135|-3.91551|-3.91551
136|-3.91551|-3.91551
137|-3.91551|-3.91551
138|-3.91551|-3.91551
139|-3.91551|-3.91551
140|-3.91551|-3.91551
141|-3.91551|-3.91551
142|-3.91551|-3.91551
143|-3.91551|-3.91551
144|-3.91551|-3.91551
145|-3.91551|-3.91551
146|-3.91551|-3.91551
147|-3.91551|-3.91551
148|-3.91551|-3.91551
149|-3.91551|-3.91551
150|-3.91551|-3.91551
151|-3.91551|-3.91551
152|-3.91551|-3.91551
153|-3.91551|-3.91551
154|-3.91551|-3.91551
155|-3.91551|-3.91551
156|-3.91551|-3.91551
157|-3.91551|-3.91551
158|-3.91551|-3.91551
159|-3.91551|-3.91551
160|-3.91551|-3.91551
161|-3.91551|-3.91551
162|-3.91551|-3.91551
163|-3.91551|-3.91551
164|-3.91551|-3.91551
165|-3.91551|-3.91551
166|-3.91551|-3.91551
167|-3.91551|-3.91551
168|-3.91551|-3.91551
169|-3.91551|-3.91551
170|-3.91551|-3.91551
171|-3.91551|-3.91551
172|-3.91551|-3.91551
173|-3.91551|-3.91551
174|-3.91551|-3.91551
175|-3.91551|-3.91551
176|-3.91551|-3.91551
177|-3.91551|-3.91551
178|-3.91551|-3.91551
179|-3.91551|-3.91551
180|-3.91551|-3.91551
181|-3.91551|-3.91551
182|-3.91551|-3.91551
EARLY STOP: TARGET FOUND
63096ms
