1|39.0456|39.0456
2|37.9756|37.9756
3|37.7479|37.7479
4|37.7108|37.7108
5|37.7097|37.7097
6|37.7095|37.7095
7|37.7095|37.7095
8|34.7489|34.7489
9|34.5207|34.5207
10|34.4834|34.4834
11|34.4824|34.4824
12|34.4824|34.4824
13|34.4821|34.4821
14|34.4821|34.4821
15|34.4821|34.4821
16|23.2722|23.2722
17|21.1595|21.1595
18|21.1258|21.1258
19|21.1252|21.1252
20|21.1252|21.1252
21|0.691772|0.691772
22|0.691772|0.691772
23|0.691772|0.691772
24|0.691772|0.691772
25|0.432856|0.432856
26|0.380198|0.380198
27|0.380198|0.380198
28|0.373069|0.373069
29|0.373069|0.373069
30|0.373053|0.373053
31|0.373053|0.373053
32|0.373049|0.373049
33|0.373049|0.373049
34|0.373049|0.373049
35|0.373048|0.373048
36|0.0845511|0.0845511
37|0.0171025|0.0171025
38|0.00257825|0.00257825
EARLY STOP: TARGET FOUND
6345ms
