1|-238.702|-238.702
2|-369.964|-369.964
3|-839.719|-839.719
4|-844.344|-844.344
5|-848.944|-848.944
6|-849.811|-849.811
7|-849.884|-849.884
8|-849.889|-849.889
9|-849.889|-849.889
10|-863.632|-863.632
11|-912.276|-912.276
12|-1082.68|-1082.68
13|-1171.59|-1171.59
14|-1177.55|-1177.55
15|-1182.24|-1182.24
16|-1182.52|-1182.52
17|-1182.53|-1182.53
18|-1182.54|-1182.54
19|-1182.54|-1182.54
20|-1182.54|-1182.54
21|-1317.84|-1317.84
22|-1350.33|-1350.33
23|-1356.21|-1356.21
24|-1358.8|-1358.8
25|-1358.95|-1358.95
26|-1358.97|-1358.97
27|-1358.98|-1358.98
28|-1358.98|-1358.98
29|-1358.98|-1358.98
30|-1358.98|-1358.98
31|-1466.86|-1466.86
32|-1701.76|-1701.76
33|-1797.81|-1797.81
34|-1798.38|-1798.38
35|-1798.57|-1798.57
36|-1798.64|-1798.64
37|-1798.67|-1798.67
38|-1798.68|-1798.68
39|-1798.68|-1798.68
40|-1798.68|-1798.68
41|-2257.23|-2257.23
42|-2257.23|-2257.23
43|-2257.23|-2257.23
44|-2280.88|-2280.88
45|-2281.28|-2281.28
46|-2281.28|-2281.28
47|-2281.28|-2281.28
48|-2349.82|-2349.82
49|-2686.89|-2686.89
50|-2736.32|-2736.32
51|-2756.07|-2756.07
52|-2764.62|-2764.62
53|-2765.12|-2765.12
54|-2765.37|-2765.37
55|-2765.44|-2765.44
56|-2765.47|-2765.47
57|-2765.48|-2765.48
58|-2765.49|-2765.49
59|-2765.49|-2765.49
60|-2765.49|-2765.49
61|-2765.49|-2765.49
62|-2765.49|-2765.49
63|-2806.18|-2806.18
64|-2934.02|-2934.02
65|-2968.11|-2968.11
66|-3066.72|-3066.72
67|-3066.92|-3066.92
68|-3066.92|-3066.92
69|-3066.92|-3066.92
70|-3109.56|-3109.56
71|-3114.84|-3114.84
72|-3116.16|-3116.16
73|-3116.2|-3116.2
74|-3116.22|-3116.22
75|-3116.23|-3116.23
76|-3116.24|-3116.24
77|-3116.24|-3116.24
78|-3116.24|-3116.24
79|-3117.13|-3117.13
80|-3117.35|-3117.35
81|-3117.41|-3117.41
82|-3117.42|-3117.42
83|-3117.43|-3117.43
84|-3117.43|-3117.43
85|-3117.43|-3117.43
86|-3117.43|-3117.43
87|-3549.72|-3549.72
88|-3553.58|-3553.58
89|-3554.08|-3554.08
90|-3554.08|-3554.08
91|-3558.21|-3558.21
92|-3558.46|-3558.46
93|-3558.52|-3558.52
94|-3558.54|-3558.54
95|-3558.55|-3558.55
96|-3558.55|-3558.55
97|-3558.55|-3558.55
98|-3696.57|-3696.57
99|-3747|-3747
100|-3769.48|-3769.48
101|-3770.83|-3770.83
102|-3807.19|-3807.19
103|-3825.01|-3825.01
104|-3833.8|-3833.8
105|-3838.17|-3838.17
106|-3838.72|-3838.72
107|-3838.78|-3838.78
108|-3838.79|-3838.79
109|-4040.24|-4040.24
110|-4043.62|-4043.62
111|-4093.67|-4093.67
112|-4113.75|-4113.75
113|-4122.47|-4122.47
114|-4124.51|-4124.51
115|-4124.76|-4124.76
116|-4124.89|-4124.89
117|-4124.92|-4124.92
118|-4124.93|-4124.93
119|-4124.93|-4124.93
120|-4336.32|-4336.32
121|-4483.87|-4483.87
122|-4525.36|-4525.36
123|-4534.57|-4534.57
124|-4538.03|-4538.03
125|-4538.32|-4538.32
126|-4538.34|-4538.34
127|-4538.34|-4538.34
128|-4557.91|-4557.91
129|-4637.39|-4637.39
130|-4697.45|-4697.45
131|-4711.15|-4711.15
132|-4793.8|-4793.8
133|-4805.87|-4805.87
134|-4806.5|-4806.5
135|-4806.81|-4806.81
136|-4806.89|-4806.89
137|-4806.93|-4806.93
138|-4806.95|-4806.95
139|-4806.95|-4806.95
140|-4806.95|-4806.95
141|-4901.55|-4901.55
142|-5175.45|-5175.45
143|-5193.28|-5193.28
144|-5202.08|-5202.08
145|-5206.45|-5206.45
146|-5207.54|-5207.54
147|-5207.68|-5207.68
148|-5207.75|-5207.75
149|-5207.76|-5207.76
150|-5207.77|-5207.77
151|-5207.77|-5207.77
152|-5222.9|-5222.9
153|-5271.21|-5271.21
154|-5442.08|-5442.08
155|-5530.76|-5530.76
156|-5537.31|-5537.31
157|-5541.7|-5541.7
158|-5542.05|-5542.05
159|-5542.05|-5542.05
160|-5542.05|-5542.05
161|-5542.05|-5542.05
162|-5671.42|-5671.42
163|-5748.77|-5748.77
164|-6119.2|-6119.2
165|-6163.02|-6163.02
166|-6171.83|-6171.83
167|-6173.89|-6173.89
168|-6174.9|-6174.9
169|-6175.02|-6175.02
170|-6175.04|-6175.04
171|-6175.04|-6175.04
172|-6175.04|-6175.04
173|-6218.86|-6218.86
174|-6227.67|-6227.67
175|-6229.73|-6229.73
176|-6230.74|-6230.74
177|-6230.87|-6230.87
178|-6230.88|-6230.88
179|-6230.89|-6230.89
180|-6230.89|-6230.89
181|-6230.89|-6230.89
182|-6230.9|-6230.9
183|-6334.73|-6334.73
184|-6405.43|-6405.43
185|-6421.1|-6421.1
186|-6450.73|-6450.73
187|-6468.59|-6468.59
188|-6477.41|-6477.41
189|-6481.79|-6481.79
190|-6483.97|-6483.97
191|-6485.06|-6485.06
192|-6485.06|-6485.06
193|-6485.06|-6485.06
194|-6560.31|-6560.31
195|-6923.11|-6923.11
196|-6968.3|-6968.3
197|-6977.46|-6977.46
198|-6981.71|-6981.71
199|-6983.76|-6983.76
200|-6984.01|-6984.01
201|-6984.13|-6984.13
202|-6984.16|-6984.16
203|-6984.17|-6984.17
204|-6984.17|-6984.17
205|-6984.17|-6984.17
206|-7428.43|-7428.43
207|-7430.47|-7430.47
208|-7430.72|-7430.72
209|-7430.78|-7430.78
210|-7430.81|-7430.81
211|-7430.83|-7430.83
212|-7430.83|-7430.83
213|-7430.83|-7430.83
214|-7430.83|-7430.83
215|-7497.28|-7497.28
216|-7826.02|-7826.02
217|-7828.49|-7828.49
218|-7944.54|-7944.54
219|-7944.54|-7944.54
220|-8043.79|-8043.79
221|-8285.34|-8285.34
222|-8376.75|-8376.75
223|-8377.96|-8377.96
224|-8378.11|-8378.11
225|-8378.12|-8378.12
226|-8378.12|-8378.12
227|-8493.39|-8493.39
228|-8500.55|-8500.55
229|-8500.56|-8500.56
230|-8500.56|-8500.56
231|-8631.75|-8631.75
232|-8672.38|-8672.38
233|-8687.58|-8687.58
234|-8693.82|-8693.82
235|-8696.59|-8696.59
236|-8697.89|-8697.89
237|-8698.52|-8698.52
238|-8698.67|-8698.67
239|-8698.75|-8698.75
240|-8698.79|-8698.79
241|-8698.8|-8698.8
242|-8698.8|-8698.8
243|-8734.17|-8734.17
244|-8802.48|-8802.48
245|-8867.12|-8867.12
246|-8873.13|-8873.13
247|-8873.22|-8873.22
248|-8873.23|-8873.23
249|-8964.04|-8964.04
250|-9212.05|-9212.05
251|-9298.92|-9298.92
252|-9300.44|-9300.44
253|-9300.83|-9300.83
254|-9300.87|-9300.87
255|-9300.88|-9300.88
256|-9300.89|-9300.89
257|-9300.89|-9300.89
258|-9300.89|-9300.89
259|-9437.95|-9437.95
260|-9530.56|-9530.56
261|-9569.86|-9569.86
262|-9570.36|-9570.36
263|-9570.38|-9570.38
264|-9570.38|-9570.38
265|-9570.39|-9570.39
266|-9974.8|-9974.8
267|-10062.6|-10062.6
268|-10188.9|-10188.9
269|-10203.1|-10203.1
270|-10208.9|-10208.9
271|-10210.1|-10210.1
272|-10210.8|-10210.8
273|-10210.8|-10210.8
274|-10210.9|-10210.9
275|-10210.9|-10210.9
276|-10210.9|-10210.9
277|-10210.9|-10210.9
278|-10210.9|-10210.9
279|-10210.9|-10210.9
280|-10210.9|-10210.9
281|-10210.9|-10210.9
282|-10210.9|-10210.9
283|-10210.9|-10210.9
284|-10210.9|-10210.9
285|-10210.9|-10210.9
286|-10210.9|-10210.9
287|-10210.9|-10210.9
288|-10210.9|-10210.9
289|-10210.9|-10210.9
290|-10210.9|-10210.9
291|-10210.9|-10210.9
292|-10210.9|-10210.9
293|-10210.9|-10210.9
294|-10210.9|-10210.9
295|-10210.9|-10210.9
296|-10210.9|-10210.9
297|-10210.9|-10210.9
298|-10210.9|-10210.9
299|-10210.9|-10210.9
300|-10210.9|-10210.9
301|-10210.9|-10210.9
302|-10210.9|-10210.9
303|-10210.9|-10210.9
304|-10210.9|-10210.9
305|-10210.9|-10210.9
306|-10210.9|-10210.9
307|-10210.9|-10210.9
308|-10210.9|-10210.9
309|-10210.9|-10210.9
310|-10210.9|-10210.9
311|-10210.9|-10210.9
312|-10210.9|-10210.9
313|-10210.9|-10210.9
314|-10210.9|-10210.9
315|-10210.9|-10210.9
316|-10210.9|-10210.9
317|-10210.9|-10210.9
318|-10210.9|-10210.9
319|-10210.9|-10210.9
320|-10210.9|-10210.9
321|-10210.9|-10210.9
322|-10210.9|-10210.9
323|-10210.9|-10210.9
324|-10210.9|-10210.9
325|-10210.9|-10210.9
326|-10210.9|-10210.9
327|-10210.9|-10210.9
328|-10210.9|-10210.9
329|-10210.9|-10210.9
330|-10210.9|-10210.9
331|-10210.9|-10210.9
332|-10210.9|-10210.9
333|-10210.9|-10210.9
334|-10210.9|-10210.9
335|-10210.9|-10210.9
336|-10210.9|-10210.9
337|-10210.9|-10210.9
338|-10210.9|-10210.9
339|-10210.9|-10210.9
340|-10210.9|-10210.9
341|-10210.9|-10210.9
342|-10210.9|-10210.9
343|-10210.9|-10210.9
344|-10210.9|-10210.9
345|-10210.9|-10210.9
346|-10210.9|-10210.9
347|-10210.9|-10210.9
348|-10210.9|-10210.9
349|-10210.9|-10210.9
350|-10210.9|-10210.9
351|-10210.9|-10210.9
352|-10210.9|-10210.9
353|-10210.9|-10210.9
354|-10210.9|-10210.9
355|-10210.9|-10210.9
356|-10210.9|-10210.9
357|-10210.9|-10210.9
358|-10210.9|-10210.9
359|-10210.9|-10210.9
360|-10210.9|-10210.9
361|-10210.9|-10210.9
362|-10210.9|-10210.9
363|-10210.9|-10210.9
364|-10210.9|-10210.9
365|-10210.9|-10210.9
366|-10210.9|-10210.9
367|-10210.9|-10210.9
368|-10210.9|-10210.9
369|-10210.9|-10210.9
370|-10210.9|-10210.9
371|-10210.9|-10210.9
372|-10210.9|-10210.9
373|-10210.9|-10210.9
374|-10210.9|-10210.9
375|-10210.9|-10210.9
376|-10210.9|-10210.9
377|-10210.9|-10210.9
378|-10210.9|-10210.9
379|-10210.9|-10210.9
380|-10210.9|-10210.9
381|-10210.9|-10210.9
382|-10210.9|-10210.9
383|-10210.9|-10210.9
384|-10210.9|-10210.9
385|-10210.9|-10210.9
386|-10210.9|-10210.9
387|-10210.9|-10210.9
388|-10210.9|-10210.9
389|-10210.9|-10210.9
390|-10210.9|-10210.9
391|-10210.9|-10210.9
392|-10210.9|-10210.9
393|-10210.9|-10210.9
394|-10210.9|-10210.9
395|-10210.9|-10210.9
396|-10210.9|-10210.9
397|-10210.9|-10210.9
398|-10210.9|-10210.9
399|-10210.9|-10210.9
400|-10210.9|-10210.9
401|-10210.9|-10210.9
402|-10210.9|-10210.9
403|-10210.9|-10210.9
404|-10210.9|-10210.9
405|-10210.9|-10210.9
406|-10210.9|-10210.9
407|-10210.9|-10210.9
408|-10210.9|-10210.9
409|-10210.9|-10210.9
410|-10210.9|-10210.9
411|-10210.9|-10210.9
412|-10210.9|-10210.9
413|-10210.9|-10210.9
414|-10210.9|-10210.9
415|-10210.9|-10210.9
416|-10210.9|-10210.9
417|-10210.9|-10210.9
418|-10210.9|-10210.9
419|-10210.9|-10210.9
420|-10210.9|-10210.9
421|-10210.9|-10210.9
422|-10210.9|-10210.9
423|-10210.9|-10210.9
424|-10210.9|-10210.9
425|-10210.9|-10210.9
426|-10210.9|-10210.9
EARLY STOP: TARGET FOUND
4750694ms
