1|-367.172|-367.172
2|-367.852|-367.852
3|-367.994|-367.994
4|-368.049|-368.049
5|-368.054|-368.054
6|-368.054|-368.054
7|-368.054|-368.054
8|-693.323|-693.323
9|-700.429|-700.429
10|-814.205|-814.205
11|-814.214|-814.214
12|-814.215|-814.215
13|-826.039|-826.039
14|-826.348|-826.348
15|-826.425|-826.425
16|-826.43|-826.43
17|-826.432|-826.432
18|-826.433|-826.433
19|-826.434|-826.434
20|-826.434|-826.434
21|-826.434|-826.434
22|-847.67|-847.67
23|-852.948|-852.948
24|-854.265|-854.265
25|-854.347|-854.347
26|-854.368|-854.368
27|-1231.8|-1231.8
28|-1311.14|-1311.14
29|-1440.01|-1440.01
30|-1470.63|-1470.63
31|-1476.01|-1476.01
32|-1476.03|-1476.03
33|-1476.04|-1476.04
34|-1476.04|-1476.04
35|-1476.04|-1476.04
36|-1476.04|-1476.04
37|-1476.04|-1476.04
38|-1476.04|-1476.04
39|-1476.04|-1476.04
40|-1476.04|-1476.04
41|-1476.04|-1476.04
42|-1476.04|-1476.04
43|-1476.04|-1476.04
44|-1476.04|-1476.04
45|-1476.04|-1476.04
46|-1476.04|-1476.04
47|-1476.04|-1476.04
48|-1476.04|-1476.04
49|-1476.04|-1476.04
50|-1476.04|-1476.04
51|-1476.04|-1476.04
52|-1476.04|-1476.04
53|-1476.04|-1476.04
54|-1476.04|-1476.04
55|-1476.04|-1476.04
56|-1476.04|-1476.04
57|-1476.04|-1476.04
58|-1476.04|-1476.04
59|-1476.04|-1476.04
60|-1476.04|-1476.04
61|-1476.04|-1476.04
62|-1476.04|-1476.04
63|-1476.04|-1476.04
64|-1476.04|-1476.04
65|-1476.04|-1476.04
66|-1476.04|-1476.04
67|-1476.04|-1476.04
68|-1476.04|-1476.04
69|-1476.04|-1476.04
70|-1476.04|-1476.04
71|-1476.04|-1476.04
72|-1476.04|-1476.04
73|-1476.04|-1476.04
74|-1476.04|-1476.04
75|-1476.04|-1476.04
76|-1476.04|-1476.04
77|-1476.04|-1476.04
78|-1476.04|-1476.04
79|-1476.04|-1476.04
80|-1476.04|-1476.04
81|-1476.04|-1476.04
82|-1476.04|-1476.04
83|-1476.04|-1476.04
84|-1476.04|-1476.04
85|-1476.04|-1476.04
86|-1476.04|-1476.04
87|-1476.04|-1476.04
88|-1476.04|-1476.04
89|-1476.04|-1476.04
90|-1476.04|-1476.04
91|-1476.04|-1476.04
92|-1476.04|-1476.04
93|-1476.04|-1476.04
94|-1476.04|-1476.04
95|-1476.04|-1476.04
96|-1476.04|-1476.04
97|-1476.04|-1476.04
98|-1476.04|-1476.04
99|-1476.04|-1476.04
100|-1476.04|-1476.04
101|-1476.04|-1476.04
102|-1476.04|-1476.04
103|-1476.04|-1476.04
104|-1476.04|-1476.04
105|-1476.04|-1476.04
106|-1476.04|-1476.04
107|-1476.04|-1476.04
108|-1476.04|-1476.04
109|-1476.04|-1476.04
110|-1476.04|-1476.04
111|-1476.04|-1476.04
112|-1476.04|-1476.04
113|-1476.04|-1476.04
114|-1476.04|-1476.04
115|-1476.04|-1476.04
116|-1476.04|-1476.04
117|-1476.04|-1476.04
118|-1476.04|-1476.04
119|-1476.04|-1476.04
120|-1476.04|-1476.04
121|-1476.04|-1476.04
122|-1476.04|-1476.04
123|-1476.04|-1476.04
124|-1476.04|-1476.04
125|-1476.04|-1476.04
126|-1476.04|-1476.04
127|-1476.04|-1476.04
128|-1476.04|-1476.04
129|-1476.04|-1476.04
130|-1476.04|-1476.04
131|-1476.04|-1476.04
132|-1476.04|-1476.04
133|-1476.04|-1476.04
134|-1476.04|-1476.04
135|-1476.04|-1476.04
136|-1476.04|-1476.04
137|-1476.04|-1476.04
138|-1476.04|-1476.04
139|-1476.04|-1476.04
140|-1476.04|-1476.04
141|-1476.04|-1476.04
142|-1476.04|-1476.04
143|-1476.04|-1476.04
144|-1476.04|-1476.04
145|-1476.04|-1476.04
146|-1476.04|-1476.04
147|-1476.04|-1476.04
148|-1476.04|-1476.04
149|-1476.04|-1476.04
150|-1476.04|-1476.04
151|-1476.04|-1476.04
152|-1476.04|-1476.04
153|-1476.04|-1476.04
154|-1476.04|-1476.04
155|-1476.04|-1476.04
156|-1476.04|-1476.04
157|-1476.04|-1476.04
158|-1476.04|-1476.04
159|-1476.04|-1476.04
160|-1476.04|-1476.04
161|-1476.04|-1476.04
162|-1476.04|-1476.04
163|-1476.04|-1476.04
164|-1476.04|-1476.04
165|-1476.04|-1476.04
166|-1476.04|-1476.04
167|-1476.04|-1476.04
168|-1476.04|-1476.04
169|-1476.04|-1476.04
170|-1476.04|-1476.04
171|-1476.04|-1476.04
172|-1476.04|-1476.04
173|-1476.04|-1476.04
174|-1476.04|-1476.04
175|-1476.04|-1476.04
176|-1476.04|-1476.04
177|-1476.04|-1476.04
178|-1476.04|-1476.04
179|-1476.04|-1476.04
180|-1476.04|-1476.04
181|-1476.04|-1476.04
182|-1476.04|-1476.04
183|-1476.04|-1476.04
184|-1476.04|-1476.04
185|-1476.04|-1476.04
186|-1476.04|-1476.04
187|-1476.04|-1476.04
188|-1476.04|-1476.04
EARLY STOP: TARGET FOUND
95180ms
