1|257.26|257.26
2|256.191|256.191
3|255.964|255.964
4|255.927|255.927
5|255.926|255.926
6|255.926|255.926
7|255.926|255.926
8|252.532|252.532
9|252.064|252.064
10|252.062|252.062
11|252.062|252.062
12|237.812|237.812
13|236.726|236.726
14|236.49|236.49
15|236.449|236.449
16|236.447|236.447
17|236.447|236.447
18|236.447|236.447
19|235.286|235.286
20|235.013|235.013
21|235.013|235.013
22|234.953|234.953
23|234.942|234.942
24|234.942|234.942
25|234.941|234.941
26|234.941|234.941
27|232.495|232.495
28|232.42|232.42
29|232.402|232.402
30|232.397|232.397
31|232.396|232.396
32|232.396|232.396
33|232.396|232.396
34|232.396|232.396
35|211.891|211.891
36|211.636|211.636
37|211.586|211.586
38|211.581|211.581
39|211.58|211.58
40|211.58|211.58
41|211.58|211.58
42|211.58|211.58
43|200.357|200.357
44|198.247|198.247
45|198.214|198.214
46|198.214|198.214
47|198.214|198.214
48|197.397|197.397
49|197.321|197.321
50|197.302|197.302
51|197.298|197.298
52|197.297|197.297
53|197.296|197.296
54|197.296|197.296
55|197.296|197.296
56|182.05|182.05
57|181.088|181.088
58|180.915|180.915
59|180.903|180.903
60|180.903|180.903
61|180.902|180.902
62|180.902|180.902
63|177.56|177.56
64|177.118|177.118
65|177.117|177.117
66|177.117|177.117
67|168.579|168.579
68|165.799|165.799
69|165.615|165.615
70|165.602|165.602
71|165.599|165.599
72|165.599|165.599
73|139.668|139.668
74|139.667|139.667
75|139.667|139.667
76|139.438|139.438
77|139.401|139.401
78|139.401|139.401
79|139.4|139.4
80|139.4|139.4
81|139.4|139.4
82|138.608|138.608
83|138.538|138.538
84|138.538|138.538
85|138.522|138.522
86|138.522|138.522
87|138.519|138.519
88|138.518|138.518
89|138.518|138.518
90|138.518|138.518
91|135.554|135.554
92|135.325|135.325
93|135.288|135.288
94|135.287|135.287
95|135.286|135.286
96|135.286|135.286
97|135.286|135.286
98|134.84|134.84
99|134.839|134.839
100|134.839|134.839
101|134.839|134.839
102|134.788|134.788
103|134.783|134.783
104|134.782|134.782
105|134.782|134.782
106|134.782|134.782
107|134.782|134.782
108|134.58|134.58
109|134.562|134.562
110|134.557|134.557
111|134.556|134.556
112|134.556|134.556
113|134.556|134.556
114|123.898|123.898
115|123.898|123.898
116|121.647|121.647
117|121.647|121.647
118|121.596|121.596
119|121.592|121.592
120|121.592|121.592
121|121.59|121.59
122|121.59|121.59
123|121.59|121.59
124|121.59|121.59
125|121.59|121.59
126|99.2061|99.2061
127|99.2061|99.2061
128|99.0691|99.0691
129|99.0664|99.0664
130|99.0663|99.0663
131|99.0662|99.0662
132|99.0662|99.0662
133|99.0662|99.0662
134|99.0661|99.0661
135|92.6856|92.6856
136|89.3655|89.3655
137|88.9343|88.9343
138|88.9341|88.9341
139|88.934|88.934
140|77.3686|77.3686
141|77.3686|77.3686
142|75.3448|75.3448
143|75.3271|75.3271
144|75.323|75.323
145|75.3222|75.3222
146|75.3221|75.3221
147|75.3221|75.3221
148|62.8674|62.8674
149|61.0659|61.0659
150|61.0624|61.0624
151|61.0618|61.0618
152|61.0618|61.0618
153|60.2206|60.2206
154|60.2206|60.2206
155|55.5157|55.5157
156|54.392|54.392
157|54.1374|54.1374
158|54.0869|54.0869
159|54.0823|54.0823
160|54.0812|54.0812
161|54.0809|54.0809
162|54.0808|54.0808
163|54.0808|54.0808
164|44.9882|44.9882
165|42.3461|42.3461
166|42.1976|42.1976
167|42.1934|42.1934
168|42.1926|42.1926
169|42.1924|42.1924
170|42.1924|42.1924
171|25.8223|25.8223
172|25.0014|25.0014
173|24.8981|24.8981
174|24.8981|24.8981
175|7.28814|7.28814
176|7.28814|7.28814
177|7.28814|7.28814
178|6.62218|6.62218
179|6.62218|6.62218
180|6.58369|6.58369
181|6.58369|6.58369
182|6.58207|6.58207
183|5.91578|5.91578
184|5.8772|5.8772
185|5.8772|5.8772
186|5.87556|5.87556
187|5.87556|5.87556
188|2.48629|2.48629
189|2.48629|2.48629
190|2.48629|2.48629
191|2.48629|2.48629
192|2.48629|2.48629
193|2.48629|2.48629
194|2.48629|2.48629
195|2.48629|2.48629
196|2.02046|2.02046
197|2.02046|2.02046
198|2.01854|2.01854
199|2.01854|2.01854
200|2.01853|2.01853
201|2.01853|2.01853
202|2.01853|2.01853
203|0.019811|0.019811
204|0.019811|0.019811
205|0.019811|0.019811
206|0.019811|0.019811
207|0.019811|0.019811
208|0.019811|0.019811
209|0.019811|0.019811
210|0.019811|0.019811
211|0.019811|0.019811
212|0.019811|0.019811
213|0.0198109|0.0198109
214|0.0198109|0.0198109
215|0.0198109|0.0198109
216|0.0198109|0.0198109
217|0.0198109|0.0198109
218|0.0198108|0.0198108
219|0.0198108|0.0198108
220|0.0198108|0.0198108
221|0.0198108|0.0198108
222|0.0198107|0.0198107
223|0.0198107|0.0198107
224|0.0198107|0.0198107
225|0.0198107|0.0198107
226|0.0198107|0.0198107
227|0.0198107|0.0198107
228|0.0198106|0.0198106
229|0.0198106|0.0198106
230|0.0198106|0.0198106
231|0.0198106|0.0198106
232|0.0198105|0.0198105
233|0.0198105|0.0198105
234|0.0198105|0.0198105
235|0.0198105|0.0198105
236|0.0198105|0.0198105
237|0.0198105|0.0198105
238|0.0198104|0.0198104
239|0.0198104|0.0198104
240|0.0198104|0.0198104
241|0.0198104|0.0198104
242|0.0198104|0.0198104
243|0.0198104|0.0198104
244|0.0198104|0.0198104
245|0.0198103|0.0198103
246|0.0198102|0.0198102
247|0.0198102|0.0198102
248|0.0198102|0.0198102
249|0.0198101|0.0198101
250|0.0198101|0.0198101
251|0.0198101|0.0198101
252|0.0198101|0.0198101
253|0.0198101|0.0198101
254|0.0198101|0.0198101
255|0.01981|0.01981
256|0.01981|0.01981
257|0.01981|0.01981
258|0.01981|0.01981
259|0.0198099|0.0198099
260|0.0198099|0.0198099
261|0.0198099|0.0198099
262|0.0198099|0.0198099
263|0.0198099|0.0198099
264|0.0198098|0.0198098
265|0.0198098|0.0198098
266|0.0198098|0.0198098
267|0.0198098|0.0198098
268|0.0198098|0.0198098
269|0.00369022|0.00369022
EARLY STOP: TARGET FOUND
1423851ms
