1|1155.44|1155.44
2|1052.75|1052.75
3|612.879|612.879
4|608.667|608.667
5|607.65|607.65
6|607.146|607.146
7|607.021|607.021
8|606.958|606.958
9|606.943|606.943
10|606.939|606.939
11|606.938|606.938
12|606.937|606.937
13|161.517|161.517
14|-10.7515|-10.7515
15|-98.7126|-98.7126
16|-107.065|-107.065
17|-110.544|-110.544
18|-110.738|-110.738
19|-111.124|-111.124
20|-111.128|-111.128
21|-111.129|-111.129
22|-111.129|-111.129
23|-555.235|-555.235
24|-556.932|-556.932
25|-556.938|-556.938
26|-615.821|-615.821
27|-746.967|-746.967
28|-821.18|-821.18
29|-823.954|-823.954
30|-825.253|-825.253
31|-825.88|-825.88
32|-826.035|-826.035
33|-826.112|-826.112
34|-826.15|-826.15
35|-826.169|-826.169
36|-826.172|-826.172
37|-826.173|-826.173
38|-826.174|-826.174
39|-826.174|-826.174
40|-826.174|-826.174
41|-914.895|-914.895
42|-1085.68|-1085.68
43|-1533.4|-1533.4
44|-1534.35|-1534.35
45|-1534.47|-1534.47
46|-1568.71|-1568.71
47|-1752.35|-1752.35
48|-1834.17|-1834.17
49|-1858.29|-1858.29
50|-1858.59|-1858.59
51|-1858.6|-1858.6
52|-1858.61|-1858.61
53|-1858.61|-1858.61
54|-1895|-1895
55|-1912.84|-1912.84
56|-1921.65|-1921.65
57|-1926.02|-1926.02
58|-1927.11|-1927.11
59|-1927.66|-1927.66
60|-1927.93|-1927.93
61|-1928|-1928
62|-1928.03|-1928.03
63|-1928.05|-1928.05
64|-1928.05|-1928.05
65|-1928.05|-1928.05
66|-1928.05|-1928.05
67|-2095.16|-2095.16
68|-2282.88|-2282.88
69|-2305.19|-2305.19
70|-2353.06|-2353.06
71|-2371.95|-2371.95
72|-2376.12|-2376.12
73|-2376.63|-2376.63
74|-2376.88|-2376.88
75|-2377|-2377
76|-2377.07|-2377.07
77|-2377.08|-2377.08
78|-2377.09|-2377.09
79|-2377.09|-2377.09
80|-2377.1|-2377.1
81|-2377.1|-2377.1
82|-2377.1|-2377.1
83|-2432.78|-2432.78
84|-2718.15|-2718.15
85|-2776.49|-2776.49
86|-2864.69|-2864.69
87|-2866.11|-2866.11
88|-2866.46|-2866.46
89|-2866.46|-2866.46
90|-2866.47|-2866.47
91|-2866.47|-2866.47
92|-2935.62|-2935.62
93|-2966.75|-2966.75
94|-3077.48|-3077.48
95|-3087.66|-3087.66
96|-3281.87|-3281.87
97|-3356.82|-3356.82
98|-3399.35|-3399.35
99|-3400.72|-3400.72
100|-3400.74|-3400.74
101|-3400.75|-3400.75
102|-3400.75|-3400.75
103|-3400.75|-3400.75
104|-3400.75|-3400.75
105|-3400.75|-3400.75
106|-3400.75|-3400.75
107|-3400.75|-3400.75
108|-3400.75|-3400.75
109|-3400.75|-3400.75
110|-3400.75|-3400.75
111|-3400.75|-3400.75
112|-3400.75|-3400.75
113|-3400.75|-3400.75
114|-3400.75|-3400.75
115|-3400.75|-3400.75
116|-3400.75|-3400.75
117|-3400.75|-3400.75
118|-3400.75|-3400.75
119|-3400.75|-3400.75
120|-3400.75|-3400.75
121|-3400.75|-3400.75
122|-3400.75|-3400.75
123|-3400.75|-3400.75
124|-3400.75|-3400.75
125|-3400.75|-3400.75
126|-3400.75|-3400.75
127|-3400.75|-3400.75
128|-3400.75|-3400.75
129|-3400.75|-3400.75
130|-3400.75|-3400.75
131|-3400.75|-3400.75
132|-3400.75|-3400.75
133|-3400.75|-3400.75
134|-3400.75|-3400.75
135|-3400.75|-3400.75
136|-3400.75|-3400.75
137|-3400.75|-3400.75
138|-3400.75|-3400.75
139|-3400.75|-3400.75
140|-3400.75|-3400.75
141|-3400.75|-3400.75
142|-3400.75|-3400.75
143|-3400.75|-3400.75
144|-3400.75|-3400.75
145|-3400.75|-3400.75
146|-3400.75|-3400.75
147|-3400.75|-3400.75
148|-3400.75|-3400.75
149|-3400.75|-3400.75
150|-3400.75|-3400.75
151|-3400.75|-3400.75
152|-3400.75|-3400.75
153|-3400.75|-3400.75
154|-3400.75|-3400.75
155|-3400.75|-3400.75
156|-3400.75|-3400.75
157|-3400.75|-3400.75
158|-3400.75|-3400.75
159|-3400.75|-3400.75
160|-3400.75|-3400.75
161|-3400.75|-3400.75
162|-3400.75|-3400.75
163|-3400.75|-3400.75
164|-3400.75|-3400.75
165|-3400.75|-3400.75
166|-3400.75|-3400.75
167|-3400.75|-3400.75
168|-3400.75|-3400.75
169|-3400.75|-3400.75
170|-3400.75|-3400.75
171|-3400.75|-3400.75
172|-3400.75|-3400.75
173|-3400.75|-3400.75
174|-3400.75|-3400.75
175|-3400.75|-3400.75
176|-3400.75|-3400.75
177|-3400.75|-3400.75
178|-3400.75|-3400.75
179|-3400.75|-3400.75
180|-3400.75|-3400.75
181|-3400.75|-3400.75
182|-3400.75|-3400.75
183|-3400.75|-3400.75
184|-3400.75|-3400.75
185|-3400.75|-3400.75
186|-3400.75|-3400.75
187|-3400.75|-3400.75
188|-3400.75|-3400.75
189|-3400.75|-3400.75
190|-3400.75|-3400.75
191|-3400.75|-3400.75
192|-3400.75|-3400.75
193|-3400.75|-3400.75
194|-3400.75|-3400.75
195|-3400.75|-3400.75
196|-3400.75|-3400.75
197|-3400.75|-3400.75
198|-3400.75|-3400.75
199|-3400.75|-3400.75
200|-3400.75|-3400.75
201|-3400.75|-3400.75
202|-3400.75|-3400.75
203|-3400.75|-3400.75
204|-3400.75|-3400.75
205|-3400.75|-3400.75
206|-3400.75|-3400.75
207|-3400.75|-3400.75
208|-3400.75|-3400.75
209|-3400.75|-3400.75
210|-3400.75|-3400.75
211|-3400.75|-3400.75
212|-3400.75|-3400.75
213|-3400.75|-3400.75
214|-3400.75|-3400.75
215|-3400.75|-3400.75
216|-3400.75|-3400.75
217|-3400.75|-3400.75
218|-3400.75|-3400.75
219|-3400.75|-3400.75
220|-3400.75|-3400.75
221|-3400.75|-3400.75
222|-3400.75|-3400.75
223|-3400.75|-3400.75
224|-3400.75|-3400.75
225|-3400.75|-3400.75
226|-3400.75|-3400.75
227|-3400.75|-3400.75
228|-3400.75|-3400.75
229|-3400.75|-3400.75
230|-3400.75|-3400.75
231|-3400.75|-3400.75
232|-3400.75|-3400.75
233|-3400.75|-3400.75
234|-3400.75|-3400.75
235|-3400.75|-3400.75
236|-3400.75|-3400.75
237|-3400.75|-3400.75
238|-3400.75|-3400.75
239|-3400.75|-3400.75
240|-3400.75|-3400.75
241|-3400.75|-3400.75
242|-3400.75|-3400.75
243|-3400.75|-3400.75
244|-3400.75|-3400.75
245|-3400.75|-3400.75
246|-3400.75|-3400.75
247|-3400.75|-3400.75
248|-3400.75|-3400.75
249|-3400.75|-3400.75
250|-3400.75|-3400.75
251|-3400.75|-3400.75
252|-3400.75|-3400.75
253|-3400.75|-3400.75
EARLY STOP: TARGET FOUND
415502ms
