1|-462.78|-462.78
2|-514.514|-514.514
3|-586.68|-586.68
4|-615.401|-615.401
5|-802.234|-802.234
6|-882.167|-882.167
7|-911.255|-911.255
8|-911.258|-911.258
9|-911.259|-911.259
10|-969.354|-969.354
11|-1012.95|-1012.95
12|-1012.95|-1012.95
13|-1021.7|-1021.7
14|-1023.75|-1023.75
15|-1023.75|-1023.75
16|-1024.25|-1024.25
17|-1024.31|-1024.31
18|-1024.34|-1024.34
19|-1024.36|-1024.36
20|-1024.36|-1024.36
21|-1024.37|-1024.37
22|-1024.37|-1024.37
23|-1124|-1124
24|-1124.44|-1124.44
25|-1124.51|-1124.51
26|-1124.54|-1124.54
27|-1124.55|-1124.55
28|-1124.55|-1124.55
29|-1124.55|-1124.55
30|-1199.86|-1199.86
31|-1274.54|-1274.54
32|-1534.76|-1534.76
33|-1612.94|-1612.94
34|-1616.18|-1616.18
35|-1616.25|-1616.25
36|-1616.28|-1616.28
37|-1616.29|-1616.29
38|-1616.29|-1616.29
39|-1616.3|-1616.3
40|-1616.3|-1616.3
41|-1833.92|-1833.92
42|-1941.87|-1941.87
43|-1941.91|-1941.91
44|-1941.92|-1941.92
45|-1941.92|-1941.92
46|-1941.92|-1941.92
47|-1941.92|-1941.92
48|-1941.92|-1941.92
49|-1941.92|-1941.92
50|-1941.92|-1941.92
51|-1941.92|-1941.92
52|-1941.92|-1941.92
53|-1941.92|-1941.92
54|-1941.92|-1941.92
55|-1941.92|-1941.92
56|-1941.92|-1941.92
57|-1941.92|-1941.92
58|-1941.92|-1941.92
59|-1941.92|-1941.92
60|-1941.92|-1941.92
61|-1941.92|-1941.92
62|-1941.92|-1941.92
63|-1941.92|-1941.92
64|-1941.92|-1941.92
65|-1941.92|-1941.92
66|-1941.92|-1941.92
67|-1941.92|-1941.92
68|-1941.92|-1941.92
69|-1941.92|-1941.92
70|-1941.92|-1941.92
71|-1941.92|-1941.92
72|-1941.92|-1941.92
73|-1941.92|-1941.92
74|-1941.92|-1941.92
75|-1941.92|-1941.92
76|-1941.92|-1941.92
77|-1941.92|-1941.92
78|-1941.92|-1941.92
79|-1941.92|-1941.92
80|-1941.92|-1941.92
81|-1941.92|-1941.92
82|-1941.92|-1941.92
83|-1941.92|-1941.92
84|-1941.92|-1941.92
85|-1941.92|-1941.92
86|-1941.92|-1941.92
87|-1941.92|-1941.92
88|-1941.92|-1941.92
89|-1941.92|-1941.92
90|-1941.92|-1941.92
91|-1941.92|-1941.92
92|-1941.92|-1941.92
93|-1941.92|-1941.92
94|-1941.92|-1941.92
95|-1941.92|-1941.92
96|-1941.92|-1941.92
97|-1941.92|-1941.92
98|-1941.92|-1941.92
99|-1941.92|-1941.92
100|-1941.92|-1941.92
101|-1941.92|-1941.92
102|-1941.92|-1941.92
103|-1941.92|-1941.92
104|-1941.92|-1941.92
105|-1941.92|-1941.92
106|-1941.92|-1941.92
107|-1941.92|-1941.92
108|-1941.92|-1941.92
109|-1941.92|-1941.92
110|-1941.92|-1941.92
111|-1941.92|-1941.92
112|-1941.92|-1941.92
113|-1941.92|-1941.92
114|-1941.92|-1941.92
115|-1941.92|-1941.92
116|-1941.92|-1941.92
117|-1941.92|-1941.92
118|-1941.92|-1941.92
119|-1941.92|-1941.92
120|-1941.92|-1941.92
121|-1941.92|-1941.92
122|-1941.92|-1941.92
123|-1941.92|-1941.92
124|-1941.92|-1941.92
125|-1941.92|-1941.92
126|-1941.92|-1941.92
127|-1941.92|-1941.92
128|-1941.92|-1941.92
129|-1941.92|-1941.92
130|-1941.92|-1941.92
131|-1941.92|-1941.92
132|-1941.92|-1941.92
133|-1941.92|-1941.92
134|-1941.92|-1941.92
135|-1941.92|-1941.92
136|-1941.92|-1941.92
137|-1941.92|-1941.92
138|-1941.92|-1941.92
139|-1941.92|-1941.92
140|-1941.92|-1941.92
141|-1941.92|-1941.92
142|-1941.92|-1941.92
143|-1941.92|-1941.92
144|-1941.92|-1941.92
145|-1941.92|-1941.92
146|-1941.92|-1941.92
147|-1941.92|-1941.92
148|-1941.92|-1941.92
149|-1941.92|-1941.92
150|-1941.92|-1941.92
151|-1941.92|-1941.92
152|-1941.92|-1941.92
153|-1941.92|-1941.92
154|-1941.92|-1941.92
155|-1941.92|-1941.92
156|-1941.92|-1941.92
157|-1941.92|-1941.92
158|-1941.92|-1941.92
159|-1941.92|-1941.92
160|-1941.92|-1941.92
161|-1941.92|-1941.92
162|-1941.92|-1941.92
163|-1941.92|-1941.92
164|-1941.92|-1941.92
165|-1941.92|-1941.92
166|-1941.92|-1941.92
167|-1941.92|-1941.92
168|-1941.92|-1941.92
169|-1941.92|-1941.92
170|-1941.92|-1941.92
171|-1941.92|-1941.92
172|-1941.92|-1941.92
173|-1941.92|-1941.92
174|-1941.92|-1941.92
175|-1941.92|-1941.92
176|-1941.92|-1941.92
177|-1941.92|-1941.92
178|-1941.92|-1941.92
179|-1941.92|-1941.92
180|-1941.92|-1941.92
181|-1941.92|-1941.92
182|-1941.92|-1941.92
183|-1941.92|-1941.92
184|-1941.92|-1941.92
185|-1941.92|-1941.92
186|-1941.92|-1941.92
187|-1941.92|-1941.92
188|-1941.92|-1941.92
189|-1941.92|-1941.92
190|-1941.92|-1941.92
191|-1941.92|-1941.92
192|-1941.92|-1941.92
193|-1941.92|-1941.92
194|-1941.92|-1941.92
195|-1941.92|-1941.92
196|-1941.92|-1941.92
EARLY STOP: TARGET FOUND
96229ms
