1|-4.62653|-4.62653
2|-4.64829|-4.64829
3|-4.67588|-4.67588
4|-4.67596|-4.67596
5|-4.676|-4.676
6|-4.82072|-4.82072
7|-4.82799|-4.82799
8|-4.82804|-4.82804
9|-4.82804|-4.82804
10|-4.82804|-4.82804
11|-4.82804|-4.82804
12|-5.19584|-5.19584
13|-5.2619|-5.2619
14|-5.29667|-5.29667
15|-5.29667|-5.29667
16|-5.31442|-5.31442
17|-5.32337|-5.32337
18|-5.32786|-5.32786
19|-5.33011|-5.33011
20|-5.33068|-5.33068
21|-5.33075|-5.33075
22|-5.3311|-5.3311
23|-5.33136|-5.33136
24|-5.33138|-5.33138
25|-5.33139|-5.33139
26|-5.3314|-5.3314
27|-5.4043|-5.4043
28|-5.95054|-5.95054
29|-6.09091|-6.09091
30|-6.13812|-6.13812
31|-6.14669|-6.14669
32|-6.14861|-6.14861
33|-6.14873|-6.14873
34|-6.14879|-6.14879
35|-6.91158|-6.91158
36|-6.96667|-6.96667
37|-6.96669|-6.96669
38|-7.51679|-7.51679
39|-7.52867|-7.52867
40|-7.52937|-7.52937
41|-7.52938|-7.52938
42|-7.52938|-7.52938
43|-7.52938|-7.52938
44|-7.73127|-7.73127
45|-7.7508|-7.7508
46|-7.75197|-7.75197
47|-7.75226|-7.75226
48|-7.75248|-7.75248
49|-8.61717|-8.61717
50|-8.70996|-8.70996
51|-8.71104|-8.71104
52|-8.71104|-8.71104
53|-8.71108|-8.71108
54|-8.74847|-8.74847
55|-8.74847|-8.74847
56|-8.81198|-8.81198
57|-8.86238|-8.86238
58|-8.89239|-8.89239
59|-8.90037|-8.90037
60|-8.90442|-8.90442
61|-8.90646|-8.90646
62|-8.90749|-8.90749
63|-8.908|-8.908
64|-8.90813|-8.90813
65|-8.90824|-8.90824
66|-8.91728|-8.91728
67|-9.21259|-9.21259
68|-9.45671|-9.45671
69|-9.54148|-9.54148
70|-9.55189|-9.55189
71|-9.55634|-9.55634
72|-9.55737|-9.55737
73|-9.55787|-9.55787
74|-9.55788|-9.55788
75|-9.86218|-9.86218
76|-9.89512|-9.89512
77|-9.89713|-9.89713
78|-9.89746|-9.89746
79|-9.89747|-9.89747
80|-9.89747|-9.89747
81|-10.2887|-10.2887
82|-10.7797|-10.7797
83|-10.7877|-10.7877
84|-10.7879|-10.7879
85|-10.7879|-10.7879
86|-10.7879|-10.7879
87|-10.7879|-10.7879
88|-11.3859|-11.3859
89|-11.4133|-11.4133
90|-11.4133|-11.4133
91|-11.4133|-11.4133
92|-11.8676|-11.8676
93|-11.8962|-11.8962
94|-12.091|-12.091
95|-12.6846|-12.6846
96|-12.7236|-12.7236
97|-12.7372|-12.7372
98|-12.7373|-12.7373
99|-12.8064|-12.8064
100|-13.0514|-13.0514
101|-13.1252|-13.1252
102|-13.1418|-13.1418
103|-13.1436|-13.1436
104|-13.1438|-13.1438
105|-13.1438|-13.1438
106|-13.1439|-13.1439
107|-13.1448|-13.1448
108|-13.607|-13.607
109|-13.913|-13.913
110|-13.9549|-13.9549
111|-13.9676|-13.9676
112|-13.9699|-13.9699
113|-13.9702|-13.9702
114|-13.9703|-13.9703
115|-13.9704|-13.9704
116|-13.9716|-13.9716
117|-14.0023|-14.0023
118|-14.0784|-14.0784
119|-14.4004|-14.4004
120|-14.4466|-14.4466
121|-14.4543|-14.4543
122|-14.4568|-14.4568
123|-14.4568|-14.4568
124|-14.4568|-14.4568
125|-14.4569|-14.4569
126|-14.4744|-14.4744
127|-14.4788|-14.4788
128|-14.4799|-14.4799
129|-14.4805|-14.4805
130|-14.4806|-14.4806
131|-14.9734|-14.9734
132|-14.9905|-14.9905
133|-14.9905|-14.9905
134|-15.3366|-15.3366
135|-15.765|-15.765
136|-15.79|-15.79
137|-15.7913|-15.7913
138|-15.7917|-15.7917
139|-15.7918|-15.7918
140|-15.8125|-15.8125
141|-15.8235|-15.8235
142|-16.2389|-16.2389
143|-16.2394|-16.2394
144|-16.2394|-16.2394
145|-16.2394|-16.2394
146|-16.2394|-16.2394
147|-16.5754|-16.5754
148|-16.6777|-16.6777
149|-16.6778|-16.6778
150|-16.6779|-16.6779
151|-16.6779|-16.6779
152|-17.3417|-17.3417
153|-17.362|-17.362
154|-17.3646|-17.3646
155|-17.365|-17.365
156|-17.3651|-17.3651
157|-17.7538|-17.7538
158|-17.7788|-17.7788
159|-17.7826|-17.7826
160|-17.7834|-17.7834
161|-17.7837|-17.7837
162|-17.7837|-17.7837
163|-18.3416|-18.3416
164|-18.3464|-18.3464
165|-18.3483|-18.3483
166|-18.3484|-18.3484
167|-18.3484|-18.3484
168|-18.6332|-18.6332
169|-18.6736|-18.6736
170|-18.6869|-18.6869
171|-19.1283|-19.1283
172|-19.2414|-19.2414
173|-19.2425|-19.2425
174|-19.2425|-19.2425
175|-19.2426|-19.2426
176|-19.2426|-19.2426
177|-19.2426|-19.2426
178|-19.2428|-19.2428
179|-19.4738|-19.4738
180|-19.5219|-19.5219
181|-19.5452|-19.5452
182|-19.5481|-19.5481
183|-19.5495|-19.5495
184|-19.5502|-19.5502
185|-19.5504|-19.5504
186|-19.6202|-19.6202
187|-20.4142|-20.4142
188|-20.4233|-20.4233
189|-20.4262|-20.4262
190|-20.4267|-20.4267
191|-20.427|-20.427
192|-20.4271|-20.4271
193|-20.4271|-20.4271
194|-20.4271|-20.4271
195|-20.4271|-20.4271
196|-20.4271|-20.4271
197|-20.4271|-20.4271
198|-20.4271|-20.4271
199|-20.4271|-20.4271
200|-20.4271|-20.4271
201|-20.4271|-20.4271
202|-20.4271|-20.4271
203|-20.4271|-20.4271
204|-20.4271|-20.4271
205|-20.4271|-20.4271
206|-20.4271|-20.4271
207|-20.4271|-20.4271
208|-20.4271|-20.4271
209|-20.4271|-20.4271
210|-20.4271|-20.4271
211|-20.4271|-20.4271
212|-20.4271|-20.4271
213|-20.4271|-20.4271
214|-20.4271|-20.4271
215|-20.4271|-20.4271
216|-20.4271|-20.4271
217|-20.4271|-20.4271
218|-20.4271|-20.4271
219|-20.4271|-20.4271
220|-20.4271|-20.4271
221|-20.4271|-20.4271
222|-20.4271|-20.4271
223|-20.4271|-20.4271
224|-20.4271|-20.4271
225|-20.4271|-20.4271
226|-20.4271|-20.4271
227|-20.4271|-20.4271
228|-20.4271|-20.4271
229|-20.4271|-20.4271
230|-20.4271|-20.4271
231|-20.4271|-20.4271
232|-20.4271|-20.4271
233|-20.4271|-20.4271
234|-20.4271|-20.4271
235|-20.4271|-20.4271
236|-20.4271|-20.4271
237|-20.4271|-20.4271
238|-20.4271|-20.4271
239|-20.4271|-20.4271
240|-20.4271|-20.4271
241|-20.4271|-20.4271
242|-20.4271|-20.4271
243|-20.4271|-20.4271
244|-20.4271|-20.4271
245|-20.4271|-20.4271
246|-20.4271|-20.4271
247|-20.4271|-20.4271
248|-20.4271|-20.4271
249|-20.4271|-20.4271
250|-20.4271|-20.4271
251|-20.4271|-20.4271
252|-20.4271|-20.4271
253|-20.4271|-20.4271
254|-20.4271|-20.4271
255|-20.4271|-20.4271
256|-20.4271|-20.4271
257|-20.4271|-20.4271
258|-20.4271|-20.4271
259|-20.4271|-20.4271
260|-20.4271|-20.4271
261|-20.4271|-20.4271
262|-20.4271|-20.4271
263|-20.4271|-20.4271
264|-20.4271|-20.4271
265|-20.4271|-20.4271
266|-20.4271|-20.4271
267|-20.4271|-20.4271
268|-20.4271|-20.4271
269|-20.4271|-20.4271
270|-20.4271|-20.4271
271|-20.4271|-20.4271
272|-20.4271|-20.4271
273|-20.4271|-20.4271
274|-20.4271|-20.4271
275|-20.4271|-20.4271
276|-20.4271|-20.4271
277|-20.4271|-20.4271
278|-20.4271|-20.4271
279|-20.4271|-20.4271
280|-20.4271|-20.4271
281|-20.4271|-20.4271
282|-20.4271|-20.4271
283|-20.4271|-20.4271
284|-20.4271|-20.4271
285|-20.4271|-20.4271
286|-20.4271|-20.4271
287|-20.4271|-20.4271
288|-20.4271|-20.4271
289|-20.4271|-20.4271
290|-20.4271|-20.4271
291|-20.4271|-20.4271
292|-20.4271|-20.4271
293|-20.4271|-20.4271
294|-20.4271|-20.4271
295|-20.4271|-20.4271
296|-20.4271|-20.4271
297|-20.4271|-20.4271
298|-20.4271|-20.4271
299|-20.4271|-20.4271
300|-20.4271|-20.4271
301|-20.4271|-20.4271
302|-20.4271|-20.4271
303|-20.4271|-20.4271
304|-20.4271|-20.4271
305|-20.4271|-20.4271
306|-20.4271|-20.4271
307|-20.4271|-20.4271
308|-20.4271|-20.4271
309|-20.4271|-20.4271
310|-20.4271|-20.4271
311|-20.4271|-20.4271
312|-20.4271|-20.4271
313|-20.4271|-20.4271
314|-20.4271|-20.4271
315|-20.4271|-20.4271
316|-20.4271|-20.4271
317|-20.4271|-20.4271
318|-20.4271|-20.4271
319|-20.4271|-20.4271
320|-20.4271|-20.4271
321|-20.4271|-20.4271
322|-20.4271|-20.4271
323|-20.4271|-20.4271
324|-20.4271|-20.4271
325|-20.4271|-20.4271
326|-20.4271|-20.4271
327|-20.4271|-20.4271
328|-20.4271|-20.4271
329|-20.4271|-20.4271
330|-20.4271|-20.4271
331|-20.4271|-20.4271
332|-20.4271|-20.4271
333|-20.4271|-20.4271
334|-20.4271|-20.4271
335|-20.4271|-20.4271
336|-20.4271|-20.4271
337|-20.4271|-20.4271
338|-20.4271|-20.4271
339|-20.4271|-20.4271
340|-20.4271|-20.4271
341|-20.4271|-20.4271
342|-20.4271|-20.4271
343|-20.4271|-20.4271
EARLY STOP: TARGET FOUND
2855745ms
