1|550.205|550.205
2|549.945|549.945
3|549.943|549.943
4|549.943|549.943
5|534.759|534.759
6|527.132|527.132
7|527.099|527.099
8|527.082|527.082
9|527.073|527.073
10|527.069|527.069
11|527.067|527.067
12|527.066|527.066
13|527.066|527.066
14|524.385|524.385
15|515.493|515.493
16|512.238|512.238
17|509.577|509.577
18|509.4|509.4
19|509.326|509.326
20|509.322|509.322
21|509.321|509.321
22|509.321|509.321
23|493.743|493.743
24|490.236|490.236
25|488.882|488.882
26|484.8|484.8
27|483.285|483.285
28|483.271|483.271
29|483.271|483.271
30|483.271|483.271
31|483.03|483.03
32|477.898|477.898
33|476.958|476.958
34|476.957|476.957
35|476.938|476.938
36|448.921|448.921
37|448.874|448.874
38|448.866|448.866
39|448.865|448.865
40|448.865|448.865
41|448.865|448.865
42|446.228|446.228
43|445.781|445.781
44|445.769|445.769
45|445.767|445.767
46|445.767|445.767
47|445.767|445.767
48|444.246|444.246
49|443.831|443.831
50|441.424|441.424
51|440.682|440.682
52|440.11|440.11
53|435.74|435.74
54|435.735|435.735
55|435.733|435.733
56|435.732|435.732
57|430.865|430.865
58|415.143|415.143
59|414.556|414.556
60|414.535|414.535
61|414.481|414.481
62|414.474|414.474
63|414.472|414.472
64|414.472|414.472
65|414.471|414.471
66|414.471|414.471
67|414.471|414.471
68|411.254|411.254
69|409.77|409.77
70|409.273|409.273
71|409.273|409.273
72|409.198|409.198
73|409.185|409.185
74|409.18|409.18
75|409.18|409.18
76|409.18|409.18
77|409.18|409.18
78|393.548|393.548
79|385.668|385.668
80|385.417|385.417
81|382.722|382.722
82|382.493|382.493
83|382.229|382.229
84|376.37|376.37
85|376.265|376.265
86|376.263|376.263
87|376.262|376.262
88|376.262|376.262
89|376.197|376.197
90|350.38|350.38
91|350.379|350.379
92|350.379|350.379
93|325.282|325.282
94|325.282|325.282
95|317.066|317.066
96|317.054|317.054
97|317.054|317.054
98|317.054|317.054
99|317.054|317.054
100|308.974|308.974
101|303.856|303.856
102|288.607|288.607
103|287.759|287.759
104|287.728|287.728
105|287.727|287.727
106|287.726|287.726
107|287.726|287.726
108|281.091|281.091
109|275.595|275.595
110|263.105|263.105
111|260.772|260.772
112|260.51|260.51
113|260.508|260.508
114|260.508|260.508
115|260.508|260.508
116|259.866|259.866
117|259.726|259.726
118|259.693|259.693
119|259.684|259.684
120|259.68|259.68
121|259.678|259.678
122|259.677|259.677
123|259.677|259.677
124|258.359|258.359
125|254.971|254.971
126|254.043|254.043
127|253.969|253.969
128|253.965|253.965
129|253.963|253.963
130|253.962|253.962
131|250.592|250.592
132|233.023|233.023
133|232.934|232.934
134|232.897|232.897
135|232.893|232.893
136|232.893|232.893
137|232.893|232.893
138|206.114|206.114
139|205.885|205.885
140|205.829|205.829
141|205.816|205.816
142|205.813|205.813
143|205.813|205.813
144|205.813|205.813
145|200.269|200.269
146|187.514|187.514
147|185.321|185.321
148|185.135|185.135
149|185.122|185.122
150|185.122|185.122
151|185.122|185.122
152|177.987|177.987
153|177.795|177.795
154|177.783|177.783
155|177.777|177.777
156|177.776|177.776
157|177.776|177.776
158|177.776|177.776
159|161.939|161.939
160|161.416|161.416
161|161.363|161.363
162|161.317|161.317
163|161.314|161.314
164|161.313|161.313
165|135.998|135.998
166|134.635|134.635
167|133.589|133.589
168|132.87|132.87
169|132.841|132.841
170|132.836|132.836
171|132.835|132.835
172|132.834|132.834
173|132.834|132.834
174|132.653|132.653
175|132.646|132.646
176|132.645|132.645
177|132.644|132.644
178|132.644|132.644
179|132.644|132.644
180|129.636|129.636
181|128.967|128.967
182|128.867|128.867
183|128.865|128.865
184|128.865|128.865
185|113.95|113.95
186|113.839|113.839
187|113.836|113.836
188|113.835|113.835
189|113.835|113.835
190|99.477|99.477
191|99.4417|99.4417
192|99.4391|99.4391
193|99.4388|99.4388
194|94.4488|94.4488
195|83.2448|83.2448
196|79.5928|79.5928
197|79.521|79.521
198|79.5209|79.5209
199|79.5209|79.5209
200|79.5208|79.5208
201|78.243|78.243
202|53.5185|53.5185
203|53.3142|53.3142
204|53.2712|53.2712
205|53.2645|53.2645
206|53.2644|53.2644
207|53.2644|53.2644
208|51.5295|51.5295
209|48.2929|48.2929
210|47.8039|47.8039
211|47.6145|47.6145
212|47.5339|47.5339
213|47.4971|47.4971
214|47.4797|47.4797
215|47.4791|47.4791
216|47.4789|47.4789
217|47.4789|47.4789
218|47.4789|47.4789
219|47.4789|47.4789
220|47.4789|47.4789
221|47.4789|47.4789
222|47.4789|47.4789
223|47.4789|47.4789
224|47.4789|47.4789
225|47.4789|47.4789
226|47.4789|47.4789
227|47.4789|47.4789
228|47.4789|47.4789
229|47.4789|47.4789
230|47.4789|47.4789
231|47.4789|47.4789
232|47.4789|47.4789
233|47.4789|47.4789
234|47.4789|47.4789
235|47.4789|47.4789
236|47.4789|47.4789
237|47.4789|47.4789
238|47.4789|47.4789
239|47.4789|47.4789
240|47.4789|47.4789
241|47.4789|47.4789
242|47.4789|47.4789
243|47.4789|47.4789
244|47.4789|47.4789
245|47.4789|47.4789
246|47.4789|47.4789
247|47.4789|47.4789
248|47.4789|47.4789
249|47.4789|47.4789
250|47.4789|47.4789
251|47.4789|47.4789
252|47.4789|47.4789
253|47.4789|47.4789
254|47.4789|47.4789
255|47.4789|47.4789
256|47.4789|47.4789
257|47.4789|47.4789
258|47.4789|47.4789
259|47.4789|47.4789
260|47.4789|47.4789
261|47.4789|47.4789
262|47.4789|47.4789
263|47.4789|47.4789
264|47.4789|47.4789
265|47.4789|47.4789
266|47.4789|47.4789
267|47.4789|47.4789
268|47.4789|47.4789
269|47.4789|47.4789
270|47.4789|47.4789
271|47.4789|47.4789
272|47.4789|47.4789
273|47.4789|47.4789
274|47.4789|47.4789
275|47.4789|47.4789
276|47.4789|47.4789
277|47.4789|47.4789
278|47.4789|47.4789
279|47.4789|47.4789
280|47.4789|47.4789
281|47.4789|47.4789
282|47.4789|47.4789
283|47.4789|47.4789
284|47.4789|47.4789
285|47.4789|47.4789
286|47.4789|47.4789
287|47.4789|47.4789
288|47.4789|47.4789
289|47.4789|47.4789
290|47.4789|47.4789
291|47.4789|47.4789
292|47.4789|47.4789
293|47.4789|47.4789
294|47.4789|47.4789
295|47.4789|47.4789
296|47.4789|47.4789
297|47.4789|47.4789
298|47.4789|47.4789
299|47.4789|47.4789
300|47.4789|47.4789
301|47.4789|47.4789
302|47.4789|47.4789
303|47.4789|47.4789
304|47.4789|47.4789
305|47.4789|47.4789
306|47.4789|47.4789
307|47.4789|47.4789
308|47.4789|47.4789
309|47.4789|47.4789
310|47.4789|47.4789
311|47.4789|47.4789
312|47.4789|47.4789
313|47.4789|47.4789
314|47.4789|47.4789
315|47.4789|47.4789
316|47.4789|47.4789
317|47.4789|47.4789
318|47.4789|47.4789
319|47.4789|47.4789
320|47.4789|47.4789
321|47.4789|47.4789
322|47.4789|47.4789
323|47.4789|47.4789
324|47.4789|47.4789
325|47.4789|47.4789
326|47.4789|47.4789
327|47.4789|47.4789
328|47.4789|47.4789
329|47.4789|47.4789
330|47.4789|47.4789
331|47.4789|47.4789
332|47.4789|47.4789
333|47.4789|47.4789
334|47.4789|47.4789
335|47.4789|47.4789
336|47.4789|47.4789
337|47.4789|47.4789
338|47.4789|47.4789
339|47.4789|47.4789
340|47.4789|47.4789
341|47.4789|47.4789
342|47.4789|47.4789
343|47.4789|47.4789
344|47.4789|47.4789
345|47.4789|47.4789
346|47.4789|47.4789
347|47.4789|47.4789
348|47.4789|47.4789
349|47.4789|47.4789
350|47.4789|47.4789
351|47.4789|47.4789
352|47.4789|47.4789
353|47.4789|47.4789
354|47.4789|47.4789
355|47.4789|47.4789
356|47.4789|47.4789
357|47.4789|47.4789
358|47.4789|47.4789
359|47.4789|47.4789
360|47.4789|47.4789
361|47.4789|47.4789
362|47.4789|47.4789
363|47.4789|47.4789
364|47.4789|47.4789
365|47.4789|47.4789
366|47.4789|47.4789
EARLY STOP: TARGET FOUND
2924417ms
