1|184.408|184.408
2|181.722|181.722
3|170.71|170.71
4|170.666|170.666
5|170.44|170.44
6|170.409|170.409
7|170.397|170.397
8|170.394|170.394
9|170.393|170.393
10|170.393|170.393
11|170.393|170.393
12|170.393|170.393
13|167.123|167.123
14|156.382|156.382
15|156.136|156.136
16|156.133|156.133
17|156.132|156.132
18|156.132|156.132
19|156.132|156.132
20|148.257|148.257
21|142.387|142.387
22|141.114|141.114
23|140.688|140.688
24|140.531|140.531
25|140.529|140.529
26|140.529|140.529
27|117.925|117.925
28|117.026|117.026
29|116.99|116.99
30|116.981|116.981
31|116.977|116.977
32|116.976|116.976
33|106.85|106.85
34|106.472|106.472
35|103.152|103.152
36|102.269|102.269
37|102.251|102.251
38|102.242|102.242
39|102.238|102.238
40|102.236|102.236
41|102.234|102.234
42|102.234|102.234
43|102.234|102.234
44|97.3846|97.3846
45|92.6608|92.6608
46|86.1874|86.1874
47|84.8521|84.8521
48|84.3914|84.3914
49|84.2167|84.2167
50|84.1789|84.1789
51|84.1609|84.1609
52|84.1521|84.1521
53|84.1478|84.1478
54|84.1457|84.1457
55|84.1451|84.1451
56|84.1449|84.1449
57|82.298|82.298
58|58.41|58.41
59|57.8993|57.8993
60|57.8696|57.8696
61|57.8687|57.8687
62|57.8685|57.8685
63|57.8684|57.8684
64|57.8684|57.8684
65|57.8684|57.8684
66|51.3009|51.3009
67|41.5509|41.5509
68|41.1266|41.1266
69|41.0438|41.0438
70|41.006|41.006
71|40.988|40.988
72|40.9792|40.9792
73|40.9749|40.9749
74|40.9727|40.9727
75|40.9716|40.9716
76|40.9714|40.9714
77|40.9712|40.9712
78|17.0169|17.0169
79|15.4939|15.4939
80|15.4805|15.4805
81|15.4775|15.4775
82|15.4769|15.4769
83|15.4769|15.4769
84|15.4769|15.4769
85|15.4025|15.4025
86|15.3982|15.3982
87|15.396|15.396
88|15.3949|15.3949
89|15.3948|15.3948
90|15.3948|15.3948
91|15.3948|15.3948
92|15.3948|15.3948
93|15.3948|15.3948
94|15.3948|15.3948
95|15.3948|15.3948
96|15.3948|15.3948
97|15.3948|15.3948
98|15.3948|15.3948
99|15.3948|15.3948
100|15.3948|15.3948
101|15.3948|15.3948
102|15.3948|15.3948
103|15.3948|15.3948
104|15.3948|15.3948
105|15.3948|15.3948
106|15.3948|15.3948
107|15.3948|15.3948
108|15.3948|15.3948
109|15.3948|15.3948
110|15.3948|15.3948
111|15.3948|15.3948
112|15.3948|15.3948
113|15.3948|15.3948
114|15.3948|15.3948
115|15.3948|15.3948
116|15.3948|15.3948
117|15.3948|15.3948
118|15.3948|15.3948
119|15.3948|15.3948
120|15.3948|15.3948
121|15.3948|15.3948
122|15.3948|15.3948
123|15.3948|15.3948
124|15.3948|15.3948
125|15.3948|15.3948
126|15.3948|15.3948
127|15.3948|15.3948
128|15.3948|15.3948
129|15.3948|15.3948
130|15.3948|15.3948
131|15.3948|15.3948
132|15.3948|15.3948
133|15.3948|15.3948
134|15.3948|15.3948
135|15.3948|15.3948
136|15.3948|15.3948
137|15.3948|15.3948
138|15.3948|15.3948
139|15.3948|15.3948
140|15.3948|15.3948
141|15.3948|15.3948
142|15.3948|15.3948
143|15.3948|15.3948
144|15.3948|15.3948
145|15.3948|15.3948
146|15.3948|15.3948
147|15.3948|15.3948
148|15.3948|15.3948
149|15.3948|15.3948
150|15.3948|15.3948
151|15.3948|15.3948
152|15.3948|15.3948
153|15.3948|15.3948
154|15.3948|15.3948
155|15.3948|15.3948
156|15.3948|15.3948
157|15.3948|15.3948
158|15.3948|15.3948
159|15.3948|15.3948
160|15.3948|15.3948
161|15.3948|15.3948
162|15.3948|15.3948
163|15.3948|15.3948
164|15.3948|15.3948
165|15.3948|15.3948
166|15.3948|15.3948
167|15.3948|15.3948
168|15.3948|15.3948
169|15.3948|15.3948
170|15.3948|15.3948
171|15.3948|15.3948
172|15.3948|15.3948
173|15.3948|15.3948
174|15.3948|15.3948
175|15.3948|15.3948
176|15.3948|15.3948
177|15.3948|15.3948
178|15.3948|15.3948
179|15.3948|15.3948
180|15.3948|15.3948
181|15.3948|15.3948
182|15.3948|15.3948
183|15.3948|15.3948
184|15.3948|15.3948
185|15.3948|15.3948
186|15.3948|15.3948
187|15.3948|15.3948
188|15.3948|15.3948
189|15.3948|15.3948
190|15.3948|15.3948
191|15.3948|15.3948
192|15.3948|15.3948
193|15.3948|15.3948
194|15.3948|15.3948
195|15.3948|15.3948
196|15.3948|15.3948
197|15.3948|15.3948
198|15.3948|15.3948
199|15.3948|15.3948
200|15.3948|15.3948
201|15.3948|15.3948
202|15.3948|15.3948
203|15.3948|15.3948
204|15.3948|15.3948
205|15.3948|15.3948
206|15.3948|15.3948
207|15.3948|15.3948
208|15.3948|15.3948
209|15.3948|15.3948
210|15.3948|15.3948
211|15.3948|15.3948
212|15.3948|15.3948
213|15.3948|15.3948
214|15.3948|15.3948
215|15.3948|15.3948
216|15.3948|15.3948
217|15.3948|15.3948
218|15.3948|15.3948
219|15.3948|15.3948
220|15.3948|15.3948
221|15.3948|15.3948
222|15.3948|15.3948
223|15.3948|15.3948
224|15.3948|15.3948
225|15.3948|15.3948
226|15.3948|15.3948
227|15.3948|15.3948
228|15.3948|15.3948
229|15.3948|15.3948
230|15.3948|15.3948
231|15.3948|15.3948
232|15.3948|15.3948
233|15.3948|15.3948
234|15.3948|15.3948
235|15.3948|15.3948
236|15.3948|15.3948
237|15.3948|15.3948
238|15.3948|15.3948
239|15.3948|15.3948
EARLY STOP: TARGET FOUND
272061ms
