1|-1.22451|-1.22451
2|-1.22462|-1.22462
3|-1.22465|-1.22465
4|-1.52609|-1.52609
5|-1.5484|-1.5484
6|-1.5589|-1.5589
7|-1.56396|-1.56396
8|-1.56459|-1.56459
9|-1.5649|-1.5649
10|-1.56505|-1.56505
11|-1.99019|-1.99019
12|-2.17568|-2.17568
13|-2.50918|-2.50918
14|-2.51573|-2.51573
15|-2.51575|-2.51575
16|-2.51585|-2.51585
17|-2.51586|-2.51586
18|-2.51586|-2.51586
19|-2.51586|-2.51586
20|-2.5159|-2.5159
21|-2.51888|-2.51888
22|-2.57572|-2.57572
23|-3.11719|-3.11719
24|-3.13956|-3.13956
25|-3.14234|-3.14234
26|-3.14251|-3.14251
27|-3.1426|-3.1426
28|-3.16623|-3.16623
29|-3.16977|-3.16977
30|-3.16979|-3.16979
31|-3.16981|-3.16981
32|-3.16982|-3.16982
33|-3.16982|-3.16982
34|-3.42863|-3.42863
35|-3.57145|-3.57145
36|-3.57706|-3.57706
37|-3.57838|-3.57838
38|-3.57876|-3.57876
39|-3.57886|-3.57886
40|-3.57886|-3.57886
41|-3.57886|-3.57886
42|-3.61552|-3.61552
43|-3.63339|-3.63339
44|-3.63559|-3.63559
45|-3.63668|-3.63668
46|-3.63695|-3.63695
47|-3.63708|-3.63708
48|-3.63715|-3.63715
49|-4.2215|-4.2215
50|-4.32047|-4.32047
51|-4.33653|-4.33653
52|-4.34158|-4.34158
53|-4.34332|-4.34332
54|-4.34376|-4.34376
55|-4.34438|-4.34438
56|-4.34438|-4.34438
57|-4.3533|-4.3533
58|-4.69176|-4.69176
59|-5.12818|-5.12818
60|-5.20325|-5.20325
61|-5.22919|-5.22919
62|-5.23183|-5.23183
63|-5.23247|-5.23247
64|-5.97814|-5.97814
65|-6.18958|-6.18958
66|-6.19115|-6.19115
67|-6.19116|-6.19116
68|-6.1913|-6.1913
69|-6.19134|-6.19134
70|-6.19135|-6.19135
71|-6.19135|-6.19135
72|-6.19135|-6.19135
73|-6.19135|-6.19135
74|-6.19135|-6.19135
75|-6.19135|-6.19135
76|-6.19135|-6.19135
77|-6.19135|-6.19135
78|-6.19135|-6.19135
79|-6.19135|-6.19135
80|-6.19135|-6.19135
81|-6.19135|-6.19135
82|-6.19135|-6.19135
83|-6.19135|-6.19135
84|-6.19135|-6.19135
85|-6.19135|-6.19135
86|-6.19135|-6.19135
87|-6.19135|-6.19135
88|-6.19135|-6.19135
89|-6.19135|-6.19135
90|-6.19135|-6.19135
91|-6.19135|-6.19135
92|-6.19135|-6.19135
93|-6.19135|-6.19135
94|-6.19135|-6.19135
95|-6.19135|-6.19135
96|-6.19135|-6.19135
97|-6.19135|-6.19135
98|-6.19135|-6.19135
99|-6.19135|-6.19135
100|-6.19135|-6.19135
101|-6.19135|-6.19135
102|-6.19135|-6.19135
103|-6.19135|-6.19135
104|-6.19135|-6.19135
105|-6.19135|-6.19135
106|-6.19135|-6.19135
107|-6.19135|-6.19135
108|-6.19135|-6.19135
109|-6.19135|-6.19135
110|-6.19135|-6.19135
111|-6.19135|-6.19135
112|-6.19135|-6.19135
113|-6.19135|-6.19135
114|-6.19135|-6.19135
115|-6.19135|-6.19135
116|-6.19135|-6.19135
117|-6.19135|-6.19135
118|-6.19135|-6.19135
119|-6.19135|-6.19135
120|-6.19135|-6.19135
121|-6.19135|-6.19135
122|-6.19135|-6.19135
123|-6.19135|-6.19135
124|-6.19135|-6.19135
125|-6.19135|-6.19135
126|-6.19135|-6.19135
127|-6.19135|-6.19135
128|-6.19135|-6.19135
129|-6.19135|-6.19135
130|-6.19135|-6.19135
131|-6.19135|-6.19135
132|-6.19135|-6.19135
133|-6.19135|-6.19135
134|-6.19135|-6.19135
135|-6.19135|-6.19135
136|-6.19135|-6.19135
137|-6.19135|-6.19135
138|-6.19135|-6.19135
139|-6.19135|-6.19135
140|-6.19135|-6.19135
141|-6.19135|-6.19135
142|-6.19135|-6.19135
143|-6.19135|-6.19135
144|-6.19135|-6.19135
145|-6.19135|-6.19135
146|-6.19135|-6.19135
147|-6.19135|-6.19135
148|-6.19135|-6.19135
149|-6.19135|-6.19135
150|-6.19135|-6.19135
151|-6.19135|-6.19135
152|-6.19135|-6.19135
153|-6.19135|-6.19135
154|-6.19135|-6.19135
155|-6.19135|-6.19135
156|-6.19135|-6.19135
157|-6.19135|-6.19135
158|-6.19135|-6.19135
159|-6.19135|-6.19135
160|-6.19135|-6.19135
161|-6.19135|-6.19135
162|-6.19135|-6.19135
163|-6.19135|-6.19135
164|-6.19135|-6.19135
165|-6.19135|-6.19135
166|-6.19135|-6.19135
167|-6.19135|-6.19135
168|-6.19135|-6.19135
169|-6.19135|-6.19135
170|-6.19135|-6.19135
171|-6.19135|-6.19135
172|-6.19135|-6.19135
173|-6.19135|-6.19135
174|-6.19135|-6.19135
175|-6.19135|-6.19135
176|-6.19135|-6.19135
177|-6.19135|-6.19135
178|-6.19135|-6.19135
179|-6.19135|-6.19135
180|-6.19135|-6.19135
181|-6.19135|-6.19135
182|-6.19135|-6.19135
183|-6.19135|-6.19135
184|-6.19135|-6.19135
185|-6.19135|-6.19135
186|-6.19135|-6.19135
187|-6.19135|-6.19135
188|-6.19135|-6.19135
189|-6.19135|-6.19135
190|-6.19135|-6.19135
191|-6.19135|-6.19135
192|-6.19135|-6.19135
193|-6.19135|-6.19135
194|-6.19135|-6.19135
195|-6.19135|-6.19135
196|-6.19135|-6.19135
197|-6.19135|-6.19135
198|-6.19135|-6.19135
199|-6.19135|-6.19135
200|-6.19135|-6.19135
201|-6.19135|-6.19135
202|-6.19135|-6.19135
203|-6.19135|-6.19135
204|-6.19135|-6.19135
205|-6.19135|-6.19135
206|-6.19135|-6.19135
207|-6.19135|-6.19135
208|-6.19135|-6.19135
209|-6.19135|-6.19135
210|-6.19135|-6.19135
211|-6.19135|-6.19135
212|-6.19135|-6.19135
213|-6.19135|-6.19135
214|-6.19135|-6.19135
215|-6.19135|-6.19135
216|-6.19135|-6.19135
217|-6.19135|-6.19135
218|-6.19135|-6.19135
219|-6.19135|-6.19135
220|-6.19135|-6.19135
EARLY STOP: TARGET FOUND
255820ms
