1|-2257.96|-2257.96
2|-2322.04|-2322.04
3|-2328.21|-2328.21
4|-2328.28|-2328.28
5|-2328.29|-2328.29
6|-2382.59|-2382.59
7|-2382.59|-2382.59
8|-2418.6|-2418.6
9|-2418.6|-2418.6
10|-2601.07|-2601.07
11|-2683.56|-2683.56
12|-2705.93|-2705.93
13|-2706.02|-2706.02
14|-2706.08|-2706.08
15|-2706.08|-2706.08
16|-2706.08|-2706.08
17|-2743.35|-2743.35
18|-2756.72|-2756.72
19|-2759.49|-2759.49
20|-2760.79|-2760.79
21|-2761.41|-2761.41
22|-2761.57|-2761.57
23|-2761.65|-2761.65
24|-2761.65|-2761.65
25|-2761.65|-2761.65
26|-2761.65|-2761.65
27|-3037.15|-3037.15
28|-3104.25|-3104.25
29|-3108.97|-3108.97
30|-3109.54|-3109.54
31|-3109.74|-3109.74
32|-3109.82|-3109.82
33|-3109.85|-3109.85
34|-3109.87|-3109.87
35|-3109.87|-3109.87
36|-3109.87|-3109.87
37|-3109.87|-3109.87
38|-3109.87|-3109.87
39|-3196.15|-3196.15
40|-3217.42|-3217.42
41|-3217.42|-3217.42
42|-3222.7|-3222.7
43|-3225.34|-3225.34
44|-3226.66|-3226.66
45|-3226.99|-3226.99
46|-3227.15|-3227.15
47|-3227.19|-3227.19
48|-3227.21|-3227.21
49|-3227.21|-3227.21
50|-3227.22|-3227.22
51|-3227.23|-3227.23
52|-3227.23|-3227.23
53|-3227.23|-3227.23
54|-3321.39|-3321.39
55|-3391.17|-3391.17
56|-3395.53|-3395.53
57|-3396.01|-3396.01
58|-3396.17|-3396.17
59|-3396.18|-3396.18
60|-3396.19|-3396.19
61|-3396.19|-3396.19
62|-3487.44|-3487.44
63|-3547.35|-3547.35
64|-3555.99|-3555.99
65|-3555.99|-3555.99
66|-3616.02|-3616.02
67|-3616.02|-3616.02
68|-3617.11|-3617.11
69|-3617.65|-3617.65
70|-3617.92|-3617.92
71|-3617.94|-3617.94
72|-3617.95|-3617.95
73|-3677.2|-3677.2
74|-3794.53|-3794.53
75|-4022.07|-4022.07
76|-4123.23|-4123.23
77|-4123.61|-4123.61
78|-4123.65|-4123.65
79|-4123.65|-4123.65
80|-4123.66|-4123.66
81|-4123.66|-4123.66
82|-4123.66|-4123.66
83|-4230.76|-4230.76
84|-4230.76|-4230.76
85|-4230.91|-4230.91
86|-4230.93|-4230.93
87|-4230.93|-4230.93
88|-4230.94|-4230.94
89|-4230.94|-4230.94
90|-4230.94|-4230.94
91|-4373.84|-4373.84
92|-4416.38|-4416.38
93|-4417.04|-4417.04
94|-4417.12|-4417.12
95|-4417.14|-4417.14
96|-4417.15|-4417.15
97|-4599.78|-4599.78
98|-4622.14|-4622.14
99|-4641.2|-4641.2
100|-4642.18|-4642.18
101|-4642.31|-4642.31
102|-4907.04|-4907.04
103|-4981.98|-4981.98
104|-4981.98|-4981.98
105|-4985.65|-4985.65
106|-4985.84|-4985.84
107|-4985.91|-4985.91
108|-4985.94|-4985.94
109|-4985.94|-4985.94
110|-5064.78|-5064.78
111|-5129.04|-5129.04
112|-5129.04|-5129.04
113|-5397.05|-5397.05
114|-5469.61|-5469.61
115|-5473.6|-5473.6
116|-5474|-5474
117|-5474.03|-5474.03
118|-5474.04|-5474.04
119|-5474.05|-5474.05
120|-5474.05|-5474.05
121|-5474.05|-5474.05
122|-5532.9|-5532.9
123|-5567.05|-5567.05
124|-5644.69|-5644.69
125|-5650.48|-5650.48
126|-5651.78|-5651.78
127|-5652.41|-5652.41
128|-5652.72|-5652.72
129|-5652.76|-5652.76
130|-5652.77|-5652.77
131|-5652.77|-5652.77
132|-5652.77|-5652.77
133|-5655.38|-5655.38
134|-5655.69|-5655.69
135|-5655.77|-5655.77
136|-5655.79|-5655.79
137|-5655.79|-5655.79
138|-5655.79|-5655.79
139|-5655.79|-5655.79
140|-5776.17|-5776.17
141|-5797.19|-5797.19
142|-5963.59|-5963.59
143|-5964.48|-5964.48
144|-6039.79|-6039.79
145|-6081.32|-6081.32
146|-6082.42|-6082.42
147|-6082.49|-6082.49
148|-6082.5|-6082.5
149|-6082.5|-6082.5
150|-6082.5|-6082.5
151|-6134.56|-6134.56
152|-6275.66|-6275.66
153|-6318.31|-6318.31
154|-6323.59|-6323.59
155|-6324.91|-6324.91
156|-6325.07|-6325.07
157|-6325.15|-6325.15
158|-6325.17|-6325.17
159|-6325.18|-6325.18
160|-6325.18|-6325.18
161|-6325.19|-6325.19
162|-6407.89|-6407.89
163|-6429.72|-6429.72
164|-6429.72|-6429.72
165|-6429.73|-6429.73
166|-6429.73|-6429.73
167|-6429.73|-6429.73
168|-6497.85|-6497.85
169|-6534.17|-6534.17
170|-6635.22|-6635.22
171|-6650.37|-6650.37
172|-6842.99|-6842.99
173|-6919.12|-6919.12
174|-6958.4|-6958.4
175|-6958.9|-6958.9
176|-6959.13|-6959.13
177|-6959.16|-6959.16
178|-7017.46|-7017.46
179|-7052.62|-7052.62
180|-7105.93|-7105.93
181|-7114.68|-7114.68
182|-7114.71|-7114.71
183|-7114.73|-7114.73
184|-7114.73|-7114.73
185|-7114.74|-7114.74
186|-7207.71|-7207.71
187|-7208.81|-7208.81
188|-7208.88|-7208.88
189|-7208.9|-7208.9
190|-7208.9|-7208.9
191|-7208.9|-7208.9
192|-7208.91|-7208.91
193|-7348.29|-7348.29
194|-7391.03|-7391.03
195|-7401.6|-7401.6
196|-7402.92|-7402.92
197|-7403.58|-7403.58
198|-7403.62|-7403.62
199|-7403.63|-7403.63
200|-7403.63|-7403.63
201|-7650.5|-7650.5
202|-7738.18|-7738.18
203|-7739.64|-7739.64
204|-7740|-7740
205|-7740.02|-7740.02
206|-7740.03|-7740.03
207|-7740.03|-7740.03
208|-7740.03|-7740.03
209|-7740.03|-7740.03
210|-7819.95|-7819.95
211|-7867.56|-7867.56
212|-7933.47|-7933.47
213|-8013.58|-8013.58
214|-8015.35|-8015.35
215|-8016.4|-8016.4
216|-8016.48|-8016.48
217|-8016.49|-8016.49
218|-8016.49|-8016.49
219|-8016.49|-8016.49
220|-8036.36|-8036.36
221|-8072.13|-8072.13
222|-8080.89|-8080.89
223|-8081.44|-8081.44
224|-8081.71|-8081.71
225|-8081.85|-8081.85
226|-8081.86|-8081.86
227|-8081.87|-8081.87
228|-8081.88|-8081.88
229|-8081.88|-8081.88
230|-8081.88|-8081.88
231|-8212.32|-8212.32
232|-8320.29|-8320.29
233|-8320.59|-8320.59
234|-8320.6|-8320.6
235|-8557.58|-8557.58
236|-8563.14|-8563.14
237|-8563.76|-8563.76
238|-8563.76|-8563.76
239|-8564.07|-8564.07
240|-8564.07|-8564.07
241|-8564.11|-8564.11
242|-8564.11|-8564.11
243|-8705.27|-8705.27
244|-8808.26|-8808.26
245|-8808.29|-8808.29
246|-8810.98|-8810.98
247|-8811.05|-8811.05
248|-8811.05|-8811.05
249|-8910.65|-8910.65
250|-8997.2|-8997.2
251|-9040.29|-9040.29
252|-9061.65|-9061.65
253|-9072.26|-9072.26
254|-9077.54|-9077.54
255|-9080.18|-9080.18
256|-9081.5|-9081.5
257|-9082.16|-9082.16
258|-9082.24|-9082.24
259|-9082.28|-9082.28
260|-9082.3|-9082.3
261|-9082.31|-9082.31
262|-9082.31|-9082.31
263|-9082.31|-9082.31
264|-9082.31|-9082.31
265|-9082.31|-9082.31
266|-9082.31|-9082.31
267|-9082.31|-9082.31
268|-9082.31|-9082.31
269|-9082.31|-9082.31
270|-9082.31|-9082.31
271|-9082.31|-9082.31
272|-9082.31|-9082.31
273|-9082.31|-9082.31
274|-9082.31|-9082.31
275|-9082.31|-9082.31
276|-9082.31|-9082.31
277|-9082.31|-9082.31
278|-9082.31|-9082.31
279|-9082.31|-9082.31
280|-9082.31|-9082.31
281|-9082.31|-9082.31
282|-9082.31|-9082.31
283|-9082.31|-9082.31
284|-9082.31|-9082.31
285|-9082.31|-9082.31
286|-9082.31|-9082.31
287|-9082.31|-9082.31
288|-9082.31|-9082.31
289|-9082.31|-9082.31
290|-9082.31|-9082.31
291|-9082.31|-9082.31
292|-9082.31|-9082.31
293|-9082.31|-9082.31
294|-9082.31|-9082.31
295|-9082.31|-9082.31
296|-9082.31|-9082.31
297|-9082.31|-9082.31
298|-9082.31|-9082.31
299|-9082.31|-9082.31
300|-9082.31|-9082.31
301|-9082.31|-9082.31
302|-9082.31|-9082.31
303|-9082.31|-9082.31
304|-9082.31|-9082.31
305|-9082.31|-9082.31
306|-9082.31|-9082.31
307|-9082.31|-9082.31
308|-9082.31|-9082.31
309|-9082.31|-9082.31
310|-9082.31|-9082.31
311|-9082.31|-9082.31
312|-9082.31|-9082.31
313|-9082.31|-9082.31
314|-9082.31|-9082.31
315|-9082.31|-9082.31
316|-9082.31|-9082.31
317|-9082.31|-9082.31
318|-9082.31|-9082.31
319|-9082.31|-9082.31
320|-9082.31|-9082.31
321|-9082.31|-9082.31
322|-9082.31|-9082.31
323|-9082.31|-9082.31
324|-9082.31|-9082.31
325|-9082.31|-9082.31
326|-9082.31|-9082.31
327|-9082.31|-9082.31
328|-9082.31|-9082.31
329|-9082.31|-9082.31
330|-9082.31|-9082.31
331|-9082.31|-9082.31
332|-9082.31|-9082.31
333|-9082.31|-9082.31
334|-9082.31|-9082.31
335|-9082.31|-9082.31
336|-9082.31|-9082.31
337|-9082.31|-9082.31
338|-9082.31|-9082.31
339|-9082.31|-9082.31
340|-9082.31|-9082.31
341|-9082.31|-9082.31
342|-9082.31|-9082.31
343|-9082.31|-9082.31
344|-9082.31|-9082.31
345|-9082.31|-9082.31
346|-9082.31|-9082.31
347|-9082.31|-9082.31
348|-9082.31|-9082.31
349|-9082.31|-9082.31
350|-9082.31|-9082.31
351|-9082.31|-9082.31
352|-9082.31|-9082.31
353|-9082.31|-9082.31
354|-9082.31|-9082.31
355|-9082.31|-9082.31
356|-9082.31|-9082.31
357|-9082.31|-9082.31
358|-9082.31|-9082.31
359|-9082.31|-9082.31
360|-9082.31|-9082.31
361|-9082.31|-9082.31
362|-9082.31|-9082.31
363|-9082.31|-9082.31
364|-9082.31|-9082.31
365|-9082.31|-9082.31
366|-9082.31|-9082.31
367|-9082.31|-9082.31
368|-9082.31|-9082.31
369|-9082.31|-9082.31
370|-9082.31|-9082.31
371|-9082.31|-9082.31
372|-9082.31|-9082.31
373|-9082.31|-9082.31
374|-9082.31|-9082.31
375|-9082.31|-9082.31
376|-9082.31|-9082.31
377|-9082.31|-9082.31
378|-9082.31|-9082.31
379|-9082.31|-9082.31
380|-9082.31|-9082.31
381|-9082.31|-9082.31
382|-9082.31|-9082.31
383|-9082.31|-9082.31
384|-9082.31|-9082.31
385|-9082.31|-9082.31
386|-9082.31|-9082.31
387|-9082.31|-9082.31
388|-9082.31|-9082.31
389|-9082.31|-9082.31
390|-9082.31|-9082.31
391|-9082.31|-9082.31
392|-9082.31|-9082.31
393|-9082.31|-9082.31
394|-9082.31|-9082.31
395|-9082.31|-9082.31
396|-9082.31|-9082.31
397|-9082.31|-9082.31
398|-9082.31|-9082.31
399|-9082.31|-9082.31
400|-9082.31|-9082.31
401|-9082.31|-9082.31
402|-9082.31|-9082.31
403|-9082.31|-9082.31
404|-9082.31|-9082.31
405|-9082.31|-9082.31
406|-9082.31|-9082.31
407|-9082.31|-9082.31
408|-9082.31|-9082.31
409|-9082.31|-9082.31
410|-9082.31|-9082.31
411|-9082.31|-9082.31
412|-9082.31|-9082.31
EARLY STOP: TARGET FOUND
4560676ms
