1|285.065|285.065
2|284.814|284.814
3|284.766|284.766
4|284.762|284.762
5|284.761|284.761
6|284.761|284.761
7|273.114|273.114
8|271.11|271.11
9|271.094|271.094
10|271.09|271.09
11|271.09|271.09
12|271.09|271.09
13|268.5|268.5
14|264.232|264.232
15|264.232|264.232
16|263.327|263.327
17|263.182|263.182
18|263.178|263.178
19|263.177|263.177
20|263.177|263.177
21|259.162|259.162
22|258.384|258.384
23|258.317|258.317
24|258.303|258.303
25|258.3|258.3
26|258.3|258.3
27|248.896|248.896
28|248.896|248.896
29|246.332|246.332
30|246.203|246.203
31|246.203|246.203
32|246.201|246.201
33|243.028|243.028
34|238.906|238.906
35|238.074|238.074
36|237.965|237.965
37|237.965|237.965
38|219.533|219.533
39|218.97|218.97
40|218.957|218.957
41|218.956|218.956
42|214.424|214.424
43|210.642|210.642
44|209.979|209.979
45|209.942|209.942
46|209.941|209.941
47|209.941|209.941
48|209.94|209.94
49|209.94|209.94
50|188.166|188.166
51|187.991|187.991
52|187.979|187.979
53|187.979|187.979
54|187.978|187.978
55|187.978|187.978
56|184.791|184.791
57|180.672|180.672
58|179.842|179.842
59|179.842|179.842
60|179.734|179.734
61|179.734|179.734
62|179.734|179.734
63|169.55|169.55
64|169.55|169.55
65|167.181|167.181
66|167.115|167.115
67|167.101|167.101
68|167.099|167.099
69|167.099|167.099
70|167.099|167.099
71|167.099|167.099
72|166.119|166.119
73|165.936|165.936
74|165.922|165.922
75|165.92|165.92
76|165.92|165.92
77|159.992|159.992
78|156.559|156.559
79|156.071|156.071
80|156.068|156.068
81|156.067|156.067
82|146.143|146.143
83|143.709|143.709
84|143.635|143.635
85|143.617|143.617
86|143.613|143.613
87|143.612|143.612
88|143.612|143.612
89|119.11|119.11
90|119.082|119.082
91|119.082|119.082
92|103.231|103.231
93|102.345|102.345
94|102.345|102.345
95|102.21|102.21
96|102.207|102.207
97|102.207|102.207
98|102.207|102.207
99|102.207|102.207
100|77.4623|77.4623
101|77.4457|77.4457
102|77.4422|77.4422
103|77.4417|77.4417
104|77.4417|77.4417
105|74.7529|74.7529
106|74.5927|74.5927
107|74.5846|74.5846
108|74.5845|74.5845
109|49.7836|49.7836
110|49.7679|49.7679
111|49.7679|49.7679
112|49.7649|49.7649
113|49.7649|49.7649
114|49.7646|49.7646
115|49.7646|49.7646
116|49.7646|49.7646
117|49.7646|49.7646
118|42.2106|42.2106
119|39.1839|39.1839
120|39.1839|39.1839
121|38.9392|38.9392
122|38.8937|38.8937
123|38.8937|38.8937
124|38.8903|38.8903
125|38.8898|38.8898
126|38.8898|38.8898
127|37.4999|37.4999
128|37.4999|37.4999
129|32.9322|32.9322
130|31.8771|31.8771
131|31.6568|31.6568
132|31.6234|31.6234
133|31.6228|31.6228
134|31.6228|31.6228
135|31.6228|31.6228
136|31.6228|31.6228
137|28.748|28.748
138|28.5414|28.5414
139|28.5148|28.5148
140|28.5148|28.5148
141|28.5148|28.5148
142|28.5051|28.5051
143|28.5051|28.5051
144|28.5047|28.5047
145|28.5047|28.5047
146|18.5592|18.5592
147|16.1304|16.1304
148|16.0572|16.0572
149|16.0571|16.0571
150|16.0397|16.0397
151|16.0358|16.0358
152|16.0351|16.0351
153|16.0351|16.0351
154|16.035|16.035
155|16.035|16.035
156|16.035|16.035
157|16.035|16.035
158|16.035|16.035
159|16.035|16.035
160|16.035|16.035
161|16.0349|16.0349
162|14.0504|14.0504
163|14.0504|14.0504
164|9.63132|9.63132
165|8.65059|8.65059
166|8.46742|8.46742
167|8.45363|8.45363
168|8.45363|8.45363
169|8.45154|8.45154
170|8.4515|8.4515
171|8.4515|8.4515
172|5.06628|5.06628
173|5.06628|5.06628
174|4.60247|4.60247
175|4.60068|4.60068
176|4.60068|4.60068
177|4.60068|4.60068
178|4.60068|4.60068
179|0.755734|0.755734
180|0.755734|0.755734
181|0.755733|0.755733
182|0.755733|0.755733
183|0.755733|0.755733
184|0.755733|0.755733
185|0.755733|0.755733
186|0.755733|0.755733
187|0.755733|0.755733
188|0.755733|0.755733
189|0.755733|0.755733
190|0.755733|0.755733
191|0.755733|0.755733
192|0.755733|0.755733
193|0.755732|0.755732
194|0.755732|0.755732
195|0.755732|0.755732
196|0.755732|0.755732
197|0.755732|0.755732
198|0.755732|0.755732
199|0.755732|0.755732
200|0.755732|0.755732
201|0.0620616|0.0620616
202|0.0620616|0.0620616
203|0.0620616|0.0620616
204|0.0620615|0.0620615
205|0.0620615|0.0620615
206|0.0620615|0.0620615
207|0.0620615|0.0620615
208|0.0620615|0.0620615
209|0.0620615|0.0620615
210|0.0620615|0.0620615
211|0.0620615|0.0620615
212|0.0620615|0.0620615
213|0.0620615|0.0620615
214|0.0620615|0.0620615
215|0.0620615|0.0620615
216|0.0620615|0.0620615
217|0.0620615|0.0620615
218|0.0620615|0.0620615
219|0.0620615|0.0620615
220|0.0620615|0.0620615
221|0.0620614|0.0620614
222|0.0620614|0.0620614
223|0.0620614|0.0620614
224|0.0620614|0.0620614
225|0.0620614|0.0620614
226|0.0620614|0.0620614
227|0.0620614|0.0620614
228|0.0620614|0.0620614
229|0.0620614|0.0620614
230|0.0620614|0.0620614
231|0.0166441|0.0166441
232|0.0166441|0.0166441
233|0.0132898|0.0132898
234|0.0132898|0.0132898
235|0.0132898|0.0132898
236|0.0132898|0.0132898
237|0.0128126|0.0128126
238|0.0128126|0.0128126
239|0.0128094|0.0128094
240|0.0128094|0.0128094
241|0.0128089|0.0128089
242|0.0128089|0.0128089
243|0.0128089|0.0128089
244|0.0128089|0.0128089
245|0.00200186|0.00200186
EARLY STOP: TARGET FOUND
1254409ms
