0|4.33909|4.33909
1|2.81985|2.81985
2|2.61881|2.61881
3|1.87793|1.87793
4|1.37729|1.37729
5|1.19901|1.19901
6|0.996337|0.996337
7|0.930376|0.930376
8|0.814031|0.814031
9|0.754388|0.754388
10|0.618177|0.618177
11|0.55636|0.55636
12|0.553955|0.553955
13|0.469515|0.469515
14|0.422533|0.422533
15|0.420516|0.420516
16|0.39055|0.39055
17|0.372868|0.372868
18|0.372868|0.372868
19|0.372868|0.372868
20|0.349227|0.349227
21|0.349227|0.349227
22|0.349227|0.349227
23|0.295016|0.295016
24|0.295016|0.295016
25|0.274108|0.274108
26|0.274108|0.274108
27|0.262115|0.262115
28|0.262115|0.262115
29|0.244025|0.244025
30|0.244025|0.244025
31|0.207876|0.207876
32|0.163993|0.163993
33|0.163623|0.163623
34|0.118744|0.118744
35|0.110067|0.110067
36|0.107356|0.107356
37|0.101092|0.101092
38|0.0957488|0.0957488
39|0.0912214|0.0912214
40|0.0705053|0.0705053
41|0.0705053|0.0705053
42|0.0664375|0.0664375
43|0.0664375|0.0664375
44|0.0587503|0.0587503
45|0.0513938|0.0513938
46|0.0513938|0.0513938
47|0.0473703|0.0473703
48|0.0473703|0.0473703
49|0.0398686|0.0398686
50|0.0385115|0.0385115
51|0.0381978|0.0381978
52|0.0381978|0.0381978
53|0.0359171|0.0359171
54|0.0325367|0.0325367
55|0.0325367|0.0325367
56|0.0258281|0.0258281
57|0.0258281|0.0258281
58|0.0183896|0.0183896
59|0.0183896|0.0183896
60|0.0179701|0.0179701
61|0.0179701|0.0179701
62|0.0175452|0.0175452
63|0.0132489|0.0132489
64|0.0117942|0.0117942
65|0.0117323|0.0117323
66|0.0114375|0.0114375
67|0.0114375|0.0114375
68|0.0108977|0.0108977
69|0.010205|0.010205
70|0.00631395|0.00631395
32630331ms
