0|4.76631|4.76631
1|2.62439|2.62439
2|2.07712|2.07712
3|1.269|1.269
4|1.14495|1.14495
5|0.920051|0.920051
6|0.920051|0.920051
7|0.916773|0.916773
8|0.893412|0.893412
9|0.671586|0.671586
10|0.671586|0.671586
11|0.605594|0.605594
12|0.427832|0.427832
13|0.420875|0.420875
14|0.349714|0.349714
15|0.320382|0.320382
16|0.288737|0.288737
17|0.288737|0.288737
18|0.245867|0.245867
19|0.245867|0.245867
20|0.221255|0.221255
21|0.221255|0.221255
22|0.220941|0.220941
23|0.207726|0.207726
24|0.175881|0.175881
25|0.144728|0.144728
26|0.144728|0.144728
27|0.144728|0.144728
28|0.144728|0.144728
29|0.113875|0.113875
30|0.113875|0.113875
31|0.113789|0.113789
32|0.107573|0.107573
33|0.107573|0.107573
34|0.0898301|0.0898301
35|0.0875763|0.0875763
36|0.0875763|0.0875763
37|0.0679431|0.0679431
38|0.0650734|0.0650734
39|0.0648349|0.0648349
40|0.0648349|0.0648349
41|0.0555899|0.0555899
42|0.0555899|0.0555899
43|0.0551768|0.0551768
44|0.0549787|0.0549787
45|0.0531228|0.0531228
46|0.0441248|0.0441248
47|0.0384497|0.0384497
48|0.0384497|0.0384497
49|0.0371748|0.0371748
50|0.0352839|0.0352839
51|0.0328941|0.0328941
52|0.0309147|0.0309147
53|0.0302583|0.0302583
54|0.0302583|0.0302583
55|0.0302583|0.0302583
56|0.0302583|0.0302583
57|0.0281165|0.0281165
58|0.0263813|0.0263813
59|0.0204666|0.0204666
60|0.0189494|0.0189494
61|0.0189494|0.0189494
62|0.0170793|0.0170793
63|0.0162978|0.0162978
64|0.0122073|0.0122073
65|0.00911271|0.00911271
32136591ms
