0|6.1221|6.1221
1|3.23553|3.23553
2|1.72241|1.72241
3|1.40202|1.40202
4|1.15001|1.15001
5|1.04945|1.04945
6|0.797712|0.797712
7|0.585991|0.585991
8|0.469195|0.469195
9|0.450913|0.450913
10|0.40271|0.40271
11|0.363806|0.363806
12|0.313257|0.313257
13|0.288506|0.288506
14|0.288506|0.288506
15|0.288506|0.288506
16|0.288506|0.288506
17|0.287622|0.287622
18|0.276607|0.276607
19|0.276607|0.276607
20|0.261225|0.261225
21|0.261225|0.261225
22|0.189553|0.189553
23|0.189553|0.189553
24|0.17755|0.17755
25|0.17755|0.17755
26|0.17755|0.17755
27|0.148175|0.148175
28|0.12782|0.12782
29|0.126405|0.126405
30|0.126405|0.126405
31|0.126405|0.126405
32|0.126405|0.126405
33|0.126405|0.126405
34|0.122321|0.122321
35|0.122321|0.122321
36|0.122321|0.122321
37|0.113881|0.113881
38|0.112981|0.112981
39|0.103869|0.103869
40|0.0924757|0.0924757
41|0.0844221|0.0844221
42|0.0632288|0.0632288
43|0.0571185|0.0571185
44|0.0571185|0.0571185
45|0.0571185|0.0571185
46|0.0474708|0.0474708
47|0.0474708|0.0474708
48|0.0474708|0.0474708
49|0.0313126|0.0313126
50|0.0313126|0.0313126
51|0.0313126|0.0313126
52|0.0313126|0.0313126
53|0.0302825|0.0302825
54|0.0302825|0.0302825
55|0.0263005|0.0263005
56|0.0248907|0.0248907
57|0.0242759|0.0242759
58|0.0217458|0.0217458
59|0.0215019|0.0215019
60|0.0215019|0.0215019
61|0.0215019|0.0215019
62|0.018961|0.018961
63|0.0163633|0.0163633
64|0.0163633|0.0163633
65|0.0140614|0.0140614
66|0.0140614|0.0140614
67|0.0140614|0.0140614
68|0.0140614|0.0140614
69|0.0112606|0.0112606
70|0.0112122|0.0112122
71|0.00981767|0.00981767
33382590ms
