0|4.37262|4.37262
1|3.4609|3.4609
2|2.31246|2.31246
3|1.69057|1.69057
4|1.28964|1.28964
5|1.02042|1.02042
6|0.887475|0.887475
7|0.790132|0.790132
8|0.576642|0.576642
9|0.525315|0.525315
10|0.525315|0.525315
11|0.459698|0.459698
12|0.407398|0.407398
13|0.407398|0.407398
14|0.407398|0.407398
15|0.404262|0.404262
16|0.399373|0.399373
17|0.363489|0.363489
18|0.363489|0.363489
19|0.363394|0.363394
20|0.3622|0.3622
21|0.356422|0.356422
22|0.305722|0.305722
23|0.296414|0.296414
24|0.259856|0.259856
25|0.259856|0.259856
26|0.233197|0.233197
27|0.194865|0.194865
28|0.17789|0.17789
29|0.17789|0.17789
30|0.167778|0.167778
31|0.145178|0.145178
32|0.145178|0.145178
33|0.145178|0.145178
34|0.145178|0.145178
35|0.145178|0.145178
36|0.132555|0.132555
37|0.125225|0.125225
38|0.120207|0.120207
39|0.113266|0.113266
40|0.113266|0.113266
41|0.0714621|0.0714621
42|0.0714621|0.0714621
43|0.0714621|0.0714621
44|0.0702526|0.0702526
45|0.0702526|0.0702526
46|0.0650732|0.0650732
47|0.0650732|0.0650732
48|0.0579516|0.0579516
49|0.0549408|0.0549408
50|0.0501831|0.0501831
51|0.0469651|0.0469651
52|0.0469651|0.0469651
53|0.0386084|0.0386084
54|0.0343994|0.0343994
55|0.0312369|0.0312369
56|0.0285966|0.0285966
57|0.0270111|0.0270111
58|0.0270111|0.0270111
59|0.0270111|0.0270111
60|0.0270111|0.0270111
61|0.0248095|0.0248095
62|0.0237848|0.0237848
63|0.0185053|0.0185053
64|0.0119468|0.0119468
65|0.0119468|0.0119468
66|0.0119468|0.0119468
67|0.0119468|0.0119468
68|0.0119468|0.0119468
69|0.011691|0.011691
70|0.0116603|0.0116603
71|0.0116603|0.0116603
72|0.0110666|0.0110666
73|0.0110666|0.0110666
74|0.0104031|0.0104031
75|0.0101664|0.0101664
76|0.00893305|0.00893305
36024101ms
