0|5.47196|5.47196
1|2.44176|2.44176
2|2.22105|2.22105
3|2.12119|2.12119
4|1.68221|1.68221
5|1.60131|1.60131
6|0.913782|0.913782
7|0.777633|0.777633
8|0.777633|0.777633
9|0.68186|0.68186
10|0.459352|0.459352
11|0.417276|0.417276
12|0.412321|0.412321
13|0.412321|0.412321
14|0.412321|0.412321
15|0.292305|0.292305
16|0.263398|0.263398
17|0.251355|0.251355
18|0.242371|0.242371
19|0.242371|0.242371
20|0.242371|0.242371
21|0.242371|0.242371
22|0.242371|0.242371
23|0.242371|0.242371
24|0.218002|0.218002
25|0.218002|0.218002
26|0.215815|0.215815
27|0.187355|0.187355
28|0.186102|0.186102
29|0.17855|0.17855
30|0.17855|0.17855
31|0.17855|0.17855
32|0.156893|0.156893
33|0.147179|0.147179
34|0.147179|0.147179
35|0.115175|0.115175
36|0.106061|0.106061
37|0.0886923|0.0886923
38|0.0886923|0.0886923
39|0.0842455|0.0842455
40|0.0736381|0.0736381
41|0.070369|0.070369
42|0.0551928|0.0551928
43|0.0551928|0.0551928
44|0.0551928|0.0551928
45|0.0518409|0.0518409
46|0.0514424|0.0514424
47|0.0463486|0.0463486
48|0.0417199|0.0417199
49|0.0417199|0.0417199
50|0.0391642|0.0391642
51|0.0364997|0.0364997
52|0.0328003|0.0328003
53|0.0218827|0.0218827
54|0.0202516|0.0202516
55|0.0195491|0.0195491
56|0.0195491|0.0195491
57|0.0172393|0.0172393
58|0.0133025|0.0133025
59|0.0126686|0.0126686
60|0.0121951|0.0121951
61|0.0121951|0.0121951
62|0.011071|0.011071
63|0.0103329|0.0103329
64|0.00988185|0.00988185
31553650ms
