0|5.36222|5.36222
1|2.78099|2.78099
2|2.47802|2.47802
3|0.948851|0.948851
4|0.948851|0.948851
5|0.871578|0.871578
6|0.714548|0.714548
7|0.535293|0.535293
8|0.431906|0.431906
9|0.431906|0.431906
10|0.414869|0.414869
11|0.414869|0.414869
12|0.403218|0.403218
13|0.387672|0.387672
14|0.387672|0.387672
15|0.305942|0.305942
16|0.30224|0.30224
17|0.294482|0.294482
18|0.294482|0.294482
19|0.271267|0.271267
20|0.239821|0.239821
21|0.1968|0.1968
22|0.1968|0.1968
23|0.1968|0.1968
24|0.185363|0.185363
25|0.185363|0.185363
26|0.185363|0.185363
27|0.168974|0.168974
28|0.157416|0.157416
29|0.128813|0.128813
30|0.113123|0.113123
31|0.113123|0.113123
32|0.0947159|0.0947159
33|0.0903766|0.0903766
34|0.0903766|0.0903766
35|0.0903766|0.0903766
36|0.0862405|0.0862405
37|0.0728589|0.0728589
38|0.0589282|0.0589282
39|0.0589282|0.0589282
40|0.0529172|0.0529172
41|0.0509747|0.0509747
42|0.0509747|0.0509747
43|0.0491424|0.0491424
44|0.0491424|0.0491424
45|0.0491424|0.0491424
46|0.0428432|0.0428432
47|0.0428432|0.0428432
48|0.0427763|0.0427763
49|0.0427763|0.0427763
50|0.0341946|0.0341946
51|0.0318808|0.0318808
52|0.0288594|0.0288594
53|0.0288594|0.0288594
54|0.0256132|0.0256132
55|0.0232721|0.0232721
56|0.0228332|0.0228332
57|0.0227827|0.0227827
58|0.0227827|0.0227827
59|0.0213407|0.0213407
60|0.0213407|0.0213407
61|0.0206459|0.0206459
62|0.0206459|0.0206459
63|0.0203491|0.0203491
64|0.0203491|0.0203491
65|0.0199055|0.0199055
66|0.0197026|0.0197026
67|0.0174476|0.0174476
68|0.0158458|0.0158458
69|0.0110457|0.0110457
70|0.0110457|0.0110457
71|0.0110457|0.0110457
72|0.0110457|0.0110457
73|0.0105852|0.0105852
74|0.0105852|0.0105852
75|0.00925823|0.00925823
35397899ms
