0|4.3801|4.3801
1|3.24869|3.24869
2|1.73048|1.73048
3|1.20573|1.20573
4|1.20573|1.20573
5|1.12267|1.12267
6|1.12267|1.12267
7|0.974896|0.974896
8|0.932967|0.932967
9|0.849226|0.849226
10|0.849226|0.849226
11|0.823359|0.823359
12|0.72735|0.72735
13|0.48201|0.48201
14|0.48201|0.48201
15|0.477787|0.477787
16|0.434598|0.434598
17|0.434598|0.434598
18|0.415362|0.415362
19|0.330168|0.330168
20|0.292265|0.292265
21|0.269991|0.269991
22|0.153409|0.153409
23|0.153409|0.153409
24|0.141204|0.141204
25|0.141204|0.141204
26|0.141204|0.141204
27|0.140047|0.140047
28|0.140047|0.140047
29|0.110109|0.110109
30|0.110109|0.110109
31|0.107979|0.107979
32|0.0957517|0.0957517
33|0.0898598|0.0898598
34|0.0816762|0.0816762
35|0.0816762|0.0816762
36|0.0816762|0.0816762
37|0.072671|0.072671
38|0.072671|0.072671
39|0.0723528|0.0723528
40|0.0723528|0.0723528
41|0.0723528|0.0723528
42|0.0721808|0.0721808
43|0.0607879|0.0607879
44|0.0607879|0.0607879
45|0.0441098|0.0441098
46|0.0441098|0.0441098
47|0.0378432|0.0378432
48|0.0370991|0.0370991
49|0.0370991|0.0370991
50|0.0370991|0.0370991
51|0.0370991|0.0370991
52|0.0369824|0.0369824
53|0.0265783|0.0265783
54|0.0245116|0.0245116
55|0.0245116|0.0245116
56|0.0242252|0.0242252
57|0.0232196|0.0232196
58|0.0203311|0.0203311
59|0.0164273|0.0164273
60|0.01523|0.01523
61|0.0140445|0.0140445
62|0.0138635|0.0138635
63|0.0123863|0.0123863
64|0.00944883|0.00944883
31146826ms
