0|4.2082|4.2082
1|2.29391|2.29391
2|1.63432|1.63432
3|1.44366|1.44366
4|1.44366|1.44366
5|1.40813|1.40813
6|1.1177|1.1177
7|1.06776|1.06776
8|0.902172|0.902172
9|0.595378|0.595378
10|0.460391|0.460391
11|0.455911|0.455911
12|0.426607|0.426607
13|0.397619|0.397619
14|0.31892|0.31892
15|0.278848|0.278848
16|0.27087|0.27087
17|0.27087|0.27087
18|0.27087|0.27087
19|0.27087|0.27087
20|0.233311|0.233311
21|0.230071|0.230071
22|0.203682|0.203682
23|0.203682|0.203682
24|0.170524|0.170524
25|0.170524|0.170524
26|0.170524|0.170524
27|0.170524|0.170524
28|0.150426|0.150426
29|0.150426|0.150426
30|0.138044|0.138044
31|0.138044|0.138044
32|0.138044|0.138044
33|0.112526|0.112526
34|0.10632|0.10632
35|0.105496|0.105496
36|0.105381|0.105381
37|0.0926183|0.0926183
38|0.0766297|0.0766297
39|0.0766297|0.0766297
40|0.0766297|0.0766297
41|0.0721069|0.0721069
42|0.0583352|0.0583352
43|0.0480063|0.0480063
44|0.0480063|0.0480063
45|0.0450334|0.0450334
46|0.0373658|0.0373658
47|0.0353049|0.0353049
48|0.0342373|0.0342373
49|0.0313155|0.0313155
50|0.0313155|0.0313155
51|0.0258558|0.0258558
52|0.0234765|0.0234765
53|0.0206767|0.0206767
54|0.0206767|0.0206767
55|0.0206767|0.0206767
56|0.017705|0.017705
57|0.0130755|0.0130755
58|0.0130755|0.0130755
59|0.0127307|0.0127307
60|0.0127307|0.0127307
61|0.0113514|0.0113514
62|0.0110676|0.0110676
63|0.00961661|0.00961661
32064727ms
