0|6.11648|6.11648
1|2.48464|2.48464
2|1.70342|1.70342
3|1.52673|1.52673
4|1.24075|1.24075
5|1.1128|1.1128
6|0.974587|0.974587
7|0.959063|0.959063
8|0.927055|0.927055
9|0.813074|0.813074
10|0.813074|0.813074
11|0.608931|0.608931
12|0.583511|0.583511
13|0.547507|0.547507
14|0.481656|0.481656
15|0.40822|0.40822
16|0.394471|0.394471
17|0.394471|0.394471
18|0.33815|0.33815
19|0.292465|0.292465
20|0.292465|0.292465
21|0.261102|0.261102
22|0.261102|0.261102
23|0.252236|0.252236
24|0.23765|0.23765
25|0.23765|0.23765
26|0.23765|0.23765
27|0.182482|0.182482
28|0.182482|0.182482
29|0.182482|0.182482
30|0.176399|0.176399
31|0.150453|0.150453
32|0.146928|0.146928
33|0.113589|0.113589
34|0.101648|0.101648
35|0.0700642|0.0700642
36|0.0651374|0.0651374
37|0.0515943|0.0515943
38|0.0492445|0.0492445
39|0.0470328|0.0470328
40|0.0404372|0.0404372
41|0.0404372|0.0404372
42|0.0404372|0.0404372
43|0.038713|0.038713
44|0.038713|0.038713
45|0.038713|0.038713
46|0.038713|0.038713
47|0.038713|0.038713
48|0.0343966|0.0343966
49|0.0332288|0.0332288
50|0.0332288|0.0332288
51|0.0332288|0.0332288
52|0.0264089|0.0264089
53|0.0254218|0.0254218
54|0.0254218|0.0254218
55|0.0254218|0.0254218
56|0.0251004|0.0251004
57|0.0201904|0.0201904
58|0.0201904|0.0201904
59|0.0193982|0.0193982
60|0.0159952|0.0159952
61|0.0159952|0.0159952
62|0.0152949|0.0152949
63|0.0152949|0.0152949
64|0.0132756|0.0132756
65|0.0129649|0.0129649
66|0.0127771|0.0127771
67|0.0110198|0.0110198
68|0.0110198|0.0110198
69|0.0101974|0.0101974
70|0.0100785|0.0100785
71|0.0100785|0.0100785
72|0.00989542|0.00989542
34460048ms
