0|6.51922|6.51922
1|3.81353|3.81353
2|2.20458|2.20458
3|1.61611|1.61611
4|1.53877|1.53877
5|0.745875|0.745875
6|0.689117|0.689117
7|0.689117|0.689117
8|0.689117|0.689117
9|0.640348|0.640348
10|0.579212|0.579212
11|0.521365|0.521365
12|0.516704|0.516704
13|0.476963|0.476963
14|0.461824|0.461824
15|0.384101|0.384101
16|0.340868|0.340868
17|0.309854|0.309854
18|0.270327|0.270327
19|0.195244|0.195244
20|0.151256|0.151256
21|0.151256|0.151256
22|0.149966|0.149966
23|0.149966|0.149966
24|0.124053|0.124053
25|0.116584|0.116584
26|0.116584|0.116584
27|0.0917353|0.0917353
28|0.0909287|0.0909287
29|0.0909287|0.0909287
30|0.0909287|0.0909287
31|0.0909287|0.0909287
32|0.0909287|0.0909287
33|0.0863589|0.0863589
34|0.0761587|0.0761587
35|0.0761587|0.0761587
36|0.0677413|0.0677413
37|0.0677413|0.0677413
38|0.0677413|0.0677413
39|0.0677413|0.0677413
40|0.0677413|0.0677413
41|0.0595406|0.0595406
42|0.054362|0.054362
43|0.054362|0.054362
44|0.0531007|0.0531007
45|0.0531007|0.0531007
46|0.0531007|0.0531007
47|0.0397756|0.0397756
48|0.0397756|0.0397756
49|0.0397756|0.0397756
50|0.0397756|0.0397756
51|0.0350443|0.0350443
52|0.0350443|0.0350443
53|0.0302882|0.0302882
54|0.0243159|0.0243159
55|0.0243159|0.0243159
56|0.0239841|0.0239841
57|0.0125519|0.0125519
58|0.0125519|0.0125519
59|0.0125519|0.0125519
60|0.00893386|0.00893386
31469596ms
