0|5.60594|5.60594
1|2.95357|2.95357
2|2.50315|2.50315
3|1.51771|1.51771
4|1.08446|1.08446
5|1.01084|1.01084
6|0.929812|0.929812
7|0.928342|0.928342
8|0.928342|0.928342
9|0.482699|0.482699
10|0.482699|0.482699
11|0.370294|0.370294
12|0.352069|0.352069
13|0.352069|0.352069
14|0.310117|0.310117
15|0.265341|0.265341
16|0.25733|0.25733
17|0.25733|0.25733
18|0.25733|0.25733
19|0.25733|0.25733
20|0.24627|0.24627
21|0.24627|0.24627
22|0.24627|0.24627
23|0.24627|0.24627
24|0.24627|0.24627
25|0.24627|0.24627
26|0.226247|0.226247
27|0.199867|0.199867
28|0.182498|0.182498
29|0.133799|0.133799
30|0.133799|0.133799
31|0.133799|0.133799
32|0.133799|0.133799
33|0.133799|0.133799
34|0.113041|0.113041
35|0.092601|0.092601
36|0.0805966|0.0805966
37|0.0715872|0.0715872
38|0.0715872|0.0715872
39|0.0677498|0.0677498
40|0.0677498|0.0677498
41|0.0661537|0.0661537
42|0.0611598|0.0611598
43|0.0531198|0.0531198
44|0.0489386|0.0489386
45|0.0431996|0.0431996
46|0.0391093|0.0391093
47|0.0357791|0.0357791
48|0.0329332|0.0329332
49|0.0329332|0.0329332
50|0.0329332|0.0329332
51|0.0329332|0.0329332
52|0.0329332|0.0329332
53|0.0324395|0.0324395
54|0.0324395|0.0324395
55|0.0307821|0.0307821
56|0.0305062|0.0305062
57|0.0305062|0.0305062
58|0.0247205|0.0247205
59|0.0208152|0.0208152
60|0.0208152|0.0208152
61|0.0192411|0.0192411
62|0.0130618|0.0130618
63|0.0130618|0.0130618
64|0.012761|0.012761
65|0.0114165|0.0114165
66|0.0114165|0.0114165
67|0.0096426|0.0096426
33036017ms
