0|5.07715|5.07715
1|2.17574|2.17574
2|1.5849|1.5849
3|1.42575|1.42575
4|1.19338|1.19338
5|1.03284|1.03284
6|1.0107|1.0107
7|0.819043|0.819043
8|0.767812|0.767812
9|0.576654|0.576654
10|0.576654|0.576654
11|0.435922|0.435922
12|0.4253|0.4253
13|0.353446|0.353446
14|0.353446|0.353446
15|0.320635|0.320635
16|0.311882|0.311882
17|0.285581|0.285581
18|0.285581|0.285581
19|0.285581|0.285581
20|0.285581|0.285581
21|0.266523|0.266523
22|0.214445|0.214445
23|0.189015|0.189015
24|0.169528|0.169528
25|0.154854|0.154854
26|0.153913|0.153913
27|0.1455|0.1455
28|0.1134|0.1134
29|0.1134|0.1134
30|0.1134|0.1134
31|0.0804409|0.0804409
32|0.0804409|0.0804409
33|0.0804409|0.0804409
34|0.078172|0.078172
35|0.0680219|0.0680219
36|0.0680219|0.0680219
37|0.0649294|0.0649294
38|0.064853|0.064853
39|0.064853|0.064853
40|0.064853|0.064853
41|0.064853|0.064853
42|0.0615513|0.0615513
43|0.0606475|0.0606475
44|0.0606148|0.0606148
45|0.0606148|0.0606148
46|0.0477709|0.0477709
47|0.0445942|0.0445942
48|0.0415425|0.0415425
49|0.0415425|0.0415425
50|0.0344243|0.0344243
51|0.0326852|0.0326852
52|0.0326852|0.0326852
53|0.0311657|0.0311657
54|0.0311657|0.0311657
55|0.0214561|0.0214561
56|0.0214561|0.0214561
57|0.0201248|0.0201248
58|0.0190787|0.0190787
59|0.0190787|0.0190787
60|0.0166456|0.0166456
61|0.0166456|0.0166456
62|0.0165869|0.0165869
63|0.0165869|0.0165869
64|0.0144871|0.0144871
65|0.0144871|0.0144871
66|0.0143436|0.0143436
67|0.0106065|0.0106065
68|0.0106065|0.0106065
69|0.0106065|0.0106065
70|0.00855773|0.00855773
33709602ms
