0|5.19362|5.19362
1|3.85101|3.85101
2|2.24755|2.24755
3|1.59541|1.59541
4|1.53876|1.53876
5|1.16607|1.16607
6|1.14946|1.14946
7|0.781129|0.781129
8|0.781129|0.781129
9|0.781129|0.781129
10|0.652793|0.652793
11|0.604444|0.604444
12|0.56438|0.56438
13|0.519299|0.519299
14|0.478202|0.478202
15|0.478202|0.478202
16|0.425011|0.425011
17|0.402777|0.402777
18|0.283991|0.283991
19|0.283991|0.283991
20|0.283991|0.283991
21|0.283991|0.283991
22|0.283991|0.283991
23|0.283991|0.283991
24|0.283991|0.283991
25|0.267532|0.267532
26|0.267532|0.267532
27|0.242256|0.242256
28|0.242256|0.242256
29|0.209148|0.209148
30|0.209148|0.209148
31|0.1757|0.1757
32|0.133753|0.133753
33|0.0914054|0.0914054
34|0.0845038|0.0845038
35|0.0845038|0.0845038
36|0.0845038|0.0845038
37|0.0802227|0.0802227
38|0.0802227|0.0802227
39|0.0802227|0.0802227
40|0.0630373|0.0630373
41|0.0490975|0.0490975
42|0.0490975|0.0490975
43|0.0490975|0.0490975
44|0.0490975|0.0490975
45|0.0490975|0.0490975
46|0.0436278|0.0436278
47|0.0340912|0.0340912
48|0.0320824|0.0320824
49|0.0288452|0.0288452
50|0.0288452|0.0288452
51|0.0274481|0.0274481
52|0.0252655|0.0252655
53|0.0226453|0.0226453
54|0.0226453|0.0226453
55|0.0226453|0.0226453
56|0.0226453|0.0226453
57|0.0218198|0.0218198
58|0.0154611|0.0154611
59|0.01525|0.01525
60|0.01525|0.01525
61|0.0139343|0.0139343
62|0.0139343|0.0139343
63|0.0124572|0.0124572
64|0.0124572|0.0124572
65|0.0110438|0.0110438
66|0.0108326|0.0108326
67|0.0108326|0.0108326
68|0.0106805|0.0106805
69|0.01011|0.01011
70|0.01011|0.01011
71|0.00946489|0.00946489
33439005ms
