0|3.80279|3.80279
1|1.93328|1.93328
2|1.53491|1.53491
3|1.52809|1.52809
4|1.40569|1.40569
5|1.13368|1.13368
6|1.01024|1.01024
7|0.797303|0.797303
8|0.797303|0.797303
9|0.612726|0.612726
10|0.55001|0.55001
11|0.495663|0.495663
12|0.495663|0.495663
13|0.495663|0.495663
14|0.40935|0.40935
15|0.40935|0.40935
16|0.40935|0.40935
17|0.330562|0.330562
18|0.3238|0.3238
19|0.292581|0.292581
20|0.265217|0.265217
21|0.265217|0.265217
22|0.265217|0.265217
23|0.263108|0.263108
24|0.263108|0.263108
25|0.252028|0.252028
26|0.226972|0.226972
27|0.211421|0.211421
28|0.211421|0.211421
29|0.187358|0.187358
30|0.187358|0.187358
31|0.173819|0.173819
32|0.127626|0.127626
33|0.127626|0.127626
34|0.127626|0.127626
35|0.127626|0.127626
36|0.127626|0.127626
37|0.114857|0.114857
38|0.113815|0.113815
39|0.113815|0.113815
40|0.113815|0.113815
41|0.0983712|0.0983712
42|0.0983509|0.0983509
43|0.0710923|0.0710923
44|0.0706458|0.0706458
45|0.0695418|0.0695418
46|0.0552303|0.0552303
47|0.0451215|0.0451215
48|0.0429864|0.0429864
49|0.0367531|0.0367531
50|0.0280582|0.0280582
51|0.0280582|0.0280582
52|0.0275886|0.0275886
53|0.0275886|0.0275886
54|0.0234233|0.0234233
55|0.0222979|0.0222979
56|0.0206697|0.0206697
57|0.0206697|0.0206697
58|0.0202429|0.0202429
59|0.0201728|0.0201728
60|0.0190083|0.0190083
61|0.0190083|0.0190083
62|0.018528|0.018528
63|0.018528|0.018528
64|0.0165568|0.0165568
65|0.0137453|0.0137453
66|0.0132683|0.0132683
67|0.0126094|0.0126094
68|0.0101484|0.0101484
69|0.00905949|0.00905949
32953046ms
