0|7.39233|7.39233
1|2.56968|2.56968
2|1.38417|1.38417
3|1.28145|1.28145
4|1.28145|1.28145
5|1.27611|1.27611
6|1.09453|1.09453
7|1.05344|1.05344
8|0.942227|0.942227
9|0.848619|0.848619
10|0.667458|0.667458
11|0.577359|0.577359
12|0.556896|0.556896
13|0.526653|0.526653
14|0.455721|0.455721
15|0.326514|0.326514
16|0.297667|0.297667
17|0.297667|0.297667
18|0.270315|0.270315
19|0.2636|0.2636
20|0.254465|0.254465
21|0.222854|0.222854
22|0.198155|0.198155
23|0.191711|0.191711
24|0.181338|0.181338
25|0.181338|0.181338
26|0.181338|0.181338
27|0.181338|0.181338
28|0.181338|0.181338
29|0.152474|0.152474
30|0.117487|0.117487
31|0.117487|0.117487
32|0.117487|0.117487
33|0.0766653|0.0766653
34|0.0664626|0.0664626
35|0.0646233|0.0646233
36|0.0646233|0.0646233
37|0.0646233|0.0646233
38|0.0492683|0.0492683
39|0.0483321|0.0483321
40|0.0483321|0.0483321
41|0.0473657|0.0473657
42|0.0442031|0.0442031
43|0.0442031|0.0442031
44|0.0358218|0.0358218
45|0.0358218|0.0358218
46|0.0267151|0.0267151
47|0.0226825|0.0226825
48|0.0226825|0.0226825
49|0.0226825|0.0226825
50|0.0226825|0.0226825
51|0.0222787|0.0222787
52|0.0216574|0.0216574
53|0.0187476|0.0187476
54|0.0178276|0.0178276
55|0.0178276|0.0178276
56|0.0176559|0.0176559
57|0.0176559|0.0176559
58|0.0172441|0.0172441
59|0.0169827|0.0169827
60|0.0169827|0.0169827
61|0.0156627|0.0156627
62|0.0144555|0.0144555
63|0.0142829|0.0142829
64|0.0135528|0.0135528
65|0.0135528|0.0135528
66|0.0135528|0.0135528
67|0.0134161|0.0134161
68|0.0134161|0.0134161
69|0.0107035|0.0107035
70|0.0107035|0.0107035
71|0.0103022|0.0103022
72|0.00950404|0.00950404
33640991ms
