0|6.44615|6.44615
1|3.34272|3.34272
2|2.91795|2.91795
3|1.88881|1.88881
4|1.14663|1.14663
5|1.04231|1.04231
6|0.889929|0.889929
7|0.78105|0.78105
8|0.746163|0.746163
9|0.658991|0.658991
10|0.6073|0.6073
11|0.384356|0.384356
12|0.309109|0.309109
13|0.309109|0.309109
14|0.309109|0.309109
15|0.309109|0.309109
16|0.309109|0.309109
17|0.298904|0.298904
18|0.298904|0.298904
19|0.283116|0.283116
20|0.277903|0.277903
21|0.277903|0.277903
22|0.276713|0.276713
23|0.27119|0.27119
24|0.248085|0.248085
25|0.24226|0.24226
26|0.206213|0.206213
27|0.19897|0.19897
28|0.138076|0.138076
29|0.138076|0.138076
30|0.12742|0.12742
31|0.113136|0.113136
32|0.102808|0.102808
33|0.0986523|0.0986523
34|0.0986523|0.0986523
35|0.0920543|0.0920543
36|0.0756825|0.0756825
37|0.0741422|0.0741422
38|0.0734093|0.0734093
39|0.0734093|0.0734093
40|0.0640099|0.0640099
41|0.0573136|0.0573136
42|0.0573136|0.0573136
43|0.0573136|0.0573136
44|0.0573136|0.0573136
45|0.0519505|0.0519505
46|0.0519505|0.0519505
47|0.0519505|0.0519505
48|0.0354134|0.0354134
49|0.0334574|0.0334574
50|0.0265229|0.0265229
51|0.0265229|0.0265229
52|0.0265229|0.0265229
53|0.0241291|0.0241291
54|0.0241291|0.0241291
55|0.0229847|0.0229847
56|0.0229847|0.0229847
57|0.0205219|0.0205219
58|0.0189624|0.0189624
59|0.0189624|0.0189624
60|0.0189624|0.0189624
61|0.0168333|0.0168333
62|0.0168333|0.0168333
63|0.0166505|0.0166505
64|0.0150549|0.0150549
65|0.0130414|0.0130414
66|0.0121816|0.0121816
67|0.0121816|0.0121816
68|0.0107566|0.0107566
69|0.00969259|0.00969259
33505969ms
