0|8.60033|8.60033
1|3.58693|3.58693
2|2.15183|2.15183
3|1.40687|1.40687
4|0.807672|0.807672
5|0.758508|0.758508
6|0.546924|0.546924
7|0.531485|0.531485
8|0.488549|0.488549
9|0.393394|0.393394
10|0.393394|0.393394
11|0.388057|0.388057
12|0.388057|0.388057
13|0.234845|0.234845
14|0.228722|0.228722
15|0.228722|0.228722
16|0.228722|0.228722
17|0.228722|0.228722
18|0.228722|0.228722
19|0.225471|0.225471
20|0.215457|0.215457
21|0.215457|0.215457
22|0.209974|0.209974
23|0.172818|0.172818
24|0.143397|0.143397
25|0.129382|0.129382
26|0.129382|0.129382
27|0.129382|0.129382
28|0.129382|0.129382
29|0.129382|0.129382
30|0.10225|0.10225
31|0.0816549|0.0816549
32|0.0804507|0.0804507
33|0.0804507|0.0804507
34|0.0804507|0.0804507
35|0.0767632|0.0767632
36|0.0767632|0.0767632
37|0.0726919|0.0726919
38|0.0697688|0.0697688
39|0.0590537|0.0590537
40|0.0579552|0.0579552
41|0.0579552|0.0579552
42|0.0575887|0.0575887
43|0.0575887|0.0575887
44|0.0475225|0.0475225
45|0.0420645|0.0420645
46|0.0420645|0.0420645
47|0.040816|0.040816
48|0.040816|0.040816
49|0.040816|0.040816
50|0.040816|0.040816
51|0.0366356|0.0366356
52|0.0366356|0.0366356
53|0.0366356|0.0366356
54|0.0348358|0.0348358
55|0.0300222|0.0300222
56|0.0300222|0.0300222
57|0.0297587|0.0297587
58|0.0268479|0.0268479
59|0.0201666|0.0201666
60|0.0134528|0.0134528
61|0.0112521|0.0112521
62|0.0111909|0.0111909
63|0.0099074|0.0099074
30776623ms
