0|5.45079|5.45079
1|3.40449|3.40449
2|2.67995|2.67995
3|1.89963|1.89963
4|0.981435|0.981435
5|0.731967|0.731967
6|0.659502|0.659502
7|0.615622|0.615622
8|0.59735|0.59735
9|0.50722|0.50722
10|0.479764|0.479764
11|0.434765|0.434765
12|0.434765|0.434765
13|0.371156|0.371156
14|0.279806|0.279806
15|0.263166|0.263166
16|0.263166|0.263166
17|0.263166|0.263166
18|0.200136|0.200136
19|0.189405|0.189405
20|0.185676|0.185676
21|0.163113|0.163113
22|0.156934|0.156934
23|0.156934|0.156934
24|0.126636|0.126636
25|0.12442|0.12442
26|0.121797|0.121797
27|0.121797|0.121797
28|0.115683|0.115683
29|0.115683|0.115683
30|0.100121|0.100121
31|0.0874877|0.0874877
32|0.0874877|0.0874877
33|0.0874877|0.0874877
34|0.0874877|0.0874877
35|0.080528|0.080528
36|0.0768233|0.0768233
37|0.0706527|0.0706527
38|0.0574528|0.0574528
39|0.0483991|0.0483991
40|0.0483991|0.0483991
41|0.0446131|0.0446131
42|0.0443952|0.0443952
43|0.0410578|0.0410578
44|0.0410578|0.0410578
45|0.0410578|0.0410578
46|0.0410578|0.0410578
47|0.0410578|0.0410578
48|0.0297155|0.0297155
49|0.0258535|0.0258535
50|0.0258535|0.0258535
51|0.0258535|0.0258535
52|0.0258535|0.0258535
53|0.0258535|0.0258535
54|0.0218595|0.0218595
55|0.0218595|0.0218595
56|0.0218595|0.0218595
57|0.0218595|0.0218595
58|0.0218595|0.0218595
59|0.0209003|0.0209003
60|0.0166001|0.0166001
61|0.016509|0.016509
62|0.016509|0.016509
63|0.0157877|0.0157877
64|0.0147891|0.0147891
65|0.01412|0.01412
66|0.0112141|0.0112141
67|0.0111555|0.0111555
68|0.00981046|0.00981046
32403283ms
