0|4.53401|4.53401
1|3.18842|3.18842
2|2.06388|2.06388
3|1.87179|1.87179
4|1.61063|1.61063
5|1.42218|1.42218
6|1.36876|1.36876
7|1.35623|1.35623
8|1.25992|1.25992
9|0.949886|0.949886
10|0.81061|0.81061
11|0.445857|0.445857
12|0.395966|0.395966
13|0.374322|0.374322
14|0.374322|0.374322
15|0.374322|0.374322
16|0.374322|0.374322
17|0.374322|0.374322
18|0.34095|0.34095
19|0.33039|0.33039
20|0.278476|0.278476
21|0.257539|0.257539
22|0.253579|0.253579
23|0.253579|0.253579
24|0.253579|0.253579
25|0.191925|0.191925
26|0.191925|0.191925
27|0.172219|0.172219
28|0.172219|0.172219
29|0.139776|0.139776
30|0.139776|0.139776
31|0.106558|0.106558
32|0.093391|0.093391
33|0.093391|0.093391
34|0.093391|0.093391
35|0.0913154|0.0913154
36|0.0857965|0.0857965
37|0.0821406|0.0821406
38|0.0821406|0.0821406
39|0.0777127|0.0777127
40|0.0744354|0.0744354
41|0.0742674|0.0742674
42|0.0642725|0.0642725
43|0.0642725|0.0642725
44|0.0642725|0.0642725
45|0.0596054|0.0596054
46|0.0567597|0.0567597
47|0.0562453|0.0562453
48|0.0511108|0.0511108
49|0.0459085|0.0459085
50|0.043589|0.043589
51|0.0419925|0.0419925
52|0.0256043|0.0256043
53|0.0254652|0.0254652
54|0.0230048|0.0230048
55|0.0230048|0.0230048
56|0.0223183|0.0223183
57|0.0217923|0.0217923
58|0.0216586|0.0216586
59|0.0199377|0.0199377
60|0.0183826|0.0183826
61|0.0183826|0.0183826
62|0.0179423|0.0179423
63|0.0151602|0.0151602
64|0.014572|0.014572
65|0.0128202|0.0128202
66|0.00825613|0.00825613
31593661ms
