0|6.15372|6.15372
1|2.60013|2.60013
2|1.51756|1.51756
3|1.43691|1.43691
4|1.34626|1.34626
5|0.957126|0.957126
6|0.950745|0.950745
7|0.882787|0.882787
8|0.882787|0.882787
9|0.583692|0.583692
10|0.583692|0.583692
11|0.48684|0.48684
12|0.48684|0.48684
13|0.432824|0.432824
14|0.432824|0.432824
15|0.432824|0.432824
16|0.432824|0.432824
17|0.432824|0.432824
18|0.414425|0.414425
19|0.265082|0.265082
20|0.253579|0.253579
21|0.193499|0.193499
22|0.193499|0.193499
23|0.185131|0.185131
24|0.102914|0.102914
25|0.102914|0.102914
26|0.102914|0.102914
27|0.102914|0.102914
28|0.102914|0.102914
29|0.102914|0.102914
30|0.102914|0.102914
31|0.102914|0.102914
32|0.102914|0.102914
33|0.0638943|0.0638943
34|0.0602649|0.0602649
35|0.0501575|0.0501575
36|0.0501575|0.0501575
37|0.0501575|0.0501575
38|0.0460465|0.0460465
39|0.0460465|0.0460465
40|0.0460465|0.0460465
41|0.0457734|0.0457734
42|0.0422863|0.0422863
43|0.0422863|0.0422863
44|0.0373501|0.0373501
45|0.0373501|0.0373501
46|0.0343572|0.0343572
47|0.0336856|0.0336856
48|0.0330726|0.0330726
49|0.0330726|0.0330726
50|0.0330726|0.0330726
51|0.0259458|0.0259458
52|0.0208347|0.0208347
53|0.0204442|0.0204442
54|0.0204442|0.0204442
55|0.0204442|0.0204442
56|0.0200129|0.0200129
57|0.018224|0.018224
58|0.0176912|0.0176912
59|0.0176842|0.0176842
60|0.0175973|0.0175973
61|0.0171252|0.0171252
62|0.0171252|0.0171252
63|0.0133314|0.0133314
64|0.0133314|0.0133314
65|0.0112816|0.0112816
66|0.00970706|0.00970706
32695232ms
