0|7.93494|7.93494
1|3.81131|3.81131
2|3.00866|3.00866
3|1.88775|1.88775
4|0.839737|0.839737
5|0.74608|0.74608
6|0.74608|0.74608
7|0.74608|0.74608
8|0.606149|0.606149
9|0.528574|0.528574
10|0.528574|0.528574
11|0.528574|0.528574
12|0.499698|0.499698
13|0.477945|0.477945
14|0.442578|0.442578
15|0.324716|0.324716
16|0.324716|0.324716
17|0.293475|0.293475
18|0.293475|0.293475
19|0.293475|0.293475
20|0.251075|0.251075
21|0.214867|0.214867
22|0.185258|0.185258
23|0.153964|0.153964
24|0.146953|0.146953
25|0.13666|0.13666
26|0.112004|0.112004
27|0.0945709|0.0945709
28|0.0945709|0.0945709
29|0.094413|0.094413
30|0.094413|0.094413
31|0.094413|0.094413
32|0.0843266|0.0843266
33|0.0840256|0.0840256
34|0.0840256|0.0840256
35|0.0791943|0.0791943
36|0.0791943|0.0791943
37|0.0755914|0.0755914
38|0.0652559|0.0652559
39|0.061187|0.061187
40|0.0604743|0.0604743
41|0.0604743|0.0604743
42|0.0416954|0.0416954
43|0.0416954|0.0416954
44|0.0376428|0.0376428
45|0.0333391|0.0333391
46|0.0333391|0.0333391
47|0.0318658|0.0318658
48|0.0290007|0.0290007
49|0.0290007|0.0290007
50|0.0243031|0.0243031
51|0.0241048|0.0241048
52|0.0234708|0.0234708
53|0.0228055|0.0228055
54|0.0213447|0.0213447
55|0.0213447|0.0213447
56|0.0157287|0.0157287
57|0.0133455|0.0133455
58|0.0114815|0.0114815
59|0.0109888|0.0109888
60|0.0109888|0.0109888
61|0.0107693|0.0107693
62|0.0107693|0.0107693
63|0.0107693|0.0107693
64|0.0098022|0.0098022
32403866ms
