0|4.66002|4.66002
1|2.05285|2.05285
2|1.76419|1.76419
3|1.60401|1.60401
4|1.11388|1.11388
5|0.753932|0.753932
6|0.753932|0.753932
7|0.633022|0.633022
8|0.47474|0.47474
9|0.451329|0.451329
10|0.40355|0.40355
11|0.337722|0.337722
12|0.329114|0.329114
13|0.329114|0.329114
14|0.329114|0.329114
15|0.229101|0.229101
16|0.206183|0.206183
17|0.15344|0.15344
18|0.131666|0.131666
19|0.131666|0.131666
20|0.108721|0.108721
21|0.0853859|0.0853859
22|0.0822726|0.0822726
23|0.0822726|0.0822726
24|0.0786231|0.0786231
25|0.0744236|0.0744236
26|0.0693997|0.0693997
27|0.0693997|0.0693997
28|0.0641362|0.0641362
29|0.0588201|0.0588201
30|0.0588201|0.0588201
31|0.0588201|0.0588201
32|0.0551994|0.0551994
33|0.0551994|0.0551994
34|0.0537405|0.0537405
35|0.0537405|0.0537405
36|0.0537405|0.0537405
37|0.0537405|0.0537405
38|0.0537405|0.0537405
39|0.0518781|0.0518781
40|0.0518781|0.0518781
41|0.0518781|0.0518781
42|0.0487206|0.0487206
43|0.0441821|0.0441821
44|0.0441821|0.0441821
45|0.0441821|0.0441821
46|0.040145|0.040145
47|0.0354122|0.0354122
48|0.0348412|0.0348412
49|0.0306077|0.0306077
50|0.0306077|0.0306077
51|0.0306077|0.0306077
52|0.0306077|0.0306077
53|0.0306077|0.0306077
54|0.0290944|0.0290944
55|0.0290944|0.0290944
56|0.0252188|0.0252188
57|0.0169671|0.0169671
58|0.0169671|0.0169671
59|0.0169671|0.0169671
60|0.0169671|0.0169671
61|0.0169671|0.0169671
62|0.0169671|0.0169671
63|0.0165554|0.0165554
64|0.0154934|0.0154934
65|0.0117741|0.0117741
66|0.0112912|0.0112912
67|0.0111505|0.0111505
68|0.0111505|0.0111505
69|0.00955693|0.00955693
33400942ms
