0|5.07482|5.07482
1|3.03284|3.03284
2|2.09221|2.09221
3|2.0708|2.0708
4|1.44592|1.44592
5|1.1269|1.1269
6|1.1113|1.1113
7|1.1113|1.1113
8|0.658412|0.658412
9|0.591527|0.591527
10|0.591527|0.591527
11|0.465502|0.465502
12|0.415806|0.415806
13|0.415806|0.415806
14|0.401131|0.401131
15|0.385304|0.385304
16|0.378433|0.378433
17|0.37481|0.37481
18|0.356232|0.356232
19|0.219733|0.219733
20|0.172759|0.172759
21|0.172759|0.172759
22|0.165942|0.165942
23|0.165942|0.165942
24|0.14195|0.14195
25|0.14195|0.14195
26|0.14195|0.14195
27|0.140768|0.140768
28|0.140768|0.140768
29|0.140768|0.140768
30|0.140768|0.140768
31|0.124461|0.124461
32|0.12279|0.12279
33|0.12279|0.12279
34|0.12279|0.12279
35|0.108504|0.108504
36|0.0922009|0.0922009
37|0.0866707|0.0866707
38|0.0691772|0.0691772
39|0.0599383|0.0599383
40|0.0599383|0.0599383
41|0.0569941|0.0569941
42|0.0569941|0.0569941
43|0.0569941|0.0569941
44|0.0569941|0.0569941
45|0.0569941|0.0569941
46|0.0505669|0.0505669
47|0.0500383|0.0500383
48|0.0489757|0.0489757
49|0.0489757|0.0489757
50|0.0484673|0.0484673
51|0.0445209|0.0445209
52|0.0387634|0.0387634
53|0.0387634|0.0387634
54|0.0322588|0.0322588
55|0.0311628|0.0311628
56|0.0307313|0.0307313
57|0.0241314|0.0241314
58|0.0221869|0.0221869
59|0.0221869|0.0221869
60|0.0198394|0.0198394
61|0.0136351|0.0136351
62|0.0125812|0.0125812
63|0.0116737|0.0116737
64|0.0108872|0.0108872
65|0.0108872|0.0108872
66|0.0108872|0.0108872
67|0.0108041|0.0108041
68|0.0108041|0.0108041
69|0.00906873|0.00906873
33175629ms
