0|6.20092|6.20092
1|3.79399|3.79399
2|1.44749|1.44749
3|1.44749|1.44749
4|1.23307|1.23307
5|1.22714|1.22714
6|1.08401|1.08401
7|0.652814|0.652814
8|0.56597|0.56597
9|0.561857|0.561857
10|0.561857|0.561857
11|0.495167|0.495167
12|0.443279|0.443279
13|0.427466|0.427466
14|0.396037|0.396037
15|0.353864|0.353864
16|0.302212|0.302212
17|0.302212|0.302212
18|0.248081|0.248081
19|0.248081|0.248081
20|0.230441|0.230441
21|0.230441|0.230441
22|0.148287|0.148287
23|0.148287|0.148287
24|0.148287|0.148287
25|0.133346|0.133346
26|0.118186|0.118186
27|0.118186|0.118186
28|0.118186|0.118186
29|0.118186|0.118186
30|0.103192|0.103192
31|0.0973967|0.0973967
32|0.0973967|0.0973967
33|0.0663199|0.0663199
34|0.0663199|0.0663199
35|0.0663199|0.0663199
36|0.0663199|0.0663199
37|0.0663199|0.0663199
38|0.0570754|0.0570754
39|0.0459414|0.0459414
40|0.0427655|0.0427655
41|0.0376434|0.0376434
42|0.036508|0.036508
43|0.036508|0.036508
44|0.036508|0.036508
45|0.036508|0.036508
46|0.0252509|0.0252509
47|0.0252509|0.0252509
48|0.0252509|0.0252509
49|0.0250692|0.0250692
50|0.0231356|0.0231356
51|0.0227269|0.0227269
52|0.0190088|0.0190088
53|0.0190088|0.0190088
54|0.0190088|0.0190088
55|0.0190088|0.0190088
56|0.0190088|0.0190088
57|0.0156028|0.0156028
58|0.0156028|0.0156028
59|0.0142819|0.0142819
60|0.0134623|0.0134623
61|0.0134623|0.0134623
62|0.0134623|0.0134623
63|0.0134623|0.0134623
64|0.0134623|0.0134623
65|0.0134623|0.0134623
66|0.0134623|0.0134623
67|0.0134623|0.0134623
68|0.0129442|0.0129442
69|0.0104589|0.0104589
70|0.0077946|0.0077946
33043605ms
