0|5.0618|5.0618
1|2.3671|2.3671
2|2.04137|2.04137
3|1.72398|1.72398
4|1.38045|1.38045
5|1.04039|1.04039
6|0.938745|0.938745
7|0.938745|0.938745
8|0.714695|0.714695
9|0.573071|0.573071
10|0.41295|0.41295
11|0.33157|0.33157
12|0.278299|0.278299
13|0.262106|0.262106
14|0.224917|0.224917
15|0.224917|0.224917
16|0.183885|0.183885
17|0.183885|0.183885
18|0.183885|0.183885
19|0.183885|0.183885
20|0.171998|0.171998
21|0.171998|0.171998
22|0.171998|0.171998
23|0.125212|0.125212
24|0.117397|0.117397
25|0.117397|0.117397
26|0.113527|0.113527
27|0.107422|0.107422
28|0.094717|0.094717
29|0.0932887|0.0932887
30|0.0932887|0.0932887
31|0.0751446|0.0751446
32|0.0677033|0.0677033
33|0.0677033|0.0677033
34|0.0677033|0.0677033
35|0.0677033|0.0677033
36|0.067406|0.067406
37|0.067406|0.067406
38|0.0646057|0.0646057
39|0.0441905|0.0441905
40|0.0441905|0.0441905
41|0.0417981|0.0417981
42|0.0370847|0.0370847
43|0.0370847|0.0370847
44|0.0370847|0.0370847
45|0.0370847|0.0370847
46|0.0332094|0.0332094
47|0.0298592|0.0298592
48|0.0298592|0.0298592
49|0.0265489|0.0265489
50|0.0247979|0.0247979
51|0.0228474|0.0228474
52|0.0228474|0.0228474
53|0.0214667|0.0214667
54|0.0214667|0.0214667
55|0.0163216|0.0163216
56|0.0163216|0.0163216
57|0.013894|0.013894
58|0.013894|0.013894
59|0.013894|0.013894
60|0.0138272|0.0138272
61|0.0123933|0.0123933
62|0.0123933|0.0123933
63|0.0101985|0.0101985
64|0.0100965|0.0100965
65|0.00995468|0.00995468
32534747ms
