0|5.53614|5.53614
1|3.85856|3.85856
2|1.69951|1.69951
3|1.57114|1.57114
4|1.42516|1.42516
5|1.29508|1.29508
6|1.21215|1.21215
7|0.982033|0.982033
8|0.716995|0.716995
9|0.592771|0.592771
10|0.537588|0.537588
11|0.537588|0.537588
12|0.537588|0.537588
13|0.474525|0.474525
14|0.334889|0.334889
15|0.279978|0.279978
16|0.271642|0.271642
17|0.271642|0.271642
18|0.271642|0.271642
19|0.271642|0.271642
20|0.215055|0.215055
21|0.209618|0.209618
22|0.209618|0.209618
23|0.186231|0.186231
24|0.186231|0.186231
25|0.186231|0.186231
26|0.149408|0.149408
27|0.136641|0.136641
28|0.136641|0.136641
29|0.136527|0.136527
30|0.121874|0.121874
31|0.121874|0.121874
32|0.107554|0.107554
33|0.107554|0.107554
34|0.105423|0.105423
35|0.0862618|0.0862618
36|0.0862618|0.0862618
37|0.0739544|0.0739544
38|0.0739544|0.0739544
39|0.0739544|0.0739544
40|0.070159|0.070159
41|0.0538776|0.0538776
42|0.0512795|0.0512795
43|0.0512795|0.0512795
44|0.0512795|0.0512795
45|0.0512795|0.0512795
46|0.0494736|0.0494736
47|0.0464937|0.0464937
48|0.0450731|0.0450731
49|0.044098|0.044098
50|0.0409173|0.0409173
51|0.0385329|0.0385329
52|0.0371917|0.0371917
53|0.0370304|0.0370304
54|0.0350699|0.0350699
55|0.0337377|0.0337377
56|0.0337377|0.0337377
57|0.027417|0.027417
58|0.0273056|0.0273056
59|0.0264507|0.0264507
60|0.0219941|0.0219941
61|0.0219941|0.0219941
62|0.0173568|0.0173568
63|0.0173568|0.0173568
64|0.0132612|0.0132612
65|0.0132612|0.0132612
66|0.0118893|0.0118893
67|0.0109636|0.0109636
68|0.00839778|0.00839778
32999126ms
