0|5.67695|5.67695
1|3.83242|3.83242
2|1.87708|1.87708
3|1.468|1.468
4|1.18949|1.18949
5|0.885273|0.885273
6|0.783289|0.783289
7|0.781986|0.781986
8|0.702177|0.702177
9|0.702177|0.702177
10|0.608657|0.608657
11|0.562547|0.562547
12|0.562547|0.562547
13|0.539019|0.539019
14|0.488904|0.488904
15|0.484423|0.484423
16|0.420189|0.420189
17|0.413044|0.413044
18|0.41188|0.41188
19|0.41188|0.41188
20|0.383323|0.383323
21|0.383323|0.383323
22|0.358009|0.358009
23|0.260761|0.260761
24|0.190122|0.190122
25|0.180618|0.180618
26|0.180618|0.180618
27|0.170191|0.170191
28|0.16115|0.16115
29|0.157285|0.157285
30|0.110977|0.110977
31|0.110977|0.110977
32|0.110977|0.110977
33|0.105032|0.105032
34|0.104752|0.104752
35|0.1041|0.1041
36|0.103975|0.103975
37|0.103975|0.103975
38|0.097659|0.097659
39|0.0824415|0.0824415
40|0.0732951|0.0732951
41|0.0725269|0.0725269
42|0.061375|0.061375
43|0.061375|0.061375
44|0.061375|0.061375
45|0.061375|0.061375
46|0.0522453|0.0522453
47|0.0522453|0.0522453
48|0.0522453|0.0522453
49|0.0484127|0.0484127
50|0.0410941|0.0410941
51|0.0347067|0.0347067
52|0.0316666|0.0316666
53|0.0316666|0.0316666
54|0.027899|0.027899
55|0.0272109|0.0272109
56|0.0272109|0.0272109
57|0.0257861|0.0257861
58|0.0220719|0.0220719
59|0.0213975|0.0213975
60|0.0187779|0.0187779
61|0.0186132|0.0186132
62|0.0176449|0.0176449
63|0.0174924|0.0174924
64|0.0140545|0.0140545
65|0.0119526|0.0119526
66|0.0119526|0.0119526
67|0.0119526|0.0119526
68|0.00958698|0.00958698
33358107ms
