0|-8.8893|-8.8893
1|-9.27076|-9.27076
2|-9.32984|-9.32984
3|-9.53122|-9.53122
4|-9.53158|-9.53158
5|-9.53216|-9.53216
6|-9.5325|-9.5325
7|-9.53284|-9.53284
8|-9.53284|-9.53284
9|-9.53296|-9.53296
10|-9.53296|-9.53296
11|-9.53301|-9.53301
12|-9.53311|-9.53311
13|-9.5332|-9.5332
14|-9.53327|-9.53327
15|-9.55257|-9.55257
16|-9.55583|-9.55583
17|-9.55653|-9.55653
18|-9.55689|-9.55689
19|-9.55733|-9.55733
20|-9.55759|-9.55759
21|-9.55772|-9.55772
22|-9.55772|-9.55772
23|-9.55795|-9.55795
24|-9.55803|-9.55803
25|-9.55803|-9.55803
26|-9.55827|-9.55827
27|-9.55827|-9.55827
28|-9.55836|-9.55836
29|-9.55836|-9.55836
30|-9.55836|-9.55836
31|-9.55836|-9.55836
32|-9.55836|-9.55836
33|-9.59472|-9.59472
34|-9.59934|-9.59934
35|-9.5999|-9.5999
36|-9.60006|-9.60006
350609185ms
