0|80.7622|80.7622
1|59.074|59.074
2|53.226|53.226
3|51.9478|51.9478
4|47.6633|47.6633
5|47.502|47.502
6|45.389|45.389
7|45.389|45.389
8|44.0673|44.0673
9|38.5542|38.5542
10|38.2115|38.2115
11|38.2115|38.2115
12|33.9688|33.9688
13|33.9688|33.9688
14|32.8201|32.8201
15|31.8629|31.8629
16|31.8629|31.8629
17|30.8006|30.8006
18|30.8006|30.8006
19|27.9948|27.9948
20|27.9948|27.9948
21|27.9948|27.9948
22|27.9948|27.9948
23|27.8757|27.8757
24|27.8757|27.8757
25|27.819|27.819
26|27.1492|27.1492
27|27.1492|27.1492
28|26.9311|26.9311
29|26.4922|26.4922
30|24.3897|24.3897
31|23.181|23.181
32|23.181|23.181
33|21.3784|21.3784
34|21.3784|21.3784
35|21.3669|21.3669
36|20.8094|20.8094
37|20.8094|20.8094
38|20.8094|20.8094
39|20.0905|20.0905
40|19.008|19.008
41|18.4699|18.4699
42|18.4699|18.4699
43|18.4699|18.4699
44|18.3728|18.3728
45|18.2132|18.2132
46|17.8859|17.8859
47|17.8717|17.8717
48|17.8717|17.8717
49|17.5802|17.5802
50|17.3824|17.3824
51|17.2939|17.2939
52|17.2629|17.2629
53|17.2629|17.2629
54|17.2629|17.2629
55|17.1715|17.1715
56|17.1715|17.1715
57|17.0217|17.0217
58|16.6565|16.6565
59|16.6565|16.6565
60|16.6134|16.6134
61|16.3678|16.3678
62|15.703|15.703
63|15.48|15.48
64|15.2349|15.2349
65|15.0249|15.0249
66|15.0101|15.0101
67|14.9973|14.9973
68|14.9442|14.9442
69|14.9198|14.9198
70|14.9198|14.9198
71|10.147|10.147
72|9.02553|9.02553
73|8.99479|8.99479
74|8.95929|8.95929
75|8.85349|8.85349
76|8.69476|8.69476
77|8.69476|8.69476
78|8.67697|8.67697
79|8.59034|8.59034
80|8.56317|8.56317
81|7.9488|7.9488
82|7.80878|7.80878
83|7.68648|7.68648
84|7.59995|7.59995
85|7.58235|7.58235
86|7.56712|7.56712
87|7.55257|7.55257
88|7.51003|7.51003
89|7.4863|7.4863
90|7.48458|7.48458
91|7.48176|7.48176
92|6.67013|6.67013
93|6.35431|6.35431
94|6.27799|6.27799
95|6.25405|6.25405
96|6.24877|6.24877
97|6.24552|6.24552
98|6.24552|6.24552
99|6.24058|6.24058
100|6.23505|6.23505
101|6.22273|6.22273
102|6.21579|6.21579
103|6.21579|6.21579
104|6.20656|6.20656
105|6.20528|6.20528
106|6.19998|6.19998
107|6.19441|6.19441
108|6.19441|6.19441
109|6.1944|6.1944
110|6.19359|6.19359
111|6.19331|6.19331
112|6.19133|6.19133
113|6.19133|6.19133
114|6.19006|6.19006
115|6.18727|6.18727
116|6.18602|6.18602
117|6.18602|6.18602
118|6.18602|6.18602
119|6.18428|6.18428
120|6.18368|6.18368
121|6.1829|6.1829
122|6.18258|6.18258
123|6.18258|6.18258
124|6.18224|6.18224
125|6.18154|6.18154
126|6.18128|6.18128
127|6.18125|6.18125
128|6.1812|6.1812
129|6.1812|6.1812
130|6.1812|6.1812
131|6.18077|6.18077
132|6.18059|6.18059
133|6.18039|6.18039
134|6.18016|6.18016
135|6.18007|6.18007
136|6.18005|6.18005
137|6.18|6.18
138|6.17996|6.17996
139|6.17991|6.17991
140|6.17976|6.17976
141|6.17976|6.17976
142|6.17951|6.17951
143|6.17951|6.17951
144|6.17949|6.17949
145|6.17944|6.17944
146|6.17942|6.17942
147|6.17941|6.17941
148|6.1794|6.1794
149|6.1793|6.1793
150|6.17924|6.17924
151|6.17924|6.17924
152|6.17922|6.17922
153|6.17921|6.17921
154|6.17921|6.17921
155|6.17921|6.17921
156|6.17921|6.17921
157|6.17921|6.17921
158|6.17921|6.17921
159|6.17921|6.17921
160|6.1792|6.1792
161|6.1792|6.1792
162|6.17918|6.17918
163|6.17915|6.17915
164|6.17912|6.17912
165|6.17912|6.17912
166|6.17912|6.17912
167|6.1791|6.1791
168|6.1791|6.1791
169|6.1791|6.1791
170|6.1791|6.1791
171|6.1791|6.1791
172|6.1791|6.1791
173|6.17909|6.17909
174|6.17909|6.17909
175|6.17909|6.17909
176|6.17909|6.17909
177|6.17909|6.17909
178|6.17909|6.17909
179|6.17909|6.17909
180|6.17909|6.17909
181|6.17909|6.17909
182|6.17909|6.17909
183|6.17909|6.17909
184|6.17909|6.17909
185|6.17909|6.17909
186|6.17909|6.17909
187|6.17909|6.17909
188|6.17909|6.17909
189|6.17909|6.17909
190|6.17909|6.17909
191|6.17909|6.17909
192|6.17909|6.17909
193|6.17909|6.17909
194|6.17909|6.17909
195|6.17909|6.17909
196|6.17909|6.17909
197|6.17909|6.17909
198|6.17909|6.17909
199|6.17909|6.17909
200|6.17909|6.17909
201|6.17909|6.17909
202|6.17909|6.17909
203|6.17909|6.17909
204|6.17909|6.17909
205|6.17909|6.17909
206|6.17909|6.17909
207|6.17909|6.17909
208|6.17909|6.17909
209|6.17909|6.17909
210|6.17909|6.17909
211|6.17909|6.17909
212|6.17909|6.17909
213|6.17909|6.17909
214|6.17909|6.17909
215|6.17909|6.17909
216|6.17909|6.17909
217|6.17909|6.17909
218|6.17909|6.17909
219|6.17909|6.17909
220|6.17909|6.17909
221|6.17909|6.17909
222|6.17909|6.17909
223|6.17909|6.17909
224|6.17909|6.17909
225|6.17909|6.17909
226|6.17909|6.17909
227|6.17909|6.17909
228|6.17909|6.17909
229|6.17909|6.17909
230|6.17909|6.17909
231|6.17909|6.17909
232|6.17909|6.17909
233|6.17909|6.17909
234|6.17909|6.17909
235|6.17909|6.17909
236|6.17909|6.17909
237|6.17909|6.17909
238|6.17909|6.17909
239|6.17909|6.17909
240|6.17909|6.17909
241|6.17909|6.17909
242|6.17909|6.17909
243|6.17909|6.17909
244|6.17909|6.17909
245|6.17909|6.17909
246|6.17909|6.17909
247|6.17909|6.17909
248|6.17909|6.17909
249|6.17909|6.17909
250|6.17909|6.17909
251|6.17909|6.17909
252|6.17909|6.17909
253|6.17909|6.17909
254|6.17909|6.17909
255|6.17909|6.17909
256|6.17909|6.17909
257|6.17909|6.17909
258|6.17909|6.17909
259|6.17909|6.17909
260|6.17909|6.17909
261|6.17909|6.17909
262|6.17909|6.17909
263|6.17909|6.17909
264|6.17909|6.17909
265|6.17909|6.17909
266|6.17909|6.17909
267|6.17909|6.17909
268|6.17909|6.17909
269|6.17909|6.17909
270|6.17909|6.17909
271|6.17909|6.17909
272|6.17909|6.17909
273|6.17909|6.17909
274|6.17909|6.17909
275|6.17909|6.17909
276|6.17909|6.17909
277|6.17909|6.17909
278|6.17909|6.17909
279|6.17909|6.17909
280|6.17909|6.17909
281|6.17909|6.17909
282|6.17909|6.17909
283|6.17909|6.17909
284|6.17909|6.17909
285|6.17909|6.17909
286|6.17909|6.17909
287|6.17909|6.17909
288|6.17909|6.17909
289|6.17909|6.17909
290|6.17909|6.17909
291|6.17909|6.17909
292|6.17909|6.17909
293|6.17909|6.17909
294|6.17909|6.17909
295|6.17909|6.17909
296|6.17909|6.17909
297|6.17909|6.17909
298|6.17909|6.17909
299|6.17909|6.17909
300|6.17909|6.17909
301|6.17909|6.17909
302|6.17909|6.17909
303|6.17909|6.17909
304|6.17909|6.17909
305|6.17909|6.17909
306|6.17909|6.17909
307|6.17909|6.17909
308|6.17909|6.17909
309|6.17909|6.17909
310|6.17909|6.17909
311|6.17909|6.17909
312|6.17909|6.17909
313|6.17909|6.17909
314|6.17909|6.17909
315|6.17909|6.17909
316|6.17909|6.17909
317|6.17909|6.17909
318|6.17909|6.17909
319|6.17909|6.17909
320|6.17909|6.17909
321|6.17909|6.17909
322|6.17909|6.17909
323|6.17909|6.17909
324|6.17909|6.17909
325|6.17909|6.17909
326|6.17909|6.17909
327|6.17909|6.17909
328|6.17909|6.17909
329|6.17909|6.17909
330|6.17909|6.17909
331|6.17909|6.17909
332|6.17909|6.17909
333|6.17909|6.17909
334|6.17909|6.17909
335|6.17909|6.17909
336|6.17909|6.17909
337|6.17909|6.17909
338|6.17909|6.17909
339|6.17909|6.17909
340|6.17909|6.17909
341|6.17909|6.17909
342|6.17909|6.17909
343|6.17909|6.17909
344|6.17909|6.17909
345|6.17909|6.17909
346|6.17909|6.17909
347|6.17909|6.17909
348|6.17909|6.17909
349|6.17909|6.17909
350|6.17909|6.17909
351|6.17909|6.17909
352|6.17909|6.17909
353|6.17909|6.17909
354|6.17909|6.17909
355|6.17909|6.17909
356|6.17909|6.17909
357|6.17909|6.17909
358|6.17909|6.17909
359|6.17909|6.17909
360|6.17909|6.17909
361|6.17909|6.17909
362|6.17909|6.17909
363|6.17909|6.17909
364|6.17909|6.17909
365|6.17909|6.17909
366|6.17909|6.17909
367|6.17909|6.17909
368|6.17909|6.17909
369|6.17909|6.17909
370|6.17909|6.17909
371|6.17909|6.17909
372|6.17909|6.17909
373|6.17909|6.17909
374|6.17909|6.17909
375|6.17909|6.17909
376|6.17909|6.17909
377|6.17909|6.17909
378|6.17909|6.17909
379|6.17909|6.17909
380|6.17909|6.17909
381|6.17909|6.17909
382|6.17909|6.17909
383|6.17909|6.17909
384|6.17909|6.17909
385|6.17909|6.17909
386|6.17909|6.17909
387|6.17909|6.17909
388|6.17909|6.17909
389|6.17909|6.17909
390|6.17909|6.17909
391|6.17909|6.17909
392|6.17909|6.17909
393|6.17909|6.17909
394|6.17909|6.17909
395|6.17909|6.17909
396|6.17909|6.17909
397|6.17909|6.17909
398|6.17909|6.17909
399|6.17909|6.17909
400|6.17909|6.17909
401|6.17909|6.17909
402|6.17909|6.17909
403|6.17909|6.17909
404|6.17909|6.17909
405|6.17909|6.17909
406|6.17909|6.17909
407|6.17909|6.17909
408|6.17909|6.17909
409|6.17909|6.17909
410|6.17909|6.17909
411|6.17909|6.17909
412|6.17909|6.17909
413|6.17909|6.17909
414|6.17909|6.17909
415|6.17909|6.17909
416|6.17909|6.17909
417|6.17909|6.17909
418|6.17909|6.17909
419|6.17909|6.17909
420|6.17909|6.17909
421|6.17909|6.17909
422|6.17909|6.17909
423|6.17909|6.17909
424|6.17909|6.17909
425|6.17909|6.17909
426|6.17909|6.17909
427|6.17909|6.17909
428|6.17909|6.17909
429|6.17909|6.17909
430|6.17909|6.17909
431|6.17909|6.17909
432|6.17909|6.17909
433|6.17909|6.17909
434|6.17909|6.17909
435|6.17909|6.17909
436|6.17909|6.17909
437|6.17909|6.17909
438|6.17909|6.17909
439|6.17909|6.17909
440|6.17909|6.17909
441|6.17909|6.17909
442|6.17909|6.17909
443|6.17909|6.17909
444|6.17909|6.17909
445|6.17909|6.17909
446|6.17909|6.17909
447|6.17909|6.17909
448|6.17909|6.17909
449|6.17909|6.17909
450|6.17909|6.17909
451|6.17909|6.17909
452|6.17909|6.17909
453|6.17909|6.17909
454|6.17909|6.17909
455|6.17909|6.17909
456|6.17909|6.17909
457|6.17909|6.17909
458|6.17909|6.17909
459|6.17909|6.17909
460|6.17909|6.17909
461|6.17909|6.17909
462|6.17909|6.17909
463|6.17909|6.17909
464|6.17909|6.17909
465|6.17909|6.17909
466|6.17909|6.17909
467|6.17909|6.17909
468|6.17909|6.17909
469|6.17909|6.17909
470|6.17909|6.17909
471|6.17909|6.17909
472|6.17909|6.17909
473|6.17909|6.17909
474|6.17909|6.17909
475|6.17909|6.17909
476|6.17909|6.17909
477|6.17909|6.17909
478|6.17909|6.17909
479|6.17909|6.17909
480|6.17909|6.17909
481|6.17909|6.17909
482|6.17909|6.17909
483|6.17909|6.17909
484|6.17909|6.17909
485|6.17909|6.17909
486|6.17909|6.17909
487|6.17909|6.17909
488|6.17909|6.17909
489|6.17909|6.17909
490|6.17909|6.17909
491|6.17909|6.17909
492|6.17909|6.17909
493|6.17909|6.17909
494|6.17909|6.17909
495|6.17909|6.17909
496|6.17909|6.17909
497|6.17909|6.17909
498|6.17909|6.17909
499|6.17909|6.17909
500|6.17909|6.17909
501|6.17909|6.17909
502|6.17909|6.17909
503|6.17909|6.17909
504|6.17909|6.17909
505|6.17909|6.17909
506|6.17909|6.17909
507|6.17909|6.17909
508|6.17909|6.17909
509|6.17909|6.17909
510|6.17909|6.17909
511|6.17909|6.17909
512|6.17909|6.17909
513|6.17909|6.17909
514|6.17909|6.17909
515|6.17909|6.17909
516|6.17909|6.17909
517|6.17909|6.17909
518|6.17909|6.17909
519|6.17909|6.17909
520|6.17909|6.17909
521|6.17909|6.17909
522|6.17909|6.17909
523|6.17909|6.17909
524|6.17909|6.17909
525|6.17909|6.17909
526|6.17909|6.17909
527|6.17909|6.17909
528|6.17909|6.17909
529|6.17909|6.17909
530|6.17909|6.17909
531|6.17909|6.17909
532|6.17909|6.17909
533|6.17909|6.17909
534|6.17909|6.17909
535|6.17909|6.17909
536|6.17909|6.17909
537|6.17909|6.17909
538|6.17909|6.17909
539|6.17909|6.17909
540|6.17909|6.17909
541|6.17909|6.17909
542|6.17909|6.17909
543|6.17909|6.17909
544|6.17909|6.17909
545|6.17909|6.17909
546|6.17909|6.17909
547|6.17909|6.17909
548|6.17909|6.17909
549|6.17909|6.17909
550|6.17909|6.17909
551|6.17909|6.17909
552|6.17909|6.17909
553|6.17909|6.17909
554|6.17909|6.17909
555|6.17909|6.17909
556|6.17909|6.17909
557|6.17909|6.17909
558|6.17909|6.17909
559|6.17909|6.17909
560|6.17909|6.17909
561|6.17909|6.17909
562|6.17909|6.17909
563|6.17909|6.17909
564|6.17909|6.17909
565|6.17909|6.17909
566|6.17909|6.17909
567|6.17909|6.17909
568|6.17909|6.17909
569|6.17909|6.17909
570|6.17909|6.17909
571|6.17909|6.17909
572|6.17909|6.17909
573|6.17909|6.17909
574|6.17909|6.17909
575|6.17909|6.17909
576|6.17909|6.17909
577|6.17909|6.17909
578|6.17909|6.17909
579|6.17909|6.17909
580|6.17909|6.17909
581|6.17909|6.17909
582|6.17909|6.17909
583|6.17909|6.17909
584|6.17909|6.17909
585|6.17909|6.17909
586|6.17909|6.17909
587|6.17909|6.17909
588|6.17909|6.17909
589|6.17909|6.17909
590|6.17909|6.17909
591|6.17909|6.17909
592|6.17909|6.17909
593|6.17909|6.17909
594|6.17909|6.17909
595|6.17909|6.17909
596|6.17909|6.17909
597|6.17909|6.17909
598|6.17909|6.17909
599|6.17909|6.17909
600|6.17909|6.17909
601|6.17909|6.17909
602|6.17909|6.17909
603|6.17909|6.17909
604|6.17909|6.17909
605|6.17909|6.17909
606|6.17909|6.17909
607|6.17909|6.17909
608|6.17909|6.17909
609|6.17909|6.17909
610|6.17909|6.17909
611|6.17909|6.17909
612|6.17909|6.17909
613|6.17909|6.17909
614|6.17909|6.17909
615|6.17909|6.17909
616|6.17909|6.17909
617|6.17909|6.17909
618|6.17909|6.17909
619|6.17909|6.17909
620|6.17909|6.17909
621|6.17909|6.17909
622|6.17909|6.17909
623|6.17909|6.17909
624|6.17909|6.17909
625|6.17909|6.17909
626|6.17909|6.17909
627|6.17909|6.17909
628|6.17909|6.17909
629|6.17909|6.17909
630|6.17909|6.17909
631|6.17909|6.17909
632|6.17909|6.17909
633|6.17909|6.17909
634|6.17909|6.17909
635|6.17909|6.17909
636|6.17909|6.17909
637|6.17909|6.17909
638|6.17909|6.17909
639|6.17909|6.17909
640|6.17909|6.17909
641|6.17909|6.17909
642|6.17909|6.17909
643|6.17909|6.17909
644|6.17909|6.17909
645|6.17909|6.17909
646|6.17909|6.17909
647|6.17909|6.17909
648|6.17909|6.17909
649|6.17909|6.17909
650|6.17909|6.17909
651|6.17909|6.17909
652|6.17909|6.17909
653|6.17909|6.17909
654|6.17909|6.17909
655|6.17909|6.17909
656|6.17909|6.17909
657|6.17909|6.17909
658|6.17909|6.17909
659|6.17909|6.17909
660|6.17909|6.17909
661|6.17909|6.17909
662|6.17909|6.17909
663|6.17909|6.17909
664|6.17909|6.17909
665|6.17909|6.17909
666|6.17909|6.17909
667|6.17909|6.17909
668|6.17909|6.17909
669|6.17909|6.17909
670|6.17909|6.17909
671|6.17909|6.17909
672|6.17909|6.17909
673|6.17909|6.17909
674|6.17909|6.17909
675|6.17909|6.17909
676|6.17909|6.17909
677|6.17909|6.17909
678|6.17909|6.17909
679|6.17909|6.17909
680|6.17909|6.17909
681|6.17909|6.17909
682|6.17909|6.17909
683|6.17909|6.17909
684|6.17909|6.17909
685|6.17909|6.17909
686|6.17909|6.17909
687|6.17909|6.17909
688|6.17909|6.17909
689|6.17909|6.17909
690|6.17909|6.17909
691|6.17909|6.17909
692|6.17909|6.17909
693|6.17909|6.17909
694|6.17909|6.17909
695|6.17909|6.17909
696|6.17909|6.17909
697|6.17909|6.17909
698|6.17909|6.17909
699|6.17909|6.17909
700|6.17909|6.17909
701|6.17909|6.17909
702|6.17909|6.17909
703|6.17909|6.17909
704|6.17909|6.17909
705|6.17909|6.17909
706|6.17909|6.17909
707|6.17909|6.17909
708|6.17909|6.17909
709|6.17909|6.17909
710|6.17909|6.17909
711|6.17909|6.17909
712|6.17909|6.17909
713|6.17909|6.17909
714|6.17909|6.17909
715|6.17909|6.17909
716|6.17909|6.17909
717|6.17909|6.17909
718|6.17909|6.17909
719|6.17909|6.17909
720|6.17909|6.17909
721|6.17909|6.17909
722|6.17909|6.17909
723|6.17909|6.17909
724|6.17909|6.17909
725|6.17909|6.17909
726|6.17909|6.17909
727|6.17909|6.17909
728|6.17909|6.17909
729|6.17909|6.17909
730|6.17909|6.17909
731|6.17909|6.17909
732|6.17909|6.17909
733|6.17909|6.17909
734|6.17909|6.17909
735|6.17909|6.17909
736|6.17909|6.17909
737|6.17909|6.17909
738|6.17909|6.17909
739|6.17909|6.17909
740|6.17909|6.17909
741|6.17909|6.17909
742|6.17909|6.17909
743|6.17909|6.17909
744|6.17909|6.17909
745|6.17909|6.17909
746|6.17909|6.17909
747|6.17909|6.17909
748|6.17909|6.17909
749|6.17909|6.17909
750|6.17909|6.17909
751|6.17909|6.17909
752|6.17909|6.17909
753|6.17909|6.17909
754|6.17909|6.17909
755|6.17909|6.17909
756|6.17909|6.17909
757|6.17909|6.17909
758|6.17909|6.17909
759|6.17909|6.17909
760|6.17909|6.17909
761|6.17909|6.17909
762|6.17909|6.17909
763|6.17909|6.17909
764|6.17909|6.17909
765|6.17909|6.17909
766|6.17909|6.17909
767|6.17909|6.17909
768|6.17909|6.17909
769|6.17909|6.17909
770|6.17909|6.17909
771|6.17909|6.17909
772|6.17909|6.17909
773|6.17909|6.17909
774|6.17909|6.17909
775|6.17909|6.17909
776|6.17909|6.17909
777|6.17909|6.17909
778|6.17909|6.17909
779|6.17909|6.17909
780|6.17909|6.17909
781|6.17909|6.17909
782|6.17909|6.17909
783|6.17909|6.17909
784|6.17909|6.17909
785|6.17909|6.17909
786|6.17909|6.17909
787|6.17909|6.17909
788|6.17909|6.17909
789|6.17909|6.17909
790|6.17909|6.17909
791|6.17909|6.17909
792|6.17909|6.17909
793|6.17909|6.17909
794|6.17909|6.17909
795|6.17909|6.17909
796|6.17909|6.17909
797|6.17909|6.17909
798|6.17909|6.17909
799|6.17909|6.17909
800|6.17909|6.17909
801|6.17909|6.17909
802|6.17909|6.17909
803|6.17909|6.17909
804|6.17909|6.17909
805|6.17909|6.17909
806|6.17909|6.17909
807|6.17909|6.17909
808|6.17909|6.17909
809|6.17909|6.17909
810|6.17909|6.17909
811|6.17909|6.17909
812|6.17909|6.17909
813|6.17909|6.17909
814|6.17909|6.17909
815|6.17909|6.17909
816|6.17909|6.17909
817|6.17909|6.17909
818|6.17909|6.17909
819|6.17909|6.17909
820|6.17909|6.17909
821|6.17909|6.17909
822|6.17909|6.17909
823|6.17909|6.17909
824|6.17909|6.17909
825|6.17909|6.17909
826|6.17909|6.17909
827|6.17909|6.17909
828|6.17909|6.17909
829|6.17909|6.17909
830|6.17909|6.17909
831|6.17909|6.17909
832|6.17909|6.17909
833|6.17909|6.17909
834|6.17909|6.17909
835|6.17909|6.17909
836|6.17909|6.17909
837|6.17909|6.17909
838|6.17909|6.17909
839|6.17909|6.17909
840|6.17909|6.17909
841|6.17909|6.17909
842|6.17909|6.17909
843|6.17909|6.17909
844|6.17909|6.17909
845|6.17909|6.17909
846|6.17909|6.17909
847|6.17909|6.17909
848|6.17909|6.17909
849|6.17909|6.17909
850|6.17909|6.17909
851|6.17909|6.17909
852|6.17909|6.17909
853|6.17909|6.17909
854|6.17909|6.17909
855|6.17909|6.17909
856|6.17909|6.17909
857|6.17909|6.17909
858|6.17909|6.17909
859|6.17909|6.17909
860|6.17909|6.17909
861|6.17909|6.17909
862|6.17909|6.17909
863|6.17909|6.17909
864|6.17909|6.17909
865|6.17909|6.17909
866|6.17909|6.17909
867|6.17909|6.17909
868|6.17909|6.17909
869|6.17909|6.17909
870|6.17909|6.17909
871|6.17909|6.17909
872|6.17909|6.17909
873|6.17909|6.17909
874|6.17909|6.17909
875|6.17909|6.17909
876|6.17909|6.17909
877|6.17909|6.17909
878|6.17909|6.17909
879|6.17909|6.17909
880|6.17909|6.17909
881|6.17909|6.17909
882|6.17909|6.17909
883|6.17909|6.17909
884|6.17909|6.17909
885|6.17909|6.17909
886|6.17909|6.17909
887|6.17909|6.17909
888|6.17909|6.17909
889|6.17909|6.17909
890|6.17909|6.17909
891|6.17909|6.17909
892|6.17909|6.17909
893|6.17909|6.17909
894|6.17909|6.17909
895|6.17909|6.17909
896|6.17909|6.17909
897|6.17909|6.17909
898|6.17909|6.17909
899|6.17909|6.17909
900|6.17909|6.17909
901|6.17909|6.17909
902|6.17909|6.17909
903|6.17909|6.17909
904|6.17909|6.17909
905|6.17909|6.17909
906|6.17909|6.17909
907|6.17909|6.17909
908|6.17909|6.17909
909|6.17909|6.17909
910|6.17909|6.17909
911|6.17909|6.17909
912|6.17909|6.17909
913|6.17909|6.17909
914|6.17909|6.17909
915|6.17909|6.17909
916|6.17909|6.17909
917|6.17909|6.17909
918|6.17909|6.17909
919|6.17909|6.17909
920|6.17909|6.17909
921|6.17909|6.17909
922|6.17909|6.17909
923|6.17909|6.17909
924|6.17909|6.17909
925|6.17909|6.17909
926|6.17909|6.17909
927|6.17909|6.17909
928|6.17909|6.17909
929|6.17909|6.17909
930|6.17909|6.17909
931|6.17909|6.17909
932|6.17909|6.17909
933|6.17909|6.17909
934|6.17909|6.17909
935|6.17909|6.17909
936|6.17909|6.17909
937|6.17909|6.17909
938|6.17909|6.17909
939|6.17909|6.17909
940|6.17909|6.17909
941|6.17909|6.17909
942|6.17909|6.17909
943|6.17909|6.17909
944|6.17909|6.17909
945|6.17909|6.17909
946|6.17909|6.17909
947|6.17909|6.17909
948|6.17909|6.17909
949|6.17909|6.17909
950|6.17909|6.17909
951|6.17909|6.17909
952|6.17909|6.17909
953|6.17909|6.17909
954|6.17909|6.17909
955|6.17909|6.17909
956|6.17909|6.17909
957|6.17909|6.17909
958|6.17909|6.17909
959|6.17909|6.17909
960|6.17909|6.17909
961|6.17909|6.17909
962|6.17909|6.17909
963|6.17909|6.17909
964|6.17909|6.17909
965|6.17909|6.17909
966|6.17909|6.17909
967|6.17909|6.17909
968|6.17909|6.17909
969|6.17909|6.17909
970|6.17909|6.17909
971|6.17909|6.17909
972|6.17909|6.17909
973|6.17909|6.17909
974|6.17909|6.17909
975|6.17909|6.17909
976|6.17909|6.17909
977|6.17909|6.17909
978|6.17909|6.17909
979|6.17909|6.17909
980|6.17909|6.17909
981|6.17909|6.17909
982|6.17909|6.17909
983|6.17909|6.17909
984|6.17909|6.17909
985|6.17909|6.17909
986|6.17909|6.17909
987|6.17909|6.17909
988|6.17909|6.17909
989|6.17909|6.17909
990|6.17909|6.17909
991|6.17909|6.17909
992|6.17909|6.17909
993|6.17909|6.17909
994|6.17909|6.17909
995|6.17909|6.17909
996|6.17909|6.17909
997|6.17909|6.17909
998|6.17909|6.17909
999|6.17909|6.17909
756485735ms
