0|6.01622|6.01622
1|4.95205|4.95205
2|4.94606|4.94606
3|4.94532|4.94532
4|3.71419|3.71419
5|2.48058|2.48058
6|2.47628|2.47628
7|2.47271|2.47271
8|2.47254|2.47254
9|2.47254|2.47254
10|2.47243|2.47243
11|2.23389|2.23389
12|1.23604|1.23604
13|1.23602|1.23602
14|1.23597|1.23597
15|1.23592|1.23592
16|1.23592|1.23592
17|1.23586|1.23586
18|1.23586|1.23586
19|1.23586|1.23586
20|1.23585|1.23585
21|1.23585|1.23585
22|1.23585|1.23585
23|1.23585|1.23585
24|1.23585|1.23585
25|1.23584|1.23584
26|1.23584|1.23584
27|1.23583|1.23583
28|1.23583|1.23583
29|1.23583|1.23583
30|1.23583|1.23583
31|1.23583|1.23583
32|1.23583|1.23583
33|1.23583|1.23583
34|1.23583|1.23583
35|1.23583|1.23583
36|1.23583|1.23583
37|1.23583|1.23583
38|1.23583|1.23583
39|1.23583|1.23583
40|1.23582|1.23582
41|1.23582|1.23582
42|1.23582|1.23582
43|1.23582|1.23582
44|1.23582|1.23582
45|1.23582|1.23582
46|1.23582|1.23582
47|1.23582|1.23582
48|1.23582|1.23582
49|1.23582|1.23582
50|1.23582|1.23582
51|1.23582|1.23582
52|1.23582|1.23582
53|1.23582|1.23582
54|1.23582|1.23582
55|1.23582|1.23582
56|1.23582|1.23582
57|1.23582|1.23582
58|1.23582|1.23582
59|1.23582|1.23582
60|1.23582|1.23582
61|1.23582|1.23582
62|3.93295e-06|3.93295e-06
522333868ms
