0|84.3545|84.3545
1|76.3579|76.3579
2|72.9129|72.9129
3|49.0875|49.0875
4|49.0875|49.0875
5|49.0875|49.0875
6|49.0875|49.0875
7|46.5755|46.5755
8|43.5887|43.5887
9|41.2684|41.2684
10|41.2684|41.2684
11|40.6194|40.6194
12|37.0103|37.0103
13|35.8424|35.8424
14|35.8424|35.8424
15|35.4589|35.4589
16|35.4589|35.4589
17|35.4589|35.4589
18|34.6581|34.6581
19|32.2837|32.2837
20|30.3415|30.3415
21|28.6582|28.6582
22|26.2429|26.2429
23|26.065|26.065
24|25.2123|25.2123
25|25.2123|25.2123
26|23.4382|23.4382
27|21.2979|21.2979
28|20.5061|20.5061
29|18.5752|18.5752
30|18.5752|18.5752
31|18.345|18.345
32|18.2494|18.2494
33|18.2494|18.2494
34|18.2494|18.2494
35|17.9928|17.9928
36|17.1192|17.1192
37|16.9048|16.9048
38|16.2416|16.2416
39|16.2416|16.2416
40|15.3833|15.3833
41|14.744|14.744
42|14.2037|14.2037
43|14.2009|14.2009
44|14.004|14.004
45|13.8032|13.8032
46|13.8032|13.8032
47|13.7209|13.7209
48|13.6692|13.6692
49|12.8019|12.8019
50|12.5323|12.5323
51|12.3938|12.3938
52|11.2106|11.2106
53|11.194|11.194
54|10.8782|10.8782
55|10.8715|10.8715
56|10.8682|10.8682
57|9.67211|9.67211
58|9.22669|9.22669
59|9.22483|9.22483
60|9.22483|9.22483
61|9.17159|9.17159
62|9.17159|9.17159
63|8.99714|8.99714
64|7.78554|7.78554
65|7.71497|7.71497
66|7.56165|7.56165
67|7.56165|7.56165
68|7.54992|7.54992
69|7.52786|7.52786
70|7.48757|7.48757
71|7.39427|7.39427
72|7.39427|7.39427
73|7.37052|7.37052
74|6.81739|6.81739
75|6.59692|6.59692
76|6.57284|6.57284
77|6.53679|6.53679
78|6.42518|6.42518
79|6.3478|6.3478
80|6.32081|6.32081
81|6.31305|6.31305
82|6.31305|6.31305
83|6.30767|6.30767
84|6.27757|6.27757
85|6.24753|6.24753
86|6.24753|6.24753
87|6.24753|6.24753
88|6.24233|6.24233
89|6.23794|6.23794
90|6.23451|6.23451
91|6.23451|6.23451
92|6.23192|6.23192
93|6.22696|6.22696
94|6.22551|6.22551
95|6.22395|6.22395
96|6.22395|6.22395
97|6.21548|6.21548
98|6.21531|6.21531
99|6.20762|6.20762
100|6.20651|6.20651
101|6.20585|6.20585
102|6.20067|6.20067
103|6.19992|6.19992
104|6.19943|6.19943
105|6.19943|6.19943
106|6.19919|6.19919
107|6.19869|6.19869
108|6.19869|6.19869
109|6.19004|6.19004
110|6.18962|6.18962
111|6.18962|6.18962
112|6.18884|6.18884
113|6.18805|6.18805
114|6.18465|6.18465
115|6.18462|6.18462
116|6.18399|6.18399
117|6.18377|6.18377
118|6.18366|6.18366
119|6.18366|6.18366
120|6.18337|6.18337
121|6.18312|6.18312
122|6.18312|6.18312
123|6.1827|6.1827
124|6.18138|6.18138
125|6.18137|6.18137
126|6.18075|6.18075
127|6.18053|6.18053
128|6.18053|6.18053
129|6.18053|6.18053
130|6.18053|6.18053
131|6.18053|6.18053
132|6.18053|6.18053
133|6.18014|6.18014
134|6.17996|6.17996
135|6.17957|6.17957
136|6.17957|6.17957
137|6.17952|6.17952
138|6.17952|6.17952
139|6.1795|6.1795
140|6.1794|6.1794
141|6.1794|6.1794
142|6.1794|6.1794
143|6.1794|6.1794
144|6.1794|6.1794
145|6.17927|6.17927
146|6.17927|6.17927
147|6.17927|6.17927
148|6.17926|6.17926
149|6.17926|6.17926
150|6.17926|6.17926
151|6.17926|6.17926
152|6.17921|6.17921
153|6.17921|6.17921
154|6.17921|6.17921
155|6.1792|6.1792
156|6.17918|6.17918
157|6.17918|6.17918
158|6.17918|6.17918
159|6.17918|6.17918
160|6.17918|6.17918
161|6.17916|6.17916
162|6.17915|6.17915
163|6.17913|6.17913
164|6.17913|6.17913
165|6.17912|6.17912
166|6.17912|6.17912
167|6.17912|6.17912
168|6.17912|6.17912
169|6.17912|6.17912
170|6.17912|6.17912
171|6.17912|6.17912
172|6.17912|6.17912
173|6.17912|6.17912
174|6.17912|6.17912
175|6.17911|6.17911
176|6.17911|6.17911
177|6.17911|6.17911
178|6.17911|6.17911
179|6.17911|6.17911
180|6.17911|6.17911
181|6.17911|6.17911
182|6.17911|6.17911
183|6.17911|6.17911
184|6.17911|6.17911
185|6.17911|6.17911
186|6.17911|6.17911
187|6.17911|6.17911
188|6.17911|6.17911
189|6.17911|6.17911
190|6.17911|6.17911
191|6.17911|6.17911
192|6.17911|6.17911
193|6.17911|6.17911
194|6.17911|6.17911
195|6.17911|6.17911
196|6.17911|6.17911
197|6.17911|6.17911
198|6.17911|6.17911
199|6.17911|6.17911
200|6.17911|6.17911
201|6.17911|6.17911
202|6.17911|6.17911
203|6.17911|6.17911
204|6.17911|6.17911
205|6.17911|6.17911
206|6.17911|6.17911
207|6.17911|6.17911
208|6.17911|6.17911
209|6.17911|6.17911
210|6.17911|6.17911
211|6.17911|6.17911
212|6.17911|6.17911
213|6.17911|6.17911
214|6.17911|6.17911
215|6.17911|6.17911
216|6.17911|6.17911
217|6.17911|6.17911
218|6.17911|6.17911
219|6.17911|6.17911
220|6.17911|6.17911
221|6.17911|6.17911
222|6.17911|6.17911
223|6.17911|6.17911
224|6.17911|6.17911
225|6.17911|6.17911
226|6.17911|6.17911
227|6.17911|6.17911
228|6.17911|6.17911
229|6.17911|6.17911
230|6.17911|6.17911
231|6.17911|6.17911
232|6.17911|6.17911
233|6.17911|6.17911
234|6.17911|6.17911
235|6.17911|6.17911
236|6.17911|6.17911
237|6.17911|6.17911
238|6.17911|6.17911
239|6.17911|6.17911
240|6.17911|6.17911
241|6.17911|6.17911
242|6.17911|6.17911
243|6.17911|6.17911
244|6.17911|6.17911
245|6.17911|6.17911
246|6.17911|6.17911
247|6.17911|6.17911
248|6.17911|6.17911
249|6.17911|6.17911
250|6.17911|6.17911
251|6.17911|6.17911
252|6.17911|6.17911
253|6.17911|6.17911
254|6.17911|6.17911
255|6.17911|6.17911
256|6.17911|6.17911
257|6.17911|6.17911
258|6.17911|6.17911
259|6.17911|6.17911
260|6.17911|6.17911
261|6.17911|6.17911
262|6.17911|6.17911
263|6.17911|6.17911
264|6.17911|6.17911
265|6.17911|6.17911
266|6.17911|6.17911
267|6.17911|6.17911
268|6.17911|6.17911
269|6.17911|6.17911
270|6.17911|6.17911
271|6.17911|6.17911
272|6.17911|6.17911
273|6.17911|6.17911
274|6.17911|6.17911
275|6.17911|6.17911
276|6.17911|6.17911
277|6.17911|6.17911
278|6.17911|6.17911
279|6.17911|6.17911
280|6.17911|6.17911
281|6.17911|6.17911
282|6.17911|6.17911
283|6.17911|6.17911
284|6.17911|6.17911
285|6.17911|6.17911
286|6.17911|6.17911
287|6.17911|6.17911
288|6.17911|6.17911
289|6.17911|6.17911
290|6.17911|6.17911
291|6.17911|6.17911
292|6.17911|6.17911
293|6.17911|6.17911
294|6.17911|6.17911
295|6.17911|6.17911
296|6.17911|6.17911
297|6.17911|6.17911
298|6.17911|6.17911
299|6.17911|6.17911
300|6.17911|6.17911
301|6.17911|6.17911
302|6.17911|6.17911
303|6.17911|6.17911
304|6.17911|6.17911
305|6.17911|6.17911
306|6.17911|6.17911
307|6.17911|6.17911
308|6.17911|6.17911
309|6.17911|6.17911
310|6.17911|6.17911
311|6.17911|6.17911
312|6.17911|6.17911
313|6.17911|6.17911
314|6.17911|6.17911
315|6.17911|6.17911
316|6.17911|6.17911
317|6.17911|6.17911
318|6.17911|6.17911
319|6.17911|6.17911
320|6.17911|6.17911
321|6.17911|6.17911
322|6.17911|6.17911
323|6.17911|6.17911
324|6.17911|6.17911
325|6.17911|6.17911
326|6.17911|6.17911
327|6.17911|6.17911
328|6.17911|6.17911
329|6.17911|6.17911
330|6.17911|6.17911
331|6.17911|6.17911
332|6.17911|6.17911
333|6.17911|6.17911
334|6.17911|6.17911
335|6.17911|6.17911
336|6.17911|6.17911
337|6.17911|6.17911
338|6.17911|6.17911
339|6.17911|6.17911
340|6.17911|6.17911
341|6.17911|6.17911
342|6.17911|6.17911
343|6.17911|6.17911
344|6.17911|6.17911
345|6.17911|6.17911
346|6.17911|6.17911
347|6.17911|6.17911
348|6.17911|6.17911
349|6.17911|6.17911
350|6.17911|6.17911
351|6.17911|6.17911
352|6.17911|6.17911
353|6.17911|6.17911
354|6.17911|6.17911
355|6.17911|6.17911
356|6.17911|6.17911
357|6.17911|6.17911
358|6.17911|6.17911
359|6.17911|6.17911
360|6.17911|6.17911
361|6.17911|6.17911
362|6.17911|6.17911
363|6.17911|6.17911
364|6.17911|6.17911
365|6.17911|6.17911
366|6.17911|6.17911
367|6.17911|6.17911
368|6.17911|6.17911
369|6.17911|6.17911
370|6.17911|6.17911
371|6.17911|6.17911
372|6.17911|6.17911
373|6.17911|6.17911
374|6.17911|6.17911
375|6.17911|6.17911
376|6.17911|6.17911
377|6.17911|6.17911
378|6.17911|6.17911
379|6.17911|6.17911
380|6.17911|6.17911
381|6.17911|6.17911
382|6.17911|6.17911
383|6.17911|6.17911
384|6.17911|6.17911
385|6.17911|6.17911
386|6.17911|6.17911
387|6.17911|6.17911
388|6.17911|6.17911
389|6.17911|6.17911
390|6.17911|6.17911
391|6.17911|6.17911
392|6.17911|6.17911
393|6.17911|6.17911
394|6.17911|6.17911
395|6.17911|6.17911
396|6.17911|6.17911
397|6.17911|6.17911
398|6.17911|6.17911
399|6.17911|6.17911
400|6.17911|6.17911
401|6.17911|6.17911
402|6.17911|6.17911
403|6.17911|6.17911
404|6.17911|6.17911
405|6.17911|6.17911
406|6.17911|6.17911
407|6.17911|6.17911
408|6.17911|6.17911
409|6.17911|6.17911
410|6.17911|6.17911
411|6.17911|6.17911
412|6.17911|6.17911
413|6.17911|6.17911
414|6.17911|6.17911
415|6.17911|6.17911
416|6.17911|6.17911
417|6.17911|6.17911
418|6.17911|6.17911
419|6.17911|6.17911
420|6.17911|6.17911
421|6.17911|6.17911
422|6.17911|6.17911
423|6.17911|6.17911
424|6.17911|6.17911
425|6.17911|6.17911
426|6.17911|6.17911
427|6.17911|6.17911
428|6.17911|6.17911
429|6.17911|6.17911
430|6.17911|6.17911
431|6.17911|6.17911
432|6.17911|6.17911
433|6.17911|6.17911
434|6.17911|6.17911
435|6.17911|6.17911
436|6.17911|6.17911
437|6.17911|6.17911
438|6.17911|6.17911
439|6.17911|6.17911
440|6.17911|6.17911
441|6.17911|6.17911
442|6.17911|6.17911
443|6.17911|6.17911
444|6.17911|6.17911
445|6.17911|6.17911
446|6.17911|6.17911
447|6.17911|6.17911
448|6.17911|6.17911
449|6.17911|6.17911
450|6.17911|6.17911
451|6.17911|6.17911
452|6.17911|6.17911
453|6.17911|6.17911
454|6.17911|6.17911
455|6.17911|6.17911
456|6.17911|6.17911
457|6.17911|6.17911
458|6.17911|6.17911
459|6.17911|6.17911
460|6.17911|6.17911
461|6.17911|6.17911
462|6.17911|6.17911
463|6.17911|6.17911
464|6.17911|6.17911
465|6.17911|6.17911
466|6.17911|6.17911
467|6.17911|6.17911
468|6.17911|6.17911
469|6.17911|6.17911
470|6.17911|6.17911
471|6.17911|6.17911
472|6.17911|6.17911
473|6.17911|6.17911
474|6.17911|6.17911
475|6.17911|6.17911
476|6.17911|6.17911
477|6.17911|6.17911
478|6.17911|6.17911
479|6.17911|6.17911
480|6.17911|6.17911
481|6.17911|6.17911
482|6.17911|6.17911
483|6.17911|6.17911
484|6.17911|6.17911
485|6.17911|6.17911
486|6.17911|6.17911
487|6.17911|6.17911
488|6.17911|6.17911
489|6.17911|6.17911
490|6.17911|6.17911
491|6.17911|6.17911
492|6.17911|6.17911
493|6.17911|6.17911
494|6.17911|6.17911
495|6.17911|6.17911
496|6.17911|6.17911
497|6.17911|6.17911
498|6.17911|6.17911
499|6.17911|6.17911
500|6.17911|6.17911
501|6.17911|6.17911
502|6.17911|6.17911
503|6.17911|6.17911
504|6.17911|6.17911
505|6.17911|6.17911
506|6.17911|6.17911
507|6.17911|6.17911
508|6.17911|6.17911
509|6.17911|6.17911
510|6.17911|6.17911
511|6.17911|6.17911
512|6.17911|6.17911
513|6.17911|6.17911
514|6.17911|6.17911
515|6.17911|6.17911
516|6.17911|6.17911
517|6.17911|6.17911
518|6.17911|6.17911
519|6.17911|6.17911
520|6.17911|6.17911
521|6.17911|6.17911
522|6.17911|6.17911
523|6.17911|6.17911
524|6.17911|6.17911
525|6.17911|6.17911
526|6.17911|6.17911
527|6.17911|6.17911
528|6.17911|6.17911
529|6.17911|6.17911
530|6.17911|6.17911
531|6.17911|6.17911
532|6.17911|6.17911
533|6.17911|6.17911
534|6.17911|6.17911
535|6.17911|6.17911
536|6.17911|6.17911
537|6.17911|6.17911
538|6.17911|6.17911
539|6.17911|6.17911
540|6.17911|6.17911
541|6.17911|6.17911
542|6.17911|6.17911
543|6.17911|6.17911
544|6.17911|6.17911
545|6.17911|6.17911
546|6.17911|6.17911
547|6.17911|6.17911
548|6.17911|6.17911
549|6.17911|6.17911
550|6.17911|6.17911
551|6.17911|6.17911
552|6.17911|6.17911
553|6.17911|6.17911
554|6.17911|6.17911
555|6.17911|6.17911
556|6.17911|6.17911
557|6.17911|6.17911
558|6.17911|6.17911
559|6.17911|6.17911
560|6.17911|6.17911
561|6.17911|6.17911
562|6.17911|6.17911
563|6.17911|6.17911
564|6.17911|6.17911
565|6.17911|6.17911
566|6.17911|6.17911
567|6.17911|6.17911
568|6.17911|6.17911
569|6.17911|6.17911
570|6.17911|6.17911
571|6.17911|6.17911
572|6.17911|6.17911
573|6.17911|6.17911
574|6.17911|6.17911
575|6.17911|6.17911
576|6.17911|6.17911
577|6.17911|6.17911
578|6.17911|6.17911
579|6.17911|6.17911
580|6.17911|6.17911
581|6.17911|6.17911
582|6.17911|6.17911
583|6.17911|6.17911
584|6.17911|6.17911
585|6.17911|6.17911
586|6.17911|6.17911
587|6.17911|6.17911
588|6.17911|6.17911
589|6.17911|6.17911
590|6.17911|6.17911
591|6.17911|6.17911
592|6.17911|6.17911
593|6.17911|6.17911
594|6.17911|6.17911
595|6.17911|6.17911
596|6.17911|6.17911
597|6.17911|6.17911
598|6.17911|6.17911
599|6.17911|6.17911
600|6.17911|6.17911
601|6.17911|6.17911
602|6.17911|6.17911
603|6.17911|6.17911
604|6.17911|6.17911
605|6.17911|6.17911
606|6.17911|6.17911
607|6.17911|6.17911
608|6.17911|6.17911
609|6.17911|6.17911
610|6.17911|6.17911
611|6.17911|6.17911
612|6.17911|6.17911
613|6.17911|6.17911
614|6.17911|6.17911
615|6.17911|6.17911
616|6.17911|6.17911
617|6.17911|6.17911
618|6.17911|6.17911
619|6.17911|6.17911
620|6.17911|6.17911
621|6.17911|6.17911
622|6.17911|6.17911
623|6.17911|6.17911
624|6.17911|6.17911
625|6.17911|6.17911
626|6.17911|6.17911
627|6.17911|6.17911
628|6.17911|6.17911
629|6.17911|6.17911
630|6.17911|6.17911
631|6.17911|6.17911
632|6.17911|6.17911
633|6.17911|6.17911
634|6.17911|6.17911
635|6.17911|6.17911
636|6.17911|6.17911
637|6.17911|6.17911
638|6.17911|6.17911
639|6.17911|6.17911
640|6.17911|6.17911
641|6.17911|6.17911
642|6.17911|6.17911
643|6.17911|6.17911
644|6.17911|6.17911
645|6.17911|6.17911
646|6.17911|6.17911
647|6.17911|6.17911
648|6.17911|6.17911
649|6.17911|6.17911
650|6.17911|6.17911
651|6.17911|6.17911
652|6.17911|6.17911
653|6.17911|6.17911
654|6.17911|6.17911
655|6.17911|6.17911
656|6.17911|6.17911
657|6.17911|6.17911
658|6.17911|6.17911
659|6.17911|6.17911
660|6.17911|6.17911
661|6.17911|6.17911
662|6.17911|6.17911
663|6.17911|6.17911
664|6.17911|6.17911
665|6.17911|6.17911
666|6.17911|6.17911
667|6.17911|6.17911
668|6.17911|6.17911
669|6.17911|6.17911
670|6.17911|6.17911
671|6.17911|6.17911
672|6.17911|6.17911
673|6.17911|6.17911
674|6.17911|6.17911
675|6.17911|6.17911
676|6.17911|6.17911
677|6.17911|6.17911
678|6.17911|6.17911
679|6.17911|6.17911
680|6.17911|6.17911
681|6.17911|6.17911
682|6.17911|6.17911
683|6.17911|6.17911
684|6.17911|6.17911
685|6.17911|6.17911
686|6.17911|6.17911
687|6.17911|6.17911
688|6.17911|6.17911
689|6.17911|6.17911
690|6.17911|6.17911
691|6.17911|6.17911
692|6.17911|6.17911
693|6.17911|6.17911
694|6.17911|6.17911
695|6.17911|6.17911
696|6.17911|6.17911
697|6.17911|6.17911
698|6.17911|6.17911
699|6.17911|6.17911
700|6.17911|6.17911
701|6.17911|6.17911
702|6.17911|6.17911
703|6.17911|6.17911
704|6.17911|6.17911
705|6.17911|6.17911
706|6.17911|6.17911
707|6.17911|6.17911
708|6.17911|6.17911
709|6.17911|6.17911
710|6.17911|6.17911
711|6.17911|6.17911
712|6.17911|6.17911
713|6.17911|6.17911
714|6.17911|6.17911
715|6.17911|6.17911
716|6.17911|6.17911
717|6.17911|6.17911
718|6.17911|6.17911
719|6.17911|6.17911
720|6.17911|6.17911
721|6.17911|6.17911
722|6.17911|6.17911
723|6.17911|6.17911
724|6.17911|6.17911
725|6.17911|6.17911
726|6.17911|6.17911
727|6.17911|6.17911
728|6.17911|6.17911
729|6.17911|6.17911
730|6.17911|6.17911
731|6.17911|6.17911
732|6.17911|6.17911
733|6.17911|6.17911
734|6.17911|6.17911
735|6.17911|6.17911
736|6.17911|6.17911
737|6.17911|6.17911
738|6.17911|6.17911
739|6.17911|6.17911
740|6.17911|6.17911
741|6.17911|6.17911
742|6.17911|6.17911
743|6.17911|6.17911
744|6.17911|6.17911
745|6.17911|6.17911
746|6.17911|6.17911
747|6.17911|6.17911
748|6.17911|6.17911
749|6.17911|6.17911
750|6.17911|6.17911
751|6.17911|6.17911
752|6.17911|6.17911
753|6.17911|6.17911
754|6.17911|6.17911
755|6.17911|6.17911
756|6.17911|6.17911
757|6.17911|6.17911
758|6.17911|6.17911
759|6.17911|6.17911
760|6.17911|6.17911
761|6.17911|6.17911
762|6.17911|6.17911
763|6.17911|6.17911
764|6.17911|6.17911
765|6.17911|6.17911
766|6.17911|6.17911
767|6.17911|6.17911
768|6.17911|6.17911
769|6.17911|6.17911
770|6.17911|6.17911
771|6.17911|6.17911
772|6.17911|6.17911
773|6.17911|6.17911
774|6.17911|6.17911
775|6.17911|6.17911
776|6.17911|6.17911
777|6.17911|6.17911
778|6.17911|6.17911
779|6.17911|6.17911
780|6.17911|6.17911
781|6.17911|6.17911
782|6.17911|6.17911
783|6.17911|6.17911
784|6.17911|6.17911
785|6.17911|6.17911
786|6.17911|6.17911
787|6.17911|6.17911
788|6.17911|6.17911
789|6.17911|6.17911
790|6.17911|6.17911
791|6.17911|6.17911
792|6.17911|6.17911
793|6.17911|6.17911
794|6.17911|6.17911
795|6.17911|6.17911
796|6.17911|6.17911
797|6.17911|6.17911
798|6.17911|6.17911
799|6.17911|6.17911
800|6.17911|6.17911
801|6.17911|6.17911
802|6.17911|6.17911
803|6.17911|6.17911
804|6.17911|6.17911
805|6.17911|6.17911
806|6.17911|6.17911
807|6.17911|6.17911
808|6.17911|6.17911
809|6.17911|6.17911
810|6.17911|6.17911
811|6.17911|6.17911
812|6.17911|6.17911
813|6.17911|6.17911
814|6.17911|6.17911
815|6.17911|6.17911
816|6.17911|6.17911
817|6.17911|6.17911
818|6.17911|6.17911
819|6.17911|6.17911
820|6.17911|6.17911
821|6.17911|6.17911
822|6.17911|6.17911
823|6.17911|6.17911
824|6.17911|6.17911
825|6.17911|6.17911
826|6.17911|6.17911
827|6.17911|6.17911
828|6.17911|6.17911
829|6.17911|6.17911
830|6.17911|6.17911
831|6.17911|6.17911
832|6.17911|6.17911
833|6.17911|6.17911
834|6.17911|6.17911
835|6.17911|6.17911
836|6.17911|6.17911
837|6.17911|6.17911
838|6.17911|6.17911
839|6.17911|6.17911
840|6.17911|6.17911
841|6.17911|6.17911
842|6.17911|6.17911
843|6.17911|6.17911
844|6.17911|6.17911
845|6.17911|6.17911
846|6.17911|6.17911
847|6.17911|6.17911
848|6.17911|6.17911
849|6.17911|6.17911
850|6.17911|6.17911
851|6.17911|6.17911
852|6.17911|6.17911
853|6.17911|6.17911
854|6.17911|6.17911
855|6.17911|6.17911
856|6.17911|6.17911
857|6.17911|6.17911
858|6.17911|6.17911
859|6.17911|6.17911
860|6.17911|6.17911
861|6.17911|6.17911
862|6.17911|6.17911
863|6.17911|6.17911
864|6.17911|6.17911
865|6.17911|6.17911
866|6.17911|6.17911
867|6.17911|6.17911
868|6.17911|6.17911
869|6.17911|6.17911
870|6.17911|6.17911
871|6.17911|6.17911
872|6.17911|6.17911
873|6.17911|6.17911
874|6.17911|6.17911
875|6.17911|6.17911
876|6.17911|6.17911
877|6.17911|6.17911
878|6.17911|6.17911
879|6.17911|6.17911
880|6.17911|6.17911
881|6.17911|6.17911
882|6.17911|6.17911
883|6.17911|6.17911
884|6.17911|6.17911
885|6.17911|6.17911
886|6.17911|6.17911
887|6.17911|6.17911
888|6.17911|6.17911
889|6.17911|6.17911
890|6.17911|6.17911
891|6.17911|6.17911
892|6.17911|6.17911
893|6.17911|6.17911
894|6.17911|6.17911
895|6.17911|6.17911
896|6.17911|6.17911
897|6.17911|6.17911
898|6.17911|6.17911
899|6.17911|6.17911
900|6.17911|6.17911
901|6.17911|6.17911
902|6.17911|6.17911
903|6.17911|6.17911
904|6.17911|6.17911
905|6.17911|6.17911
906|6.17911|6.17911
907|6.17911|6.17911
908|6.17911|6.17911
909|6.17911|6.17911
910|6.17911|6.17911
911|6.17911|6.17911
912|6.17911|6.17911
913|6.17911|6.17911
914|6.17911|6.17911
915|6.17911|6.17911
916|6.17911|6.17911
917|6.17911|6.17911
918|6.17911|6.17911
919|6.17911|6.17911
920|6.17911|6.17911
921|6.17911|6.17911
922|6.17911|6.17911
923|6.17911|6.17911
924|6.17911|6.17911
925|6.17911|6.17911
926|6.17911|6.17911
927|6.17911|6.17911
928|6.17911|6.17911
929|6.17911|6.17911
930|6.17911|6.17911
931|6.17911|6.17911
932|6.17911|6.17911
933|6.17911|6.17911
934|6.17911|6.17911
935|6.17911|6.17911
936|6.17911|6.17911
937|6.17911|6.17911
938|6.17911|6.17911
939|6.17911|6.17911
940|6.17911|6.17911
941|6.17911|6.17911
942|6.17911|6.17911
943|6.17911|6.17911
944|6.17911|6.17911
945|6.17911|6.17911
946|6.17911|6.17911
947|6.17911|6.17911
948|6.17911|6.17911
949|6.17911|6.17911
950|6.17911|6.17911
951|6.17911|6.17911
952|6.17911|6.17911
953|6.17911|6.17911
954|6.17911|6.17911
955|6.17911|6.17911
956|6.17911|6.17911
957|6.17911|6.17911
958|6.17911|6.17911
959|6.17911|6.17911
960|6.17911|6.17911
961|6.17911|6.17911
962|6.17911|6.17911
963|6.17911|6.17911
964|6.17911|6.17911
965|6.17911|6.17911
966|6.17911|6.17911
967|6.17911|6.17911
968|6.17911|6.17911
969|6.17911|6.17911
970|6.17911|6.17911
971|6.17911|6.17911
972|6.17911|6.17911
973|6.17911|6.17911
974|6.17911|6.17911
975|6.17911|6.17911
976|6.17911|6.17911
977|6.17911|6.17911
978|6.17911|6.17911
979|6.17911|6.17911
980|6.17911|6.17911
981|6.17911|6.17911
982|6.17911|6.17911
983|6.17911|6.17911
984|6.17911|6.17911
985|6.17911|6.17911
986|6.17911|6.17911
987|6.17911|6.17911
988|6.17911|6.17911
989|6.17911|6.17911
990|6.17911|6.17911
991|6.17911|6.17911
992|6.17911|6.17911
993|6.17911|6.17911
994|6.17911|6.17911
995|6.17911|6.17911
996|6.17911|6.17911
997|6.17911|6.17911
998|6.17911|6.17911
999|6.17911|6.17911
1235470783ms
