0|99.2859|99.2859
1|87.6939|87.6939
2|85.3242|85.3242
3|71.2828|71.2828
4|66.5841|66.5841
5|60.354|60.354
6|59.3008|59.3008
7|57.1203|57.1203
8|56.4854|56.4854
9|48.6945|48.6945
10|48.6224|48.6224
11|48.6224|48.6224
12|48.6224|48.6224
13|48.6224|48.6224
14|48.5048|48.5048
15|48.5048|48.5048
16|48.5048|48.5048
17|47.5798|47.5798
18|45.9398|45.9398
19|45.1247|45.1247
20|43.7785|43.7785
21|39.2527|39.2527
22|39.2527|39.2527
23|38.6219|38.6219
24|35.2898|35.2898
25|33.9454|33.9454
26|33.2747|33.2747
27|32.8783|32.8783
28|32.8783|32.8783
29|31.6742|31.6742
30|31.5508|31.5508
31|30.1449|30.1449
32|29.8235|29.8235
33|29.6572|29.6572
34|29.6572|29.6572
35|29.0887|29.0887
36|28.1699|28.1699
37|28.1699|28.1699
38|27.6434|27.6434
39|26.4785|26.4785
40|25.0389|25.0389
41|25.0389|25.0389
42|24.0928|24.0928
43|24.0928|24.0928
44|23.7428|23.7428
45|23.6815|23.6815
46|23.3583|23.3583
47|22.6567|22.6567
48|21.7021|21.7021
49|21.5477|21.5477
50|21.5477|21.5477
51|21.3887|21.3887
52|21.3887|21.3887
53|21.2267|21.2267
54|21.1951|21.1951
55|21.1951|21.1951
56|21.1715|21.1715
57|21.1714|21.1714
58|16.4563|16.4563
59|16.251|16.251
60|16.0756|16.0756
61|15.2535|15.2535
62|14.8988|14.8988
63|14.6662|14.6662
64|14.0988|14.0988
65|14.0009|14.0009
66|13.9431|13.9431
67|13.4101|13.4101
68|13.0684|13.0684
69|12.7958|12.7958
70|12.6967|12.6967
71|12.6075|12.6075
72|8.89826|8.89826
73|8.75889|8.75889
74|8.08762|8.08762
75|8.05954|8.05954
76|7.826|7.826
77|7.71511|7.71511
78|7.71216|7.71216
79|7.69987|7.69987
80|7.56793|7.56793
81|7.56793|7.56793
82|7.54988|7.54988
83|7.54213|7.54213
84|7.51751|7.51751
85|7.48726|7.48726
86|7.48726|7.48726
87|7.48726|7.48726
88|7.48726|7.48726
89|7.48726|7.48726
90|7.48034|7.48034
91|7.48034|7.48034
92|7.47665|7.47665
93|7.47436|7.47436
94|7.47183|7.47183
95|7.46508|7.46508
96|7.46356|7.46356
97|7.46356|7.46356
98|7.46229|7.46229
99|7.45963|7.45963
100|7.45802|7.45802
101|7.45511|7.45511
102|7.4459|7.4459
103|7.43731|7.43731
104|7.43198|7.43198
105|7.42991|7.42991
106|7.42956|7.42956
107|7.42956|7.42956
108|7.42956|7.42956
109|7.42956|7.42956
110|7.42956|7.42956
111|7.42901|7.42901
112|7.42645|7.42645
113|7.42576|7.42576
114|7.42517|7.42517
115|7.42517|7.42517
116|7.42467|7.42467
117|7.42467|7.42467
118|7.42169|7.42169
119|7.41848|7.41848
120|7.41819|7.41819
121|7.41799|7.41799
122|7.41766|7.41766
123|6.2099|6.2099
124|6.20528|6.20528
125|6.1975|6.1975
126|6.1935|6.1935
127|6.19017|6.19017
128|6.18469|6.18469
129|6.18373|6.18373
130|6.18316|6.18316
131|6.18286|6.18286
132|6.18204|6.18204
133|6.18173|6.18173
134|6.1812|6.1812
135|6.18101|6.18101
136|6.1806|6.1806
137|6.18041|6.18041
138|6.18036|6.18036
139|6.18016|6.18016
140|6.17996|6.17996
141|6.17995|6.17995
142|6.17992|6.17992
143|6.17991|6.17991
144|6.17991|6.17991
145|6.1798|6.1798
146|6.1797|6.1797
147|6.17935|6.17935
148|6.17934|6.17934
149|6.17927|6.17927
150|6.1792|6.1792
151|6.1792|6.1792
152|6.1792|6.1792
153|6.1792|6.1792
154|6.1792|6.1792
155|6.1792|6.1792
156|6.17917|6.17917
157|6.17915|6.17915
158|6.17915|6.17915
159|6.17915|6.17915
160|6.17913|6.17913
161|6.17913|6.17913
162|6.17913|6.17913
163|6.17912|6.17912
164|6.1791|6.1791
165|6.1791|6.1791
166|6.1791|6.1791
167|6.1791|6.1791
168|6.17909|6.17909
169|6.17909|6.17909
170|6.17909|6.17909
171|6.17909|6.17909
172|6.17909|6.17909
173|6.17909|6.17909
174|6.17909|6.17909
175|6.17909|6.17909
176|6.17909|6.17909
177|6.17909|6.17909
178|6.17909|6.17909
179|6.17909|6.17909
180|6.17909|6.17909
181|6.17909|6.17909
182|6.17909|6.17909
183|6.17909|6.17909
184|6.17909|6.17909
185|6.17909|6.17909
186|6.17909|6.17909
187|6.17909|6.17909
188|6.17909|6.17909
189|6.17909|6.17909
190|6.17909|6.17909
191|6.17909|6.17909
192|6.17909|6.17909
193|6.17909|6.17909
194|6.17909|6.17909
195|6.17909|6.17909
196|6.17909|6.17909
197|6.17909|6.17909
198|6.17909|6.17909
199|6.17909|6.17909
200|6.17909|6.17909
201|6.17909|6.17909
202|6.17909|6.17909
203|6.17909|6.17909
204|6.17909|6.17909
205|6.17909|6.17909
206|6.17909|6.17909
207|6.17909|6.17909
208|6.17909|6.17909
209|6.17909|6.17909
210|6.17909|6.17909
211|6.17909|6.17909
212|6.17909|6.17909
213|6.17909|6.17909
214|6.17909|6.17909
215|6.17909|6.17909
216|6.17909|6.17909
217|6.17909|6.17909
218|6.17909|6.17909
219|6.17909|6.17909
220|6.17909|6.17909
221|6.17909|6.17909
222|6.17909|6.17909
223|6.17909|6.17909
224|6.17909|6.17909
225|6.17909|6.17909
226|6.17909|6.17909
227|6.17909|6.17909
228|6.17909|6.17909
229|6.17909|6.17909
230|6.17909|6.17909
231|6.17909|6.17909
232|6.17909|6.17909
233|6.17909|6.17909
234|6.17909|6.17909
235|6.17909|6.17909
236|6.17909|6.17909
237|6.17909|6.17909
238|6.17909|6.17909
239|6.17909|6.17909
240|6.17909|6.17909
241|6.17909|6.17909
242|6.17909|6.17909
243|6.17909|6.17909
244|6.17909|6.17909
245|6.17909|6.17909
246|6.17909|6.17909
247|6.17909|6.17909
248|6.17909|6.17909
249|6.17909|6.17909
250|6.17909|6.17909
251|6.17909|6.17909
252|6.17909|6.17909
253|6.17909|6.17909
254|6.17909|6.17909
255|6.17909|6.17909
256|6.17909|6.17909
257|6.17909|6.17909
258|6.17909|6.17909
259|6.17909|6.17909
260|6.17909|6.17909
261|6.17909|6.17909
262|6.17909|6.17909
263|6.17909|6.17909
264|6.17909|6.17909
265|6.17909|6.17909
266|6.17909|6.17909
267|6.17909|6.17909
268|6.17909|6.17909
269|6.17909|6.17909
270|6.17909|6.17909
271|6.17909|6.17909
272|6.17909|6.17909
273|6.17909|6.17909
274|6.17909|6.17909
275|6.17909|6.17909
276|6.17909|6.17909
277|6.17909|6.17909
278|6.17909|6.17909
279|6.17909|6.17909
280|6.17909|6.17909
281|6.17909|6.17909
282|6.17909|6.17909
283|6.17909|6.17909
284|6.17909|6.17909
285|6.17909|6.17909
286|6.17909|6.17909
287|6.17909|6.17909
288|6.17909|6.17909
289|6.17909|6.17909
290|6.17909|6.17909
291|6.17909|6.17909
292|6.17909|6.17909
293|6.17909|6.17909
294|6.17909|6.17909
295|6.17909|6.17909
296|6.17909|6.17909
297|6.17909|6.17909
298|6.17909|6.17909
299|6.17909|6.17909
300|6.17909|6.17909
301|6.17909|6.17909
302|6.17909|6.17909
303|6.17909|6.17909
304|6.17909|6.17909
305|6.17909|6.17909
306|6.17909|6.17909
307|6.17909|6.17909
308|6.17909|6.17909
309|6.17909|6.17909
310|6.17909|6.17909
311|6.17909|6.17909
312|6.17909|6.17909
313|6.17909|6.17909
314|6.17909|6.17909
315|6.17909|6.17909
316|6.17909|6.17909
317|6.17909|6.17909
318|6.17909|6.17909
319|6.17909|6.17909
320|6.17909|6.17909
321|6.17909|6.17909
322|6.17909|6.17909
323|6.17909|6.17909
324|6.17909|6.17909
325|6.17909|6.17909
326|6.17909|6.17909
327|6.17909|6.17909
328|6.17909|6.17909
329|6.17909|6.17909
330|6.17909|6.17909
331|6.17909|6.17909
332|6.17909|6.17909
333|6.17909|6.17909
334|6.17909|6.17909
335|6.17909|6.17909
336|6.17909|6.17909
337|6.17909|6.17909
338|6.17909|6.17909
339|6.17909|6.17909
340|6.17909|6.17909
341|6.17909|6.17909
342|6.17909|6.17909
343|6.17909|6.17909
344|6.17909|6.17909
345|6.17909|6.17909
346|6.17909|6.17909
347|6.17909|6.17909
348|6.17909|6.17909
349|6.17909|6.17909
350|6.17909|6.17909
351|6.17909|6.17909
352|6.17909|6.17909
353|6.17909|6.17909
354|6.17909|6.17909
355|6.17909|6.17909
356|6.17909|6.17909
357|6.17909|6.17909
358|6.17909|6.17909
359|6.17909|6.17909
360|6.17909|6.17909
361|6.17909|6.17909
362|6.17909|6.17909
363|6.17909|6.17909
364|6.17909|6.17909
365|6.17909|6.17909
366|6.17909|6.17909
367|6.17909|6.17909
368|6.17909|6.17909
369|6.17909|6.17909
370|6.17909|6.17909
371|6.17909|6.17909
372|6.17909|6.17909
373|6.17909|6.17909
374|6.17909|6.17909
375|6.17909|6.17909
376|6.17909|6.17909
377|6.17909|6.17909
378|6.17909|6.17909
379|6.17909|6.17909
380|6.17909|6.17909
381|6.17909|6.17909
382|6.17909|6.17909
383|6.17909|6.17909
384|6.17909|6.17909
385|6.17909|6.17909
386|6.17909|6.17909
387|6.17909|6.17909
388|6.17909|6.17909
389|6.17909|6.17909
390|6.17909|6.17909
391|6.17909|6.17909
392|6.17909|6.17909
393|6.17909|6.17909
394|6.17909|6.17909
395|6.17909|6.17909
396|6.17909|6.17909
397|6.17909|6.17909
398|6.17909|6.17909
399|6.17909|6.17909
400|6.17909|6.17909
401|6.17909|6.17909
402|6.17909|6.17909
403|6.17909|6.17909
404|6.17909|6.17909
405|6.17909|6.17909
406|6.17909|6.17909
407|6.17909|6.17909
408|6.17909|6.17909
409|6.17909|6.17909
410|6.17909|6.17909
411|6.17909|6.17909
412|6.17909|6.17909
413|6.17909|6.17909
414|6.17909|6.17909
415|6.17909|6.17909
416|6.17909|6.17909
417|6.17909|6.17909
418|6.17909|6.17909
419|6.17909|6.17909
420|6.17909|6.17909
421|6.17909|6.17909
422|6.17909|6.17909
423|6.17909|6.17909
424|6.17909|6.17909
425|6.17909|6.17909
426|6.17909|6.17909
427|6.17909|6.17909
428|6.17909|6.17909
429|6.17909|6.17909
430|6.17909|6.17909
431|6.17909|6.17909
432|6.17909|6.17909
433|6.17909|6.17909
434|6.17909|6.17909
435|6.17909|6.17909
436|6.17909|6.17909
437|6.17909|6.17909
438|6.17909|6.17909
439|6.17909|6.17909
440|6.17909|6.17909
441|6.17909|6.17909
442|6.17909|6.17909
443|6.17909|6.17909
444|6.17909|6.17909
445|6.17909|6.17909
446|6.17909|6.17909
447|6.17909|6.17909
448|6.17909|6.17909
449|6.17909|6.17909
450|6.17909|6.17909
451|6.17909|6.17909
452|6.17909|6.17909
453|6.17909|6.17909
454|6.17909|6.17909
455|6.17909|6.17909
456|6.17909|6.17909
457|6.17909|6.17909
458|6.17909|6.17909
459|6.17909|6.17909
460|6.17909|6.17909
461|6.17909|6.17909
462|6.17909|6.17909
463|6.17909|6.17909
464|6.17909|6.17909
465|6.17909|6.17909
466|6.17909|6.17909
467|6.17909|6.17909
468|6.17909|6.17909
469|6.17909|6.17909
470|6.17909|6.17909
471|6.17909|6.17909
472|6.17909|6.17909
473|6.17909|6.17909
474|6.17909|6.17909
475|6.17909|6.17909
476|6.17909|6.17909
477|6.17909|6.17909
478|6.17909|6.17909
479|6.17909|6.17909
480|6.17909|6.17909
481|6.17909|6.17909
482|6.17909|6.17909
483|6.17909|6.17909
484|6.17909|6.17909
485|6.17909|6.17909
486|6.17909|6.17909
487|6.17909|6.17909
488|6.17909|6.17909
489|6.17909|6.17909
490|6.17909|6.17909
491|6.17909|6.17909
492|6.17909|6.17909
493|6.17909|6.17909
494|6.17909|6.17909
495|6.17909|6.17909
496|6.17909|6.17909
497|6.17909|6.17909
498|6.17909|6.17909
499|6.17909|6.17909
500|6.17909|6.17909
501|6.17909|6.17909
502|6.17909|6.17909
503|6.17909|6.17909
504|6.17909|6.17909
505|6.17909|6.17909
506|6.17909|6.17909
507|6.17909|6.17909
508|6.17909|6.17909
509|6.17909|6.17909
510|6.17909|6.17909
511|6.17909|6.17909
512|6.17909|6.17909
513|6.17909|6.17909
514|6.17909|6.17909
515|6.17909|6.17909
516|6.17909|6.17909
517|6.17909|6.17909
518|6.17909|6.17909
519|6.17909|6.17909
520|6.17909|6.17909
521|6.17909|6.17909
522|6.17909|6.17909
523|6.17909|6.17909
524|6.17909|6.17909
525|6.17909|6.17909
526|6.17909|6.17909
527|6.17909|6.17909
528|6.17909|6.17909
529|6.17909|6.17909
530|6.17909|6.17909
531|6.17909|6.17909
532|6.17909|6.17909
533|6.17909|6.17909
534|6.17909|6.17909
535|6.17909|6.17909
536|6.17909|6.17909
537|6.17909|6.17909
538|6.17909|6.17909
539|6.17909|6.17909
540|6.17909|6.17909
541|6.17909|6.17909
542|6.17909|6.17909
543|6.17909|6.17909
544|6.17909|6.17909
545|6.17909|6.17909
546|6.17909|6.17909
547|6.17909|6.17909
548|6.17909|6.17909
549|6.17909|6.17909
550|6.17909|6.17909
551|6.17909|6.17909
552|6.17909|6.17909
553|6.17909|6.17909
554|6.17909|6.17909
555|6.17909|6.17909
556|6.17909|6.17909
557|6.17909|6.17909
558|6.17909|6.17909
559|6.17909|6.17909
560|6.17909|6.17909
561|6.17909|6.17909
562|6.17909|6.17909
563|6.17909|6.17909
564|6.17909|6.17909
565|6.17909|6.17909
566|6.17909|6.17909
567|6.17909|6.17909
568|6.17909|6.17909
569|6.17909|6.17909
570|6.17909|6.17909
571|6.17909|6.17909
572|6.17909|6.17909
573|6.17909|6.17909
574|6.17909|6.17909
575|6.17909|6.17909
576|6.17909|6.17909
577|6.17909|6.17909
578|6.17909|6.17909
579|6.17909|6.17909
580|6.17909|6.17909
581|6.17909|6.17909
582|6.17909|6.17909
583|6.17909|6.17909
584|6.17909|6.17909
585|6.17909|6.17909
586|6.17909|6.17909
587|6.17909|6.17909
588|6.17909|6.17909
589|6.17909|6.17909
590|6.17909|6.17909
591|6.17909|6.17909
592|6.17909|6.17909
593|6.17909|6.17909
594|6.17909|6.17909
595|6.17909|6.17909
596|6.17909|6.17909
597|6.17909|6.17909
598|6.17909|6.17909
599|6.17909|6.17909
600|6.17909|6.17909
601|6.17909|6.17909
602|6.17909|6.17909
603|6.17909|6.17909
604|6.17909|6.17909
605|6.17909|6.17909
606|6.17909|6.17909
607|6.17909|6.17909
608|6.17909|6.17909
609|6.17909|6.17909
610|6.17909|6.17909
611|6.17909|6.17909
612|6.17909|6.17909
613|6.17909|6.17909
614|6.17909|6.17909
615|6.17909|6.17909
616|6.17909|6.17909
617|6.17909|6.17909
618|6.17909|6.17909
619|6.17909|6.17909
620|6.17909|6.17909
621|6.17909|6.17909
622|6.17909|6.17909
623|6.17909|6.17909
624|6.17909|6.17909
625|6.17909|6.17909
626|6.17909|6.17909
627|6.17909|6.17909
628|6.17909|6.17909
629|6.17909|6.17909
630|6.17909|6.17909
631|6.17909|6.17909
632|6.17909|6.17909
633|6.17909|6.17909
634|6.17909|6.17909
635|6.17909|6.17909
636|6.17909|6.17909
637|6.17909|6.17909
638|6.17909|6.17909
639|6.17909|6.17909
640|6.17909|6.17909
641|6.17909|6.17909
642|6.17909|6.17909
643|6.17909|6.17909
644|6.17909|6.17909
645|6.17909|6.17909
646|6.17909|6.17909
647|6.17909|6.17909
648|6.17909|6.17909
649|6.17909|6.17909
650|6.17909|6.17909
651|6.17909|6.17909
652|6.17909|6.17909
653|6.17909|6.17909
654|6.17909|6.17909
655|6.17909|6.17909
656|6.17909|6.17909
657|6.17909|6.17909
658|6.17909|6.17909
659|6.17909|6.17909
660|6.17909|6.17909
661|6.17909|6.17909
662|6.17909|6.17909
663|6.17909|6.17909
664|6.17909|6.17909
665|6.17909|6.17909
666|6.17909|6.17909
667|6.17909|6.17909
668|6.17909|6.17909
669|6.17909|6.17909
670|6.17909|6.17909
671|6.17909|6.17909
672|6.17909|6.17909
673|6.17909|6.17909
674|6.17909|6.17909
675|6.17909|6.17909
676|6.17909|6.17909
677|6.17909|6.17909
678|6.17909|6.17909
679|6.17909|6.17909
680|6.17909|6.17909
681|6.17909|6.17909
682|6.17909|6.17909
683|6.17909|6.17909
684|6.17909|6.17909
685|6.17909|6.17909
686|6.17909|6.17909
687|6.17909|6.17909
688|6.17909|6.17909
689|6.17909|6.17909
690|6.17909|6.17909
691|6.17909|6.17909
692|6.17909|6.17909
693|6.17909|6.17909
694|6.17909|6.17909
695|6.17909|6.17909
696|6.17909|6.17909
697|6.17909|6.17909
698|6.17909|6.17909
699|6.17909|6.17909
700|6.17909|6.17909
701|6.17909|6.17909
702|6.17909|6.17909
703|6.17909|6.17909
704|6.17909|6.17909
705|6.17909|6.17909
706|6.17909|6.17909
707|6.17909|6.17909
708|6.17909|6.17909
709|6.17909|6.17909
710|6.17909|6.17909
711|6.17909|6.17909
712|6.17909|6.17909
713|6.17909|6.17909
714|6.17909|6.17909
715|6.17909|6.17909
716|6.17909|6.17909
717|6.17909|6.17909
718|6.17909|6.17909
719|6.17909|6.17909
720|6.17909|6.17909
721|6.17909|6.17909
722|6.17909|6.17909
723|6.17909|6.17909
724|6.17909|6.17909
725|6.17909|6.17909
726|6.17909|6.17909
727|6.17909|6.17909
728|6.17909|6.17909
729|6.17909|6.17909
730|6.17909|6.17909
731|6.17909|6.17909
732|6.17909|6.17909
733|6.17909|6.17909
734|6.17909|6.17909
735|6.17909|6.17909
736|6.17909|6.17909
737|6.17909|6.17909
738|6.17909|6.17909
739|6.17909|6.17909
740|6.17909|6.17909
741|6.17909|6.17909
742|6.17909|6.17909
743|6.17909|6.17909
744|6.17909|6.17909
745|6.17909|6.17909
746|6.17909|6.17909
747|6.17909|6.17909
748|6.17909|6.17909
749|6.17909|6.17909
750|6.17909|6.17909
751|6.17909|6.17909
752|6.17909|6.17909
753|6.17909|6.17909
754|6.17909|6.17909
755|6.17909|6.17909
756|6.17909|6.17909
757|6.17909|6.17909
758|6.17909|6.17909
759|6.17909|6.17909
760|6.17909|6.17909
761|6.17909|6.17909
762|6.17909|6.17909
763|6.17909|6.17909
764|6.17909|6.17909
765|6.17909|6.17909
766|6.17909|6.17909
767|6.17909|6.17909
768|6.17909|6.17909
769|6.17909|6.17909
770|6.17909|6.17909
771|6.17909|6.17909
772|6.17909|6.17909
773|6.17909|6.17909
774|6.17909|6.17909
775|6.17909|6.17909
776|6.17909|6.17909
777|6.17909|6.17909
778|6.17909|6.17909
779|6.17909|6.17909
780|6.17909|6.17909
781|6.17909|6.17909
782|6.17909|6.17909
783|6.17909|6.17909
784|6.17909|6.17909
785|6.17909|6.17909
786|6.17909|6.17909
787|6.17909|6.17909
788|6.17909|6.17909
789|6.17909|6.17909
790|6.17909|6.17909
791|6.17909|6.17909
792|6.17909|6.17909
793|6.17909|6.17909
794|6.17909|6.17909
795|6.17909|6.17909
796|6.17909|6.17909
797|6.17909|6.17909
798|6.17909|6.17909
799|6.17909|6.17909
800|6.17909|6.17909
801|6.17909|6.17909
802|6.17909|6.17909
803|6.17909|6.17909
804|6.17909|6.17909
805|6.17909|6.17909
806|6.17909|6.17909
807|6.17909|6.17909
808|6.17909|6.17909
809|6.17909|6.17909
810|6.17909|6.17909
811|6.17909|6.17909
812|6.17909|6.17909
813|6.17909|6.17909
814|6.17909|6.17909
815|6.17909|6.17909
816|6.17909|6.17909
817|6.17909|6.17909
818|6.17909|6.17909
819|6.17909|6.17909
820|6.17909|6.17909
821|6.17909|6.17909
822|6.17909|6.17909
823|6.17909|6.17909
824|6.17909|6.17909
825|6.17909|6.17909
826|6.17909|6.17909
827|6.17909|6.17909
828|6.17909|6.17909
829|6.17909|6.17909
830|6.17909|6.17909
831|6.17909|6.17909
832|6.17909|6.17909
833|6.17909|6.17909
834|6.17909|6.17909
835|6.17909|6.17909
836|6.17909|6.17909
837|6.17909|6.17909
838|6.17909|6.17909
839|6.17909|6.17909
840|6.17909|6.17909
841|6.17909|6.17909
842|6.17909|6.17909
843|6.17909|6.17909
844|6.17909|6.17909
845|6.17909|6.17909
846|6.17909|6.17909
847|6.17909|6.17909
848|6.17909|6.17909
849|6.17909|6.17909
850|6.17909|6.17909
851|6.17909|6.17909
852|6.17909|6.17909
853|6.17909|6.17909
854|6.17909|6.17909
855|6.17909|6.17909
856|6.17909|6.17909
857|6.17909|6.17909
858|6.17909|6.17909
859|6.17909|6.17909
860|6.17909|6.17909
861|6.17909|6.17909
862|6.17909|6.17909
863|6.17909|6.17909
864|6.17909|6.17909
865|6.17909|6.17909
866|6.17909|6.17909
867|6.17909|6.17909
868|6.17909|6.17909
869|6.17909|6.17909
870|6.17909|6.17909
871|6.17909|6.17909
872|6.17909|6.17909
873|6.17909|6.17909
874|6.17909|6.17909
875|6.17909|6.17909
876|6.17909|6.17909
877|6.17909|6.17909
878|6.17909|6.17909
879|6.17909|6.17909
880|6.17909|6.17909
881|6.17909|6.17909
882|6.17909|6.17909
883|6.17909|6.17909
884|6.17909|6.17909
885|6.17909|6.17909
886|6.17909|6.17909
887|6.17909|6.17909
888|6.17909|6.17909
889|6.17909|6.17909
890|6.17909|6.17909
891|6.17909|6.17909
892|6.17909|6.17909
893|6.17909|6.17909
894|6.17909|6.17909
895|6.17909|6.17909
896|6.17909|6.17909
897|6.17909|6.17909
898|6.17909|6.17909
899|6.17909|6.17909
900|6.17909|6.17909
901|6.17909|6.17909
902|6.17909|6.17909
903|6.17909|6.17909
904|6.17909|6.17909
905|6.17909|6.17909
906|6.17909|6.17909
907|6.17909|6.17909
908|6.17909|6.17909
909|6.17909|6.17909
910|6.17909|6.17909
911|6.17909|6.17909
912|6.17909|6.17909
913|6.17909|6.17909
914|6.17909|6.17909
915|6.17909|6.17909
916|6.17909|6.17909
917|6.17909|6.17909
918|6.17909|6.17909
919|6.17909|6.17909
920|6.17909|6.17909
921|6.17909|6.17909
922|6.17909|6.17909
923|6.17909|6.17909
924|6.17909|6.17909
925|6.17909|6.17909
926|6.17909|6.17909
927|6.17909|6.17909
928|6.17909|6.17909
929|6.17909|6.17909
930|6.17909|6.17909
931|6.17909|6.17909
932|6.17909|6.17909
933|6.17909|6.17909
934|6.17909|6.17909
935|6.17909|6.17909
936|6.17909|6.17909
937|6.17909|6.17909
938|6.17909|6.17909
939|6.17909|6.17909
940|6.17909|6.17909
941|6.17909|6.17909
942|6.17909|6.17909
943|6.17909|6.17909
944|6.17909|6.17909
945|6.17909|6.17909
946|6.17909|6.17909
947|6.17909|6.17909
948|6.17909|6.17909
949|6.17909|6.17909
950|6.17909|6.17909
951|6.17909|6.17909
952|6.17909|6.17909
953|6.17909|6.17909
954|6.17909|6.17909
955|6.17909|6.17909
956|6.17909|6.17909
957|6.17909|6.17909
958|6.17909|6.17909
959|6.17909|6.17909
960|6.17909|6.17909
961|6.17909|6.17909
962|6.17909|6.17909
963|6.17909|6.17909
964|6.17909|6.17909
965|6.17909|6.17909
966|6.17909|6.17909
967|6.17909|6.17909
968|6.17909|6.17909
969|6.17909|6.17909
970|6.17909|6.17909
971|6.17909|6.17909
972|6.17909|6.17909
973|6.17909|6.17909
974|6.17909|6.17909
975|6.17909|6.17909
976|6.17909|6.17909
977|6.17909|6.17909
978|6.17909|6.17909
979|6.17909|6.17909
980|6.17909|6.17909
981|6.17909|6.17909
982|6.17909|6.17909
983|6.17909|6.17909
984|6.17909|6.17909
985|6.17909|6.17909
986|6.17909|6.17909
987|6.17909|6.17909
988|6.17909|6.17909
989|6.17909|6.17909
990|6.17909|6.17909
991|6.17909|6.17909
992|6.17909|6.17909
993|6.17909|6.17909
994|6.17909|6.17909
995|6.17909|6.17909
996|6.17909|6.17909
997|6.17909|6.17909
998|6.17909|6.17909
999|6.17909|6.17909
844563039ms
