0|82.2255|82.2255
1|61.1647|61.1647
2|53.9538|53.9538
3|52.1301|52.1301
4|50.5371|50.5371
5|49.2611|49.2611
6|47.8583|47.8583
7|46.492|46.492
8|45.3629|45.3629
9|44.9986|44.9986
10|43.467|43.467
11|34.9224|34.9224
12|34.9224|34.9224
13|34.0501|34.0501
14|34.0501|34.0501
15|32.7947|32.7947
16|30.9431|30.9431
17|29.9971|29.9971
18|29.1381|29.1381
19|29.1381|29.1381
20|28.9974|28.9974
21|28.9974|28.9974
22|28.9974|28.9974
23|25.7601|25.7601
24|25.571|25.571
25|25.477|25.477
26|25.477|25.477
27|25.4466|25.4466
28|24.9533|24.9533
29|23.5936|23.5936
30|22.1084|22.1084
31|21.3775|21.3775
32|20.0932|20.0932
33|20.0932|20.0932
34|19.9786|19.9786
35|19.9786|19.9786
36|19.5759|19.5759
37|19.5759|19.5759
38|18.2408|18.2408
39|18.2246|18.2246
40|18.1176|18.1176
41|16.7168|16.7168
42|16.7168|16.7168
43|15.0631|15.0631
44|15.0631|15.0631
45|15.0631|15.0631
46|13.686|13.686
47|13.6462|13.6462
48|13.5381|13.5381
49|13.4337|13.4337
50|12.8733|12.8733
51|12.3894|12.3894
52|12.1783|12.1783
53|12.1783|12.1783
54|11.8625|11.8625
55|11.8625|11.8625
56|11.8442|11.8442
57|11.6997|11.6997
58|11.6955|11.6955
59|11.6393|11.6393
60|11.2144|11.2144
61|11.162|11.162
62|10.446|10.446
63|10.3258|10.3258
64|8.99396|8.99396
65|8.64283|8.64283
66|8.2028|8.2028
67|8.08821|8.08821
68|7.67562|7.67562
69|7.53227|7.53227
70|6.64112|6.64112
71|6.52844|6.52844
72|5.45388|5.45388
73|5.40562|5.40562
74|5.4025|5.4025
75|5.33174|5.33174
76|5.23859|5.23859
77|5.19811|5.19811
78|5.14347|5.14347
79|5.09394|5.09394
80|5.08926|5.08926
81|5.08668|5.08668
82|5.08668|5.08668
83|5.08399|5.08399
84|5.07763|5.07763
85|5.07155|5.07155
86|5.06338|5.06338
87|5.06055|5.06055
88|5.04906|5.04906
89|5.03133|5.03133
90|5.02805|5.02805
91|5.00679|5.00679
689996894ms
