0|-10035.6|-10035.6
1|-10428.2|-10428.2
2|-10538.2|-10538.2
3|-11065.5|-11065.5
4|-11233.2|-11233.2
5|-11307.3|-11307.3
6|-11351.5|-11351.5
7|-11364.9|-11364.9
8|-11440.8|-11440.8
9|-11599.3|-11599.3
10|-11662.3|-11662.3
11|-11762.5|-11762.5
12|-11793.8|-11793.8
13|-11897.8|-11897.8
14|-11938.9|-11938.9
15|-11938.9|-11938.9
16|-11938.9|-11938.9
17|-11938.9|-11938.9
18|-11948.1|-11948.1
19|-11965.1|-11965.1
20|-11978|-11978
21|-11998.1|-11998.1
22|-12001.3|-12001.3
23|-12010.7|-12010.7
24|-12044.7|-12044.7
25|-12046|-12046
26|-12052.1|-12052.1
27|-12055.6|-12055.6
28|-12056.8|-12056.8
29|-12056.8|-12056.8
30|-12064|-12064
31|-12066.4|-12066.4
32|-12071.4|-12071.4
33|-12074.1|-12074.1
34|-12230.6|-12230.6
35|-12240.6|-12240.6
36|-12273.5|-12273.5
37|-12301.5|-12301.5
38|-12313.3|-12313.3
39|-12314.9|-12314.9
40|-12316.4|-12316.4
41|-12322.7|-12322.7
42|-12327.3|-12327.3
43|-12328.1|-12328.1
44|-12328.1|-12328.1
45|-12351.9|-12351.9
46|-12354|-12354
47|-12357.1|-12357.1
48|-12365.1|-12365.1
49|-12401.1|-12401.1
50|-12406.8|-12406.8
51|-12407.8|-12407.8
52|-12408.9|-12408.9
53|-12409.6|-12409.6
54|-12409.8|-12409.8
55|-12409.9|-12409.9
56|-12410.3|-12410.3
57|-12463.2|-12463.2
58|-12488.4|-12488.4
59|-12492.3|-12492.3
60|-12492.8|-12492.8
61|-12493.6|-12493.6
62|-12493.9|-12493.9
63|-12494.3|-12494.3
64|-12495|-12495
65|-12495.2|-12495.2
66|-12495.8|-12495.8
67|-12496.9|-12496.9
68|-12497|-12497
69|-12497.4|-12497.4
70|-12497.4|-12497.4
71|-12497.6|-12497.6
72|-12497.8|-12497.8
73|-12497.9|-12497.9
74|-12497.9|-12497.9
75|-12497.9|-12497.9
76|-12498.1|-12498.1
77|-12498.3|-12498.3
78|-12498.5|-12498.5
79|-12498.5|-12498.5
80|-12529|-12529
81|-12529.3|-12529.3
82|-12530.6|-12530.6
83|-12530.9|-12530.9
84|-12560.2|-12560.2
40208428ms
