0|-10051.7|-10051.7
1|-10500.2|-10500.2
2|-10562.9|-10562.9
3|-10589.2|-10589.2
4|-10597.9|-10597.9
5|-10755.7|-10755.7
6|-10755.7|-10755.7
7|-10755.7|-10755.7
8|-10825|-10825
9|-10825|-10825
10|-10849.4|-10849.4
11|-10894|-10894
12|-10956.7|-10956.7
13|-11056.7|-11056.7
14|-11056.7|-11056.7
15|-11132.5|-11132.5
16|-11180.7|-11180.7
17|-11309.3|-11309.3
18|-11379.4|-11379.4
19|-11628.5|-11628.5
20|-11708.6|-11708.6
21|-11725.4|-11725.4
22|-11730.7|-11730.7
23|-11736.5|-11736.5
24|-11745.7|-11745.7
25|-11783.1|-11783.1
26|-11826.9|-11826.9
27|-11846.4|-11846.4
28|-11848.2|-11848.2
29|-11848.2|-11848.2
30|-11848.2|-11848.2
31|-11867.5|-11867.5
32|-11911.9|-11911.9
33|-11944.9|-11944.9
34|-11948.7|-11948.7
35|-11957.3|-11957.3
36|-12005.2|-12005.2
37|-12015.8|-12015.8
38|-12025.9|-12025.9
39|-12070.5|-12070.5
40|-12084.5|-12084.5
41|-12100.1|-12100.1
42|-12103|-12103
43|-12105.6|-12105.6
44|-12106.4|-12106.4
45|-12153.5|-12153.5
46|-12204|-12204
47|-12206.1|-12206.1
48|-12221.2|-12221.2
49|-12226|-12226
50|-12228.9|-12228.9
51|-12229.8|-12229.8
52|-12232.2|-12232.2
53|-12263.8|-12263.8
54|-12266|-12266
55|-12267.6|-12267.6
56|-12270.2|-12270.2
57|-12271.2|-12271.2
58|-12293.3|-12293.3
59|-12328.7|-12328.7
60|-12340.5|-12340.5
61|-12365.9|-12365.9
62|-12378.9|-12378.9
63|-12388.1|-12388.1
64|-12388.1|-12388.1
65|-12389.7|-12389.7
66|-12421.8|-12421.8
67|-12423.4|-12423.4
68|-12426|-12426
69|-12426.6|-12426.6
70|-12461.1|-12461.1
71|-12462.7|-12462.7
72|-12462.9|-12462.9
73|-12486.5|-12486.5
74|-12494.6|-12494.6
75|-12497.1|-12497.1
76|-12497.7|-12497.7
77|-12498|-12498
78|-12498.5|-12498.5
79|-12498.6|-12498.6
80|-12498.7|-12498.7
81|-12498.7|-12498.7
82|-12499|-12499
83|-12499|-12499
84|-12499|-12499
85|-12499.1|-12499.1
86|-12499.1|-12499.1
87|-12499.2|-12499.2
88|-12499.2|-12499.2
89|-12499.3|-12499.3
90|-12499.4|-12499.4
91|-12531.8|-12531.8
92|-12533.2|-12533.2
93|-12533.3|-12533.3
94|-12533.3|-12533.3
95|-12564.8|-12564.8
44142001ms
