0|-9855.82|-9855.82
1|-10273.1|-10273.1
2|-10445|-10445
3|-10511.3|-10511.3
4|-10743.3|-10743.3
5|-10913.1|-10913.1
6|-11092.9|-11092.9
7|-11198.1|-11198.1
8|-11199.7|-11199.7
9|-11282.2|-11282.2
10|-11431|-11431
11|-11561.3|-11561.3
12|-11612.3|-11612.3
13|-11747.6|-11747.6
14|-11863.8|-11863.8
15|-11911.9|-11911.9
16|-11926.2|-11926.2
17|-11943.7|-11943.7
18|-11992.9|-11992.9
19|-12020.5|-12020.5
20|-12024.2|-12024.2
21|-12035.3|-12035.3
22|-12066.5|-12066.5
23|-12085.8|-12085.8
24|-12092.7|-12092.7
25|-12092.7|-12092.7
26|-12096.2|-12096.2
27|-12205.6|-12205.6
28|-12217.6|-12217.6
29|-12218.6|-12218.6
30|-12221.5|-12221.5
31|-12229.4|-12229.4
32|-12280.2|-12280.2
33|-12305.7|-12305.7
34|-12333.5|-12333.5
35|-12351.5|-12351.5
36|-12390|-12390
37|-12391.2|-12391.2
38|-12394.8|-12394.8
39|-12398.9|-12398.9
40|-12400.8|-12400.8
41|-12406.8|-12406.8
42|-12408.2|-12408.2
43|-12409.1|-12409.1
44|-12409.6|-12409.6
45|-12409.8|-12409.8
46|-12434.2|-12434.2
47|-12443|-12443
48|-12443|-12443
49|-12443|-12443
50|-12443|-12443
51|-12443.3|-12443.3
52|-12443.3|-12443.3
53|-12443.7|-12443.7
54|-12444.1|-12444.1
55|-12444.2|-12444.2
56|-12444.3|-12444.3
57|-12444.8|-12444.8
58|-12446.2|-12446.2
59|-12446.5|-12446.5
60|-12447.4|-12447.4
61|-12447.6|-12447.6
62|-12447.6|-12447.6
63|-12447.8|-12447.8
64|-12448|-12448
65|-12448|-12448
66|-12448|-12448
67|-12448|-12448
68|-12448.4|-12448.4
69|-12448.4|-12448.4
70|-12448.4|-12448.4
71|-12448.4|-12448.4
72|-12448.6|-12448.6
73|-12448.6|-12448.6
74|-12448.6|-12448.6
75|-12448.6|-12448.6
76|-12448.6|-12448.6
77|-12448.7|-12448.7
78|-12448.7|-12448.7
79|-12517.6|-12517.6
80|-12527.6|-12527.6
81|-12529|-12529
82|-12531.2|-12531.2
83|-12531.2|-12531.2
84|-12532|-12532
85|-12532.5|-12532.5
86|-12532.6|-12532.6
87|-12532.8|-12532.8
88|-12532.8|-12532.8
89|-12533|-12533
90|-12533|-12533
91|-12533|-12533
92|-12533.1|-12533.1
93|-12533.2|-12533.2
94|-12533.2|-12533.2
95|-12533.2|-12533.2
96|-12533.2|-12533.2
97|-12533.3|-12533.3
98|-12533.3|-12533.3
99|-12533.3|-12533.3
100|-12562.9|-12562.9
46838054ms
