0|-9649.14|-9649.14
1|-10553.9|-10553.9
2|-10638.7|-10638.7
3|-10776.3|-10776.3
4|-11004.8|-11004.8
5|-11192.9|-11192.9
6|-11224.6|-11224.6
7|-11231.6|-11231.6
8|-11247.3|-11247.3
9|-11254|-11254
10|-11536.4|-11536.4
11|-11637.3|-11637.3
12|-11790.1|-11790.1
13|-11792.5|-11792.5
14|-11837.6|-11837.6
15|-11837.6|-11837.6
16|-11837.6|-11837.6
17|-11842.5|-11842.5
18|-11859.5|-11859.5
19|-11874.2|-11874.2
20|-11881.9|-11881.9
21|-11885.4|-11885.4
22|-11895.7|-11895.7
23|-11909.5|-11909.5
24|-11913.5|-11913.5
25|-11915.8|-11915.8
26|-11924.4|-11924.4
27|-11925.2|-11925.2
28|-11926.1|-11926.1
29|-11930.3|-11930.3
30|-11930.3|-11930.3
31|-11955.1|-11955.1
32|-11957|-11957
33|-11963.3|-11963.3
34|-11963.3|-11963.3
35|-11963.3|-11963.3
36|-11971.2|-11971.2
37|-11972.4|-11972.4
38|-11975.9|-11975.9
39|-11975.9|-11975.9
40|-11977.6|-11977.6
41|-11977.6|-11977.6
42|-11981.2|-11981.2
43|-11982|-11982
44|-11982|-11982
45|-11982.1|-11982.1
46|-11983.3|-11983.3
47|-11983.5|-11983.5
48|-11983.5|-11983.5
49|-11984|-11984
50|-11984.3|-11984.3
51|-12088.9|-12088.9
52|-12094.6|-12094.6
53|-12102.3|-12102.3
54|-12182.6|-12182.6
55|-12211.9|-12211.9
56|-12216.1|-12216.1
57|-12217.6|-12217.6
58|-12218.5|-12218.5
59|-12218.9|-12218.9
60|-12258.2|-12258.2
61|-12260.4|-12260.4
62|-12260.4|-12260.4
63|-12288.1|-12288.1
64|-12358.7|-12358.7
65|-12368.8|-12368.8
66|-12372.4|-12372.4
67|-12373.3|-12373.3
68|-12444.6|-12444.6
69|-12454.2|-12454.2
70|-12458.8|-12458.8
71|-12464.2|-12464.2
72|-12494.6|-12494.6
73|-12495.9|-12495.9
74|-12496.3|-12496.3
75|-12496.8|-12496.8
76|-12497.6|-12497.6
77|-12498.3|-12498.3
78|-12498.5|-12498.5
79|-12498.5|-12498.5
80|-12498.6|-12498.6
81|-12498.8|-12498.8
82|-12504|-12504
83|-12547.7|-12547.7
42010413ms
