0|-10038.3|-10038.3
1|-10588.6|-10588.6
2|-10721.8|-10721.8
3|-10754.6|-10754.6
4|-10937.2|-10937.2
5|-11038.2|-11038.2
6|-11215.5|-11215.5
7|-11266.9|-11266.9
8|-11298.2|-11298.2
9|-11307.3|-11307.3
10|-11359.5|-11359.5
11|-11464.5|-11464.5
12|-11495.2|-11495.2
13|-11495.9|-11495.9
14|-11495.9|-11495.9
15|-11495.9|-11495.9
16|-11510.2|-11510.2
17|-11669.4|-11669.4
18|-11726.3|-11726.3
19|-11732.7|-11732.7
20|-11757.5|-11757.5
21|-11766|-11766
22|-11785.7|-11785.7
23|-11812.5|-11812.5
24|-11820.7|-11820.7
25|-11826|-11826
26|-11846.2|-11846.2
27|-11907.5|-11907.5
28|-11935.7|-11935.7
29|-11972|-11972
30|-11979.3|-11979.3
31|-12002.3|-12002.3
32|-12018.8|-12018.8
33|-12021.6|-12021.6
34|-12027.7|-12027.7
35|-12051.9|-12051.9
36|-12062.9|-12062.9
37|-12090.9|-12090.9
38|-12090.9|-12090.9
39|-12216.6|-12216.6
40|-12224.1|-12224.1
41|-12240|-12240
42|-12281.5|-12281.5
43|-12323.5|-12323.5
44|-12327.6|-12327.6
45|-12355.7|-12355.7
46|-12367.8|-12367.8
47|-12372.3|-12372.3
48|-12373.7|-12373.7
49|-12411.8|-12411.8
50|-12435.2|-12435.2
51|-12443.1|-12443.1
52|-12448.6|-12448.6
53|-12451.3|-12451.3
54|-12451.6|-12451.6
55|-12454.3|-12454.3
56|-12455.6|-12455.6
57|-12457.6|-12457.6
58|-12459.1|-12459.1
59|-12461.2|-12461.2
60|-12461.5|-12461.5
61|-12462|-12462
62|-12462|-12462
63|-12462.1|-12462.1
64|-12462.2|-12462.2
65|-12462.5|-12462.5
66|-12462.9|-12462.9
67|-12489|-12489
68|-12495.7|-12495.7
69|-12496.6|-12496.6
70|-12496.9|-12496.9
71|-12496.9|-12496.9
72|-12496.9|-12496.9
73|-12497.8|-12497.8
74|-12497.8|-12497.8
75|-12498.3|-12498.3
76|-12498.5|-12498.5
77|-12531.7|-12531.7
78|-12532.7|-12532.7
79|-12532.8|-12532.8
80|-12532.8|-12532.8
81|-12532.9|-12532.9
82|-12533|-12533
83|-12533.2|-12533.2
84|-12533.4|-12533.4
85|-12533.5|-12533.5
86|-12533.5|-12533.5
87|-12533.5|-12533.5
88|-12533.6|-12533.6
89|-12533.6|-12533.6
90|-12533.6|-12533.6
91|-12533.7|-12533.7
92|-12533.7|-12533.7
93|-12533.7|-12533.7
94|-12533.7|-12533.7
95|-12533.8|-12533.8
96|-12533.8|-12533.8
97|-12533.8|-12533.8
98|-12533.8|-12533.8
99|-12533.8|-12533.8
100|-12533.8|-12533.8
101|-12533.8|-12533.8
102|-12533.8|-12533.8
103|-12533.8|-12533.8
104|-12533.8|-12533.8
105|-12533.8|-12533.8
106|-12533.8|-12533.8
107|-12533.8|-12533.8
108|-12533.8|-12533.8
109|-12533.8|-12533.8
110|-12533.8|-12533.8
111|-12533.8|-12533.8
112|-12533.9|-12533.9
113|-12533.9|-12533.9
114|-12533.9|-12533.9
115|-12567.1|-12567.1
50679208ms
