0|-10149.3|-10149.3
1|-10298.8|-10298.8
2|-10527.2|-10527.2
3|-10609.2|-10609.2
4|-10634.8|-10634.8
5|-10748.9|-10748.9
6|-10797.6|-10797.6
7|-10814.1|-10814.1
8|-10828.9|-10828.9
9|-11078.4|-11078.4
10|-11091.9|-11091.9
11|-11135.4|-11135.4
12|-11188.1|-11188.1
13|-11208.6|-11208.6
14|-11208.6|-11208.6
15|-11210.1|-11210.1
16|-11351|-11351
17|-11414.7|-11414.7
18|-11433.2|-11433.2
19|-11570.9|-11570.9
20|-11582.7|-11582.7
21|-11606.3|-11606.3
22|-11621.6|-11621.6
23|-11625.8|-11625.8
24|-11625.8|-11625.8
25|-11626.9|-11626.9
26|-11626.9|-11626.9
27|-11657.6|-11657.6
28|-11660.6|-11660.6
29|-11676.9|-11676.9
30|-11776.6|-11776.6
31|-11820.3|-11820.3
32|-11889.3|-11889.3
33|-11892.4|-11892.4
34|-11892.8|-11892.8
35|-11904.6|-11904.6
36|-11907.6|-11907.6
37|-11913.9|-11913.9
38|-11915.6|-11915.6
39|-11916.1|-11916.1
40|-11942.2|-11942.2
41|-11943.4|-11943.4
42|-11975.2|-11975.2
43|-11987.7|-11987.7
44|-11988.1|-11988.1
45|-11989.4|-11989.4
46|-11997.1|-11997.1
47|-11997.5|-11997.5
48|-12001.7|-12001.7
49|-12006.4|-12006.4
50|-12025.6|-12025.6
51|-12030.3|-12030.3
52|-12036.8|-12036.8
53|-12072.2|-12072.2
54|-12077.4|-12077.4
55|-12110.3|-12110.3
56|-12110.5|-12110.5
57|-12178.2|-12178.2
58|-12178.5|-12178.5
59|-12190.3|-12190.3
60|-12195.6|-12195.6
61|-12197.4|-12197.4
62|-12197.5|-12197.5
63|-12198.4|-12198.4
64|-12199.2|-12199.2
65|-12221.3|-12221.3
66|-12230|-12230
67|-12234.1|-12234.1
68|-12234.1|-12234.1
69|-12234.4|-12234.4
70|-12235.9|-12235.9
71|-12236.4|-12236.4
72|-12256.7|-12256.7
73|-12265.4|-12265.4
74|-12266|-12266
75|-12297.7|-12297.7
76|-12301.4|-12301.4
77|-12314.7|-12314.7
78|-12328.9|-12328.9
79|-12337.7|-12337.7
80|-12339.1|-12339.1
81|-12339.1|-12339.1
82|-12339.9|-12339.9
83|-12340.1|-12340.1
84|-12340.5|-12340.5
85|-12341.3|-12341.3
86|-12341.9|-12341.9
87|-12342|-12342
88|-12342|-12342
89|-12342.2|-12342.2
90|-12342.4|-12342.4
91|-12342.5|-12342.5
92|-12342.7|-12342.7
93|-12342.8|-12342.8
94|-12342.8|-12342.8
95|-12342.9|-12342.9
96|-12342.9|-12342.9
97|-12342.9|-12342.9
98|-12342.9|-12342.9
99|-12342.9|-12342.9
100|-12343|-12343
101|-12343|-12343
102|-12366.8|-12366.8
103|-12376.6|-12376.6
104|-12376.6|-12376.6
105|-12377|-12377
106|-12377.1|-12377.1
107|-12377.1|-12377.1
108|-12377.1|-12377.1
109|-12377.1|-12377.1
110|-12377.2|-12377.2
111|-12377.2|-12377.2
112|-12377.2|-12377.2
113|-12377.2|-12377.2
114|-12377.2|-12377.2
115|-12377.2|-12377.2
116|-12377.2|-12377.2
117|-12377.2|-12377.2
118|-12377.2|-12377.2
119|-12380.9|-12380.9
120|-12381.1|-12381.1
121|-12381.2|-12381.2
122|-12414.7|-12414.7
123|-12415.1|-12415.1
124|-12415.2|-12415.2
125|-12415.3|-12415.3
126|-12415.4|-12415.4
127|-12415.4|-12415.4
128|-12450.4|-12450.4
129|-12498|-12498
130|-12499.2|-12499.2
131|-12499.4|-12499.4
132|-12499.6|-12499.6
133|-12499.7|-12499.7
134|-12499.7|-12499.7
135|-12499.7|-12499.7
136|-12499.7|-12499.7
137|-12499.7|-12499.7
138|-12499.7|-12499.7
139|-12499.7|-12499.7
140|-12499.7|-12499.7
141|-12499.7|-12499.7
142|-12499.7|-12499.7
143|-12499.7|-12499.7
144|-12499.7|-12499.7
145|-12499.7|-12499.7
146|-12499.7|-12499.7
147|-12499.7|-12499.7
148|-12499.7|-12499.7
149|-12499.7|-12499.7
150|-12499.7|-12499.7
151|-12499.7|-12499.7
152|-12499.8|-12499.8
153|-12531.1|-12531.1
154|-12533.9|-12533.9
155|-12534|-12534
156|-12534|-12534
157|-12534|-12534
158|-12534|-12534
159|-12534|-12534
160|-12534|-12534
161|-12534|-12534
162|-12534|-12534
163|-12534|-12534
164|-12534|-12534
165|-12534|-12534
166|-12534|-12534
167|-12534|-12534
168|-12534|-12534
169|-12534|-12534
170|-12534|-12534
171|-12534|-12534
172|-12534|-12534
173|-12534|-12534
174|-12534|-12534
175|-12534|-12534
176|-12534|-12534
177|-12534|-12534
178|-12534|-12534
179|-12534|-12534
180|-12534|-12534
181|-12534|-12534
182|-12534|-12534
183|-12534|-12534
184|-12534|-12534
185|-12534|-12534
186|-12534|-12534
187|-12534|-12534
188|-12534|-12534
189|-12534|-12534
190|-12534|-12534
191|-12534|-12534
192|-12534|-12534
193|-12534|-12534
194|-12534|-12534
195|-12534|-12534
196|-12534|-12534
197|-12534|-12534
198|-12534|-12534
199|-12534|-12534
200|-12534|-12534
201|-12534|-12534
202|-12534|-12534
203|-12534|-12534
204|-12534|-12534
205|-12568.1|-12568.1
62151446ms
