0|-10059.3|-10059.3
1|-10736.1|-10736.1
2|-10822.9|-10822.9
3|-10964.6|-10964.6
4|-11009.5|-11009.5
5|-11034.3|-11034.3
6|-11067.7|-11067.7
7|-11067.7|-11067.7
8|-11256.9|-11256.9
9|-11326.6|-11326.6
10|-11368.3|-11368.3
11|-11381.8|-11381.8
12|-11432.2|-11432.2
13|-11458.8|-11458.8
14|-11473.8|-11473.8
15|-11518.3|-11518.3
16|-11671.1|-11671.1
17|-11705|-11705
18|-11718.7|-11718.7
19|-11747.9|-11747.9
20|-11821.2|-11821.2
21|-11852.6|-11852.6
22|-11858.1|-11858.1
23|-11873.5|-11873.5
24|-11885.3|-11885.3
25|-11888.5|-11888.5
26|-11888.8|-11888.8
27|-11891.9|-11891.9
28|-11892.1|-11892.1
29|-11892.1|-11892.1
30|-11893.4|-11893.4
31|-11893.9|-11893.9
32|-11893.9|-11893.9
33|-11932.8|-11932.8
34|-11965.2|-11965.2
35|-11968.4|-11968.4
36|-11974.9|-11974.9
37|-12061.7|-12061.7
38|-12085.1|-12085.1
39|-12165.4|-12165.4
40|-12166.6|-12166.6
41|-12180.9|-12180.9
42|-12182.7|-12182.7
43|-12186.5|-12186.5
44|-12190.9|-12190.9
45|-12191.4|-12191.4
46|-12194.5|-12194.5
47|-12227|-12227
48|-12253|-12253
49|-12256.5|-12256.5
50|-12260.2|-12260.2
51|-12293.4|-12293.4
52|-12293.8|-12293.8
53|-12298.8|-12298.8
54|-12333.9|-12333.9
55|-12348.4|-12348.4
56|-12409.7|-12409.7
57|-12432.4|-12432.4
58|-12466.4|-12466.4
59|-12483.3|-12483.3
60|-12487.9|-12487.9
61|-12489.1|-12489.1
62|-12492.6|-12492.6
63|-12493.4|-12493.4
64|-12494.8|-12494.8
65|-12495.4|-12495.4
66|-12495.8|-12495.8
67|-12496.2|-12496.2
68|-12496.3|-12496.3
69|-12497.1|-12497.1
70|-12548.9|-12548.9
37813174ms
