0|-10118.3|-10118.3
1|-10564.1|-10564.1
2|-10658.4|-10658.4
3|-10723.8|-10723.8
4|-11031.6|-11031.6
5|-11191.9|-11191.9
6|-11237.6|-11237.6
7|-11504.4|-11504.4
8|-11516.8|-11516.8
9|-11579.6|-11579.6
10|-11579.6|-11579.6
11|-11622.7|-11622.7
12|-11669.4|-11669.4
13|-11685.7|-11685.7
14|-11715.2|-11715.2
15|-11738.7|-11738.7
16|-11843.1|-11843.1
17|-11887.7|-11887.7
18|-11891.6|-11891.6
19|-11912.6|-11912.6
20|-11915.1|-11915.1
21|-11915.1|-11915.1
22|-11918.8|-11918.8
23|-11964.3|-11964.3
24|-11999|-11999
25|-12075.1|-12075.1
26|-12076.3|-12076.3
27|-12099.3|-12099.3
28|-12106.9|-12106.9
29|-12154.8|-12154.8
30|-12166.3|-12166.3
31|-12180.8|-12180.8
32|-12190.7|-12190.7
33|-12234.4|-12234.4
34|-12258.5|-12258.5
35|-12263.1|-12263.1
36|-12282.7|-12282.7
37|-12340.7|-12340.7
38|-12381.8|-12381.8
39|-12405.8|-12405.8
40|-12406.3|-12406.3
41|-12407.1|-12407.1
42|-12413.8|-12413.8
43|-12414.9|-12414.9
44|-12415.4|-12415.4
45|-12416.6|-12416.6
46|-12418.4|-12418.4
47|-12419.1|-12419.1
48|-12420.8|-12420.8
49|-12445.5|-12445.5
50|-12450.5|-12450.5
51|-12456.3|-12456.3
52|-12456.7|-12456.7
53|-12456.7|-12456.7
54|-12457|-12457
55|-12459.7|-12459.7
56|-12459.7|-12459.7
57|-12460.2|-12460.2
58|-12460.4|-12460.4
59|-12495.2|-12495.2
60|-12495.5|-12495.5
61|-12496.4|-12496.4
62|-12496.6|-12496.6
63|-12496.7|-12496.7
64|-12496.8|-12496.8
65|-12497.2|-12497.2
66|-12497.3|-12497.3
67|-12497.4|-12497.4
68|-12526.3|-12526.3
69|-12528.8|-12528.8
70|-12529.3|-12529.3
71|-12545.4|-12545.4
38148253ms
