0|-10715.9|-10715.9
1|-11168.7|-11168.7
2|-11438.3|-11438.3
3|-11484.6|-11484.6
4|-11613|-11613
5|-11681.3|-11681.3
6|-11808.1|-11808.1
7|-11836.5|-11836.5
8|-11836.5|-11836.5
9|-11847.9|-11847.9
10|-11869|-11869
11|-11889.3|-11889.3
12|-11946.6|-11946.6
13|-11989.4|-11989.4
14|-11994.3|-11994.3
15|-12024.1|-12024.1
16|-12028.2|-12028.2
17|-12029.5|-12029.5
18|-12077.2|-12077.2
19|-12112.9|-12112.9
20|-12113.5|-12113.5
21|-12117.4|-12117.4
22|-12120.3|-12120.3
23|-12127|-12127
24|-12127|-12127
25|-12155.3|-12155.3
26|-12155.3|-12155.3
27|-12222.7|-12222.7
28|-12229.9|-12229.9
29|-12237.5|-12237.5
30|-12239.5|-12239.5
31|-12245.6|-12245.6
32|-12247.2|-12247.2
33|-12274.1|-12274.1
34|-12317|-12317
35|-12345.4|-12345.4
36|-12348.2|-12348.2
37|-12353.5|-12353.5
38|-12359.6|-12359.6
39|-12362.1|-12362.1
40|-12362.1|-12362.1
41|-12366|-12366
42|-12368.7|-12368.7
43|-12372.2|-12372.2
44|-12419.2|-12419.2
45|-12440.8|-12440.8
46|-12441.3|-12441.3
47|-12444.3|-12444.3
48|-12449.4|-12449.4
49|-12452.8|-12452.8
50|-12477.1|-12477.1
51|-12481.8|-12481.8
52|-12485.6|-12485.6
53|-12489.8|-12489.8
54|-12491.5|-12491.5
55|-12491.5|-12491.5
56|-12491.6|-12491.6
57|-12492.4|-12492.4
58|-12492.6|-12492.6
59|-12494.2|-12494.2
60|-12494.9|-12494.9
61|-12496|-12496
62|-12496.2|-12496.2
63|-12496.4|-12496.4
64|-12496.8|-12496.8
65|-12497.1|-12497.1
66|-12497.2|-12497.2
67|-12497.3|-12497.3
68|-12497.3|-12497.3
69|-12497.5|-12497.5
70|-12497.6|-12497.6
71|-12497.6|-12497.6
72|-12498|-12498
73|-12498|-12498
74|-12498.6|-12498.6
75|-12498.6|-12498.6
76|-12498.6|-12498.6
77|-12519.8|-12519.8
78|-12527.4|-12527.4
79|-12530.6|-12530.6
80|-12531.4|-12531.4
81|-12540.8|-12540.8
41245612ms
