0|-9345.96|-9345.96
1|-9730.01|-9730.01
2|-10185.6|-10185.6
3|-10277.9|-10277.9
4|-10386.1|-10386.1
5|-10484.1|-10484.1
6|-10837|-10837
7|-10951|-10951
8|-11035.3|-11035.3
9|-11095.2|-11095.2
10|-11133.1|-11133.1
11|-11141.5|-11141.5
12|-11151.8|-11151.8
13|-11179.7|-11179.7
14|-11207.8|-11207.8
15|-11218.1|-11218.1
16|-11237.1|-11237.1
17|-11237.1|-11237.1
18|-11238.1|-11238.1
19|-11250.1|-11250.1
20|-11250.1|-11250.1
21|-11250.1|-11250.1
22|-11303.5|-11303.5
23|-11382|-11382
24|-11484.2|-11484.2
25|-11512.5|-11512.5
26|-11544.7|-11544.7
27|-11590.1|-11590.1
28|-11599.3|-11599.3
29|-11653|-11653
30|-11768.9|-11768.9
31|-11789.9|-11789.9
32|-11830.7|-11830.7
33|-11858|-11858
34|-11865.3|-11865.3
35|-11881.8|-11881.8
36|-11900.6|-11900.6
37|-11920.5|-11920.5
38|-11947.9|-11947.9
39|-11949.5|-11949.5
40|-11950.7|-11950.7
41|-11956.9|-11956.9
42|-11959.6|-11959.6
43|-11964.3|-11964.3
44|-11966.3|-11966.3
45|-11966.8|-11966.8
46|-11971|-11971
47|-11971.3|-11971.3
48|-11972.6|-11972.6
49|-11973.5|-11973.5
50|-11973.5|-11973.5
51|-11973.9|-11973.9
52|-11974.9|-11974.9
53|-11974.9|-11974.9
54|-11976.5|-11976.5
55|-11976.7|-11976.7
56|-11999.3|-11999.3
57|-12003.6|-12003.6
58|-12006.2|-12006.2
59|-12006.2|-12006.2
60|-12016.7|-12016.7
61|-12052.4|-12052.4
62|-12146.3|-12146.3
63|-12158.7|-12158.7
64|-12163.1|-12163.1
65|-12166.1|-12166.1
66|-12189.1|-12189.1
67|-12207.9|-12207.9
68|-12225|-12225
69|-12235.3|-12235.3
70|-12316.6|-12316.6
71|-12380.7|-12380.7
72|-12383.3|-12383.3
73|-12389.2|-12389.2
74|-12392.2|-12392.2
75|-12394.3|-12394.3
76|-12394.4|-12394.4
77|-12426.9|-12426.9
78|-12427.2|-12427.2
79|-12429.8|-12429.8
80|-12430.3|-12430.3
81|-12461.7|-12461.7
82|-12462.8|-12462.8
83|-12463.7|-12463.7
84|-12464.1|-12464.1
85|-12464.4|-12464.4
86|-12464.9|-12464.9
87|-12465|-12465
88|-12465|-12465
89|-12474.7|-12474.7
90|-12493.9|-12493.9
91|-12495.5|-12495.5
92|-12497.8|-12497.8
93|-12498.4|-12498.4
94|-12498.6|-12498.6
95|-12498.7|-12498.7
96|-12531|-12531
97|-12532.7|-12532.7
98|-12532.8|-12532.8
99|-12533|-12533
100|-12533.2|-12533.2
101|-12533.6|-12533.6
102|-12533.7|-12533.7
103|-12533.7|-12533.7
104|-12533.8|-12533.8
105|-12533.8|-12533.8
106|-12533.8|-12533.8
107|-12533.8|-12533.8
108|-12533.8|-12533.8
109|-12533.8|-12533.8
110|-12533.8|-12533.8
111|-12533.9|-12533.9
112|-12566.5|-12566.5
50634259ms
