0|-9897.91|-9897.91
1|-10338.9|-10338.9
2|-10484.7|-10484.7
3|-10787.2|-10787.2
4|-10882.6|-10882.6
5|-10981.3|-10981.3
6|-10988.7|-10988.7
7|-10988.7|-10988.7
8|-11143.2|-11143.2
9|-11173.9|-11173.9
10|-11173.9|-11173.9
11|-11207.7|-11207.7
12|-11214|-11214
13|-11302.8|-11302.8
14|-11331.6|-11331.6
15|-11331.6|-11331.6
16|-11453.3|-11453.3
17|-11609|-11609
18|-11643.6|-11643.6
19|-11657|-11657
20|-11816.7|-11816.7
21|-11902.6|-11902.6
22|-11950|-11950
23|-11957.7|-11957.7
24|-11983.7|-11983.7
25|-11987|-11987
26|-11994.5|-11994.5
27|-12005.3|-12005.3
28|-12023.2|-12023.2
29|-12023.9|-12023.9
30|-12031.9|-12031.9
31|-12075.7|-12075.7
32|-12102|-12102
33|-12108.1|-12108.1
34|-12152.9|-12152.9
35|-12186.3|-12186.3
36|-12216.6|-12216.6
37|-12227.9|-12227.9
38|-12228|-12228
39|-12289.5|-12289.5
40|-12292.9|-12292.9
41|-12320.4|-12320.4
42|-12343.4|-12343.4
43|-12362|-12362
44|-12366.8|-12366.8
45|-12368.1|-12368.1
46|-12369.7|-12369.7
47|-12369.9|-12369.9
48|-12371.7|-12371.7
49|-12371.9|-12371.9
50|-12372.1|-12372.1
51|-12374.2|-12374.2
52|-12374.2|-12374.2
53|-12376.7|-12376.7
54|-12377.9|-12377.9
55|-12432.3|-12432.3
56|-12476.4|-12476.4
57|-12493.4|-12493.4
58|-12521.8|-12521.8
59|-12525.2|-12525.2
60|-12526.5|-12526.5
61|-12528.3|-12528.3
62|-12528.3|-12528.3
63|-12529.3|-12529.3
64|-12530|-12530
65|-12531.1|-12531.1
66|-12531.1|-12531.1
67|-12531.4|-12531.4
68|-12531.6|-12531.6
69|-12531.9|-12531.9
70|-12532|-12532
71|-12532.1|-12532.1
72|-12532.3|-12532.3
73|-12532.5|-12532.5
74|-12532.5|-12532.5
75|-12532.6|-12532.6
76|-12532.7|-12532.7
77|-12532.7|-12532.7
78|-12532.9|-12532.9
79|-12533|-12533
80|-12533.2|-12533.2
81|-12533.2|-12533.2
82|-12533.3|-12533.3
83|-12533.4|-12533.4
84|-12533.4|-12533.4
85|-12533.4|-12533.4
86|-12533.4|-12533.4
87|-12533.4|-12533.4
88|-12533.4|-12533.4
89|-12533.4|-12533.4
90|-12533.4|-12533.4
91|-12533.4|-12533.4
92|-12533.5|-12533.5
93|-12533.5|-12533.5
94|-12533.5|-12533.5
95|-12533.5|-12533.5
96|-12533.5|-12533.5
97|-12533.5|-12533.5
98|-12533.5|-12533.5
99|-12533.5|-12533.5
100|-12533.6|-12533.6
101|-12533.6|-12533.6
102|-12533.6|-12533.6
103|-12533.6|-12533.6
104|-12533.6|-12533.6
105|-12533.6|-12533.6
106|-12533.6|-12533.6
107|-12564.8|-12564.8
47932546ms
