0|-9531.51|-9531.51
1|-10015.4|-10015.4
2|-10300.7|-10300.7
3|-10473.9|-10473.9
4|-10526.8|-10526.8
5|-10835.5|-10835.5
6|-10857.3|-10857.3
7|-10869.6|-10869.6
8|-10869.6|-10869.6
9|-10906.3|-10906.3
10|-10933|-10933
11|-10939.8|-10939.8
12|-10939.8|-10939.8
13|-10955.1|-10955.1
14|-10955.1|-10955.1
15|-10960|-10960
16|-10961.1|-10961.1
17|-10961.1|-10961.1
18|-10961.1|-10961.1
19|-11126.2|-11126.2
20|-11259.4|-11259.4
21|-11266.1|-11266.1
22|-11290.7|-11290.7
23|-11355|-11355
24|-11397.4|-11397.4
25|-11401.8|-11401.8
26|-11406.1|-11406.1
27|-11414.9|-11414.9
28|-11422.7|-11422.7
29|-11444.5|-11444.5
30|-11477|-11477
31|-11499.7|-11499.7
32|-11507|-11507
33|-11619.9|-11619.9
34|-11625.5|-11625.5
35|-11642.9|-11642.9
36|-11656.2|-11656.2
37|-11656.5|-11656.5
38|-11657.3|-11657.3
39|-11709.6|-11709.6
40|-11747.2|-11747.2
41|-11761.4|-11761.4
42|-11770.4|-11770.4
43|-11775|-11775
44|-11806.6|-11806.6
45|-11811.9|-11811.9
46|-11821.3|-11821.3
47|-11822.9|-11822.9
48|-11935.2|-11935.2
49|-11963.7|-11963.7
50|-11969.8|-11969.8
51|-11976.9|-11976.9
52|-12008.3|-12008.3
53|-12011.1|-12011.1
54|-12041.7|-12041.7
55|-12110|-12110
56|-12115.6|-12115.6
57|-12133.8|-12133.8
58|-12156.6|-12156.6
59|-12180.8|-12180.8
60|-12225.5|-12225.5
61|-12228|-12228
62|-12237.9|-12237.9
63|-12251.3|-12251.3
64|-12254.7|-12254.7
65|-12256.7|-12256.7
66|-12258.8|-12258.8
67|-12258.9|-12258.9
68|-12259.1|-12259.1
69|-12325.2|-12325.2
70|-12330.3|-12330.3
71|-12423.1|-12423.1
72|-12446.7|-12446.7
73|-12454.5|-12454.5
74|-12460.1|-12460.1
75|-12461.3|-12461.3
76|-12461.6|-12461.6
77|-12461.9|-12461.9
78|-12486.5|-12486.5
79|-12496.1|-12496.1
80|-12527.7|-12527.7
81|-12530.6|-12530.6
82|-12531|-12531
83|-12531.7|-12531.7
84|-12532.6|-12532.6
85|-12532.8|-12532.8
86|-12532.8|-12532.8
87|-12532.8|-12532.8
88|-12533|-12533
89|-12533|-12533
90|-12533|-12533
91|-12533.1|-12533.1
92|-12533.1|-12533.1
93|-12533.1|-12533.1
94|-12533.2|-12533.2
95|-12533.3|-12533.3
96|-12533.3|-12533.3
97|-12533.4|-12533.4
98|-12533.5|-12533.5
99|-12533.5|-12533.5
100|-12533.5|-12533.5
101|-12533.6|-12533.6
102|-12533.6|-12533.6
103|-12540.8|-12540.8
47533066ms
