0|-10518.8|-10518.8
1|-10841|-10841
2|-11098.6|-11098.6
3|-11127.9|-11127.9
4|-11242.6|-11242.6
5|-11324.4|-11324.4
6|-11436.8|-11436.8
7|-11523.3|-11523.3
8|-11551.8|-11551.8
9|-11613.4|-11613.4
10|-11640.9|-11640.9
11|-11646.1|-11646.1
12|-11649.5|-11649.5
13|-11666|-11666
14|-11674.2|-11674.2
15|-11716|-11716
16|-11782.5|-11782.5
17|-11788.4|-11788.4
18|-11795.8|-11795.8
19|-11805.8|-11805.8
20|-11805.8|-11805.8
21|-11809.2|-11809.2
22|-11817|-11817
23|-11828.5|-11828.5
24|-11837.7|-11837.7
25|-11850.7|-11850.7
26|-11859.3|-11859.3
27|-11861.7|-11861.7
28|-11864.9|-11864.9
29|-11870.2|-11870.2
30|-11876.6|-11876.6
31|-11877|-11877
32|-11877.4|-11877.4
33|-11888.4|-11888.4
34|-11888.4|-11888.4
35|-11892.7|-11892.7
36|-11897|-11897
37|-11898.5|-11898.5
38|-11898.5|-11898.5
39|-11966.2|-11966.2
40|-11968.6|-11968.6
41|-11969.2|-11969.2
42|-11970.8|-11970.8
43|-11973.4|-11973.4
44|-11986|-11986
45|-12046.8|-12046.8
46|-12051.4|-12051.4
47|-12057.3|-12057.3
48|-12067.5|-12067.5
49|-12067.5|-12067.5
50|-12153.2|-12153.2
51|-12200.3|-12200.3
52|-12218.1|-12218.1
53|-12222.7|-12222.7
54|-12259.2|-12259.2
55|-12260.8|-12260.8
56|-12285.6|-12285.6
57|-12293.5|-12293.5
58|-12300.2|-12300.2
59|-12301.2|-12301.2
60|-12302.8|-12302.8
61|-12305.9|-12305.9
62|-12305.9|-12305.9
63|-12306.9|-12306.9
64|-12334.3|-12334.3
65|-12404.4|-12404.4
66|-12412.3|-12412.3
67|-12420.7|-12420.7
68|-12422.1|-12422.1
69|-12425.5|-12425.5
70|-12426.9|-12426.9
71|-12427.6|-12427.6
72|-12427.9|-12427.9
73|-12428.2|-12428.2
74|-12428.4|-12428.4
75|-12429|-12429
76|-12429.3|-12429.3
77|-12429.5|-12429.5
78|-12429.6|-12429.6
79|-12429.7|-12429.7
80|-12429.9|-12429.9
81|-12429.9|-12429.9
82|-12455.7|-12455.7
83|-12460.5|-12460.5
84|-12464.1|-12464.1
85|-12464.3|-12464.3
86|-12464.4|-12464.4
87|-12464.5|-12464.5
88|-12464.5|-12464.5
89|-12464.6|-12464.6
90|-12464.7|-12464.7
91|-12464.8|-12464.8
92|-12464.9|-12464.9
93|-12464.9|-12464.9
94|-12465|-12465
95|-12465|-12465
96|-12465|-12465
97|-12465|-12465
98|-12465|-12465
99|-12465.1|-12465.1
100|-12469.4|-12469.4
101|-12496.4|-12496.4
102|-12498.9|-12498.9
103|-12530.1|-12530.1
104|-12531.9|-12531.9
105|-12532.9|-12532.9
106|-12533.1|-12533.1
107|-12533.2|-12533.2
108|-12533.2|-12533.2
109|-12533.3|-12533.3
110|-12558.8|-12558.8
49176909ms
