0|-10107.6|-10107.6
1|-10257.1|-10257.1
2|-10347.4|-10347.4
3|-10384.5|-10384.5
4|-10452.1|-10452.1
5|-10524.8|-10524.8
6|-10945.7|-10945.7
7|-11018.2|-11018.2
8|-11070.3|-11070.3
9|-11070.3|-11070.3
10|-11109.1|-11109.1
11|-11131.4|-11131.4
12|-11131.4|-11131.4
13|-11146.8|-11146.8
14|-11374.6|-11374.6
15|-11470.9|-11470.9
16|-11505.3|-11505.3
17|-11508.8|-11508.8
18|-11550|-11550
19|-11559.9|-11559.9
20|-11567.6|-11567.6
21|-11575.4|-11575.4
22|-11592.5|-11592.5
23|-11594.4|-11594.4
24|-11600.5|-11600.5
25|-11600.5|-11600.5
26|-11613.3|-11613.3
27|-11613.3|-11613.3
28|-11613.6|-11613.6
29|-11620.4|-11620.4
30|-11621.5|-11621.5
31|-11676.2|-11676.2
32|-11680.4|-11680.4
33|-11739.9|-11739.9
34|-11764.8|-11764.8
35|-11769.5|-11769.5
36|-11771.7|-11771.7
37|-11815.2|-11815.2
38|-11815.8|-11815.8
39|-11819.4|-11819.4
40|-11820|-11820
41|-11844.9|-11844.9
42|-11854.1|-11854.1
43|-11947|-11947
44|-11958.2|-11958.2
45|-11977.9|-11977.9
46|-12005.5|-12005.5
47|-12010.7|-12010.7
48|-12012.5|-12012.5
49|-12018.3|-12018.3
50|-12019.3|-12019.3
51|-12023.8|-12023.8
52|-12027.7|-12027.7
53|-12028.1|-12028.1
54|-12028.8|-12028.8
55|-12066|-12066
56|-12093.1|-12093.1
57|-12099.6|-12099.6
58|-12099.8|-12099.8
59|-12104.2|-12104.2
60|-12105.6|-12105.6
61|-12105.8|-12105.8
62|-12106.8|-12106.8
63|-12108.8|-12108.8
64|-12110.6|-12110.6
65|-12110.6|-12110.6
66|-12203.5|-12203.5
67|-12225|-12225
68|-12229.6|-12229.6
69|-12267.8|-12267.8
70|-12269.8|-12269.8
71|-12272|-12272
72|-12272.3|-12272.3
73|-12273.7|-12273.7
74|-12273.8|-12273.8
75|-12275.3|-12275.3
76|-12321.9|-12321.9
77|-12334.4|-12334.4
78|-12340.5|-12340.5
79|-12344.4|-12344.4
80|-12344.5|-12344.5
81|-12416.1|-12416.1
82|-12417.2|-12417.2
83|-12425.6|-12425.6
84|-12426.4|-12426.4
85|-12428.8|-12428.8
86|-12428.9|-12428.9
87|-12459.4|-12459.4
88|-12462.7|-12462.7
89|-12463.3|-12463.3
90|-12463.5|-12463.5
91|-12463.5|-12463.5
92|-12463.9|-12463.9
93|-12464.4|-12464.4
94|-12464.4|-12464.4
95|-12464.5|-12464.5
96|-12464.8|-12464.8
97|-12464.8|-12464.8
98|-12464.9|-12464.9
99|-12464.9|-12464.9
100|-12465|-12465
101|-12465.2|-12465.2
102|-12465.2|-12465.2
103|-12465.2|-12465.2
104|-12465.2|-12465.2
105|-12465.2|-12465.2
106|-12496|-12496
107|-12497.2|-12497.2
108|-12498.9|-12498.9
109|-12499|-12499
110|-12499.2|-12499.2
111|-12499.2|-12499.2
112|-12499.3|-12499.3
113|-12499.3|-12499.3
114|-12499.3|-12499.3
115|-12499.4|-12499.4
116|-12499.4|-12499.4
117|-12499.5|-12499.5
118|-12499.5|-12499.5
119|-12499.5|-12499.5
120|-12499.5|-12499.5
121|-12499.5|-12499.5
122|-12499.5|-12499.5
123|-12499.5|-12499.5
124|-12499.5|-12499.5
125|-12499.5|-12499.5
126|-12559|-12559
51042952ms
