0|-9848.35|-9848.35
1|-10261.6|-10261.6
2|-10368.6|-10368.6
3|-10429.8|-10429.8
4|-10624.9|-10624.9
5|-10659.8|-10659.8
6|-10704.7|-10704.7
7|-10907.9|-10907.9
8|-10947.5|-10947.5
9|-11028.1|-11028.1
10|-11063.9|-11063.9
11|-11093.2|-11093.2
12|-11097.2|-11097.2
13|-11119|-11119
14|-11260.4|-11260.4
15|-11353.5|-11353.5
16|-11412.6|-11412.6
17|-11427.3|-11427.3
18|-11450.3|-11450.3
19|-11454.4|-11454.4
20|-11456.8|-11456.8
21|-11456.8|-11456.8
22|-11532.4|-11532.4
23|-11543.5|-11543.5
24|-11576.7|-11576.7
25|-11607.4|-11607.4
26|-11612.7|-11612.7
27|-11669|-11669
28|-11673.1|-11673.1
29|-11706.2|-11706.2
30|-11715.8|-11715.8
31|-11728.7|-11728.7
32|-11733.7|-11733.7
33|-11733.7|-11733.7
34|-11739.6|-11739.6
35|-11740.8|-11740.8
36|-11741.3|-11741.3
37|-11748.6|-11748.6
38|-11754.6|-11754.6
39|-11754.6|-11754.6
40|-11759.6|-11759.6
41|-11768.1|-11768.1
42|-11792|-11792
43|-11804.4|-11804.4
44|-11824.6|-11824.6
45|-11845.3|-11845.3
46|-11891.8|-11891.8
47|-11951.7|-11951.7
48|-11967.7|-11967.7
49|-11973.4|-11973.4
50|-11976.7|-11976.7
51|-11982.3|-11982.3
52|-12016.1|-12016.1
53|-12096.2|-12096.2
54|-12168.1|-12168.1
55|-12168.3|-12168.3
56|-12206.5|-12206.5
57|-12270.5|-12270.5
58|-12305.6|-12305.6
59|-12312.3|-12312.3
60|-12312.3|-12312.3
61|-12327.5|-12327.5
62|-12346|-12346
63|-12349.5|-12349.5
64|-12350.1|-12350.1
65|-12352.8|-12352.8
66|-12356.1|-12356.1
67|-12400.1|-12400.1
68|-12425.8|-12425.8
69|-12426.7|-12426.7
70|-12427.5|-12427.5
71|-12449.5|-12449.5
72|-12460.5|-12460.5
73|-12463.4|-12463.4
74|-12463.6|-12463.6
75|-12464.2|-12464.2
76|-12494.6|-12494.6
77|-12497.6|-12497.6
78|-12497.8|-12497.8
79|-12498.4|-12498.4
80|-12498.8|-12498.8
81|-12499.1|-12499.1
82|-12499.4|-12499.4
83|-12499.5|-12499.5
84|-12499.5|-12499.5
85|-12499.5|-12499.5
86|-12499.6|-12499.6
87|-12499.7|-12499.7
88|-12499.7|-12499.7
89|-12499.7|-12499.7
90|-12499.7|-12499.7
91|-12499.8|-12499.8
92|-12499.8|-12499.8
93|-12499.8|-12499.8
94|-12533.9|-12533.9
95|-12533.9|-12533.9
96|-12534|-12534
97|-12534|-12534
98|-12534|-12534
99|-12534|-12534
100|-12534|-12534
101|-12534|-12534
102|-12534|-12534
103|-12534|-12534
104|-12534|-12534
105|-12534|-12534
106|-12534|-12534
107|-12534.1|-12534.1
108|-12534.1|-12534.1
109|-12534.1|-12534.1
110|-12534.1|-12534.1
111|-12534.1|-12534.1
112|-12534.1|-12534.1
113|-12534.1|-12534.1
114|-12534.1|-12534.1
115|-12534.1|-12534.1
116|-12534.1|-12534.1
117|-12567.4|-12567.4
50989617ms
