0|-10722.8|-10722.8
1|-10904.8|-10904.8
2|-11029.1|-11029.1
3|-11263.7|-11263.7
4|-11306.5|-11306.5
5|-11334.6|-11334.6
6|-11357.2|-11357.2
7|-11435.9|-11435.9
8|-11481.2|-11481.2
9|-11524.1|-11524.1
10|-11528|-11528
11|-11700.7|-11700.7
12|-11714.5|-11714.5
13|-11758.6|-11758.6
14|-11760.8|-11760.8
15|-11801.2|-11801.2
16|-11801.2|-11801.2
17|-11801.2|-11801.2
18|-11801.2|-11801.2
19|-11801.2|-11801.2
20|-11805.8|-11805.8
21|-11806.6|-11806.6
22|-11810.5|-11810.5
23|-11810.6|-11810.6
24|-11811.5|-11811.5
25|-11811.7|-11811.7
26|-11812.3|-11812.3
27|-11813.8|-11813.8
28|-11816.6|-11816.6
29|-11835.5|-11835.5
30|-11841.1|-11841.1
31|-11889|-11889
32|-11929.3|-11929.3
33|-11949.5|-11949.5
34|-12013.4|-12013.4
35|-12023.6|-12023.6
36|-12031.1|-12031.1
37|-12037.3|-12037.3
38|-12039.7|-12039.7
39|-12081.9|-12081.9
40|-12103.2|-12103.2
41|-12165.7|-12165.7
42|-12188.4|-12188.4
43|-12203.1|-12203.1
44|-12205.1|-12205.1
45|-12211.3|-12211.3
46|-12219|-12219
47|-12245.2|-12245.2
48|-12249.9|-12249.9
49|-12276.7|-12276.7
50|-12283|-12283
51|-12284|-12284
52|-12357.2|-12357.2
53|-12367.1|-12367.1
54|-12370.4|-12370.4
55|-12371.3|-12371.3
56|-12371.4|-12371.4
57|-12399.1|-12399.1
58|-12484.4|-12484.4
59|-12484.5|-12484.5
60|-12491.2|-12491.2
61|-12492.9|-12492.9
62|-12494.4|-12494.4
63|-12495.9|-12495.9
64|-12496.1|-12496.1
65|-12512.8|-12512.8
66|-12525.4|-12525.4
67|-12525.9|-12525.9
68|-12526.1|-12526.1
69|-12528.9|-12528.9
70|-12530.1|-12530.1
71|-12530.3|-12530.3
72|-12531.3|-12531.3
73|-12531.8|-12531.8
74|-12532.2|-12532.2
75|-12532.5|-12532.5
76|-12532.9|-12532.9
77|-12532.9|-12532.9
78|-12533.2|-12533.2
79|-12561.7|-12561.7
41425269ms
