0|-10730.8|-10730.8
1|-11189.9|-11189.9
2|-11260.5|-11260.5
3|-11352.5|-11352.5
4|-11409|-11409
5|-11443.7|-11443.7
6|-11585.1|-11585.1
7|-11642.1|-11642.1
8|-11650.4|-11650.4
9|-11719.1|-11719.1
10|-11760.5|-11760.5
11|-11900|-11900
12|-11939.1|-11939.1
13|-12062.4|-12062.4
14|-12088.1|-12088.1
15|-12088.2|-12088.2
16|-12088.2|-12088.2
17|-12091.7|-12091.7
18|-12091.7|-12091.7
19|-12092.5|-12092.5
20|-12105.1|-12105.1
21|-12107.3|-12107.3
22|-12107.3|-12107.3
23|-12107.3|-12107.3
24|-12121.2|-12121.2
25|-12124.7|-12124.7
26|-12124.7|-12124.7
27|-12130.4|-12130.4
28|-12141.7|-12141.7
29|-12157.1|-12157.1
30|-12170.9|-12170.9
31|-12194.6|-12194.6
32|-12194.6|-12194.6
33|-12201.3|-12201.3
34|-12205|-12205
35|-12213.6|-12213.6
36|-12214.6|-12214.6
37|-12215.9|-12215.9
38|-12216.3|-12216.3
39|-12218.4|-12218.4
40|-12218.4|-12218.4
41|-12241|-12241
42|-12249.5|-12249.5
43|-12253.2|-12253.2
44|-12255.1|-12255.1
45|-12280.3|-12280.3
46|-12290|-12290
47|-12291.8|-12291.8
48|-12325.9|-12325.9
49|-12334.6|-12334.6
50|-12337.1|-12337.1
51|-12337.2|-12337.2
52|-12338.2|-12338.2
53|-12340.3|-12340.3
54|-12340.3|-12340.3
55|-12386.5|-12386.5
56|-12387.9|-12387.9
57|-12409.1|-12409.1
58|-12418.6|-12418.6
59|-12437.8|-12437.8
60|-12444.1|-12444.1
61|-12452.9|-12452.9
62|-12455.8|-12455.8
63|-12459.8|-12459.8
64|-12461|-12461
65|-12461|-12461
66|-12461.2|-12461.2
67|-12461.3|-12461.3
68|-12461.6|-12461.6
69|-12462.1|-12462.1
70|-12488.2|-12488.2
71|-12491.4|-12491.4
72|-12493|-12493
73|-12493.6|-12493.6
74|-12494.2|-12494.2
75|-12497.1|-12497.1
76|-12497.3|-12497.3
77|-12501.4|-12501.4
78|-12524|-12524
79|-12530.2|-12530.2
80|-12531.5|-12531.5
81|-12532.1|-12532.1
82|-12532.2|-12532.2
83|-12532.2|-12532.2
84|-12532.3|-12532.3
85|-12532.4|-12532.4
86|-12532.6|-12532.6
87|-12532.9|-12532.9
88|-12533.1|-12533.1
89|-12533.1|-12533.1
90|-12533.1|-12533.1
91|-12533.1|-12533.1
92|-12533.1|-12533.1
93|-12533.2|-12533.2
94|-12533.2|-12533.2
95|-12533.3|-12533.3
96|-12533.3|-12533.3
97|-12533.4|-12533.4
98|-12533.4|-12533.4
99|-12533.5|-12533.5
100|-12533.5|-12533.5
101|-12533.5|-12533.5
102|-12533.5|-12533.5
103|-12533.5|-12533.5
104|-12533.5|-12533.5
105|-12533.5|-12533.5
106|-12533.5|-12533.5
107|-12533.5|-12533.5
108|-12533.6|-12533.6
109|-12533.6|-12533.6
110|-12533.6|-12533.6
111|-12533.6|-12533.6
112|-12533.6|-12533.6
113|-12533.6|-12533.6
114|-12533.6|-12533.6
115|-12533.6|-12533.6
116|-12563.9|-12563.9
48882828ms
