0|-9523.99|-9523.99
1|-9748.78|-9748.78
2|-10084.9|-10084.9
3|-10270.3|-10270.3
4|-10601.2|-10601.2
5|-10878.5|-10878.5
6|-11051.5|-11051.5
7|-11449.4|-11449.4
8|-11515.5|-11515.5
9|-11738.8|-11738.8
10|-11749.1|-11749.1
11|-11770.3|-11770.3
12|-11774.8|-11774.8
13|-11807.8|-11807.8
14|-11830.9|-11830.9
15|-11855.8|-11855.8
16|-11862.4|-11862.4
17|-11904.5|-11904.5
18|-11906.6|-11906.6
19|-11926.4|-11926.4
20|-11927.8|-11927.8
21|-11939.3|-11939.3
22|-11939.7|-11939.7
23|-11952.8|-11952.8
24|-11964.6|-11964.6
25|-11964.6|-11964.6
26|-11968.3|-11968.3
27|-11972.2|-11972.2
28|-11972.2|-11972.2
29|-11972.7|-11972.7
30|-11975|-11975
31|-12030.8|-12030.8
32|-12031.2|-12031.2
33|-12092|-12092
34|-12151.8|-12151.8
35|-12182.9|-12182.9
36|-12227.6|-12227.6
37|-12241.3|-12241.3
38|-12243.3|-12243.3
39|-12243.4|-12243.4
40|-12253.7|-12253.7
41|-12254.7|-12254.7
42|-12259.3|-12259.3
43|-12264.5|-12264.5
44|-12266.7|-12266.7
45|-12266.9|-12266.9
46|-12270.3|-12270.3
47|-12271.1|-12271.1
48|-12290.4|-12290.4
49|-12295.1|-12295.1
50|-12314.1|-12314.1
51|-12336.1|-12336.1
52|-12368.5|-12368.5
53|-12370.9|-12370.9
54|-12372|-12372
55|-12418.7|-12418.7
56|-12486.6|-12486.6
57|-12514.7|-12514.7
58|-12517.5|-12517.5
59|-12521.7|-12521.7
60|-12526.1|-12526.1
61|-12526.6|-12526.6
62|-12527.8|-12527.8
63|-12530.6|-12530.6
64|-12530.6|-12530.6
65|-12531.2|-12531.2
66|-12531.4|-12531.4
67|-12531.6|-12531.6
68|-12532|-12532
69|-12532.2|-12532.2
70|-12532.2|-12532.2
71|-12532.2|-12532.2
72|-12532.3|-12532.3
73|-12532.5|-12532.5
74|-12532.7|-12532.7
75|-12532.7|-12532.7
76|-12532.7|-12532.7
77|-12533.2|-12533.2
78|-12533.4|-12533.4
79|-12533.4|-12533.4
80|-12533.5|-12533.5
81|-12533.5|-12533.5
82|-12533.5|-12533.5
83|-12533.6|-12533.6
84|-12533.6|-12533.6
85|-12533.6|-12533.6
86|-12533.7|-12533.7
87|-12533.7|-12533.7
88|-12533.7|-12533.7
89|-12533.7|-12533.7
90|-12533.7|-12533.7
91|-12533.7|-12533.7
92|-12533.8|-12533.8
93|-12564.5|-12564.5
46144908ms
