0|-10384|-10384
1|-10771|-10771
2|-10892.2|-10892.2
3|-11196.8|-11196.8
4|-11244.2|-11244.2
5|-11273.6|-11273.6
6|-11294.6|-11294.6
7|-11513.2|-11513.2
8|-11580.1|-11580.1
9|-11582.7|-11582.7
10|-11587.1|-11587.1
11|-11589.9|-11589.9
12|-11637.6|-11637.6
13|-11667|-11667
14|-11670|-11670
15|-11725.8|-11725.8
16|-11749.1|-11749.1
17|-11771.6|-11771.6
18|-11784.8|-11784.8
19|-11792.9|-11792.9
20|-11795.7|-11795.7
21|-11809.7|-11809.7
22|-11810.4|-11810.4
23|-11817.3|-11817.3
24|-11819.7|-11819.7
25|-11821.2|-11821.2
26|-11821.2|-11821.2
27|-11821.2|-11821.2
28|-11823|-11823
29|-11823|-11823
30|-11823|-11823
31|-11823.8|-11823.8
32|-11826.3|-11826.3
33|-11826.5|-11826.5
34|-11894.9|-11894.9
35|-11895.1|-11895.1
36|-11923.2|-11923.2
37|-11925|-11925
38|-11925|-11925
39|-11931.1|-11931.1
40|-11932.3|-11932.3
41|-11972.1|-11972.1
42|-11977.3|-11977.3
43|-11979.4|-11979.4
44|-11979.4|-11979.4
45|-11980.3|-11980.3
46|-12030.4|-12030.4
47|-12037.3|-12037.3
48|-12123.4|-12123.4
49|-12124.5|-12124.5
50|-12135.1|-12135.1
51|-12142.5|-12142.5
52|-12152.3|-12152.3
53|-12197|-12197
54|-12228.5|-12228.5
55|-12233.1|-12233.1
56|-12242.6|-12242.6
57|-12246.4|-12246.4
58|-12249.8|-12249.8
59|-12252.4|-12252.4
60|-12253.5|-12253.5
61|-12254.4|-12254.4
62|-12255.1|-12255.1
63|-12256.3|-12256.3
64|-12298.8|-12298.8
65|-12328|-12328
66|-12334.9|-12334.9
67|-12336.2|-12336.2
68|-12337.9|-12337.9
69|-12340|-12340
70|-12342|-12342
71|-12370.8|-12370.8
72|-12374.6|-12374.6
73|-12443.4|-12443.4
74|-12455.5|-12455.5
75|-12458.4|-12458.4
76|-12462|-12462
77|-12462.5|-12462.5
78|-12463|-12463
79|-12463.1|-12463.1
80|-12463.4|-12463.4
81|-12463.4|-12463.4
82|-12463.9|-12463.9
83|-12464.1|-12464.1
84|-12464.5|-12464.5
85|-12464.6|-12464.6
86|-12464.7|-12464.7
87|-12464.8|-12464.8
88|-12464.8|-12464.8
89|-12464.8|-12464.8
90|-12475.9|-12475.9
91|-12493.3|-12493.3
92|-12496.5|-12496.5
93|-12498.6|-12498.6
94|-12498.8|-12498.8
95|-12499|-12499
96|-12499|-12499
97|-12499.1|-12499.1
98|-12499.2|-12499.2
99|-12499.3|-12499.3
100|-12499.4|-12499.4
101|-12499.4|-12499.4
102|-12499.4|-12499.4
103|-12499.5|-12499.5
104|-12499.5|-12499.5
105|-12499.5|-12499.5
106|-12499.5|-12499.5
107|-12499.5|-12499.5
108|-12499.6|-12499.6
109|-12499.6|-12499.6
110|-12499.6|-12499.6
111|-12499.6|-12499.6
112|-12499.6|-12499.6
113|-12499.6|-12499.6
114|-12499.6|-12499.6
115|-12499.6|-12499.6
116|-12499.6|-12499.6
117|-12499.6|-12499.6
118|-12499.6|-12499.6
119|-12499.6|-12499.6
120|-12499.6|-12499.6
121|-12499.6|-12499.6
122|-12499.6|-12499.6
123|-12499.6|-12499.6
124|-12499.6|-12499.6
125|-12499.6|-12499.6
126|-12499.6|-12499.6
127|-12499.6|-12499.6
128|-12499.6|-12499.6
129|-12499.6|-12499.6
130|-12499.6|-12499.6
131|-12499.6|-12499.6
132|-12499.6|-12499.6
133|-12499.6|-12499.6
134|-12499.6|-12499.6
135|-12499.7|-12499.7
136|-12499.7|-12499.7
137|-12499.7|-12499.7
138|-12499.7|-12499.7
139|-12499.7|-12499.7
140|-12499.7|-12499.7
141|-12499.7|-12499.7
142|-12499.7|-12499.7
143|-12499.7|-12499.7
144|-12499.7|-12499.7
145|-12499.7|-12499.7
146|-12499.7|-12499.7
147|-12499.7|-12499.7
148|-12558|-12558
55979897ms
