0|-10120.5|-10120.5
1|-10295.5|-10295.5
2|-10441.6|-10441.6
3|-10594.8|-10594.8
4|-10680|-10680
5|-10771.5|-10771.5
6|-10797.1|-10797.1
7|-10873.3|-10873.3
8|-10973.4|-10973.4
9|-10998.6|-10998.6
10|-11034.2|-11034.2
11|-11076.4|-11076.4
12|-11082.3|-11082.3
13|-11156.2|-11156.2
14|-11158.5|-11158.5
15|-11351.8|-11351.8
16|-11450.2|-11450.2
17|-11638.5|-11638.5
18|-11694.7|-11694.7
19|-12016.8|-12016.8
20|-12089.5|-12089.5
21|-12107|-12107
22|-12145.4|-12145.4
23|-12177.7|-12177.7
24|-12190.4|-12190.4
25|-12222|-12222
26|-12255.9|-12255.9
27|-12262.7|-12262.7
28|-12274|-12274
29|-12298.7|-12298.7
30|-12310.2|-12310.2
31|-12322.1|-12322.1
32|-12476.2|-12476.2
33|-12490|-12490
34|-12491.2|-12491.2
35|-12494.5|-12494.5
36|-12503.6|-12503.6
37|-12510.8|-12510.8
38|-12519.3|-12519.3
39|-12519.7|-12519.7
40|-12519.7|-12519.7
41|-12521.5|-12521.5
42|-12544.3|-12544.3
24105200ms
