0|-9433.4|-9433.4
1|-10130.5|-10130.5
2|-10179.2|-10179.2
3|-10802.3|-10802.3
4|-11000.4|-11000.4
5|-11111.8|-11111.8
6|-11164.4|-11164.4
7|-11179.2|-11179.2
8|-11187.6|-11187.6
9|-11193.9|-11193.9
10|-11245.2|-11245.2
11|-11274.3|-11274.3
12|-11287.9|-11287.9
13|-11302.2|-11302.2
14|-11331.5|-11331.5
15|-11336.8|-11336.8
16|-11367.8|-11367.8
17|-11583.4|-11583.4
18|-11630.7|-11630.7
19|-11724.9|-11724.9
20|-11727.4|-11727.4
21|-11729.7|-11729.7
22|-11731|-11731
23|-11732.4|-11732.4
24|-11732.4|-11732.4
25|-11780.2|-11780.2
26|-11849.3|-11849.3
27|-11897.8|-11897.8
28|-11905.2|-11905.2
29|-11909.1|-11909.1
30|-11911.1|-11911.1
31|-11921.7|-11921.7
32|-11921.9|-11921.9
33|-11972.5|-11972.5
34|-11993.9|-11993.9
35|-11993.9|-11993.9
36|-11997.2|-11997.2
37|-11998.6|-11998.6
38|-12002.2|-12002.2
39|-12005.8|-12005.8
40|-12007.4|-12007.4
41|-12009|-12009
42|-12012.8|-12012.8
43|-12026.6|-12026.6
44|-12040.1|-12040.1
45|-12041.5|-12041.5
46|-12044.3|-12044.3
47|-12045|-12045
48|-12077.1|-12077.1
49|-12102|-12102
50|-12105.1|-12105.1
51|-12185.7|-12185.7
52|-12206|-12206
53|-12210.2|-12210.2
54|-12216.7|-12216.7
55|-12219.3|-12219.3
56|-12221.7|-12221.7
57|-12222.7|-12222.7
58|-12222.9|-12222.9
59|-12223.2|-12223.2
60|-12223.6|-12223.6
61|-12224.5|-12224.5
62|-12224.6|-12224.6
63|-12226.3|-12226.3
64|-12226.3|-12226.3
65|-12226.7|-12226.7
66|-12226.7|-12226.7
67|-12226.7|-12226.7
68|-12226.7|-12226.7
69|-12226.9|-12226.9
70|-12227|-12227
71|-12227|-12227
72|-12227.2|-12227.2
73|-12227.4|-12227.4
74|-12227.4|-12227.4
75|-12227.5|-12227.5
76|-12227.5|-12227.5
77|-12258.4|-12258.4
78|-12259.2|-12259.2
79|-12259.7|-12259.7
80|-12284.9|-12284.9
81|-12293.6|-12293.6
82|-12294.2|-12294.2
83|-12295.7|-12295.7
84|-12295.8|-12295.8
85|-12295.9|-12295.9
86|-12296|-12296
87|-12296|-12296
88|-12296.1|-12296.1
89|-12296.1|-12296.1
90|-12296.2|-12296.2
91|-12407.1|-12407.1
92|-12413.3|-12413.3
93|-12414.4|-12414.4
94|-12414.5|-12414.5
95|-12414.6|-12414.6
96|-12414.6|-12414.6
97|-12414.6|-12414.6
98|-12414.8|-12414.8
99|-12414.9|-12414.9
100|-12414.9|-12414.9
101|-12468.1|-12468.1
102|-12496.8|-12496.8
103|-12499|-12499
104|-12499.1|-12499.1
105|-12499.1|-12499.1
106|-12499.2|-12499.2
107|-12499.2|-12499.2
108|-12499.3|-12499.3
109|-12499.3|-12499.3
110|-12499.4|-12499.4
111|-12533.1|-12533.1
112|-12558.5|-12558.5
49366454ms
