0|-10440.5|-10440.5
1|-10668.2|-10668.2
2|-10740.6|-10740.6
3|-10749.3|-10749.3
4|-10796|-10796
5|-10853.9|-10853.9
6|-10876.8|-10876.8
7|-10898.8|-10898.8
8|-10928|-10928
9|-10960.2|-10960.2
10|-10991.2|-10991.2
11|-10991.2|-10991.2
12|-10999.3|-10999.3
13|-11079.9|-11079.9
14|-11137.5|-11137.5
15|-11155.8|-11155.8
16|-11174.3|-11174.3
17|-11357.4|-11357.4
18|-11360.1|-11360.1
19|-11389.4|-11389.4
20|-11407.8|-11407.8
21|-11414.9|-11414.9
22|-11423.1|-11423.1
23|-11423.9|-11423.9
24|-11423.9|-11423.9
25|-11427.1|-11427.1
26|-11448.2|-11448.2
27|-11448.3|-11448.3
28|-11448.3|-11448.3
29|-11507.1|-11507.1
30|-11534|-11534
31|-11576.3|-11576.3
32|-11643.8|-11643.8
33|-11720.2|-11720.2
34|-11790.7|-11790.7
35|-11791.6|-11791.6
36|-11816.2|-11816.2
37|-11829.7|-11829.7
38|-11835.9|-11835.9
39|-11846.3|-11846.3
40|-11897.6|-11897.6
41|-11904.7|-11904.7
42|-11984.1|-11984.1
43|-12085.3|-12085.3
44|-12220.3|-12220.3
45|-12245.6|-12245.6
46|-12289.7|-12289.7
47|-12313.3|-12313.3
48|-12325.9|-12325.9
49|-12334.2|-12334.2
50|-12340.4|-12340.4
51|-12340.4|-12340.4
52|-12346.7|-12346.7
53|-12351.5|-12351.5
54|-12357.8|-12357.8
55|-12378.4|-12378.4
56|-12385.4|-12385.4
57|-12389.3|-12389.3
58|-12408.5|-12408.5
59|-12442.2|-12442.2
60|-12453.1|-12453.1
61|-12455.3|-12455.3
62|-12459.2|-12459.2
63|-12461.1|-12461.1
64|-12461.1|-12461.1
65|-12461.7|-12461.7
66|-12461.7|-12461.7
67|-12462.4|-12462.4
68|-12462.6|-12462.6
69|-12463.3|-12463.3
70|-12463.6|-12463.6
71|-12463.7|-12463.7
72|-12463.9|-12463.9
73|-12463.9|-12463.9
74|-12464|-12464
75|-12464|-12464
76|-12464.2|-12464.2
77|-12494.7|-12494.7
78|-12498.7|-12498.7
79|-12499|-12499
80|-12499.2|-12499.2
81|-12499.2|-12499.2
82|-12499.3|-12499.3
83|-12499.4|-12499.4
84|-12499.5|-12499.5
85|-12499.5|-12499.5
86|-12499.5|-12499.5
87|-12499.5|-12499.5
88|-12499.6|-12499.6
89|-12499.6|-12499.6
90|-12499.6|-12499.6
91|-12499.7|-12499.7
92|-12528.9|-12528.9
93|-12533.3|-12533.3
94|-12533.4|-12533.4
95|-12533.5|-12533.5
96|-12533.5|-12533.5
97|-12533.7|-12533.7
98|-12533.8|-12533.8
99|-12533.8|-12533.8
100|-12533.9|-12533.9
101|-12533.9|-12533.9
102|-12533.9|-12533.9
103|-12534|-12534
104|-12534.1|-12534.1
105|-12534.1|-12534.1
106|-12534.1|-12534.1
107|-12534.1|-12534.1
108|-12534.1|-12534.1
109|-12534.1|-12534.1
110|-12534.1|-12534.1
111|-12534.1|-12534.1
112|-12534.1|-12534.1
113|-12534.1|-12534.1
114|-12534.1|-12534.1
115|-12534.1|-12534.1
116|-12534.1|-12534.1
117|-12534.1|-12534.1
118|-12534.2|-12534.2
119|-12534.2|-12534.2
120|-12534.2|-12534.2
121|-12534.2|-12534.2
122|-12534.2|-12534.2
123|-12534.2|-12534.2
124|-12534.2|-12534.2
125|-12534.2|-12534.2
126|-12534.2|-12534.2
127|-12534.2|-12534.2
128|-12534.2|-12534.2
129|-12534.2|-12534.2
130|-12534.2|-12534.2
131|-12534.2|-12534.2
132|-12534.2|-12534.2
133|-12534.2|-12534.2
134|-12534.2|-12534.2
135|-12534.2|-12534.2
136|-12534.2|-12534.2
137|-12534.2|-12534.2
138|-12534.2|-12534.2
139|-12534.2|-12534.2
140|-12534.2|-12534.2
141|-12566.1|-12566.1
56000604ms
