1|155.809|155.809
2|155.809|155.809
3|155.809|155.809
4|155.809|155.809
5|155.809|155.809
6|155.809|155.809
7|155.809|155.809
8|155.809|155.809
9|155.809|155.809
10|155.809|155.809
11|155.809|155.809
12|155.809|155.809
13|155.809|155.809
14|155.809|155.809
15|155.809|155.809
16|155.809|155.809
17|155.809|155.809
18|155.809|155.809
19|155.809|155.809
20|155.809|155.809
21|155.809|155.809
22|155.809|155.809
23|155.809|155.809
24|155.809|155.809
25|155.809|155.809
26|155.809|155.809
27|155.809|155.809
28|155.809|155.809
29|155.809|155.809
30|155.809|155.809
31|155.809|155.809
32|155.809|155.809
33|155.809|155.809
34|155.809|155.809
35|155.809|155.809
36|155.809|155.809
37|155.809|155.809
38|155.809|155.809
39|155.809|155.809
40|155.809|155.809
41|155.809|155.809
42|155.809|155.809
43|155.809|155.809
44|155.809|155.809
45|155.809|155.809
46|155.809|155.809
47|155.809|155.809
48|155.809|155.809
49|155.809|155.809
50|155.809|155.809
51|155.809|155.809
52|155.809|155.809
53|155.809|155.809
54|155.809|155.809
55|155.809|155.809
56|155.809|155.809
57|155.809|155.809
58|155.809|155.809
59|155.809|155.809
60|155.809|155.809
61|155.809|155.809
62|155.809|155.809
63|155.809|155.809
64|155.809|155.809
65|155.809|155.809
66|155.809|155.809
67|155.809|155.809
68|155.809|155.809
69|155.809|155.809
70|155.809|155.809
71|155.809|155.809
72|155.809|155.809
73|155.809|155.809
74|155.809|155.809
75|155.809|155.809
76|155.809|155.809
77|155.809|155.809
78|155.809|155.809
79|155.809|155.809
80|155.809|155.809
81|155.809|155.809
82|155.809|155.809
83|155.809|155.809
84|155.809|155.809
85|155.809|155.809
86|155.809|155.809
87|155.809|155.809
88|155.809|155.809
89|155.809|155.809
90|155.809|155.809
91|155.809|155.809
92|155.809|155.809
93|155.809|155.809
94|155.809|155.809
95|155.809|155.809
96|155.809|155.809
97|155.809|155.809
98|155.809|155.809
99|155.809|155.809
100|155.809|155.809
101|155.809|155.809
102|155.809|155.809
103|155.809|155.809
104|155.809|155.809
105|155.809|155.809
106|155.809|155.809
107|155.809|155.809
108|155.809|155.809
109|155.809|155.809
110|155.809|155.809
111|155.809|155.809
112|155.809|155.809
113|155.809|155.809
114|155.809|155.809
115|155.809|155.809
116|155.809|155.809
117|155.809|155.809
118|155.809|155.809
119|155.809|155.809
120|155.809|155.809
121|155.809|155.809
122|155.809|155.809
123|155.809|155.809
124|155.809|155.809
125|155.809|155.809
126|155.809|155.809
127|155.809|155.809
128|155.809|155.809
129|155.809|155.809
130|155.809|155.809
131|155.809|155.809
132|155.809|155.809
133|155.809|155.809
134|155.809|155.809
135|155.809|155.809
136|155.809|155.809
137|155.809|155.809
138|155.809|155.809
139|155.809|155.809
140|155.809|155.809
141|155.809|155.809
142|155.809|155.809
143|155.809|155.809
144|155.809|155.809
145|155.809|155.809
146|155.809|155.809
147|155.809|155.809
148|155.809|155.809
149|155.809|155.809
150|155.809|155.809
151|155.809|155.809
EARLY STOP: TARGET FOUND
210881ms
