1|-0.675746|-0.675746
2|-0.675746|-0.675746
3|-0.675746|-0.675746
4|-0.675746|-0.675746
5|-0.675746|-0.675746
6|-0.675746|-0.675746
7|-0.675746|-0.675746
8|-0.675746|-0.675746
9|-0.675746|-0.675746
10|-0.675746|-0.675746
11|-0.675746|-0.675746
12|-0.675746|-0.675746
13|-0.675746|-0.675746
14|-0.675746|-0.675746
15|-0.675746|-0.675746
16|-0.675746|-0.675746
17|-0.675746|-0.675746
18|-0.675746|-0.675746
19|-0.675746|-0.675746
20|-0.675746|-0.675746
21|-0.675746|-0.675746
22|-0.675746|-0.675746
23|-0.675746|-0.675746
24|-0.675746|-0.675746
25|-0.675746|-0.675746
26|-0.675746|-0.675746
27|-0.675746|-0.675746
28|-0.675746|-0.675746
29|-0.675746|-0.675746
30|-0.675746|-0.675746
31|-0.675746|-0.675746
32|-0.675746|-0.675746
33|-0.675746|-0.675746
34|-0.675746|-0.675746
35|-0.675746|-0.675746
36|-0.675746|-0.675746
37|-0.675746|-0.675746
38|-0.675746|-0.675746
39|-0.675746|-0.675746
40|-0.675746|-0.675746
41|-0.675746|-0.675746
42|-0.675746|-0.675746
43|-0.675746|-0.675746
44|-0.675746|-0.675746
45|-0.675746|-0.675746
46|-0.675746|-0.675746
47|-0.675746|-0.675746
48|-0.675746|-0.675746
49|-0.675746|-0.675746
50|-0.675746|-0.675746
51|-0.675746|-0.675746
52|-0.675746|-0.675746
53|-0.675746|-0.675746
54|-0.675746|-0.675746
55|-0.675746|-0.675746
56|-0.675746|-0.675746
57|-0.675746|-0.675746
58|-0.675746|-0.675746
59|-0.675746|-0.675746
60|-0.675746|-0.675746
61|-0.675746|-0.675746
62|-0.675746|-0.675746
63|-0.675746|-0.675746
64|-0.675746|-0.675746
65|-0.675746|-0.675746
66|-0.675746|-0.675746
67|-0.675746|-0.675746
68|-0.675746|-0.675746
69|-0.675746|-0.675746
70|-0.675746|-0.675746
71|-0.675746|-0.675746
72|-0.675746|-0.675746
73|-0.675746|-0.675746
74|-0.675746|-0.675746
75|-0.675746|-0.675746
76|-0.675746|-0.675746
77|-0.675746|-0.675746
78|-0.675746|-0.675746
79|-0.675746|-0.675746
80|-0.675746|-0.675746
81|-0.675746|-0.675746
82|-0.675746|-0.675746
83|-0.675746|-0.675746
84|-0.675746|-0.675746
85|-0.675746|-0.675746
86|-0.675746|-0.675746
87|-0.675746|-0.675746
88|-0.675746|-0.675746
89|-0.675746|-0.675746
90|-0.675746|-0.675746
91|-0.675746|-0.675746
92|-0.675746|-0.675746
93|-0.675746|-0.675746
94|-0.675746|-0.675746
95|-0.675746|-0.675746
96|-0.675746|-0.675746
97|-0.675746|-0.675746
98|-0.675746|-0.675746
99|-0.675746|-0.675746
100|-0.675746|-0.675746
101|-0.675746|-0.675746
102|-0.675746|-0.675746
103|-0.675746|-0.675746
104|-0.675746|-0.675746
105|-0.675746|-0.675746
106|-0.675746|-0.675746
107|-0.675746|-0.675746
108|-0.675746|-0.675746
109|-0.675746|-0.675746
110|-0.675746|-0.675746
111|-0.675746|-0.675746
112|-0.675746|-0.675746
113|-0.675746|-0.675746
114|-0.675746|-0.675746
115|-0.675746|-0.675746
116|-0.675746|-0.675746
117|-0.675746|-0.675746
118|-0.675746|-0.675746
119|-0.675746|-0.675746
120|-0.675746|-0.675746
121|-0.675746|-0.675746
122|-0.675746|-0.675746
123|-0.675746|-0.675746
124|-0.675746|-0.675746
125|-0.675746|-0.675746
126|-0.675746|-0.675746
127|-0.675746|-0.675746
128|-0.675746|-0.675746
129|-0.675746|-0.675746
130|-0.675746|-0.675746
131|-0.675746|-0.675746
132|-0.675746|-0.675746
133|-0.675746|-0.675746
134|-0.675746|-0.675746
135|-0.675746|-0.675746
136|-0.675746|-0.675746
137|-0.675746|-0.675746
138|-0.675746|-0.675746
139|-0.675746|-0.675746
140|-0.675746|-0.675746
141|-0.675746|-0.675746
142|-0.675746|-0.675746
143|-0.675746|-0.675746
144|-0.675746|-0.675746
145|-0.675746|-0.675746
146|-0.675746|-0.675746
147|-0.675746|-0.675746
148|-0.675746|-0.675746
149|-0.675746|-0.675746
150|-0.675746|-0.675746
151|-0.675746|-0.675746
EARLY STOP: TARGET FOUND
58269ms
