1|-1.50925|-1.50925
2|-1.50925|-1.50925
3|-1.50925|-1.50925
4|-1.50925|-1.50925
5|-1.50925|-1.50925
6|-1.50925|-1.50925
7|-1.50925|-1.50925
8|-1.50925|-1.50925
9|-1.50925|-1.50925
10|-1.50925|-1.50925
11|-1.50925|-1.50925
12|-1.50925|-1.50925
13|-1.50925|-1.50925
14|-1.50925|-1.50925
15|-1.50925|-1.50925
16|-1.50925|-1.50925
17|-1.50925|-1.50925
18|-1.50925|-1.50925
19|-1.50925|-1.50925
20|-1.50925|-1.50925
21|-1.50925|-1.50925
22|-1.50925|-1.50925
23|-1.50925|-1.50925
24|-1.50925|-1.50925
25|-1.50925|-1.50925
26|-1.50925|-1.50925
27|-1.50925|-1.50925
28|-1.50925|-1.50925
29|-1.50925|-1.50925
30|-1.50925|-1.50925
31|-1.50925|-1.50925
32|-1.50925|-1.50925
33|-1.50925|-1.50925
34|-1.50925|-1.50925
35|-1.50925|-1.50925
36|-1.50925|-1.50925
37|-1.50925|-1.50925
38|-1.50925|-1.50925
39|-1.50925|-1.50925
40|-1.50925|-1.50925
41|-1.50925|-1.50925
42|-1.50925|-1.50925
43|-1.50925|-1.50925
44|-1.50925|-1.50925
45|-1.50925|-1.50925
46|-1.50925|-1.50925
47|-1.50925|-1.50925
48|-1.50925|-1.50925
49|-1.50925|-1.50925
50|-1.50925|-1.50925
51|-1.50925|-1.50925
52|-1.50925|-1.50925
53|-1.50925|-1.50925
54|-1.50925|-1.50925
55|-1.50925|-1.50925
56|-1.50925|-1.50925
57|-1.50925|-1.50925
58|-1.50925|-1.50925
59|-1.50925|-1.50925
60|-1.50925|-1.50925
61|-1.50925|-1.50925
62|-1.50925|-1.50925
63|-1.50925|-1.50925
64|-1.50925|-1.50925
65|-1.50925|-1.50925
66|-1.50925|-1.50925
67|-1.50925|-1.50925
68|-1.50925|-1.50925
69|-1.50925|-1.50925
70|-1.50925|-1.50925
71|-1.50925|-1.50925
72|-1.50925|-1.50925
73|-1.50925|-1.50925
74|-1.50925|-1.50925
75|-1.50925|-1.50925
76|-1.50925|-1.50925
77|-1.50925|-1.50925
78|-1.50925|-1.50925
79|-1.50925|-1.50925
80|-1.50925|-1.50925
81|-1.50925|-1.50925
82|-1.50925|-1.50925
83|-1.50925|-1.50925
84|-1.50925|-1.50925
85|-1.50925|-1.50925
86|-1.50925|-1.50925
87|-1.50925|-1.50925
88|-1.50925|-1.50925
89|-1.50925|-1.50925
90|-1.50925|-1.50925
91|-1.50925|-1.50925
92|-1.50925|-1.50925
93|-1.50925|-1.50925
94|-1.50925|-1.50925
95|-1.50925|-1.50925
96|-1.50925|-1.50925
97|-1.50925|-1.50925
98|-1.50925|-1.50925
99|-1.50925|-1.50925
100|-1.50925|-1.50925
101|-1.50925|-1.50925
102|-1.50925|-1.50925
103|-1.50925|-1.50925
104|-1.50925|-1.50925
105|-1.50925|-1.50925
106|-1.50925|-1.50925
107|-1.50925|-1.50925
108|-1.50925|-1.50925
109|-1.50925|-1.50925
110|-1.50925|-1.50925
111|-1.50925|-1.50925
112|-1.50925|-1.50925
113|-1.50925|-1.50925
114|-1.50925|-1.50925
115|-1.50925|-1.50925
116|-1.50925|-1.50925
117|-1.50925|-1.50925
118|-1.50925|-1.50925
119|-1.50925|-1.50925
120|-1.50925|-1.50925
121|-1.50925|-1.50925
122|-1.50925|-1.50925
123|-1.50925|-1.50925
124|-1.50925|-1.50925
125|-1.50925|-1.50925
126|-1.50925|-1.50925
127|-1.50925|-1.50925
128|-1.50925|-1.50925
129|-1.50925|-1.50925
130|-1.50925|-1.50925
131|-1.50925|-1.50925
132|-1.50925|-1.50925
133|-1.50925|-1.50925
134|-1.50925|-1.50925
135|-1.50925|-1.50925
136|-1.50925|-1.50925
137|-1.50925|-1.50925
138|-1.50925|-1.50925
139|-1.50925|-1.50925
140|-1.50925|-1.50925
141|-1.50925|-1.50925
142|-1.50925|-1.50925
143|-1.50925|-1.50925
144|-1.50925|-1.50925
145|-1.50925|-1.50925
146|-1.50925|-1.50925
147|-1.50925|-1.50925
148|-1.50925|-1.50925
149|-1.50925|-1.50925
150|-1.50925|-1.50925
151|-1.50925|-1.50925
EARLY STOP: TARGET FOUND
215404ms
