1|230.945|230.945
2|230.945|230.945
3|230.945|230.945
4|230.945|230.945
5|230.945|230.945
6|230.945|230.945
7|230.945|230.945
8|230.945|230.945
9|230.945|230.945
10|230.945|230.945
11|230.945|230.945
12|230.945|230.945
13|230.945|230.945
14|230.945|230.945
15|230.945|230.945
16|230.945|230.945
17|230.945|230.945
18|230.945|230.945
19|230.945|230.945
20|230.945|230.945
21|230.945|230.945
22|230.945|230.945
23|230.945|230.945
24|230.945|230.945
25|230.945|230.945
26|230.945|230.945
27|230.945|230.945
28|230.945|230.945
29|230.945|230.945
30|230.945|230.945
31|230.945|230.945
32|230.945|230.945
33|230.945|230.945
34|230.945|230.945
35|230.945|230.945
36|230.945|230.945
37|230.945|230.945
38|230.945|230.945
39|230.945|230.945
40|230.945|230.945
41|230.945|230.945
42|230.945|230.945
43|230.945|230.945
44|230.945|230.945
45|230.945|230.945
46|230.945|230.945
47|230.945|230.945
48|230.945|230.945
49|230.945|230.945
50|230.945|230.945
51|230.945|230.945
52|230.945|230.945
53|230.945|230.945
54|230.945|230.945
55|230.945|230.945
56|230.945|230.945
57|230.945|230.945
58|230.945|230.945
59|230.945|230.945
60|230.945|230.945
61|230.945|230.945
62|230.945|230.945
63|230.945|230.945
64|230.945|230.945
65|230.945|230.945
66|230.945|230.945
67|230.945|230.945
68|230.945|230.945
69|230.945|230.945
70|230.945|230.945
71|230.945|230.945
72|230.945|230.945
73|230.945|230.945
74|230.945|230.945
75|230.945|230.945
76|230.945|230.945
77|230.945|230.945
78|230.945|230.945
79|230.945|230.945
80|230.945|230.945
81|230.945|230.945
82|230.945|230.945
83|230.945|230.945
84|230.945|230.945
85|230.945|230.945
86|230.945|230.945
87|230.945|230.945
88|230.945|230.945
89|230.945|230.945
90|230.945|230.945
91|230.945|230.945
92|230.945|230.945
93|230.945|230.945
94|230.945|230.945
95|230.945|230.945
96|230.945|230.945
97|230.945|230.945
98|230.945|230.945
99|230.945|230.945
100|230.945|230.945
101|230.945|230.945
102|230.945|230.945
103|230.945|230.945
104|230.945|230.945
105|230.945|230.945
106|230.945|230.945
107|230.945|230.945
108|230.945|230.945
109|230.945|230.945
110|230.945|230.945
111|230.945|230.945
112|230.945|230.945
113|230.945|230.945
114|230.945|230.945
115|230.945|230.945
116|230.945|230.945
117|230.945|230.945
118|230.945|230.945
119|230.945|230.945
120|230.945|230.945
121|230.945|230.945
122|230.945|230.945
123|230.945|230.945
124|230.945|230.945
125|230.945|230.945
126|230.945|230.945
127|230.945|230.945
128|230.945|230.945
129|230.945|230.945
130|230.945|230.945
131|230.945|230.945
132|230.945|230.945
133|230.945|230.945
134|230.945|230.945
135|230.945|230.945
136|230.945|230.945
137|230.945|230.945
138|230.945|230.945
139|230.945|230.945
140|230.945|230.945
141|230.945|230.945
142|230.945|230.945
143|230.945|230.945
144|230.945|230.945
145|230.945|230.945
146|230.945|230.945
147|230.945|230.945
148|230.945|230.945
149|230.945|230.945
150|230.945|230.945
151|230.945|230.945
EARLY STOP: TARGET FOUND
1766350ms
