1|-0.697541|-0.697541
2|-0.697541|-0.697541
3|-0.697541|-0.697541
4|-0.697541|-0.697541
5|-0.697541|-0.697541
6|-0.697541|-0.697541
7|-0.697541|-0.697541
8|-0.697541|-0.697541
9|-0.697541|-0.697541
10|-0.697541|-0.697541
11|-0.697541|-0.697541
12|-0.697541|-0.697541
13|-0.697541|-0.697541
14|-0.697541|-0.697541
15|-0.697541|-0.697541
16|-0.697541|-0.697541
17|-0.697541|-0.697541
18|-0.697541|-0.697541
19|-0.697541|-0.697541
20|-0.697541|-0.697541
21|-0.697541|-0.697541
22|-0.697541|-0.697541
23|-0.697541|-0.697541
24|-0.697541|-0.697541
25|-0.697541|-0.697541
26|-0.697541|-0.697541
27|-0.697541|-0.697541
28|-0.697541|-0.697541
29|-0.697541|-0.697541
30|-0.697541|-0.697541
31|-0.697541|-0.697541
32|-0.697541|-0.697541
33|-0.697541|-0.697541
34|-0.697541|-0.697541
35|-0.697541|-0.697541
36|-0.697541|-0.697541
37|-0.697541|-0.697541
38|-0.697541|-0.697541
39|-0.697541|-0.697541
40|-0.697541|-0.697541
41|-0.697541|-0.697541
42|-0.697541|-0.697541
43|-0.697541|-0.697541
44|-0.697541|-0.697541
45|-0.697541|-0.697541
46|-0.697541|-0.697541
47|-0.697541|-0.697541
48|-0.697541|-0.697541
49|-0.697541|-0.697541
50|-0.697541|-0.697541
51|-0.697541|-0.697541
52|-0.697541|-0.697541
53|-0.697541|-0.697541
54|-0.697541|-0.697541
55|-0.697541|-0.697541
56|-0.697541|-0.697541
57|-0.697541|-0.697541
58|-0.697541|-0.697541
59|-0.697541|-0.697541
60|-0.697541|-0.697541
61|-0.697541|-0.697541
62|-0.697541|-0.697541
63|-0.697541|-0.697541
64|-0.697541|-0.697541
65|-0.697541|-0.697541
66|-0.697541|-0.697541
67|-0.697541|-0.697541
68|-0.697541|-0.697541
69|-0.697541|-0.697541
70|-0.697541|-0.697541
71|-0.697541|-0.697541
72|-0.697541|-0.697541
73|-0.697541|-0.697541
74|-0.697541|-0.697541
75|-0.697541|-0.697541
76|-0.697541|-0.697541
77|-0.697541|-0.697541
78|-0.697541|-0.697541
79|-0.697541|-0.697541
80|-0.697541|-0.697541
81|-0.697541|-0.697541
82|-0.697541|-0.697541
83|-0.697541|-0.697541
84|-0.697541|-0.697541
85|-0.697541|-0.697541
86|-0.697541|-0.697541
87|-0.697541|-0.697541
88|-0.697541|-0.697541
89|-0.697541|-0.697541
90|-0.697541|-0.697541
91|-0.697541|-0.697541
92|-0.697541|-0.697541
93|-0.697541|-0.697541
94|-0.697541|-0.697541
95|-0.697541|-0.697541
96|-0.697541|-0.697541
97|-0.697541|-0.697541
98|-0.697541|-0.697541
99|-0.697541|-0.697541
100|-0.697541|-0.697541
101|-0.697541|-0.697541
102|-0.697541|-0.697541
103|-0.697541|-0.697541
104|-0.697541|-0.697541
105|-0.697541|-0.697541
106|-0.697541|-0.697541
107|-0.697541|-0.697541
108|-0.697541|-0.697541
109|-0.697541|-0.697541
110|-0.697541|-0.697541
111|-0.697541|-0.697541
112|-0.697541|-0.697541
113|-0.697541|-0.697541
114|-0.697541|-0.697541
115|-0.697541|-0.697541
116|-0.697541|-0.697541
117|-0.697541|-0.697541
118|-0.697541|-0.697541
119|-0.697541|-0.697541
120|-0.697541|-0.697541
121|-0.697541|-0.697541
122|-0.697541|-0.697541
123|-0.697541|-0.697541
124|-0.697541|-0.697541
125|-0.697541|-0.697541
126|-0.697541|-0.697541
127|-0.697541|-0.697541
128|-0.697541|-0.697541
129|-0.697541|-0.697541
130|-0.697541|-0.697541
131|-0.697541|-0.697541
132|-0.697541|-0.697541
133|-0.697541|-0.697541
134|-0.697541|-0.697541
135|-0.697541|-0.697541
136|-0.697541|-0.697541
137|-0.697541|-0.697541
138|-0.697541|-0.697541
139|-0.697541|-0.697541
140|-0.697541|-0.697541
141|-0.697541|-0.697541
142|-0.697541|-0.697541
143|-0.697541|-0.697541
144|-0.697541|-0.697541
145|-0.697541|-0.697541
146|-0.697541|-0.697541
147|-0.697541|-0.697541
148|-0.697541|-0.697541
149|-0.697541|-0.697541
150|-0.697541|-0.697541
151|-0.697541|-0.697541
EARLY STOP: TARGET FOUND
58072ms
