1|-0.0679761|-0.0679761
2|-0.0679761|-0.0679761
3|-0.0679761|-0.0679761
4|-0.0679761|-0.0679761
5|-0.0679761|-0.0679761
6|-0.0679761|-0.0679761
7|-0.0679761|-0.0679761
8|-0.0679761|-0.0679761
9|-0.0679761|-0.0679761
10|-0.0679761|-0.0679761
11|-0.0679761|-0.0679761
12|-0.0679761|-0.0679761
13|-0.0679761|-0.0679761
14|-0.0679761|-0.0679761
15|-0.0679761|-0.0679761
16|-0.0679761|-0.0679761
17|-0.0679761|-0.0679761
18|-0.0679761|-0.0679761
19|-0.0679761|-0.0679761
20|-0.0679761|-0.0679761
21|-0.0679761|-0.0679761
22|-0.0679761|-0.0679761
23|-0.0679761|-0.0679761
24|-0.0679761|-0.0679761
25|-0.0679761|-0.0679761
26|-0.0679761|-0.0679761
27|-0.0679761|-0.0679761
28|-0.0679761|-0.0679761
29|-0.0679761|-0.0679761
30|-0.0679761|-0.0679761
31|-0.0679761|-0.0679761
32|-0.0679761|-0.0679761
33|-0.0679761|-0.0679761
34|-0.0679761|-0.0679761
35|-0.0679761|-0.0679761
36|-0.0679761|-0.0679761
37|-0.0679761|-0.0679761
38|-0.0679761|-0.0679761
39|-0.0679761|-0.0679761
40|-0.0679761|-0.0679761
41|-0.0679761|-0.0679761
42|-0.0679761|-0.0679761
43|-0.0679761|-0.0679761
44|-0.0679761|-0.0679761
45|-0.0679761|-0.0679761
46|-0.0679761|-0.0679761
47|-0.0679761|-0.0679761
48|-0.0679761|-0.0679761
49|-0.0679761|-0.0679761
50|-0.0679761|-0.0679761
51|-0.0679761|-0.0679761
52|-0.0679761|-0.0679761
53|-0.0679761|-0.0679761
54|-0.0679761|-0.0679761
55|-0.0679761|-0.0679761
56|-0.0679761|-0.0679761
57|-0.0679761|-0.0679761
58|-0.0679761|-0.0679761
59|-0.0679761|-0.0679761
60|-0.0679761|-0.0679761
61|-0.0679761|-0.0679761
62|-0.0679761|-0.0679761
63|-0.0679761|-0.0679761
64|-0.0679761|-0.0679761
65|-0.0679761|-0.0679761
66|-0.0679761|-0.0679761
67|-0.0679761|-0.0679761
68|-0.0679761|-0.0679761
69|-0.0679761|-0.0679761
70|-0.0679761|-0.0679761
71|-0.0679761|-0.0679761
72|-0.0679761|-0.0679761
73|-0.0679761|-0.0679761
74|-0.0679761|-0.0679761
75|-0.0679761|-0.0679761
76|-0.0679761|-0.0679761
77|-0.0679761|-0.0679761
78|-0.0679761|-0.0679761
79|-0.0679761|-0.0679761
80|-0.0679761|-0.0679761
81|-0.0679761|-0.0679761
82|-0.0679761|-0.0679761
83|-0.0679761|-0.0679761
84|-0.0679761|-0.0679761
85|-0.0679761|-0.0679761
86|-0.0679761|-0.0679761
87|-0.0679761|-0.0679761
88|-0.0679761|-0.0679761
89|-0.0679761|-0.0679761
90|-0.0679761|-0.0679761
91|-0.0679761|-0.0679761
92|-0.0679761|-0.0679761
93|-0.0679761|-0.0679761
94|-0.0679761|-0.0679761
95|-0.0679761|-0.0679761
96|-0.0679761|-0.0679761
97|-0.0679761|-0.0679761
98|-0.0679761|-0.0679761
99|-0.0679761|-0.0679761
100|-0.0679761|-0.0679761
101|-0.0679761|-0.0679761
102|-0.0679761|-0.0679761
103|-0.0679761|-0.0679761
104|-0.0679761|-0.0679761
105|-0.0679761|-0.0679761
106|-0.0679761|-0.0679761
107|-0.0679761|-0.0679761
108|-0.0679761|-0.0679761
109|-0.0679761|-0.0679761
110|-0.0679761|-0.0679761
111|-0.0679761|-0.0679761
112|-0.0679761|-0.0679761
113|-0.0679761|-0.0679761
114|-0.0679761|-0.0679761
115|-0.0679761|-0.0679761
116|-0.0679761|-0.0679761
117|-0.0679761|-0.0679761
118|-0.0679761|-0.0679761
119|-0.0679761|-0.0679761
120|-0.0679761|-0.0679761
121|-0.0679761|-0.0679761
122|-0.0679761|-0.0679761
123|-0.0679761|-0.0679761
124|-0.0679761|-0.0679761
125|-0.0679761|-0.0679761
126|-0.0679761|-0.0679761
127|-0.0679761|-0.0679761
128|-0.0679761|-0.0679761
129|-0.0679761|-0.0679761
130|-0.0679761|-0.0679761
131|-0.0679761|-0.0679761
132|-0.0679761|-0.0679761
133|-0.0679761|-0.0679761
134|-0.0679761|-0.0679761
135|-0.0679761|-0.0679761
136|-0.0679761|-0.0679761
137|-0.0679761|-0.0679761
138|-0.0679761|-0.0679761
139|-0.0679761|-0.0679761
140|-0.0679761|-0.0679761
141|-0.0679761|-0.0679761
142|-0.0679761|-0.0679761
143|-0.0679761|-0.0679761
144|-0.0679761|-0.0679761
145|-0.0679761|-0.0679761
146|-0.0679761|-0.0679761
147|-0.0679761|-0.0679761
148|-0.0679761|-0.0679761
149|-0.0679761|-0.0679761
150|-0.0679761|-0.0679761
151|-0.0679761|-0.0679761
EARLY STOP: TARGET FOUND
58291ms
