1|18.016|18.016
2|18.016|18.016
3|18.016|18.016
4|18.016|18.016
5|18.016|18.016
6|18.016|18.016
7|18.016|18.016
8|18.016|18.016
9|18.016|18.016
10|18.016|18.016
11|18.016|18.016
12|18.016|18.016
13|18.016|18.016
14|18.016|18.016
15|18.016|18.016
16|18.016|18.016
17|18.016|18.016
18|18.016|18.016
19|18.016|18.016
20|18.016|18.016
21|18.016|18.016
22|18.016|18.016
23|18.016|18.016
24|18.016|18.016
25|18.016|18.016
26|18.016|18.016
27|18.016|18.016
28|18.016|18.016
29|18.016|18.016
30|18.016|18.016
31|18.016|18.016
32|18.016|18.016
33|18.016|18.016
34|18.016|18.016
35|18.016|18.016
36|18.016|18.016
37|18.016|18.016
38|18.016|18.016
39|18.016|18.016
40|18.016|18.016
41|18.016|18.016
42|18.016|18.016
43|18.016|18.016
44|18.016|18.016
45|18.016|18.016
46|18.016|18.016
47|18.016|18.016
48|18.016|18.016
49|18.016|18.016
50|18.016|18.016
51|18.016|18.016
52|18.016|18.016
53|18.016|18.016
54|18.016|18.016
55|18.016|18.016
56|18.016|18.016
57|18.016|18.016
58|18.016|18.016
59|18.016|18.016
60|18.016|18.016
61|18.016|18.016
62|18.016|18.016
63|18.016|18.016
64|18.016|18.016
65|18.016|18.016
66|18.016|18.016
67|18.016|18.016
68|18.016|18.016
69|18.016|18.016
70|18.016|18.016
71|18.016|18.016
72|18.016|18.016
73|18.016|18.016
74|18.016|18.016
75|18.016|18.016
76|18.016|18.016
77|18.016|18.016
78|18.016|18.016
79|18.016|18.016
80|18.016|18.016
81|18.016|18.016
82|18.016|18.016
83|18.016|18.016
84|18.016|18.016
85|18.016|18.016
86|18.016|18.016
87|18.016|18.016
88|18.016|18.016
89|18.016|18.016
90|18.016|18.016
91|18.016|18.016
92|18.016|18.016
93|18.016|18.016
94|18.016|18.016
95|18.016|18.016
96|18.016|18.016
97|18.016|18.016
98|18.016|18.016
99|18.016|18.016
100|18.016|18.016
101|18.016|18.016
102|18.016|18.016
103|18.016|18.016
104|18.016|18.016
105|18.016|18.016
106|18.016|18.016
107|18.016|18.016
108|18.016|18.016
109|18.016|18.016
110|18.016|18.016
111|18.016|18.016
112|18.016|18.016
113|18.016|18.016
114|18.016|18.016
115|18.016|18.016
116|18.016|18.016
117|18.016|18.016
118|18.016|18.016
119|18.016|18.016
120|18.016|18.016
121|18.016|18.016
122|18.016|18.016
123|18.016|18.016
124|18.016|18.016
125|18.016|18.016
126|18.016|18.016
127|18.016|18.016
128|18.016|18.016
129|18.016|18.016
130|18.016|18.016
131|18.016|18.016
132|18.016|18.016
133|18.016|18.016
134|18.016|18.016
135|18.016|18.016
136|18.016|18.016
137|18.016|18.016
138|18.016|18.016
139|18.016|18.016
140|18.016|18.016
141|18.016|18.016
142|18.016|18.016
143|18.016|18.016
144|18.016|18.016
145|18.016|18.016
146|18.016|18.016
147|18.016|18.016
148|18.016|18.016
149|18.016|18.016
150|18.016|18.016
151|18.016|18.016
EARLY STOP: TARGET FOUND
58524ms
