1|67.3849|67.3849
2|67.3849|67.3849
3|67.3849|67.3849
4|67.3849|67.3849
5|67.3849|67.3849
6|67.3849|67.3849
7|67.3849|67.3849
8|67.3849|67.3849
9|67.3849|67.3849
10|67.3849|67.3849
11|67.3849|67.3849
12|67.3849|67.3849
13|67.3849|67.3849
14|67.3849|67.3849
15|67.3849|67.3849
16|67.3849|67.3849
17|67.3849|67.3849
18|67.3849|67.3849
19|67.3849|67.3849
20|67.3849|67.3849
21|67.3849|67.3849
22|67.3849|67.3849
23|67.3849|67.3849
24|67.3849|67.3849
25|67.3849|67.3849
26|67.3849|67.3849
27|67.3849|67.3849
28|67.3849|67.3849
29|67.3849|67.3849
30|67.3849|67.3849
31|67.3849|67.3849
32|67.3849|67.3849
33|67.3849|67.3849
34|67.3849|67.3849
35|67.3849|67.3849
36|67.3849|67.3849
37|67.3849|67.3849
38|67.3849|67.3849
39|67.3849|67.3849
40|67.3849|67.3849
41|67.3849|67.3849
42|67.3849|67.3849
43|67.3849|67.3849
44|67.3849|67.3849
45|67.3849|67.3849
46|67.3849|67.3849
47|67.3849|67.3849
48|67.3849|67.3849
49|67.3849|67.3849
50|67.3849|67.3849
51|67.3849|67.3849
52|67.3849|67.3849
53|67.3849|67.3849
54|67.3849|67.3849
55|67.3849|67.3849
56|67.3849|67.3849
57|67.3849|67.3849
58|67.3849|67.3849
59|67.3849|67.3849
60|67.3849|67.3849
61|67.3849|67.3849
62|67.3849|67.3849
63|67.3849|67.3849
64|67.3849|67.3849
65|67.3849|67.3849
66|67.3849|67.3849
67|67.3849|67.3849
68|67.3849|67.3849
69|67.3849|67.3849
70|67.3849|67.3849
71|67.3849|67.3849
72|67.3849|67.3849
73|67.3849|67.3849
74|67.3849|67.3849
75|67.3849|67.3849
76|67.3849|67.3849
77|67.3849|67.3849
78|67.3849|67.3849
79|67.3849|67.3849
80|67.3849|67.3849
81|67.3849|67.3849
82|67.3849|67.3849
83|67.3849|67.3849
84|67.3849|67.3849
85|67.3849|67.3849
86|67.3849|67.3849
87|67.3849|67.3849
88|67.3849|67.3849
89|67.3849|67.3849
90|67.3849|67.3849
91|67.3849|67.3849
92|67.3849|67.3849
93|67.3849|67.3849
94|67.3849|67.3849
95|67.3849|67.3849
96|67.3849|67.3849
97|67.3849|67.3849
98|67.3849|67.3849
99|67.3849|67.3849
100|67.3849|67.3849
101|67.3849|67.3849
102|67.3849|67.3849
103|67.3849|67.3849
104|67.3849|67.3849
105|67.3849|67.3849
106|67.3849|67.3849
107|67.3849|67.3849
108|67.3849|67.3849
109|67.3849|67.3849
110|67.3849|67.3849
111|67.3849|67.3849
112|67.3849|67.3849
113|67.3849|67.3849
114|67.3849|67.3849
115|67.3849|67.3849
116|67.3849|67.3849
117|67.3849|67.3849
118|67.3849|67.3849
119|67.3849|67.3849
120|67.3849|67.3849
121|67.3849|67.3849
122|67.3849|67.3849
123|67.3849|67.3849
124|67.3849|67.3849
125|67.3849|67.3849
126|67.3849|67.3849
127|67.3849|67.3849
128|67.3849|67.3849
129|67.3849|67.3849
130|67.3849|67.3849
131|67.3849|67.3849
132|67.3849|67.3849
133|67.3849|67.3849
134|67.3849|67.3849
135|67.3849|67.3849
136|67.3849|67.3849
137|67.3849|67.3849
138|67.3849|67.3849
139|67.3849|67.3849
140|67.3849|67.3849
141|67.3849|67.3849
142|67.3849|67.3849
143|67.3849|67.3849
144|67.3849|67.3849
145|67.3849|67.3849
146|67.3849|67.3849
147|67.3849|67.3849
148|67.3849|67.3849
149|67.3849|67.3849
150|67.3849|67.3849
151|67.3849|67.3849
EARLY STOP: TARGET FOUND
206457ms
