1|-0.293469|-0.293469
2|-0.293469|-0.293469
3|-0.293469|-0.293469
4|-0.293469|-0.293469
5|-0.293469|-0.293469
6|-0.293469|-0.293469
7|-0.293469|-0.293469
8|-0.293469|-0.293469
9|-0.293469|-0.293469
10|-0.293469|-0.293469
11|-0.293469|-0.293469
12|-0.293469|-0.293469
13|-0.293469|-0.293469
14|-0.293469|-0.293469
15|-0.293469|-0.293469
16|-0.293469|-0.293469
17|-0.293469|-0.293469
18|-0.293469|-0.293469
19|-0.293469|-0.293469
20|-0.293469|-0.293469
21|-0.293469|-0.293469
22|-0.293469|-0.293469
23|-0.293469|-0.293469
24|-0.293469|-0.293469
25|-0.293469|-0.293469
26|-0.293469|-0.293469
27|-0.293469|-0.293469
28|-0.293469|-0.293469
29|-0.293469|-0.293469
30|-0.293469|-0.293469
31|-0.293469|-0.293469
32|-0.293469|-0.293469
33|-0.293469|-0.293469
34|-0.293469|-0.293469
35|-0.293469|-0.293469
36|-0.293469|-0.293469
37|-0.293469|-0.293469
38|-0.293469|-0.293469
39|-0.293469|-0.293469
40|-0.293469|-0.293469
41|-0.293469|-0.293469
42|-0.293469|-0.293469
43|-0.293469|-0.293469
44|-0.293469|-0.293469
45|-0.293469|-0.293469
46|-0.293469|-0.293469
47|-0.293469|-0.293469
48|-0.293469|-0.293469
49|-0.293469|-0.293469
50|-0.293469|-0.293469
51|-0.293469|-0.293469
52|-0.293469|-0.293469
53|-0.293469|-0.293469
54|-0.293469|-0.293469
55|-0.293469|-0.293469
56|-0.293469|-0.293469
57|-0.293469|-0.293469
58|-0.293469|-0.293469
59|-0.293469|-0.293469
60|-0.293469|-0.293469
61|-0.293469|-0.293469
62|-0.293469|-0.293469
63|-0.293469|-0.293469
64|-0.293469|-0.293469
65|-0.293469|-0.293469
66|-0.293469|-0.293469
67|-0.293469|-0.293469
68|-0.293469|-0.293469
69|-0.293469|-0.293469
70|-0.293469|-0.293469
71|-0.293469|-0.293469
72|-0.293469|-0.293469
73|-0.293469|-0.293469
74|-0.293469|-0.293469
75|-0.293469|-0.293469
76|-0.293469|-0.293469
77|-0.293469|-0.293469
78|-0.293469|-0.293469
79|-0.293469|-0.293469
80|-0.293469|-0.293469
81|-0.293469|-0.293469
82|-0.293469|-0.293469
83|-0.293469|-0.293469
84|-0.293469|-0.293469
85|-0.293469|-0.293469
86|-0.293469|-0.293469
87|-0.293469|-0.293469
88|-0.293469|-0.293469
89|-0.293469|-0.293469
90|-0.293469|-0.293469
91|-0.293469|-0.293469
92|-0.293469|-0.293469
93|-0.293469|-0.293469
94|-0.293469|-0.293469
95|-0.293469|-0.293469
96|-0.293469|-0.293469
97|-0.293469|-0.293469
98|-0.293469|-0.293469
99|-0.293469|-0.293469
100|-0.293469|-0.293469
101|-0.293469|-0.293469
102|-0.293469|-0.293469
103|-0.293469|-0.293469
104|-0.293469|-0.293469
105|-0.293469|-0.293469
106|-0.293469|-0.293469
107|-0.293469|-0.293469
108|-0.293469|-0.293469
109|-0.293469|-0.293469
110|-0.293469|-0.293469
111|-0.293469|-0.293469
112|-0.293469|-0.293469
113|-0.293469|-0.293469
114|-0.293469|-0.293469
115|-0.293469|-0.293469
116|-0.293469|-0.293469
117|-0.293469|-0.293469
118|-0.293469|-0.293469
119|-0.293469|-0.293469
120|-0.293469|-0.293469
121|-0.293469|-0.293469
122|-0.293469|-0.293469
123|-0.293469|-0.293469
124|-0.293469|-0.293469
125|-0.293469|-0.293469
126|-0.293469|-0.293469
127|-0.293469|-0.293469
128|-0.293469|-0.293469
129|-0.293469|-0.293469
130|-0.293469|-0.293469
131|-0.293469|-0.293469
132|-0.293469|-0.293469
133|-0.293469|-0.293469
134|-0.293469|-0.293469
135|-0.293469|-0.293469
136|-0.293469|-0.293469
137|-0.293469|-0.293469
138|-0.293469|-0.293469
139|-0.293469|-0.293469
140|-0.293469|-0.293469
141|-0.293469|-0.293469
142|-0.293469|-0.293469
143|-0.293469|-0.293469
144|-0.293469|-0.293469
145|-0.293469|-0.293469
146|-0.293469|-0.293469
147|-0.293469|-0.293469
148|-0.293469|-0.293469
149|-0.293469|-0.293469
150|-0.293469|-0.293469
151|-0.293469|-0.293469
EARLY STOP: TARGET FOUND
205977ms
