1|81.2453|81.2453
2|81.2453|81.2453
3|81.2453|81.2453
4|81.2453|81.2453
5|81.2453|81.2453
6|81.2453|81.2453
7|81.2453|81.2453
8|81.2453|81.2453
9|81.2453|81.2453
10|81.2453|81.2453
11|81.2453|81.2453
12|81.2453|81.2453
13|81.2453|81.2453
14|81.2453|81.2453
15|81.2453|81.2453
16|81.2453|81.2453
17|81.2453|81.2453
18|81.2453|81.2453
19|81.2453|81.2453
20|81.2453|81.2453
21|81.2453|81.2453
22|81.2453|81.2453
23|81.2453|81.2453
24|81.2453|81.2453
25|81.2453|81.2453
26|81.2453|81.2453
27|81.2453|81.2453
28|81.2453|81.2453
29|81.2453|81.2453
30|81.2453|81.2453
31|81.2453|81.2453
32|81.2453|81.2453
33|81.2453|81.2453
34|81.2453|81.2453
35|81.2453|81.2453
36|81.2453|81.2453
37|81.2453|81.2453
38|81.2453|81.2453
39|81.2453|81.2453
40|81.2453|81.2453
41|81.2453|81.2453
42|81.2453|81.2453
43|81.2453|81.2453
44|81.2453|81.2453
45|81.2453|81.2453
46|81.2453|81.2453
47|81.2453|81.2453
48|81.2453|81.2453
49|81.2453|81.2453
50|81.2453|81.2453
51|81.2453|81.2453
52|81.2453|81.2453
53|81.2453|81.2453
54|81.2453|81.2453
55|81.2453|81.2453
56|81.2453|81.2453
57|81.2453|81.2453
58|81.2453|81.2453
59|81.2453|81.2453
60|81.2453|81.2453
61|81.2453|81.2453
62|81.2453|81.2453
63|81.2453|81.2453
64|81.2453|81.2453
65|81.2453|81.2453
66|81.2453|81.2453
67|81.2453|81.2453
68|81.2453|81.2453
69|81.2453|81.2453
70|81.2453|81.2453
71|81.2453|81.2453
72|81.2453|81.2453
73|81.2453|81.2453
74|81.2453|81.2453
75|81.2453|81.2453
76|81.2453|81.2453
77|81.2453|81.2453
78|81.2453|81.2453
79|81.2453|81.2453
80|81.2453|81.2453
81|81.2453|81.2453
82|81.2453|81.2453
83|81.2453|81.2453
84|81.2453|81.2453
85|81.2453|81.2453
86|81.2453|81.2453
87|81.2453|81.2453
88|81.2453|81.2453
89|81.2453|81.2453
90|81.2453|81.2453
91|81.2453|81.2453
92|81.2453|81.2453
93|81.2453|81.2453
94|81.2453|81.2453
95|81.2453|81.2453
96|81.2453|81.2453
97|81.2453|81.2453
98|81.2453|81.2453
99|81.2453|81.2453
100|81.2453|81.2453
101|81.2453|81.2453
102|81.2453|81.2453
103|81.2453|81.2453
104|81.2453|81.2453
105|81.2453|81.2453
106|81.2453|81.2453
107|81.2453|81.2453
108|81.2453|81.2453
109|81.2453|81.2453
110|81.2453|81.2453
111|81.2453|81.2453
112|81.2453|81.2453
113|81.2453|81.2453
114|81.2453|81.2453
115|81.2453|81.2453
116|81.2453|81.2453
117|81.2453|81.2453
118|81.2453|81.2453
119|81.2453|81.2453
120|81.2453|81.2453
121|81.2453|81.2453
122|81.2453|81.2453
123|81.2453|81.2453
124|81.2453|81.2453
125|81.2453|81.2453
126|81.2453|81.2453
127|81.2453|81.2453
128|81.2453|81.2453
129|81.2453|81.2453
130|81.2453|81.2453
131|81.2453|81.2453
132|81.2453|81.2453
133|81.2453|81.2453
134|81.2453|81.2453
135|81.2453|81.2453
136|81.2453|81.2453
137|81.2453|81.2453
138|81.2453|81.2453
139|81.2453|81.2453
140|81.2453|81.2453
141|81.2453|81.2453
142|81.2453|81.2453
143|81.2453|81.2453
144|81.2453|81.2453
145|81.2453|81.2453
146|81.2453|81.2453
147|81.2453|81.2453
148|81.2453|81.2453
149|81.2453|81.2453
150|81.2453|81.2453
151|81.2453|81.2453
EARLY STOP: TARGET FOUND
209530ms
