1|17.9307|17.9307
2|17.9307|17.9307
3|17.9307|17.9307
4|17.9307|17.9307
5|17.9307|17.9307
6|17.9307|17.9307
7|17.9307|17.9307
8|17.9307|17.9307
9|17.9307|17.9307
10|17.9307|17.9307
11|17.9307|17.9307
12|17.9307|17.9307
13|17.9307|17.9307
14|17.9307|17.9307
15|17.9307|17.9307
16|17.9307|17.9307
17|17.9307|17.9307
18|17.9307|17.9307
19|17.9307|17.9307
20|17.9307|17.9307
21|17.9307|17.9307
22|17.9307|17.9307
23|17.9307|17.9307
24|17.9307|17.9307
25|17.9307|17.9307
26|17.9307|17.9307
27|17.9307|17.9307
28|17.9307|17.9307
29|17.9307|17.9307
30|17.9307|17.9307
31|17.9307|17.9307
32|17.9307|17.9307
33|17.9307|17.9307
34|17.9307|17.9307
35|17.9307|17.9307
36|17.9307|17.9307
37|17.9307|17.9307
38|17.9307|17.9307
39|17.9307|17.9307
40|17.9307|17.9307
41|17.9307|17.9307
42|17.9307|17.9307
43|17.9307|17.9307
44|17.9307|17.9307
45|17.9307|17.9307
46|17.9307|17.9307
47|17.9307|17.9307
48|17.9307|17.9307
49|17.9307|17.9307
50|17.9307|17.9307
51|17.9307|17.9307
52|17.9307|17.9307
53|17.9307|17.9307
54|17.9307|17.9307
55|17.9307|17.9307
56|17.9307|17.9307
57|17.9307|17.9307
58|17.9307|17.9307
59|17.9307|17.9307
60|17.9307|17.9307
61|17.9307|17.9307
62|17.9307|17.9307
63|17.9307|17.9307
64|17.9307|17.9307
65|17.9307|17.9307
66|17.9307|17.9307
67|17.9307|17.9307
68|17.9307|17.9307
69|17.9307|17.9307
70|17.9307|17.9307
71|17.9307|17.9307
72|17.9307|17.9307
73|17.9307|17.9307
74|17.9307|17.9307
75|17.9307|17.9307
76|17.9307|17.9307
77|17.9307|17.9307
78|17.9307|17.9307
79|17.9307|17.9307
80|17.9307|17.9307
81|17.9307|17.9307
82|17.9307|17.9307
83|17.9307|17.9307
84|17.9307|17.9307
85|17.9307|17.9307
86|17.9307|17.9307
87|17.9307|17.9307
88|17.9307|17.9307
89|17.9307|17.9307
90|17.9307|17.9307
91|17.9307|17.9307
92|17.9307|17.9307
93|17.9307|17.9307
94|17.9307|17.9307
95|17.9307|17.9307
96|17.9307|17.9307
97|17.9307|17.9307
98|17.9307|17.9307
99|17.9307|17.9307
100|17.9307|17.9307
101|17.9307|17.9307
102|17.9307|17.9307
103|17.9307|17.9307
104|17.9307|17.9307
105|17.9307|17.9307
106|17.9307|17.9307
107|17.9307|17.9307
108|17.9307|17.9307
109|17.9307|17.9307
110|17.9307|17.9307
111|17.9307|17.9307
112|17.9307|17.9307
113|17.9307|17.9307
114|17.9307|17.9307
115|17.9307|17.9307
116|17.9307|17.9307
117|17.9307|17.9307
118|17.9307|17.9307
119|17.9307|17.9307
120|17.9307|17.9307
121|17.9307|17.9307
122|17.9307|17.9307
123|17.9307|17.9307
124|17.9307|17.9307
125|17.9307|17.9307
126|17.9307|17.9307
127|17.9307|17.9307
128|17.9307|17.9307
129|17.9307|17.9307
130|17.9307|17.9307
131|17.9307|17.9307
132|17.9307|17.9307
133|17.9307|17.9307
134|17.9307|17.9307
135|17.9307|17.9307
136|17.9307|17.9307
137|17.9307|17.9307
138|17.9307|17.9307
139|17.9307|17.9307
140|17.9307|17.9307
141|17.9307|17.9307
142|17.9307|17.9307
143|17.9307|17.9307
144|17.9307|17.9307
145|17.9307|17.9307
146|17.9307|17.9307
147|17.9307|17.9307
148|17.9307|17.9307
149|17.9307|17.9307
150|17.9307|17.9307
151|17.9307|17.9307
EARLY STOP: TARGET FOUND
59525ms
