1|66.1571|66.1571
2|66.1571|66.1571
3|66.1571|66.1571
4|66.1571|66.1571
5|66.1571|66.1571
6|66.1571|66.1571
7|66.1571|66.1571
8|66.1571|66.1571
9|66.1571|66.1571
10|66.1571|66.1571
11|66.1571|66.1571
12|66.1571|66.1571
13|66.1571|66.1571
14|66.1571|66.1571
15|66.1571|66.1571
16|66.1571|66.1571
17|66.1571|66.1571
18|66.1571|66.1571
19|66.1571|66.1571
20|66.1571|66.1571
21|66.1571|66.1571
22|66.1571|66.1571
23|66.1571|66.1571
24|66.1571|66.1571
25|66.1571|66.1571
26|66.1571|66.1571
27|66.1571|66.1571
28|66.1571|66.1571
29|66.1571|66.1571
30|66.1571|66.1571
31|66.1571|66.1571
32|66.1571|66.1571
33|66.1571|66.1571
34|66.1571|66.1571
35|66.1571|66.1571
36|66.1571|66.1571
37|66.1571|66.1571
38|66.1571|66.1571
39|66.1571|66.1571
40|66.1571|66.1571
41|66.1571|66.1571
42|66.1571|66.1571
43|66.1571|66.1571
44|66.1571|66.1571
45|66.1571|66.1571
46|66.1571|66.1571
47|66.1571|66.1571
48|66.1571|66.1571
49|66.1571|66.1571
50|66.1571|66.1571
51|66.1571|66.1571
52|66.1571|66.1571
53|66.1571|66.1571
54|66.1571|66.1571
55|66.1571|66.1571
56|66.1571|66.1571
57|66.1571|66.1571
58|66.1571|66.1571
59|66.1571|66.1571
60|66.1571|66.1571
61|66.1571|66.1571
62|66.1571|66.1571
63|66.1571|66.1571
64|66.1571|66.1571
65|66.1571|66.1571
66|66.1571|66.1571
67|66.1571|66.1571
68|66.1571|66.1571
69|66.1571|66.1571
70|66.1571|66.1571
71|66.1571|66.1571
72|66.1571|66.1571
73|66.1571|66.1571
74|66.1571|66.1571
75|66.1571|66.1571
76|66.1571|66.1571
77|66.1571|66.1571
78|66.1571|66.1571
79|66.1571|66.1571
80|66.1571|66.1571
81|66.1571|66.1571
82|66.1571|66.1571
83|66.1571|66.1571
84|66.1571|66.1571
85|66.1571|66.1571
86|66.1571|66.1571
87|66.1571|66.1571
88|66.1571|66.1571
89|66.1571|66.1571
90|66.1571|66.1571
91|66.1571|66.1571
92|66.1571|66.1571
93|66.1571|66.1571
94|66.1571|66.1571
95|66.1571|66.1571
96|66.1571|66.1571
97|66.1571|66.1571
98|66.1571|66.1571
99|66.1571|66.1571
100|66.1571|66.1571
101|66.1571|66.1571
102|66.1571|66.1571
103|66.1571|66.1571
104|66.1571|66.1571
105|66.1571|66.1571
106|66.1571|66.1571
107|66.1571|66.1571
108|66.1571|66.1571
109|66.1571|66.1571
110|66.1571|66.1571
111|66.1571|66.1571
112|66.1571|66.1571
113|66.1571|66.1571
114|66.1571|66.1571
115|66.1571|66.1571
116|66.1571|66.1571
117|66.1571|66.1571
118|66.1571|66.1571
119|66.1571|66.1571
120|66.1571|66.1571
121|66.1571|66.1571
122|66.1571|66.1571
123|66.1571|66.1571
124|66.1571|66.1571
125|66.1571|66.1571
126|66.1571|66.1571
127|66.1571|66.1571
128|66.1571|66.1571
129|66.1571|66.1571
130|66.1571|66.1571
131|66.1571|66.1571
132|66.1571|66.1571
133|66.1571|66.1571
134|66.1571|66.1571
135|66.1571|66.1571
136|66.1571|66.1571
137|66.1571|66.1571
138|66.1571|66.1571
139|66.1571|66.1571
140|66.1571|66.1571
141|66.1571|66.1571
142|66.1571|66.1571
143|66.1571|66.1571
144|66.1571|66.1571
145|66.1571|66.1571
146|66.1571|66.1571
147|66.1571|66.1571
148|66.1571|66.1571
149|66.1571|66.1571
150|66.1571|66.1571
151|66.1571|66.1571
EARLY STOP: TARGET FOUND
59316ms
