1|-909.484|-909.484
2|-909.484|-909.484
3|-909.484|-909.484
4|-909.484|-909.484
5|-909.484|-909.484
6|-909.484|-909.484
7|-909.484|-909.484
8|-909.484|-909.484
9|-909.484|-909.484
10|-909.484|-909.484
11|-909.484|-909.484
12|-909.484|-909.484
13|-909.484|-909.484
14|-909.484|-909.484
15|-909.484|-909.484
16|-909.484|-909.484
17|-909.484|-909.484
18|-909.484|-909.484
19|-909.484|-909.484
20|-909.484|-909.484
21|-909.484|-909.484
22|-909.484|-909.484
23|-909.484|-909.484
24|-909.484|-909.484
25|-909.484|-909.484
26|-909.484|-909.484
27|-909.484|-909.484
28|-909.484|-909.484
29|-909.484|-909.484
30|-909.484|-909.484
31|-909.484|-909.484
32|-909.484|-909.484
33|-909.484|-909.484
34|-909.484|-909.484
35|-909.484|-909.484
36|-909.484|-909.484
37|-909.484|-909.484
38|-909.484|-909.484
39|-909.484|-909.484
40|-909.484|-909.484
41|-909.484|-909.484
42|-909.484|-909.484
43|-909.484|-909.484
44|-909.484|-909.484
45|-909.484|-909.484
46|-909.484|-909.484
47|-909.484|-909.484
48|-909.484|-909.484
49|-909.484|-909.484
50|-909.484|-909.484
51|-909.484|-909.484
52|-909.484|-909.484
53|-909.484|-909.484
54|-909.484|-909.484
55|-909.484|-909.484
56|-909.484|-909.484
57|-909.484|-909.484
58|-909.484|-909.484
59|-909.484|-909.484
60|-909.484|-909.484
61|-909.484|-909.484
62|-909.484|-909.484
63|-909.484|-909.484
64|-909.484|-909.484
65|-909.484|-909.484
66|-909.484|-909.484
67|-909.484|-909.484
68|-909.484|-909.484
69|-909.484|-909.484
70|-909.484|-909.484
71|-909.484|-909.484
72|-909.484|-909.484
73|-909.484|-909.484
74|-909.484|-909.484
75|-909.484|-909.484
76|-909.484|-909.484
77|-909.484|-909.484
78|-909.484|-909.484
79|-909.484|-909.484
80|-909.484|-909.484
81|-909.484|-909.484
82|-909.484|-909.484
83|-909.484|-909.484
84|-909.484|-909.484
85|-909.484|-909.484
86|-909.484|-909.484
87|-909.484|-909.484
88|-909.484|-909.484
89|-909.484|-909.484
90|-909.484|-909.484
91|-909.484|-909.484
92|-909.484|-909.484
93|-909.484|-909.484
94|-909.484|-909.484
95|-909.484|-909.484
96|-909.484|-909.484
97|-909.484|-909.484
98|-909.484|-909.484
99|-909.484|-909.484
100|-909.484|-909.484
101|-909.484|-909.484
102|-909.484|-909.484
103|-909.484|-909.484
104|-909.484|-909.484
105|-909.484|-909.484
106|-909.484|-909.484
107|-909.484|-909.484
108|-909.484|-909.484
109|-909.484|-909.484
110|-909.484|-909.484
111|-909.484|-909.484
112|-909.484|-909.484
113|-909.484|-909.484
114|-909.484|-909.484
115|-909.484|-909.484
116|-909.484|-909.484
117|-909.484|-909.484
118|-909.484|-909.484
119|-909.484|-909.484
120|-909.484|-909.484
121|-909.484|-909.484
122|-909.484|-909.484
123|-909.484|-909.484
124|-909.484|-909.484
125|-909.484|-909.484
126|-909.484|-909.484
127|-909.484|-909.484
128|-909.484|-909.484
129|-909.484|-909.484
130|-909.484|-909.484
131|-909.484|-909.484
132|-909.484|-909.484
133|-909.484|-909.484
134|-909.484|-909.484
135|-909.484|-909.484
136|-909.484|-909.484
137|-909.484|-909.484
138|-909.484|-909.484
139|-909.484|-909.484
140|-909.484|-909.484
141|-909.484|-909.484
142|-909.484|-909.484
143|-909.484|-909.484
144|-909.484|-909.484
145|-909.484|-909.484
146|-909.484|-909.484
147|-909.484|-909.484
148|-909.484|-909.484
149|-909.484|-909.484
150|-909.484|-909.484
151|-909.484|-909.484
EARLY STOP: TARGET FOUND
2581816ms
