1|-3.3836|-3.3836
2|-3.3836|-3.3836
3|-3.3836|-3.3836
4|-3.3836|-3.3836
5|-3.3836|-3.3836
6|-3.3836|-3.3836
7|-3.3836|-3.3836
8|-3.3836|-3.3836
9|-3.3836|-3.3836
10|-3.3836|-3.3836
11|-3.3836|-3.3836
12|-3.3836|-3.3836
13|-3.3836|-3.3836
14|-3.3836|-3.3836
15|-3.3836|-3.3836
16|-3.3836|-3.3836
17|-3.3836|-3.3836
18|-3.3836|-3.3836
19|-3.3836|-3.3836
20|-3.3836|-3.3836
21|-3.3836|-3.3836
22|-3.3836|-3.3836
23|-3.3836|-3.3836
24|-3.3836|-3.3836
25|-3.3836|-3.3836
26|-3.3836|-3.3836
27|-3.3836|-3.3836
28|-3.3836|-3.3836
29|-3.3836|-3.3836
30|-3.3836|-3.3836
31|-3.3836|-3.3836
32|-3.3836|-3.3836
33|-3.3836|-3.3836
34|-3.3836|-3.3836
35|-3.3836|-3.3836
36|-3.3836|-3.3836
37|-3.3836|-3.3836
38|-3.3836|-3.3836
39|-3.3836|-3.3836
40|-3.3836|-3.3836
41|-3.3836|-3.3836
42|-3.3836|-3.3836
43|-3.3836|-3.3836
44|-3.3836|-3.3836
45|-3.3836|-3.3836
46|-3.3836|-3.3836
47|-3.3836|-3.3836
48|-3.3836|-3.3836
49|-3.3836|-3.3836
50|-3.3836|-3.3836
51|-3.3836|-3.3836
52|-3.3836|-3.3836
53|-3.3836|-3.3836
54|-3.3836|-3.3836
55|-3.3836|-3.3836
56|-3.3836|-3.3836
57|-3.3836|-3.3836
58|-3.3836|-3.3836
59|-3.3836|-3.3836
60|-3.3836|-3.3836
61|-3.3836|-3.3836
62|-3.3836|-3.3836
63|-3.3836|-3.3836
64|-3.3836|-3.3836
65|-3.3836|-3.3836
66|-3.3836|-3.3836
67|-3.3836|-3.3836
68|-3.3836|-3.3836
69|-3.3836|-3.3836
70|-3.3836|-3.3836
71|-3.3836|-3.3836
72|-3.3836|-3.3836
73|-3.3836|-3.3836
74|-3.3836|-3.3836
75|-3.3836|-3.3836
76|-3.3836|-3.3836
77|-3.3836|-3.3836
78|-3.3836|-3.3836
79|-3.3836|-3.3836
80|-3.3836|-3.3836
81|-3.3836|-3.3836
82|-3.3836|-3.3836
83|-3.3836|-3.3836
84|-3.3836|-3.3836
85|-3.3836|-3.3836
86|-3.3836|-3.3836
87|-3.3836|-3.3836
88|-3.3836|-3.3836
89|-3.3836|-3.3836
90|-3.3836|-3.3836
91|-3.3836|-3.3836
92|-3.3836|-3.3836
93|-3.3836|-3.3836
94|-3.3836|-3.3836
95|-3.3836|-3.3836
96|-3.3836|-3.3836
97|-3.3836|-3.3836
98|-3.3836|-3.3836
99|-3.3836|-3.3836
100|-3.3836|-3.3836
101|-3.3836|-3.3836
102|-3.3836|-3.3836
103|-3.3836|-3.3836
104|-3.3836|-3.3836
105|-3.3836|-3.3836
106|-3.3836|-3.3836
107|-3.3836|-3.3836
108|-3.3836|-3.3836
109|-3.3836|-3.3836
110|-3.3836|-3.3836
111|-3.3836|-3.3836
112|-3.3836|-3.3836
113|-3.3836|-3.3836
114|-3.3836|-3.3836
115|-3.3836|-3.3836
116|-3.3836|-3.3836
117|-3.3836|-3.3836
118|-3.3836|-3.3836
119|-3.3836|-3.3836
120|-3.3836|-3.3836
121|-3.3836|-3.3836
122|-3.3836|-3.3836
123|-3.3836|-3.3836
124|-3.3836|-3.3836
125|-3.3836|-3.3836
126|-3.3836|-3.3836
127|-3.3836|-3.3836
128|-3.3836|-3.3836
129|-3.3836|-3.3836
130|-3.3836|-3.3836
131|-3.3836|-3.3836
132|-3.3836|-3.3836
133|-3.3836|-3.3836
134|-3.3836|-3.3836
135|-3.3836|-3.3836
136|-3.3836|-3.3836
137|-3.3836|-3.3836
138|-3.3836|-3.3836
139|-3.3836|-3.3836
140|-3.3836|-3.3836
141|-3.3836|-3.3836
142|-3.3836|-3.3836
143|-3.3836|-3.3836
144|-3.3836|-3.3836
145|-3.3836|-3.3836
146|-3.3836|-3.3836
147|-3.3836|-3.3836
148|-3.3836|-3.3836
149|-3.3836|-3.3836
150|-3.3836|-3.3836
151|-3.3836|-3.3836
EARLY STOP: TARGET FOUND
1761067ms
