1|-475.082|-475.082
2|-475.082|-475.082
3|-475.082|-475.082
4|-475.082|-475.082
5|-475.082|-475.082
6|-475.082|-475.082
7|-475.082|-475.082
8|-475.082|-475.082
9|-475.082|-475.082
10|-475.082|-475.082
11|-475.082|-475.082
12|-475.082|-475.082
13|-475.082|-475.082
14|-475.082|-475.082
15|-475.082|-475.082
16|-475.082|-475.082
17|-475.082|-475.082
18|-475.082|-475.082
19|-475.082|-475.082
20|-475.082|-475.082
21|-475.082|-475.082
22|-475.082|-475.082
23|-475.082|-475.082
24|-475.082|-475.082
25|-475.082|-475.082
26|-475.082|-475.082
27|-475.082|-475.082
28|-475.082|-475.082
29|-475.082|-475.082
30|-475.082|-475.082
31|-475.082|-475.082
32|-475.082|-475.082
33|-475.082|-475.082
34|-475.082|-475.082
35|-475.082|-475.082
36|-475.082|-475.082
37|-475.082|-475.082
38|-475.082|-475.082
39|-475.082|-475.082
40|-475.082|-475.082
41|-475.082|-475.082
42|-475.082|-475.082
43|-475.082|-475.082
44|-475.082|-475.082
45|-475.082|-475.082
46|-475.082|-475.082
47|-475.082|-475.082
48|-475.082|-475.082
49|-475.082|-475.082
50|-475.082|-475.082
51|-475.082|-475.082
52|-475.082|-475.082
53|-475.082|-475.082
54|-475.082|-475.082
55|-475.082|-475.082
56|-475.082|-475.082
57|-475.082|-475.082
58|-475.082|-475.082
59|-475.082|-475.082
60|-475.082|-475.082
61|-475.082|-475.082
62|-475.082|-475.082
63|-475.082|-475.082
64|-475.082|-475.082
65|-475.082|-475.082
66|-475.082|-475.082
67|-475.082|-475.082
68|-475.082|-475.082
69|-475.082|-475.082
70|-475.082|-475.082
71|-475.082|-475.082
72|-475.082|-475.082
73|-475.082|-475.082
74|-475.082|-475.082
75|-475.082|-475.082
76|-475.082|-475.082
77|-475.082|-475.082
78|-475.082|-475.082
79|-475.082|-475.082
80|-475.082|-475.082
81|-475.082|-475.082
82|-475.082|-475.082
83|-475.082|-475.082
84|-475.082|-475.082
85|-475.082|-475.082
86|-475.082|-475.082
87|-475.082|-475.082
88|-475.082|-475.082
89|-475.082|-475.082
90|-475.082|-475.082
91|-475.082|-475.082
92|-475.082|-475.082
93|-475.082|-475.082
94|-475.082|-475.082
95|-475.082|-475.082
96|-475.082|-475.082
97|-475.082|-475.082
98|-475.082|-475.082
99|-475.082|-475.082
100|-475.082|-475.082
101|-475.082|-475.082
102|-475.082|-475.082
103|-475.082|-475.082
104|-475.082|-475.082
105|-475.082|-475.082
106|-475.082|-475.082
107|-475.082|-475.082
108|-475.082|-475.082
109|-475.082|-475.082
110|-475.082|-475.082
111|-475.082|-475.082
112|-475.082|-475.082
113|-475.082|-475.082
114|-475.082|-475.082
115|-475.082|-475.082
116|-475.082|-475.082
117|-475.082|-475.082
118|-475.082|-475.082
119|-475.082|-475.082
120|-475.082|-475.082
121|-475.082|-475.082
122|-475.082|-475.082
123|-475.082|-475.082
124|-475.082|-475.082
125|-475.082|-475.082
126|-475.082|-475.082
127|-475.082|-475.082
128|-475.082|-475.082
129|-475.082|-475.082
130|-475.082|-475.082
131|-475.082|-475.082
132|-475.082|-475.082
133|-475.082|-475.082
134|-475.082|-475.082
135|-475.082|-475.082
136|-475.082|-475.082
137|-475.082|-475.082
138|-475.082|-475.082
139|-475.082|-475.082
140|-475.082|-475.082
141|-475.082|-475.082
142|-475.082|-475.082
143|-475.082|-475.082
144|-475.082|-475.082
145|-475.082|-475.082
146|-475.082|-475.082
147|-475.082|-475.082
148|-475.082|-475.082
149|-475.082|-475.082
150|-475.082|-475.082
151|-475.082|-475.082
EARLY STOP: TARGET FOUND
85776ms
