1|272.794|272.794
2|272.794|272.794
3|272.794|272.794
4|272.794|272.794
5|272.794|272.794
6|272.794|272.794
7|272.794|272.794
8|272.794|272.794
9|272.794|272.794
10|272.794|272.794
11|272.794|272.794
12|272.794|272.794
13|272.794|272.794
14|272.794|272.794
15|272.794|272.794
16|272.794|272.794
17|272.794|272.794
18|272.794|272.794
19|272.794|272.794
20|272.794|272.794
21|272.794|272.794
22|272.794|272.794
23|272.794|272.794
24|272.794|272.794
25|272.794|272.794
26|272.794|272.794
27|272.794|272.794
28|272.794|272.794
29|272.794|272.794
30|272.794|272.794
31|272.794|272.794
32|272.794|272.794
33|272.794|272.794
34|272.794|272.794
35|272.794|272.794
36|272.794|272.794
37|272.794|272.794
38|272.794|272.794
39|272.794|272.794
40|272.794|272.794
41|272.794|272.794
42|272.794|272.794
43|272.794|272.794
44|272.794|272.794
45|272.794|272.794
46|272.794|272.794
47|272.794|272.794
48|272.794|272.794
49|272.794|272.794
50|272.794|272.794
51|272.794|272.794
52|272.794|272.794
53|272.794|272.794
54|272.794|272.794
55|272.794|272.794
56|272.794|272.794
57|272.794|272.794
58|272.794|272.794
59|272.794|272.794
60|272.794|272.794
61|272.794|272.794
62|272.794|272.794
63|272.794|272.794
64|272.794|272.794
65|272.794|272.794
66|272.794|272.794
67|272.794|272.794
68|272.794|272.794
69|272.794|272.794
70|272.794|272.794
71|272.794|272.794
72|272.794|272.794
73|272.794|272.794
74|272.794|272.794
75|272.794|272.794
76|272.794|272.794
77|272.794|272.794
78|272.794|272.794
79|272.794|272.794
80|272.794|272.794
81|272.794|272.794
82|272.794|272.794
83|272.794|272.794
84|272.794|272.794
85|272.794|272.794
86|272.794|272.794
87|272.794|272.794
88|272.794|272.794
89|272.794|272.794
90|272.794|272.794
91|272.794|272.794
92|272.794|272.794
93|272.794|272.794
94|272.794|272.794
95|272.794|272.794
96|272.794|272.794
97|272.794|272.794
98|272.794|272.794
99|272.794|272.794
100|272.794|272.794
101|272.794|272.794
102|272.794|272.794
103|272.794|272.794
104|272.794|272.794
105|272.794|272.794
106|272.794|272.794
107|272.794|272.794
108|272.794|272.794
109|272.794|272.794
110|272.794|272.794
111|272.794|272.794
112|272.794|272.794
113|272.794|272.794
114|272.794|272.794
115|272.794|272.794
116|272.794|272.794
117|272.794|272.794
118|272.794|272.794
119|272.794|272.794
120|272.794|272.794
121|272.794|272.794
122|272.794|272.794
123|272.794|272.794
124|272.794|272.794
125|272.794|272.794
126|272.794|272.794
127|272.794|272.794
128|272.794|272.794
129|272.794|272.794
130|272.794|272.794
131|272.794|272.794
132|272.794|272.794
133|272.794|272.794
134|272.794|272.794
135|272.794|272.794
136|272.794|272.794
137|272.794|272.794
138|272.794|272.794
139|272.794|272.794
140|272.794|272.794
141|272.794|272.794
142|272.794|272.794
143|272.794|272.794
144|272.794|272.794
145|272.794|272.794
146|272.794|272.794
147|272.794|272.794
148|272.794|272.794
149|272.794|272.794
150|272.794|272.794
151|272.794|272.794
EARLY STOP: TARGET FOUND
1715773ms
