1|-114.703|-114.703
2|-114.703|-114.703
3|-114.703|-114.703
4|-114.703|-114.703
5|-114.703|-114.703
6|-114.703|-114.703
7|-114.703|-114.703
8|-114.703|-114.703
9|-114.703|-114.703
10|-114.703|-114.703
11|-114.703|-114.703
12|-114.703|-114.703
13|-114.703|-114.703
14|-114.703|-114.703
15|-114.703|-114.703
16|-114.703|-114.703
17|-114.703|-114.703
18|-114.703|-114.703
19|-114.703|-114.703
20|-114.703|-114.703
21|-114.703|-114.703
22|-114.703|-114.703
23|-114.703|-114.703
24|-114.703|-114.703
25|-114.703|-114.703
26|-114.703|-114.703
27|-114.703|-114.703
28|-114.703|-114.703
29|-114.703|-114.703
30|-114.703|-114.703
31|-114.703|-114.703
32|-114.703|-114.703
33|-114.703|-114.703
34|-114.703|-114.703
35|-114.703|-114.703
36|-114.703|-114.703
37|-114.703|-114.703
38|-114.703|-114.703
39|-114.703|-114.703
40|-114.703|-114.703
41|-114.703|-114.703
42|-114.703|-114.703
43|-114.703|-114.703
44|-114.703|-114.703
45|-114.703|-114.703
46|-114.703|-114.703
47|-114.703|-114.703
48|-114.703|-114.703
49|-114.703|-114.703
50|-114.703|-114.703
51|-114.703|-114.703
52|-114.703|-114.703
53|-114.703|-114.703
54|-114.703|-114.703
55|-114.703|-114.703
56|-114.703|-114.703
57|-114.703|-114.703
58|-114.703|-114.703
59|-114.703|-114.703
60|-114.703|-114.703
61|-114.703|-114.703
62|-114.703|-114.703
63|-114.703|-114.703
64|-114.703|-114.703
65|-114.703|-114.703
66|-114.703|-114.703
67|-114.703|-114.703
68|-114.703|-114.703
69|-114.703|-114.703
70|-114.703|-114.703
71|-114.703|-114.703
72|-114.703|-114.703
73|-114.703|-114.703
74|-114.703|-114.703
75|-114.703|-114.703
76|-114.703|-114.703
77|-114.703|-114.703
78|-114.703|-114.703
79|-114.703|-114.703
80|-114.703|-114.703
81|-114.703|-114.703
82|-114.703|-114.703
83|-114.703|-114.703
84|-114.703|-114.703
85|-114.703|-114.703
86|-114.703|-114.703
87|-114.703|-114.703
88|-114.703|-114.703
89|-114.703|-114.703
90|-114.703|-114.703
91|-114.703|-114.703
92|-114.703|-114.703
93|-114.703|-114.703
94|-114.703|-114.703
95|-114.703|-114.703
96|-114.703|-114.703
97|-114.703|-114.703
98|-114.703|-114.703
99|-114.703|-114.703
100|-114.703|-114.703
101|-114.703|-114.703
102|-114.703|-114.703
103|-114.703|-114.703
104|-114.703|-114.703
105|-114.703|-114.703
106|-114.703|-114.703
107|-114.703|-114.703
108|-114.703|-114.703
109|-114.703|-114.703
110|-114.703|-114.703
111|-114.703|-114.703
112|-114.703|-114.703
113|-114.703|-114.703
114|-114.703|-114.703
115|-114.703|-114.703
116|-114.703|-114.703
117|-114.703|-114.703
118|-114.703|-114.703
119|-114.703|-114.703
120|-114.703|-114.703
121|-114.703|-114.703
122|-114.703|-114.703
123|-114.703|-114.703
124|-114.703|-114.703
125|-114.703|-114.703
126|-114.703|-114.703
127|-114.703|-114.703
128|-114.703|-114.703
129|-114.703|-114.703
130|-114.703|-114.703
131|-114.703|-114.703
132|-114.703|-114.703
133|-114.703|-114.703
134|-114.703|-114.703
135|-114.703|-114.703
136|-114.703|-114.703
137|-114.703|-114.703
138|-114.703|-114.703
139|-114.703|-114.703
140|-114.703|-114.703
141|-114.703|-114.703
142|-114.703|-114.703
143|-114.703|-114.703
144|-114.703|-114.703
145|-114.703|-114.703
146|-114.703|-114.703
147|-114.703|-114.703
148|-114.703|-114.703
149|-114.703|-114.703
150|-114.703|-114.703
151|-114.703|-114.703
EARLY STOP: TARGET FOUND
305153ms
