1|495.896|495.896
2|495.896|495.896
3|495.896|495.896
4|495.896|495.896
5|495.896|495.896
6|495.896|495.896
7|495.896|495.896
8|495.896|495.896
9|495.896|495.896
10|495.896|495.896
11|495.896|495.896
12|495.896|495.896
13|495.896|495.896
14|495.896|495.896
15|495.896|495.896
16|495.896|495.896
17|495.896|495.896
18|495.896|495.896
19|495.896|495.896
20|495.896|495.896
21|495.896|495.896
22|495.896|495.896
23|495.896|495.896
24|495.896|495.896
25|495.896|495.896
26|495.896|495.896
27|495.896|495.896
28|495.896|495.896
29|495.896|495.896
30|495.896|495.896
31|495.896|495.896
32|495.896|495.896
33|495.896|495.896
34|495.896|495.896
35|495.896|495.896
36|495.896|495.896
37|495.896|495.896
38|495.896|495.896
39|495.896|495.896
40|495.896|495.896
41|495.896|495.896
42|495.896|495.896
43|495.896|495.896
44|495.896|495.896
45|495.896|495.896
46|495.896|495.896
47|495.896|495.896
48|495.896|495.896
49|495.896|495.896
50|495.896|495.896
51|495.896|495.896
52|495.896|495.896
53|495.896|495.896
54|495.896|495.896
55|495.896|495.896
56|495.896|495.896
57|495.896|495.896
58|495.896|495.896
59|495.896|495.896
60|495.896|495.896
61|495.896|495.896
62|495.896|495.896
63|495.896|495.896
64|495.896|495.896
65|495.896|495.896
66|495.896|495.896
67|495.896|495.896
68|495.896|495.896
69|495.896|495.896
70|495.896|495.896
71|495.896|495.896
72|495.896|495.896
73|495.896|495.896
74|495.896|495.896
75|495.896|495.896
76|495.896|495.896
77|495.896|495.896
78|495.896|495.896
79|495.896|495.896
80|495.896|495.896
81|495.896|495.896
82|495.896|495.896
83|495.896|495.896
84|495.896|495.896
85|495.896|495.896
86|495.896|495.896
87|495.896|495.896
88|495.896|495.896
89|495.896|495.896
90|495.896|495.896
91|495.896|495.896
92|495.896|495.896
93|495.896|495.896
94|495.896|495.896
95|495.896|495.896
96|495.896|495.896
97|495.896|495.896
98|495.896|495.896
99|495.896|495.896
100|495.896|495.896
101|495.896|495.896
102|495.896|495.896
103|495.896|495.896
104|495.896|495.896
105|495.896|495.896
106|495.896|495.896
107|495.896|495.896
108|495.896|495.896
109|495.896|495.896
110|495.896|495.896
111|495.896|495.896
112|495.896|495.896
113|495.896|495.896
114|495.896|495.896
115|495.896|495.896
116|495.896|495.896
117|495.896|495.896
118|495.896|495.896
119|495.896|495.896
120|495.896|495.896
121|495.896|495.896
122|495.896|495.896
123|495.896|495.896
124|495.896|495.896
125|495.896|495.896
126|495.896|495.896
127|495.896|495.896
128|495.896|495.896
129|495.896|495.896
130|495.896|495.896
131|495.896|495.896
132|495.896|495.896
133|495.896|495.896
134|495.896|495.896
135|495.896|495.896
136|495.896|495.896
137|495.896|495.896
138|495.896|495.896
139|495.896|495.896
140|495.896|495.896
141|495.896|495.896
142|495.896|495.896
143|495.896|495.896
144|495.896|495.896
145|495.896|495.896
146|495.896|495.896
147|495.896|495.896
148|495.896|495.896
149|495.896|495.896
150|495.896|495.896
151|495.896|495.896
EARLY STOP: TARGET FOUND
84759ms
