1|-3.27573|-3.27573
2|-3.27573|-3.27573
3|-3.27573|-3.27573
4|-3.27573|-3.27573
5|-3.27573|-3.27573
6|-3.27573|-3.27573
7|-3.27573|-3.27573
8|-3.27573|-3.27573
9|-3.27573|-3.27573
10|-3.27573|-3.27573
11|-3.27573|-3.27573
12|-3.27573|-3.27573
13|-3.27573|-3.27573
14|-3.27573|-3.27573
15|-3.27573|-3.27573
16|-3.27573|-3.27573
17|-3.27573|-3.27573
18|-3.27573|-3.27573
19|-3.27573|-3.27573
20|-3.27573|-3.27573
21|-3.27573|-3.27573
22|-3.27573|-3.27573
23|-3.27573|-3.27573
24|-3.27573|-3.27573
25|-3.27573|-3.27573
26|-3.27573|-3.27573
27|-3.27573|-3.27573
28|-3.27573|-3.27573
29|-3.27573|-3.27573
30|-3.27573|-3.27573
31|-3.27573|-3.27573
32|-3.27573|-3.27573
33|-3.27573|-3.27573
34|-3.27573|-3.27573
35|-3.27573|-3.27573
36|-3.27573|-3.27573
37|-3.27573|-3.27573
38|-3.27573|-3.27573
39|-3.27573|-3.27573
40|-3.27573|-3.27573
41|-3.27573|-3.27573
42|-3.27573|-3.27573
43|-3.27573|-3.27573
44|-3.27573|-3.27573
45|-3.27573|-3.27573
46|-3.27573|-3.27573
47|-3.27573|-3.27573
48|-3.27573|-3.27573
49|-3.27573|-3.27573
50|-3.27573|-3.27573
51|-3.27573|-3.27573
52|-3.27573|-3.27573
53|-3.27573|-3.27573
54|-3.27573|-3.27573
55|-3.27573|-3.27573
56|-3.27573|-3.27573
57|-3.27573|-3.27573
58|-3.27573|-3.27573
59|-3.27573|-3.27573
60|-3.27573|-3.27573
61|-3.27573|-3.27573
62|-3.27573|-3.27573
63|-3.27573|-3.27573
64|-3.27573|-3.27573
65|-3.27573|-3.27573
66|-3.27573|-3.27573
67|-3.27573|-3.27573
68|-3.27573|-3.27573
69|-3.27573|-3.27573
70|-3.27573|-3.27573
71|-3.27573|-3.27573
72|-3.27573|-3.27573
73|-3.27573|-3.27573
74|-3.27573|-3.27573
75|-3.27573|-3.27573
76|-3.27573|-3.27573
77|-3.27573|-3.27573
78|-3.27573|-3.27573
79|-3.27573|-3.27573
80|-3.27573|-3.27573
81|-3.27573|-3.27573
82|-3.27573|-3.27573
83|-3.27573|-3.27573
84|-3.27573|-3.27573
85|-3.27573|-3.27573
86|-3.27573|-3.27573
87|-3.27573|-3.27573
88|-3.27573|-3.27573
89|-3.27573|-3.27573
90|-3.27573|-3.27573
91|-3.27573|-3.27573
92|-3.27573|-3.27573
93|-3.27573|-3.27573
94|-3.27573|-3.27573
95|-3.27573|-3.27573
96|-3.27573|-3.27573
97|-3.27573|-3.27573
98|-3.27573|-3.27573
99|-3.27573|-3.27573
100|-3.27573|-3.27573
101|-3.27573|-3.27573
102|-3.27573|-3.27573
103|-3.27573|-3.27573
104|-3.27573|-3.27573
105|-3.27573|-3.27573
106|-3.27573|-3.27573
107|-3.27573|-3.27573
108|-3.27573|-3.27573
109|-3.27573|-3.27573
110|-3.27573|-3.27573
111|-3.27573|-3.27573
112|-3.27573|-3.27573
113|-3.27573|-3.27573
114|-3.27573|-3.27573
115|-3.27573|-3.27573
116|-3.27573|-3.27573
117|-3.27573|-3.27573
118|-3.27573|-3.27573
119|-3.27573|-3.27573
120|-3.27573|-3.27573
121|-3.27573|-3.27573
122|-3.27573|-3.27573
123|-3.27573|-3.27573
124|-3.27573|-3.27573
125|-3.27573|-3.27573
126|-3.27573|-3.27573
127|-3.27573|-3.27573
128|-3.27573|-3.27573
129|-3.27573|-3.27573
130|-3.27573|-3.27573
131|-3.27573|-3.27573
132|-3.27573|-3.27573
133|-3.27573|-3.27573
134|-3.27573|-3.27573
135|-3.27573|-3.27573
136|-3.27573|-3.27573
137|-3.27573|-3.27573
138|-3.27573|-3.27573
139|-3.27573|-3.27573
140|-3.27573|-3.27573
141|-3.27573|-3.27573
142|-3.27573|-3.27573
143|-3.27573|-3.27573
144|-3.27573|-3.27573
145|-3.27573|-3.27573
146|-3.27573|-3.27573
147|-3.27573|-3.27573
148|-3.27573|-3.27573
149|-3.27573|-3.27573
150|-3.27573|-3.27573
151|-3.27573|-3.27573
EARLY STOP: TARGET FOUND
1722469ms
