1|183.54|183.54
2|183.54|183.54
3|183.54|183.54
4|183.54|183.54
5|183.54|183.54
6|183.54|183.54
7|183.54|183.54
8|183.54|183.54
9|183.54|183.54
10|183.54|183.54
11|183.54|183.54
12|183.54|183.54
13|183.54|183.54
14|183.54|183.54
15|183.54|183.54
16|183.54|183.54
17|183.54|183.54
18|183.54|183.54
19|183.54|183.54
20|183.54|183.54
21|183.54|183.54
22|183.54|183.54
23|183.54|183.54
24|183.54|183.54
25|183.54|183.54
26|183.54|183.54
27|183.54|183.54
28|183.54|183.54
29|183.54|183.54
30|183.54|183.54
31|183.54|183.54
32|183.54|183.54
33|183.54|183.54
34|183.54|183.54
35|183.54|183.54
36|183.54|183.54
37|183.54|183.54
38|183.54|183.54
39|183.54|183.54
40|183.54|183.54
41|183.54|183.54
42|183.54|183.54
43|183.54|183.54
44|183.54|183.54
45|183.54|183.54
46|183.54|183.54
47|183.54|183.54
48|183.54|183.54
49|183.54|183.54
50|183.54|183.54
51|183.54|183.54
52|183.54|183.54
53|183.54|183.54
54|183.54|183.54
55|183.54|183.54
56|183.54|183.54
57|183.54|183.54
58|183.54|183.54
59|183.54|183.54
60|183.54|183.54
61|183.54|183.54
62|183.54|183.54
63|183.54|183.54
64|183.54|183.54
65|183.54|183.54
66|183.54|183.54
67|183.54|183.54
68|183.54|183.54
69|183.54|183.54
70|183.54|183.54
71|183.54|183.54
72|183.54|183.54
73|183.54|183.54
74|183.54|183.54
75|183.54|183.54
76|183.54|183.54
77|183.54|183.54
78|183.54|183.54
79|183.54|183.54
80|183.54|183.54
81|183.54|183.54
82|183.54|183.54
83|183.54|183.54
84|183.54|183.54
85|183.54|183.54
86|183.54|183.54
87|183.54|183.54
88|183.54|183.54
89|183.54|183.54
90|183.54|183.54
91|183.54|183.54
92|183.54|183.54
93|183.54|183.54
94|183.54|183.54
95|183.54|183.54
96|183.54|183.54
97|183.54|183.54
98|183.54|183.54
99|183.54|183.54
100|183.54|183.54
101|183.54|183.54
102|183.54|183.54
103|183.54|183.54
104|183.54|183.54
105|183.54|183.54
106|183.54|183.54
107|183.54|183.54
108|183.54|183.54
109|183.54|183.54
110|183.54|183.54
111|183.54|183.54
112|183.54|183.54
113|183.54|183.54
114|183.54|183.54
115|183.54|183.54
116|183.54|183.54
117|183.54|183.54
118|183.54|183.54
119|183.54|183.54
120|183.54|183.54
121|183.54|183.54
122|183.54|183.54
123|183.54|183.54
124|183.54|183.54
125|183.54|183.54
126|183.54|183.54
127|183.54|183.54
128|183.54|183.54
129|183.54|183.54
130|183.54|183.54
131|183.54|183.54
132|183.54|183.54
133|183.54|183.54
134|183.54|183.54
135|183.54|183.54
136|183.54|183.54
137|183.54|183.54
138|183.54|183.54
139|183.54|183.54
140|183.54|183.54
141|183.54|183.54
142|183.54|183.54
143|183.54|183.54
144|183.54|183.54
145|183.54|183.54
146|183.54|183.54
147|183.54|183.54
148|183.54|183.54
149|183.54|183.54
150|183.54|183.54
151|183.54|183.54
EARLY STOP: TARGET FOUND
1719203ms
