1|596.81|596.81
2|596.81|596.81
3|596.81|596.81
4|596.81|596.81
5|596.81|596.81
6|596.81|596.81
7|596.81|596.81
8|596.81|596.81
9|596.81|596.81
10|596.81|596.81
11|596.81|596.81
12|596.81|596.81
13|596.81|596.81
14|596.81|596.81
15|596.81|596.81
16|596.81|596.81
17|596.81|596.81
18|596.81|596.81
19|596.81|596.81
20|596.81|596.81
21|596.81|596.81
22|596.81|596.81
23|596.81|596.81
24|596.81|596.81
25|596.81|596.81
26|596.81|596.81
27|596.81|596.81
28|596.81|596.81
29|596.81|596.81
30|596.81|596.81
31|596.81|596.81
32|596.81|596.81
33|596.81|596.81
34|596.81|596.81
35|596.81|596.81
36|596.81|596.81
37|596.81|596.81
38|596.81|596.81
39|596.81|596.81
40|596.81|596.81
41|596.81|596.81
42|596.81|596.81
43|596.81|596.81
44|596.81|596.81
45|596.81|596.81
46|596.81|596.81
47|596.81|596.81
48|596.81|596.81
49|596.81|596.81
50|596.81|596.81
51|596.81|596.81
52|596.81|596.81
53|596.81|596.81
54|596.81|596.81
55|596.81|596.81
56|596.81|596.81
57|596.81|596.81
58|596.81|596.81
59|596.81|596.81
60|596.81|596.81
61|596.81|596.81
62|596.81|596.81
63|596.81|596.81
64|596.81|596.81
65|596.81|596.81
66|596.81|596.81
67|596.81|596.81
68|596.81|596.81
69|596.81|596.81
70|596.81|596.81
71|596.81|596.81
72|596.81|596.81
73|596.81|596.81
74|596.81|596.81
75|596.81|596.81
76|596.81|596.81
77|596.81|596.81
78|596.81|596.81
79|596.81|596.81
80|596.81|596.81
81|596.81|596.81
82|596.81|596.81
83|596.81|596.81
84|596.81|596.81
85|596.81|596.81
86|596.81|596.81
87|596.81|596.81
88|596.81|596.81
89|596.81|596.81
90|596.81|596.81
91|596.81|596.81
92|596.81|596.81
93|596.81|596.81
94|596.81|596.81
95|596.81|596.81
96|596.81|596.81
97|596.81|596.81
98|596.81|596.81
99|596.81|596.81
100|596.81|596.81
101|596.81|596.81
102|596.81|596.81
103|596.81|596.81
104|596.81|596.81
105|596.81|596.81
106|596.81|596.81
107|596.81|596.81
108|596.81|596.81
109|596.81|596.81
110|596.81|596.81
111|596.81|596.81
112|596.81|596.81
113|596.81|596.81
114|596.81|596.81
115|596.81|596.81
116|596.81|596.81
117|596.81|596.81
118|596.81|596.81
119|596.81|596.81
120|596.81|596.81
121|596.81|596.81
122|596.81|596.81
123|596.81|596.81
124|596.81|596.81
125|596.81|596.81
126|596.81|596.81
127|596.81|596.81
128|596.81|596.81
129|596.81|596.81
130|596.81|596.81
131|596.81|596.81
132|596.81|596.81
133|596.81|596.81
134|596.81|596.81
135|596.81|596.81
136|596.81|596.81
137|596.81|596.81
138|596.81|596.81
139|596.81|596.81
140|596.81|596.81
141|596.81|596.81
142|596.81|596.81
143|596.81|596.81
144|596.81|596.81
145|596.81|596.81
146|596.81|596.81
147|596.81|596.81
148|596.81|596.81
149|596.81|596.81
150|596.81|596.81
151|596.81|596.81
EARLY STOP: TARGET FOUND
302762ms
