1|607.763|607.763
2|607.763|607.763
3|607.763|607.763
4|607.763|607.763
5|607.763|607.763
6|607.763|607.763
7|607.763|607.763
8|607.763|607.763
9|607.763|607.763
10|607.763|607.763
11|607.763|607.763
12|607.763|607.763
13|607.763|607.763
14|607.763|607.763
15|607.763|607.763
16|607.763|607.763
17|607.763|607.763
18|607.763|607.763
19|607.763|607.763
20|607.763|607.763
21|607.763|607.763
22|607.763|607.763
23|607.763|607.763
24|607.763|607.763
25|607.763|607.763
26|607.763|607.763
27|607.763|607.763
28|607.763|607.763
29|607.763|607.763
30|607.763|607.763
31|607.763|607.763
32|607.763|607.763
33|607.763|607.763
34|607.763|607.763
35|607.763|607.763
36|607.763|607.763
37|607.763|607.763
38|607.763|607.763
39|607.763|607.763
40|607.763|607.763
41|607.763|607.763
42|607.763|607.763
43|607.763|607.763
44|607.763|607.763
45|607.763|607.763
46|607.763|607.763
47|607.763|607.763
48|607.763|607.763
49|607.763|607.763
50|607.763|607.763
51|607.763|607.763
52|607.763|607.763
53|607.763|607.763
54|607.763|607.763
55|607.763|607.763
56|607.763|607.763
57|607.763|607.763
58|607.763|607.763
59|607.763|607.763
60|607.763|607.763
61|607.763|607.763
62|607.763|607.763
63|607.763|607.763
64|607.763|607.763
65|607.763|607.763
66|607.763|607.763
67|607.763|607.763
68|607.763|607.763
69|607.763|607.763
70|607.763|607.763
71|607.763|607.763
72|607.763|607.763
73|607.763|607.763
74|607.763|607.763
75|607.763|607.763
76|607.763|607.763
77|607.763|607.763
78|607.763|607.763
79|607.763|607.763
80|607.763|607.763
81|607.763|607.763
82|607.763|607.763
83|607.763|607.763
84|607.763|607.763
85|607.763|607.763
86|607.763|607.763
87|607.763|607.763
88|607.763|607.763
89|607.763|607.763
90|607.763|607.763
91|607.763|607.763
92|607.763|607.763
93|607.763|607.763
94|607.763|607.763
95|607.763|607.763
96|607.763|607.763
97|607.763|607.763
98|607.763|607.763
99|607.763|607.763
100|607.763|607.763
101|607.763|607.763
102|607.763|607.763
103|607.763|607.763
104|607.763|607.763
105|607.763|607.763
106|607.763|607.763
107|607.763|607.763
108|607.763|607.763
109|607.763|607.763
110|607.763|607.763
111|607.763|607.763
112|607.763|607.763
113|607.763|607.763
114|607.763|607.763
115|607.763|607.763
116|607.763|607.763
117|607.763|607.763
118|607.763|607.763
119|607.763|607.763
120|607.763|607.763
121|607.763|607.763
122|607.763|607.763
123|607.763|607.763
124|607.763|607.763
125|607.763|607.763
126|607.763|607.763
127|607.763|607.763
128|607.763|607.763
129|607.763|607.763
130|607.763|607.763
131|607.763|607.763
132|607.763|607.763
133|607.763|607.763
134|607.763|607.763
135|607.763|607.763
136|607.763|607.763
137|607.763|607.763
138|607.763|607.763
139|607.763|607.763
140|607.763|607.763
141|607.763|607.763
142|607.763|607.763
143|607.763|607.763
144|607.763|607.763
145|607.763|607.763
146|607.763|607.763
147|607.763|607.763
148|607.763|607.763
149|607.763|607.763
150|607.763|607.763
151|607.763|607.763
EARLY STOP: TARGET FOUND
1735974ms
