1|-2120.36|-2120.36
2|-2120.36|-2120.36
3|-2120.36|-2120.36
4|-2120.36|-2120.36
5|-2120.36|-2120.36
6|-2120.36|-2120.36
7|-2120.36|-2120.36
8|-2120.36|-2120.36
9|-2120.36|-2120.36
10|-2120.36|-2120.36
11|-2120.36|-2120.36
12|-2120.36|-2120.36
13|-2120.36|-2120.36
14|-2120.36|-2120.36
15|-2120.36|-2120.36
16|-2120.36|-2120.36
17|-2120.36|-2120.36
18|-2120.36|-2120.36
19|-2120.36|-2120.36
20|-2120.36|-2120.36
21|-2120.36|-2120.36
22|-2120.36|-2120.36
23|-2120.36|-2120.36
24|-2120.36|-2120.36
25|-2120.36|-2120.36
26|-2120.36|-2120.36
27|-2120.36|-2120.36
28|-2120.36|-2120.36
29|-2120.36|-2120.36
30|-2120.36|-2120.36
31|-2120.36|-2120.36
32|-2120.36|-2120.36
33|-2120.36|-2120.36
34|-2120.36|-2120.36
35|-2120.36|-2120.36
36|-2120.36|-2120.36
37|-2120.36|-2120.36
38|-2120.36|-2120.36
39|-2120.36|-2120.36
40|-2120.36|-2120.36
41|-2120.36|-2120.36
42|-2120.36|-2120.36
43|-2120.36|-2120.36
44|-2120.36|-2120.36
45|-2120.36|-2120.36
46|-2120.36|-2120.36
47|-2120.36|-2120.36
48|-2120.36|-2120.36
49|-2120.36|-2120.36
50|-2120.36|-2120.36
51|-2120.36|-2120.36
52|-2120.36|-2120.36
53|-2120.36|-2120.36
54|-2120.36|-2120.36
55|-2120.36|-2120.36
56|-2120.36|-2120.36
57|-2120.36|-2120.36
58|-2120.36|-2120.36
59|-2120.36|-2120.36
60|-2120.36|-2120.36
61|-2120.36|-2120.36
62|-2120.36|-2120.36
63|-2120.36|-2120.36
64|-2120.36|-2120.36
65|-2120.36|-2120.36
66|-2120.36|-2120.36
67|-2120.36|-2120.36
68|-2120.36|-2120.36
69|-2120.36|-2120.36
70|-2120.36|-2120.36
71|-2120.36|-2120.36
72|-2120.36|-2120.36
73|-2120.36|-2120.36
74|-2120.36|-2120.36
75|-2120.36|-2120.36
76|-2120.36|-2120.36
77|-2120.36|-2120.36
78|-2120.36|-2120.36
79|-2120.36|-2120.36
80|-2120.36|-2120.36
81|-2120.36|-2120.36
82|-2120.36|-2120.36
83|-2120.36|-2120.36
84|-2120.36|-2120.36
85|-2120.36|-2120.36
86|-2120.36|-2120.36
87|-2120.36|-2120.36
88|-2120.36|-2120.36
89|-2120.36|-2120.36
90|-2120.36|-2120.36
91|-2120.36|-2120.36
92|-2120.36|-2120.36
93|-2120.36|-2120.36
94|-2120.36|-2120.36
95|-2120.36|-2120.36
96|-2120.36|-2120.36
97|-2120.36|-2120.36
98|-2120.36|-2120.36
99|-2120.36|-2120.36
100|-2120.36|-2120.36
101|-2120.36|-2120.36
102|-2120.36|-2120.36
103|-2120.36|-2120.36
104|-2120.36|-2120.36
105|-2120.36|-2120.36
106|-2120.36|-2120.36
107|-2120.36|-2120.36
108|-2120.36|-2120.36
109|-2120.36|-2120.36
110|-2120.36|-2120.36
111|-2120.36|-2120.36
112|-2120.36|-2120.36
113|-2120.36|-2120.36
114|-2120.36|-2120.36
115|-2120.36|-2120.36
116|-2120.36|-2120.36
117|-2120.36|-2120.36
118|-2120.36|-2120.36
119|-2120.36|-2120.36
120|-2120.36|-2120.36
121|-2120.36|-2120.36
122|-2120.36|-2120.36
123|-2120.36|-2120.36
124|-2120.36|-2120.36
125|-2120.36|-2120.36
126|-2120.36|-2120.36
127|-2120.36|-2120.36
128|-2120.36|-2120.36
129|-2120.36|-2120.36
130|-2120.36|-2120.36
131|-2120.36|-2120.36
132|-2120.36|-2120.36
133|-2120.36|-2120.36
134|-2120.36|-2120.36
135|-2120.36|-2120.36
136|-2120.36|-2120.36
137|-2120.36|-2120.36
138|-2120.36|-2120.36
139|-2120.36|-2120.36
140|-2120.36|-2120.36
141|-2120.36|-2120.36
142|-2120.36|-2120.36
143|-2120.36|-2120.36
144|-2120.36|-2120.36
145|-2120.36|-2120.36
146|-2120.36|-2120.36
147|-2120.36|-2120.36
148|-2120.36|-2120.36
149|-2120.36|-2120.36
150|-2120.36|-2120.36
151|-2120.36|-2120.36
EARLY STOP: TARGET FOUND
2513126ms
