1|-0.816177|-0.816177
2|-0.816177|-0.816177
3|-0.816177|-0.816177
4|-0.816177|-0.816177
5|-0.816177|-0.816177
6|-0.816177|-0.816177
7|-0.816177|-0.816177
8|-0.816177|-0.816177
9|-0.816177|-0.816177
10|-0.816177|-0.816177
11|-0.816177|-0.816177
12|-0.816177|-0.816177
13|-0.816177|-0.816177
14|-0.816177|-0.816177
15|-0.816177|-0.816177
16|-0.816177|-0.816177
17|-0.816177|-0.816177
18|-0.816177|-0.816177
19|-0.816177|-0.816177
20|-0.816177|-0.816177
21|-0.816177|-0.816177
22|-0.816177|-0.816177
23|-0.816177|-0.816177
24|-0.816177|-0.816177
25|-0.816177|-0.816177
26|-0.816177|-0.816177
27|-0.816177|-0.816177
28|-0.816177|-0.816177
29|-0.816177|-0.816177
30|-0.816177|-0.816177
31|-0.816177|-0.816177
32|-0.816177|-0.816177
33|-0.816177|-0.816177
34|-0.816177|-0.816177
35|-0.816177|-0.816177
36|-0.816177|-0.816177
37|-0.816177|-0.816177
38|-0.816177|-0.816177
39|-0.816177|-0.816177
40|-0.816177|-0.816177
41|-0.816177|-0.816177
42|-0.816177|-0.816177
43|-0.816177|-0.816177
44|-0.816177|-0.816177
45|-0.816177|-0.816177
46|-0.816177|-0.816177
47|-0.816177|-0.816177
48|-0.816177|-0.816177
49|-0.816177|-0.816177
50|-0.816177|-0.816177
51|-0.816177|-0.816177
52|-0.816177|-0.816177
53|-0.816177|-0.816177
54|-0.816177|-0.816177
55|-0.816177|-0.816177
56|-0.816177|-0.816177
57|-0.816177|-0.816177
58|-0.816177|-0.816177
59|-0.816177|-0.816177
60|-0.816177|-0.816177
61|-0.816177|-0.816177
62|-0.816177|-0.816177
63|-0.816177|-0.816177
64|-0.816177|-0.816177
65|-0.816177|-0.816177
66|-0.816177|-0.816177
67|-0.816177|-0.816177
68|-0.816177|-0.816177
69|-0.816177|-0.816177
70|-0.816177|-0.816177
71|-0.816177|-0.816177
72|-0.816177|-0.816177
73|-0.816177|-0.816177
74|-0.816177|-0.816177
75|-0.816177|-0.816177
76|-0.816177|-0.816177
77|-0.816177|-0.816177
78|-0.816177|-0.816177
79|-0.816177|-0.816177
80|-0.816177|-0.816177
81|-0.816177|-0.816177
82|-0.816177|-0.816177
83|-0.816177|-0.816177
84|-0.816177|-0.816177
85|-0.816177|-0.816177
86|-0.816177|-0.816177
87|-0.816177|-0.816177
88|-0.816177|-0.816177
89|-0.816177|-0.816177
90|-0.816177|-0.816177
91|-0.816177|-0.816177
92|-0.816177|-0.816177
93|-0.816177|-0.816177
94|-0.816177|-0.816177
95|-0.816177|-0.816177
96|-0.816177|-0.816177
97|-0.816177|-0.816177
98|-0.816177|-0.816177
99|-0.816177|-0.816177
100|-0.816177|-0.816177
101|-0.816177|-0.816177
102|-0.816177|-0.816177
103|-0.816177|-0.816177
104|-0.816177|-0.816177
105|-0.816177|-0.816177
106|-0.816177|-0.816177
107|-0.816177|-0.816177
108|-0.816177|-0.816177
109|-0.816177|-0.816177
110|-0.816177|-0.816177
111|-0.816177|-0.816177
112|-0.816177|-0.816177
113|-0.816177|-0.816177
114|-0.816177|-0.816177
115|-0.816177|-0.816177
116|-0.816177|-0.816177
117|-0.816177|-0.816177
118|-0.816177|-0.816177
119|-0.816177|-0.816177
120|-0.816177|-0.816177
121|-0.816177|-0.816177
122|-0.816177|-0.816177
123|-0.816177|-0.816177
124|-0.816177|-0.816177
125|-0.816177|-0.816177
126|-0.816177|-0.816177
127|-0.816177|-0.816177
128|-0.816177|-0.816177
129|-0.816177|-0.816177
130|-0.816177|-0.816177
131|-0.816177|-0.816177
132|-0.816177|-0.816177
133|-0.816177|-0.816177
134|-0.816177|-0.816177
135|-0.816177|-0.816177
136|-0.816177|-0.816177
137|-0.816177|-0.816177
138|-0.816177|-0.816177
139|-0.816177|-0.816177
140|-0.816177|-0.816177
141|-0.816177|-0.816177
142|-0.816177|-0.816177
143|-0.816177|-0.816177
144|-0.816177|-0.816177
145|-0.816177|-0.816177
146|-0.816177|-0.816177
147|-0.816177|-0.816177
148|-0.816177|-0.816177
149|-0.816177|-0.816177
150|-0.816177|-0.816177
151|-0.816177|-0.816177
EARLY STOP: TARGET FOUND
59626ms
