1|486.935|486.935
2|486.935|486.935
3|486.935|486.935
4|486.935|486.935
5|486.935|486.935
6|486.935|486.935
7|486.935|486.935
8|486.935|486.935
9|486.935|486.935
10|486.935|486.935
11|486.935|486.935
12|486.935|486.935
13|486.935|486.935
14|486.935|486.935
15|486.935|486.935
16|486.935|486.935
17|486.935|486.935
18|486.935|486.935
19|486.935|486.935
20|486.935|486.935
21|486.935|486.935
22|486.935|486.935
23|486.935|486.935
24|486.935|486.935
25|486.935|486.935
26|486.935|486.935
27|486.935|486.935
28|486.935|486.935
29|486.935|486.935
30|486.935|486.935
31|486.935|486.935
32|486.935|486.935
33|486.935|486.935
34|486.935|486.935
35|486.935|486.935
36|486.935|486.935
37|486.935|486.935
38|486.935|486.935
39|486.935|486.935
40|486.935|486.935
41|486.935|486.935
42|486.935|486.935
43|486.935|486.935
44|486.935|486.935
45|486.935|486.935
46|486.935|486.935
47|486.935|486.935
48|486.935|486.935
49|486.935|486.935
50|486.935|486.935
51|486.935|486.935
52|486.935|486.935
53|486.935|486.935
54|486.935|486.935
55|486.935|486.935
56|486.935|486.935
57|486.935|486.935
58|486.935|486.935
59|486.935|486.935
60|486.935|486.935
61|486.935|486.935
62|486.935|486.935
63|486.935|486.935
64|486.935|486.935
65|486.935|486.935
66|486.935|486.935
67|486.935|486.935
68|486.935|486.935
69|486.935|486.935
70|486.935|486.935
71|486.935|486.935
72|486.935|486.935
73|486.935|486.935
74|486.935|486.935
75|486.935|486.935
76|486.935|486.935
77|486.935|486.935
78|486.935|486.935
79|486.935|486.935
80|486.935|486.935
81|486.935|486.935
82|486.935|486.935
83|486.935|486.935
84|486.935|486.935
85|486.935|486.935
86|486.935|486.935
87|486.935|486.935
88|486.935|486.935
89|486.935|486.935
90|486.935|486.935
91|486.935|486.935
92|486.935|486.935
93|486.935|486.935
94|486.935|486.935
95|486.935|486.935
96|486.935|486.935
97|486.935|486.935
98|486.935|486.935
99|486.935|486.935
100|486.935|486.935
101|486.935|486.935
102|486.935|486.935
103|486.935|486.935
104|486.935|486.935
105|486.935|486.935
106|486.935|486.935
107|486.935|486.935
108|486.935|486.935
109|486.935|486.935
110|486.935|486.935
111|486.935|486.935
112|486.935|486.935
113|486.935|486.935
114|486.935|486.935
115|486.935|486.935
116|486.935|486.935
117|486.935|486.935
118|486.935|486.935
119|486.935|486.935
120|486.935|486.935
121|486.935|486.935
122|486.935|486.935
123|486.935|486.935
124|486.935|486.935
125|486.935|486.935
126|486.935|486.935
127|486.935|486.935
128|486.935|486.935
129|486.935|486.935
130|486.935|486.935
131|486.935|486.935
132|486.935|486.935
133|486.935|486.935
134|486.935|486.935
135|486.935|486.935
136|486.935|486.935
137|486.935|486.935
138|486.935|486.935
139|486.935|486.935
140|486.935|486.935
141|486.935|486.935
142|486.935|486.935
143|486.935|486.935
144|486.935|486.935
145|486.935|486.935
146|486.935|486.935
147|486.935|486.935
148|486.935|486.935
149|486.935|486.935
150|486.935|486.935
151|486.935|486.935
EARLY STOP: TARGET FOUND
1748370ms
