1|502.833|502.833
2|502.833|502.833
3|502.833|502.833
4|502.833|502.833
5|502.833|502.833
6|502.833|502.833
7|502.833|502.833
8|502.833|502.833
9|502.833|502.833
10|502.833|502.833
11|502.833|502.833
12|502.833|502.833
13|502.833|502.833
14|502.833|502.833
15|502.833|502.833
16|502.833|502.833
17|502.833|502.833
18|502.833|502.833
19|502.833|502.833
20|502.833|502.833
21|502.833|502.833
22|502.833|502.833
23|502.833|502.833
24|502.833|502.833
25|502.833|502.833
26|502.833|502.833
27|502.833|502.833
28|502.833|502.833
29|502.833|502.833
30|502.833|502.833
31|502.833|502.833
32|502.833|502.833
33|502.833|502.833
34|502.833|502.833
35|502.833|502.833
36|502.833|502.833
37|502.833|502.833
38|502.833|502.833
39|502.833|502.833
40|502.833|502.833
41|502.833|502.833
42|502.833|502.833
43|502.833|502.833
44|502.833|502.833
45|502.833|502.833
46|502.833|502.833
47|502.833|502.833
48|502.833|502.833
49|502.833|502.833
50|502.833|502.833
51|502.833|502.833
52|502.833|502.833
53|502.833|502.833
54|502.833|502.833
55|502.833|502.833
56|502.833|502.833
57|502.833|502.833
58|502.833|502.833
59|502.833|502.833
60|502.833|502.833
61|502.833|502.833
62|502.833|502.833
63|502.833|502.833
64|502.833|502.833
65|502.833|502.833
66|502.833|502.833
67|502.833|502.833
68|502.833|502.833
69|502.833|502.833
70|502.833|502.833
71|502.833|502.833
72|502.833|502.833
73|502.833|502.833
74|502.833|502.833
75|502.833|502.833
76|502.833|502.833
77|502.833|502.833
78|502.833|502.833
79|502.833|502.833
80|502.833|502.833
81|502.833|502.833
82|502.833|502.833
83|502.833|502.833
84|502.833|502.833
85|502.833|502.833
86|502.833|502.833
87|502.833|502.833
88|502.833|502.833
89|502.833|502.833
90|502.833|502.833
91|502.833|502.833
92|502.833|502.833
93|502.833|502.833
94|502.833|502.833
95|502.833|502.833
96|502.833|502.833
97|502.833|502.833
98|502.833|502.833
99|502.833|502.833
100|502.833|502.833
101|502.833|502.833
102|502.833|502.833
103|502.833|502.833
104|502.833|502.833
105|502.833|502.833
106|502.833|502.833
107|502.833|502.833
108|502.833|502.833
109|502.833|502.833
110|502.833|502.833
111|502.833|502.833
112|502.833|502.833
113|502.833|502.833
114|502.833|502.833
115|502.833|502.833
116|502.833|502.833
117|502.833|502.833
118|502.833|502.833
119|502.833|502.833
120|502.833|502.833
121|502.833|502.833
122|502.833|502.833
123|502.833|502.833
124|502.833|502.833
125|502.833|502.833
126|502.833|502.833
127|502.833|502.833
128|502.833|502.833
129|502.833|502.833
130|502.833|502.833
131|502.833|502.833
132|502.833|502.833
133|502.833|502.833
134|502.833|502.833
135|502.833|502.833
136|502.833|502.833
137|502.833|502.833
138|502.833|502.833
139|502.833|502.833
140|502.833|502.833
141|502.833|502.833
142|502.833|502.833
143|502.833|502.833
144|502.833|502.833
145|502.833|502.833
146|502.833|502.833
147|502.833|502.833
148|502.833|502.833
149|502.833|502.833
150|502.833|502.833
151|502.833|502.833
EARLY STOP: TARGET FOUND
1730868ms
