1|-2.40594|-2.40594
2|-2.40594|-2.40594
3|-2.40594|-2.40594
4|-2.40594|-2.40594
5|-2.40594|-2.40594
6|-2.40594|-2.40594
7|-2.40594|-2.40594
8|-2.40594|-2.40594
9|-2.40594|-2.40594
10|-2.40594|-2.40594
11|-2.40594|-2.40594
12|-2.40594|-2.40594
13|-2.40594|-2.40594
14|-2.40594|-2.40594
15|-2.40594|-2.40594
16|-2.40594|-2.40594
17|-2.40594|-2.40594
18|-2.40594|-2.40594
19|-2.40594|-2.40594
20|-2.40594|-2.40594
21|-2.40594|-2.40594
22|-2.40594|-2.40594
23|-2.40594|-2.40594
24|-2.40594|-2.40594
25|-2.40594|-2.40594
26|-2.40594|-2.40594
27|-2.40594|-2.40594
28|-2.40594|-2.40594
29|-2.40594|-2.40594
30|-2.40594|-2.40594
31|-2.40594|-2.40594
32|-2.40594|-2.40594
33|-2.40594|-2.40594
34|-2.40594|-2.40594
35|-2.40594|-2.40594
36|-2.40594|-2.40594
37|-2.40594|-2.40594
38|-2.40594|-2.40594
39|-2.40594|-2.40594
40|-2.40594|-2.40594
41|-2.40594|-2.40594
42|-2.40594|-2.40594
43|-2.40594|-2.40594
44|-2.40594|-2.40594
45|-2.40594|-2.40594
46|-2.40594|-2.40594
47|-2.40594|-2.40594
48|-2.40594|-2.40594
49|-2.40594|-2.40594
50|-2.40594|-2.40594
51|-2.40594|-2.40594
52|-2.40594|-2.40594
53|-2.40594|-2.40594
54|-2.40594|-2.40594
55|-2.40594|-2.40594
56|-2.40594|-2.40594
57|-2.40594|-2.40594
58|-2.40594|-2.40594
59|-2.40594|-2.40594
60|-2.40594|-2.40594
61|-2.40594|-2.40594
62|-2.40594|-2.40594
63|-2.40594|-2.40594
64|-2.40594|-2.40594
65|-2.40594|-2.40594
66|-2.40594|-2.40594
67|-2.40594|-2.40594
68|-2.40594|-2.40594
69|-2.40594|-2.40594
70|-2.40594|-2.40594
71|-2.40594|-2.40594
72|-2.40594|-2.40594
73|-2.40594|-2.40594
74|-2.40594|-2.40594
75|-2.40594|-2.40594
76|-2.40594|-2.40594
77|-2.40594|-2.40594
78|-2.40594|-2.40594
79|-2.40594|-2.40594
80|-2.40594|-2.40594
81|-2.40594|-2.40594
82|-2.40594|-2.40594
83|-2.40594|-2.40594
84|-2.40594|-2.40594
85|-2.40594|-2.40594
86|-2.40594|-2.40594
87|-2.40594|-2.40594
88|-2.40594|-2.40594
89|-2.40594|-2.40594
90|-2.40594|-2.40594
91|-2.40594|-2.40594
92|-2.40594|-2.40594
93|-2.40594|-2.40594
94|-2.40594|-2.40594
95|-2.40594|-2.40594
96|-2.40594|-2.40594
97|-2.40594|-2.40594
98|-2.40594|-2.40594
99|-2.40594|-2.40594
100|-2.40594|-2.40594
101|-2.40594|-2.40594
102|-2.40594|-2.40594
103|-2.40594|-2.40594
104|-2.40594|-2.40594
105|-2.40594|-2.40594
106|-2.40594|-2.40594
107|-2.40594|-2.40594
108|-2.40594|-2.40594
109|-2.40594|-2.40594
110|-2.40594|-2.40594
111|-2.40594|-2.40594
112|-2.40594|-2.40594
113|-2.40594|-2.40594
114|-2.40594|-2.40594
115|-2.40594|-2.40594
116|-2.40594|-2.40594
117|-2.40594|-2.40594
118|-2.40594|-2.40594
119|-2.40594|-2.40594
120|-2.40594|-2.40594
121|-2.40594|-2.40594
122|-2.40594|-2.40594
123|-2.40594|-2.40594
124|-2.40594|-2.40594
125|-2.40594|-2.40594
126|-2.40594|-2.40594
127|-2.40594|-2.40594
128|-2.40594|-2.40594
129|-2.40594|-2.40594
130|-2.40594|-2.40594
131|-2.40594|-2.40594
132|-2.40594|-2.40594
133|-2.40594|-2.40594
134|-2.40594|-2.40594
135|-2.40594|-2.40594
136|-2.40594|-2.40594
137|-2.40594|-2.40594
138|-2.40594|-2.40594
139|-2.40594|-2.40594
140|-2.40594|-2.40594
141|-2.40594|-2.40594
142|-2.40594|-2.40594
143|-2.40594|-2.40594
144|-2.40594|-2.40594
145|-2.40594|-2.40594
146|-2.40594|-2.40594
147|-2.40594|-2.40594
148|-2.40594|-2.40594
149|-2.40594|-2.40594
150|-2.40594|-2.40594
151|-2.40594|-2.40594
EARLY STOP: TARGET FOUND
210281ms
