1|112.343|112.343
2|112.343|112.343
3|112.343|112.343
4|112.343|112.343
5|112.343|112.343
6|112.343|112.343
7|112.343|112.343
8|112.343|112.343
9|112.343|112.343
10|112.343|112.343
11|112.343|112.343
12|112.343|112.343
13|112.343|112.343
14|112.343|112.343
15|112.343|112.343
16|112.343|112.343
17|112.343|112.343
18|112.343|112.343
19|112.343|112.343
20|112.343|112.343
21|112.343|112.343
22|112.343|112.343
23|112.343|112.343
24|112.343|112.343
25|112.343|112.343
26|112.343|112.343
27|112.343|112.343
28|112.343|112.343
29|112.343|112.343
30|112.343|112.343
31|112.343|112.343
32|112.343|112.343
33|112.343|112.343
34|112.343|112.343
35|112.343|112.343
36|112.343|112.343
37|112.343|112.343
38|112.343|112.343
39|112.343|112.343
40|112.343|112.343
41|112.343|112.343
42|112.343|112.343
43|112.343|112.343
44|112.343|112.343
45|112.343|112.343
46|112.343|112.343
47|112.343|112.343
48|112.343|112.343
49|112.343|112.343
50|112.343|112.343
51|112.343|112.343
52|112.343|112.343
53|112.343|112.343
54|112.343|112.343
55|112.343|112.343
56|112.343|112.343
57|112.343|112.343
58|112.343|112.343
59|112.343|112.343
60|112.343|112.343
61|112.343|112.343
62|112.343|112.343
63|112.343|112.343
64|112.343|112.343
65|112.343|112.343
66|112.343|112.343
67|112.343|112.343
68|112.343|112.343
69|112.343|112.343
70|112.343|112.343
71|112.343|112.343
72|112.343|112.343
73|112.343|112.343
74|112.343|112.343
75|112.343|112.343
76|112.343|112.343
77|112.343|112.343
78|112.343|112.343
79|112.343|112.343
80|112.343|112.343
81|112.343|112.343
82|112.343|112.343
83|112.343|112.343
84|112.343|112.343
85|112.343|112.343
86|112.343|112.343
87|112.343|112.343
88|112.343|112.343
89|112.343|112.343
90|112.343|112.343
91|112.343|112.343
92|112.343|112.343
93|112.343|112.343
94|112.343|112.343
95|112.343|112.343
96|112.343|112.343
97|112.343|112.343
98|112.343|112.343
99|112.343|112.343
100|112.343|112.343
101|112.343|112.343
102|112.343|112.343
103|112.343|112.343
104|112.343|112.343
105|112.343|112.343
106|112.343|112.343
107|112.343|112.343
108|112.343|112.343
109|112.343|112.343
110|112.343|112.343
111|112.343|112.343
112|112.343|112.343
113|112.343|112.343
114|112.343|112.343
115|112.343|112.343
116|112.343|112.343
117|112.343|112.343
118|112.343|112.343
119|112.343|112.343
120|112.343|112.343
121|112.343|112.343
122|112.343|112.343
123|112.343|112.343
124|112.343|112.343
125|112.343|112.343
126|112.343|112.343
127|112.343|112.343
128|112.343|112.343
129|112.343|112.343
130|112.343|112.343
131|112.343|112.343
132|112.343|112.343
133|112.343|112.343
134|112.343|112.343
135|112.343|112.343
136|112.343|112.343
137|112.343|112.343
138|112.343|112.343
139|112.343|112.343
140|112.343|112.343
141|112.343|112.343
142|112.343|112.343
143|112.343|112.343
144|112.343|112.343
145|112.343|112.343
146|112.343|112.343
147|112.343|112.343
148|112.343|112.343
149|112.343|112.343
150|112.343|112.343
151|112.343|112.343
EARLY STOP: TARGET FOUND
205815ms
