1|482.916|482.916
2|482.916|482.916
3|482.916|482.916
4|482.916|482.916
5|482.916|482.916
6|482.916|482.916
7|482.916|482.916
8|482.916|482.916
9|482.916|482.916
10|482.916|482.916
11|482.916|482.916
12|482.916|482.916
13|482.916|482.916
14|482.916|482.916
15|482.916|482.916
16|482.916|482.916
17|482.916|482.916
18|482.916|482.916
19|482.916|482.916
20|482.916|482.916
21|482.916|482.916
22|482.916|482.916
23|482.916|482.916
24|482.916|482.916
25|482.916|482.916
26|482.916|482.916
27|482.916|482.916
28|482.916|482.916
29|482.916|482.916
30|482.916|482.916
31|482.916|482.916
32|482.916|482.916
33|482.916|482.916
34|482.916|482.916
35|482.916|482.916
36|482.916|482.916
37|482.916|482.916
38|482.916|482.916
39|482.916|482.916
40|482.916|482.916
41|482.916|482.916
42|482.916|482.916
43|482.916|482.916
44|482.916|482.916
45|482.916|482.916
46|482.916|482.916
47|482.916|482.916
48|482.916|482.916
49|482.916|482.916
50|482.916|482.916
51|482.916|482.916
52|482.916|482.916
53|482.916|482.916
54|482.916|482.916
55|482.916|482.916
56|482.916|482.916
57|482.916|482.916
58|482.916|482.916
59|482.916|482.916
60|482.916|482.916
61|482.916|482.916
62|482.916|482.916
63|482.916|482.916
64|482.916|482.916
65|482.916|482.916
66|482.916|482.916
67|482.916|482.916
68|482.916|482.916
69|482.916|482.916
70|482.916|482.916
71|482.916|482.916
72|482.916|482.916
73|482.916|482.916
74|482.916|482.916
75|482.916|482.916
76|482.916|482.916
77|482.916|482.916
78|482.916|482.916
79|482.916|482.916
80|482.916|482.916
81|482.916|482.916
82|482.916|482.916
83|482.916|482.916
84|482.916|482.916
85|482.916|482.916
86|482.916|482.916
87|482.916|482.916
88|482.916|482.916
89|482.916|482.916
90|482.916|482.916
91|482.916|482.916
92|482.916|482.916
93|482.916|482.916
94|482.916|482.916
95|482.916|482.916
96|482.916|482.916
97|482.916|482.916
98|482.916|482.916
99|482.916|482.916
100|482.916|482.916
101|482.916|482.916
102|482.916|482.916
103|482.916|482.916
104|482.916|482.916
105|482.916|482.916
106|482.916|482.916
107|482.916|482.916
108|482.916|482.916
109|482.916|482.916
110|482.916|482.916
111|482.916|482.916
112|482.916|482.916
113|482.916|482.916
114|482.916|482.916
115|482.916|482.916
116|482.916|482.916
117|482.916|482.916
118|482.916|482.916
119|482.916|482.916
120|482.916|482.916
121|482.916|482.916
122|482.916|482.916
123|482.916|482.916
124|482.916|482.916
125|482.916|482.916
126|482.916|482.916
127|482.916|482.916
128|482.916|482.916
129|482.916|482.916
130|482.916|482.916
131|482.916|482.916
132|482.916|482.916
133|482.916|482.916
134|482.916|482.916
135|482.916|482.916
136|482.916|482.916
137|482.916|482.916
138|482.916|482.916
139|482.916|482.916
140|482.916|482.916
141|482.916|482.916
142|482.916|482.916
143|482.916|482.916
144|482.916|482.916
145|482.916|482.916
146|482.916|482.916
147|482.916|482.916
148|482.916|482.916
149|482.916|482.916
150|482.916|482.916
151|482.916|482.916
EARLY STOP: TARGET FOUND
1802191ms
