1|162.856|162.856
2|162.856|162.856
3|162.856|162.856
4|162.856|162.856
5|162.856|162.856
6|162.856|162.856
7|162.856|162.856
8|162.856|162.856
9|162.856|162.856
10|162.856|162.856
11|162.856|162.856
12|162.856|162.856
13|162.856|162.856
14|162.856|162.856
15|162.856|162.856
16|162.856|162.856
17|162.856|162.856
18|162.856|162.856
19|162.856|162.856
20|162.856|162.856
21|162.856|162.856
22|162.856|162.856
23|162.856|162.856
24|162.856|162.856
25|162.856|162.856
26|162.856|162.856
27|162.856|162.856
28|162.856|162.856
29|162.856|162.856
30|162.856|162.856
31|162.856|162.856
32|162.856|162.856
33|162.856|162.856
34|162.856|162.856
35|162.856|162.856
36|162.856|162.856
37|162.856|162.856
38|162.856|162.856
39|162.856|162.856
40|162.856|162.856
41|162.856|162.856
42|162.856|162.856
43|162.856|162.856
44|162.856|162.856
45|162.856|162.856
46|162.856|162.856
47|162.856|162.856
48|162.856|162.856
49|162.856|162.856
50|162.856|162.856
51|162.856|162.856
52|162.856|162.856
53|162.856|162.856
54|162.856|162.856
55|162.856|162.856
56|162.856|162.856
57|162.856|162.856
58|162.856|162.856
59|162.856|162.856
60|162.856|162.856
61|162.856|162.856
62|162.856|162.856
63|162.856|162.856
64|162.856|162.856
65|162.856|162.856
66|162.856|162.856
67|162.856|162.856
68|162.856|162.856
69|162.856|162.856
70|162.856|162.856
71|162.856|162.856
72|162.856|162.856
73|162.856|162.856
74|162.856|162.856
75|162.856|162.856
76|162.856|162.856
77|162.856|162.856
78|162.856|162.856
79|162.856|162.856
80|162.856|162.856
81|162.856|162.856
82|162.856|162.856
83|162.856|162.856
84|162.856|162.856
85|162.856|162.856
86|162.856|162.856
87|162.856|162.856
88|162.856|162.856
89|162.856|162.856
90|162.856|162.856
91|162.856|162.856
92|162.856|162.856
93|162.856|162.856
94|162.856|162.856
95|162.856|162.856
96|162.856|162.856
97|162.856|162.856
98|162.856|162.856
99|162.856|162.856
100|162.856|162.856
101|162.856|162.856
102|162.856|162.856
103|162.856|162.856
104|162.856|162.856
105|162.856|162.856
106|162.856|162.856
107|162.856|162.856
108|162.856|162.856
109|162.856|162.856
110|162.856|162.856
111|162.856|162.856
112|162.856|162.856
113|162.856|162.856
114|162.856|162.856
115|162.856|162.856
116|162.856|162.856
117|162.856|162.856
118|162.856|162.856
119|162.856|162.856
120|162.856|162.856
121|162.856|162.856
122|162.856|162.856
123|162.856|162.856
124|162.856|162.856
125|162.856|162.856
126|162.856|162.856
127|162.856|162.856
128|162.856|162.856
129|162.856|162.856
130|162.856|162.856
131|162.856|162.856
132|162.856|162.856
133|162.856|162.856
134|162.856|162.856
135|162.856|162.856
136|162.856|162.856
137|162.856|162.856
138|162.856|162.856
139|162.856|162.856
140|162.856|162.856
141|162.856|162.856
142|162.856|162.856
143|162.856|162.856
144|162.856|162.856
145|162.856|162.856
146|162.856|162.856
147|162.856|162.856
148|162.856|162.856
149|162.856|162.856
150|162.856|162.856
151|162.856|162.856
EARLY STOP: TARGET FOUND
229564ms
