1|71.9326|71.9326
2|71.9326|71.9326
3|71.9326|71.9326
4|71.9326|71.9326
5|71.9326|71.9326
6|71.9326|71.9326
7|71.9326|71.9326
8|71.9326|71.9326
9|71.9326|71.9326
10|71.9326|71.9326
11|71.9326|71.9326
12|71.9326|71.9326
13|71.9326|71.9326
14|71.9326|71.9326
15|71.9326|71.9326
16|71.9326|71.9326
17|71.9326|71.9326
18|71.9326|71.9326
19|71.9326|71.9326
20|71.9326|71.9326
21|71.9326|71.9326
22|71.9326|71.9326
23|71.9326|71.9326
24|71.9326|71.9326
25|71.9326|71.9326
26|71.9326|71.9326
27|71.9326|71.9326
28|71.9326|71.9326
29|71.9326|71.9326
30|71.9326|71.9326
31|71.9326|71.9326
32|71.9326|71.9326
33|71.9326|71.9326
34|71.9326|71.9326
35|71.9326|71.9326
36|71.9326|71.9326
37|71.9326|71.9326
38|71.9326|71.9326
39|71.9326|71.9326
40|71.9326|71.9326
41|71.9326|71.9326
42|71.9326|71.9326
43|71.9326|71.9326
44|71.9326|71.9326
45|71.9326|71.9326
46|71.9326|71.9326
47|71.9326|71.9326
48|71.9326|71.9326
49|71.9326|71.9326
50|71.9326|71.9326
51|71.9326|71.9326
52|71.9326|71.9326
53|71.9326|71.9326
54|71.9326|71.9326
55|71.9326|71.9326
56|71.9326|71.9326
57|71.9326|71.9326
58|71.9326|71.9326
59|71.9326|71.9326
60|71.9326|71.9326
61|71.9326|71.9326
62|71.9326|71.9326
63|71.9326|71.9326
64|71.9326|71.9326
65|71.9326|71.9326
66|71.9326|71.9326
67|71.9326|71.9326
68|71.9326|71.9326
69|71.9326|71.9326
70|71.9326|71.9326
71|71.9326|71.9326
72|71.9326|71.9326
73|71.9326|71.9326
74|71.9326|71.9326
75|71.9326|71.9326
76|71.9326|71.9326
77|71.9326|71.9326
78|71.9326|71.9326
79|71.9326|71.9326
80|71.9326|71.9326
81|71.9326|71.9326
82|71.9326|71.9326
83|71.9326|71.9326
84|71.9326|71.9326
85|71.9326|71.9326
86|71.9326|71.9326
87|71.9326|71.9326
88|71.9326|71.9326
89|71.9326|71.9326
90|71.9326|71.9326
91|71.9326|71.9326
92|71.9326|71.9326
93|71.9326|71.9326
94|71.9326|71.9326
95|71.9326|71.9326
96|71.9326|71.9326
97|71.9326|71.9326
98|71.9326|71.9326
99|71.9326|71.9326
100|71.9326|71.9326
101|71.9326|71.9326
102|71.9326|71.9326
103|71.9326|71.9326
104|71.9326|71.9326
105|71.9326|71.9326
106|71.9326|71.9326
107|71.9326|71.9326
108|71.9326|71.9326
109|71.9326|71.9326
110|71.9326|71.9326
111|71.9326|71.9326
112|71.9326|71.9326
113|71.9326|71.9326
114|71.9326|71.9326
115|71.9326|71.9326
116|71.9326|71.9326
117|71.9326|71.9326
118|71.9326|71.9326
119|71.9326|71.9326
120|71.9326|71.9326
121|71.9326|71.9326
122|71.9326|71.9326
123|71.9326|71.9326
124|71.9326|71.9326
125|71.9326|71.9326
126|71.9326|71.9326
127|71.9326|71.9326
128|71.9326|71.9326
129|71.9326|71.9326
130|71.9326|71.9326
131|71.9326|71.9326
132|71.9326|71.9326
133|71.9326|71.9326
134|71.9326|71.9326
135|71.9326|71.9326
136|71.9326|71.9326
137|71.9326|71.9326
138|71.9326|71.9326
139|71.9326|71.9326
140|71.9326|71.9326
141|71.9326|71.9326
142|71.9326|71.9326
143|71.9326|71.9326
144|71.9326|71.9326
145|71.9326|71.9326
146|71.9326|71.9326
147|71.9326|71.9326
148|71.9326|71.9326
149|71.9326|71.9326
150|71.9326|71.9326
151|71.9326|71.9326
EARLY STOP: TARGET FOUND
59399ms
