1|-0.559163|-0.559163
2|-0.559163|-0.559163
3|-0.559163|-0.559163
4|-0.559163|-0.559163
5|-0.559163|-0.559163
6|-0.559163|-0.559163
7|-0.559163|-0.559163
8|-0.559163|-0.559163
9|-0.559163|-0.559163
10|-0.559163|-0.559163
11|-0.559163|-0.559163
12|-0.559163|-0.559163
13|-0.559163|-0.559163
14|-0.559163|-0.559163
15|-0.559163|-0.559163
16|-0.559163|-0.559163
17|-0.559163|-0.559163
18|-0.559163|-0.559163
19|-0.559163|-0.559163
20|-0.559163|-0.559163
21|-0.559163|-0.559163
22|-0.559163|-0.559163
23|-0.559163|-0.559163
24|-0.559163|-0.559163
25|-0.559163|-0.559163
26|-0.559163|-0.559163
27|-0.559163|-0.559163
28|-0.559163|-0.559163
29|-0.559163|-0.559163
30|-0.559163|-0.559163
31|-0.559163|-0.559163
32|-0.559163|-0.559163
33|-0.559163|-0.559163
34|-0.559163|-0.559163
35|-0.559163|-0.559163
36|-0.559163|-0.559163
37|-0.559163|-0.559163
38|-0.559163|-0.559163
39|-0.559163|-0.559163
40|-0.559163|-0.559163
41|-0.559163|-0.559163
42|-0.559163|-0.559163
43|-0.559163|-0.559163
44|-0.559163|-0.559163
45|-0.559163|-0.559163
46|-0.559163|-0.559163
47|-0.559163|-0.559163
48|-0.559163|-0.559163
49|-0.559163|-0.559163
50|-0.559163|-0.559163
51|-0.559163|-0.559163
52|-0.559163|-0.559163
53|-0.559163|-0.559163
54|-0.559163|-0.559163
55|-0.559163|-0.559163
56|-0.559163|-0.559163
57|-0.559163|-0.559163
58|-0.559163|-0.559163
59|-0.559163|-0.559163
60|-0.559163|-0.559163
61|-0.559163|-0.559163
62|-0.559163|-0.559163
63|-0.559163|-0.559163
64|-0.559163|-0.559163
65|-0.559163|-0.559163
66|-0.559163|-0.559163
67|-0.559163|-0.559163
68|-0.559163|-0.559163
69|-0.559163|-0.559163
70|-0.559163|-0.559163
71|-0.559163|-0.559163
72|-0.559163|-0.559163
73|-0.559163|-0.559163
74|-0.559163|-0.559163
75|-0.559163|-0.559163
76|-0.559163|-0.559163
77|-0.559163|-0.559163
78|-0.559163|-0.559163
79|-0.559163|-0.559163
80|-0.559163|-0.559163
81|-0.559163|-0.559163
82|-0.559163|-0.559163
83|-0.559163|-0.559163
84|-0.559163|-0.559163
85|-0.559163|-0.559163
86|-0.559163|-0.559163
87|-0.559163|-0.559163
88|-0.559163|-0.559163
89|-0.559163|-0.559163
90|-0.559163|-0.559163
91|-0.559163|-0.559163
92|-0.559163|-0.559163
93|-0.559163|-0.559163
94|-0.559163|-0.559163
95|-0.559163|-0.559163
96|-0.559163|-0.559163
97|-0.559163|-0.559163
98|-0.559163|-0.559163
99|-0.559163|-0.559163
100|-0.559163|-0.559163
101|-0.559163|-0.559163
102|-0.559163|-0.559163
103|-0.559163|-0.559163
104|-0.559163|-0.559163
105|-0.559163|-0.559163
106|-0.559163|-0.559163
107|-0.559163|-0.559163
108|-0.559163|-0.559163
109|-0.559163|-0.559163
110|-0.559163|-0.559163
111|-0.559163|-0.559163
112|-0.559163|-0.559163
113|-0.559163|-0.559163
114|-0.559163|-0.559163
115|-0.559163|-0.559163
116|-0.559163|-0.559163
117|-0.559163|-0.559163
118|-0.559163|-0.559163
119|-0.559163|-0.559163
120|-0.559163|-0.559163
121|-0.559163|-0.559163
122|-0.559163|-0.559163
123|-0.559163|-0.559163
124|-0.559163|-0.559163
125|-0.559163|-0.559163
126|-0.559163|-0.559163
127|-0.559163|-0.559163
128|-0.559163|-0.559163
129|-0.559163|-0.559163
130|-0.559163|-0.559163
131|-0.559163|-0.559163
132|-0.559163|-0.559163
133|-0.559163|-0.559163
134|-0.559163|-0.559163
135|-0.559163|-0.559163
136|-0.559163|-0.559163
137|-0.559163|-0.559163
138|-0.559163|-0.559163
139|-0.559163|-0.559163
140|-0.559163|-0.559163
141|-0.559163|-0.559163
142|-0.559163|-0.559163
143|-0.559163|-0.559163
144|-0.559163|-0.559163
145|-0.559163|-0.559163
146|-0.559163|-0.559163
147|-0.559163|-0.559163
148|-0.559163|-0.559163
149|-0.559163|-0.559163
150|-0.559163|-0.559163
151|-0.559163|-0.559163
EARLY STOP: TARGET FOUND
206778ms
