1|-0.59562|-0.59562
2|-0.59562|-0.59562
3|-0.59562|-0.59562
4|-0.59562|-0.59562
5|-0.59562|-0.59562
6|-0.59562|-0.59562
7|-0.59562|-0.59562
8|-0.59562|-0.59562
9|-0.59562|-0.59562
10|-0.59562|-0.59562
11|-0.59562|-0.59562
12|-0.59562|-0.59562
13|-0.59562|-0.59562
14|-0.59562|-0.59562
15|-0.59562|-0.59562
16|-0.59562|-0.59562
17|-0.59562|-0.59562
18|-0.59562|-0.59562
19|-0.59562|-0.59562
20|-0.59562|-0.59562
21|-0.59562|-0.59562
22|-0.59562|-0.59562
23|-0.59562|-0.59562
24|-0.59562|-0.59562
25|-0.59562|-0.59562
26|-0.59562|-0.59562
27|-0.59562|-0.59562
28|-0.59562|-0.59562
29|-0.59562|-0.59562
30|-0.59562|-0.59562
31|-0.59562|-0.59562
32|-0.59562|-0.59562
33|-0.59562|-0.59562
34|-0.59562|-0.59562
35|-0.59562|-0.59562
36|-0.59562|-0.59562
37|-0.59562|-0.59562
38|-0.59562|-0.59562
39|-0.59562|-0.59562
40|-0.59562|-0.59562
41|-0.59562|-0.59562
42|-0.59562|-0.59562
43|-0.59562|-0.59562
44|-0.59562|-0.59562
45|-0.59562|-0.59562
46|-0.59562|-0.59562
47|-0.59562|-0.59562
48|-0.59562|-0.59562
49|-0.59562|-0.59562
50|-0.59562|-0.59562
51|-0.59562|-0.59562
52|-0.59562|-0.59562
53|-0.59562|-0.59562
54|-0.59562|-0.59562
55|-0.59562|-0.59562
56|-0.59562|-0.59562
57|-0.59562|-0.59562
58|-0.59562|-0.59562
59|-0.59562|-0.59562
60|-0.59562|-0.59562
61|-0.59562|-0.59562
62|-0.59562|-0.59562
63|-0.59562|-0.59562
64|-0.59562|-0.59562
65|-0.59562|-0.59562
66|-0.59562|-0.59562
67|-0.59562|-0.59562
68|-0.59562|-0.59562
69|-0.59562|-0.59562
70|-0.59562|-0.59562
71|-0.59562|-0.59562
72|-0.59562|-0.59562
73|-0.59562|-0.59562
74|-0.59562|-0.59562
75|-0.59562|-0.59562
76|-0.59562|-0.59562
77|-0.59562|-0.59562
78|-0.59562|-0.59562
79|-0.59562|-0.59562
80|-0.59562|-0.59562
81|-0.59562|-0.59562
82|-0.59562|-0.59562
83|-0.59562|-0.59562
84|-0.59562|-0.59562
85|-0.59562|-0.59562
86|-0.59562|-0.59562
87|-0.59562|-0.59562
88|-0.59562|-0.59562
89|-0.59562|-0.59562
90|-0.59562|-0.59562
91|-0.59562|-0.59562
92|-0.59562|-0.59562
93|-0.59562|-0.59562
94|-0.59562|-0.59562
95|-0.59562|-0.59562
96|-0.59562|-0.59562
97|-0.59562|-0.59562
98|-0.59562|-0.59562
99|-0.59562|-0.59562
100|-0.59562|-0.59562
101|-0.59562|-0.59562
102|-0.59562|-0.59562
103|-0.59562|-0.59562
104|-0.59562|-0.59562
105|-0.59562|-0.59562
106|-0.59562|-0.59562
107|-0.59562|-0.59562
108|-0.59562|-0.59562
109|-0.59562|-0.59562
110|-0.59562|-0.59562
111|-0.59562|-0.59562
112|-0.59562|-0.59562
113|-0.59562|-0.59562
114|-0.59562|-0.59562
115|-0.59562|-0.59562
116|-0.59562|-0.59562
117|-0.59562|-0.59562
118|-0.59562|-0.59562
119|-0.59562|-0.59562
120|-0.59562|-0.59562
121|-0.59562|-0.59562
122|-0.59562|-0.59562
123|-0.59562|-0.59562
124|-0.59562|-0.59562
125|-0.59562|-0.59562
126|-0.59562|-0.59562
127|-0.59562|-0.59562
128|-0.59562|-0.59562
129|-0.59562|-0.59562
130|-0.59562|-0.59562
131|-0.59562|-0.59562
132|-0.59562|-0.59562
133|-0.59562|-0.59562
134|-0.59562|-0.59562
135|-0.59562|-0.59562
136|-0.59562|-0.59562
137|-0.59562|-0.59562
138|-0.59562|-0.59562
139|-0.59562|-0.59562
140|-0.59562|-0.59562
141|-0.59562|-0.59562
142|-0.59562|-0.59562
143|-0.59562|-0.59562
144|-0.59562|-0.59562
145|-0.59562|-0.59562
146|-0.59562|-0.59562
147|-0.59562|-0.59562
148|-0.59562|-0.59562
149|-0.59562|-0.59562
150|-0.59562|-0.59562
151|-0.59562|-0.59562
EARLY STOP: TARGET FOUND
58306ms
