1|49.4704|49.4704
2|49.4704|49.4704
3|49.4704|49.4704
4|49.4704|49.4704
5|49.4704|49.4704
6|49.4704|49.4704
7|49.4704|49.4704
8|49.4704|49.4704
9|49.4704|49.4704
10|49.4704|49.4704
11|49.4704|49.4704
12|49.4704|49.4704
13|49.4704|49.4704
14|49.4704|49.4704
15|49.4704|49.4704
16|49.4704|49.4704
17|49.4704|49.4704
18|49.4704|49.4704
19|49.4704|49.4704
20|49.4704|49.4704
21|49.4704|49.4704
22|49.4704|49.4704
23|49.4704|49.4704
24|49.4704|49.4704
25|49.4704|49.4704
26|49.4704|49.4704
27|49.4704|49.4704
28|49.4704|49.4704
29|49.4704|49.4704
30|49.4704|49.4704
31|49.4704|49.4704
32|49.4704|49.4704
33|49.4704|49.4704
34|49.4704|49.4704
35|49.4704|49.4704
36|49.4704|49.4704
37|49.4704|49.4704
38|49.4704|49.4704
39|49.4704|49.4704
40|49.4704|49.4704
41|49.4704|49.4704
42|49.4704|49.4704
43|49.4704|49.4704
44|49.4704|49.4704
45|49.4704|49.4704
46|49.4704|49.4704
47|49.4704|49.4704
48|49.4704|49.4704
49|49.4704|49.4704
50|49.4704|49.4704
51|49.4704|49.4704
52|49.4704|49.4704
53|49.4704|49.4704
54|49.4704|49.4704
55|49.4704|49.4704
56|49.4704|49.4704
57|49.4704|49.4704
58|49.4704|49.4704
59|49.4704|49.4704
60|49.4704|49.4704
61|49.4704|49.4704
62|49.4704|49.4704
63|49.4704|49.4704
64|49.4704|49.4704
65|49.4704|49.4704
66|49.4704|49.4704
67|49.4704|49.4704
68|49.4704|49.4704
69|49.4704|49.4704
70|49.4704|49.4704
71|49.4704|49.4704
72|49.4704|49.4704
73|49.4704|49.4704
74|49.4704|49.4704
75|49.4704|49.4704
76|49.4704|49.4704
77|49.4704|49.4704
78|49.4704|49.4704
79|49.4704|49.4704
80|49.4704|49.4704
81|49.4704|49.4704
82|49.4704|49.4704
83|49.4704|49.4704
84|49.4704|49.4704
85|49.4704|49.4704
86|49.4704|49.4704
87|49.4704|49.4704
88|49.4704|49.4704
89|49.4704|49.4704
90|49.4704|49.4704
91|49.4704|49.4704
92|49.4704|49.4704
93|49.4704|49.4704
94|49.4704|49.4704
95|49.4704|49.4704
96|49.4704|49.4704
97|49.4704|49.4704
98|49.4704|49.4704
99|49.4704|49.4704
100|49.4704|49.4704
101|49.4704|49.4704
102|49.4704|49.4704
103|49.4704|49.4704
104|49.4704|49.4704
105|49.4704|49.4704
106|49.4704|49.4704
107|49.4704|49.4704
108|49.4704|49.4704
109|49.4704|49.4704
110|49.4704|49.4704
111|49.4704|49.4704
112|49.4704|49.4704
113|49.4704|49.4704
114|49.4704|49.4704
115|49.4704|49.4704
116|49.4704|49.4704
117|49.4704|49.4704
118|49.4704|49.4704
119|49.4704|49.4704
120|49.4704|49.4704
121|49.4704|49.4704
122|49.4704|49.4704
123|49.4704|49.4704
124|49.4704|49.4704
125|49.4704|49.4704
126|49.4704|49.4704
127|49.4704|49.4704
128|49.4704|49.4704
129|49.4704|49.4704
130|49.4704|49.4704
131|49.4704|49.4704
132|49.4704|49.4704
133|49.4704|49.4704
134|49.4704|49.4704
135|49.4704|49.4704
136|49.4704|49.4704
137|49.4704|49.4704
138|49.4704|49.4704
139|49.4704|49.4704
140|49.4704|49.4704
141|49.4704|49.4704
142|49.4704|49.4704
143|49.4704|49.4704
144|49.4704|49.4704
145|49.4704|49.4704
146|49.4704|49.4704
147|49.4704|49.4704
148|49.4704|49.4704
149|49.4704|49.4704
150|49.4704|49.4704
151|49.4704|49.4704
EARLY STOP: TARGET FOUND
208309ms
