1|77.4341|77.4341
2|77.4341|77.4341
3|77.4341|77.4341
4|77.4341|77.4341
5|77.4341|77.4341
6|77.4341|77.4341
7|77.4341|77.4341
8|77.4341|77.4341
9|77.4341|77.4341
10|77.4341|77.4341
11|77.4341|77.4341
12|77.4341|77.4341
13|77.4341|77.4341
14|77.4341|77.4341
15|77.4341|77.4341
16|77.4341|77.4341
17|77.4341|77.4341
18|77.4341|77.4341
19|77.4341|77.4341
20|77.4341|77.4341
21|77.4341|77.4341
22|77.4341|77.4341
23|77.4341|77.4341
24|77.4341|77.4341
25|77.4341|77.4341
26|77.4341|77.4341
27|77.4341|77.4341
28|77.4341|77.4341
29|77.4341|77.4341
30|77.4341|77.4341
31|77.4341|77.4341
32|77.4341|77.4341
33|77.4341|77.4341
34|77.4341|77.4341
35|77.4341|77.4341
36|77.4341|77.4341
37|77.4341|77.4341
38|77.4341|77.4341
39|77.4341|77.4341
40|77.4341|77.4341
41|77.4341|77.4341
42|77.4341|77.4341
43|77.4341|77.4341
44|77.4341|77.4341
45|77.4341|77.4341
46|77.4341|77.4341
47|77.4341|77.4341
48|77.4341|77.4341
49|77.4341|77.4341
50|77.4341|77.4341
51|77.4341|77.4341
52|77.4341|77.4341
53|77.4341|77.4341
54|77.4341|77.4341
55|77.4341|77.4341
56|77.4341|77.4341
57|77.4341|77.4341
58|77.4341|77.4341
59|77.4341|77.4341
60|77.4341|77.4341
61|77.4341|77.4341
62|77.4341|77.4341
63|77.4341|77.4341
64|77.4341|77.4341
65|77.4341|77.4341
66|77.4341|77.4341
67|77.4341|77.4341
68|77.4341|77.4341
69|77.4341|77.4341
70|77.4341|77.4341
71|77.4341|77.4341
72|77.4341|77.4341
73|77.4341|77.4341
74|77.4341|77.4341
75|77.4341|77.4341
76|77.4341|77.4341
77|77.4341|77.4341
78|77.4341|77.4341
79|77.4341|77.4341
80|77.4341|77.4341
81|77.4341|77.4341
82|77.4341|77.4341
83|77.4341|77.4341
84|77.4341|77.4341
85|77.4341|77.4341
86|77.4341|77.4341
87|77.4341|77.4341
88|77.4341|77.4341
89|77.4341|77.4341
90|77.4341|77.4341
91|77.4341|77.4341
92|77.4341|77.4341
93|77.4341|77.4341
94|77.4341|77.4341
95|77.4341|77.4341
96|77.4341|77.4341
97|77.4341|77.4341
98|77.4341|77.4341
99|77.4341|77.4341
100|77.4341|77.4341
101|77.4341|77.4341
102|77.4341|77.4341
103|77.4341|77.4341
104|77.4341|77.4341
105|77.4341|77.4341
106|77.4341|77.4341
107|77.4341|77.4341
108|77.4341|77.4341
109|77.4341|77.4341
110|77.4341|77.4341
111|77.4341|77.4341
112|77.4341|77.4341
113|77.4341|77.4341
114|77.4341|77.4341
115|77.4341|77.4341
116|77.4341|77.4341
117|77.4341|77.4341
118|77.4341|77.4341
119|77.4341|77.4341
120|77.4341|77.4341
121|77.4341|77.4341
122|77.4341|77.4341
123|77.4341|77.4341
124|77.4341|77.4341
125|77.4341|77.4341
126|77.4341|77.4341
127|77.4341|77.4341
128|77.4341|77.4341
129|77.4341|77.4341
130|77.4341|77.4341
131|77.4341|77.4341
132|77.4341|77.4341
133|77.4341|77.4341
134|77.4341|77.4341
135|77.4341|77.4341
136|77.4341|77.4341
137|77.4341|77.4341
138|77.4341|77.4341
139|77.4341|77.4341
140|77.4341|77.4341
141|77.4341|77.4341
142|77.4341|77.4341
143|77.4341|77.4341
144|77.4341|77.4341
145|77.4341|77.4341
146|77.4341|77.4341
147|77.4341|77.4341
148|77.4341|77.4341
149|77.4341|77.4341
150|77.4341|77.4341
151|77.4341|77.4341
EARLY STOP: TARGET FOUND
84836ms
