1|-4.55327|-4.55327
2|-4.55327|-4.55327
3|-4.55327|-4.55327
4|-4.55327|-4.55327
5|-4.55327|-4.55327
6|-4.55327|-4.55327
7|-4.55327|-4.55327
8|-4.55327|-4.55327
9|-4.55327|-4.55327
10|-4.55327|-4.55327
11|-4.55327|-4.55327
12|-4.55327|-4.55327
13|-4.55327|-4.55327
14|-4.55327|-4.55327
15|-4.55327|-4.55327
16|-4.55327|-4.55327
17|-4.55327|-4.55327
18|-4.55327|-4.55327
19|-4.55327|-4.55327
20|-4.55327|-4.55327
21|-4.55327|-4.55327
22|-4.55327|-4.55327
23|-4.55327|-4.55327
24|-4.55327|-4.55327
25|-4.55327|-4.55327
26|-4.55327|-4.55327
27|-4.55327|-4.55327
28|-4.55327|-4.55327
29|-4.55327|-4.55327
30|-4.55327|-4.55327
31|-4.55327|-4.55327
32|-4.55327|-4.55327
33|-4.55327|-4.55327
34|-4.55327|-4.55327
35|-4.55327|-4.55327
36|-4.55327|-4.55327
37|-4.55327|-4.55327
38|-4.55327|-4.55327
39|-4.55327|-4.55327
40|-4.55327|-4.55327
41|-4.55327|-4.55327
42|-4.55327|-4.55327
43|-4.55327|-4.55327
44|-4.55327|-4.55327
45|-4.55327|-4.55327
46|-4.55327|-4.55327
47|-4.55327|-4.55327
48|-4.55327|-4.55327
49|-4.55327|-4.55327
50|-4.55327|-4.55327
51|-4.55327|-4.55327
52|-4.55327|-4.55327
53|-4.55327|-4.55327
54|-4.55327|-4.55327
55|-4.55327|-4.55327
56|-4.55327|-4.55327
57|-4.55327|-4.55327
58|-4.55327|-4.55327
59|-4.55327|-4.55327
60|-4.55327|-4.55327
61|-4.55327|-4.55327
62|-4.55327|-4.55327
63|-4.55327|-4.55327
64|-4.55327|-4.55327
65|-4.55327|-4.55327
66|-4.55327|-4.55327
67|-4.55327|-4.55327
68|-4.55327|-4.55327
69|-4.55327|-4.55327
70|-4.55327|-4.55327
71|-4.55327|-4.55327
72|-4.55327|-4.55327
73|-4.55327|-4.55327
74|-4.55327|-4.55327
75|-4.55327|-4.55327
76|-4.55327|-4.55327
77|-4.55327|-4.55327
78|-4.55327|-4.55327
79|-4.55327|-4.55327
80|-4.55327|-4.55327
81|-4.55327|-4.55327
82|-4.55327|-4.55327
83|-4.55327|-4.55327
84|-4.55327|-4.55327
85|-4.55327|-4.55327
86|-4.55327|-4.55327
87|-4.55327|-4.55327
88|-4.55327|-4.55327
89|-4.55327|-4.55327
90|-4.55327|-4.55327
91|-4.55327|-4.55327
92|-4.55327|-4.55327
93|-4.55327|-4.55327
94|-4.55327|-4.55327
95|-4.55327|-4.55327
96|-4.55327|-4.55327
97|-4.55327|-4.55327
98|-4.55327|-4.55327
99|-4.55327|-4.55327
100|-4.55327|-4.55327
101|-4.55327|-4.55327
102|-4.55327|-4.55327
103|-4.55327|-4.55327
104|-4.55327|-4.55327
105|-4.55327|-4.55327
106|-4.55327|-4.55327
107|-4.55327|-4.55327
108|-4.55327|-4.55327
109|-4.55327|-4.55327
110|-4.55327|-4.55327
111|-4.55327|-4.55327
112|-4.55327|-4.55327
113|-4.55327|-4.55327
114|-4.55327|-4.55327
115|-4.55327|-4.55327
116|-4.55327|-4.55327
117|-4.55327|-4.55327
118|-4.55327|-4.55327
119|-4.55327|-4.55327
120|-4.55327|-4.55327
121|-4.55327|-4.55327
122|-4.55327|-4.55327
123|-4.55327|-4.55327
124|-4.55327|-4.55327
125|-4.55327|-4.55327
126|-4.55327|-4.55327
127|-4.55327|-4.55327
128|-4.55327|-4.55327
129|-4.55327|-4.55327
130|-4.55327|-4.55327
131|-4.55327|-4.55327
132|-4.55327|-4.55327
133|-4.55327|-4.55327
134|-4.55327|-4.55327
135|-4.55327|-4.55327
136|-4.55327|-4.55327
137|-4.55327|-4.55327
138|-4.55327|-4.55327
139|-4.55327|-4.55327
140|-4.55327|-4.55327
141|-4.55327|-4.55327
142|-4.55327|-4.55327
143|-4.55327|-4.55327
144|-4.55327|-4.55327
145|-4.55327|-4.55327
146|-4.55327|-4.55327
147|-4.55327|-4.55327
148|-4.55327|-4.55327
149|-4.55327|-4.55327
150|-4.55327|-4.55327
151|-4.55327|-4.55327
EARLY STOP: TARGET FOUND
1701274ms
