1|-0.863304|-0.863304
2|-0.863304|-0.863304
3|-0.863304|-0.863304
4|-0.863304|-0.863304
5|-0.863304|-0.863304
6|-0.863304|-0.863304
7|-0.863304|-0.863304
8|-0.863304|-0.863304
9|-0.863304|-0.863304
10|-0.863304|-0.863304
11|-0.863304|-0.863304
12|-0.863304|-0.863304
13|-0.863304|-0.863304
14|-0.863304|-0.863304
15|-0.863304|-0.863304
16|-0.863304|-0.863304
17|-0.863304|-0.863304
18|-0.863304|-0.863304
19|-0.863304|-0.863304
20|-0.863304|-0.863304
21|-0.863304|-0.863304
22|-0.863304|-0.863304
23|-0.863304|-0.863304
24|-0.863304|-0.863304
25|-0.863304|-0.863304
26|-0.863304|-0.863304
27|-0.863304|-0.863304
28|-0.863304|-0.863304
29|-0.863304|-0.863304
30|-0.863304|-0.863304
31|-0.863304|-0.863304
32|-0.863304|-0.863304
33|-0.863304|-0.863304
34|-0.863304|-0.863304
35|-0.863304|-0.863304
36|-0.863304|-0.863304
37|-0.863304|-0.863304
38|-0.863304|-0.863304
39|-0.863304|-0.863304
40|-0.863304|-0.863304
41|-0.863304|-0.863304
42|-0.863304|-0.863304
43|-0.863304|-0.863304
44|-0.863304|-0.863304
45|-0.863304|-0.863304
46|-0.863304|-0.863304
47|-0.863304|-0.863304
48|-0.863304|-0.863304
49|-0.863304|-0.863304
50|-0.863304|-0.863304
51|-0.863304|-0.863304
52|-0.863304|-0.863304
53|-0.863304|-0.863304
54|-0.863304|-0.863304
55|-0.863304|-0.863304
56|-0.863304|-0.863304
57|-0.863304|-0.863304
58|-0.863304|-0.863304
59|-0.863304|-0.863304
60|-0.863304|-0.863304
61|-0.863304|-0.863304
62|-0.863304|-0.863304
63|-0.863304|-0.863304
64|-0.863304|-0.863304
65|-0.863304|-0.863304
66|-0.863304|-0.863304
67|-0.863304|-0.863304
68|-0.863304|-0.863304
69|-0.863304|-0.863304
70|-0.863304|-0.863304
71|-0.863304|-0.863304
72|-0.863304|-0.863304
73|-0.863304|-0.863304
74|-0.863304|-0.863304
75|-0.863304|-0.863304
76|-0.863304|-0.863304
77|-0.863304|-0.863304
78|-0.863304|-0.863304
79|-0.863304|-0.863304
80|-0.863304|-0.863304
81|-0.863304|-0.863304
82|-0.863304|-0.863304
83|-0.863304|-0.863304
84|-0.863304|-0.863304
85|-0.863304|-0.863304
86|-0.863304|-0.863304
87|-0.863304|-0.863304
88|-0.863304|-0.863304
89|-0.863304|-0.863304
90|-0.863304|-0.863304
91|-0.863304|-0.863304
92|-0.863304|-0.863304
93|-0.863304|-0.863304
94|-0.863304|-0.863304
95|-0.863304|-0.863304
96|-0.863304|-0.863304
97|-0.863304|-0.863304
98|-0.863304|-0.863304
99|-0.863304|-0.863304
100|-0.863304|-0.863304
101|-0.863304|-0.863304
102|-0.863304|-0.863304
103|-0.863304|-0.863304
104|-0.863304|-0.863304
105|-0.863304|-0.863304
106|-0.863304|-0.863304
107|-0.863304|-0.863304
108|-0.863304|-0.863304
109|-0.863304|-0.863304
110|-0.863304|-0.863304
111|-0.863304|-0.863304
112|-0.863304|-0.863304
113|-0.863304|-0.863304
114|-0.863304|-0.863304
115|-0.863304|-0.863304
116|-0.863304|-0.863304
117|-0.863304|-0.863304
118|-0.863304|-0.863304
119|-0.863304|-0.863304
120|-0.863304|-0.863304
121|-0.863304|-0.863304
122|-0.863304|-0.863304
123|-0.863304|-0.863304
124|-0.863304|-0.863304
125|-0.863304|-0.863304
126|-0.863304|-0.863304
127|-0.863304|-0.863304
128|-0.863304|-0.863304
129|-0.863304|-0.863304
130|-0.863304|-0.863304
131|-0.863304|-0.863304
132|-0.863304|-0.863304
133|-0.863304|-0.863304
134|-0.863304|-0.863304
135|-0.863304|-0.863304
136|-0.863304|-0.863304
137|-0.863304|-0.863304
138|-0.863304|-0.863304
139|-0.863304|-0.863304
140|-0.863304|-0.863304
141|-0.863304|-0.863304
142|-0.863304|-0.863304
143|-0.863304|-0.863304
144|-0.863304|-0.863304
145|-0.863304|-0.863304
146|-0.863304|-0.863304
147|-0.863304|-0.863304
148|-0.863304|-0.863304
149|-0.863304|-0.863304
150|-0.863304|-0.863304
151|-0.863304|-0.863304
EARLY STOP: TARGET FOUND
206082ms
