1|-801.623|-801.623
2|-801.623|-801.623
3|-801.623|-801.623
4|-801.623|-801.623
5|-801.623|-801.623
6|-801.623|-801.623
7|-801.623|-801.623
8|-801.623|-801.623
9|-801.623|-801.623
10|-801.623|-801.623
11|-801.623|-801.623
12|-801.623|-801.623
13|-801.623|-801.623
14|-801.623|-801.623
15|-801.623|-801.623
16|-801.623|-801.623
17|-801.623|-801.623
18|-801.623|-801.623
19|-801.623|-801.623
20|-801.623|-801.623
21|-801.623|-801.623
22|-801.623|-801.623
23|-801.623|-801.623
24|-801.623|-801.623
25|-801.623|-801.623
26|-801.623|-801.623
27|-801.623|-801.623
28|-801.623|-801.623
29|-801.623|-801.623
30|-801.623|-801.623
31|-801.623|-801.623
32|-801.623|-801.623
33|-801.623|-801.623
34|-801.623|-801.623
35|-801.623|-801.623
36|-801.623|-801.623
37|-801.623|-801.623
38|-801.623|-801.623
39|-801.623|-801.623
40|-801.623|-801.623
41|-801.623|-801.623
42|-801.623|-801.623
43|-801.623|-801.623
44|-801.623|-801.623
45|-801.623|-801.623
46|-801.623|-801.623
47|-801.623|-801.623
48|-801.623|-801.623
49|-801.623|-801.623
50|-801.623|-801.623
51|-801.623|-801.623
52|-801.623|-801.623
53|-801.623|-801.623
54|-801.623|-801.623
55|-801.623|-801.623
56|-801.623|-801.623
57|-801.623|-801.623
58|-801.623|-801.623
59|-801.623|-801.623
60|-801.623|-801.623
61|-801.623|-801.623
62|-801.623|-801.623
63|-801.623|-801.623
64|-801.623|-801.623
65|-801.623|-801.623
66|-801.623|-801.623
67|-801.623|-801.623
68|-801.623|-801.623
69|-801.623|-801.623
70|-801.623|-801.623
71|-801.623|-801.623
72|-801.623|-801.623
73|-801.623|-801.623
74|-801.623|-801.623
75|-801.623|-801.623
76|-801.623|-801.623
77|-801.623|-801.623
78|-801.623|-801.623
79|-801.623|-801.623
80|-801.623|-801.623
81|-801.623|-801.623
82|-801.623|-801.623
83|-801.623|-801.623
84|-801.623|-801.623
85|-801.623|-801.623
86|-801.623|-801.623
87|-801.623|-801.623
88|-801.623|-801.623
89|-801.623|-801.623
90|-801.623|-801.623
91|-801.623|-801.623
92|-801.623|-801.623
93|-801.623|-801.623
94|-801.623|-801.623
95|-801.623|-801.623
96|-801.623|-801.623
97|-801.623|-801.623
98|-801.623|-801.623
99|-801.623|-801.623
100|-801.623|-801.623
101|-801.623|-801.623
102|-801.623|-801.623
103|-801.623|-801.623
104|-801.623|-801.623
105|-801.623|-801.623
106|-801.623|-801.623
107|-801.623|-801.623
108|-801.623|-801.623
109|-801.623|-801.623
110|-801.623|-801.623
111|-801.623|-801.623
112|-801.623|-801.623
113|-801.623|-801.623
114|-801.623|-801.623
115|-801.623|-801.623
116|-801.623|-801.623
117|-801.623|-801.623
118|-801.623|-801.623
119|-801.623|-801.623
120|-801.623|-801.623
121|-801.623|-801.623
122|-801.623|-801.623
123|-801.623|-801.623
124|-801.623|-801.623
125|-801.623|-801.623
126|-801.623|-801.623
127|-801.623|-801.623
128|-801.623|-801.623
129|-801.623|-801.623
130|-801.623|-801.623
131|-801.623|-801.623
132|-801.623|-801.623
133|-801.623|-801.623
134|-801.623|-801.623
135|-801.623|-801.623
136|-801.623|-801.623
137|-801.623|-801.623
138|-801.623|-801.623
139|-801.623|-801.623
140|-801.623|-801.623
141|-801.623|-801.623
142|-801.623|-801.623
143|-801.623|-801.623
144|-801.623|-801.623
145|-801.623|-801.623
146|-801.623|-801.623
147|-801.623|-801.623
148|-801.623|-801.623
149|-801.623|-801.623
150|-801.623|-801.623
151|-801.623|-801.623
EARLY STOP: TARGET FOUND
84395ms
