1|234.246|234.246
2|234.246|234.246
3|234.246|234.246
4|234.246|234.246
5|234.246|234.246
6|234.246|234.246
7|234.246|234.246
8|234.246|234.246
9|234.246|234.246
10|234.246|234.246
11|234.246|234.246
12|234.246|234.246
13|234.246|234.246
14|234.246|234.246
15|234.246|234.246
16|234.246|234.246
17|234.246|234.246
18|234.246|234.246
19|234.246|234.246
20|234.246|234.246
21|234.246|234.246
22|234.246|234.246
23|234.246|234.246
24|234.246|234.246
25|234.246|234.246
26|234.246|234.246
27|234.246|234.246
28|234.246|234.246
29|234.246|234.246
30|234.246|234.246
31|234.246|234.246
32|234.246|234.246
33|234.246|234.246
34|234.246|234.246
35|234.246|234.246
36|234.246|234.246
37|234.246|234.246
38|234.246|234.246
39|234.246|234.246
40|234.246|234.246
41|234.246|234.246
42|234.246|234.246
43|234.246|234.246
44|234.246|234.246
45|234.246|234.246
46|234.246|234.246
47|234.246|234.246
48|234.246|234.246
49|234.246|234.246
50|234.246|234.246
51|234.246|234.246
52|234.246|234.246
53|234.246|234.246
54|234.246|234.246
55|234.246|234.246
56|234.246|234.246
57|234.246|234.246
58|234.246|234.246
59|234.246|234.246
60|234.246|234.246
61|234.246|234.246
62|234.246|234.246
63|234.246|234.246
64|234.246|234.246
65|234.246|234.246
66|234.246|234.246
67|234.246|234.246
68|234.246|234.246
69|234.246|234.246
70|234.246|234.246
71|234.246|234.246
72|234.246|234.246
73|234.246|234.246
74|234.246|234.246
75|234.246|234.246
76|234.246|234.246
77|234.246|234.246
78|234.246|234.246
79|234.246|234.246
80|234.246|234.246
81|234.246|234.246
82|234.246|234.246
83|234.246|234.246
84|234.246|234.246
85|234.246|234.246
86|234.246|234.246
87|234.246|234.246
88|234.246|234.246
89|234.246|234.246
90|234.246|234.246
91|234.246|234.246
92|234.246|234.246
93|234.246|234.246
94|234.246|234.246
95|234.246|234.246
96|234.246|234.246
97|234.246|234.246
98|234.246|234.246
99|234.246|234.246
100|234.246|234.246
101|234.246|234.246
102|234.246|234.246
103|234.246|234.246
104|234.246|234.246
105|234.246|234.246
106|234.246|234.246
107|234.246|234.246
108|234.246|234.246
109|234.246|234.246
110|234.246|234.246
111|234.246|234.246
112|234.246|234.246
113|234.246|234.246
114|234.246|234.246
115|234.246|234.246
116|234.246|234.246
117|234.246|234.246
118|234.246|234.246
119|234.246|234.246
120|234.246|234.246
121|234.246|234.246
122|234.246|234.246
123|234.246|234.246
124|234.246|234.246
125|234.246|234.246
126|234.246|234.246
127|234.246|234.246
128|234.246|234.246
129|234.246|234.246
130|234.246|234.246
131|234.246|234.246
132|234.246|234.246
133|234.246|234.246
134|234.246|234.246
135|234.246|234.246
136|234.246|234.246
137|234.246|234.246
138|234.246|234.246
139|234.246|234.246
140|234.246|234.246
141|234.246|234.246
142|234.246|234.246
143|234.246|234.246
144|234.246|234.246
145|234.246|234.246
146|234.246|234.246
147|234.246|234.246
148|234.246|234.246
149|234.246|234.246
150|234.246|234.246
151|234.246|234.246
EARLY STOP: TARGET FOUND
216481ms
