1|-206.352|-206.352
2|-206.352|-206.352
3|-206.352|-206.352
4|-206.352|-206.352
5|-206.352|-206.352
6|-206.352|-206.352
7|-206.352|-206.352
8|-206.352|-206.352
9|-206.352|-206.352
10|-206.352|-206.352
11|-206.352|-206.352
12|-206.352|-206.352
13|-206.352|-206.352
14|-206.352|-206.352
15|-206.352|-206.352
16|-206.352|-206.352
17|-206.352|-206.352
18|-206.352|-206.352
19|-206.352|-206.352
20|-206.352|-206.352
21|-206.352|-206.352
22|-206.352|-206.352
23|-206.352|-206.352
24|-206.352|-206.352
25|-206.352|-206.352
26|-206.352|-206.352
27|-206.352|-206.352
28|-206.352|-206.352
29|-206.352|-206.352
30|-206.352|-206.352
31|-206.352|-206.352
32|-206.352|-206.352
33|-206.352|-206.352
34|-206.352|-206.352
35|-206.352|-206.352
36|-206.352|-206.352
37|-206.352|-206.352
38|-206.352|-206.352
39|-206.352|-206.352
40|-206.352|-206.352
41|-206.352|-206.352
42|-206.352|-206.352
43|-206.352|-206.352
44|-206.352|-206.352
45|-206.352|-206.352
46|-206.352|-206.352
47|-206.352|-206.352
48|-206.352|-206.352
49|-206.352|-206.352
50|-206.352|-206.352
51|-206.352|-206.352
52|-206.352|-206.352
53|-206.352|-206.352
54|-206.352|-206.352
55|-206.352|-206.352
56|-206.352|-206.352
57|-206.352|-206.352
58|-206.352|-206.352
59|-206.352|-206.352
60|-206.352|-206.352
61|-206.352|-206.352
62|-206.352|-206.352
63|-206.352|-206.352
64|-206.352|-206.352
65|-206.352|-206.352
66|-206.352|-206.352
67|-206.352|-206.352
68|-206.352|-206.352
69|-206.352|-206.352
70|-206.352|-206.352
71|-206.352|-206.352
72|-206.352|-206.352
73|-206.352|-206.352
74|-206.352|-206.352
75|-206.352|-206.352
76|-206.352|-206.352
77|-206.352|-206.352
78|-206.352|-206.352
79|-206.352|-206.352
80|-206.352|-206.352
81|-206.352|-206.352
82|-206.352|-206.352
83|-206.352|-206.352
84|-206.352|-206.352
85|-206.352|-206.352
86|-206.352|-206.352
87|-206.352|-206.352
88|-206.352|-206.352
89|-206.352|-206.352
90|-206.352|-206.352
91|-206.352|-206.352
92|-206.352|-206.352
93|-206.352|-206.352
94|-206.352|-206.352
95|-206.352|-206.352
96|-206.352|-206.352
97|-206.352|-206.352
98|-206.352|-206.352
99|-206.352|-206.352
100|-206.352|-206.352
101|-206.352|-206.352
102|-206.352|-206.352
103|-206.352|-206.352
104|-206.352|-206.352
105|-206.352|-206.352
106|-206.352|-206.352
107|-206.352|-206.352
108|-206.352|-206.352
109|-206.352|-206.352
110|-206.352|-206.352
111|-206.352|-206.352
112|-206.352|-206.352
113|-206.352|-206.352
114|-206.352|-206.352
115|-206.352|-206.352
116|-206.352|-206.352
117|-206.352|-206.352
118|-206.352|-206.352
119|-206.352|-206.352
120|-206.352|-206.352
121|-206.352|-206.352
122|-206.352|-206.352
123|-206.352|-206.352
124|-206.352|-206.352
125|-206.352|-206.352
126|-206.352|-206.352
127|-206.352|-206.352
128|-206.352|-206.352
129|-206.352|-206.352
130|-206.352|-206.352
131|-206.352|-206.352
132|-206.352|-206.352
133|-206.352|-206.352
134|-206.352|-206.352
135|-206.352|-206.352
136|-206.352|-206.352
137|-206.352|-206.352
138|-206.352|-206.352
139|-206.352|-206.352
140|-206.352|-206.352
141|-206.352|-206.352
142|-206.352|-206.352
143|-206.352|-206.352
144|-206.352|-206.352
145|-206.352|-206.352
146|-206.352|-206.352
147|-206.352|-206.352
148|-206.352|-206.352
149|-206.352|-206.352
150|-206.352|-206.352
151|-206.352|-206.352
EARLY STOP: TARGET FOUND
85016ms
