1|-0.0409321|-0.0409321
2|-0.0409321|-0.0409321
3|-0.0409321|-0.0409321
4|-0.0409321|-0.0409321
5|-0.0409321|-0.0409321
6|-0.0409321|-0.0409321
7|-0.0409321|-0.0409321
8|-0.0409321|-0.0409321
9|-0.0409321|-0.0409321
10|-0.0409321|-0.0409321
11|-0.0409321|-0.0409321
12|-0.0409321|-0.0409321
13|-0.0409321|-0.0409321
14|-0.0409321|-0.0409321
15|-0.0409321|-0.0409321
16|-0.0409321|-0.0409321
17|-0.0409321|-0.0409321
18|-0.0409321|-0.0409321
19|-0.0409321|-0.0409321
20|-0.0409321|-0.0409321
21|-0.0409321|-0.0409321
22|-0.0409321|-0.0409321
23|-0.0409321|-0.0409321
24|-0.0409321|-0.0409321
25|-0.0409321|-0.0409321
26|-0.0409321|-0.0409321
27|-0.0409321|-0.0409321
28|-0.0409321|-0.0409321
29|-0.0409321|-0.0409321
30|-0.0409321|-0.0409321
31|-0.0409321|-0.0409321
32|-0.0409321|-0.0409321
33|-0.0409321|-0.0409321
34|-0.0409321|-0.0409321
35|-0.0409321|-0.0409321
36|-0.0409321|-0.0409321
37|-0.0409321|-0.0409321
38|-0.0409321|-0.0409321
39|-0.0409321|-0.0409321
40|-0.0409321|-0.0409321
41|-0.0409321|-0.0409321
42|-0.0409321|-0.0409321
43|-0.0409321|-0.0409321
44|-0.0409321|-0.0409321
45|-0.0409321|-0.0409321
46|-0.0409321|-0.0409321
47|-0.0409321|-0.0409321
48|-0.0409321|-0.0409321
49|-0.0409321|-0.0409321
50|-0.0409321|-0.0409321
51|-0.0409321|-0.0409321
52|-0.0409321|-0.0409321
53|-0.0409321|-0.0409321
54|-0.0409321|-0.0409321
55|-0.0409321|-0.0409321
56|-0.0409321|-0.0409321
57|-0.0409321|-0.0409321
58|-0.0409321|-0.0409321
59|-0.0409321|-0.0409321
60|-0.0409321|-0.0409321
61|-0.0409321|-0.0409321
62|-0.0409321|-0.0409321
63|-0.0409321|-0.0409321
64|-0.0409321|-0.0409321
65|-0.0409321|-0.0409321
66|-0.0409321|-0.0409321
67|-0.0409321|-0.0409321
68|-0.0409321|-0.0409321
69|-0.0409321|-0.0409321
70|-0.0409321|-0.0409321
71|-0.0409321|-0.0409321
72|-0.0409321|-0.0409321
73|-0.0409321|-0.0409321
74|-0.0409321|-0.0409321
75|-0.0409321|-0.0409321
76|-0.0409321|-0.0409321
77|-0.0409321|-0.0409321
78|-0.0409321|-0.0409321
79|-0.0409321|-0.0409321
80|-0.0409321|-0.0409321
81|-0.0409321|-0.0409321
82|-0.0409321|-0.0409321
83|-0.0409321|-0.0409321
84|-0.0409321|-0.0409321
85|-0.0409321|-0.0409321
86|-0.0409321|-0.0409321
87|-0.0409321|-0.0409321
88|-0.0409321|-0.0409321
89|-0.0409321|-0.0409321
90|-0.0409321|-0.0409321
91|-0.0409321|-0.0409321
92|-0.0409321|-0.0409321
93|-0.0409321|-0.0409321
94|-0.0409321|-0.0409321
95|-0.0409321|-0.0409321
96|-0.0409321|-0.0409321
97|-0.0409321|-0.0409321
98|-0.0409321|-0.0409321
99|-0.0409321|-0.0409321
100|-0.0409321|-0.0409321
101|-0.0409321|-0.0409321
102|-0.0409321|-0.0409321
103|-0.0409321|-0.0409321
104|-0.0409321|-0.0409321
105|-0.0409321|-0.0409321
106|-0.0409321|-0.0409321
107|-0.0409321|-0.0409321
108|-0.0409321|-0.0409321
109|-0.0409321|-0.0409321
110|-0.0409321|-0.0409321
111|-0.0409321|-0.0409321
112|-0.0409321|-0.0409321
113|-0.0409321|-0.0409321
114|-0.0409321|-0.0409321
115|-0.0409321|-0.0409321
116|-0.0409321|-0.0409321
117|-0.0409321|-0.0409321
118|-0.0409321|-0.0409321
119|-0.0409321|-0.0409321
120|-0.0409321|-0.0409321
121|-0.0409321|-0.0409321
122|-0.0409321|-0.0409321
123|-0.0409321|-0.0409321
124|-0.0409321|-0.0409321
125|-0.0409321|-0.0409321
126|-0.0409321|-0.0409321
127|-0.0409321|-0.0409321
128|-0.0409321|-0.0409321
129|-0.0409321|-0.0409321
130|-0.0409321|-0.0409321
131|-0.0409321|-0.0409321
132|-0.0409321|-0.0409321
133|-0.0409321|-0.0409321
134|-0.0409321|-0.0409321
135|-0.0409321|-0.0409321
136|-0.0409321|-0.0409321
137|-0.0409321|-0.0409321
138|-0.0409321|-0.0409321
139|-0.0409321|-0.0409321
140|-0.0409321|-0.0409321
141|-0.0409321|-0.0409321
142|-0.0409321|-0.0409321
143|-0.0409321|-0.0409321
144|-0.0409321|-0.0409321
145|-0.0409321|-0.0409321
146|-0.0409321|-0.0409321
147|-0.0409321|-0.0409321
148|-0.0409321|-0.0409321
149|-0.0409321|-0.0409321
150|-0.0409321|-0.0409321
151|-0.0409321|-0.0409321
EARLY STOP: TARGET FOUND
211377ms
