1|-1.21118|-1.21118
2|-1.21118|-1.21118
3|-1.21118|-1.21118
4|-1.21118|-1.21118
5|-1.21118|-1.21118
6|-1.21118|-1.21118
7|-1.21118|-1.21118
8|-1.21118|-1.21118
9|-1.21118|-1.21118
10|-1.21118|-1.21118
11|-1.21118|-1.21118
12|-1.21118|-1.21118
13|-1.21118|-1.21118
14|-1.21118|-1.21118
15|-1.21118|-1.21118
16|-1.21118|-1.21118
17|-1.21118|-1.21118
18|-1.21118|-1.21118
19|-1.21118|-1.21118
20|-1.21118|-1.21118
21|-1.21118|-1.21118
22|-1.21118|-1.21118
23|-1.21118|-1.21118
24|-1.21118|-1.21118
25|-1.21118|-1.21118
26|-1.21118|-1.21118
27|-1.21118|-1.21118
28|-1.21118|-1.21118
29|-1.21118|-1.21118
30|-1.21118|-1.21118
31|-1.21118|-1.21118
32|-1.21118|-1.21118
33|-1.21118|-1.21118
34|-1.21118|-1.21118
35|-1.21118|-1.21118
36|-1.21118|-1.21118
37|-1.21118|-1.21118
38|-1.21118|-1.21118
39|-1.21118|-1.21118
40|-1.21118|-1.21118
41|-1.21118|-1.21118
42|-1.21118|-1.21118
43|-1.21118|-1.21118
44|-1.21118|-1.21118
45|-1.21118|-1.21118
46|-1.21118|-1.21118
47|-1.21118|-1.21118
48|-1.21118|-1.21118
49|-1.21118|-1.21118
50|-1.21118|-1.21118
51|-1.21118|-1.21118
52|-1.21118|-1.21118
53|-1.21118|-1.21118
54|-1.21118|-1.21118
55|-1.21118|-1.21118
56|-1.21118|-1.21118
57|-1.21118|-1.21118
58|-1.21118|-1.21118
59|-1.21118|-1.21118
60|-1.21118|-1.21118
61|-1.21118|-1.21118
62|-1.21118|-1.21118
63|-1.21118|-1.21118
64|-1.21118|-1.21118
65|-1.21118|-1.21118
66|-1.21118|-1.21118
67|-1.21118|-1.21118
68|-1.21118|-1.21118
69|-1.21118|-1.21118
70|-1.21118|-1.21118
71|-1.21118|-1.21118
72|-1.21118|-1.21118
73|-1.21118|-1.21118
74|-1.21118|-1.21118
75|-1.21118|-1.21118
76|-1.21118|-1.21118
77|-1.21118|-1.21118
78|-1.21118|-1.21118
79|-1.21118|-1.21118
80|-1.21118|-1.21118
81|-1.21118|-1.21118
82|-1.21118|-1.21118
83|-1.21118|-1.21118
84|-1.21118|-1.21118
85|-1.21118|-1.21118
86|-1.21118|-1.21118
87|-1.21118|-1.21118
88|-1.21118|-1.21118
89|-1.21118|-1.21118
90|-1.21118|-1.21118
91|-1.21118|-1.21118
92|-1.21118|-1.21118
93|-1.21118|-1.21118
94|-1.21118|-1.21118
95|-1.21118|-1.21118
96|-1.21118|-1.21118
97|-1.21118|-1.21118
98|-1.21118|-1.21118
99|-1.21118|-1.21118
100|-1.21118|-1.21118
101|-1.21118|-1.21118
102|-1.21118|-1.21118
103|-1.21118|-1.21118
104|-1.21118|-1.21118
105|-1.21118|-1.21118
106|-1.21118|-1.21118
107|-1.21118|-1.21118
108|-1.21118|-1.21118
109|-1.21118|-1.21118
110|-1.21118|-1.21118
111|-1.21118|-1.21118
112|-1.21118|-1.21118
113|-1.21118|-1.21118
114|-1.21118|-1.21118
115|-1.21118|-1.21118
116|-1.21118|-1.21118
117|-1.21118|-1.21118
118|-1.21118|-1.21118
119|-1.21118|-1.21118
120|-1.21118|-1.21118
121|-1.21118|-1.21118
122|-1.21118|-1.21118
123|-1.21118|-1.21118
124|-1.21118|-1.21118
125|-1.21118|-1.21118
126|-1.21118|-1.21118
127|-1.21118|-1.21118
128|-1.21118|-1.21118
129|-1.21118|-1.21118
130|-1.21118|-1.21118
131|-1.21118|-1.21118
132|-1.21118|-1.21118
133|-1.21118|-1.21118
134|-1.21118|-1.21118
135|-1.21118|-1.21118
136|-1.21118|-1.21118
137|-1.21118|-1.21118
138|-1.21118|-1.21118
139|-1.21118|-1.21118
140|-1.21118|-1.21118
141|-1.21118|-1.21118
142|-1.21118|-1.21118
143|-1.21118|-1.21118
144|-1.21118|-1.21118
145|-1.21118|-1.21118
146|-1.21118|-1.21118
147|-1.21118|-1.21118
148|-1.21118|-1.21118
149|-1.21118|-1.21118
150|-1.21118|-1.21118
151|-1.21118|-1.21118
EARLY STOP: TARGET FOUND
207719ms
