1|33.4879|33.4879
2|33.4879|33.4879
3|33.4879|33.4879
4|33.4879|33.4879
5|33.4879|33.4879
6|33.4879|33.4879
7|33.4879|33.4879
8|33.4879|33.4879
9|33.4879|33.4879
10|33.4879|33.4879
11|33.4879|33.4879
12|33.4879|33.4879
13|33.4879|33.4879
14|33.4879|33.4879
15|33.4879|33.4879
16|33.4879|33.4879
17|33.4879|33.4879
18|33.4879|33.4879
19|33.4879|33.4879
20|33.4879|33.4879
21|33.4879|33.4879
22|33.4879|33.4879
23|33.4879|33.4879
24|33.4879|33.4879
25|33.4879|33.4879
26|33.4879|33.4879
27|33.4879|33.4879
28|33.4879|33.4879
29|33.4879|33.4879
30|33.4879|33.4879
31|33.4879|33.4879
32|33.4879|33.4879
33|33.4879|33.4879
34|33.4879|33.4879
35|33.4879|33.4879
36|33.4879|33.4879
37|33.4879|33.4879
38|33.4879|33.4879
39|33.4879|33.4879
40|33.4879|33.4879
41|33.4879|33.4879
42|33.4879|33.4879
43|33.4879|33.4879
44|33.4879|33.4879
45|33.4879|33.4879
46|33.4879|33.4879
47|33.4879|33.4879
48|33.4879|33.4879
49|33.4879|33.4879
50|33.4879|33.4879
51|33.4879|33.4879
52|33.4879|33.4879
53|33.4879|33.4879
54|33.4879|33.4879
55|33.4879|33.4879
56|33.4879|33.4879
57|33.4879|33.4879
58|33.4879|33.4879
59|33.4879|33.4879
60|33.4879|33.4879
61|33.4879|33.4879
62|33.4879|33.4879
63|33.4879|33.4879
64|33.4879|33.4879
65|33.4879|33.4879
66|33.4879|33.4879
67|33.4879|33.4879
68|33.4879|33.4879
69|33.4879|33.4879
70|33.4879|33.4879
71|33.4879|33.4879
72|33.4879|33.4879
73|33.4879|33.4879
74|33.4879|33.4879
75|33.4879|33.4879
76|33.4879|33.4879
77|33.4879|33.4879
78|33.4879|33.4879
79|33.4879|33.4879
80|33.4879|33.4879
81|33.4879|33.4879
82|33.4879|33.4879
83|33.4879|33.4879
84|33.4879|33.4879
85|33.4879|33.4879
86|33.4879|33.4879
87|33.4879|33.4879
88|33.4879|33.4879
89|33.4879|33.4879
90|33.4879|33.4879
91|33.4879|33.4879
92|33.4879|33.4879
93|33.4879|33.4879
94|33.4879|33.4879
95|33.4879|33.4879
96|33.4879|33.4879
97|33.4879|33.4879
98|33.4879|33.4879
99|33.4879|33.4879
100|33.4879|33.4879
101|33.4879|33.4879
102|33.4879|33.4879
103|33.4879|33.4879
104|33.4879|33.4879
105|33.4879|33.4879
106|33.4879|33.4879
107|33.4879|33.4879
108|33.4879|33.4879
109|33.4879|33.4879
110|33.4879|33.4879
111|33.4879|33.4879
112|33.4879|33.4879
113|33.4879|33.4879
114|33.4879|33.4879
115|33.4879|33.4879
116|33.4879|33.4879
117|33.4879|33.4879
118|33.4879|33.4879
119|33.4879|33.4879
120|33.4879|33.4879
121|33.4879|33.4879
122|33.4879|33.4879
123|33.4879|33.4879
124|33.4879|33.4879
125|33.4879|33.4879
126|33.4879|33.4879
127|33.4879|33.4879
128|33.4879|33.4879
129|33.4879|33.4879
130|33.4879|33.4879
131|33.4879|33.4879
132|33.4879|33.4879
133|33.4879|33.4879
134|33.4879|33.4879
135|33.4879|33.4879
136|33.4879|33.4879
137|33.4879|33.4879
138|33.4879|33.4879
139|33.4879|33.4879
140|33.4879|33.4879
141|33.4879|33.4879
142|33.4879|33.4879
143|33.4879|33.4879
144|33.4879|33.4879
145|33.4879|33.4879
146|33.4879|33.4879
147|33.4879|33.4879
148|33.4879|33.4879
149|33.4879|33.4879
150|33.4879|33.4879
151|33.4879|33.4879
EARLY STOP: TARGET FOUND
58689ms
