1|107.303|107.303
2|107.303|107.303
3|107.303|107.303
4|107.303|107.303
5|107.303|107.303
6|107.303|107.303
7|107.303|107.303
8|107.303|107.303
9|107.303|107.303
10|107.303|107.303
11|107.303|107.303
12|107.303|107.303
13|107.303|107.303
14|107.303|107.303
15|107.303|107.303
16|107.303|107.303
17|107.303|107.303
18|107.303|107.303
19|107.303|107.303
20|107.303|107.303
21|107.303|107.303
22|107.303|107.303
23|107.303|107.303
24|107.303|107.303
25|107.303|107.303
26|107.303|107.303
27|107.303|107.303
28|107.303|107.303
29|107.303|107.303
30|107.303|107.303
31|107.303|107.303
32|107.303|107.303
33|107.303|107.303
34|107.303|107.303
35|107.303|107.303
36|107.303|107.303
37|107.303|107.303
38|107.303|107.303
39|107.303|107.303
40|107.303|107.303
41|107.303|107.303
42|107.303|107.303
43|107.303|107.303
44|107.303|107.303
45|107.303|107.303
46|107.303|107.303
47|107.303|107.303
48|107.303|107.303
49|107.303|107.303
50|107.303|107.303
51|107.303|107.303
52|107.303|107.303
53|107.303|107.303
54|107.303|107.303
55|107.303|107.303
56|107.303|107.303
57|107.303|107.303
58|107.303|107.303
59|107.303|107.303
60|107.303|107.303
61|107.303|107.303
62|107.303|107.303
63|107.303|107.303
64|107.303|107.303
65|107.303|107.303
66|107.303|107.303
67|107.303|107.303
68|107.303|107.303
69|107.303|107.303
70|107.303|107.303
71|107.303|107.303
72|107.303|107.303
73|107.303|107.303
74|107.303|107.303
75|107.303|107.303
76|107.303|107.303
77|107.303|107.303
78|107.303|107.303
79|107.303|107.303
80|107.303|107.303
81|107.303|107.303
82|107.303|107.303
83|107.303|107.303
84|107.303|107.303
85|107.303|107.303
86|107.303|107.303
87|107.303|107.303
88|107.303|107.303
89|107.303|107.303
90|107.303|107.303
91|107.303|107.303
92|107.303|107.303
93|107.303|107.303
94|107.303|107.303
95|107.303|107.303
96|107.303|107.303
97|107.303|107.303
98|107.303|107.303
99|107.303|107.303
100|107.303|107.303
101|107.303|107.303
102|107.303|107.303
103|107.303|107.303
104|107.303|107.303
105|107.303|107.303
106|107.303|107.303
107|107.303|107.303
108|107.303|107.303
109|107.303|107.303
110|107.303|107.303
111|107.303|107.303
112|107.303|107.303
113|107.303|107.303
114|107.303|107.303
115|107.303|107.303
116|107.303|107.303
117|107.303|107.303
118|107.303|107.303
119|107.303|107.303
120|107.303|107.303
121|107.303|107.303
122|107.303|107.303
123|107.303|107.303
124|107.303|107.303
125|107.303|107.303
126|107.303|107.303
127|107.303|107.303
128|107.303|107.303
129|107.303|107.303
130|107.303|107.303
131|107.303|107.303
132|107.303|107.303
133|107.303|107.303
134|107.303|107.303
135|107.303|107.303
136|107.303|107.303
137|107.303|107.303
138|107.303|107.303
139|107.303|107.303
140|107.303|107.303
141|107.303|107.303
142|107.303|107.303
143|107.303|107.303
144|107.303|107.303
145|107.303|107.303
146|107.303|107.303
147|107.303|107.303
148|107.303|107.303
149|107.303|107.303
150|107.303|107.303
151|107.303|107.303
EARLY STOP: TARGET FOUND
205975ms
