1|268.604|268.604
2|268.604|268.604
3|268.604|268.604
4|268.604|268.604
5|268.604|268.604
6|268.604|268.604
7|268.604|268.604
8|268.604|268.604
9|268.604|268.604
10|268.604|268.604
11|268.604|268.604
12|268.604|268.604
13|268.604|268.604
14|268.604|268.604
15|268.604|268.604
16|268.604|268.604
17|268.604|268.604
18|268.604|268.604
19|268.604|268.604
20|268.604|268.604
21|268.604|268.604
22|268.604|268.604
23|268.604|268.604
24|268.604|268.604
25|268.604|268.604
26|268.604|268.604
27|268.604|268.604
28|268.604|268.604
29|268.604|268.604
30|268.604|268.604
31|268.604|268.604
32|268.604|268.604
33|268.604|268.604
34|268.604|268.604
35|268.604|268.604
36|268.604|268.604
37|268.604|268.604
38|268.604|268.604
39|268.604|268.604
40|268.604|268.604
41|268.604|268.604
42|268.604|268.604
43|268.604|268.604
44|268.604|268.604
45|268.604|268.604
46|268.604|268.604
47|268.604|268.604
48|268.604|268.604
49|268.604|268.604
50|268.604|268.604
51|268.604|268.604
52|268.604|268.604
53|268.604|268.604
54|268.604|268.604
55|268.604|268.604
56|268.604|268.604
57|268.604|268.604
58|268.604|268.604
59|268.604|268.604
60|268.604|268.604
61|268.604|268.604
62|268.604|268.604
63|268.604|268.604
64|268.604|268.604
65|268.604|268.604
66|268.604|268.604
67|268.604|268.604
68|268.604|268.604
69|268.604|268.604
70|268.604|268.604
71|268.604|268.604
72|268.604|268.604
73|268.604|268.604
74|268.604|268.604
75|268.604|268.604
76|268.604|268.604
77|268.604|268.604
78|268.604|268.604
79|268.604|268.604
80|268.604|268.604
81|268.604|268.604
82|268.604|268.604
83|268.604|268.604
84|268.604|268.604
85|268.604|268.604
86|268.604|268.604
87|268.604|268.604
88|268.604|268.604
89|268.604|268.604
90|268.604|268.604
91|268.604|268.604
92|268.604|268.604
93|268.604|268.604
94|268.604|268.604
95|268.604|268.604
96|268.604|268.604
97|268.604|268.604
98|268.604|268.604
99|268.604|268.604
100|268.604|268.604
101|268.604|268.604
102|268.604|268.604
103|268.604|268.604
104|268.604|268.604
105|268.604|268.604
106|268.604|268.604
107|268.604|268.604
108|268.604|268.604
109|268.604|268.604
110|268.604|268.604
111|268.604|268.604
112|268.604|268.604
113|268.604|268.604
114|268.604|268.604
115|268.604|268.604
116|268.604|268.604
117|268.604|268.604
118|268.604|268.604
119|268.604|268.604
120|268.604|268.604
121|268.604|268.604
122|268.604|268.604
123|268.604|268.604
124|268.604|268.604
125|268.604|268.604
126|268.604|268.604
127|268.604|268.604
128|268.604|268.604
129|268.604|268.604
130|268.604|268.604
131|268.604|268.604
132|268.604|268.604
133|268.604|268.604
134|268.604|268.604
135|268.604|268.604
136|268.604|268.604
137|268.604|268.604
138|268.604|268.604
139|268.604|268.604
140|268.604|268.604
141|268.604|268.604
142|268.604|268.604
143|268.604|268.604
144|268.604|268.604
145|268.604|268.604
146|268.604|268.604
147|268.604|268.604
148|268.604|268.604
149|268.604|268.604
150|268.604|268.604
151|268.604|268.604
EARLY STOP: TARGET FOUND
1712434ms
