1|-753.133|-753.133
2|-753.133|-753.133
3|-753.133|-753.133
4|-753.133|-753.133
5|-753.133|-753.133
6|-753.133|-753.133
7|-753.133|-753.133
8|-753.133|-753.133
9|-753.133|-753.133
10|-753.133|-753.133
11|-753.133|-753.133
12|-753.133|-753.133
13|-753.133|-753.133
14|-753.133|-753.133
15|-753.133|-753.133
16|-753.133|-753.133
17|-753.133|-753.133
18|-753.133|-753.133
19|-753.133|-753.133
20|-753.133|-753.133
21|-753.133|-753.133
22|-753.133|-753.133
23|-753.133|-753.133
24|-753.133|-753.133
25|-753.133|-753.133
26|-753.133|-753.133
27|-753.133|-753.133
28|-753.133|-753.133
29|-753.133|-753.133
30|-753.133|-753.133
31|-753.133|-753.133
32|-753.133|-753.133
33|-753.133|-753.133
34|-753.133|-753.133
35|-753.133|-753.133
36|-753.133|-753.133
37|-753.133|-753.133
38|-753.133|-753.133
39|-753.133|-753.133
40|-753.133|-753.133
41|-753.133|-753.133
42|-753.133|-753.133
43|-753.133|-753.133
44|-753.133|-753.133
45|-753.133|-753.133
46|-753.133|-753.133
47|-753.133|-753.133
48|-753.133|-753.133
49|-753.133|-753.133
50|-753.133|-753.133
51|-753.133|-753.133
52|-753.133|-753.133
53|-753.133|-753.133
54|-753.133|-753.133
55|-753.133|-753.133
56|-753.133|-753.133
57|-753.133|-753.133
58|-753.133|-753.133
59|-753.133|-753.133
60|-753.133|-753.133
61|-753.133|-753.133
62|-753.133|-753.133
63|-753.133|-753.133
64|-753.133|-753.133
65|-753.133|-753.133
66|-753.133|-753.133
67|-753.133|-753.133
68|-753.133|-753.133
69|-753.133|-753.133
70|-753.133|-753.133
71|-753.133|-753.133
72|-753.133|-753.133
73|-753.133|-753.133
74|-753.133|-753.133
75|-753.133|-753.133
76|-753.133|-753.133
77|-753.133|-753.133
78|-753.133|-753.133
79|-753.133|-753.133
80|-753.133|-753.133
81|-753.133|-753.133
82|-753.133|-753.133
83|-753.133|-753.133
84|-753.133|-753.133
85|-753.133|-753.133
86|-753.133|-753.133
87|-753.133|-753.133
88|-753.133|-753.133
89|-753.133|-753.133
90|-753.133|-753.133
91|-753.133|-753.133
92|-753.133|-753.133
93|-753.133|-753.133
94|-753.133|-753.133
95|-753.133|-753.133
96|-753.133|-753.133
97|-753.133|-753.133
98|-753.133|-753.133
99|-753.133|-753.133
100|-753.133|-753.133
101|-753.133|-753.133
102|-753.133|-753.133
103|-753.133|-753.133
104|-753.133|-753.133
105|-753.133|-753.133
106|-753.133|-753.133
107|-753.133|-753.133
108|-753.133|-753.133
109|-753.133|-753.133
110|-753.133|-753.133
111|-753.133|-753.133
112|-753.133|-753.133
113|-753.133|-753.133
114|-753.133|-753.133
115|-753.133|-753.133
116|-753.133|-753.133
117|-753.133|-753.133
118|-753.133|-753.133
119|-753.133|-753.133
120|-753.133|-753.133
121|-753.133|-753.133
122|-753.133|-753.133
123|-753.133|-753.133
124|-753.133|-753.133
125|-753.133|-753.133
126|-753.133|-753.133
127|-753.133|-753.133
128|-753.133|-753.133
129|-753.133|-753.133
130|-753.133|-753.133
131|-753.133|-753.133
132|-753.133|-753.133
133|-753.133|-753.133
134|-753.133|-753.133
135|-753.133|-753.133
136|-753.133|-753.133
137|-753.133|-753.133
138|-753.133|-753.133
139|-753.133|-753.133
140|-753.133|-753.133
141|-753.133|-753.133
142|-753.133|-753.133
143|-753.133|-753.133
144|-753.133|-753.133
145|-753.133|-753.133
146|-753.133|-753.133
147|-753.133|-753.133
148|-753.133|-753.133
149|-753.133|-753.133
150|-753.133|-753.133
151|-753.133|-753.133
EARLY STOP: TARGET FOUND
2504561ms
