1|102.011|102.011
2|102.011|102.011
3|102.011|102.011
4|102.011|102.011
5|102.011|102.011
6|102.011|102.011
7|102.011|102.011
8|102.011|102.011
9|102.011|102.011
10|102.011|102.011
11|102.011|102.011
12|102.011|102.011
13|102.011|102.011
14|102.011|102.011
15|102.011|102.011
16|102.011|102.011
17|102.011|102.011
18|102.011|102.011
19|102.011|102.011
20|102.011|102.011
21|102.011|102.011
22|102.011|102.011
23|102.011|102.011
24|102.011|102.011
25|102.011|102.011
26|102.011|102.011
27|102.011|102.011
28|102.011|102.011
29|102.011|102.011
30|102.011|102.011
31|102.011|102.011
32|102.011|102.011
33|102.011|102.011
34|102.011|102.011
35|102.011|102.011
36|102.011|102.011
37|102.011|102.011
38|102.011|102.011
39|102.011|102.011
40|102.011|102.011
41|102.011|102.011
42|102.011|102.011
43|102.011|102.011
44|102.011|102.011
45|102.011|102.011
46|102.011|102.011
47|102.011|102.011
48|102.011|102.011
49|102.011|102.011
50|102.011|102.011
51|102.011|102.011
52|102.011|102.011
53|102.011|102.011
54|102.011|102.011
55|102.011|102.011
56|102.011|102.011
57|102.011|102.011
58|102.011|102.011
59|102.011|102.011
60|102.011|102.011
61|102.011|102.011
62|102.011|102.011
63|102.011|102.011
64|102.011|102.011
65|102.011|102.011
66|102.011|102.011
67|102.011|102.011
68|102.011|102.011
69|102.011|102.011
70|102.011|102.011
71|102.011|102.011
72|102.011|102.011
73|102.011|102.011
74|102.011|102.011
75|102.011|102.011
76|102.011|102.011
77|102.011|102.011
78|102.011|102.011
79|102.011|102.011
80|102.011|102.011
81|102.011|102.011
82|102.011|102.011
83|102.011|102.011
84|102.011|102.011
85|102.011|102.011
86|102.011|102.011
87|102.011|102.011
88|102.011|102.011
89|102.011|102.011
90|102.011|102.011
91|102.011|102.011
92|102.011|102.011
93|102.011|102.011
94|102.011|102.011
95|102.011|102.011
96|102.011|102.011
97|102.011|102.011
98|102.011|102.011
99|102.011|102.011
100|102.011|102.011
101|102.011|102.011
102|102.011|102.011
103|102.011|102.011
104|102.011|102.011
105|102.011|102.011
106|102.011|102.011
107|102.011|102.011
108|102.011|102.011
109|102.011|102.011
110|102.011|102.011
111|102.011|102.011
112|102.011|102.011
113|102.011|102.011
114|102.011|102.011
115|102.011|102.011
116|102.011|102.011
117|102.011|102.011
118|102.011|102.011
119|102.011|102.011
120|102.011|102.011
121|102.011|102.011
122|102.011|102.011
123|102.011|102.011
124|102.011|102.011
125|102.011|102.011
126|102.011|102.011
127|102.011|102.011
128|102.011|102.011
129|102.011|102.011
130|102.011|102.011
131|102.011|102.011
132|102.011|102.011
133|102.011|102.011
134|102.011|102.011
135|102.011|102.011
136|102.011|102.011
137|102.011|102.011
138|102.011|102.011
139|102.011|102.011
140|102.011|102.011
141|102.011|102.011
142|102.011|102.011
143|102.011|102.011
144|102.011|102.011
145|102.011|102.011
146|102.011|102.011
147|102.011|102.011
148|102.011|102.011
149|102.011|102.011
150|102.011|102.011
151|102.011|102.011
EARLY STOP: TARGET FOUND
59148ms
