1|69.0079|69.0079
2|69.0079|69.0079
3|69.0079|69.0079
4|69.0079|69.0079
5|69.0079|69.0079
6|69.0079|69.0079
7|69.0079|69.0079
8|69.0079|69.0079
9|69.0079|69.0079
10|69.0079|69.0079
11|69.0079|69.0079
12|69.0079|69.0079
13|69.0079|69.0079
14|69.0079|69.0079
15|69.0079|69.0079
16|69.0079|69.0079
17|69.0079|69.0079
18|69.0079|69.0079
19|69.0079|69.0079
20|69.0079|69.0079
21|69.0079|69.0079
22|69.0079|69.0079
23|69.0079|69.0079
24|69.0079|69.0079
25|69.0079|69.0079
26|69.0079|69.0079
27|69.0079|69.0079
28|69.0079|69.0079
29|69.0079|69.0079
30|69.0079|69.0079
31|69.0079|69.0079
32|69.0079|69.0079
33|69.0079|69.0079
34|69.0079|69.0079
35|69.0079|69.0079
36|69.0079|69.0079
37|69.0079|69.0079
38|69.0079|69.0079
39|69.0079|69.0079
40|69.0079|69.0079
41|69.0079|69.0079
42|69.0079|69.0079
43|69.0079|69.0079
44|69.0079|69.0079
45|69.0079|69.0079
46|69.0079|69.0079
47|69.0079|69.0079
48|69.0079|69.0079
49|69.0079|69.0079
50|69.0079|69.0079
51|69.0079|69.0079
52|69.0079|69.0079
53|69.0079|69.0079
54|69.0079|69.0079
55|69.0079|69.0079
56|69.0079|69.0079
57|69.0079|69.0079
58|69.0079|69.0079
59|69.0079|69.0079
60|69.0079|69.0079
61|69.0079|69.0079
62|69.0079|69.0079
63|69.0079|69.0079
64|69.0079|69.0079
65|69.0079|69.0079
66|69.0079|69.0079
67|69.0079|69.0079
68|69.0079|69.0079
69|69.0079|69.0079
70|69.0079|69.0079
71|69.0079|69.0079
72|69.0079|69.0079
73|69.0079|69.0079
74|69.0079|69.0079
75|69.0079|69.0079
76|69.0079|69.0079
77|69.0079|69.0079
78|69.0079|69.0079
79|69.0079|69.0079
80|69.0079|69.0079
81|69.0079|69.0079
82|69.0079|69.0079
83|69.0079|69.0079
84|69.0079|69.0079
85|69.0079|69.0079
86|69.0079|69.0079
87|69.0079|69.0079
88|69.0079|69.0079
89|69.0079|69.0079
90|69.0079|69.0079
91|69.0079|69.0079
92|69.0079|69.0079
93|69.0079|69.0079
94|69.0079|69.0079
95|69.0079|69.0079
96|69.0079|69.0079
97|69.0079|69.0079
98|69.0079|69.0079
99|69.0079|69.0079
100|69.0079|69.0079
101|69.0079|69.0079
102|69.0079|69.0079
103|69.0079|69.0079
104|69.0079|69.0079
105|69.0079|69.0079
106|69.0079|69.0079
107|69.0079|69.0079
108|69.0079|69.0079
109|69.0079|69.0079
110|69.0079|69.0079
111|69.0079|69.0079
112|69.0079|69.0079
113|69.0079|69.0079
114|69.0079|69.0079
115|69.0079|69.0079
116|69.0079|69.0079
117|69.0079|69.0079
118|69.0079|69.0079
119|69.0079|69.0079
120|69.0079|69.0079
121|69.0079|69.0079
122|69.0079|69.0079
123|69.0079|69.0079
124|69.0079|69.0079
125|69.0079|69.0079
126|69.0079|69.0079
127|69.0079|69.0079
128|69.0079|69.0079
129|69.0079|69.0079
130|69.0079|69.0079
131|69.0079|69.0079
132|69.0079|69.0079
133|69.0079|69.0079
134|69.0079|69.0079
135|69.0079|69.0079
136|69.0079|69.0079
137|69.0079|69.0079
138|69.0079|69.0079
139|69.0079|69.0079
140|69.0079|69.0079
141|69.0079|69.0079
142|69.0079|69.0079
143|69.0079|69.0079
144|69.0079|69.0079
145|69.0079|69.0079
146|69.0079|69.0079
147|69.0079|69.0079
148|69.0079|69.0079
149|69.0079|69.0079
150|69.0079|69.0079
151|69.0079|69.0079
EARLY STOP: TARGET FOUND
60176ms
