1|-356.969|-356.969
2|-356.969|-356.969
3|-356.969|-356.969
4|-356.969|-356.969
5|-356.969|-356.969
6|-356.969|-356.969
7|-356.969|-356.969
8|-356.969|-356.969
9|-356.969|-356.969
10|-356.969|-356.969
11|-356.969|-356.969
12|-356.969|-356.969
13|-356.969|-356.969
14|-356.969|-356.969
15|-356.969|-356.969
16|-356.969|-356.969
17|-356.969|-356.969
18|-356.969|-356.969
19|-356.969|-356.969
20|-356.969|-356.969
21|-356.969|-356.969
22|-356.969|-356.969
23|-356.969|-356.969
24|-356.969|-356.969
25|-356.969|-356.969
26|-356.969|-356.969
27|-356.969|-356.969
28|-356.969|-356.969
29|-356.969|-356.969
30|-356.969|-356.969
31|-356.969|-356.969
32|-356.969|-356.969
33|-356.969|-356.969
34|-356.969|-356.969
35|-356.969|-356.969
36|-356.969|-356.969
37|-356.969|-356.969
38|-356.969|-356.969
39|-356.969|-356.969
40|-356.969|-356.969
41|-356.969|-356.969
42|-356.969|-356.969
43|-356.969|-356.969
44|-356.969|-356.969
45|-356.969|-356.969
46|-356.969|-356.969
47|-356.969|-356.969
48|-356.969|-356.969
49|-356.969|-356.969
50|-356.969|-356.969
51|-356.969|-356.969
52|-356.969|-356.969
53|-356.969|-356.969
54|-356.969|-356.969
55|-356.969|-356.969
56|-356.969|-356.969
57|-356.969|-356.969
58|-356.969|-356.969
59|-356.969|-356.969
60|-356.969|-356.969
61|-356.969|-356.969
62|-356.969|-356.969
63|-356.969|-356.969
64|-356.969|-356.969
65|-356.969|-356.969
66|-356.969|-356.969
67|-356.969|-356.969
68|-356.969|-356.969
69|-356.969|-356.969
70|-356.969|-356.969
71|-356.969|-356.969
72|-356.969|-356.969
73|-356.969|-356.969
74|-356.969|-356.969
75|-356.969|-356.969
76|-356.969|-356.969
77|-356.969|-356.969
78|-356.969|-356.969
79|-356.969|-356.969
80|-356.969|-356.969
81|-356.969|-356.969
82|-356.969|-356.969
83|-356.969|-356.969
84|-356.969|-356.969
85|-356.969|-356.969
86|-356.969|-356.969
87|-356.969|-356.969
88|-356.969|-356.969
89|-356.969|-356.969
90|-356.969|-356.969
91|-356.969|-356.969
92|-356.969|-356.969
93|-356.969|-356.969
94|-356.969|-356.969
95|-356.969|-356.969
96|-356.969|-356.969
97|-356.969|-356.969
98|-356.969|-356.969
99|-356.969|-356.969
100|-356.969|-356.969
101|-356.969|-356.969
102|-356.969|-356.969
103|-356.969|-356.969
104|-356.969|-356.969
105|-356.969|-356.969
106|-356.969|-356.969
107|-356.969|-356.969
108|-356.969|-356.969
109|-356.969|-356.969
110|-356.969|-356.969
111|-356.969|-356.969
112|-356.969|-356.969
113|-356.969|-356.969
114|-356.969|-356.969
115|-356.969|-356.969
116|-356.969|-356.969
117|-356.969|-356.969
118|-356.969|-356.969
119|-356.969|-356.969
120|-356.969|-356.969
121|-356.969|-356.969
122|-356.969|-356.969
123|-356.969|-356.969
124|-356.969|-356.969
125|-356.969|-356.969
126|-356.969|-356.969
127|-356.969|-356.969
128|-356.969|-356.969
129|-356.969|-356.969
130|-356.969|-356.969
131|-356.969|-356.969
132|-356.969|-356.969
133|-356.969|-356.969
134|-356.969|-356.969
135|-356.969|-356.969
136|-356.969|-356.969
137|-356.969|-356.969
138|-356.969|-356.969
139|-356.969|-356.969
140|-356.969|-356.969
141|-356.969|-356.969
142|-356.969|-356.969
143|-356.969|-356.969
144|-356.969|-356.969
145|-356.969|-356.969
146|-356.969|-356.969
147|-356.969|-356.969
148|-356.969|-356.969
149|-356.969|-356.969
150|-356.969|-356.969
151|-356.969|-356.969
EARLY STOP: TARGET FOUND
84439ms
