1|-0.297692|-0.297692
2|-0.297692|-0.297692
3|-0.297692|-0.297692
4|-0.297692|-0.297692
5|-0.297692|-0.297692
6|-0.297692|-0.297692
7|-0.297692|-0.297692
8|-0.297692|-0.297692
9|-0.297692|-0.297692
10|-0.297692|-0.297692
11|-0.297692|-0.297692
12|-0.297692|-0.297692
13|-0.297692|-0.297692
14|-0.297692|-0.297692
15|-0.297692|-0.297692
16|-0.297692|-0.297692
17|-0.297692|-0.297692
18|-0.297692|-0.297692
19|-0.297692|-0.297692
20|-0.297692|-0.297692
21|-0.297692|-0.297692
22|-0.297692|-0.297692
23|-0.297692|-0.297692
24|-0.297692|-0.297692
25|-0.297692|-0.297692
26|-0.297692|-0.297692
27|-0.297692|-0.297692
28|-0.297692|-0.297692
29|-0.297692|-0.297692
30|-0.297692|-0.297692
31|-0.297692|-0.297692
32|-0.297692|-0.297692
33|-0.297692|-0.297692
34|-0.297692|-0.297692
35|-0.297692|-0.297692
36|-0.297692|-0.297692
37|-0.297692|-0.297692
38|-0.297692|-0.297692
39|-0.297692|-0.297692
40|-0.297692|-0.297692
41|-0.297692|-0.297692
42|-0.297692|-0.297692
43|-0.297692|-0.297692
44|-0.297692|-0.297692
45|-0.297692|-0.297692
46|-0.297692|-0.297692
47|-0.297692|-0.297692
48|-0.297692|-0.297692
49|-0.297692|-0.297692
50|-0.297692|-0.297692
51|-0.297692|-0.297692
52|-0.297692|-0.297692
53|-0.297692|-0.297692
54|-0.297692|-0.297692
55|-0.297692|-0.297692
56|-0.297692|-0.297692
57|-0.297692|-0.297692
58|-0.297692|-0.297692
59|-0.297692|-0.297692
60|-0.297692|-0.297692
61|-0.297692|-0.297692
62|-0.297692|-0.297692
63|-0.297692|-0.297692
64|-0.297692|-0.297692
65|-0.297692|-0.297692
66|-0.297692|-0.297692
67|-0.297692|-0.297692
68|-0.297692|-0.297692
69|-0.297692|-0.297692
70|-0.297692|-0.297692
71|-0.297692|-0.297692
72|-0.297692|-0.297692
73|-0.297692|-0.297692
74|-0.297692|-0.297692
75|-0.297692|-0.297692
76|-0.297692|-0.297692
77|-0.297692|-0.297692
78|-0.297692|-0.297692
79|-0.297692|-0.297692
80|-0.297692|-0.297692
81|-0.297692|-0.297692
82|-0.297692|-0.297692
83|-0.297692|-0.297692
84|-0.297692|-0.297692
85|-0.297692|-0.297692
86|-0.297692|-0.297692
87|-0.297692|-0.297692
88|-0.297692|-0.297692
89|-0.297692|-0.297692
90|-0.297692|-0.297692
91|-0.297692|-0.297692
92|-0.297692|-0.297692
93|-0.297692|-0.297692
94|-0.297692|-0.297692
95|-0.297692|-0.297692
96|-0.297692|-0.297692
97|-0.297692|-0.297692
98|-0.297692|-0.297692
99|-0.297692|-0.297692
100|-0.297692|-0.297692
101|-0.297692|-0.297692
102|-0.297692|-0.297692
103|-0.297692|-0.297692
104|-0.297692|-0.297692
105|-0.297692|-0.297692
106|-0.297692|-0.297692
107|-0.297692|-0.297692
108|-0.297692|-0.297692
109|-0.297692|-0.297692
110|-0.297692|-0.297692
111|-0.297692|-0.297692
112|-0.297692|-0.297692
113|-0.297692|-0.297692
114|-0.297692|-0.297692
115|-0.297692|-0.297692
116|-0.297692|-0.297692
117|-0.297692|-0.297692
118|-0.297692|-0.297692
119|-0.297692|-0.297692
120|-0.297692|-0.297692
121|-0.297692|-0.297692
122|-0.297692|-0.297692
123|-0.297692|-0.297692
124|-0.297692|-0.297692
125|-0.297692|-0.297692
126|-0.297692|-0.297692
127|-0.297692|-0.297692
128|-0.297692|-0.297692
129|-0.297692|-0.297692
130|-0.297692|-0.297692
131|-0.297692|-0.297692
132|-0.297692|-0.297692
133|-0.297692|-0.297692
134|-0.297692|-0.297692
135|-0.297692|-0.297692
136|-0.297692|-0.297692
137|-0.297692|-0.297692
138|-0.297692|-0.297692
139|-0.297692|-0.297692
140|-0.297692|-0.297692
141|-0.297692|-0.297692
142|-0.297692|-0.297692
143|-0.297692|-0.297692
144|-0.297692|-0.297692
145|-0.297692|-0.297692
146|-0.297692|-0.297692
147|-0.297692|-0.297692
148|-0.297692|-0.297692
149|-0.297692|-0.297692
150|-0.297692|-0.297692
151|-0.297692|-0.297692
EARLY STOP: TARGET FOUND
207324ms
