1|215.704|215.704
2|215.704|215.704
3|215.704|215.704
4|215.704|215.704
5|215.704|215.704
6|215.704|215.704
7|215.704|215.704
8|215.704|215.704
9|215.704|215.704
10|215.704|215.704
11|215.704|215.704
12|215.704|215.704
13|215.704|215.704
14|215.704|215.704
15|215.704|215.704
16|215.704|215.704
17|215.704|215.704
18|215.704|215.704
19|215.704|215.704
20|215.704|215.704
21|215.704|215.704
22|215.704|215.704
23|215.704|215.704
24|215.704|215.704
25|215.704|215.704
26|215.704|215.704
27|215.704|215.704
28|215.704|215.704
29|215.704|215.704
30|215.704|215.704
31|215.704|215.704
32|215.704|215.704
33|215.704|215.704
34|215.704|215.704
35|215.704|215.704
36|215.704|215.704
37|215.704|215.704
38|215.704|215.704
39|215.704|215.704
40|215.704|215.704
41|215.704|215.704
42|215.704|215.704
43|215.704|215.704
44|215.704|215.704
45|215.704|215.704
46|215.704|215.704
47|215.704|215.704
48|215.704|215.704
49|215.704|215.704
50|215.704|215.704
51|215.704|215.704
52|215.704|215.704
53|215.704|215.704
54|215.704|215.704
55|215.704|215.704
56|215.704|215.704
57|215.704|215.704
58|215.704|215.704
59|215.704|215.704
60|215.704|215.704
61|215.704|215.704
62|215.704|215.704
63|215.704|215.704
64|215.704|215.704
65|215.704|215.704
66|215.704|215.704
67|215.704|215.704
68|215.704|215.704
69|215.704|215.704
70|215.704|215.704
71|215.704|215.704
72|215.704|215.704
73|215.704|215.704
74|215.704|215.704
75|215.704|215.704
76|215.704|215.704
77|215.704|215.704
78|215.704|215.704
79|215.704|215.704
80|215.704|215.704
81|215.704|215.704
82|215.704|215.704
83|215.704|215.704
84|215.704|215.704
85|215.704|215.704
86|215.704|215.704
87|215.704|215.704
88|215.704|215.704
89|215.704|215.704
90|215.704|215.704
91|215.704|215.704
92|215.704|215.704
93|215.704|215.704
94|215.704|215.704
95|215.704|215.704
96|215.704|215.704
97|215.704|215.704
98|215.704|215.704
99|215.704|215.704
100|215.704|215.704
101|215.704|215.704
102|215.704|215.704
103|215.704|215.704
104|215.704|215.704
105|215.704|215.704
106|215.704|215.704
107|215.704|215.704
108|215.704|215.704
109|215.704|215.704
110|215.704|215.704
111|215.704|215.704
112|215.704|215.704
113|215.704|215.704
114|215.704|215.704
115|215.704|215.704
116|215.704|215.704
117|215.704|215.704
118|215.704|215.704
119|215.704|215.704
120|215.704|215.704
121|215.704|215.704
122|215.704|215.704
123|215.704|215.704
124|215.704|215.704
125|215.704|215.704
126|215.704|215.704
127|215.704|215.704
128|215.704|215.704
129|215.704|215.704
130|215.704|215.704
131|215.704|215.704
132|215.704|215.704
133|215.704|215.704
134|215.704|215.704
135|215.704|215.704
136|215.704|215.704
137|215.704|215.704
138|215.704|215.704
139|215.704|215.704
140|215.704|215.704
141|215.704|215.704
142|215.704|215.704
143|215.704|215.704
144|215.704|215.704
145|215.704|215.704
146|215.704|215.704
147|215.704|215.704
148|215.704|215.704
149|215.704|215.704
150|215.704|215.704
151|215.704|215.704
EARLY STOP: TARGET FOUND
210989ms
