1|48.1558|48.1558
2|48.1558|48.1558
3|48.1558|48.1558
4|48.1558|48.1558
5|48.1558|48.1558
6|48.1558|48.1558
7|48.1558|48.1558
8|48.1558|48.1558
9|48.1558|48.1558
10|48.1558|48.1558
11|48.1558|48.1558
12|48.1558|48.1558
13|48.1558|48.1558
14|48.1558|48.1558
15|48.1558|48.1558
16|48.1558|48.1558
17|48.1558|48.1558
18|48.1558|48.1558
19|48.1558|48.1558
20|48.1558|48.1558
21|48.1558|48.1558
22|48.1558|48.1558
23|48.1558|48.1558
24|48.1558|48.1558
25|48.1558|48.1558
26|48.1558|48.1558
27|48.1558|48.1558
28|48.1558|48.1558
29|48.1558|48.1558
30|48.1558|48.1558
31|48.1558|48.1558
32|48.1558|48.1558
33|48.1558|48.1558
34|48.1558|48.1558
35|48.1558|48.1558
36|48.1558|48.1558
37|48.1558|48.1558
38|48.1558|48.1558
39|48.1558|48.1558
40|48.1558|48.1558
41|48.1558|48.1558
42|48.1558|48.1558
43|48.1558|48.1558
44|48.1558|48.1558
45|48.1558|48.1558
46|48.1558|48.1558
47|48.1558|48.1558
48|48.1558|48.1558
49|48.1558|48.1558
50|48.1558|48.1558
51|48.1558|48.1558
52|48.1558|48.1558
53|48.1558|48.1558
54|48.1558|48.1558
55|48.1558|48.1558
56|48.1558|48.1558
57|48.1558|48.1558
58|48.1558|48.1558
59|48.1558|48.1558
60|48.1558|48.1558
61|48.1558|48.1558
62|48.1558|48.1558
63|48.1558|48.1558
64|48.1558|48.1558
65|48.1558|48.1558
66|48.1558|48.1558
67|48.1558|48.1558
68|48.1558|48.1558
69|48.1558|48.1558
70|48.1558|48.1558
71|48.1558|48.1558
72|48.1558|48.1558
73|48.1558|48.1558
74|48.1558|48.1558
75|48.1558|48.1558
76|48.1558|48.1558
77|48.1558|48.1558
78|48.1558|48.1558
79|48.1558|48.1558
80|48.1558|48.1558
81|48.1558|48.1558
82|48.1558|48.1558
83|48.1558|48.1558
84|48.1558|48.1558
85|48.1558|48.1558
86|48.1558|48.1558
87|48.1558|48.1558
88|48.1558|48.1558
89|48.1558|48.1558
90|48.1558|48.1558
91|48.1558|48.1558
92|48.1558|48.1558
93|48.1558|48.1558
94|48.1558|48.1558
95|48.1558|48.1558
96|48.1558|48.1558
97|48.1558|48.1558
98|48.1558|48.1558
99|48.1558|48.1558
100|48.1558|48.1558
101|48.1558|48.1558
102|48.1558|48.1558
103|48.1558|48.1558
104|48.1558|48.1558
105|48.1558|48.1558
106|48.1558|48.1558
107|48.1558|48.1558
108|48.1558|48.1558
109|48.1558|48.1558
110|48.1558|48.1558
111|48.1558|48.1558
112|48.1558|48.1558
113|48.1558|48.1558
114|48.1558|48.1558
115|48.1558|48.1558
116|48.1558|48.1558
117|48.1558|48.1558
118|48.1558|48.1558
119|48.1558|48.1558
120|48.1558|48.1558
121|48.1558|48.1558
122|48.1558|48.1558
123|48.1558|48.1558
124|48.1558|48.1558
125|48.1558|48.1558
126|48.1558|48.1558
127|48.1558|48.1558
128|48.1558|48.1558
129|48.1558|48.1558
130|48.1558|48.1558
131|48.1558|48.1558
132|48.1558|48.1558
133|48.1558|48.1558
134|48.1558|48.1558
135|48.1558|48.1558
136|48.1558|48.1558
137|48.1558|48.1558
138|48.1558|48.1558
139|48.1558|48.1558
140|48.1558|48.1558
141|48.1558|48.1558
142|48.1558|48.1558
143|48.1558|48.1558
144|48.1558|48.1558
145|48.1558|48.1558
146|48.1558|48.1558
147|48.1558|48.1558
148|48.1558|48.1558
149|48.1558|48.1558
150|48.1558|48.1558
151|48.1558|48.1558
EARLY STOP: TARGET FOUND
59859ms
