1|-278.574|-278.574
2|-278.574|-278.574
3|-278.574|-278.574
4|-278.574|-278.574
5|-278.574|-278.574
6|-278.574|-278.574
7|-278.574|-278.574
8|-278.574|-278.574
9|-278.574|-278.574
10|-278.574|-278.574
11|-278.574|-278.574
12|-278.574|-278.574
13|-278.574|-278.574
14|-278.574|-278.574
15|-278.574|-278.574
16|-278.574|-278.574
17|-278.574|-278.574
18|-278.574|-278.574
19|-278.574|-278.574
20|-278.574|-278.574
21|-278.574|-278.574
22|-278.574|-278.574
23|-278.574|-278.574
24|-278.574|-278.574
25|-278.574|-278.574
26|-278.574|-278.574
27|-278.574|-278.574
28|-278.574|-278.574
29|-278.574|-278.574
30|-278.574|-278.574
31|-278.574|-278.574
32|-278.574|-278.574
33|-278.574|-278.574
34|-278.574|-278.574
35|-278.574|-278.574
36|-278.574|-278.574
37|-278.574|-278.574
38|-278.574|-278.574
39|-278.574|-278.574
40|-278.574|-278.574
41|-278.574|-278.574
42|-278.574|-278.574
43|-278.574|-278.574
44|-278.574|-278.574
45|-278.574|-278.574
46|-278.574|-278.574
47|-278.574|-278.574
48|-278.574|-278.574
49|-278.574|-278.574
50|-278.574|-278.574
51|-278.574|-278.574
52|-278.574|-278.574
53|-278.574|-278.574
54|-278.574|-278.574
55|-278.574|-278.574
56|-278.574|-278.574
57|-278.574|-278.574
58|-278.574|-278.574
59|-278.574|-278.574
60|-278.574|-278.574
61|-278.574|-278.574
62|-278.574|-278.574
63|-278.574|-278.574
64|-278.574|-278.574
65|-278.574|-278.574
66|-278.574|-278.574
67|-278.574|-278.574
68|-278.574|-278.574
69|-278.574|-278.574
70|-278.574|-278.574
71|-278.574|-278.574
72|-278.574|-278.574
73|-278.574|-278.574
74|-278.574|-278.574
75|-278.574|-278.574
76|-278.574|-278.574
77|-278.574|-278.574
78|-278.574|-278.574
79|-278.574|-278.574
80|-278.574|-278.574
81|-278.574|-278.574
82|-278.574|-278.574
83|-278.574|-278.574
84|-278.574|-278.574
85|-278.574|-278.574
86|-278.574|-278.574
87|-278.574|-278.574
88|-278.574|-278.574
89|-278.574|-278.574
90|-278.574|-278.574
91|-278.574|-278.574
92|-278.574|-278.574
93|-278.574|-278.574
94|-278.574|-278.574
95|-278.574|-278.574
96|-278.574|-278.574
97|-278.574|-278.574
98|-278.574|-278.574
99|-278.574|-278.574
100|-278.574|-278.574
101|-278.574|-278.574
102|-278.574|-278.574
103|-278.574|-278.574
104|-278.574|-278.574
105|-278.574|-278.574
106|-278.574|-278.574
107|-278.574|-278.574
108|-278.574|-278.574
109|-278.574|-278.574
110|-278.574|-278.574
111|-278.574|-278.574
112|-278.574|-278.574
113|-278.574|-278.574
114|-278.574|-278.574
115|-278.574|-278.574
116|-278.574|-278.574
117|-278.574|-278.574
118|-278.574|-278.574
119|-278.574|-278.574
120|-278.574|-278.574
121|-278.574|-278.574
122|-278.574|-278.574
123|-278.574|-278.574
124|-278.574|-278.574
125|-278.574|-278.574
126|-278.574|-278.574
127|-278.574|-278.574
128|-278.574|-278.574
129|-278.574|-278.574
130|-278.574|-278.574
131|-278.574|-278.574
132|-278.574|-278.574
133|-278.574|-278.574
134|-278.574|-278.574
135|-278.574|-278.574
136|-278.574|-278.574
137|-278.574|-278.574
138|-278.574|-278.574
139|-278.574|-278.574
140|-278.574|-278.574
141|-278.574|-278.574
142|-278.574|-278.574
143|-278.574|-278.574
144|-278.574|-278.574
145|-278.574|-278.574
146|-278.574|-278.574
147|-278.574|-278.574
148|-278.574|-278.574
149|-278.574|-278.574
150|-278.574|-278.574
151|-278.574|-278.574
EARLY STOP: TARGET FOUND
304064ms
