1|572.881|572.881
2|572.881|572.881
3|572.881|572.881
4|572.881|572.881
5|572.881|572.881
6|572.881|572.881
7|572.881|572.881
8|572.881|572.881
9|572.881|572.881
10|572.881|572.881
11|572.881|572.881
12|572.881|572.881
13|572.881|572.881
14|572.881|572.881
15|572.881|572.881
16|572.881|572.881
17|572.881|572.881
18|572.881|572.881
19|572.881|572.881
20|572.881|572.881
21|572.881|572.881
22|572.881|572.881
23|572.881|572.881
24|572.881|572.881
25|572.881|572.881
26|572.881|572.881
27|572.881|572.881
28|572.881|572.881
29|572.881|572.881
30|572.881|572.881
31|572.881|572.881
32|572.881|572.881
33|572.881|572.881
34|572.881|572.881
35|572.881|572.881
36|572.881|572.881
37|572.881|572.881
38|572.881|572.881
39|572.881|572.881
40|572.881|572.881
41|572.881|572.881
42|572.881|572.881
43|572.881|572.881
44|572.881|572.881
45|572.881|572.881
46|572.881|572.881
47|572.881|572.881
48|572.881|572.881
49|572.881|572.881
50|572.881|572.881
51|572.881|572.881
52|572.881|572.881
53|572.881|572.881
54|572.881|572.881
55|572.881|572.881
56|572.881|572.881
57|572.881|572.881
58|572.881|572.881
59|572.881|572.881
60|572.881|572.881
61|572.881|572.881
62|572.881|572.881
63|572.881|572.881
64|572.881|572.881
65|572.881|572.881
66|572.881|572.881
67|572.881|572.881
68|572.881|572.881
69|572.881|572.881
70|572.881|572.881
71|572.881|572.881
72|572.881|572.881
73|572.881|572.881
74|572.881|572.881
75|572.881|572.881
76|572.881|572.881
77|572.881|572.881
78|572.881|572.881
79|572.881|572.881
80|572.881|572.881
81|572.881|572.881
82|572.881|572.881
83|572.881|572.881
84|572.881|572.881
85|572.881|572.881
86|572.881|572.881
87|572.881|572.881
88|572.881|572.881
89|572.881|572.881
90|572.881|572.881
91|572.881|572.881
92|572.881|572.881
93|572.881|572.881
94|572.881|572.881
95|572.881|572.881
96|572.881|572.881
97|572.881|572.881
98|572.881|572.881
99|572.881|572.881
100|572.881|572.881
101|572.881|572.881
102|572.881|572.881
103|572.881|572.881
104|572.881|572.881
105|572.881|572.881
106|572.881|572.881
107|572.881|572.881
108|572.881|572.881
109|572.881|572.881
110|572.881|572.881
111|572.881|572.881
112|572.881|572.881
113|572.881|572.881
114|572.881|572.881
115|572.881|572.881
116|572.881|572.881
117|572.881|572.881
118|572.881|572.881
119|572.881|572.881
120|572.881|572.881
121|572.881|572.881
122|572.881|572.881
123|572.881|572.881
124|572.881|572.881
125|572.881|572.881
126|572.881|572.881
127|572.881|572.881
128|572.881|572.881
129|572.881|572.881
130|572.881|572.881
131|572.881|572.881
132|572.881|572.881
133|572.881|572.881
134|572.881|572.881
135|572.881|572.881
136|572.881|572.881
137|572.881|572.881
138|572.881|572.881
139|572.881|572.881
140|572.881|572.881
141|572.881|572.881
142|572.881|572.881
143|572.881|572.881
144|572.881|572.881
145|572.881|572.881
146|572.881|572.881
147|572.881|572.881
148|572.881|572.881
149|572.881|572.881
150|572.881|572.881
151|572.881|572.881
EARLY STOP: TARGET FOUND
1773157ms
