1|8.97907|8.97907
2|8.97907|8.97907
3|8.97907|8.97907
4|8.97907|8.97907
5|8.97907|8.97907
6|8.97907|8.97907
7|8.97907|8.97907
8|8.97907|8.97907
9|8.97907|8.97907
10|8.97907|8.97907
11|8.97907|8.97907
12|8.97907|8.97907
13|8.97907|8.97907
14|8.97907|8.97907
15|8.97907|8.97907
16|8.97907|8.97907
17|8.97907|8.97907
18|8.97907|8.97907
19|8.97907|8.97907
20|8.97907|8.97907
21|8.97907|8.97907
22|8.97907|8.97907
23|8.97907|8.97907
24|8.97907|8.97907
25|8.97907|8.97907
26|8.97907|8.97907
27|8.97907|8.97907
28|8.97907|8.97907
29|8.97907|8.97907
30|8.97907|8.97907
31|8.97907|8.97907
32|8.97907|8.97907
33|8.97907|8.97907
34|8.97907|8.97907
35|8.97907|8.97907
36|8.97907|8.97907
37|8.97907|8.97907
38|8.97907|8.97907
39|8.97907|8.97907
40|8.97907|8.97907
41|8.97907|8.97907
42|8.97907|8.97907
43|8.97907|8.97907
44|8.97907|8.97907
45|8.97907|8.97907
46|8.97907|8.97907
47|8.97907|8.97907
48|8.97907|8.97907
49|8.97907|8.97907
50|8.97907|8.97907
51|8.97907|8.97907
52|8.97907|8.97907
53|8.97907|8.97907
54|8.97907|8.97907
55|8.97907|8.97907
56|8.97907|8.97907
57|8.97907|8.97907
58|8.97907|8.97907
59|8.97907|8.97907
60|8.97907|8.97907
61|8.97907|8.97907
62|8.97907|8.97907
63|8.97907|8.97907
64|8.97907|8.97907
65|8.97907|8.97907
66|8.97907|8.97907
67|8.97907|8.97907
68|8.97907|8.97907
69|8.97907|8.97907
70|8.97907|8.97907
71|8.97907|8.97907
72|8.97907|8.97907
73|8.97907|8.97907
74|8.97907|8.97907
75|8.97907|8.97907
76|8.97907|8.97907
77|8.97907|8.97907
78|8.97907|8.97907
79|8.97907|8.97907
80|8.97907|8.97907
81|8.97907|8.97907
82|8.97907|8.97907
83|8.97907|8.97907
84|8.97907|8.97907
85|8.97907|8.97907
86|8.97907|8.97907
87|8.97907|8.97907
88|8.97907|8.97907
89|8.97907|8.97907
90|8.97907|8.97907
91|8.97907|8.97907
92|8.97907|8.97907
93|8.97907|8.97907
94|8.97907|8.97907
95|8.97907|8.97907
96|8.97907|8.97907
97|8.97907|8.97907
98|8.97907|8.97907
99|8.97907|8.97907
100|8.97907|8.97907
101|8.97907|8.97907
102|8.97907|8.97907
103|8.97907|8.97907
104|8.97907|8.97907
105|8.97907|8.97907
106|8.97907|8.97907
107|8.97907|8.97907
108|8.97907|8.97907
109|8.97907|8.97907
110|8.97907|8.97907
111|8.97907|8.97907
112|8.97907|8.97907
113|8.97907|8.97907
114|8.97907|8.97907
115|8.97907|8.97907
116|8.97907|8.97907
117|8.97907|8.97907
118|8.97907|8.97907
119|8.97907|8.97907
120|8.97907|8.97907
121|8.97907|8.97907
122|8.97907|8.97907
123|8.97907|8.97907
124|8.97907|8.97907
125|8.97907|8.97907
126|8.97907|8.97907
127|8.97907|8.97907
128|8.97907|8.97907
129|8.97907|8.97907
130|8.97907|8.97907
131|8.97907|8.97907
132|8.97907|8.97907
133|8.97907|8.97907
134|8.97907|8.97907
135|8.97907|8.97907
136|8.97907|8.97907
137|8.97907|8.97907
138|8.97907|8.97907
139|8.97907|8.97907
140|8.97907|8.97907
141|8.97907|8.97907
142|8.97907|8.97907
143|8.97907|8.97907
144|8.97907|8.97907
145|8.97907|8.97907
146|8.97907|8.97907
147|8.97907|8.97907
148|8.97907|8.97907
149|8.97907|8.97907
150|8.97907|8.97907
151|8.97907|8.97907
EARLY STOP: TARGET FOUND
84878ms
