1|-2.72588|-2.72588
2|-2.72588|-2.72588
3|-2.72588|-2.72588
4|-2.72588|-2.72588
5|-2.72588|-2.72588
6|-2.72588|-2.72588
7|-2.72588|-2.72588
8|-2.72588|-2.72588
9|-2.72588|-2.72588
10|-2.72588|-2.72588
11|-2.72588|-2.72588
12|-2.72588|-2.72588
13|-2.72588|-2.72588
14|-2.72588|-2.72588
15|-2.72588|-2.72588
16|-2.72588|-2.72588
17|-2.72588|-2.72588
18|-2.72588|-2.72588
19|-2.72588|-2.72588
20|-2.72588|-2.72588
21|-2.72588|-2.72588
22|-2.72588|-2.72588
23|-2.72588|-2.72588
24|-2.72588|-2.72588
25|-2.72588|-2.72588
26|-2.72588|-2.72588
27|-2.72588|-2.72588
28|-2.72588|-2.72588
29|-2.72588|-2.72588
30|-2.72588|-2.72588
31|-2.72588|-2.72588
32|-2.72588|-2.72588
33|-2.72588|-2.72588
34|-2.72588|-2.72588
35|-2.72588|-2.72588
36|-2.72588|-2.72588
37|-2.72588|-2.72588
38|-2.72588|-2.72588
39|-2.72588|-2.72588
40|-2.72588|-2.72588
41|-2.72588|-2.72588
42|-2.72588|-2.72588
43|-2.72588|-2.72588
44|-2.72588|-2.72588
45|-2.72588|-2.72588
46|-2.72588|-2.72588
47|-2.72588|-2.72588
48|-2.72588|-2.72588
49|-2.72588|-2.72588
50|-2.72588|-2.72588
51|-2.72588|-2.72588
52|-2.72588|-2.72588
53|-2.72588|-2.72588
54|-2.72588|-2.72588
55|-2.72588|-2.72588
56|-2.72588|-2.72588
57|-2.72588|-2.72588
58|-2.72588|-2.72588
59|-2.72588|-2.72588
60|-2.72588|-2.72588
61|-2.72588|-2.72588
62|-2.72588|-2.72588
63|-2.72588|-2.72588
64|-2.72588|-2.72588
65|-2.72588|-2.72588
66|-2.72588|-2.72588
67|-2.72588|-2.72588
68|-2.72588|-2.72588
69|-2.72588|-2.72588
70|-2.72588|-2.72588
71|-2.72588|-2.72588
72|-2.72588|-2.72588
73|-2.72588|-2.72588
74|-2.72588|-2.72588
75|-2.72588|-2.72588
76|-2.72588|-2.72588
77|-2.72588|-2.72588
78|-2.72588|-2.72588
79|-2.72588|-2.72588
80|-2.72588|-2.72588
81|-2.72588|-2.72588
82|-2.72588|-2.72588
83|-2.72588|-2.72588
84|-2.72588|-2.72588
85|-2.72588|-2.72588
86|-2.72588|-2.72588
87|-2.72588|-2.72588
88|-2.72588|-2.72588
89|-2.72588|-2.72588
90|-2.72588|-2.72588
91|-2.72588|-2.72588
92|-2.72588|-2.72588
93|-2.72588|-2.72588
94|-2.72588|-2.72588
95|-2.72588|-2.72588
96|-2.72588|-2.72588
97|-2.72588|-2.72588
98|-2.72588|-2.72588
99|-2.72588|-2.72588
100|-2.72588|-2.72588
101|-2.72588|-2.72588
102|-2.72588|-2.72588
103|-2.72588|-2.72588
104|-2.72588|-2.72588
105|-2.72588|-2.72588
106|-2.72588|-2.72588
107|-2.72588|-2.72588
108|-2.72588|-2.72588
109|-2.72588|-2.72588
110|-2.72588|-2.72588
111|-2.72588|-2.72588
112|-2.72588|-2.72588
113|-2.72588|-2.72588
114|-2.72588|-2.72588
115|-2.72588|-2.72588
116|-2.72588|-2.72588
117|-2.72588|-2.72588
118|-2.72588|-2.72588
119|-2.72588|-2.72588
120|-2.72588|-2.72588
121|-2.72588|-2.72588
122|-2.72588|-2.72588
123|-2.72588|-2.72588
124|-2.72588|-2.72588
125|-2.72588|-2.72588
126|-2.72588|-2.72588
127|-2.72588|-2.72588
128|-2.72588|-2.72588
129|-2.72588|-2.72588
130|-2.72588|-2.72588
131|-2.72588|-2.72588
132|-2.72588|-2.72588
133|-2.72588|-2.72588
134|-2.72588|-2.72588
135|-2.72588|-2.72588
136|-2.72588|-2.72588
137|-2.72588|-2.72588
138|-2.72588|-2.72588
139|-2.72588|-2.72588
140|-2.72588|-2.72588
141|-2.72588|-2.72588
142|-2.72588|-2.72588
143|-2.72588|-2.72588
144|-2.72588|-2.72588
145|-2.72588|-2.72588
146|-2.72588|-2.72588
147|-2.72588|-2.72588
148|-2.72588|-2.72588
149|-2.72588|-2.72588
150|-2.72588|-2.72588
151|-2.72588|-2.72588
EARLY STOP: TARGET FOUND
1720363ms
