1|172.324|172.324
2|172.324|172.324
3|172.324|172.324
4|172.324|172.324
5|172.324|172.324
6|172.324|172.324
7|172.324|172.324
8|172.324|172.324
9|172.324|172.324
10|172.324|172.324
11|172.324|172.324
12|172.324|172.324
13|172.324|172.324
14|172.324|172.324
15|172.324|172.324
16|172.324|172.324
17|172.324|172.324
18|172.324|172.324
19|172.324|172.324
20|172.324|172.324
21|172.324|172.324
22|172.324|172.324
23|172.324|172.324
24|172.324|172.324
25|172.324|172.324
26|172.324|172.324
27|172.324|172.324
28|172.324|172.324
29|172.324|172.324
30|172.324|172.324
31|172.324|172.324
32|172.324|172.324
33|172.324|172.324
34|172.324|172.324
35|172.324|172.324
36|172.324|172.324
37|172.324|172.324
38|172.324|172.324
39|172.324|172.324
40|172.324|172.324
41|172.324|172.324
42|172.324|172.324
43|172.324|172.324
44|172.324|172.324
45|172.324|172.324
46|172.324|172.324
47|172.324|172.324
48|172.324|172.324
49|172.324|172.324
50|172.324|172.324
51|172.324|172.324
52|172.324|172.324
53|172.324|172.324
54|172.324|172.324
55|172.324|172.324
56|172.324|172.324
57|172.324|172.324
58|172.324|172.324
59|172.324|172.324
60|172.324|172.324
61|172.324|172.324
62|172.324|172.324
63|172.324|172.324
64|172.324|172.324
65|172.324|172.324
66|172.324|172.324
67|172.324|172.324
68|172.324|172.324
69|172.324|172.324
70|172.324|172.324
71|172.324|172.324
72|172.324|172.324
73|172.324|172.324
74|172.324|172.324
75|172.324|172.324
76|172.324|172.324
77|172.324|172.324
78|172.324|172.324
79|172.324|172.324
80|172.324|172.324
81|172.324|172.324
82|172.324|172.324
83|172.324|172.324
84|172.324|172.324
85|172.324|172.324
86|172.324|172.324
87|172.324|172.324
88|172.324|172.324
89|172.324|172.324
90|172.324|172.324
91|172.324|172.324
92|172.324|172.324
93|172.324|172.324
94|172.324|172.324
95|172.324|172.324
96|172.324|172.324
97|172.324|172.324
98|172.324|172.324
99|172.324|172.324
100|172.324|172.324
101|172.324|172.324
102|172.324|172.324
103|172.324|172.324
104|172.324|172.324
105|172.324|172.324
106|172.324|172.324
107|172.324|172.324
108|172.324|172.324
109|172.324|172.324
110|172.324|172.324
111|172.324|172.324
112|172.324|172.324
113|172.324|172.324
114|172.324|172.324
115|172.324|172.324
116|172.324|172.324
117|172.324|172.324
118|172.324|172.324
119|172.324|172.324
120|172.324|172.324
121|172.324|172.324
122|172.324|172.324
123|172.324|172.324
124|172.324|172.324
125|172.324|172.324
126|172.324|172.324
127|172.324|172.324
128|172.324|172.324
129|172.324|172.324
130|172.324|172.324
131|172.324|172.324
132|172.324|172.324
133|172.324|172.324
134|172.324|172.324
135|172.324|172.324
136|172.324|172.324
137|172.324|172.324
138|172.324|172.324
139|172.324|172.324
140|172.324|172.324
141|172.324|172.324
142|172.324|172.324
143|172.324|172.324
144|172.324|172.324
145|172.324|172.324
146|172.324|172.324
147|172.324|172.324
148|172.324|172.324
149|172.324|172.324
150|172.324|172.324
151|172.324|172.324
EARLY STOP: TARGET FOUND
212976ms
