1|258.346|258.346
2|258.346|258.346
3|258.346|258.346
4|258.346|258.346
5|258.346|258.346
6|258.346|258.346
7|258.346|258.346
8|258.346|258.346
9|258.346|258.346
10|258.346|258.346
11|258.346|258.346
12|258.346|258.346
13|258.346|258.346
14|258.346|258.346
15|258.346|258.346
16|258.346|258.346
17|258.346|258.346
18|258.346|258.346
19|258.346|258.346
20|258.346|258.346
21|258.346|258.346
22|258.346|258.346
23|258.346|258.346
24|258.346|258.346
25|258.346|258.346
26|258.346|258.346
27|258.346|258.346
28|258.346|258.346
29|258.346|258.346
30|258.346|258.346
31|258.346|258.346
32|258.346|258.346
33|258.346|258.346
34|258.346|258.346
35|258.346|258.346
36|258.346|258.346
37|258.346|258.346
38|258.346|258.346
39|258.346|258.346
40|258.346|258.346
41|258.346|258.346
42|258.346|258.346
43|258.346|258.346
44|258.346|258.346
45|258.346|258.346
46|258.346|258.346
47|258.346|258.346
48|258.346|258.346
49|258.346|258.346
50|258.346|258.346
51|258.346|258.346
52|258.346|258.346
53|258.346|258.346
54|258.346|258.346
55|258.346|258.346
56|258.346|258.346
57|258.346|258.346
58|258.346|258.346
59|258.346|258.346
60|258.346|258.346
61|258.346|258.346
62|258.346|258.346
63|258.346|258.346
64|258.346|258.346
65|258.346|258.346
66|258.346|258.346
67|258.346|258.346
68|258.346|258.346
69|258.346|258.346
70|258.346|258.346
71|258.346|258.346
72|258.346|258.346
73|258.346|258.346
74|258.346|258.346
75|258.346|258.346
76|258.346|258.346
77|258.346|258.346
78|258.346|258.346
79|258.346|258.346
80|258.346|258.346
81|258.346|258.346
82|258.346|258.346
83|258.346|258.346
84|258.346|258.346
85|258.346|258.346
86|258.346|258.346
87|258.346|258.346
88|258.346|258.346
89|258.346|258.346
90|258.346|258.346
91|258.346|258.346
92|258.346|258.346
93|258.346|258.346
94|258.346|258.346
95|258.346|258.346
96|258.346|258.346
97|258.346|258.346
98|258.346|258.346
99|258.346|258.346
100|258.346|258.346
101|258.346|258.346
102|258.346|258.346
103|258.346|258.346
104|258.346|258.346
105|258.346|258.346
106|258.346|258.346
107|258.346|258.346
108|258.346|258.346
109|258.346|258.346
110|258.346|258.346
111|258.346|258.346
112|258.346|258.346
113|258.346|258.346
114|258.346|258.346
115|258.346|258.346
116|258.346|258.346
117|258.346|258.346
118|258.346|258.346
119|258.346|258.346
120|258.346|258.346
121|258.346|258.346
122|258.346|258.346
123|258.346|258.346
124|258.346|258.346
125|258.346|258.346
126|258.346|258.346
127|258.346|258.346
128|258.346|258.346
129|258.346|258.346
130|258.346|258.346
131|258.346|258.346
132|258.346|258.346
133|258.346|258.346
134|258.346|258.346
135|258.346|258.346
136|258.346|258.346
137|258.346|258.346
138|258.346|258.346
139|258.346|258.346
140|258.346|258.346
141|258.346|258.346
142|258.346|258.346
143|258.346|258.346
144|258.346|258.346
145|258.346|258.346
146|258.346|258.346
147|258.346|258.346
148|258.346|258.346
149|258.346|258.346
150|258.346|258.346
151|258.346|258.346
EARLY STOP: TARGET FOUND
1708547ms
