1|543.179|543.179
2|543.179|543.179
3|543.179|543.179
4|543.179|543.179
5|543.179|543.179
6|543.179|543.179
7|543.179|543.179
8|543.179|543.179
9|543.179|543.179
10|543.179|543.179
11|543.179|543.179
12|543.179|543.179
13|543.179|543.179
14|543.179|543.179
15|543.179|543.179
16|543.179|543.179
17|543.179|543.179
18|543.179|543.179
19|543.179|543.179
20|543.179|543.179
21|543.179|543.179
22|543.179|543.179
23|543.179|543.179
24|543.179|543.179
25|543.179|543.179
26|543.179|543.179
27|543.179|543.179
28|543.179|543.179
29|543.179|543.179
30|543.179|543.179
31|543.179|543.179
32|543.179|543.179
33|543.179|543.179
34|543.179|543.179
35|543.179|543.179
36|543.179|543.179
37|543.179|543.179
38|543.179|543.179
39|543.179|543.179
40|543.179|543.179
41|543.179|543.179
42|543.179|543.179
43|543.179|543.179
44|543.179|543.179
45|543.179|543.179
46|543.179|543.179
47|543.179|543.179
48|543.179|543.179
49|543.179|543.179
50|543.179|543.179
51|543.179|543.179
52|543.179|543.179
53|543.179|543.179
54|543.179|543.179
55|543.179|543.179
56|543.179|543.179
57|543.179|543.179
58|543.179|543.179
59|543.179|543.179
60|543.179|543.179
61|543.179|543.179
62|543.179|543.179
63|543.179|543.179
64|543.179|543.179
65|543.179|543.179
66|543.179|543.179
67|543.179|543.179
68|543.179|543.179
69|543.179|543.179
70|543.179|543.179
71|543.179|543.179
72|543.179|543.179
73|543.179|543.179
74|543.179|543.179
75|543.179|543.179
76|543.179|543.179
77|543.179|543.179
78|543.179|543.179
79|543.179|543.179
80|543.179|543.179
81|543.179|543.179
82|543.179|543.179
83|543.179|543.179
84|543.179|543.179
85|543.179|543.179
86|543.179|543.179
87|543.179|543.179
88|543.179|543.179
89|543.179|543.179
90|543.179|543.179
91|543.179|543.179
92|543.179|543.179
93|543.179|543.179
94|543.179|543.179
95|543.179|543.179
96|543.179|543.179
97|543.179|543.179
98|543.179|543.179
99|543.179|543.179
100|543.179|543.179
101|543.179|543.179
102|543.179|543.179
103|543.179|543.179
104|543.179|543.179
105|543.179|543.179
106|543.179|543.179
107|543.179|543.179
108|543.179|543.179
109|543.179|543.179
110|543.179|543.179
111|543.179|543.179
112|543.179|543.179
113|543.179|543.179
114|543.179|543.179
115|543.179|543.179
116|543.179|543.179
117|543.179|543.179
118|543.179|543.179
119|543.179|543.179
120|543.179|543.179
121|543.179|543.179
122|543.179|543.179
123|543.179|543.179
124|543.179|543.179
125|543.179|543.179
126|543.179|543.179
127|543.179|543.179
128|543.179|543.179
129|543.179|543.179
130|543.179|543.179
131|543.179|543.179
132|543.179|543.179
133|543.179|543.179
134|543.179|543.179
135|543.179|543.179
136|543.179|543.179
137|543.179|543.179
138|543.179|543.179
139|543.179|543.179
140|543.179|543.179
141|543.179|543.179
142|543.179|543.179
143|543.179|543.179
144|543.179|543.179
145|543.179|543.179
146|543.179|543.179
147|543.179|543.179
148|543.179|543.179
149|543.179|543.179
150|543.179|543.179
151|543.179|543.179
EARLY STOP: TARGET FOUND
1726520ms
