1|-3.1237|-3.1237
2|-3.1237|-3.1237
3|-3.1237|-3.1237
4|-3.1237|-3.1237
5|-3.1237|-3.1237
6|-3.1237|-3.1237
7|-3.1237|-3.1237
8|-3.1237|-3.1237
9|-3.1237|-3.1237
10|-3.1237|-3.1237
11|-3.1237|-3.1237
12|-3.1237|-3.1237
13|-3.1237|-3.1237
14|-3.1237|-3.1237
15|-3.1237|-3.1237
16|-3.1237|-3.1237
17|-3.1237|-3.1237
18|-3.1237|-3.1237
19|-3.1237|-3.1237
20|-3.1237|-3.1237
21|-3.1237|-3.1237
22|-3.1237|-3.1237
23|-3.1237|-3.1237
24|-3.1237|-3.1237
25|-3.1237|-3.1237
26|-3.1237|-3.1237
27|-3.1237|-3.1237
28|-3.1237|-3.1237
29|-3.1237|-3.1237
30|-3.1237|-3.1237
31|-3.1237|-3.1237
32|-3.1237|-3.1237
33|-3.1237|-3.1237
34|-3.1237|-3.1237
35|-3.1237|-3.1237
36|-3.1237|-3.1237
37|-3.1237|-3.1237
38|-3.1237|-3.1237
39|-3.1237|-3.1237
40|-3.1237|-3.1237
41|-3.1237|-3.1237
42|-3.1237|-3.1237
43|-3.1237|-3.1237
44|-3.1237|-3.1237
45|-3.1237|-3.1237
46|-3.1237|-3.1237
47|-3.1237|-3.1237
48|-3.1237|-3.1237
49|-3.1237|-3.1237
50|-3.1237|-3.1237
51|-3.1237|-3.1237
52|-3.1237|-3.1237
53|-3.1237|-3.1237
54|-3.1237|-3.1237
55|-3.1237|-3.1237
56|-3.1237|-3.1237
57|-3.1237|-3.1237
58|-3.1237|-3.1237
59|-3.1237|-3.1237
60|-3.1237|-3.1237
61|-3.1237|-3.1237
62|-3.1237|-3.1237
63|-3.1237|-3.1237
64|-3.1237|-3.1237
65|-3.1237|-3.1237
66|-3.1237|-3.1237
67|-3.1237|-3.1237
68|-3.1237|-3.1237
69|-3.1237|-3.1237
70|-3.1237|-3.1237
71|-3.1237|-3.1237
72|-3.1237|-3.1237
73|-3.1237|-3.1237
74|-3.1237|-3.1237
75|-3.1237|-3.1237
76|-3.1237|-3.1237
77|-3.1237|-3.1237
78|-3.1237|-3.1237
79|-3.1237|-3.1237
80|-3.1237|-3.1237
81|-3.1237|-3.1237
82|-3.1237|-3.1237
83|-3.1237|-3.1237
84|-3.1237|-3.1237
85|-3.1237|-3.1237
86|-3.1237|-3.1237
87|-3.1237|-3.1237
88|-3.1237|-3.1237
89|-3.1237|-3.1237
90|-3.1237|-3.1237
91|-3.1237|-3.1237
92|-3.1237|-3.1237
93|-3.1237|-3.1237
94|-3.1237|-3.1237
95|-3.1237|-3.1237
96|-3.1237|-3.1237
97|-3.1237|-3.1237
98|-3.1237|-3.1237
99|-3.1237|-3.1237
100|-3.1237|-3.1237
101|-3.1237|-3.1237
102|-3.1237|-3.1237
103|-3.1237|-3.1237
104|-3.1237|-3.1237
105|-3.1237|-3.1237
106|-3.1237|-3.1237
107|-3.1237|-3.1237
108|-3.1237|-3.1237
109|-3.1237|-3.1237
110|-3.1237|-3.1237
111|-3.1237|-3.1237
112|-3.1237|-3.1237
113|-3.1237|-3.1237
114|-3.1237|-3.1237
115|-3.1237|-3.1237
116|-3.1237|-3.1237
117|-3.1237|-3.1237
118|-3.1237|-3.1237
119|-3.1237|-3.1237
120|-3.1237|-3.1237
121|-3.1237|-3.1237
122|-3.1237|-3.1237
123|-3.1237|-3.1237
124|-3.1237|-3.1237
125|-3.1237|-3.1237
126|-3.1237|-3.1237
127|-3.1237|-3.1237
128|-3.1237|-3.1237
129|-3.1237|-3.1237
130|-3.1237|-3.1237
131|-3.1237|-3.1237
132|-3.1237|-3.1237
133|-3.1237|-3.1237
134|-3.1237|-3.1237
135|-3.1237|-3.1237
136|-3.1237|-3.1237
137|-3.1237|-3.1237
138|-3.1237|-3.1237
139|-3.1237|-3.1237
140|-3.1237|-3.1237
141|-3.1237|-3.1237
142|-3.1237|-3.1237
143|-3.1237|-3.1237
144|-3.1237|-3.1237
145|-3.1237|-3.1237
146|-3.1237|-3.1237
147|-3.1237|-3.1237
148|-3.1237|-3.1237
149|-3.1237|-3.1237
150|-3.1237|-3.1237
151|-3.1237|-3.1237
EARLY STOP: TARGET FOUND
2528819ms
