1|-0.554061|-0.554061
2|-0.554061|-0.554061
3|-0.554061|-0.554061
4|-0.554061|-0.554061
5|-0.554061|-0.554061
6|-0.554061|-0.554061
7|-0.554061|-0.554061
8|-0.554061|-0.554061
9|-0.554061|-0.554061
10|-0.554061|-0.554061
11|-0.554061|-0.554061
12|-0.554061|-0.554061
13|-0.554061|-0.554061
14|-0.554061|-0.554061
15|-0.554061|-0.554061
16|-0.554061|-0.554061
17|-0.554061|-0.554061
18|-0.554061|-0.554061
19|-0.554061|-0.554061
20|-0.554061|-0.554061
21|-0.554061|-0.554061
22|-0.554061|-0.554061
23|-0.554061|-0.554061
24|-0.554061|-0.554061
25|-0.554061|-0.554061
26|-0.554061|-0.554061
27|-0.554061|-0.554061
28|-0.554061|-0.554061
29|-0.554061|-0.554061
30|-0.554061|-0.554061
31|-0.554061|-0.554061
32|-0.554061|-0.554061
33|-0.554061|-0.554061
34|-0.554061|-0.554061
35|-0.554061|-0.554061
36|-0.554061|-0.554061
37|-0.554061|-0.554061
38|-0.554061|-0.554061
39|-0.554061|-0.554061
40|-0.554061|-0.554061
41|-0.554061|-0.554061
42|-0.554061|-0.554061
43|-0.554061|-0.554061
44|-0.554061|-0.554061
45|-0.554061|-0.554061
46|-0.554061|-0.554061
47|-0.554061|-0.554061
48|-0.554061|-0.554061
49|-0.554061|-0.554061
50|-0.554061|-0.554061
51|-0.554061|-0.554061
52|-0.554061|-0.554061
53|-0.554061|-0.554061
54|-0.554061|-0.554061
55|-0.554061|-0.554061
56|-0.554061|-0.554061
57|-0.554061|-0.554061
58|-0.554061|-0.554061
59|-0.554061|-0.554061
60|-0.554061|-0.554061
61|-0.554061|-0.554061
62|-0.554061|-0.554061
63|-0.554061|-0.554061
64|-0.554061|-0.554061
65|-0.554061|-0.554061
66|-0.554061|-0.554061
67|-0.554061|-0.554061
68|-0.554061|-0.554061
69|-0.554061|-0.554061
70|-0.554061|-0.554061
71|-0.554061|-0.554061
72|-0.554061|-0.554061
73|-0.554061|-0.554061
74|-0.554061|-0.554061
75|-0.554061|-0.554061
76|-0.554061|-0.554061
77|-0.554061|-0.554061
78|-0.554061|-0.554061
79|-0.554061|-0.554061
80|-0.554061|-0.554061
81|-0.554061|-0.554061
82|-0.554061|-0.554061
83|-0.554061|-0.554061
84|-0.554061|-0.554061
85|-0.554061|-0.554061
86|-0.554061|-0.554061
87|-0.554061|-0.554061
88|-0.554061|-0.554061
89|-0.554061|-0.554061
90|-0.554061|-0.554061
91|-0.554061|-0.554061
92|-0.554061|-0.554061
93|-0.554061|-0.554061
94|-0.554061|-0.554061
95|-0.554061|-0.554061
96|-0.554061|-0.554061
97|-0.554061|-0.554061
98|-0.554061|-0.554061
99|-0.554061|-0.554061
100|-0.554061|-0.554061
101|-0.554061|-0.554061
102|-0.554061|-0.554061
103|-0.554061|-0.554061
104|-0.554061|-0.554061
105|-0.554061|-0.554061
106|-0.554061|-0.554061
107|-0.554061|-0.554061
108|-0.554061|-0.554061
109|-0.554061|-0.554061
110|-0.554061|-0.554061
111|-0.554061|-0.554061
112|-0.554061|-0.554061
113|-0.554061|-0.554061
114|-0.554061|-0.554061
115|-0.554061|-0.554061
116|-0.554061|-0.554061
117|-0.554061|-0.554061
118|-0.554061|-0.554061
119|-0.554061|-0.554061
120|-0.554061|-0.554061
121|-0.554061|-0.554061
122|-0.554061|-0.554061
123|-0.554061|-0.554061
124|-0.554061|-0.554061
125|-0.554061|-0.554061
126|-0.554061|-0.554061
127|-0.554061|-0.554061
128|-0.554061|-0.554061
129|-0.554061|-0.554061
130|-0.554061|-0.554061
131|-0.554061|-0.554061
132|-0.554061|-0.554061
133|-0.554061|-0.554061
134|-0.554061|-0.554061
135|-0.554061|-0.554061
136|-0.554061|-0.554061
137|-0.554061|-0.554061
138|-0.554061|-0.554061
139|-0.554061|-0.554061
140|-0.554061|-0.554061
141|-0.554061|-0.554061
142|-0.554061|-0.554061
143|-0.554061|-0.554061
144|-0.554061|-0.554061
145|-0.554061|-0.554061
146|-0.554061|-0.554061
147|-0.554061|-0.554061
148|-0.554061|-0.554061
149|-0.554061|-0.554061
150|-0.554061|-0.554061
151|-0.554061|-0.554061
EARLY STOP: TARGET FOUND
229317ms
