1|-0.738638|-0.738638
2|-0.738638|-0.738638
3|-0.738638|-0.738638
4|-0.738638|-0.738638
5|-0.738638|-0.738638
6|-0.738638|-0.738638
7|-0.738638|-0.738638
8|-0.738638|-0.738638
9|-0.738638|-0.738638
10|-0.738638|-0.738638
11|-0.738638|-0.738638
12|-0.738638|-0.738638
13|-0.738638|-0.738638
14|-0.738638|-0.738638
15|-0.738638|-0.738638
16|-0.738638|-0.738638
17|-0.738638|-0.738638
18|-0.738638|-0.738638
19|-0.738638|-0.738638
20|-0.738638|-0.738638
21|-0.738638|-0.738638
22|-0.738638|-0.738638
23|-0.738638|-0.738638
24|-0.738638|-0.738638
25|-0.738638|-0.738638
26|-0.738638|-0.738638
27|-0.738638|-0.738638
28|-0.738638|-0.738638
29|-0.738638|-0.738638
30|-0.738638|-0.738638
31|-0.738638|-0.738638
32|-0.738638|-0.738638
33|-0.738638|-0.738638
34|-0.738638|-0.738638
35|-0.738638|-0.738638
36|-0.738638|-0.738638
37|-0.738638|-0.738638
38|-0.738638|-0.738638
39|-0.738638|-0.738638
40|-0.738638|-0.738638
41|-0.738638|-0.738638
42|-0.738638|-0.738638
43|-0.738638|-0.738638
44|-0.738638|-0.738638
45|-0.738638|-0.738638
46|-0.738638|-0.738638
47|-0.738638|-0.738638
48|-0.738638|-0.738638
49|-0.738638|-0.738638
50|-0.738638|-0.738638
51|-0.738638|-0.738638
52|-0.738638|-0.738638
53|-0.738638|-0.738638
54|-0.738638|-0.738638
55|-0.738638|-0.738638
56|-0.738638|-0.738638
57|-0.738638|-0.738638
58|-0.738638|-0.738638
59|-0.738638|-0.738638
60|-0.738638|-0.738638
61|-0.738638|-0.738638
62|-0.738638|-0.738638
63|-0.738638|-0.738638
64|-0.738638|-0.738638
65|-0.738638|-0.738638
66|-0.738638|-0.738638
67|-0.738638|-0.738638
68|-0.738638|-0.738638
69|-0.738638|-0.738638
70|-0.738638|-0.738638
71|-0.738638|-0.738638
72|-0.738638|-0.738638
73|-0.738638|-0.738638
74|-0.738638|-0.738638
75|-0.738638|-0.738638
76|-0.738638|-0.738638
77|-0.738638|-0.738638
78|-0.738638|-0.738638
79|-0.738638|-0.738638
80|-0.738638|-0.738638
81|-0.738638|-0.738638
82|-0.738638|-0.738638
83|-0.738638|-0.738638
84|-0.738638|-0.738638
85|-0.738638|-0.738638
86|-0.738638|-0.738638
87|-0.738638|-0.738638
88|-0.738638|-0.738638
89|-0.738638|-0.738638
90|-0.738638|-0.738638
91|-0.738638|-0.738638
92|-0.738638|-0.738638
93|-0.738638|-0.738638
94|-0.738638|-0.738638
95|-0.738638|-0.738638
96|-0.738638|-0.738638
97|-0.738638|-0.738638
98|-0.738638|-0.738638
99|-0.738638|-0.738638
100|-0.738638|-0.738638
101|-0.738638|-0.738638
102|-0.738638|-0.738638
103|-0.738638|-0.738638
104|-0.738638|-0.738638
105|-0.738638|-0.738638
106|-0.738638|-0.738638
107|-0.738638|-0.738638
108|-0.738638|-0.738638
109|-0.738638|-0.738638
110|-0.738638|-0.738638
111|-0.738638|-0.738638
112|-0.738638|-0.738638
113|-0.738638|-0.738638
114|-0.738638|-0.738638
115|-0.738638|-0.738638
116|-0.738638|-0.738638
117|-0.738638|-0.738638
118|-0.738638|-0.738638
119|-0.738638|-0.738638
120|-0.738638|-0.738638
121|-0.738638|-0.738638
122|-0.738638|-0.738638
123|-0.738638|-0.738638
124|-0.738638|-0.738638
125|-0.738638|-0.738638
126|-0.738638|-0.738638
127|-0.738638|-0.738638
128|-0.738638|-0.738638
129|-0.738638|-0.738638
130|-0.738638|-0.738638
131|-0.738638|-0.738638
132|-0.738638|-0.738638
133|-0.738638|-0.738638
134|-0.738638|-0.738638
135|-0.738638|-0.738638
136|-0.738638|-0.738638
137|-0.738638|-0.738638
138|-0.738638|-0.738638
139|-0.738638|-0.738638
140|-0.738638|-0.738638
141|-0.738638|-0.738638
142|-0.738638|-0.738638
143|-0.738638|-0.738638
144|-0.738638|-0.738638
145|-0.738638|-0.738638
146|-0.738638|-0.738638
147|-0.738638|-0.738638
148|-0.738638|-0.738638
149|-0.738638|-0.738638
150|-0.738638|-0.738638
151|-0.738638|-0.738638
EARLY STOP: TARGET FOUND
58257ms
