1|73.4541|73.4541
2|73.4541|73.4541
3|73.4541|73.4541
4|73.4541|73.4541
5|73.4541|73.4541
6|73.4541|73.4541
7|73.4541|73.4541
8|73.4541|73.4541
9|73.4541|73.4541
10|73.4541|73.4541
11|73.4541|73.4541
12|73.4541|73.4541
13|73.4541|73.4541
14|73.4541|73.4541
15|73.4541|73.4541
16|73.4541|73.4541
17|73.4541|73.4541
18|73.4541|73.4541
19|73.4541|73.4541
20|73.4541|73.4541
21|73.4541|73.4541
22|73.4541|73.4541
23|73.4541|73.4541
24|73.4541|73.4541
25|73.4541|73.4541
26|73.4541|73.4541
27|73.4541|73.4541
28|73.4541|73.4541
29|73.4541|73.4541
30|73.4541|73.4541
31|73.4541|73.4541
32|73.4541|73.4541
33|73.4541|73.4541
34|73.4541|73.4541
35|73.4541|73.4541
36|73.4541|73.4541
37|73.4541|73.4541
38|73.4541|73.4541
39|73.4541|73.4541
40|73.4541|73.4541
41|73.4541|73.4541
42|73.4541|73.4541
43|73.4541|73.4541
44|73.4541|73.4541
45|73.4541|73.4541
46|73.4541|73.4541
47|73.4541|73.4541
48|73.4541|73.4541
49|73.4541|73.4541
50|73.4541|73.4541
51|73.4541|73.4541
52|73.4541|73.4541
53|73.4541|73.4541
54|73.4541|73.4541
55|73.4541|73.4541
56|73.4541|73.4541
57|73.4541|73.4541
58|73.4541|73.4541
59|73.4541|73.4541
60|73.4541|73.4541
61|73.4541|73.4541
62|73.4541|73.4541
63|73.4541|73.4541
64|73.4541|73.4541
65|73.4541|73.4541
66|73.4541|73.4541
67|73.4541|73.4541
68|73.4541|73.4541
69|73.4541|73.4541
70|73.4541|73.4541
71|73.4541|73.4541
72|73.4541|73.4541
73|73.4541|73.4541
74|73.4541|73.4541
75|73.4541|73.4541
76|73.4541|73.4541
77|73.4541|73.4541
78|73.4541|73.4541
79|73.4541|73.4541
80|73.4541|73.4541
81|73.4541|73.4541
82|73.4541|73.4541
83|73.4541|73.4541
84|73.4541|73.4541
85|73.4541|73.4541
86|73.4541|73.4541
87|73.4541|73.4541
88|73.4541|73.4541
89|73.4541|73.4541
90|73.4541|73.4541
91|73.4541|73.4541
92|73.4541|73.4541
93|73.4541|73.4541
94|73.4541|73.4541
95|73.4541|73.4541
96|73.4541|73.4541
97|73.4541|73.4541
98|73.4541|73.4541
99|73.4541|73.4541
100|73.4541|73.4541
101|73.4541|73.4541
102|73.4541|73.4541
103|73.4541|73.4541
104|73.4541|73.4541
105|73.4541|73.4541
106|73.4541|73.4541
107|73.4541|73.4541
108|73.4541|73.4541
109|73.4541|73.4541
110|73.4541|73.4541
111|73.4541|73.4541
112|73.4541|73.4541
113|73.4541|73.4541
114|73.4541|73.4541
115|73.4541|73.4541
116|73.4541|73.4541
117|73.4541|73.4541
118|73.4541|73.4541
119|73.4541|73.4541
120|73.4541|73.4541
121|73.4541|73.4541
122|73.4541|73.4541
123|73.4541|73.4541
124|73.4541|73.4541
125|73.4541|73.4541
126|73.4541|73.4541
127|73.4541|73.4541
128|73.4541|73.4541
129|73.4541|73.4541
130|73.4541|73.4541
131|73.4541|73.4541
132|73.4541|73.4541
133|73.4541|73.4541
134|73.4541|73.4541
135|73.4541|73.4541
136|73.4541|73.4541
137|73.4541|73.4541
138|73.4541|73.4541
139|73.4541|73.4541
140|73.4541|73.4541
141|73.4541|73.4541
142|73.4541|73.4541
143|73.4541|73.4541
144|73.4541|73.4541
145|73.4541|73.4541
146|73.4541|73.4541
147|73.4541|73.4541
148|73.4541|73.4541
149|73.4541|73.4541
150|73.4541|73.4541
151|73.4541|73.4541
EARLY STOP: TARGET FOUND
84543ms
