1|127.452|127.452
2|127.452|127.452
3|127.452|127.452
4|127.452|127.452
5|127.452|127.452
6|127.452|127.452
7|127.452|127.452
8|127.452|127.452
9|127.452|127.452
10|127.452|127.452
11|127.452|127.452
12|127.452|127.452
13|127.452|127.452
14|127.452|127.452
15|127.452|127.452
16|127.452|127.452
17|127.452|127.452
18|127.452|127.452
19|127.452|127.452
20|127.452|127.452
21|127.452|127.452
22|127.452|127.452
23|127.452|127.452
24|127.452|127.452
25|127.452|127.452
26|127.452|127.452
27|127.452|127.452
28|127.452|127.452
29|127.452|127.452
30|127.452|127.452
31|127.452|127.452
32|127.452|127.452
33|127.452|127.452
34|127.452|127.452
35|127.452|127.452
36|127.452|127.452
37|127.452|127.452
38|127.452|127.452
39|127.452|127.452
40|127.452|127.452
41|127.452|127.452
42|127.452|127.452
43|127.452|127.452
44|127.452|127.452
45|127.452|127.452
46|127.452|127.452
47|127.452|127.452
48|127.452|127.452
49|127.452|127.452
50|127.452|127.452
51|127.452|127.452
52|127.452|127.452
53|127.452|127.452
54|127.452|127.452
55|127.452|127.452
56|127.452|127.452
57|127.452|127.452
58|127.452|127.452
59|127.452|127.452
60|127.452|127.452
61|127.452|127.452
62|127.452|127.452
63|127.452|127.452
64|127.452|127.452
65|127.452|127.452
66|127.452|127.452
67|127.452|127.452
68|127.452|127.452
69|127.452|127.452
70|127.452|127.452
71|127.452|127.452
72|127.452|127.452
73|127.452|127.452
74|127.452|127.452
75|127.452|127.452
76|127.452|127.452
77|127.452|127.452
78|127.452|127.452
79|127.452|127.452
80|127.452|127.452
81|127.452|127.452
82|127.452|127.452
83|127.452|127.452
84|127.452|127.452
85|127.452|127.452
86|127.452|127.452
87|127.452|127.452
88|127.452|127.452
89|127.452|127.452
90|127.452|127.452
91|127.452|127.452
92|127.452|127.452
93|127.452|127.452
94|127.452|127.452
95|127.452|127.452
96|127.452|127.452
97|127.452|127.452
98|127.452|127.452
99|127.452|127.452
100|127.452|127.452
101|127.452|127.452
102|127.452|127.452
103|127.452|127.452
104|127.452|127.452
105|127.452|127.452
106|127.452|127.452
107|127.452|127.452
108|127.452|127.452
109|127.452|127.452
110|127.452|127.452
111|127.452|127.452
112|127.452|127.452
113|127.452|127.452
114|127.452|127.452
115|127.452|127.452
116|127.452|127.452
117|127.452|127.452
118|127.452|127.452
119|127.452|127.452
120|127.452|127.452
121|127.452|127.452
122|127.452|127.452
123|127.452|127.452
124|127.452|127.452
125|127.452|127.452
126|127.452|127.452
127|127.452|127.452
128|127.452|127.452
129|127.452|127.452
130|127.452|127.452
131|127.452|127.452
132|127.452|127.452
133|127.452|127.452
134|127.452|127.452
135|127.452|127.452
136|127.452|127.452
137|127.452|127.452
138|127.452|127.452
139|127.452|127.452
140|127.452|127.452
141|127.452|127.452
142|127.452|127.452
143|127.452|127.452
144|127.452|127.452
145|127.452|127.452
146|127.452|127.452
147|127.452|127.452
148|127.452|127.452
149|127.452|127.452
150|127.452|127.452
151|127.452|127.452
EARLY STOP: TARGET FOUND
59220ms
