1|-210.687|-210.687
2|-210.687|-210.687
3|-210.687|-210.687
4|-210.687|-210.687
5|-210.687|-210.687
6|-210.687|-210.687
7|-210.687|-210.687
8|-210.687|-210.687
9|-210.687|-210.687
10|-210.687|-210.687
11|-210.687|-210.687
12|-210.687|-210.687
13|-210.687|-210.687
14|-210.687|-210.687
15|-210.687|-210.687
16|-210.687|-210.687
17|-210.687|-210.687
18|-210.687|-210.687
19|-210.687|-210.687
20|-210.687|-210.687
21|-210.687|-210.687
22|-210.687|-210.687
23|-210.687|-210.687
24|-210.687|-210.687
25|-210.687|-210.687
26|-210.687|-210.687
27|-210.687|-210.687
28|-210.687|-210.687
29|-210.687|-210.687
30|-210.687|-210.687
31|-210.687|-210.687
32|-210.687|-210.687
33|-210.687|-210.687
34|-210.687|-210.687
35|-210.687|-210.687
36|-210.687|-210.687
37|-210.687|-210.687
38|-210.687|-210.687
39|-210.687|-210.687
40|-210.687|-210.687
41|-210.687|-210.687
42|-210.687|-210.687
43|-210.687|-210.687
44|-210.687|-210.687
45|-210.687|-210.687
46|-210.687|-210.687
47|-210.687|-210.687
48|-210.687|-210.687
49|-210.687|-210.687
50|-210.687|-210.687
51|-210.687|-210.687
52|-210.687|-210.687
53|-210.687|-210.687
54|-210.687|-210.687
55|-210.687|-210.687
56|-210.687|-210.687
57|-210.687|-210.687
58|-210.687|-210.687
59|-210.687|-210.687
60|-210.687|-210.687
61|-210.687|-210.687
62|-210.687|-210.687
63|-210.687|-210.687
64|-210.687|-210.687
65|-210.687|-210.687
66|-210.687|-210.687
67|-210.687|-210.687
68|-210.687|-210.687
69|-210.687|-210.687
70|-210.687|-210.687
71|-210.687|-210.687
72|-210.687|-210.687
73|-210.687|-210.687
74|-210.687|-210.687
75|-210.687|-210.687
76|-210.687|-210.687
77|-210.687|-210.687
78|-210.687|-210.687
79|-210.687|-210.687
80|-210.687|-210.687
81|-210.687|-210.687
82|-210.687|-210.687
83|-210.687|-210.687
84|-210.687|-210.687
85|-210.687|-210.687
86|-210.687|-210.687
87|-210.687|-210.687
88|-210.687|-210.687
89|-210.687|-210.687
90|-210.687|-210.687
91|-210.687|-210.687
92|-210.687|-210.687
93|-210.687|-210.687
94|-210.687|-210.687
95|-210.687|-210.687
96|-210.687|-210.687
97|-210.687|-210.687
98|-210.687|-210.687
99|-210.687|-210.687
100|-210.687|-210.687
101|-210.687|-210.687
102|-210.687|-210.687
103|-210.687|-210.687
104|-210.687|-210.687
105|-210.687|-210.687
106|-210.687|-210.687
107|-210.687|-210.687
108|-210.687|-210.687
109|-210.687|-210.687
110|-210.687|-210.687
111|-210.687|-210.687
112|-210.687|-210.687
113|-210.687|-210.687
114|-210.687|-210.687
115|-210.687|-210.687
116|-210.687|-210.687
117|-210.687|-210.687
118|-210.687|-210.687
119|-210.687|-210.687
120|-210.687|-210.687
121|-210.687|-210.687
122|-210.687|-210.687
123|-210.687|-210.687
124|-210.687|-210.687
125|-210.687|-210.687
126|-210.687|-210.687
127|-210.687|-210.687
128|-210.687|-210.687
129|-210.687|-210.687
130|-210.687|-210.687
131|-210.687|-210.687
132|-210.687|-210.687
133|-210.687|-210.687
134|-210.687|-210.687
135|-210.687|-210.687
136|-210.687|-210.687
137|-210.687|-210.687
138|-210.687|-210.687
139|-210.687|-210.687
140|-210.687|-210.687
141|-210.687|-210.687
142|-210.687|-210.687
143|-210.687|-210.687
144|-210.687|-210.687
145|-210.687|-210.687
146|-210.687|-210.687
147|-210.687|-210.687
148|-210.687|-210.687
149|-210.687|-210.687
150|-210.687|-210.687
151|-210.687|-210.687
EARLY STOP: TARGET FOUND
313025ms
