1|-3.08182|-3.08182
2|-3.08182|-3.08182
3|-3.08182|-3.08182
4|-3.08182|-3.08182
5|-3.08182|-3.08182
6|-3.08182|-3.08182
7|-3.08182|-3.08182
8|-3.08182|-3.08182
9|-3.08182|-3.08182
10|-3.08182|-3.08182
11|-3.08182|-3.08182
12|-3.08182|-3.08182
13|-3.08182|-3.08182
14|-3.08182|-3.08182
15|-3.08182|-3.08182
16|-3.08182|-3.08182
17|-3.08182|-3.08182
18|-3.08182|-3.08182
19|-3.08182|-3.08182
20|-3.08182|-3.08182
21|-3.08182|-3.08182
22|-3.08182|-3.08182
23|-3.08182|-3.08182
24|-3.08182|-3.08182
25|-3.08182|-3.08182
26|-3.08182|-3.08182
27|-3.08182|-3.08182
28|-3.08182|-3.08182
29|-3.08182|-3.08182
30|-3.08182|-3.08182
31|-3.08182|-3.08182
32|-3.08182|-3.08182
33|-3.08182|-3.08182
34|-3.08182|-3.08182
35|-3.08182|-3.08182
36|-3.08182|-3.08182
37|-3.08182|-3.08182
38|-3.08182|-3.08182
39|-3.08182|-3.08182
40|-3.08182|-3.08182
41|-3.08182|-3.08182
42|-3.08182|-3.08182
43|-3.08182|-3.08182
44|-3.08182|-3.08182
45|-3.08182|-3.08182
46|-3.08182|-3.08182
47|-3.08182|-3.08182
48|-3.08182|-3.08182
49|-3.08182|-3.08182
50|-3.08182|-3.08182
51|-3.08182|-3.08182
52|-3.08182|-3.08182
53|-3.08182|-3.08182
54|-3.08182|-3.08182
55|-3.08182|-3.08182
56|-3.08182|-3.08182
57|-3.08182|-3.08182
58|-3.08182|-3.08182
59|-3.08182|-3.08182
60|-3.08182|-3.08182
61|-3.08182|-3.08182
62|-3.08182|-3.08182
63|-3.08182|-3.08182
64|-3.08182|-3.08182
65|-3.08182|-3.08182
66|-3.08182|-3.08182
67|-3.08182|-3.08182
68|-3.08182|-3.08182
69|-3.08182|-3.08182
70|-3.08182|-3.08182
71|-3.08182|-3.08182
72|-3.08182|-3.08182
73|-3.08182|-3.08182
74|-3.08182|-3.08182
75|-3.08182|-3.08182
76|-3.08182|-3.08182
77|-3.08182|-3.08182
78|-3.08182|-3.08182
79|-3.08182|-3.08182
80|-3.08182|-3.08182
81|-3.08182|-3.08182
82|-3.08182|-3.08182
83|-3.08182|-3.08182
84|-3.08182|-3.08182
85|-3.08182|-3.08182
86|-3.08182|-3.08182
87|-3.08182|-3.08182
88|-3.08182|-3.08182
89|-3.08182|-3.08182
90|-3.08182|-3.08182
91|-3.08182|-3.08182
92|-3.08182|-3.08182
93|-3.08182|-3.08182
94|-3.08182|-3.08182
95|-3.08182|-3.08182
96|-3.08182|-3.08182
97|-3.08182|-3.08182
98|-3.08182|-3.08182
99|-3.08182|-3.08182
100|-3.08182|-3.08182
101|-3.08182|-3.08182
102|-3.08182|-3.08182
103|-3.08182|-3.08182
104|-3.08182|-3.08182
105|-3.08182|-3.08182
106|-3.08182|-3.08182
107|-3.08182|-3.08182
108|-3.08182|-3.08182
109|-3.08182|-3.08182
110|-3.08182|-3.08182
111|-3.08182|-3.08182
112|-3.08182|-3.08182
113|-3.08182|-3.08182
114|-3.08182|-3.08182
115|-3.08182|-3.08182
116|-3.08182|-3.08182
117|-3.08182|-3.08182
118|-3.08182|-3.08182
119|-3.08182|-3.08182
120|-3.08182|-3.08182
121|-3.08182|-3.08182
122|-3.08182|-3.08182
123|-3.08182|-3.08182
124|-3.08182|-3.08182
125|-3.08182|-3.08182
126|-3.08182|-3.08182
127|-3.08182|-3.08182
128|-3.08182|-3.08182
129|-3.08182|-3.08182
130|-3.08182|-3.08182
131|-3.08182|-3.08182
132|-3.08182|-3.08182
133|-3.08182|-3.08182
134|-3.08182|-3.08182
135|-3.08182|-3.08182
136|-3.08182|-3.08182
137|-3.08182|-3.08182
138|-3.08182|-3.08182
139|-3.08182|-3.08182
140|-3.08182|-3.08182
141|-3.08182|-3.08182
142|-3.08182|-3.08182
143|-3.08182|-3.08182
144|-3.08182|-3.08182
145|-3.08182|-3.08182
146|-3.08182|-3.08182
147|-3.08182|-3.08182
148|-3.08182|-3.08182
149|-3.08182|-3.08182
150|-3.08182|-3.08182
151|-3.08182|-3.08182
EARLY STOP: TARGET FOUND
1730431ms
