1|-1.52689|-1.52689
2|-1.52689|-1.52689
3|-1.52689|-1.52689
4|-1.52689|-1.52689
5|-1.52689|-1.52689
6|-1.52689|-1.52689
7|-1.52689|-1.52689
8|-1.52689|-1.52689
9|-1.52689|-1.52689
10|-1.52689|-1.52689
11|-1.52689|-1.52689
12|-1.52689|-1.52689
13|-1.52689|-1.52689
14|-1.52689|-1.52689
15|-1.52689|-1.52689
16|-1.52689|-1.52689
17|-1.52689|-1.52689
18|-1.52689|-1.52689
19|-1.52689|-1.52689
20|-1.52689|-1.52689
21|-1.52689|-1.52689
22|-1.52689|-1.52689
23|-1.52689|-1.52689
24|-1.52689|-1.52689
25|-1.52689|-1.52689
26|-1.52689|-1.52689
27|-1.52689|-1.52689
28|-1.52689|-1.52689
29|-1.52689|-1.52689
30|-1.52689|-1.52689
31|-1.52689|-1.52689
32|-1.52689|-1.52689
33|-1.52689|-1.52689
34|-1.52689|-1.52689
35|-1.52689|-1.52689
36|-1.52689|-1.52689
37|-1.52689|-1.52689
38|-1.52689|-1.52689
39|-1.52689|-1.52689
40|-1.52689|-1.52689
41|-1.52689|-1.52689
42|-1.52689|-1.52689
43|-1.52689|-1.52689
44|-1.52689|-1.52689
45|-1.52689|-1.52689
46|-1.52689|-1.52689
47|-1.52689|-1.52689
48|-1.52689|-1.52689
49|-1.52689|-1.52689
50|-1.52689|-1.52689
51|-1.52689|-1.52689
52|-1.52689|-1.52689
53|-1.52689|-1.52689
54|-1.52689|-1.52689
55|-1.52689|-1.52689
56|-1.52689|-1.52689
57|-1.52689|-1.52689
58|-1.52689|-1.52689
59|-1.52689|-1.52689
60|-1.52689|-1.52689
61|-1.52689|-1.52689
62|-1.52689|-1.52689
63|-1.52689|-1.52689
64|-1.52689|-1.52689
65|-1.52689|-1.52689
66|-1.52689|-1.52689
67|-1.52689|-1.52689
68|-1.52689|-1.52689
69|-1.52689|-1.52689
70|-1.52689|-1.52689
71|-1.52689|-1.52689
72|-1.52689|-1.52689
73|-1.52689|-1.52689
74|-1.52689|-1.52689
75|-1.52689|-1.52689
76|-1.52689|-1.52689
77|-1.52689|-1.52689
78|-1.52689|-1.52689
79|-1.52689|-1.52689
80|-1.52689|-1.52689
81|-1.52689|-1.52689
82|-1.52689|-1.52689
83|-1.52689|-1.52689
84|-1.52689|-1.52689
85|-1.52689|-1.52689
86|-1.52689|-1.52689
87|-1.52689|-1.52689
88|-1.52689|-1.52689
89|-1.52689|-1.52689
90|-1.52689|-1.52689
91|-1.52689|-1.52689
92|-1.52689|-1.52689
93|-1.52689|-1.52689
94|-1.52689|-1.52689
95|-1.52689|-1.52689
96|-1.52689|-1.52689
97|-1.52689|-1.52689
98|-1.52689|-1.52689
99|-1.52689|-1.52689
100|-1.52689|-1.52689
101|-1.52689|-1.52689
102|-1.52689|-1.52689
103|-1.52689|-1.52689
104|-1.52689|-1.52689
105|-1.52689|-1.52689
106|-1.52689|-1.52689
107|-1.52689|-1.52689
108|-1.52689|-1.52689
109|-1.52689|-1.52689
110|-1.52689|-1.52689
111|-1.52689|-1.52689
112|-1.52689|-1.52689
113|-1.52689|-1.52689
114|-1.52689|-1.52689
115|-1.52689|-1.52689
116|-1.52689|-1.52689
117|-1.52689|-1.52689
118|-1.52689|-1.52689
119|-1.52689|-1.52689
120|-1.52689|-1.52689
121|-1.52689|-1.52689
122|-1.52689|-1.52689
123|-1.52689|-1.52689
124|-1.52689|-1.52689
125|-1.52689|-1.52689
126|-1.52689|-1.52689
127|-1.52689|-1.52689
128|-1.52689|-1.52689
129|-1.52689|-1.52689
130|-1.52689|-1.52689
131|-1.52689|-1.52689
132|-1.52689|-1.52689
133|-1.52689|-1.52689
134|-1.52689|-1.52689
135|-1.52689|-1.52689
136|-1.52689|-1.52689
137|-1.52689|-1.52689
138|-1.52689|-1.52689
139|-1.52689|-1.52689
140|-1.52689|-1.52689
141|-1.52689|-1.52689
142|-1.52689|-1.52689
143|-1.52689|-1.52689
144|-1.52689|-1.52689
145|-1.52689|-1.52689
146|-1.52689|-1.52689
147|-1.52689|-1.52689
148|-1.52689|-1.52689
149|-1.52689|-1.52689
150|-1.52689|-1.52689
151|-1.52689|-1.52689
EARLY STOP: TARGET FOUND
210090ms
