1|-0.318332|-0.318332
2|-0.318332|-0.318332
3|-0.318332|-0.318332
4|-0.318332|-0.318332
5|-0.318332|-0.318332
6|-0.318332|-0.318332
7|-0.318332|-0.318332
8|-0.318332|-0.318332
9|-0.318332|-0.318332
10|-0.318332|-0.318332
11|-0.318332|-0.318332
12|-0.318332|-0.318332
13|-0.318332|-0.318332
14|-0.318332|-0.318332
15|-0.318332|-0.318332
16|-0.318332|-0.318332
17|-0.318332|-0.318332
18|-0.318332|-0.318332
19|-0.318332|-0.318332
20|-0.318332|-0.318332
21|-0.318332|-0.318332
22|-0.318332|-0.318332
23|-0.318332|-0.318332
24|-0.318332|-0.318332
25|-0.318332|-0.318332
26|-0.318332|-0.318332
27|-0.318332|-0.318332
28|-0.318332|-0.318332
29|-0.318332|-0.318332
30|-0.318332|-0.318332
31|-0.318332|-0.318332
32|-0.318332|-0.318332
33|-0.318332|-0.318332
34|-0.318332|-0.318332
35|-0.318332|-0.318332
36|-0.318332|-0.318332
37|-0.318332|-0.318332
38|-0.318332|-0.318332
39|-0.318332|-0.318332
40|-0.318332|-0.318332
41|-0.318332|-0.318332
42|-0.318332|-0.318332
43|-0.318332|-0.318332
44|-0.318332|-0.318332
45|-0.318332|-0.318332
46|-0.318332|-0.318332
47|-0.318332|-0.318332
48|-0.318332|-0.318332
49|-0.318332|-0.318332
50|-0.318332|-0.318332
51|-0.318332|-0.318332
52|-0.318332|-0.318332
53|-0.318332|-0.318332
54|-0.318332|-0.318332
55|-0.318332|-0.318332
56|-0.318332|-0.318332
57|-0.318332|-0.318332
58|-0.318332|-0.318332
59|-0.318332|-0.318332
60|-0.318332|-0.318332
61|-0.318332|-0.318332
62|-0.318332|-0.318332
63|-0.318332|-0.318332
64|-0.318332|-0.318332
65|-0.318332|-0.318332
66|-0.318332|-0.318332
67|-0.318332|-0.318332
68|-0.318332|-0.318332
69|-0.318332|-0.318332
70|-0.318332|-0.318332
71|-0.318332|-0.318332
72|-0.318332|-0.318332
73|-0.318332|-0.318332
74|-0.318332|-0.318332
75|-0.318332|-0.318332
76|-0.318332|-0.318332
77|-0.318332|-0.318332
78|-0.318332|-0.318332
79|-0.318332|-0.318332
80|-0.318332|-0.318332
81|-0.318332|-0.318332
82|-0.318332|-0.318332
83|-0.318332|-0.318332
84|-0.318332|-0.318332
85|-0.318332|-0.318332
86|-0.318332|-0.318332
87|-0.318332|-0.318332
88|-0.318332|-0.318332
89|-0.318332|-0.318332
90|-0.318332|-0.318332
91|-0.318332|-0.318332
92|-0.318332|-0.318332
93|-0.318332|-0.318332
94|-0.318332|-0.318332
95|-0.318332|-0.318332
96|-0.318332|-0.318332
97|-0.318332|-0.318332
98|-0.318332|-0.318332
99|-0.318332|-0.318332
100|-0.318332|-0.318332
101|-0.318332|-0.318332
102|-0.318332|-0.318332
103|-0.318332|-0.318332
104|-0.318332|-0.318332
105|-0.318332|-0.318332
106|-0.318332|-0.318332
107|-0.318332|-0.318332
108|-0.318332|-0.318332
109|-0.318332|-0.318332
110|-0.318332|-0.318332
111|-0.318332|-0.318332
112|-0.318332|-0.318332
113|-0.318332|-0.318332
114|-0.318332|-0.318332
115|-0.318332|-0.318332
116|-0.318332|-0.318332
117|-0.318332|-0.318332
118|-0.318332|-0.318332
119|-0.318332|-0.318332
120|-0.318332|-0.318332
121|-0.318332|-0.318332
122|-0.318332|-0.318332
123|-0.318332|-0.318332
124|-0.318332|-0.318332
125|-0.318332|-0.318332
126|-0.318332|-0.318332
127|-0.318332|-0.318332
128|-0.318332|-0.318332
129|-0.318332|-0.318332
130|-0.318332|-0.318332
131|-0.318332|-0.318332
132|-0.318332|-0.318332
133|-0.318332|-0.318332
134|-0.318332|-0.318332
135|-0.318332|-0.318332
136|-0.318332|-0.318332
137|-0.318332|-0.318332
138|-0.318332|-0.318332
139|-0.318332|-0.318332
140|-0.318332|-0.318332
141|-0.318332|-0.318332
142|-0.318332|-0.318332
143|-0.318332|-0.318332
144|-0.318332|-0.318332
145|-0.318332|-0.318332
146|-0.318332|-0.318332
147|-0.318332|-0.318332
148|-0.318332|-0.318332
149|-0.318332|-0.318332
150|-0.318332|-0.318332
151|-0.318332|-0.318332
EARLY STOP: TARGET FOUND
207816ms
