1|316.056|316.056
2|316.056|316.056
3|316.056|316.056
4|316.056|316.056
5|316.056|316.056
6|316.056|316.056
7|316.056|316.056
8|316.056|316.056
9|316.056|316.056
10|316.056|316.056
11|316.056|316.056
12|316.056|316.056
13|316.056|316.056
14|316.056|316.056
15|316.056|316.056
16|316.056|316.056
17|316.056|316.056
18|316.056|316.056
19|316.056|316.056
20|316.056|316.056
21|316.056|316.056
22|316.056|316.056
23|316.056|316.056
24|316.056|316.056
25|316.056|316.056
26|316.056|316.056
27|316.056|316.056
28|316.056|316.056
29|316.056|316.056
30|316.056|316.056
31|316.056|316.056
32|316.056|316.056
33|316.056|316.056
34|316.056|316.056
35|316.056|316.056
36|316.056|316.056
37|316.056|316.056
38|316.056|316.056
39|316.056|316.056
40|316.056|316.056
41|316.056|316.056
42|316.056|316.056
43|316.056|316.056
44|316.056|316.056
45|316.056|316.056
46|316.056|316.056
47|316.056|316.056
48|316.056|316.056
49|316.056|316.056
50|316.056|316.056
51|316.056|316.056
52|316.056|316.056
53|316.056|316.056
54|316.056|316.056
55|316.056|316.056
56|316.056|316.056
57|316.056|316.056
58|316.056|316.056
59|316.056|316.056
60|316.056|316.056
61|316.056|316.056
62|316.056|316.056
63|316.056|316.056
64|316.056|316.056
65|316.056|316.056
66|316.056|316.056
67|316.056|316.056
68|316.056|316.056
69|316.056|316.056
70|316.056|316.056
71|316.056|316.056
72|316.056|316.056
73|316.056|316.056
74|316.056|316.056
75|316.056|316.056
76|316.056|316.056
77|316.056|316.056
78|316.056|316.056
79|316.056|316.056
80|316.056|316.056
81|316.056|316.056
82|316.056|316.056
83|316.056|316.056
84|316.056|316.056
85|316.056|316.056
86|316.056|316.056
87|316.056|316.056
88|316.056|316.056
89|316.056|316.056
90|316.056|316.056
91|316.056|316.056
92|316.056|316.056
93|316.056|316.056
94|316.056|316.056
95|316.056|316.056
96|316.056|316.056
97|316.056|316.056
98|316.056|316.056
99|316.056|316.056
100|316.056|316.056
101|316.056|316.056
102|316.056|316.056
103|316.056|316.056
104|316.056|316.056
105|316.056|316.056
106|316.056|316.056
107|316.056|316.056
108|316.056|316.056
109|316.056|316.056
110|316.056|316.056
111|316.056|316.056
112|316.056|316.056
113|316.056|316.056
114|316.056|316.056
115|316.056|316.056
116|316.056|316.056
117|316.056|316.056
118|316.056|316.056
119|316.056|316.056
120|316.056|316.056
121|316.056|316.056
122|316.056|316.056
123|316.056|316.056
124|316.056|316.056
125|316.056|316.056
126|316.056|316.056
127|316.056|316.056
128|316.056|316.056
129|316.056|316.056
130|316.056|316.056
131|316.056|316.056
132|316.056|316.056
133|316.056|316.056
134|316.056|316.056
135|316.056|316.056
136|316.056|316.056
137|316.056|316.056
138|316.056|316.056
139|316.056|316.056
140|316.056|316.056
141|316.056|316.056
142|316.056|316.056
143|316.056|316.056
144|316.056|316.056
145|316.056|316.056
146|316.056|316.056
147|316.056|316.056
148|316.056|316.056
149|316.056|316.056
150|316.056|316.056
151|316.056|316.056
EARLY STOP: TARGET FOUND
303348ms
