1|517.97|517.97
2|517.97|517.97
3|517.97|517.97
4|517.97|517.97
5|517.97|517.97
6|517.97|517.97
7|517.97|517.97
8|517.97|517.97
9|517.97|517.97
10|517.97|517.97
11|517.97|517.97
12|517.97|517.97
13|517.97|517.97
14|517.97|517.97
15|517.97|517.97
16|517.97|517.97
17|517.97|517.97
18|517.97|517.97
19|517.97|517.97
20|517.97|517.97
21|517.97|517.97
22|517.97|517.97
23|517.97|517.97
24|517.97|517.97
25|517.97|517.97
26|517.97|517.97
27|517.97|517.97
28|517.97|517.97
29|517.97|517.97
30|517.97|517.97
31|517.97|517.97
32|517.97|517.97
33|517.97|517.97
34|517.97|517.97
35|517.97|517.97
36|517.97|517.97
37|517.97|517.97
38|517.97|517.97
39|517.97|517.97
40|517.97|517.97
41|517.97|517.97
42|517.97|517.97
43|517.97|517.97
44|517.97|517.97
45|517.97|517.97
46|517.97|517.97
47|517.97|517.97
48|517.97|517.97
49|517.97|517.97
50|517.97|517.97
51|517.97|517.97
52|517.97|517.97
53|517.97|517.97
54|517.97|517.97
55|517.97|517.97
56|517.97|517.97
57|517.97|517.97
58|517.97|517.97
59|517.97|517.97
60|517.97|517.97
61|517.97|517.97
62|517.97|517.97
63|517.97|517.97
64|517.97|517.97
65|517.97|517.97
66|517.97|517.97
67|517.97|517.97
68|517.97|517.97
69|517.97|517.97
70|517.97|517.97
71|517.97|517.97
72|517.97|517.97
73|517.97|517.97
74|517.97|517.97
75|517.97|517.97
76|517.97|517.97
77|517.97|517.97
78|517.97|517.97
79|517.97|517.97
80|517.97|517.97
81|517.97|517.97
82|517.97|517.97
83|517.97|517.97
84|517.97|517.97
85|517.97|517.97
86|517.97|517.97
87|517.97|517.97
88|517.97|517.97
89|517.97|517.97
90|517.97|517.97
91|517.97|517.97
92|517.97|517.97
93|517.97|517.97
94|517.97|517.97
95|517.97|517.97
96|517.97|517.97
97|517.97|517.97
98|517.97|517.97
99|517.97|517.97
100|517.97|517.97
101|517.97|517.97
102|517.97|517.97
103|517.97|517.97
104|517.97|517.97
105|517.97|517.97
106|517.97|517.97
107|517.97|517.97
108|517.97|517.97
109|517.97|517.97
110|517.97|517.97
111|517.97|517.97
112|517.97|517.97
113|517.97|517.97
114|517.97|517.97
115|517.97|517.97
116|517.97|517.97
117|517.97|517.97
118|517.97|517.97
119|517.97|517.97
120|517.97|517.97
121|517.97|517.97
122|517.97|517.97
123|517.97|517.97
124|517.97|517.97
125|517.97|517.97
126|517.97|517.97
127|517.97|517.97
128|517.97|517.97
129|517.97|517.97
130|517.97|517.97
131|517.97|517.97
132|517.97|517.97
133|517.97|517.97
134|517.97|517.97
135|517.97|517.97
136|517.97|517.97
137|517.97|517.97
138|517.97|517.97
139|517.97|517.97
140|517.97|517.97
141|517.97|517.97
142|517.97|517.97
143|517.97|517.97
144|517.97|517.97
145|517.97|517.97
146|517.97|517.97
147|517.97|517.97
148|517.97|517.97
149|517.97|517.97
150|517.97|517.97
151|517.97|517.97
EARLY STOP: TARGET FOUND
1727428ms
