1|-3.31543|-3.31543
2|-3.31543|-3.31543
3|-3.31543|-3.31543
4|-3.31543|-3.31543
5|-3.31543|-3.31543
6|-3.31543|-3.31543
7|-3.31543|-3.31543
8|-3.31543|-3.31543
9|-3.31543|-3.31543
10|-3.31543|-3.31543
11|-3.31543|-3.31543
12|-3.31543|-3.31543
13|-3.31543|-3.31543
14|-3.31543|-3.31543
15|-3.31543|-3.31543
16|-3.31543|-3.31543
17|-3.31543|-3.31543
18|-3.31543|-3.31543
19|-3.31543|-3.31543
20|-3.31543|-3.31543
21|-3.31543|-3.31543
22|-3.31543|-3.31543
23|-3.31543|-3.31543
24|-3.31543|-3.31543
25|-3.31543|-3.31543
26|-3.31543|-3.31543
27|-3.31543|-3.31543
28|-3.31543|-3.31543
29|-3.31543|-3.31543
30|-3.31543|-3.31543
31|-3.31543|-3.31543
32|-3.31543|-3.31543
33|-3.31543|-3.31543
34|-3.31543|-3.31543
35|-3.31543|-3.31543
36|-3.31543|-3.31543
37|-3.31543|-3.31543
38|-3.31543|-3.31543
39|-3.31543|-3.31543
40|-3.31543|-3.31543
41|-3.31543|-3.31543
42|-3.31543|-3.31543
43|-3.31543|-3.31543
44|-3.31543|-3.31543
45|-3.31543|-3.31543
46|-3.31543|-3.31543
47|-3.31543|-3.31543
48|-3.31543|-3.31543
49|-3.31543|-3.31543
50|-3.31543|-3.31543
51|-3.31543|-3.31543
52|-3.31543|-3.31543
53|-3.31543|-3.31543
54|-3.31543|-3.31543
55|-3.31543|-3.31543
56|-3.31543|-3.31543
57|-3.31543|-3.31543
58|-3.31543|-3.31543
59|-3.31543|-3.31543
60|-3.31543|-3.31543
61|-3.31543|-3.31543
62|-3.31543|-3.31543
63|-3.31543|-3.31543
64|-3.31543|-3.31543
65|-3.31543|-3.31543
66|-3.31543|-3.31543
67|-3.31543|-3.31543
68|-3.31543|-3.31543
69|-3.31543|-3.31543
70|-3.31543|-3.31543
71|-3.31543|-3.31543
72|-3.31543|-3.31543
73|-3.31543|-3.31543
74|-3.31543|-3.31543
75|-3.31543|-3.31543
76|-3.31543|-3.31543
77|-3.31543|-3.31543
78|-3.31543|-3.31543
79|-3.31543|-3.31543
80|-3.31543|-3.31543
81|-3.31543|-3.31543
82|-3.31543|-3.31543
83|-3.31543|-3.31543
84|-3.31543|-3.31543
85|-3.31543|-3.31543
86|-3.31543|-3.31543
87|-3.31543|-3.31543
88|-3.31543|-3.31543
89|-3.31543|-3.31543
90|-3.31543|-3.31543
91|-3.31543|-3.31543
92|-3.31543|-3.31543
93|-3.31543|-3.31543
94|-3.31543|-3.31543
95|-3.31543|-3.31543
96|-3.31543|-3.31543
97|-3.31543|-3.31543
98|-3.31543|-3.31543
99|-3.31543|-3.31543
100|-3.31543|-3.31543
101|-3.31543|-3.31543
102|-3.31543|-3.31543
103|-3.31543|-3.31543
104|-3.31543|-3.31543
105|-3.31543|-3.31543
106|-3.31543|-3.31543
107|-3.31543|-3.31543
108|-3.31543|-3.31543
109|-3.31543|-3.31543
110|-3.31543|-3.31543
111|-3.31543|-3.31543
112|-3.31543|-3.31543
113|-3.31543|-3.31543
114|-3.31543|-3.31543
115|-3.31543|-3.31543
116|-3.31543|-3.31543
117|-3.31543|-3.31543
118|-3.31543|-3.31543
119|-3.31543|-3.31543
120|-3.31543|-3.31543
121|-3.31543|-3.31543
122|-3.31543|-3.31543
123|-3.31543|-3.31543
124|-3.31543|-3.31543
125|-3.31543|-3.31543
126|-3.31543|-3.31543
127|-3.31543|-3.31543
128|-3.31543|-3.31543
129|-3.31543|-3.31543
130|-3.31543|-3.31543
131|-3.31543|-3.31543
132|-3.31543|-3.31543
133|-3.31543|-3.31543
134|-3.31543|-3.31543
135|-3.31543|-3.31543
136|-3.31543|-3.31543
137|-3.31543|-3.31543
138|-3.31543|-3.31543
139|-3.31543|-3.31543
140|-3.31543|-3.31543
141|-3.31543|-3.31543
142|-3.31543|-3.31543
143|-3.31543|-3.31543
144|-3.31543|-3.31543
145|-3.31543|-3.31543
146|-3.31543|-3.31543
147|-3.31543|-3.31543
148|-3.31543|-3.31543
149|-3.31543|-3.31543
150|-3.31543|-3.31543
151|-3.31543|-3.31543
EARLY STOP: TARGET FOUND
1749726ms
