1|-3.10725|-3.10725
2|-3.10725|-3.10725
3|-3.10725|-3.10725
4|-3.10725|-3.10725
5|-3.10725|-3.10725
6|-3.10725|-3.10725
7|-3.10725|-3.10725
8|-3.10725|-3.10725
9|-3.10725|-3.10725
10|-3.10725|-3.10725
11|-3.10725|-3.10725
12|-3.10725|-3.10725
13|-3.10725|-3.10725
14|-3.10725|-3.10725
15|-3.10725|-3.10725
16|-3.10725|-3.10725
17|-3.10725|-3.10725
18|-3.10725|-3.10725
19|-3.10725|-3.10725
20|-3.10725|-3.10725
21|-3.10725|-3.10725
22|-3.10725|-3.10725
23|-3.10725|-3.10725
24|-3.10725|-3.10725
25|-3.10725|-3.10725
26|-3.10725|-3.10725
27|-3.10725|-3.10725
28|-3.10725|-3.10725
29|-3.10725|-3.10725
30|-3.10725|-3.10725
31|-3.10725|-3.10725
32|-3.10725|-3.10725
33|-3.10725|-3.10725
34|-3.10725|-3.10725
35|-3.10725|-3.10725
36|-3.10725|-3.10725
37|-3.10725|-3.10725
38|-3.10725|-3.10725
39|-3.10725|-3.10725
40|-3.10725|-3.10725
41|-3.10725|-3.10725
42|-3.10725|-3.10725
43|-3.10725|-3.10725
44|-3.10725|-3.10725
45|-3.10725|-3.10725
46|-3.10725|-3.10725
47|-3.10725|-3.10725
48|-3.10725|-3.10725
49|-3.10725|-3.10725
50|-3.10725|-3.10725
51|-3.10725|-3.10725
52|-3.10725|-3.10725
53|-3.10725|-3.10725
54|-3.10725|-3.10725
55|-3.10725|-3.10725
56|-3.10725|-3.10725
57|-3.10725|-3.10725
58|-3.10725|-3.10725
59|-3.10725|-3.10725
60|-3.10725|-3.10725
61|-3.10725|-3.10725
62|-3.10725|-3.10725
63|-3.10725|-3.10725
64|-3.10725|-3.10725
65|-3.10725|-3.10725
66|-3.10725|-3.10725
67|-3.10725|-3.10725
68|-3.10725|-3.10725
69|-3.10725|-3.10725
70|-3.10725|-3.10725
71|-3.10725|-3.10725
72|-3.10725|-3.10725
73|-3.10725|-3.10725
74|-3.10725|-3.10725
75|-3.10725|-3.10725
76|-3.10725|-3.10725
77|-3.10725|-3.10725
78|-3.10725|-3.10725
79|-3.10725|-3.10725
80|-3.10725|-3.10725
81|-3.10725|-3.10725
82|-3.10725|-3.10725
83|-3.10725|-3.10725
84|-3.10725|-3.10725
85|-3.10725|-3.10725
86|-3.10725|-3.10725
87|-3.10725|-3.10725
88|-3.10725|-3.10725
89|-3.10725|-3.10725
90|-3.10725|-3.10725
91|-3.10725|-3.10725
92|-3.10725|-3.10725
93|-3.10725|-3.10725
94|-3.10725|-3.10725
95|-3.10725|-3.10725
96|-3.10725|-3.10725
97|-3.10725|-3.10725
98|-3.10725|-3.10725
99|-3.10725|-3.10725
100|-3.10725|-3.10725
101|-3.10725|-3.10725
102|-3.10725|-3.10725
103|-3.10725|-3.10725
104|-3.10725|-3.10725
105|-3.10725|-3.10725
106|-3.10725|-3.10725
107|-3.10725|-3.10725
108|-3.10725|-3.10725
109|-3.10725|-3.10725
110|-3.10725|-3.10725
111|-3.10725|-3.10725
112|-3.10725|-3.10725
113|-3.10725|-3.10725
114|-3.10725|-3.10725
115|-3.10725|-3.10725
116|-3.10725|-3.10725
117|-3.10725|-3.10725
118|-3.10725|-3.10725
119|-3.10725|-3.10725
120|-3.10725|-3.10725
121|-3.10725|-3.10725
122|-3.10725|-3.10725
123|-3.10725|-3.10725
124|-3.10725|-3.10725
125|-3.10725|-3.10725
126|-3.10725|-3.10725
127|-3.10725|-3.10725
128|-3.10725|-3.10725
129|-3.10725|-3.10725
130|-3.10725|-3.10725
131|-3.10725|-3.10725
132|-3.10725|-3.10725
133|-3.10725|-3.10725
134|-3.10725|-3.10725
135|-3.10725|-3.10725
136|-3.10725|-3.10725
137|-3.10725|-3.10725
138|-3.10725|-3.10725
139|-3.10725|-3.10725
140|-3.10725|-3.10725
141|-3.10725|-3.10725
142|-3.10725|-3.10725
143|-3.10725|-3.10725
144|-3.10725|-3.10725
145|-3.10725|-3.10725
146|-3.10725|-3.10725
147|-3.10725|-3.10725
148|-3.10725|-3.10725
149|-3.10725|-3.10725
150|-3.10725|-3.10725
151|-3.10725|-3.10725
EARLY STOP: TARGET FOUND
1758120ms
