1|197.365|197.365
2|197.365|197.365
3|197.365|197.365
4|197.365|197.365
5|197.365|197.365
6|197.365|197.365
7|197.365|197.365
8|197.365|197.365
9|197.365|197.365
10|197.365|197.365
11|197.365|197.365
12|197.365|197.365
13|197.365|197.365
14|197.365|197.365
15|197.365|197.365
16|197.365|197.365
17|197.365|197.365
18|197.365|197.365
19|197.365|197.365
20|197.365|197.365
21|197.365|197.365
22|197.365|197.365
23|197.365|197.365
24|197.365|197.365
25|197.365|197.365
26|197.365|197.365
27|197.365|197.365
28|197.365|197.365
29|197.365|197.365
30|197.365|197.365
31|197.365|197.365
32|197.365|197.365
33|197.365|197.365
34|197.365|197.365
35|197.365|197.365
36|197.365|197.365
37|197.365|197.365
38|197.365|197.365
39|197.365|197.365
40|197.365|197.365
41|197.365|197.365
42|197.365|197.365
43|197.365|197.365
44|197.365|197.365
45|197.365|197.365
46|197.365|197.365
47|197.365|197.365
48|197.365|197.365
49|197.365|197.365
50|197.365|197.365
51|197.365|197.365
52|197.365|197.365
53|197.365|197.365
54|197.365|197.365
55|197.365|197.365
56|197.365|197.365
57|197.365|197.365
58|197.365|197.365
59|197.365|197.365
60|197.365|197.365
61|197.365|197.365
62|197.365|197.365
63|197.365|197.365
64|197.365|197.365
65|197.365|197.365
66|197.365|197.365
67|197.365|197.365
68|197.365|197.365
69|197.365|197.365
70|197.365|197.365
71|197.365|197.365
72|197.365|197.365
73|197.365|197.365
74|197.365|197.365
75|197.365|197.365
76|197.365|197.365
77|197.365|197.365
78|197.365|197.365
79|197.365|197.365
80|197.365|197.365
81|197.365|197.365
82|197.365|197.365
83|197.365|197.365
84|197.365|197.365
85|197.365|197.365
86|197.365|197.365
87|197.365|197.365
88|197.365|197.365
89|197.365|197.365
90|197.365|197.365
91|197.365|197.365
92|197.365|197.365
93|197.365|197.365
94|197.365|197.365
95|197.365|197.365
96|197.365|197.365
97|197.365|197.365
98|197.365|197.365
99|197.365|197.365
100|197.365|197.365
101|197.365|197.365
102|197.365|197.365
103|197.365|197.365
104|197.365|197.365
105|197.365|197.365
106|197.365|197.365
107|197.365|197.365
108|197.365|197.365
109|197.365|197.365
110|197.365|197.365
111|197.365|197.365
112|197.365|197.365
113|197.365|197.365
114|197.365|197.365
115|197.365|197.365
116|197.365|197.365
117|197.365|197.365
118|197.365|197.365
119|197.365|197.365
120|197.365|197.365
121|197.365|197.365
122|197.365|197.365
123|197.365|197.365
124|197.365|197.365
125|197.365|197.365
126|197.365|197.365
127|197.365|197.365
128|197.365|197.365
129|197.365|197.365
130|197.365|197.365
131|197.365|197.365
132|197.365|197.365
133|197.365|197.365
134|197.365|197.365
135|197.365|197.365
136|197.365|197.365
137|197.365|197.365
138|197.365|197.365
139|197.365|197.365
140|197.365|197.365
141|197.365|197.365
142|197.365|197.365
143|197.365|197.365
144|197.365|197.365
145|197.365|197.365
146|197.365|197.365
147|197.365|197.365
148|197.365|197.365
149|197.365|197.365
150|197.365|197.365
151|197.365|197.365
EARLY STOP: TARGET FOUND
210781ms
