1|-0.296136|-0.296136
2|-0.296136|-0.296136
3|-0.296136|-0.296136
4|-0.296136|-0.296136
5|-0.296136|-0.296136
6|-0.296136|-0.296136
7|-0.296136|-0.296136
8|-0.296136|-0.296136
9|-0.296136|-0.296136
10|-0.296136|-0.296136
11|-0.296136|-0.296136
12|-0.296136|-0.296136
13|-0.296136|-0.296136
14|-0.296136|-0.296136
15|-0.296136|-0.296136
16|-0.296136|-0.296136
17|-0.296136|-0.296136
18|-0.296136|-0.296136
19|-0.296136|-0.296136
20|-0.296136|-0.296136
21|-0.296136|-0.296136
22|-0.296136|-0.296136
23|-0.296136|-0.296136
24|-0.296136|-0.296136
25|-0.296136|-0.296136
26|-0.296136|-0.296136
27|-0.296136|-0.296136
28|-0.296136|-0.296136
29|-0.296136|-0.296136
30|-0.296136|-0.296136
31|-0.296136|-0.296136
32|-0.296136|-0.296136
33|-0.296136|-0.296136
34|-0.296136|-0.296136
35|-0.296136|-0.296136
36|-0.296136|-0.296136
37|-0.296136|-0.296136
38|-0.296136|-0.296136
39|-0.296136|-0.296136
40|-0.296136|-0.296136
41|-0.296136|-0.296136
42|-0.296136|-0.296136
43|-0.296136|-0.296136
44|-0.296136|-0.296136
45|-0.296136|-0.296136
46|-0.296136|-0.296136
47|-0.296136|-0.296136
48|-0.296136|-0.296136
49|-0.296136|-0.296136
50|-0.296136|-0.296136
51|-0.296136|-0.296136
52|-0.296136|-0.296136
53|-0.296136|-0.296136
54|-0.296136|-0.296136
55|-0.296136|-0.296136
56|-0.296136|-0.296136
57|-0.296136|-0.296136
58|-0.296136|-0.296136
59|-0.296136|-0.296136
60|-0.296136|-0.296136
61|-0.296136|-0.296136
62|-0.296136|-0.296136
63|-0.296136|-0.296136
64|-0.296136|-0.296136
65|-0.296136|-0.296136
66|-0.296136|-0.296136
67|-0.296136|-0.296136
68|-0.296136|-0.296136
69|-0.296136|-0.296136
70|-0.296136|-0.296136
71|-0.296136|-0.296136
72|-0.296136|-0.296136
73|-0.296136|-0.296136
74|-0.296136|-0.296136
75|-0.296136|-0.296136
76|-0.296136|-0.296136
77|-0.296136|-0.296136
78|-0.296136|-0.296136
79|-0.296136|-0.296136
80|-0.296136|-0.296136
81|-0.296136|-0.296136
82|-0.296136|-0.296136
83|-0.296136|-0.296136
84|-0.296136|-0.296136
85|-0.296136|-0.296136
86|-0.296136|-0.296136
87|-0.296136|-0.296136
88|-0.296136|-0.296136
89|-0.296136|-0.296136
90|-0.296136|-0.296136
91|-0.296136|-0.296136
92|-0.296136|-0.296136
93|-0.296136|-0.296136
94|-0.296136|-0.296136
95|-0.296136|-0.296136
96|-0.296136|-0.296136
97|-0.296136|-0.296136
98|-0.296136|-0.296136
99|-0.296136|-0.296136
100|-0.296136|-0.296136
101|-0.296136|-0.296136
102|-0.296136|-0.296136
103|-0.296136|-0.296136
104|-0.296136|-0.296136
105|-0.296136|-0.296136
106|-0.296136|-0.296136
107|-0.296136|-0.296136
108|-0.296136|-0.296136
109|-0.296136|-0.296136
110|-0.296136|-0.296136
111|-0.296136|-0.296136
112|-0.296136|-0.296136
113|-0.296136|-0.296136
114|-0.296136|-0.296136
115|-0.296136|-0.296136
116|-0.296136|-0.296136
117|-0.296136|-0.296136
118|-0.296136|-0.296136
119|-0.296136|-0.296136
120|-0.296136|-0.296136
121|-0.296136|-0.296136
122|-0.296136|-0.296136
123|-0.296136|-0.296136
124|-0.296136|-0.296136
125|-0.296136|-0.296136
126|-0.296136|-0.296136
127|-0.296136|-0.296136
128|-0.296136|-0.296136
129|-0.296136|-0.296136
130|-0.296136|-0.296136
131|-0.296136|-0.296136
132|-0.296136|-0.296136
133|-0.296136|-0.296136
134|-0.296136|-0.296136
135|-0.296136|-0.296136
136|-0.296136|-0.296136
137|-0.296136|-0.296136
138|-0.296136|-0.296136
139|-0.296136|-0.296136
140|-0.296136|-0.296136
141|-0.296136|-0.296136
142|-0.296136|-0.296136
143|-0.296136|-0.296136
144|-0.296136|-0.296136
145|-0.296136|-0.296136
146|-0.296136|-0.296136
147|-0.296136|-0.296136
148|-0.296136|-0.296136
149|-0.296136|-0.296136
150|-0.296136|-0.296136
151|-0.296136|-0.296136
EARLY STOP: TARGET FOUND
58155ms
