1|-4.57619|-4.57619
2|-4.57619|-4.57619
3|-4.57619|-4.57619
4|-4.57619|-4.57619
5|-4.57619|-4.57619
6|-4.57619|-4.57619
7|-4.57619|-4.57619
8|-4.57619|-4.57619
9|-4.57619|-4.57619
10|-4.57619|-4.57619
11|-4.57619|-4.57619
12|-4.57619|-4.57619
13|-4.57619|-4.57619
14|-4.57619|-4.57619
15|-4.57619|-4.57619
16|-4.57619|-4.57619
17|-4.57619|-4.57619
18|-4.57619|-4.57619
19|-4.57619|-4.57619
20|-4.57619|-4.57619
21|-4.57619|-4.57619
22|-4.57619|-4.57619
23|-4.57619|-4.57619
24|-4.57619|-4.57619
25|-4.57619|-4.57619
26|-4.57619|-4.57619
27|-4.57619|-4.57619
28|-4.57619|-4.57619
29|-4.57619|-4.57619
30|-4.57619|-4.57619
31|-4.57619|-4.57619
32|-4.57619|-4.57619
33|-4.57619|-4.57619
34|-4.57619|-4.57619
35|-4.57619|-4.57619
36|-4.57619|-4.57619
37|-4.57619|-4.57619
38|-4.57619|-4.57619
39|-4.57619|-4.57619
40|-4.57619|-4.57619
41|-4.57619|-4.57619
42|-4.57619|-4.57619
43|-4.57619|-4.57619
44|-4.57619|-4.57619
45|-4.57619|-4.57619
46|-4.57619|-4.57619
47|-4.57619|-4.57619
48|-4.57619|-4.57619
49|-4.57619|-4.57619
50|-4.57619|-4.57619
51|-4.57619|-4.57619
52|-4.57619|-4.57619
53|-4.57619|-4.57619
54|-4.57619|-4.57619
55|-4.57619|-4.57619
56|-4.57619|-4.57619
57|-4.57619|-4.57619
58|-4.57619|-4.57619
59|-4.57619|-4.57619
60|-4.57619|-4.57619
61|-4.57619|-4.57619
62|-4.57619|-4.57619
63|-4.57619|-4.57619
64|-4.57619|-4.57619
65|-4.57619|-4.57619
66|-4.57619|-4.57619
67|-4.57619|-4.57619
68|-4.57619|-4.57619
69|-4.57619|-4.57619
70|-4.57619|-4.57619
71|-4.57619|-4.57619
72|-4.57619|-4.57619
73|-4.57619|-4.57619
74|-4.57619|-4.57619
75|-4.57619|-4.57619
76|-4.57619|-4.57619
77|-4.57619|-4.57619
78|-4.57619|-4.57619
79|-4.57619|-4.57619
80|-4.57619|-4.57619
81|-4.57619|-4.57619
82|-4.57619|-4.57619
83|-4.57619|-4.57619
84|-4.57619|-4.57619
85|-4.57619|-4.57619
86|-4.57619|-4.57619
87|-4.57619|-4.57619
88|-4.57619|-4.57619
89|-4.57619|-4.57619
90|-4.57619|-4.57619
91|-4.57619|-4.57619
92|-4.57619|-4.57619
93|-4.57619|-4.57619
94|-4.57619|-4.57619
95|-4.57619|-4.57619
96|-4.57619|-4.57619
97|-4.57619|-4.57619
98|-4.57619|-4.57619
99|-4.57619|-4.57619
100|-4.57619|-4.57619
101|-4.57619|-4.57619
102|-4.57619|-4.57619
103|-4.57619|-4.57619
104|-4.57619|-4.57619
105|-4.57619|-4.57619
106|-4.57619|-4.57619
107|-4.57619|-4.57619
108|-4.57619|-4.57619
109|-4.57619|-4.57619
110|-4.57619|-4.57619
111|-4.57619|-4.57619
112|-4.57619|-4.57619
113|-4.57619|-4.57619
114|-4.57619|-4.57619
115|-4.57619|-4.57619
116|-4.57619|-4.57619
117|-4.57619|-4.57619
118|-4.57619|-4.57619
119|-4.57619|-4.57619
120|-4.57619|-4.57619
121|-4.57619|-4.57619
122|-4.57619|-4.57619
123|-4.57619|-4.57619
124|-4.57619|-4.57619
125|-4.57619|-4.57619
126|-4.57619|-4.57619
127|-4.57619|-4.57619
128|-4.57619|-4.57619
129|-4.57619|-4.57619
130|-4.57619|-4.57619
131|-4.57619|-4.57619
132|-4.57619|-4.57619
133|-4.57619|-4.57619
134|-4.57619|-4.57619
135|-4.57619|-4.57619
136|-4.57619|-4.57619
137|-4.57619|-4.57619
138|-4.57619|-4.57619
139|-4.57619|-4.57619
140|-4.57619|-4.57619
141|-4.57619|-4.57619
142|-4.57619|-4.57619
143|-4.57619|-4.57619
144|-4.57619|-4.57619
145|-4.57619|-4.57619
146|-4.57619|-4.57619
147|-4.57619|-4.57619
148|-4.57619|-4.57619
149|-4.57619|-4.57619
150|-4.57619|-4.57619
151|-4.57619|-4.57619
EARLY STOP: TARGET FOUND
1744480ms
