1|40.9497|40.9497
2|40.9497|40.9497
3|40.9497|40.9497
4|40.9497|40.9497
5|40.9497|40.9497
6|40.9497|40.9497
7|40.9497|40.9497
8|40.9497|40.9497
9|40.9497|40.9497
10|40.9497|40.9497
11|40.9497|40.9497
12|40.9497|40.9497
13|40.9497|40.9497
14|40.9497|40.9497
15|40.9497|40.9497
16|40.9497|40.9497
17|40.9497|40.9497
18|40.9497|40.9497
19|40.9497|40.9497
20|40.9497|40.9497
21|40.9497|40.9497
22|40.9497|40.9497
23|40.9497|40.9497
24|40.9497|40.9497
25|40.9497|40.9497
26|40.9497|40.9497
27|40.9497|40.9497
28|40.9497|40.9497
29|40.9497|40.9497
30|40.9497|40.9497
31|40.9497|40.9497
32|40.9497|40.9497
33|40.9497|40.9497
34|40.9497|40.9497
35|40.9497|40.9497
36|40.9497|40.9497
37|40.9497|40.9497
38|40.9497|40.9497
39|40.9497|40.9497
40|40.9497|40.9497
41|40.9497|40.9497
42|40.9497|40.9497
43|40.9497|40.9497
44|40.9497|40.9497
45|40.9497|40.9497
46|40.9497|40.9497
47|40.9497|40.9497
48|40.9497|40.9497
49|40.9497|40.9497
50|40.9497|40.9497
51|40.9497|40.9497
52|40.9497|40.9497
53|40.9497|40.9497
54|40.9497|40.9497
55|40.9497|40.9497
56|40.9497|40.9497
57|40.9497|40.9497
58|40.9497|40.9497
59|40.9497|40.9497
60|40.9497|40.9497
61|40.9497|40.9497
62|40.9497|40.9497
63|40.9497|40.9497
64|40.9497|40.9497
65|40.9497|40.9497
66|40.9497|40.9497
67|40.9497|40.9497
68|40.9497|40.9497
69|40.9497|40.9497
70|40.9497|40.9497
71|40.9497|40.9497
72|40.9497|40.9497
73|40.9497|40.9497
74|40.9497|40.9497
75|40.9497|40.9497
76|40.9497|40.9497
77|40.9497|40.9497
78|40.9497|40.9497
79|40.9497|40.9497
80|40.9497|40.9497
81|40.9497|40.9497
82|40.9497|40.9497
83|40.9497|40.9497
84|40.9497|40.9497
85|40.9497|40.9497
86|40.9497|40.9497
87|40.9497|40.9497
88|40.9497|40.9497
89|40.9497|40.9497
90|40.9497|40.9497
91|40.9497|40.9497
92|40.9497|40.9497
93|40.9497|40.9497
94|40.9497|40.9497
95|40.9497|40.9497
96|40.9497|40.9497
97|40.9497|40.9497
98|40.9497|40.9497
99|40.9497|40.9497
100|40.9497|40.9497
101|40.9497|40.9497
102|40.9497|40.9497
103|40.9497|40.9497
104|40.9497|40.9497
105|40.9497|40.9497
106|40.9497|40.9497
107|40.9497|40.9497
108|40.9497|40.9497
109|40.9497|40.9497
110|40.9497|40.9497
111|40.9497|40.9497
112|40.9497|40.9497
113|40.9497|40.9497
114|40.9497|40.9497
115|40.9497|40.9497
116|40.9497|40.9497
117|40.9497|40.9497
118|40.9497|40.9497
119|40.9497|40.9497
120|40.9497|40.9497
121|40.9497|40.9497
122|40.9497|40.9497
123|40.9497|40.9497
124|40.9497|40.9497
125|40.9497|40.9497
126|40.9497|40.9497
127|40.9497|40.9497
128|40.9497|40.9497
129|40.9497|40.9497
130|40.9497|40.9497
131|40.9497|40.9497
132|40.9497|40.9497
133|40.9497|40.9497
134|40.9497|40.9497
135|40.9497|40.9497
136|40.9497|40.9497
137|40.9497|40.9497
138|40.9497|40.9497
139|40.9497|40.9497
140|40.9497|40.9497
141|40.9497|40.9497
142|40.9497|40.9497
143|40.9497|40.9497
144|40.9497|40.9497
145|40.9497|40.9497
146|40.9497|40.9497
147|40.9497|40.9497
148|40.9497|40.9497
149|40.9497|40.9497
150|40.9497|40.9497
151|40.9497|40.9497
EARLY STOP: TARGET FOUND
84643ms
