1|-5.31117|-5.31117
2|-5.31117|-5.31117
3|-5.31117|-5.31117
4|-5.31117|-5.31117
5|-5.31117|-5.31117
6|-5.31117|-5.31117
7|-5.31117|-5.31117
8|-5.31117|-5.31117
9|-5.31117|-5.31117
10|-5.31117|-5.31117
11|-5.31117|-5.31117
12|-5.31117|-5.31117
13|-5.31117|-5.31117
14|-5.31117|-5.31117
15|-5.31117|-5.31117
16|-5.31117|-5.31117
17|-5.31117|-5.31117
18|-5.31117|-5.31117
19|-5.31117|-5.31117
20|-5.31117|-5.31117
21|-5.31117|-5.31117
22|-5.31117|-5.31117
23|-5.31117|-5.31117
24|-5.31117|-5.31117
25|-5.31117|-5.31117
26|-5.31117|-5.31117
27|-5.31117|-5.31117
28|-5.31117|-5.31117
29|-5.31117|-5.31117
30|-5.31117|-5.31117
31|-5.31117|-5.31117
32|-5.31117|-5.31117
33|-5.31117|-5.31117
34|-5.31117|-5.31117
35|-5.31117|-5.31117
36|-5.31117|-5.31117
37|-5.31117|-5.31117
38|-5.31117|-5.31117
39|-5.31117|-5.31117
40|-5.31117|-5.31117
41|-5.31117|-5.31117
42|-5.31117|-5.31117
43|-5.31117|-5.31117
44|-5.31117|-5.31117
45|-5.31117|-5.31117
46|-5.31117|-5.31117
47|-5.31117|-5.31117
48|-5.31117|-5.31117
49|-5.31117|-5.31117
50|-5.31117|-5.31117
51|-5.31117|-5.31117
52|-5.31117|-5.31117
53|-5.31117|-5.31117
54|-5.31117|-5.31117
55|-5.31117|-5.31117
56|-5.31117|-5.31117
57|-5.31117|-5.31117
58|-5.31117|-5.31117
59|-5.31117|-5.31117
60|-5.31117|-5.31117
61|-5.31117|-5.31117
62|-5.31117|-5.31117
63|-5.31117|-5.31117
64|-5.31117|-5.31117
65|-5.31117|-5.31117
66|-5.31117|-5.31117
67|-5.31117|-5.31117
68|-5.31117|-5.31117
69|-5.31117|-5.31117
70|-5.31117|-5.31117
71|-5.31117|-5.31117
72|-5.31117|-5.31117
73|-5.31117|-5.31117
74|-5.31117|-5.31117
75|-5.31117|-5.31117
76|-5.31117|-5.31117
77|-5.31117|-5.31117
78|-5.31117|-5.31117
79|-5.31117|-5.31117
80|-5.31117|-5.31117
81|-5.31117|-5.31117
82|-5.31117|-5.31117
83|-5.31117|-5.31117
84|-5.31117|-5.31117
85|-5.31117|-5.31117
86|-5.31117|-5.31117
87|-5.31117|-5.31117
88|-5.31117|-5.31117
89|-5.31117|-5.31117
90|-5.31117|-5.31117
91|-5.31117|-5.31117
92|-5.31117|-5.31117
93|-5.31117|-5.31117
94|-5.31117|-5.31117
95|-5.31117|-5.31117
96|-5.31117|-5.31117
97|-5.31117|-5.31117
98|-5.31117|-5.31117
99|-5.31117|-5.31117
100|-5.31117|-5.31117
101|-5.31117|-5.31117
102|-5.31117|-5.31117
103|-5.31117|-5.31117
104|-5.31117|-5.31117
105|-5.31117|-5.31117
106|-5.31117|-5.31117
107|-5.31117|-5.31117
108|-5.31117|-5.31117
109|-5.31117|-5.31117
110|-5.31117|-5.31117
111|-5.31117|-5.31117
112|-5.31117|-5.31117
113|-5.31117|-5.31117
114|-5.31117|-5.31117
115|-5.31117|-5.31117
116|-5.31117|-5.31117
117|-5.31117|-5.31117
118|-5.31117|-5.31117
119|-5.31117|-5.31117
120|-5.31117|-5.31117
121|-5.31117|-5.31117
122|-5.31117|-5.31117
123|-5.31117|-5.31117
124|-5.31117|-5.31117
125|-5.31117|-5.31117
126|-5.31117|-5.31117
127|-5.31117|-5.31117
128|-5.31117|-5.31117
129|-5.31117|-5.31117
130|-5.31117|-5.31117
131|-5.31117|-5.31117
132|-5.31117|-5.31117
133|-5.31117|-5.31117
134|-5.31117|-5.31117
135|-5.31117|-5.31117
136|-5.31117|-5.31117
137|-5.31117|-5.31117
138|-5.31117|-5.31117
139|-5.31117|-5.31117
140|-5.31117|-5.31117
141|-5.31117|-5.31117
142|-5.31117|-5.31117
143|-5.31117|-5.31117
144|-5.31117|-5.31117
145|-5.31117|-5.31117
146|-5.31117|-5.31117
147|-5.31117|-5.31117
148|-5.31117|-5.31117
149|-5.31117|-5.31117
150|-5.31117|-5.31117
151|-5.31117|-5.31117
EARLY STOP: TARGET FOUND
1726019ms
