1|564.029|564.029
2|564.029|564.029
3|564.029|564.029
4|564.029|564.029
5|564.029|564.029
6|564.029|564.029
7|564.029|564.029
8|564.029|564.029
9|564.029|564.029
10|564.029|564.029
11|564.029|564.029
12|564.029|564.029
13|564.029|564.029
14|564.029|564.029
15|564.029|564.029
16|564.029|564.029
17|564.029|564.029
18|564.029|564.029
19|564.029|564.029
20|564.029|564.029
21|564.029|564.029
22|564.029|564.029
23|564.029|564.029
24|564.029|564.029
25|564.029|564.029
26|564.029|564.029
27|564.029|564.029
28|564.029|564.029
29|564.029|564.029
30|564.029|564.029
31|564.029|564.029
32|564.029|564.029
33|564.029|564.029
34|564.029|564.029
35|564.029|564.029
36|564.029|564.029
37|564.029|564.029
38|564.029|564.029
39|564.029|564.029
40|564.029|564.029
41|564.029|564.029
42|564.029|564.029
43|564.029|564.029
44|564.029|564.029
45|564.029|564.029
46|564.029|564.029
47|564.029|564.029
48|564.029|564.029
49|564.029|564.029
50|564.029|564.029
51|564.029|564.029
52|564.029|564.029
53|564.029|564.029
54|564.029|564.029
55|564.029|564.029
56|564.029|564.029
57|564.029|564.029
58|564.029|564.029
59|564.029|564.029
60|564.029|564.029
61|564.029|564.029
62|564.029|564.029
63|564.029|564.029
64|564.029|564.029
65|564.029|564.029
66|564.029|564.029
67|564.029|564.029
68|564.029|564.029
69|564.029|564.029
70|564.029|564.029
71|564.029|564.029
72|564.029|564.029
73|564.029|564.029
74|564.029|564.029
75|564.029|564.029
76|564.029|564.029
77|564.029|564.029
78|564.029|564.029
79|564.029|564.029
80|564.029|564.029
81|564.029|564.029
82|564.029|564.029
83|564.029|564.029
84|564.029|564.029
85|564.029|564.029
86|564.029|564.029
87|564.029|564.029
88|564.029|564.029
89|564.029|564.029
90|564.029|564.029
91|564.029|564.029
92|564.029|564.029
93|564.029|564.029
94|564.029|564.029
95|564.029|564.029
96|564.029|564.029
97|564.029|564.029
98|564.029|564.029
99|564.029|564.029
100|564.029|564.029
101|564.029|564.029
102|564.029|564.029
103|564.029|564.029
104|564.029|564.029
105|564.029|564.029
106|564.029|564.029
107|564.029|564.029
108|564.029|564.029
109|564.029|564.029
110|564.029|564.029
111|564.029|564.029
112|564.029|564.029
113|564.029|564.029
114|564.029|564.029
115|564.029|564.029
116|564.029|564.029
117|564.029|564.029
118|564.029|564.029
119|564.029|564.029
120|564.029|564.029
121|564.029|564.029
122|564.029|564.029
123|564.029|564.029
124|564.029|564.029
125|564.029|564.029
126|564.029|564.029
127|564.029|564.029
128|564.029|564.029
129|564.029|564.029
130|564.029|564.029
131|564.029|564.029
132|564.029|564.029
133|564.029|564.029
134|564.029|564.029
135|564.029|564.029
136|564.029|564.029
137|564.029|564.029
138|564.029|564.029
139|564.029|564.029
140|564.029|564.029
141|564.029|564.029
142|564.029|564.029
143|564.029|564.029
144|564.029|564.029
145|564.029|564.029
146|564.029|564.029
147|564.029|564.029
148|564.029|564.029
149|564.029|564.029
150|564.029|564.029
151|564.029|564.029
EARLY STOP: TARGET FOUND
1724418ms
