1|-2.3939|-2.3939
2|-2.3939|-2.3939
3|-2.3939|-2.3939
4|-2.3939|-2.3939
5|-2.3939|-2.3939
6|-2.3939|-2.3939
7|-2.3939|-2.3939
8|-2.3939|-2.3939
9|-2.3939|-2.3939
10|-2.3939|-2.3939
11|-2.3939|-2.3939
12|-2.3939|-2.3939
13|-2.3939|-2.3939
14|-2.3939|-2.3939
15|-2.3939|-2.3939
16|-2.3939|-2.3939
17|-2.3939|-2.3939
18|-2.3939|-2.3939
19|-2.3939|-2.3939
20|-2.3939|-2.3939
21|-2.3939|-2.3939
22|-2.3939|-2.3939
23|-2.3939|-2.3939
24|-2.3939|-2.3939
25|-2.3939|-2.3939
26|-2.3939|-2.3939
27|-2.3939|-2.3939
28|-2.3939|-2.3939
29|-2.3939|-2.3939
30|-2.3939|-2.3939
31|-2.3939|-2.3939
32|-2.3939|-2.3939
33|-2.3939|-2.3939
34|-2.3939|-2.3939
35|-2.3939|-2.3939
36|-2.3939|-2.3939
37|-2.3939|-2.3939
38|-2.3939|-2.3939
39|-2.3939|-2.3939
40|-2.3939|-2.3939
41|-2.3939|-2.3939
42|-2.3939|-2.3939
43|-2.3939|-2.3939
44|-2.3939|-2.3939
45|-2.3939|-2.3939
46|-2.3939|-2.3939
47|-2.3939|-2.3939
48|-2.3939|-2.3939
49|-2.3939|-2.3939
50|-2.3939|-2.3939
51|-2.3939|-2.3939
52|-2.3939|-2.3939
53|-2.3939|-2.3939
54|-2.3939|-2.3939
55|-2.3939|-2.3939
56|-2.3939|-2.3939
57|-2.3939|-2.3939
58|-2.3939|-2.3939
59|-2.3939|-2.3939
60|-2.3939|-2.3939
61|-2.3939|-2.3939
62|-2.3939|-2.3939
63|-2.3939|-2.3939
64|-2.3939|-2.3939
65|-2.3939|-2.3939
66|-2.3939|-2.3939
67|-2.3939|-2.3939
68|-2.3939|-2.3939
69|-2.3939|-2.3939
70|-2.3939|-2.3939
71|-2.3939|-2.3939
72|-2.3939|-2.3939
73|-2.3939|-2.3939
74|-2.3939|-2.3939
75|-2.3939|-2.3939
76|-2.3939|-2.3939
77|-2.3939|-2.3939
78|-2.3939|-2.3939
79|-2.3939|-2.3939
80|-2.3939|-2.3939
81|-2.3939|-2.3939
82|-2.3939|-2.3939
83|-2.3939|-2.3939
84|-2.3939|-2.3939
85|-2.3939|-2.3939
86|-2.3939|-2.3939
87|-2.3939|-2.3939
88|-2.3939|-2.3939
89|-2.3939|-2.3939
90|-2.3939|-2.3939
91|-2.3939|-2.3939
92|-2.3939|-2.3939
93|-2.3939|-2.3939
94|-2.3939|-2.3939
95|-2.3939|-2.3939
96|-2.3939|-2.3939
97|-2.3939|-2.3939
98|-2.3939|-2.3939
99|-2.3939|-2.3939
100|-2.3939|-2.3939
101|-2.3939|-2.3939
102|-2.3939|-2.3939
103|-2.3939|-2.3939
104|-2.3939|-2.3939
105|-2.3939|-2.3939
106|-2.3939|-2.3939
107|-2.3939|-2.3939
108|-2.3939|-2.3939
109|-2.3939|-2.3939
110|-2.3939|-2.3939
111|-2.3939|-2.3939
112|-2.3939|-2.3939
113|-2.3939|-2.3939
114|-2.3939|-2.3939
115|-2.3939|-2.3939
116|-2.3939|-2.3939
117|-2.3939|-2.3939
118|-2.3939|-2.3939
119|-2.3939|-2.3939
120|-2.3939|-2.3939
121|-2.3939|-2.3939
122|-2.3939|-2.3939
123|-2.3939|-2.3939
124|-2.3939|-2.3939
125|-2.3939|-2.3939
126|-2.3939|-2.3939
127|-2.3939|-2.3939
128|-2.3939|-2.3939
129|-2.3939|-2.3939
130|-2.3939|-2.3939
131|-2.3939|-2.3939
132|-2.3939|-2.3939
133|-2.3939|-2.3939
134|-2.3939|-2.3939
135|-2.3939|-2.3939
136|-2.3939|-2.3939
137|-2.3939|-2.3939
138|-2.3939|-2.3939
139|-2.3939|-2.3939
140|-2.3939|-2.3939
141|-2.3939|-2.3939
142|-2.3939|-2.3939
143|-2.3939|-2.3939
144|-2.3939|-2.3939
145|-2.3939|-2.3939
146|-2.3939|-2.3939
147|-2.3939|-2.3939
148|-2.3939|-2.3939
149|-2.3939|-2.3939
150|-2.3939|-2.3939
151|-2.3939|-2.3939
EARLY STOP: TARGET FOUND
1705269ms
