1|-650.199|-650.199
2|-650.199|-650.199
3|-650.199|-650.199
4|-650.199|-650.199
5|-650.199|-650.199
6|-650.199|-650.199
7|-650.199|-650.199
8|-650.199|-650.199
9|-650.199|-650.199
10|-650.199|-650.199
11|-650.199|-650.199
12|-650.199|-650.199
13|-650.199|-650.199
14|-650.199|-650.199
15|-650.199|-650.199
16|-650.199|-650.199
17|-650.199|-650.199
18|-650.199|-650.199
19|-650.199|-650.199
20|-650.199|-650.199
21|-650.199|-650.199
22|-650.199|-650.199
23|-650.199|-650.199
24|-650.199|-650.199
25|-650.199|-650.199
26|-650.199|-650.199
27|-650.199|-650.199
28|-650.199|-650.199
29|-650.199|-650.199
30|-650.199|-650.199
31|-650.199|-650.199
32|-650.199|-650.199
33|-650.199|-650.199
34|-650.199|-650.199
35|-650.199|-650.199
36|-650.199|-650.199
37|-650.199|-650.199
38|-650.199|-650.199
39|-650.199|-650.199
40|-650.199|-650.199
41|-650.199|-650.199
42|-650.199|-650.199
43|-650.199|-650.199
44|-650.199|-650.199
45|-650.199|-650.199
46|-650.199|-650.199
47|-650.199|-650.199
48|-650.199|-650.199
49|-650.199|-650.199
50|-650.199|-650.199
51|-650.199|-650.199
52|-650.199|-650.199
53|-650.199|-650.199
54|-650.199|-650.199
55|-650.199|-650.199
56|-650.199|-650.199
57|-650.199|-650.199
58|-650.199|-650.199
59|-650.199|-650.199
60|-650.199|-650.199
61|-650.199|-650.199
62|-650.199|-650.199
63|-650.199|-650.199
64|-650.199|-650.199
65|-650.199|-650.199
66|-650.199|-650.199
67|-650.199|-650.199
68|-650.199|-650.199
69|-650.199|-650.199
70|-650.199|-650.199
71|-650.199|-650.199
72|-650.199|-650.199
73|-650.199|-650.199
74|-650.199|-650.199
75|-650.199|-650.199
76|-650.199|-650.199
77|-650.199|-650.199
78|-650.199|-650.199
79|-650.199|-650.199
80|-650.199|-650.199
81|-650.199|-650.199
82|-650.199|-650.199
83|-650.199|-650.199
84|-650.199|-650.199
85|-650.199|-650.199
86|-650.199|-650.199
87|-650.199|-650.199
88|-650.199|-650.199
89|-650.199|-650.199
90|-650.199|-650.199
91|-650.199|-650.199
92|-650.199|-650.199
93|-650.199|-650.199
94|-650.199|-650.199
95|-650.199|-650.199
96|-650.199|-650.199
97|-650.199|-650.199
98|-650.199|-650.199
99|-650.199|-650.199
100|-650.199|-650.199
101|-650.199|-650.199
102|-650.199|-650.199
103|-650.199|-650.199
104|-650.199|-650.199
105|-650.199|-650.199
106|-650.199|-650.199
107|-650.199|-650.199
108|-650.199|-650.199
109|-650.199|-650.199
110|-650.199|-650.199
111|-650.199|-650.199
112|-650.199|-650.199
113|-650.199|-650.199
114|-650.199|-650.199
115|-650.199|-650.199
116|-650.199|-650.199
117|-650.199|-650.199
118|-650.199|-650.199
119|-650.199|-650.199
120|-650.199|-650.199
121|-650.199|-650.199
122|-650.199|-650.199
123|-650.199|-650.199
124|-650.199|-650.199
125|-650.199|-650.199
126|-650.199|-650.199
127|-650.199|-650.199
128|-650.199|-650.199
129|-650.199|-650.199
130|-650.199|-650.199
131|-650.199|-650.199
132|-650.199|-650.199
133|-650.199|-650.199
134|-650.199|-650.199
135|-650.199|-650.199
136|-650.199|-650.199
137|-650.199|-650.199
138|-650.199|-650.199
139|-650.199|-650.199
140|-650.199|-650.199
141|-650.199|-650.199
142|-650.199|-650.199
143|-650.199|-650.199
144|-650.199|-650.199
145|-650.199|-650.199
146|-650.199|-650.199
147|-650.199|-650.199
148|-650.199|-650.199
149|-650.199|-650.199
150|-650.199|-650.199
151|-650.199|-650.199
EARLY STOP: TARGET FOUND
305591ms
