1|-272.986|-272.986
2|-272.986|-272.986
3|-272.986|-272.986
4|-272.986|-272.986
5|-272.986|-272.986
6|-272.986|-272.986
7|-272.986|-272.986
8|-272.986|-272.986
9|-272.986|-272.986
10|-272.986|-272.986
11|-272.986|-272.986
12|-272.986|-272.986
13|-272.986|-272.986
14|-272.986|-272.986
15|-272.986|-272.986
16|-272.986|-272.986
17|-272.986|-272.986
18|-272.986|-272.986
19|-272.986|-272.986
20|-272.986|-272.986
21|-272.986|-272.986
22|-272.986|-272.986
23|-272.986|-272.986
24|-272.986|-272.986
25|-272.986|-272.986
26|-272.986|-272.986
27|-272.986|-272.986
28|-272.986|-272.986
29|-272.986|-272.986
30|-272.986|-272.986
31|-272.986|-272.986
32|-272.986|-272.986
33|-272.986|-272.986
34|-272.986|-272.986
35|-272.986|-272.986
36|-272.986|-272.986
37|-272.986|-272.986
38|-272.986|-272.986
39|-272.986|-272.986
40|-272.986|-272.986
41|-272.986|-272.986
42|-272.986|-272.986
43|-272.986|-272.986
44|-272.986|-272.986
45|-272.986|-272.986
46|-272.986|-272.986
47|-272.986|-272.986
48|-272.986|-272.986
49|-272.986|-272.986
50|-272.986|-272.986
51|-272.986|-272.986
52|-272.986|-272.986
53|-272.986|-272.986
54|-272.986|-272.986
55|-272.986|-272.986
56|-272.986|-272.986
57|-272.986|-272.986
58|-272.986|-272.986
59|-272.986|-272.986
60|-272.986|-272.986
61|-272.986|-272.986
62|-272.986|-272.986
63|-272.986|-272.986
64|-272.986|-272.986
65|-272.986|-272.986
66|-272.986|-272.986
67|-272.986|-272.986
68|-272.986|-272.986
69|-272.986|-272.986
70|-272.986|-272.986
71|-272.986|-272.986
72|-272.986|-272.986
73|-272.986|-272.986
74|-272.986|-272.986
75|-272.986|-272.986
76|-272.986|-272.986
77|-272.986|-272.986
78|-272.986|-272.986
79|-272.986|-272.986
80|-272.986|-272.986
81|-272.986|-272.986
82|-272.986|-272.986
83|-272.986|-272.986
84|-272.986|-272.986
85|-272.986|-272.986
86|-272.986|-272.986
87|-272.986|-272.986
88|-272.986|-272.986
89|-272.986|-272.986
90|-272.986|-272.986
91|-272.986|-272.986
92|-272.986|-272.986
93|-272.986|-272.986
94|-272.986|-272.986
95|-272.986|-272.986
96|-272.986|-272.986
97|-272.986|-272.986
98|-272.986|-272.986
99|-272.986|-272.986
100|-272.986|-272.986
101|-272.986|-272.986
102|-272.986|-272.986
103|-272.986|-272.986
104|-272.986|-272.986
105|-272.986|-272.986
106|-272.986|-272.986
107|-272.986|-272.986
108|-272.986|-272.986
109|-272.986|-272.986
110|-272.986|-272.986
111|-272.986|-272.986
112|-272.986|-272.986
113|-272.986|-272.986
114|-272.986|-272.986
115|-272.986|-272.986
116|-272.986|-272.986
117|-272.986|-272.986
118|-272.986|-272.986
119|-272.986|-272.986
120|-272.986|-272.986
121|-272.986|-272.986
122|-272.986|-272.986
123|-272.986|-272.986
124|-272.986|-272.986
125|-272.986|-272.986
126|-272.986|-272.986
127|-272.986|-272.986
128|-272.986|-272.986
129|-272.986|-272.986
130|-272.986|-272.986
131|-272.986|-272.986
132|-272.986|-272.986
133|-272.986|-272.986
134|-272.986|-272.986
135|-272.986|-272.986
136|-272.986|-272.986
137|-272.986|-272.986
138|-272.986|-272.986
139|-272.986|-272.986
140|-272.986|-272.986
141|-272.986|-272.986
142|-272.986|-272.986
143|-272.986|-272.986
144|-272.986|-272.986
145|-272.986|-272.986
146|-272.986|-272.986
147|-272.986|-272.986
148|-272.986|-272.986
149|-272.986|-272.986
150|-272.986|-272.986
151|-272.986|-272.986
EARLY STOP: TARGET FOUND
84632ms
