1|255.394|255.394
2|255.394|255.394
3|255.394|255.394
4|255.394|255.394
5|255.394|255.394
6|255.394|255.394
7|255.394|255.394
8|255.394|255.394
9|255.394|255.394
10|255.394|255.394
11|255.394|255.394
12|255.394|255.394
13|255.394|255.394
14|255.394|255.394
15|255.394|255.394
16|255.394|255.394
17|255.394|255.394
18|255.394|255.394
19|255.394|255.394
20|255.394|255.394
21|255.394|255.394
22|255.394|255.394
23|255.394|255.394
24|255.394|255.394
25|255.394|255.394
26|255.394|255.394
27|255.394|255.394
28|255.394|255.394
29|255.394|255.394
30|255.394|255.394
31|255.394|255.394
32|255.394|255.394
33|255.394|255.394
34|255.394|255.394
35|255.394|255.394
36|255.394|255.394
37|255.394|255.394
38|255.394|255.394
39|255.394|255.394
40|255.394|255.394
41|255.394|255.394
42|255.394|255.394
43|255.394|255.394
44|255.394|255.394
45|255.394|255.394
46|255.394|255.394
47|255.394|255.394
48|255.394|255.394
49|255.394|255.394
50|255.394|255.394
51|255.394|255.394
52|255.394|255.394
53|255.394|255.394
54|255.394|255.394
55|255.394|255.394
56|255.394|255.394
57|255.394|255.394
58|255.394|255.394
59|255.394|255.394
60|255.394|255.394
61|255.394|255.394
62|255.394|255.394
63|255.394|255.394
64|255.394|255.394
65|255.394|255.394
66|255.394|255.394
67|255.394|255.394
68|255.394|255.394
69|255.394|255.394
70|255.394|255.394
71|255.394|255.394
72|255.394|255.394
73|255.394|255.394
74|255.394|255.394
75|255.394|255.394
76|255.394|255.394
77|255.394|255.394
78|255.394|255.394
79|255.394|255.394
80|255.394|255.394
81|255.394|255.394
82|255.394|255.394
83|255.394|255.394
84|255.394|255.394
85|255.394|255.394
86|255.394|255.394
87|255.394|255.394
88|255.394|255.394
89|255.394|255.394
90|255.394|255.394
91|255.394|255.394
92|255.394|255.394
93|255.394|255.394
94|255.394|255.394
95|255.394|255.394
96|255.394|255.394
97|255.394|255.394
98|255.394|255.394
99|255.394|255.394
100|255.394|255.394
101|255.394|255.394
102|255.394|255.394
103|255.394|255.394
104|255.394|255.394
105|255.394|255.394
106|255.394|255.394
107|255.394|255.394
108|255.394|255.394
109|255.394|255.394
110|255.394|255.394
111|255.394|255.394
112|255.394|255.394
113|255.394|255.394
114|255.394|255.394
115|255.394|255.394
116|255.394|255.394
117|255.394|255.394
118|255.394|255.394
119|255.394|255.394
120|255.394|255.394
121|255.394|255.394
122|255.394|255.394
123|255.394|255.394
124|255.394|255.394
125|255.394|255.394
126|255.394|255.394
127|255.394|255.394
128|255.394|255.394
129|255.394|255.394
130|255.394|255.394
131|255.394|255.394
132|255.394|255.394
133|255.394|255.394
134|255.394|255.394
135|255.394|255.394
136|255.394|255.394
137|255.394|255.394
138|255.394|255.394
139|255.394|255.394
140|255.394|255.394
141|255.394|255.394
142|255.394|255.394
143|255.394|255.394
144|255.394|255.394
145|255.394|255.394
146|255.394|255.394
147|255.394|255.394
148|255.394|255.394
149|255.394|255.394
150|255.394|255.394
151|255.394|255.394
EARLY STOP: TARGET FOUND
1712624ms
