1|-4.90761|-4.90761
2|-4.90761|-4.90761
3|-4.90761|-4.90761
4|-4.90761|-4.90761
5|-4.90761|-4.90761
6|-4.90761|-4.90761
7|-4.90761|-4.90761
8|-4.90761|-4.90761
9|-4.90761|-4.90761
10|-4.90761|-4.90761
11|-4.90761|-4.90761
12|-4.90761|-4.90761
13|-4.90761|-4.90761
14|-4.90761|-4.90761
15|-4.90761|-4.90761
16|-4.90761|-4.90761
17|-4.90761|-4.90761
18|-4.90761|-4.90761
19|-4.90761|-4.90761
20|-4.90761|-4.90761
21|-4.90761|-4.90761
22|-4.90761|-4.90761
23|-4.90761|-4.90761
24|-4.90761|-4.90761
25|-4.90761|-4.90761
26|-4.90761|-4.90761
27|-4.90761|-4.90761
28|-4.90761|-4.90761
29|-4.90761|-4.90761
30|-4.90761|-4.90761
31|-4.90761|-4.90761
32|-4.90761|-4.90761
33|-4.90761|-4.90761
34|-4.90761|-4.90761
35|-4.90761|-4.90761
36|-4.90761|-4.90761
37|-4.90761|-4.90761
38|-4.90761|-4.90761
39|-4.90761|-4.90761
40|-4.90761|-4.90761
41|-4.90761|-4.90761
42|-4.90761|-4.90761
43|-4.90761|-4.90761
44|-4.90761|-4.90761
45|-4.90761|-4.90761
46|-4.90761|-4.90761
47|-4.90761|-4.90761
48|-4.90761|-4.90761
49|-4.90761|-4.90761
50|-4.90761|-4.90761
51|-4.90761|-4.90761
52|-4.90761|-4.90761
53|-4.90761|-4.90761
54|-4.90761|-4.90761
55|-4.90761|-4.90761
56|-4.90761|-4.90761
57|-4.90761|-4.90761
58|-4.90761|-4.90761
59|-4.90761|-4.90761
60|-4.90761|-4.90761
61|-4.90761|-4.90761
62|-4.90761|-4.90761
63|-4.90761|-4.90761
64|-4.90761|-4.90761
65|-4.90761|-4.90761
66|-4.90761|-4.90761
67|-4.90761|-4.90761
68|-4.90761|-4.90761
69|-4.90761|-4.90761
70|-4.90761|-4.90761
71|-4.90761|-4.90761
72|-4.90761|-4.90761
73|-4.90761|-4.90761
74|-4.90761|-4.90761
75|-4.90761|-4.90761
76|-4.90761|-4.90761
77|-4.90761|-4.90761
78|-4.90761|-4.90761
79|-4.90761|-4.90761
80|-4.90761|-4.90761
81|-4.90761|-4.90761
82|-4.90761|-4.90761
83|-4.90761|-4.90761
84|-4.90761|-4.90761
85|-4.90761|-4.90761
86|-4.90761|-4.90761
87|-4.90761|-4.90761
88|-4.90761|-4.90761
89|-4.90761|-4.90761
90|-4.90761|-4.90761
91|-4.90761|-4.90761
92|-4.90761|-4.90761
93|-4.90761|-4.90761
94|-4.90761|-4.90761
95|-4.90761|-4.90761
96|-4.90761|-4.90761
97|-4.90761|-4.90761
98|-4.90761|-4.90761
99|-4.90761|-4.90761
100|-4.90761|-4.90761
101|-4.90761|-4.90761
102|-4.90761|-4.90761
103|-4.90761|-4.90761
104|-4.90761|-4.90761
105|-4.90761|-4.90761
106|-4.90761|-4.90761
107|-4.90761|-4.90761
108|-4.90761|-4.90761
109|-4.90761|-4.90761
110|-4.90761|-4.90761
111|-4.90761|-4.90761
112|-4.90761|-4.90761
113|-4.90761|-4.90761
114|-4.90761|-4.90761
115|-4.90761|-4.90761
116|-4.90761|-4.90761
117|-4.90761|-4.90761
118|-4.90761|-4.90761
119|-4.90761|-4.90761
120|-4.90761|-4.90761
121|-4.90761|-4.90761
122|-4.90761|-4.90761
123|-4.90761|-4.90761
124|-4.90761|-4.90761
125|-4.90761|-4.90761
126|-4.90761|-4.90761
127|-4.90761|-4.90761
128|-4.90761|-4.90761
129|-4.90761|-4.90761
130|-4.90761|-4.90761
131|-4.90761|-4.90761
132|-4.90761|-4.90761
133|-4.90761|-4.90761
134|-4.90761|-4.90761
135|-4.90761|-4.90761
136|-4.90761|-4.90761
137|-4.90761|-4.90761
138|-4.90761|-4.90761
139|-4.90761|-4.90761
140|-4.90761|-4.90761
141|-4.90761|-4.90761
142|-4.90761|-4.90761
143|-4.90761|-4.90761
144|-4.90761|-4.90761
145|-4.90761|-4.90761
146|-4.90761|-4.90761
147|-4.90761|-4.90761
148|-4.90761|-4.90761
149|-4.90761|-4.90761
150|-4.90761|-4.90761
151|-4.90761|-4.90761
EARLY STOP: TARGET FOUND
1758104ms
