1|202.881|202.881
2|202.881|202.881
3|202.881|202.881
4|202.881|202.881
5|202.881|202.881
6|202.881|202.881
7|202.881|202.881
8|202.881|202.881
9|202.881|202.881
10|202.881|202.881
11|202.881|202.881
12|202.881|202.881
13|202.881|202.881
14|202.881|202.881
15|202.881|202.881
16|202.881|202.881
17|202.881|202.881
18|202.881|202.881
19|202.881|202.881
20|202.881|202.881
21|202.881|202.881
22|202.881|202.881
23|202.881|202.881
24|202.881|202.881
25|202.881|202.881
26|202.881|202.881
27|202.881|202.881
28|202.881|202.881
29|202.881|202.881
30|202.881|202.881
31|202.881|202.881
32|202.881|202.881
33|202.881|202.881
34|202.881|202.881
35|202.881|202.881
36|202.881|202.881
37|202.881|202.881
38|202.881|202.881
39|202.881|202.881
40|202.881|202.881
41|202.881|202.881
42|202.881|202.881
43|202.881|202.881
44|202.881|202.881
45|202.881|202.881
46|202.881|202.881
47|202.881|202.881
48|202.881|202.881
49|202.881|202.881
50|202.881|202.881
51|202.881|202.881
52|202.881|202.881
53|202.881|202.881
54|202.881|202.881
55|202.881|202.881
56|202.881|202.881
57|202.881|202.881
58|202.881|202.881
59|202.881|202.881
60|202.881|202.881
61|202.881|202.881
62|202.881|202.881
63|202.881|202.881
64|202.881|202.881
65|202.881|202.881
66|202.881|202.881
67|202.881|202.881
68|202.881|202.881
69|202.881|202.881
70|202.881|202.881
71|202.881|202.881
72|202.881|202.881
73|202.881|202.881
74|202.881|202.881
75|202.881|202.881
76|202.881|202.881
77|202.881|202.881
78|202.881|202.881
79|202.881|202.881
80|202.881|202.881
81|202.881|202.881
82|202.881|202.881
83|202.881|202.881
84|202.881|202.881
85|202.881|202.881
86|202.881|202.881
87|202.881|202.881
88|202.881|202.881
89|202.881|202.881
90|202.881|202.881
91|202.881|202.881
92|202.881|202.881
93|202.881|202.881
94|202.881|202.881
95|202.881|202.881
96|202.881|202.881
97|202.881|202.881
98|202.881|202.881
99|202.881|202.881
100|202.881|202.881
101|202.881|202.881
102|202.881|202.881
103|202.881|202.881
104|202.881|202.881
105|202.881|202.881
106|202.881|202.881
107|202.881|202.881
108|202.881|202.881
109|202.881|202.881
110|202.881|202.881
111|202.881|202.881
112|202.881|202.881
113|202.881|202.881
114|202.881|202.881
115|202.881|202.881
116|202.881|202.881
117|202.881|202.881
118|202.881|202.881
119|202.881|202.881
120|202.881|202.881
121|202.881|202.881
122|202.881|202.881
123|202.881|202.881
124|202.881|202.881
125|202.881|202.881
126|202.881|202.881
127|202.881|202.881
128|202.881|202.881
129|202.881|202.881
130|202.881|202.881
131|202.881|202.881
132|202.881|202.881
133|202.881|202.881
134|202.881|202.881
135|202.881|202.881
136|202.881|202.881
137|202.881|202.881
138|202.881|202.881
139|202.881|202.881
140|202.881|202.881
141|202.881|202.881
142|202.881|202.881
143|202.881|202.881
144|202.881|202.881
145|202.881|202.881
146|202.881|202.881
147|202.881|202.881
148|202.881|202.881
149|202.881|202.881
150|202.881|202.881
151|202.881|202.881
EARLY STOP: TARGET FOUND
1728398ms
