1|-972.42|-972.42
2|-972.42|-972.42
3|-972.42|-972.42
4|-972.42|-972.42
5|-972.42|-972.42
6|-972.42|-972.42
7|-972.42|-972.42
8|-972.42|-972.42
9|-972.42|-972.42
10|-972.42|-972.42
11|-972.42|-972.42
12|-972.42|-972.42
13|-972.42|-972.42
14|-972.42|-972.42
15|-972.42|-972.42
16|-972.42|-972.42
17|-972.42|-972.42
18|-972.42|-972.42
19|-972.42|-972.42
20|-972.42|-972.42
21|-972.42|-972.42
22|-972.42|-972.42
23|-972.42|-972.42
24|-972.42|-972.42
25|-972.42|-972.42
26|-972.42|-972.42
27|-972.42|-972.42
28|-972.42|-972.42
29|-972.42|-972.42
30|-972.42|-972.42
31|-972.42|-972.42
32|-972.42|-972.42
33|-972.42|-972.42
34|-972.42|-972.42
35|-972.42|-972.42
36|-972.42|-972.42
37|-972.42|-972.42
38|-972.42|-972.42
39|-972.42|-972.42
40|-972.42|-972.42
41|-972.42|-972.42
42|-972.42|-972.42
43|-972.42|-972.42
44|-972.42|-972.42
45|-972.42|-972.42
46|-972.42|-972.42
47|-972.42|-972.42
48|-972.42|-972.42
49|-972.42|-972.42
50|-972.42|-972.42
51|-972.42|-972.42
52|-972.42|-972.42
53|-972.42|-972.42
54|-972.42|-972.42
55|-972.42|-972.42
56|-972.42|-972.42
57|-972.42|-972.42
58|-972.42|-972.42
59|-972.42|-972.42
60|-972.42|-972.42
61|-972.42|-972.42
62|-972.42|-972.42
63|-972.42|-972.42
64|-972.42|-972.42
65|-972.42|-972.42
66|-972.42|-972.42
67|-972.42|-972.42
68|-972.42|-972.42
69|-972.42|-972.42
70|-972.42|-972.42
71|-972.42|-972.42
72|-972.42|-972.42
73|-972.42|-972.42
74|-972.42|-972.42
75|-972.42|-972.42
76|-972.42|-972.42
77|-972.42|-972.42
78|-972.42|-972.42
79|-972.42|-972.42
80|-972.42|-972.42
81|-972.42|-972.42
82|-972.42|-972.42
83|-972.42|-972.42
84|-972.42|-972.42
85|-972.42|-972.42
86|-972.42|-972.42
87|-972.42|-972.42
88|-972.42|-972.42
89|-972.42|-972.42
90|-972.42|-972.42
91|-972.42|-972.42
92|-972.42|-972.42
93|-972.42|-972.42
94|-972.42|-972.42
95|-972.42|-972.42
96|-972.42|-972.42
97|-972.42|-972.42
98|-972.42|-972.42
99|-972.42|-972.42
100|-972.42|-972.42
101|-972.42|-972.42
102|-972.42|-972.42
103|-972.42|-972.42
104|-972.42|-972.42
105|-972.42|-972.42
106|-972.42|-972.42
107|-972.42|-972.42
108|-972.42|-972.42
109|-972.42|-972.42
110|-972.42|-972.42
111|-972.42|-972.42
112|-972.42|-972.42
113|-972.42|-972.42
114|-972.42|-972.42
115|-972.42|-972.42
116|-972.42|-972.42
117|-972.42|-972.42
118|-972.42|-972.42
119|-972.42|-972.42
120|-972.42|-972.42
121|-972.42|-972.42
122|-972.42|-972.42
123|-972.42|-972.42
124|-972.42|-972.42
125|-972.42|-972.42
126|-972.42|-972.42
127|-972.42|-972.42
128|-972.42|-972.42
129|-972.42|-972.42
130|-972.42|-972.42
131|-972.42|-972.42
132|-972.42|-972.42
133|-972.42|-972.42
134|-972.42|-972.42
135|-972.42|-972.42
136|-972.42|-972.42
137|-972.42|-972.42
138|-972.42|-972.42
139|-972.42|-972.42
140|-972.42|-972.42
141|-972.42|-972.42
142|-972.42|-972.42
143|-972.42|-972.42
144|-972.42|-972.42
145|-972.42|-972.42
146|-972.42|-972.42
147|-972.42|-972.42
148|-972.42|-972.42
149|-972.42|-972.42
150|-972.42|-972.42
151|-972.42|-972.42
EARLY STOP: TARGET FOUND
2525011ms
