1|1162.22|1162.22
2|1162.22|1162.22
3|1162.22|1162.22
4|1162.22|1162.22
5|1162.22|1162.22
6|1162.22|1162.22
7|1162.22|1162.22
8|1162.22|1162.22
9|1162.22|1162.22
10|1162.22|1162.22
11|1162.22|1162.22
12|1162.22|1162.22
13|1162.22|1162.22
14|1162.22|1162.22
15|1162.22|1162.22
16|1162.22|1162.22
17|1162.22|1162.22
18|1162.22|1162.22
19|1162.22|1162.22
20|1162.22|1162.22
21|1162.22|1162.22
22|1162.22|1162.22
23|1162.22|1162.22
24|1162.22|1162.22
25|1162.22|1162.22
26|1162.22|1162.22
27|1162.22|1162.22
28|1162.22|1162.22
29|1162.22|1162.22
30|1162.22|1162.22
31|1162.22|1162.22
32|1162.22|1162.22
33|1162.22|1162.22
34|1162.22|1162.22
35|1162.22|1162.22
36|1162.22|1162.22
37|1162.22|1162.22
38|1162.22|1162.22
39|1162.22|1162.22
40|1162.22|1162.22
41|1162.22|1162.22
42|1162.22|1162.22
43|1162.22|1162.22
44|1162.22|1162.22
45|1162.22|1162.22
46|1162.22|1162.22
47|1162.22|1162.22
48|1162.22|1162.22
49|1162.22|1162.22
50|1162.22|1162.22
51|1162.22|1162.22
52|1162.22|1162.22
53|1162.22|1162.22
54|1162.22|1162.22
55|1162.22|1162.22
56|1162.22|1162.22
57|1162.22|1162.22
58|1162.22|1162.22
59|1162.22|1162.22
60|1162.22|1162.22
61|1162.22|1162.22
62|1162.22|1162.22
63|1162.22|1162.22
64|1162.22|1162.22
65|1162.22|1162.22
66|1162.22|1162.22
67|1162.22|1162.22
68|1162.22|1162.22
69|1162.22|1162.22
70|1162.22|1162.22
71|1162.22|1162.22
72|1162.22|1162.22
73|1162.22|1162.22
74|1162.22|1162.22
75|1162.22|1162.22
76|1162.22|1162.22
77|1162.22|1162.22
78|1162.22|1162.22
79|1162.22|1162.22
80|1162.22|1162.22
81|1162.22|1162.22
82|1162.22|1162.22
83|1162.22|1162.22
84|1162.22|1162.22
85|1162.22|1162.22
86|1162.22|1162.22
87|1162.22|1162.22
88|1162.22|1162.22
89|1162.22|1162.22
90|1162.22|1162.22
91|1162.22|1162.22
92|1162.22|1162.22
93|1162.22|1162.22
94|1162.22|1162.22
95|1162.22|1162.22
96|1162.22|1162.22
97|1162.22|1162.22
98|1162.22|1162.22
99|1162.22|1162.22
100|1162.22|1162.22
101|1162.22|1162.22
102|1162.22|1162.22
103|1162.22|1162.22
104|1162.22|1162.22
105|1162.22|1162.22
106|1162.22|1162.22
107|1162.22|1162.22
108|1162.22|1162.22
109|1162.22|1162.22
110|1162.22|1162.22
111|1162.22|1162.22
112|1162.22|1162.22
113|1162.22|1162.22
114|1162.22|1162.22
115|1162.22|1162.22
116|1162.22|1162.22
117|1162.22|1162.22
118|1162.22|1162.22
119|1162.22|1162.22
120|1162.22|1162.22
121|1162.22|1162.22
122|1162.22|1162.22
123|1162.22|1162.22
124|1162.22|1162.22
125|1162.22|1162.22
126|1162.22|1162.22
127|1162.22|1162.22
128|1162.22|1162.22
129|1162.22|1162.22
130|1162.22|1162.22
131|1162.22|1162.22
132|1162.22|1162.22
133|1162.22|1162.22
134|1162.22|1162.22
135|1162.22|1162.22
136|1162.22|1162.22
137|1162.22|1162.22
138|1162.22|1162.22
139|1162.22|1162.22
140|1162.22|1162.22
141|1162.22|1162.22
142|1162.22|1162.22
143|1162.22|1162.22
144|1162.22|1162.22
145|1162.22|1162.22
146|1162.22|1162.22
147|1162.22|1162.22
148|1162.22|1162.22
149|1162.22|1162.22
150|1162.22|1162.22
151|1162.22|1162.22
EARLY STOP: TARGET FOUND
2536413ms
