1|-1.07311|-1.07311
2|-1.07311|-1.07311
3|-1.07311|-1.07311
4|-1.07311|-1.07311
5|-1.07311|-1.07311
6|-1.07311|-1.07311
7|-1.07311|-1.07311
8|-1.07311|-1.07311
9|-1.07311|-1.07311
10|-1.07311|-1.07311
11|-1.07311|-1.07311
12|-1.07311|-1.07311
13|-1.07311|-1.07311
14|-1.07311|-1.07311
15|-1.07311|-1.07311
16|-1.07311|-1.07311
17|-1.07311|-1.07311
18|-1.07311|-1.07311
19|-1.07311|-1.07311
20|-1.07311|-1.07311
21|-1.07311|-1.07311
22|-1.07311|-1.07311
23|-1.07311|-1.07311
24|-1.07311|-1.07311
25|-1.07311|-1.07311
26|-1.07311|-1.07311
27|-1.07311|-1.07311
28|-1.07311|-1.07311
29|-1.07311|-1.07311
30|-1.07311|-1.07311
31|-1.07311|-1.07311
32|-1.07311|-1.07311
33|-1.07311|-1.07311
34|-1.07311|-1.07311
35|-1.07311|-1.07311
36|-1.07311|-1.07311
37|-1.07311|-1.07311
38|-1.07311|-1.07311
39|-1.07311|-1.07311
40|-1.07311|-1.07311
41|-1.07311|-1.07311
42|-1.07311|-1.07311
43|-1.07311|-1.07311
44|-1.07311|-1.07311
45|-1.07311|-1.07311
46|-1.07311|-1.07311
47|-1.07311|-1.07311
48|-1.07311|-1.07311
49|-1.07311|-1.07311
50|-1.07311|-1.07311
51|-1.07311|-1.07311
52|-1.07311|-1.07311
53|-1.07311|-1.07311
54|-1.07311|-1.07311
55|-1.07311|-1.07311
56|-1.07311|-1.07311
57|-1.07311|-1.07311
58|-1.07311|-1.07311
59|-1.07311|-1.07311
60|-1.07311|-1.07311
61|-1.07311|-1.07311
62|-1.07311|-1.07311
63|-1.07311|-1.07311
64|-1.07311|-1.07311
65|-1.07311|-1.07311
66|-1.07311|-1.07311
67|-1.07311|-1.07311
68|-1.07311|-1.07311
69|-1.07311|-1.07311
70|-1.07311|-1.07311
71|-1.07311|-1.07311
72|-1.07311|-1.07311
73|-1.07311|-1.07311
74|-1.07311|-1.07311
75|-1.07311|-1.07311
76|-1.07311|-1.07311
77|-1.07311|-1.07311
78|-1.07311|-1.07311
79|-1.07311|-1.07311
80|-1.07311|-1.07311
81|-1.07311|-1.07311
82|-1.07311|-1.07311
83|-1.07311|-1.07311
84|-1.07311|-1.07311
85|-1.07311|-1.07311
86|-1.07311|-1.07311
87|-1.07311|-1.07311
88|-1.07311|-1.07311
89|-1.07311|-1.07311
90|-1.07311|-1.07311
91|-1.07311|-1.07311
92|-1.07311|-1.07311
93|-1.07311|-1.07311
94|-1.07311|-1.07311
95|-1.07311|-1.07311
96|-1.07311|-1.07311
97|-1.07311|-1.07311
98|-1.07311|-1.07311
99|-1.07311|-1.07311
100|-1.07311|-1.07311
101|-1.07311|-1.07311
102|-1.07311|-1.07311
103|-1.07311|-1.07311
104|-1.07311|-1.07311
105|-1.07311|-1.07311
106|-1.07311|-1.07311
107|-1.07311|-1.07311
108|-1.07311|-1.07311
109|-1.07311|-1.07311
110|-1.07311|-1.07311
111|-1.07311|-1.07311
112|-1.07311|-1.07311
113|-1.07311|-1.07311
114|-1.07311|-1.07311
115|-1.07311|-1.07311
116|-1.07311|-1.07311
117|-1.07311|-1.07311
118|-1.07311|-1.07311
119|-1.07311|-1.07311
120|-1.07311|-1.07311
121|-1.07311|-1.07311
122|-1.07311|-1.07311
123|-1.07311|-1.07311
124|-1.07311|-1.07311
125|-1.07311|-1.07311
126|-1.07311|-1.07311
127|-1.07311|-1.07311
128|-1.07311|-1.07311
129|-1.07311|-1.07311
130|-1.07311|-1.07311
131|-1.07311|-1.07311
132|-1.07311|-1.07311
133|-1.07311|-1.07311
134|-1.07311|-1.07311
135|-1.07311|-1.07311
136|-1.07311|-1.07311
137|-1.07311|-1.07311
138|-1.07311|-1.07311
139|-1.07311|-1.07311
140|-1.07311|-1.07311
141|-1.07311|-1.07311
142|-1.07311|-1.07311
143|-1.07311|-1.07311
144|-1.07311|-1.07311
145|-1.07311|-1.07311
146|-1.07311|-1.07311
147|-1.07311|-1.07311
148|-1.07311|-1.07311
149|-1.07311|-1.07311
150|-1.07311|-1.07311
151|-1.07311|-1.07311
EARLY STOP: TARGET FOUND
58057ms
