1|95.2775|95.2775
2|95.2775|95.2775
3|95.2775|95.2775
4|95.2775|95.2775
5|95.2775|95.2775
6|95.2775|95.2775
7|95.2775|95.2775
8|95.2775|95.2775
9|95.2775|95.2775
10|95.2775|95.2775
11|95.2775|95.2775
12|95.2775|95.2775
13|95.2775|95.2775
14|95.2775|95.2775
15|95.2775|95.2775
16|95.2775|95.2775
17|95.2775|95.2775
18|95.2775|95.2775
19|95.2775|95.2775
20|95.2775|95.2775
21|95.2775|95.2775
22|95.2775|95.2775
23|95.2775|95.2775
24|95.2775|95.2775
25|95.2775|95.2775
26|95.2775|95.2775
27|95.2775|95.2775
28|95.2775|95.2775
29|95.2775|95.2775
30|95.2775|95.2775
31|95.2775|95.2775
32|95.2775|95.2775
33|95.2775|95.2775
34|95.2775|95.2775
35|95.2775|95.2775
36|95.2775|95.2775
37|95.2775|95.2775
38|95.2775|95.2775
39|95.2775|95.2775
40|95.2775|95.2775
41|95.2775|95.2775
42|95.2775|95.2775
43|95.2775|95.2775
44|95.2775|95.2775
45|95.2775|95.2775
46|95.2775|95.2775
47|95.2775|95.2775
48|95.2775|95.2775
49|95.2775|95.2775
50|95.2775|95.2775
51|95.2775|95.2775
52|95.2775|95.2775
53|95.2775|95.2775
54|95.2775|95.2775
55|95.2775|95.2775
56|95.2775|95.2775
57|95.2775|95.2775
58|95.2775|95.2775
59|95.2775|95.2775
60|95.2775|95.2775
61|95.2775|95.2775
62|95.2775|95.2775
63|95.2775|95.2775
64|95.2775|95.2775
65|95.2775|95.2775
66|95.2775|95.2775
67|95.2775|95.2775
68|95.2775|95.2775
69|95.2775|95.2775
70|95.2775|95.2775
71|95.2775|95.2775
72|95.2775|95.2775
73|95.2775|95.2775
74|95.2775|95.2775
75|95.2775|95.2775
76|95.2775|95.2775
77|95.2775|95.2775
78|95.2775|95.2775
79|95.2775|95.2775
80|95.2775|95.2775
81|95.2775|95.2775
82|95.2775|95.2775
83|95.2775|95.2775
84|95.2775|95.2775
85|95.2775|95.2775
86|95.2775|95.2775
87|95.2775|95.2775
88|95.2775|95.2775
89|95.2775|95.2775
90|95.2775|95.2775
91|95.2775|95.2775
92|95.2775|95.2775
93|95.2775|95.2775
94|95.2775|95.2775
95|95.2775|95.2775
96|95.2775|95.2775
97|95.2775|95.2775
98|95.2775|95.2775
99|95.2775|95.2775
100|95.2775|95.2775
101|95.2775|95.2775
102|95.2775|95.2775
103|95.2775|95.2775
104|95.2775|95.2775
105|95.2775|95.2775
106|95.2775|95.2775
107|95.2775|95.2775
108|95.2775|95.2775
109|95.2775|95.2775
110|95.2775|95.2775
111|95.2775|95.2775
112|95.2775|95.2775
113|95.2775|95.2775
114|95.2775|95.2775
115|95.2775|95.2775
116|95.2775|95.2775
117|95.2775|95.2775
118|95.2775|95.2775
119|95.2775|95.2775
120|95.2775|95.2775
121|95.2775|95.2775
122|95.2775|95.2775
123|95.2775|95.2775
124|95.2775|95.2775
125|95.2775|95.2775
126|95.2775|95.2775
127|95.2775|95.2775
128|95.2775|95.2775
129|95.2775|95.2775
130|95.2775|95.2775
131|95.2775|95.2775
132|95.2775|95.2775
133|95.2775|95.2775
134|95.2775|95.2775
135|95.2775|95.2775
136|95.2775|95.2775
137|95.2775|95.2775
138|95.2775|95.2775
139|95.2775|95.2775
140|95.2775|95.2775
141|95.2775|95.2775
142|95.2775|95.2775
143|95.2775|95.2775
144|95.2775|95.2775
145|95.2775|95.2775
146|95.2775|95.2775
147|95.2775|95.2775
148|95.2775|95.2775
149|95.2775|95.2775
150|95.2775|95.2775
151|95.2775|95.2775
EARLY STOP: TARGET FOUND
3030747ms
