1|-814.776|-814.776
2|-814.776|-814.776
3|-814.776|-814.776
4|-814.776|-814.776
5|-814.776|-814.776
6|-814.776|-814.776
7|-814.776|-814.776
8|-814.776|-814.776
9|-814.776|-814.776
10|-814.776|-814.776
11|-814.776|-814.776
12|-814.776|-814.776
13|-814.776|-814.776
14|-814.776|-814.776
15|-814.776|-814.776
16|-814.776|-814.776
17|-814.776|-814.776
18|-814.776|-814.776
19|-814.776|-814.776
20|-814.776|-814.776
21|-814.776|-814.776
22|-814.776|-814.776
23|-814.776|-814.776
24|-814.776|-814.776
25|-814.776|-814.776
26|-814.776|-814.776
27|-814.776|-814.776
28|-814.776|-814.776
29|-814.776|-814.776
30|-814.776|-814.776
31|-814.776|-814.776
32|-814.776|-814.776
33|-814.776|-814.776
34|-814.776|-814.776
35|-814.776|-814.776
36|-814.776|-814.776
37|-814.776|-814.776
38|-814.776|-814.776
39|-814.776|-814.776
40|-814.776|-814.776
41|-814.776|-814.776
42|-814.776|-814.776
43|-814.776|-814.776
44|-814.776|-814.776
45|-814.776|-814.776
46|-814.776|-814.776
47|-814.776|-814.776
48|-814.776|-814.776
49|-814.776|-814.776
50|-814.776|-814.776
51|-814.776|-814.776
52|-814.776|-814.776
53|-814.776|-814.776
54|-814.776|-814.776
55|-814.776|-814.776
56|-814.776|-814.776
57|-814.776|-814.776
58|-814.776|-814.776
59|-814.776|-814.776
60|-814.776|-814.776
61|-814.776|-814.776
62|-814.776|-814.776
63|-814.776|-814.776
64|-814.776|-814.776
65|-814.776|-814.776
66|-814.776|-814.776
67|-814.776|-814.776
68|-814.776|-814.776
69|-814.776|-814.776
70|-814.776|-814.776
71|-814.776|-814.776
72|-814.776|-814.776
73|-814.776|-814.776
74|-814.776|-814.776
75|-814.776|-814.776
76|-814.776|-814.776
77|-814.776|-814.776
78|-814.776|-814.776
79|-814.776|-814.776
80|-814.776|-814.776
81|-814.776|-814.776
82|-814.776|-814.776
83|-814.776|-814.776
84|-814.776|-814.776
85|-814.776|-814.776
86|-814.776|-814.776
87|-814.776|-814.776
88|-814.776|-814.776
89|-814.776|-814.776
90|-814.776|-814.776
91|-814.776|-814.776
92|-814.776|-814.776
93|-814.776|-814.776
94|-814.776|-814.776
95|-814.776|-814.776
96|-814.776|-814.776
97|-814.776|-814.776
98|-814.776|-814.776
99|-814.776|-814.776
100|-814.776|-814.776
101|-814.776|-814.776
102|-814.776|-814.776
103|-814.776|-814.776
104|-814.776|-814.776
105|-814.776|-814.776
106|-814.776|-814.776
107|-814.776|-814.776
108|-814.776|-814.776
109|-814.776|-814.776
110|-814.776|-814.776
111|-814.776|-814.776
112|-814.776|-814.776
113|-814.776|-814.776
114|-814.776|-814.776
115|-814.776|-814.776
116|-814.776|-814.776
117|-814.776|-814.776
118|-814.776|-814.776
119|-814.776|-814.776
120|-814.776|-814.776
121|-814.776|-814.776
122|-814.776|-814.776
123|-814.776|-814.776
124|-814.776|-814.776
125|-814.776|-814.776
126|-814.776|-814.776
127|-814.776|-814.776
128|-814.776|-814.776
129|-814.776|-814.776
130|-814.776|-814.776
131|-814.776|-814.776
132|-814.776|-814.776
133|-814.776|-814.776
134|-814.776|-814.776
135|-814.776|-814.776
136|-814.776|-814.776
137|-814.776|-814.776
138|-814.776|-814.776
139|-814.776|-814.776
140|-814.776|-814.776
141|-814.776|-814.776
142|-814.776|-814.776
143|-814.776|-814.776
144|-814.776|-814.776
145|-814.776|-814.776
146|-814.776|-814.776
147|-814.776|-814.776
148|-814.776|-814.776
149|-814.776|-814.776
150|-814.776|-814.776
151|-814.776|-814.776
EARLY STOP: TARGET FOUND
309559ms
