1|-2.48395|-2.48395
2|-2.48395|-2.48395
3|-2.48395|-2.48395
4|-2.48395|-2.48395
5|-2.48395|-2.48395
6|-2.48395|-2.48395
7|-2.48395|-2.48395
8|-2.48395|-2.48395
9|-2.48395|-2.48395
10|-2.48395|-2.48395
11|-2.48395|-2.48395
12|-2.48395|-2.48395
13|-2.48395|-2.48395
14|-2.48395|-2.48395
15|-2.48395|-2.48395
16|-2.48395|-2.48395
17|-2.48395|-2.48395
18|-2.48395|-2.48395
19|-2.48395|-2.48395
20|-2.48395|-2.48395
21|-2.48395|-2.48395
22|-2.48395|-2.48395
23|-2.48395|-2.48395
24|-2.48395|-2.48395
25|-2.48395|-2.48395
26|-2.48395|-2.48395
27|-2.48395|-2.48395
28|-2.48395|-2.48395
29|-2.48395|-2.48395
30|-2.48395|-2.48395
31|-2.48395|-2.48395
32|-2.48395|-2.48395
33|-2.48395|-2.48395
34|-2.48395|-2.48395
35|-2.48395|-2.48395
36|-2.48395|-2.48395
37|-2.48395|-2.48395
38|-2.48395|-2.48395
39|-2.48395|-2.48395
40|-2.48395|-2.48395
41|-2.48395|-2.48395
42|-2.48395|-2.48395
43|-2.48395|-2.48395
44|-2.48395|-2.48395
45|-2.48395|-2.48395
46|-2.48395|-2.48395
47|-2.48395|-2.48395
48|-2.48395|-2.48395
49|-2.48395|-2.48395
50|-2.48395|-2.48395
51|-2.48395|-2.48395
52|-2.48395|-2.48395
53|-2.48395|-2.48395
54|-2.48395|-2.48395
55|-2.48395|-2.48395
56|-2.48395|-2.48395
57|-2.48395|-2.48395
58|-2.48395|-2.48395
59|-2.48395|-2.48395
60|-2.48395|-2.48395
61|-2.48395|-2.48395
62|-2.48395|-2.48395
63|-2.48395|-2.48395
64|-2.48395|-2.48395
65|-2.48395|-2.48395
66|-2.48395|-2.48395
67|-2.48395|-2.48395
68|-2.48395|-2.48395
69|-2.48395|-2.48395
70|-2.48395|-2.48395
71|-2.48395|-2.48395
72|-2.48395|-2.48395
73|-2.48395|-2.48395
74|-2.48395|-2.48395
75|-2.48395|-2.48395
76|-2.48395|-2.48395
77|-2.48395|-2.48395
78|-2.48395|-2.48395
79|-2.48395|-2.48395
80|-2.48395|-2.48395
81|-2.48395|-2.48395
82|-2.48395|-2.48395
83|-2.48395|-2.48395
84|-2.48395|-2.48395
85|-2.48395|-2.48395
86|-2.48395|-2.48395
87|-2.48395|-2.48395
88|-2.48395|-2.48395
89|-2.48395|-2.48395
90|-2.48395|-2.48395
91|-2.48395|-2.48395
92|-2.48395|-2.48395
93|-2.48395|-2.48395
94|-2.48395|-2.48395
95|-2.48395|-2.48395
96|-2.48395|-2.48395
97|-2.48395|-2.48395
98|-2.48395|-2.48395
99|-2.48395|-2.48395
100|-2.48395|-2.48395
101|-2.48395|-2.48395
102|-2.48395|-2.48395
103|-2.48395|-2.48395
104|-2.48395|-2.48395
105|-2.48395|-2.48395
106|-2.48395|-2.48395
107|-2.48395|-2.48395
108|-2.48395|-2.48395
109|-2.48395|-2.48395
110|-2.48395|-2.48395
111|-2.48395|-2.48395
112|-2.48395|-2.48395
113|-2.48395|-2.48395
114|-2.48395|-2.48395
115|-2.48395|-2.48395
116|-2.48395|-2.48395
117|-2.48395|-2.48395
118|-2.48395|-2.48395
119|-2.48395|-2.48395
120|-2.48395|-2.48395
121|-2.48395|-2.48395
122|-2.48395|-2.48395
123|-2.48395|-2.48395
124|-2.48395|-2.48395
125|-2.48395|-2.48395
126|-2.48395|-2.48395
127|-2.48395|-2.48395
128|-2.48395|-2.48395
129|-2.48395|-2.48395
130|-2.48395|-2.48395
131|-2.48395|-2.48395
132|-2.48395|-2.48395
133|-2.48395|-2.48395
134|-2.48395|-2.48395
135|-2.48395|-2.48395
136|-2.48395|-2.48395
137|-2.48395|-2.48395
138|-2.48395|-2.48395
139|-2.48395|-2.48395
140|-2.48395|-2.48395
141|-2.48395|-2.48395
142|-2.48395|-2.48395
143|-2.48395|-2.48395
144|-2.48395|-2.48395
145|-2.48395|-2.48395
146|-2.48395|-2.48395
147|-2.48395|-2.48395
148|-2.48395|-2.48395
149|-2.48395|-2.48395
150|-2.48395|-2.48395
151|-2.48395|-2.48395
EARLY STOP: TARGET FOUND
206661ms
