1|-0.968891|-0.968891
2|-0.968891|-0.968891
3|-0.968891|-0.968891
4|-0.968891|-0.968891
5|-0.968891|-0.968891
6|-0.968891|-0.968891
7|-0.968891|-0.968891
8|-0.968891|-0.968891
9|-0.968891|-0.968891
10|-0.968891|-0.968891
11|-0.968891|-0.968891
12|-0.968891|-0.968891
13|-0.968891|-0.968891
14|-0.968891|-0.968891
15|-0.968891|-0.968891
16|-0.968891|-0.968891
17|-0.968891|-0.968891
18|-0.968891|-0.968891
19|-0.968891|-0.968891
20|-0.968891|-0.968891
21|-0.968891|-0.968891
22|-0.968891|-0.968891
23|-0.968891|-0.968891
24|-0.968891|-0.968891
25|-0.968891|-0.968891
26|-0.968891|-0.968891
27|-0.968891|-0.968891
28|-0.968891|-0.968891
29|-0.968891|-0.968891
30|-0.968891|-0.968891
31|-0.968891|-0.968891
32|-0.968891|-0.968891
33|-0.968891|-0.968891
34|-0.968891|-0.968891
35|-0.968891|-0.968891
36|-0.968891|-0.968891
37|-0.968891|-0.968891
38|-0.968891|-0.968891
39|-0.968891|-0.968891
40|-0.968891|-0.968891
41|-0.968891|-0.968891
42|-0.968891|-0.968891
43|-0.968891|-0.968891
44|-0.968891|-0.968891
45|-0.968891|-0.968891
46|-0.968891|-0.968891
47|-0.968891|-0.968891
48|-0.968891|-0.968891
49|-0.968891|-0.968891
50|-0.968891|-0.968891
51|-0.968891|-0.968891
52|-0.968891|-0.968891
53|-0.968891|-0.968891
54|-0.968891|-0.968891
55|-0.968891|-0.968891
56|-0.968891|-0.968891
57|-0.968891|-0.968891
58|-0.968891|-0.968891
59|-0.968891|-0.968891
60|-0.968891|-0.968891
61|-0.968891|-0.968891
62|-0.968891|-0.968891
63|-0.968891|-0.968891
64|-0.968891|-0.968891
65|-0.968891|-0.968891
66|-0.968891|-0.968891
67|-0.968891|-0.968891
68|-0.968891|-0.968891
69|-0.968891|-0.968891
70|-0.968891|-0.968891
71|-0.968891|-0.968891
72|-0.968891|-0.968891
73|-0.968891|-0.968891
74|-0.968891|-0.968891
75|-0.968891|-0.968891
76|-0.968891|-0.968891
77|-0.968891|-0.968891
78|-0.968891|-0.968891
79|-0.968891|-0.968891
80|-0.968891|-0.968891
81|-0.968891|-0.968891
82|-0.968891|-0.968891
83|-0.968891|-0.968891
84|-0.968891|-0.968891
85|-0.968891|-0.968891
86|-0.968891|-0.968891
87|-0.968891|-0.968891
88|-0.968891|-0.968891
89|-0.968891|-0.968891
90|-0.968891|-0.968891
91|-0.968891|-0.968891
92|-0.968891|-0.968891
93|-0.968891|-0.968891
94|-0.968891|-0.968891
95|-0.968891|-0.968891
96|-0.968891|-0.968891
97|-0.968891|-0.968891
98|-0.968891|-0.968891
99|-0.968891|-0.968891
100|-0.968891|-0.968891
101|-0.968891|-0.968891
102|-0.968891|-0.968891
103|-0.968891|-0.968891
104|-0.968891|-0.968891
105|-0.968891|-0.968891
106|-0.968891|-0.968891
107|-0.968891|-0.968891
108|-0.968891|-0.968891
109|-0.968891|-0.968891
110|-0.968891|-0.968891
111|-0.968891|-0.968891
112|-0.968891|-0.968891
113|-0.968891|-0.968891
114|-0.968891|-0.968891
115|-0.968891|-0.968891
116|-0.968891|-0.968891
117|-0.968891|-0.968891
118|-0.968891|-0.968891
119|-0.968891|-0.968891
120|-0.968891|-0.968891
121|-0.968891|-0.968891
122|-0.968891|-0.968891
123|-0.968891|-0.968891
124|-0.968891|-0.968891
125|-0.968891|-0.968891
126|-0.968891|-0.968891
127|-0.968891|-0.968891
128|-0.968891|-0.968891
129|-0.968891|-0.968891
130|-0.968891|-0.968891
131|-0.968891|-0.968891
132|-0.968891|-0.968891
133|-0.968891|-0.968891
134|-0.968891|-0.968891
135|-0.968891|-0.968891
136|-0.968891|-0.968891
137|-0.968891|-0.968891
138|-0.968891|-0.968891
139|-0.968891|-0.968891
140|-0.968891|-0.968891
141|-0.968891|-0.968891
142|-0.968891|-0.968891
143|-0.968891|-0.968891
144|-0.968891|-0.968891
145|-0.968891|-0.968891
146|-0.968891|-0.968891
147|-0.968891|-0.968891
148|-0.968891|-0.968891
149|-0.968891|-0.968891
150|-0.968891|-0.968891
151|-0.968891|-0.968891
EARLY STOP: TARGET FOUND
207291ms
