1|135.752|135.752
2|135.752|135.752
3|135.752|135.752
4|135.752|135.752
5|135.752|135.752
6|135.752|135.752
7|135.752|135.752
8|135.752|135.752
9|135.752|135.752
10|135.752|135.752
11|135.752|135.752
12|135.752|135.752
13|135.752|135.752
14|135.752|135.752
15|135.752|135.752
16|135.752|135.752
17|135.752|135.752
18|135.752|135.752
19|135.752|135.752
20|135.752|135.752
21|135.752|135.752
22|135.752|135.752
23|135.752|135.752
24|135.752|135.752
25|135.752|135.752
26|135.752|135.752
27|135.752|135.752
28|135.752|135.752
29|135.752|135.752
30|135.752|135.752
31|135.752|135.752
32|135.752|135.752
33|135.752|135.752
34|135.752|135.752
35|135.752|135.752
36|135.752|135.752
37|135.752|135.752
38|135.752|135.752
39|135.752|135.752
40|135.752|135.752
41|135.752|135.752
42|135.752|135.752
43|135.752|135.752
44|135.752|135.752
45|135.752|135.752
46|135.752|135.752
47|135.752|135.752
48|135.752|135.752
49|135.752|135.752
50|135.752|135.752
51|135.752|135.752
52|135.752|135.752
53|135.752|135.752
54|135.752|135.752
55|135.752|135.752
56|135.752|135.752
57|135.752|135.752
58|135.752|135.752
59|135.752|135.752
60|135.752|135.752
61|135.752|135.752
62|135.752|135.752
63|135.752|135.752
64|135.752|135.752
65|135.752|135.752
66|135.752|135.752
67|135.752|135.752
68|135.752|135.752
69|135.752|135.752
70|135.752|135.752
71|135.752|135.752
72|135.752|135.752
73|135.752|135.752
74|135.752|135.752
75|135.752|135.752
76|135.752|135.752
77|135.752|135.752
78|135.752|135.752
79|135.752|135.752
80|135.752|135.752
81|135.752|135.752
82|135.752|135.752
83|135.752|135.752
84|135.752|135.752
85|135.752|135.752
86|135.752|135.752
87|135.752|135.752
88|135.752|135.752
89|135.752|135.752
90|135.752|135.752
91|135.752|135.752
92|135.752|135.752
93|135.752|135.752
94|135.752|135.752
95|135.752|135.752
96|135.752|135.752
97|135.752|135.752
98|135.752|135.752
99|135.752|135.752
100|135.752|135.752
101|135.752|135.752
102|135.752|135.752
103|135.752|135.752
104|135.752|135.752
105|135.752|135.752
106|135.752|135.752
107|135.752|135.752
108|135.752|135.752
109|135.752|135.752
110|135.752|135.752
111|135.752|135.752
112|135.752|135.752
113|135.752|135.752
114|135.752|135.752
115|135.752|135.752
116|135.752|135.752
117|135.752|135.752
118|135.752|135.752
119|135.752|135.752
120|135.752|135.752
121|135.752|135.752
122|135.752|135.752
123|135.752|135.752
124|135.752|135.752
125|135.752|135.752
126|135.752|135.752
127|135.752|135.752
128|135.752|135.752
129|135.752|135.752
130|135.752|135.752
131|135.752|135.752
132|135.752|135.752
133|135.752|135.752
134|135.752|135.752
135|135.752|135.752
136|135.752|135.752
137|135.752|135.752
138|135.752|135.752
139|135.752|135.752
140|135.752|135.752
141|135.752|135.752
142|135.752|135.752
143|135.752|135.752
144|135.752|135.752
145|135.752|135.752
146|135.752|135.752
147|135.752|135.752
148|135.752|135.752
149|135.752|135.752
150|135.752|135.752
151|135.752|135.752
EARLY STOP: TARGET FOUND
59186ms
