1|52.1684|52.1684
2|52.1684|52.1684
3|52.1684|52.1684
4|52.1684|52.1684
5|52.1684|52.1684
6|52.1684|52.1684
7|52.1684|52.1684
8|52.1684|52.1684
9|52.1684|52.1684
10|52.1684|52.1684
11|52.1684|52.1684
12|52.1684|52.1684
13|52.1684|52.1684
14|52.1684|52.1684
15|52.1684|52.1684
16|52.1684|52.1684
17|52.1684|52.1684
18|52.1684|52.1684
19|52.1684|52.1684
20|52.1684|52.1684
21|52.1684|52.1684
22|52.1684|52.1684
23|52.1684|52.1684
24|52.1684|52.1684
25|52.1684|52.1684
26|52.1684|52.1684
27|52.1684|52.1684
28|52.1684|52.1684
29|52.1684|52.1684
30|52.1684|52.1684
31|52.1684|52.1684
32|52.1684|52.1684
33|52.1684|52.1684
34|52.1684|52.1684
35|52.1684|52.1684
36|52.1684|52.1684
37|52.1684|52.1684
38|52.1684|52.1684
39|52.1684|52.1684
40|52.1684|52.1684
41|52.1684|52.1684
42|52.1684|52.1684
43|52.1684|52.1684
44|52.1684|52.1684
45|52.1684|52.1684
46|52.1684|52.1684
47|52.1684|52.1684
48|52.1684|52.1684
49|52.1684|52.1684
50|52.1684|52.1684
51|52.1684|52.1684
52|52.1684|52.1684
53|52.1684|52.1684
54|52.1684|52.1684
55|52.1684|52.1684
56|52.1684|52.1684
57|52.1684|52.1684
58|52.1684|52.1684
59|52.1684|52.1684
60|52.1684|52.1684
61|52.1684|52.1684
62|52.1684|52.1684
63|52.1684|52.1684
64|52.1684|52.1684
65|52.1684|52.1684
66|52.1684|52.1684
67|52.1684|52.1684
68|52.1684|52.1684
69|52.1684|52.1684
70|52.1684|52.1684
71|52.1684|52.1684
72|52.1684|52.1684
73|52.1684|52.1684
74|52.1684|52.1684
75|52.1684|52.1684
76|52.1684|52.1684
77|52.1684|52.1684
78|52.1684|52.1684
79|52.1684|52.1684
80|52.1684|52.1684
81|52.1684|52.1684
82|52.1684|52.1684
83|52.1684|52.1684
84|52.1684|52.1684
85|52.1684|52.1684
86|52.1684|52.1684
87|52.1684|52.1684
88|52.1684|52.1684
89|52.1684|52.1684
90|52.1684|52.1684
91|52.1684|52.1684
92|52.1684|52.1684
93|52.1684|52.1684
94|52.1684|52.1684
95|52.1684|52.1684
96|52.1684|52.1684
97|52.1684|52.1684
98|52.1684|52.1684
99|52.1684|52.1684
100|52.1684|52.1684
101|52.1684|52.1684
102|52.1684|52.1684
103|52.1684|52.1684
104|52.1684|52.1684
105|52.1684|52.1684
106|52.1684|52.1684
107|52.1684|52.1684
108|52.1684|52.1684
109|52.1684|52.1684
110|52.1684|52.1684
111|52.1684|52.1684
112|52.1684|52.1684
113|52.1684|52.1684
114|52.1684|52.1684
115|52.1684|52.1684
116|52.1684|52.1684
117|52.1684|52.1684
118|52.1684|52.1684
119|52.1684|52.1684
120|52.1684|52.1684
121|52.1684|52.1684
122|52.1684|52.1684
123|52.1684|52.1684
124|52.1684|52.1684
125|52.1684|52.1684
126|52.1684|52.1684
127|52.1684|52.1684
128|52.1684|52.1684
129|52.1684|52.1684
130|52.1684|52.1684
131|52.1684|52.1684
132|52.1684|52.1684
133|52.1684|52.1684
134|52.1684|52.1684
135|52.1684|52.1684
136|52.1684|52.1684
137|52.1684|52.1684
138|52.1684|52.1684
139|52.1684|52.1684
140|52.1684|52.1684
141|52.1684|52.1684
142|52.1684|52.1684
143|52.1684|52.1684
144|52.1684|52.1684
145|52.1684|52.1684
146|52.1684|52.1684
147|52.1684|52.1684
148|52.1684|52.1684
149|52.1684|52.1684
150|52.1684|52.1684
151|52.1684|52.1684
EARLY STOP: TARGET FOUND
59279ms
