1|-1.48378|-1.48378
2|-1.48378|-1.48378
3|-1.48378|-1.48378
4|-1.48378|-1.48378
5|-1.48378|-1.48378
6|-1.48378|-1.48378
7|-1.48378|-1.48378
8|-1.48378|-1.48378
9|-1.48378|-1.48378
10|-1.48378|-1.48378
11|-1.48378|-1.48378
12|-1.48378|-1.48378
13|-1.48378|-1.48378
14|-1.48378|-1.48378
15|-1.48378|-1.48378
16|-1.48378|-1.48378
17|-1.48378|-1.48378
18|-1.48378|-1.48378
19|-1.48378|-1.48378
20|-1.48378|-1.48378
21|-1.48378|-1.48378
22|-1.48378|-1.48378
23|-1.48378|-1.48378
24|-1.48378|-1.48378
25|-1.48378|-1.48378
26|-1.48378|-1.48378
27|-1.48378|-1.48378
28|-1.48378|-1.48378
29|-1.48378|-1.48378
30|-1.48378|-1.48378
31|-1.48378|-1.48378
32|-1.48378|-1.48378
33|-1.48378|-1.48378
34|-1.48378|-1.48378
35|-1.48378|-1.48378
36|-1.48378|-1.48378
37|-1.48378|-1.48378
38|-1.48378|-1.48378
39|-1.48378|-1.48378
40|-1.48378|-1.48378
41|-1.48378|-1.48378
42|-1.48378|-1.48378
43|-1.48378|-1.48378
44|-1.48378|-1.48378
45|-1.48378|-1.48378
46|-1.48378|-1.48378
47|-1.48378|-1.48378
48|-1.48378|-1.48378
49|-1.48378|-1.48378
50|-1.48378|-1.48378
51|-1.48378|-1.48378
52|-1.48378|-1.48378
53|-1.48378|-1.48378
54|-1.48378|-1.48378
55|-1.48378|-1.48378
56|-1.48378|-1.48378
57|-1.48378|-1.48378
58|-1.48378|-1.48378
59|-1.48378|-1.48378
60|-1.48378|-1.48378
61|-1.48378|-1.48378
62|-1.48378|-1.48378
63|-1.48378|-1.48378
64|-1.48378|-1.48378
65|-1.48378|-1.48378
66|-1.48378|-1.48378
67|-1.48378|-1.48378
68|-1.48378|-1.48378
69|-1.48378|-1.48378
70|-1.48378|-1.48378
71|-1.48378|-1.48378
72|-1.48378|-1.48378
73|-1.48378|-1.48378
74|-1.48378|-1.48378
75|-1.48378|-1.48378
76|-1.48378|-1.48378
77|-1.48378|-1.48378
78|-1.48378|-1.48378
79|-1.48378|-1.48378
80|-1.48378|-1.48378
81|-1.48378|-1.48378
82|-1.48378|-1.48378
83|-1.48378|-1.48378
84|-1.48378|-1.48378
85|-1.48378|-1.48378
86|-1.48378|-1.48378
87|-1.48378|-1.48378
88|-1.48378|-1.48378
89|-1.48378|-1.48378
90|-1.48378|-1.48378
91|-1.48378|-1.48378
92|-1.48378|-1.48378
93|-1.48378|-1.48378
94|-1.48378|-1.48378
95|-1.48378|-1.48378
96|-1.48378|-1.48378
97|-1.48378|-1.48378
98|-1.48378|-1.48378
99|-1.48378|-1.48378
100|-1.48378|-1.48378
101|-1.48378|-1.48378
102|-1.48378|-1.48378
103|-1.48378|-1.48378
104|-1.48378|-1.48378
105|-1.48378|-1.48378
106|-1.48378|-1.48378
107|-1.48378|-1.48378
108|-1.48378|-1.48378
109|-1.48378|-1.48378
110|-1.48378|-1.48378
111|-1.48378|-1.48378
112|-1.48378|-1.48378
113|-1.48378|-1.48378
114|-1.48378|-1.48378
115|-1.48378|-1.48378
116|-1.48378|-1.48378
117|-1.48378|-1.48378
118|-1.48378|-1.48378
119|-1.48378|-1.48378
120|-1.48378|-1.48378
121|-1.48378|-1.48378
122|-1.48378|-1.48378
123|-1.48378|-1.48378
124|-1.48378|-1.48378
125|-1.48378|-1.48378
126|-1.48378|-1.48378
127|-1.48378|-1.48378
128|-1.48378|-1.48378
129|-1.48378|-1.48378
130|-1.48378|-1.48378
131|-1.48378|-1.48378
132|-1.48378|-1.48378
133|-1.48378|-1.48378
134|-1.48378|-1.48378
135|-1.48378|-1.48378
136|-1.48378|-1.48378
137|-1.48378|-1.48378
138|-1.48378|-1.48378
139|-1.48378|-1.48378
140|-1.48378|-1.48378
141|-1.48378|-1.48378
142|-1.48378|-1.48378
143|-1.48378|-1.48378
144|-1.48378|-1.48378
145|-1.48378|-1.48378
146|-1.48378|-1.48378
147|-1.48378|-1.48378
148|-1.48378|-1.48378
149|-1.48378|-1.48378
150|-1.48378|-1.48378
151|-1.48378|-1.48378
EARLY STOP: TARGET FOUND
58539ms
