1|1753.15|1753.15
2|1753.15|1753.15
3|1753.15|1753.15
4|1753.15|1753.15
5|1753.15|1753.15
6|1753.15|1753.15
7|1753.15|1753.15
8|1753.15|1753.15
9|1753.15|1753.15
10|1753.15|1753.15
11|1753.15|1753.15
12|1753.15|1753.15
13|1753.15|1753.15
14|1753.15|1753.15
15|1753.15|1753.15
16|1753.15|1753.15
17|1753.15|1753.15
18|1753.15|1753.15
19|1753.15|1753.15
20|1753.15|1753.15
21|1753.15|1753.15
22|1753.15|1753.15
23|1753.15|1753.15
24|1753.15|1753.15
25|1753.15|1753.15
26|1753.15|1753.15
27|1753.15|1753.15
28|1753.15|1753.15
29|1753.15|1753.15
30|1753.15|1753.15
31|1753.15|1753.15
32|1753.15|1753.15
33|1753.15|1753.15
34|1753.15|1753.15
35|1753.15|1753.15
36|1753.15|1753.15
37|1753.15|1753.15
38|1753.15|1753.15
39|1753.15|1753.15
40|1753.15|1753.15
41|1753.15|1753.15
42|1753.15|1753.15
43|1753.15|1753.15
44|1753.15|1753.15
45|1753.15|1753.15
46|1753.15|1753.15
47|1753.15|1753.15
48|1753.15|1753.15
49|1753.15|1753.15
50|1753.15|1753.15
51|1753.15|1753.15
52|1753.15|1753.15
53|1753.15|1753.15
54|1753.15|1753.15
55|1753.15|1753.15
56|1753.15|1753.15
57|1753.15|1753.15
58|1753.15|1753.15
59|1753.15|1753.15
60|1753.15|1753.15
61|1753.15|1753.15
62|1753.15|1753.15
63|1753.15|1753.15
64|1753.15|1753.15
65|1753.15|1753.15
66|1753.15|1753.15
67|1753.15|1753.15
68|1753.15|1753.15
69|1753.15|1753.15
70|1753.15|1753.15
71|1753.15|1753.15
72|1753.15|1753.15
73|1753.15|1753.15
74|1753.15|1753.15
75|1753.15|1753.15
76|1753.15|1753.15
77|1753.15|1753.15
78|1753.15|1753.15
79|1753.15|1753.15
80|1753.15|1753.15
81|1753.15|1753.15
82|1753.15|1753.15
83|1753.15|1753.15
84|1753.15|1753.15
85|1753.15|1753.15
86|1753.15|1753.15
87|1753.15|1753.15
88|1753.15|1753.15
89|1753.15|1753.15
90|1753.15|1753.15
91|1753.15|1753.15
92|1753.15|1753.15
93|1753.15|1753.15
94|1753.15|1753.15
95|1753.15|1753.15
96|1753.15|1753.15
97|1753.15|1753.15
98|1753.15|1753.15
99|1753.15|1753.15
100|1753.15|1753.15
101|1753.15|1753.15
102|1753.15|1753.15
103|1753.15|1753.15
104|1753.15|1753.15
105|1753.15|1753.15
106|1753.15|1753.15
107|1753.15|1753.15
108|1753.15|1753.15
109|1753.15|1753.15
110|1753.15|1753.15
111|1753.15|1753.15
112|1753.15|1753.15
113|1753.15|1753.15
114|1753.15|1753.15
115|1753.15|1753.15
116|1753.15|1753.15
117|1753.15|1753.15
118|1753.15|1753.15
119|1753.15|1753.15
120|1753.15|1753.15
121|1753.15|1753.15
122|1753.15|1753.15
123|1753.15|1753.15
124|1753.15|1753.15
125|1753.15|1753.15
126|1753.15|1753.15
127|1753.15|1753.15
128|1753.15|1753.15
129|1753.15|1753.15
130|1753.15|1753.15
131|1753.15|1753.15
132|1753.15|1753.15
133|1753.15|1753.15
134|1753.15|1753.15
135|1753.15|1753.15
136|1753.15|1753.15
137|1753.15|1753.15
138|1753.15|1753.15
139|1753.15|1753.15
140|1753.15|1753.15
141|1753.15|1753.15
142|1753.15|1753.15
143|1753.15|1753.15
144|1753.15|1753.15
145|1753.15|1753.15
146|1753.15|1753.15
147|1753.15|1753.15
148|1753.15|1753.15
149|1753.15|1753.15
150|1753.15|1753.15
151|1753.15|1753.15
EARLY STOP: TARGET FOUND
2544079ms
