1|297.738|297.738
2|297.738|297.738
3|297.738|297.738
4|297.738|297.738
5|297.738|297.738
6|297.738|297.738
7|297.738|297.738
8|297.738|297.738
9|297.738|297.738
10|297.738|297.738
11|297.738|297.738
12|297.738|297.738
13|297.738|297.738
14|297.738|297.738
15|297.738|297.738
16|297.738|297.738
17|297.738|297.738
18|297.738|297.738
19|297.738|297.738
20|297.738|297.738
21|297.738|297.738
22|297.738|297.738
23|297.738|297.738
24|297.738|297.738
25|297.738|297.738
26|297.738|297.738
27|297.738|297.738
28|297.738|297.738
29|297.738|297.738
30|297.738|297.738
31|297.738|297.738
32|297.738|297.738
33|297.738|297.738
34|297.738|297.738
35|297.738|297.738
36|297.738|297.738
37|297.738|297.738
38|297.738|297.738
39|297.738|297.738
40|297.738|297.738
41|297.738|297.738
42|297.738|297.738
43|297.738|297.738
44|297.738|297.738
45|297.738|297.738
46|297.738|297.738
47|297.738|297.738
48|297.738|297.738
49|297.738|297.738
50|297.738|297.738
51|297.738|297.738
52|297.738|297.738
53|297.738|297.738
54|297.738|297.738
55|297.738|297.738
56|297.738|297.738
57|297.738|297.738
58|297.738|297.738
59|297.738|297.738
60|297.738|297.738
61|297.738|297.738
62|297.738|297.738
63|297.738|297.738
64|297.738|297.738
65|297.738|297.738
66|297.738|297.738
67|297.738|297.738
68|297.738|297.738
69|297.738|297.738
70|297.738|297.738
71|297.738|297.738
72|297.738|297.738
73|297.738|297.738
74|297.738|297.738
75|297.738|297.738
76|297.738|297.738
77|297.738|297.738
78|297.738|297.738
79|297.738|297.738
80|297.738|297.738
81|297.738|297.738
82|297.738|297.738
83|297.738|297.738
84|297.738|297.738
85|297.738|297.738
86|297.738|297.738
87|297.738|297.738
88|297.738|297.738
89|297.738|297.738
90|297.738|297.738
91|297.738|297.738
92|297.738|297.738
93|297.738|297.738
94|297.738|297.738
95|297.738|297.738
96|297.738|297.738
97|297.738|297.738
98|297.738|297.738
99|297.738|297.738
100|297.738|297.738
101|297.738|297.738
102|297.738|297.738
103|297.738|297.738
104|297.738|297.738
105|297.738|297.738
106|297.738|297.738
107|297.738|297.738
108|297.738|297.738
109|297.738|297.738
110|297.738|297.738
111|297.738|297.738
112|297.738|297.738
113|297.738|297.738
114|297.738|297.738
115|297.738|297.738
116|297.738|297.738
117|297.738|297.738
118|297.738|297.738
119|297.738|297.738
120|297.738|297.738
121|297.738|297.738
122|297.738|297.738
123|297.738|297.738
124|297.738|297.738
125|297.738|297.738
126|297.738|297.738
127|297.738|297.738
128|297.738|297.738
129|297.738|297.738
130|297.738|297.738
131|297.738|297.738
132|297.738|297.738
133|297.738|297.738
134|297.738|297.738
135|297.738|297.738
136|297.738|297.738
137|297.738|297.738
138|297.738|297.738
139|297.738|297.738
140|297.738|297.738
141|297.738|297.738
142|297.738|297.738
143|297.738|297.738
144|297.738|297.738
145|297.738|297.738
146|297.738|297.738
147|297.738|297.738
148|297.738|297.738
149|297.738|297.738
150|297.738|297.738
151|297.738|297.738
EARLY STOP: TARGET FOUND
1721044ms
