1|332.795|332.795
2|332.795|332.795
3|332.795|332.795
4|332.795|332.795
5|332.795|332.795
6|332.795|332.795
7|332.795|332.795
8|332.795|332.795
9|332.795|332.795
10|332.795|332.795
11|332.795|332.795
12|332.795|332.795
13|332.795|332.795
14|332.795|332.795
15|332.795|332.795
16|332.795|332.795
17|332.795|332.795
18|332.795|332.795
19|332.795|332.795
20|332.795|332.795
21|332.795|332.795
22|332.795|332.795
23|332.795|332.795
24|332.795|332.795
25|332.795|332.795
26|332.795|332.795
27|332.795|332.795
28|332.795|332.795
29|332.795|332.795
30|332.795|332.795
31|332.795|332.795
32|332.795|332.795
33|332.795|332.795
34|332.795|332.795
35|332.795|332.795
36|332.795|332.795
37|332.795|332.795
38|332.795|332.795
39|332.795|332.795
40|332.795|332.795
41|332.795|332.795
42|332.795|332.795
43|332.795|332.795
44|332.795|332.795
45|332.795|332.795
46|332.795|332.795
47|332.795|332.795
48|332.795|332.795
49|332.795|332.795
50|332.795|332.795
51|332.795|332.795
52|332.795|332.795
53|332.795|332.795
54|332.795|332.795
55|332.795|332.795
56|332.795|332.795
57|332.795|332.795
58|332.795|332.795
59|332.795|332.795
60|332.795|332.795
61|332.795|332.795
62|332.795|332.795
63|332.795|332.795
64|332.795|332.795
65|332.795|332.795
66|332.795|332.795
67|332.795|332.795
68|332.795|332.795
69|332.795|332.795
70|332.795|332.795
71|332.795|332.795
72|332.795|332.795
73|332.795|332.795
74|332.795|332.795
75|332.795|332.795
76|332.795|332.795
77|332.795|332.795
78|332.795|332.795
79|332.795|332.795
80|332.795|332.795
81|332.795|332.795
82|332.795|332.795
83|332.795|332.795
84|332.795|332.795
85|332.795|332.795
86|332.795|332.795
87|332.795|332.795
88|332.795|332.795
89|332.795|332.795
90|332.795|332.795
91|332.795|332.795
92|332.795|332.795
93|332.795|332.795
94|332.795|332.795
95|332.795|332.795
96|332.795|332.795
97|332.795|332.795
98|332.795|332.795
99|332.795|332.795
100|332.795|332.795
101|332.795|332.795
102|332.795|332.795
103|332.795|332.795
104|332.795|332.795
105|332.795|332.795
106|332.795|332.795
107|332.795|332.795
108|332.795|332.795
109|332.795|332.795
110|332.795|332.795
111|332.795|332.795
112|332.795|332.795
113|332.795|332.795
114|332.795|332.795
115|332.795|332.795
116|332.795|332.795
117|332.795|332.795
118|332.795|332.795
119|332.795|332.795
120|332.795|332.795
121|332.795|332.795
122|332.795|332.795
123|332.795|332.795
124|332.795|332.795
125|332.795|332.795
126|332.795|332.795
127|332.795|332.795
128|332.795|332.795
129|332.795|332.795
130|332.795|332.795
131|332.795|332.795
132|332.795|332.795
133|332.795|332.795
134|332.795|332.795
135|332.795|332.795
136|332.795|332.795
137|332.795|332.795
138|332.795|332.795
139|332.795|332.795
140|332.795|332.795
141|332.795|332.795
142|332.795|332.795
143|332.795|332.795
144|332.795|332.795
145|332.795|332.795
146|332.795|332.795
147|332.795|332.795
148|332.795|332.795
149|332.795|332.795
150|332.795|332.795
151|332.795|332.795
EARLY STOP: TARGET FOUND
1714265ms
