1|134.392|134.392
2|134.392|134.392
3|134.392|134.392
4|134.392|134.392
5|134.392|134.392
6|134.392|134.392
7|134.392|134.392
8|134.392|134.392
9|134.392|134.392
10|134.392|134.392
11|134.392|134.392
12|134.392|134.392
13|134.392|134.392
14|134.392|134.392
15|134.392|134.392
16|134.392|134.392
17|134.392|134.392
18|134.392|134.392
19|134.392|134.392
20|134.392|134.392
21|134.392|134.392
22|134.392|134.392
23|134.392|134.392
24|134.392|134.392
25|134.392|134.392
26|134.392|134.392
27|134.392|134.392
28|134.392|134.392
29|134.392|134.392
30|134.392|134.392
31|134.392|134.392
32|134.392|134.392
33|134.392|134.392
34|134.392|134.392
35|134.392|134.392
36|134.392|134.392
37|134.392|134.392
38|134.392|134.392
39|134.392|134.392
40|134.392|134.392
41|134.392|134.392
42|134.392|134.392
43|134.392|134.392
44|134.392|134.392
45|134.392|134.392
46|134.392|134.392
47|134.392|134.392
48|134.392|134.392
49|134.392|134.392
50|134.392|134.392
51|134.392|134.392
52|134.392|134.392
53|134.392|134.392
54|134.392|134.392
55|134.392|134.392
56|134.392|134.392
57|134.392|134.392
58|134.392|134.392
59|134.392|134.392
60|134.392|134.392
61|134.392|134.392
62|134.392|134.392
63|134.392|134.392
64|134.392|134.392
65|134.392|134.392
66|134.392|134.392
67|134.392|134.392
68|134.392|134.392
69|134.392|134.392
70|134.392|134.392
71|134.392|134.392
72|134.392|134.392
73|134.392|134.392
74|134.392|134.392
75|134.392|134.392
76|134.392|134.392
77|134.392|134.392
78|134.392|134.392
79|134.392|134.392
80|134.392|134.392
81|134.392|134.392
82|134.392|134.392
83|134.392|134.392
84|134.392|134.392
85|134.392|134.392
86|134.392|134.392
87|134.392|134.392
88|134.392|134.392
89|134.392|134.392
90|134.392|134.392
91|134.392|134.392
92|134.392|134.392
93|134.392|134.392
94|134.392|134.392
95|134.392|134.392
96|134.392|134.392
97|134.392|134.392
98|134.392|134.392
99|134.392|134.392
100|134.392|134.392
101|134.392|134.392
102|134.392|134.392
103|134.392|134.392
104|134.392|134.392
105|134.392|134.392
106|134.392|134.392
107|134.392|134.392
108|134.392|134.392
109|134.392|134.392
110|134.392|134.392
111|134.392|134.392
112|134.392|134.392
113|134.392|134.392
114|134.392|134.392
115|134.392|134.392
116|134.392|134.392
117|134.392|134.392
118|134.392|134.392
119|134.392|134.392
120|134.392|134.392
121|134.392|134.392
122|134.392|134.392
123|134.392|134.392
124|134.392|134.392
125|134.392|134.392
126|134.392|134.392
127|134.392|134.392
128|134.392|134.392
129|134.392|134.392
130|134.392|134.392
131|134.392|134.392
132|134.392|134.392
133|134.392|134.392
134|134.392|134.392
135|134.392|134.392
136|134.392|134.392
137|134.392|134.392
138|134.392|134.392
139|134.392|134.392
140|134.392|134.392
141|134.392|134.392
142|134.392|134.392
143|134.392|134.392
144|134.392|134.392
145|134.392|134.392
146|134.392|134.392
147|134.392|134.392
148|134.392|134.392
149|134.392|134.392
150|134.392|134.392
151|134.392|134.392
EARLY STOP: TARGET FOUND
84892ms
