1|178.857|178.857
2|178.857|178.857
3|178.857|178.857
4|178.857|178.857
5|178.857|178.857
6|178.857|178.857
7|178.857|178.857
8|178.857|178.857
9|178.857|178.857
10|178.857|178.857
11|178.857|178.857
12|178.857|178.857
13|178.857|178.857
14|178.857|178.857
15|178.857|178.857
16|178.857|178.857
17|178.857|178.857
18|178.857|178.857
19|178.857|178.857
20|178.857|178.857
21|178.857|178.857
22|178.857|178.857
23|178.857|178.857
24|178.857|178.857
25|178.857|178.857
26|178.857|178.857
27|178.857|178.857
28|178.857|178.857
29|178.857|178.857
30|178.857|178.857
31|178.857|178.857
32|178.857|178.857
33|178.857|178.857
34|178.857|178.857
35|178.857|178.857
36|178.857|178.857
37|178.857|178.857
38|178.857|178.857
39|178.857|178.857
40|178.857|178.857
41|178.857|178.857
42|178.857|178.857
43|178.857|178.857
44|178.857|178.857
45|178.857|178.857
46|178.857|178.857
47|178.857|178.857
48|178.857|178.857
49|178.857|178.857
50|178.857|178.857
51|178.857|178.857
52|178.857|178.857
53|178.857|178.857
54|178.857|178.857
55|178.857|178.857
56|178.857|178.857
57|178.857|178.857
58|178.857|178.857
59|178.857|178.857
60|178.857|178.857
61|178.857|178.857
62|178.857|178.857
63|178.857|178.857
64|178.857|178.857
65|178.857|178.857
66|178.857|178.857
67|178.857|178.857
68|178.857|178.857
69|178.857|178.857
70|178.857|178.857
71|178.857|178.857
72|178.857|178.857
73|178.857|178.857
74|178.857|178.857
75|178.857|178.857
76|178.857|178.857
77|178.857|178.857
78|178.857|178.857
79|178.857|178.857
80|178.857|178.857
81|178.857|178.857
82|178.857|178.857
83|178.857|178.857
84|178.857|178.857
85|178.857|178.857
86|178.857|178.857
87|178.857|178.857
88|178.857|178.857
89|178.857|178.857
90|178.857|178.857
91|178.857|178.857
92|178.857|178.857
93|178.857|178.857
94|178.857|178.857
95|178.857|178.857
96|178.857|178.857
97|178.857|178.857
98|178.857|178.857
99|178.857|178.857
100|178.857|178.857
101|178.857|178.857
102|178.857|178.857
103|178.857|178.857
104|178.857|178.857
105|178.857|178.857
106|178.857|178.857
107|178.857|178.857
108|178.857|178.857
109|178.857|178.857
110|178.857|178.857
111|178.857|178.857
112|178.857|178.857
113|178.857|178.857
114|178.857|178.857
115|178.857|178.857
116|178.857|178.857
117|178.857|178.857
118|178.857|178.857
119|178.857|178.857
120|178.857|178.857
121|178.857|178.857
122|178.857|178.857
123|178.857|178.857
124|178.857|178.857
125|178.857|178.857
126|178.857|178.857
127|178.857|178.857
128|178.857|178.857
129|178.857|178.857
130|178.857|178.857
131|178.857|178.857
132|178.857|178.857
133|178.857|178.857
134|178.857|178.857
135|178.857|178.857
136|178.857|178.857
137|178.857|178.857
138|178.857|178.857
139|178.857|178.857
140|178.857|178.857
141|178.857|178.857
142|178.857|178.857
143|178.857|178.857
144|178.857|178.857
145|178.857|178.857
146|178.857|178.857
147|178.857|178.857
148|178.857|178.857
149|178.857|178.857
150|178.857|178.857
151|178.857|178.857
EARLY STOP: TARGET FOUND
231619ms
