1|297.209|297.209
2|297.209|297.209
3|297.209|297.209
4|297.209|297.209
5|297.209|297.209
6|297.209|297.209
7|297.209|297.209
8|297.209|297.209
9|297.209|297.209
10|297.209|297.209
11|297.209|297.209
12|297.209|297.209
13|297.209|297.209
14|297.209|297.209
15|297.209|297.209
16|297.209|297.209
17|297.209|297.209
18|297.209|297.209
19|297.209|297.209
20|297.209|297.209
21|297.209|297.209
22|297.209|297.209
23|297.209|297.209
24|297.209|297.209
25|297.209|297.209
26|297.209|297.209
27|297.209|297.209
28|297.209|297.209
29|297.209|297.209
30|297.209|297.209
31|297.209|297.209
32|297.209|297.209
33|297.209|297.209
34|297.209|297.209
35|297.209|297.209
36|297.209|297.209
37|297.209|297.209
38|297.209|297.209
39|297.209|297.209
40|297.209|297.209
41|297.209|297.209
42|297.209|297.209
43|297.209|297.209
44|297.209|297.209
45|297.209|297.209
46|297.209|297.209
47|297.209|297.209
48|297.209|297.209
49|297.209|297.209
50|297.209|297.209
51|297.209|297.209
52|297.209|297.209
53|297.209|297.209
54|297.209|297.209
55|297.209|297.209
56|297.209|297.209
57|297.209|297.209
58|297.209|297.209
59|297.209|297.209
60|297.209|297.209
61|297.209|297.209
62|297.209|297.209
63|297.209|297.209
64|297.209|297.209
65|297.209|297.209
66|297.209|297.209
67|297.209|297.209
68|297.209|297.209
69|297.209|297.209
70|297.209|297.209
71|297.209|297.209
72|297.209|297.209
73|297.209|297.209
74|297.209|297.209
75|297.209|297.209
76|297.209|297.209
77|297.209|297.209
78|297.209|297.209
79|297.209|297.209
80|297.209|297.209
81|297.209|297.209
82|297.209|297.209
83|297.209|297.209
84|297.209|297.209
85|297.209|297.209
86|297.209|297.209
87|297.209|297.209
88|297.209|297.209
89|297.209|297.209
90|297.209|297.209
91|297.209|297.209
92|297.209|297.209
93|297.209|297.209
94|297.209|297.209
95|297.209|297.209
96|297.209|297.209
97|297.209|297.209
98|297.209|297.209
99|297.209|297.209
100|297.209|297.209
101|297.209|297.209
102|297.209|297.209
103|297.209|297.209
104|297.209|297.209
105|297.209|297.209
106|297.209|297.209
107|297.209|297.209
108|297.209|297.209
109|297.209|297.209
110|297.209|297.209
111|297.209|297.209
112|297.209|297.209
113|297.209|297.209
114|297.209|297.209
115|297.209|297.209
116|297.209|297.209
117|297.209|297.209
118|297.209|297.209
119|297.209|297.209
120|297.209|297.209
121|297.209|297.209
122|297.209|297.209
123|297.209|297.209
124|297.209|297.209
125|297.209|297.209
126|297.209|297.209
127|297.209|297.209
128|297.209|297.209
129|297.209|297.209
130|297.209|297.209
131|297.209|297.209
132|297.209|297.209
133|297.209|297.209
134|297.209|297.209
135|297.209|297.209
136|297.209|297.209
137|297.209|297.209
138|297.209|297.209
139|297.209|297.209
140|297.209|297.209
141|297.209|297.209
142|297.209|297.209
143|297.209|297.209
144|297.209|297.209
145|297.209|297.209
146|297.209|297.209
147|297.209|297.209
148|297.209|297.209
149|297.209|297.209
150|297.209|297.209
151|297.209|297.209
EARLY STOP: TARGET FOUND
1716915ms
