1|-59.7129|-59.7129
2|-59.7129|-59.7129
3|-59.7129|-59.7129
4|-59.7129|-59.7129
5|-59.7129|-59.7129
6|-59.7129|-59.7129
7|-59.7129|-59.7129
8|-59.7129|-59.7129
9|-59.7129|-59.7129
10|-59.7129|-59.7129
11|-59.7129|-59.7129
12|-59.7129|-59.7129
13|-59.7129|-59.7129
14|-59.7129|-59.7129
15|-59.7129|-59.7129
16|-59.7129|-59.7129
17|-59.7129|-59.7129
18|-59.7129|-59.7129
19|-59.7129|-59.7129
20|-59.7129|-59.7129
21|-59.7129|-59.7129
22|-59.7129|-59.7129
23|-59.7129|-59.7129
24|-59.7129|-59.7129
25|-59.7129|-59.7129
26|-59.7129|-59.7129
27|-59.7129|-59.7129
28|-59.7129|-59.7129
29|-59.7129|-59.7129
30|-59.7129|-59.7129
31|-59.7129|-59.7129
32|-59.7129|-59.7129
33|-59.7129|-59.7129
34|-59.7129|-59.7129
35|-59.7129|-59.7129
36|-59.7129|-59.7129
37|-59.7129|-59.7129
38|-59.7129|-59.7129
39|-59.7129|-59.7129
40|-59.7129|-59.7129
41|-59.7129|-59.7129
42|-59.7129|-59.7129
43|-59.7129|-59.7129
44|-59.7129|-59.7129
45|-59.7129|-59.7129
46|-59.7129|-59.7129
47|-59.7129|-59.7129
48|-59.7129|-59.7129
49|-59.7129|-59.7129
50|-59.7129|-59.7129
51|-59.7129|-59.7129
52|-59.7129|-59.7129
53|-59.7129|-59.7129
54|-59.7129|-59.7129
55|-59.7129|-59.7129
56|-59.7129|-59.7129
57|-59.7129|-59.7129
58|-59.7129|-59.7129
59|-59.7129|-59.7129
60|-59.7129|-59.7129
61|-59.7129|-59.7129
62|-59.7129|-59.7129
63|-59.7129|-59.7129
64|-59.7129|-59.7129
65|-59.7129|-59.7129
66|-59.7129|-59.7129
67|-59.7129|-59.7129
68|-59.7129|-59.7129
69|-59.7129|-59.7129
70|-59.7129|-59.7129
71|-59.7129|-59.7129
72|-59.7129|-59.7129
73|-59.7129|-59.7129
74|-59.7129|-59.7129
75|-59.7129|-59.7129
76|-59.7129|-59.7129
77|-59.7129|-59.7129
78|-59.7129|-59.7129
79|-59.7129|-59.7129
80|-59.7129|-59.7129
81|-59.7129|-59.7129
82|-59.7129|-59.7129
83|-59.7129|-59.7129
84|-59.7129|-59.7129
85|-59.7129|-59.7129
86|-59.7129|-59.7129
87|-59.7129|-59.7129
88|-59.7129|-59.7129
89|-59.7129|-59.7129
90|-59.7129|-59.7129
91|-59.7129|-59.7129
92|-59.7129|-59.7129
93|-59.7129|-59.7129
94|-59.7129|-59.7129
95|-59.7129|-59.7129
96|-59.7129|-59.7129
97|-59.7129|-59.7129
98|-59.7129|-59.7129
99|-59.7129|-59.7129
100|-59.7129|-59.7129
101|-59.7129|-59.7129
102|-59.7129|-59.7129
103|-59.7129|-59.7129
104|-59.7129|-59.7129
105|-59.7129|-59.7129
106|-59.7129|-59.7129
107|-59.7129|-59.7129
108|-59.7129|-59.7129
109|-59.7129|-59.7129
110|-59.7129|-59.7129
111|-59.7129|-59.7129
112|-59.7129|-59.7129
113|-59.7129|-59.7129
114|-59.7129|-59.7129
115|-59.7129|-59.7129
116|-59.7129|-59.7129
117|-59.7129|-59.7129
118|-59.7129|-59.7129
119|-59.7129|-59.7129
120|-59.7129|-59.7129
121|-59.7129|-59.7129
122|-59.7129|-59.7129
123|-59.7129|-59.7129
124|-59.7129|-59.7129
125|-59.7129|-59.7129
126|-59.7129|-59.7129
127|-59.7129|-59.7129
128|-59.7129|-59.7129
129|-59.7129|-59.7129
130|-59.7129|-59.7129
131|-59.7129|-59.7129
132|-59.7129|-59.7129
133|-59.7129|-59.7129
134|-59.7129|-59.7129
135|-59.7129|-59.7129
136|-59.7129|-59.7129
137|-59.7129|-59.7129
138|-59.7129|-59.7129
139|-59.7129|-59.7129
140|-59.7129|-59.7129
141|-59.7129|-59.7129
142|-59.7129|-59.7129
143|-59.7129|-59.7129
144|-59.7129|-59.7129
145|-59.7129|-59.7129
146|-59.7129|-59.7129
147|-59.7129|-59.7129
148|-59.7129|-59.7129
149|-59.7129|-59.7129
150|-59.7129|-59.7129
151|-59.7129|-59.7129
EARLY STOP: TARGET FOUND
306440ms
