1|110.582|110.582
2|110.582|110.582
3|110.582|110.582
4|110.582|110.582
5|110.582|110.582
6|110.582|110.582
7|110.582|110.582
8|110.582|110.582
9|110.582|110.582
10|110.582|110.582
11|110.582|110.582
12|110.582|110.582
13|110.582|110.582
14|110.582|110.582
15|110.582|110.582
16|110.582|110.582
17|110.582|110.582
18|110.582|110.582
19|110.582|110.582
20|110.582|110.582
21|110.582|110.582
22|110.582|110.582
23|110.582|110.582
24|110.582|110.582
25|110.582|110.582
26|110.582|110.582
27|110.582|110.582
28|110.582|110.582
29|110.582|110.582
30|110.582|110.582
31|110.582|110.582
32|110.582|110.582
33|110.582|110.582
34|110.582|110.582
35|110.582|110.582
36|110.582|110.582
37|110.582|110.582
38|110.582|110.582
39|110.582|110.582
40|110.582|110.582
41|110.582|110.582
42|110.582|110.582
43|110.582|110.582
44|110.582|110.582
45|110.582|110.582
46|110.582|110.582
47|110.582|110.582
48|110.582|110.582
49|110.582|110.582
50|110.582|110.582
51|110.582|110.582
52|110.582|110.582
53|110.582|110.582
54|110.582|110.582
55|110.582|110.582
56|110.582|110.582
57|110.582|110.582
58|110.582|110.582
59|110.582|110.582
60|110.582|110.582
61|110.582|110.582
62|110.582|110.582
63|110.582|110.582
64|110.582|110.582
65|110.582|110.582
66|110.582|110.582
67|110.582|110.582
68|110.582|110.582
69|110.582|110.582
70|110.582|110.582
71|110.582|110.582
72|110.582|110.582
73|110.582|110.582
74|110.582|110.582
75|110.582|110.582
76|110.582|110.582
77|110.582|110.582
78|110.582|110.582
79|110.582|110.582
80|110.582|110.582
81|110.582|110.582
82|110.582|110.582
83|110.582|110.582
84|110.582|110.582
85|110.582|110.582
86|110.582|110.582
87|110.582|110.582
88|110.582|110.582
89|110.582|110.582
90|110.582|110.582
91|110.582|110.582
92|110.582|110.582
93|110.582|110.582
94|110.582|110.582
95|110.582|110.582
96|110.582|110.582
97|110.582|110.582
98|110.582|110.582
99|110.582|110.582
100|110.582|110.582
101|110.582|110.582
102|110.582|110.582
103|110.582|110.582
104|110.582|110.582
105|110.582|110.582
106|110.582|110.582
107|110.582|110.582
108|110.582|110.582
109|110.582|110.582
110|110.582|110.582
111|110.582|110.582
112|110.582|110.582
113|110.582|110.582
114|110.582|110.582
115|110.582|110.582
116|110.582|110.582
117|110.582|110.582
118|110.582|110.582
119|110.582|110.582
120|110.582|110.582
121|110.582|110.582
122|110.582|110.582
123|110.582|110.582
124|110.582|110.582
125|110.582|110.582
126|110.582|110.582
127|110.582|110.582
128|110.582|110.582
129|110.582|110.582
130|110.582|110.582
131|110.582|110.582
132|110.582|110.582
133|110.582|110.582
134|110.582|110.582
135|110.582|110.582
136|110.582|110.582
137|110.582|110.582
138|110.582|110.582
139|110.582|110.582
140|110.582|110.582
141|110.582|110.582
142|110.582|110.582
143|110.582|110.582
144|110.582|110.582
145|110.582|110.582
146|110.582|110.582
147|110.582|110.582
148|110.582|110.582
149|110.582|110.582
150|110.582|110.582
151|110.582|110.582
EARLY STOP: TARGET FOUND
61268ms
