1|-182.414|-182.414
2|-182.414|-182.414
3|-182.414|-182.414
4|-182.414|-182.414
5|-182.414|-182.414
6|-182.414|-182.414
7|-182.414|-182.414
8|-182.414|-182.414
9|-182.414|-182.414
10|-182.414|-182.414
11|-182.414|-182.414
12|-182.414|-182.414
13|-182.414|-182.414
14|-182.414|-182.414
15|-182.414|-182.414
16|-182.414|-182.414
17|-182.414|-182.414
18|-182.414|-182.414
19|-182.414|-182.414
20|-182.414|-182.414
21|-182.414|-182.414
22|-182.414|-182.414
23|-182.414|-182.414
24|-182.414|-182.414
25|-182.414|-182.414
26|-182.414|-182.414
27|-182.414|-182.414
28|-182.414|-182.414
29|-182.414|-182.414
30|-182.414|-182.414
31|-182.414|-182.414
32|-182.414|-182.414
33|-182.414|-182.414
34|-182.414|-182.414
35|-182.414|-182.414
36|-182.414|-182.414
37|-182.414|-182.414
38|-182.414|-182.414
39|-182.414|-182.414
40|-182.414|-182.414
41|-182.414|-182.414
42|-182.414|-182.414
43|-182.414|-182.414
44|-182.414|-182.414
45|-182.414|-182.414
46|-182.414|-182.414
47|-182.414|-182.414
48|-182.414|-182.414
49|-182.414|-182.414
50|-182.414|-182.414
51|-182.414|-182.414
52|-182.414|-182.414
53|-182.414|-182.414
54|-182.414|-182.414
55|-182.414|-182.414
56|-182.414|-182.414
57|-182.414|-182.414
58|-182.414|-182.414
59|-182.414|-182.414
60|-182.414|-182.414
61|-182.414|-182.414
62|-182.414|-182.414
63|-182.414|-182.414
64|-182.414|-182.414
65|-182.414|-182.414
66|-182.414|-182.414
67|-182.414|-182.414
68|-182.414|-182.414
69|-182.414|-182.414
70|-182.414|-182.414
71|-182.414|-182.414
72|-182.414|-182.414
73|-182.414|-182.414
74|-182.414|-182.414
75|-182.414|-182.414
76|-182.414|-182.414
77|-182.414|-182.414
78|-182.414|-182.414
79|-182.414|-182.414
80|-182.414|-182.414
81|-182.414|-182.414
82|-182.414|-182.414
83|-182.414|-182.414
84|-182.414|-182.414
85|-182.414|-182.414
86|-182.414|-182.414
87|-182.414|-182.414
88|-182.414|-182.414
89|-182.414|-182.414
90|-182.414|-182.414
91|-182.414|-182.414
92|-182.414|-182.414
93|-182.414|-182.414
94|-182.414|-182.414
95|-182.414|-182.414
96|-182.414|-182.414
97|-182.414|-182.414
98|-182.414|-182.414
99|-182.414|-182.414
100|-182.414|-182.414
101|-182.414|-182.414
102|-182.414|-182.414
103|-182.414|-182.414
104|-182.414|-182.414
105|-182.414|-182.414
106|-182.414|-182.414
107|-182.414|-182.414
108|-182.414|-182.414
109|-182.414|-182.414
110|-182.414|-182.414
111|-182.414|-182.414
112|-182.414|-182.414
113|-182.414|-182.414
114|-182.414|-182.414
115|-182.414|-182.414
116|-182.414|-182.414
117|-182.414|-182.414
118|-182.414|-182.414
119|-182.414|-182.414
120|-182.414|-182.414
121|-182.414|-182.414
122|-182.414|-182.414
123|-182.414|-182.414
124|-182.414|-182.414
125|-182.414|-182.414
126|-182.414|-182.414
127|-182.414|-182.414
128|-182.414|-182.414
129|-182.414|-182.414
130|-182.414|-182.414
131|-182.414|-182.414
132|-182.414|-182.414
133|-182.414|-182.414
134|-182.414|-182.414
135|-182.414|-182.414
136|-182.414|-182.414
137|-182.414|-182.414
138|-182.414|-182.414
139|-182.414|-182.414
140|-182.414|-182.414
141|-182.414|-182.414
142|-182.414|-182.414
143|-182.414|-182.414
144|-182.414|-182.414
145|-182.414|-182.414
146|-182.414|-182.414
147|-182.414|-182.414
148|-182.414|-182.414
149|-182.414|-182.414
150|-182.414|-182.414
151|-182.414|-182.414
EARLY STOP: TARGET FOUND
84501ms
