1|77.5641|77.5641
2|77.5641|77.5641
3|77.5641|77.5641
4|77.5641|77.5641
5|77.5641|77.5641
6|77.5641|77.5641
7|77.5641|77.5641
8|77.5641|77.5641
9|77.5641|77.5641
10|77.5641|77.5641
11|77.5641|77.5641
12|77.5641|77.5641
13|77.5641|77.5641
14|77.5641|77.5641
15|77.5641|77.5641
16|77.5641|77.5641
17|77.5641|77.5641
18|77.5641|77.5641
19|77.5641|77.5641
20|77.5641|77.5641
21|77.5641|77.5641
22|77.5641|77.5641
23|77.5641|77.5641
24|77.5641|77.5641
25|77.5641|77.5641
26|77.5641|77.5641
27|77.5641|77.5641
28|77.5641|77.5641
29|77.5641|77.5641
30|77.5641|77.5641
31|77.5641|77.5641
32|77.5641|77.5641
33|77.5641|77.5641
34|77.5641|77.5641
35|77.5641|77.5641
36|77.5641|77.5641
37|77.5641|77.5641
38|77.5641|77.5641
39|77.5641|77.5641
40|77.5641|77.5641
41|77.5641|77.5641
42|77.5641|77.5641
43|77.5641|77.5641
44|77.5641|77.5641
45|77.5641|77.5641
46|77.5641|77.5641
47|77.5641|77.5641
48|77.5641|77.5641
49|77.5641|77.5641
50|77.5641|77.5641
51|77.5641|77.5641
52|77.5641|77.5641
53|77.5641|77.5641
54|77.5641|77.5641
55|77.5641|77.5641
56|77.5641|77.5641
57|77.5641|77.5641
58|77.5641|77.5641
59|77.5641|77.5641
60|77.5641|77.5641
61|77.5641|77.5641
62|77.5641|77.5641
63|77.5641|77.5641
64|77.5641|77.5641
65|77.5641|77.5641
66|77.5641|77.5641
67|77.5641|77.5641
68|77.5641|77.5641
69|77.5641|77.5641
70|77.5641|77.5641
71|77.5641|77.5641
72|77.5641|77.5641
73|77.5641|77.5641
74|77.5641|77.5641
75|77.5641|77.5641
76|77.5641|77.5641
77|77.5641|77.5641
78|77.5641|77.5641
79|77.5641|77.5641
80|77.5641|77.5641
81|77.5641|77.5641
82|77.5641|77.5641
83|77.5641|77.5641
84|77.5641|77.5641
85|77.5641|77.5641
86|77.5641|77.5641
87|77.5641|77.5641
88|77.5641|77.5641
89|77.5641|77.5641
90|77.5641|77.5641
91|77.5641|77.5641
92|77.5641|77.5641
93|77.5641|77.5641
94|77.5641|77.5641
95|77.5641|77.5641
96|77.5641|77.5641
97|77.5641|77.5641
98|77.5641|77.5641
99|77.5641|77.5641
100|77.5641|77.5641
101|77.5641|77.5641
102|77.5641|77.5641
103|77.5641|77.5641
104|77.5641|77.5641
105|77.5641|77.5641
106|77.5641|77.5641
107|77.5641|77.5641
108|77.5641|77.5641
109|77.5641|77.5641
110|77.5641|77.5641
111|77.5641|77.5641
112|77.5641|77.5641
113|77.5641|77.5641
114|77.5641|77.5641
115|77.5641|77.5641
116|77.5641|77.5641
117|77.5641|77.5641
118|77.5641|77.5641
119|77.5641|77.5641
120|77.5641|77.5641
121|77.5641|77.5641
122|77.5641|77.5641
123|77.5641|77.5641
124|77.5641|77.5641
125|77.5641|77.5641
126|77.5641|77.5641
127|77.5641|77.5641
128|77.5641|77.5641
129|77.5641|77.5641
130|77.5641|77.5641
131|77.5641|77.5641
132|77.5641|77.5641
133|77.5641|77.5641
134|77.5641|77.5641
135|77.5641|77.5641
136|77.5641|77.5641
137|77.5641|77.5641
138|77.5641|77.5641
139|77.5641|77.5641
140|77.5641|77.5641
141|77.5641|77.5641
142|77.5641|77.5641
143|77.5641|77.5641
144|77.5641|77.5641
145|77.5641|77.5641
146|77.5641|77.5641
147|77.5641|77.5641
148|77.5641|77.5641
149|77.5641|77.5641
150|77.5641|77.5641
151|77.5641|77.5641
EARLY STOP: TARGET FOUND
304949ms
