1|-0.922091|-0.922091
2|-0.922091|-0.922091
3|-0.922091|-0.922091
4|-0.922091|-0.922091
5|-0.922091|-0.922091
6|-0.922091|-0.922091
7|-0.922091|-0.922091
8|-0.922091|-0.922091
9|-0.922091|-0.922091
10|-0.922091|-0.922091
11|-0.922091|-0.922091
12|-0.922091|-0.922091
13|-0.922091|-0.922091
14|-0.922091|-0.922091
15|-0.922091|-0.922091
16|-0.922091|-0.922091
17|-0.922091|-0.922091
18|-0.922091|-0.922091
19|-0.922091|-0.922091
20|-0.922091|-0.922091
21|-0.922091|-0.922091
22|-0.922091|-0.922091
23|-0.922091|-0.922091
24|-0.922091|-0.922091
25|-0.922091|-0.922091
26|-0.922091|-0.922091
27|-0.922091|-0.922091
28|-0.922091|-0.922091
29|-0.922091|-0.922091
30|-0.922091|-0.922091
31|-0.922091|-0.922091
32|-0.922091|-0.922091
33|-0.922091|-0.922091
34|-0.922091|-0.922091
35|-0.922091|-0.922091
36|-0.922091|-0.922091
37|-0.922091|-0.922091
38|-0.922091|-0.922091
39|-0.922091|-0.922091
40|-0.922091|-0.922091
41|-0.922091|-0.922091
42|-0.922091|-0.922091
43|-0.922091|-0.922091
44|-0.922091|-0.922091
45|-0.922091|-0.922091
46|-0.922091|-0.922091
47|-0.922091|-0.922091
48|-0.922091|-0.922091
49|-0.922091|-0.922091
50|-0.922091|-0.922091
51|-0.922091|-0.922091
52|-0.922091|-0.922091
53|-0.922091|-0.922091
54|-0.922091|-0.922091
55|-0.922091|-0.922091
56|-0.922091|-0.922091
57|-0.922091|-0.922091
58|-0.922091|-0.922091
59|-0.922091|-0.922091
60|-0.922091|-0.922091
61|-0.922091|-0.922091
62|-0.922091|-0.922091
63|-0.922091|-0.922091
64|-0.922091|-0.922091
65|-0.922091|-0.922091
66|-0.922091|-0.922091
67|-0.922091|-0.922091
68|-0.922091|-0.922091
69|-0.922091|-0.922091
70|-0.922091|-0.922091
71|-0.922091|-0.922091
72|-0.922091|-0.922091
73|-0.922091|-0.922091
74|-0.922091|-0.922091
75|-0.922091|-0.922091
76|-0.922091|-0.922091
77|-0.922091|-0.922091
78|-0.922091|-0.922091
79|-0.922091|-0.922091
80|-0.922091|-0.922091
81|-0.922091|-0.922091
82|-0.922091|-0.922091
83|-0.922091|-0.922091
84|-0.922091|-0.922091
85|-0.922091|-0.922091
86|-0.922091|-0.922091
87|-0.922091|-0.922091
88|-0.922091|-0.922091
89|-0.922091|-0.922091
90|-0.922091|-0.922091
91|-0.922091|-0.922091
92|-0.922091|-0.922091
93|-0.922091|-0.922091
94|-0.922091|-0.922091
95|-0.922091|-0.922091
96|-0.922091|-0.922091
97|-0.922091|-0.922091
98|-0.922091|-0.922091
99|-0.922091|-0.922091
100|-0.922091|-0.922091
101|-0.922091|-0.922091
102|-0.922091|-0.922091
103|-0.922091|-0.922091
104|-0.922091|-0.922091
105|-0.922091|-0.922091
106|-0.922091|-0.922091
107|-0.922091|-0.922091
108|-0.922091|-0.922091
109|-0.922091|-0.922091
110|-0.922091|-0.922091
111|-0.922091|-0.922091
112|-0.922091|-0.922091
113|-0.922091|-0.922091
114|-0.922091|-0.922091
115|-0.922091|-0.922091
116|-0.922091|-0.922091
117|-0.922091|-0.922091
118|-0.922091|-0.922091
119|-0.922091|-0.922091
120|-0.922091|-0.922091
121|-0.922091|-0.922091
122|-0.922091|-0.922091
123|-0.922091|-0.922091
124|-0.922091|-0.922091
125|-0.922091|-0.922091
126|-0.922091|-0.922091
127|-0.922091|-0.922091
128|-0.922091|-0.922091
129|-0.922091|-0.922091
130|-0.922091|-0.922091
131|-0.922091|-0.922091
132|-0.922091|-0.922091
133|-0.922091|-0.922091
134|-0.922091|-0.922091
135|-0.922091|-0.922091
136|-0.922091|-0.922091
137|-0.922091|-0.922091
138|-0.922091|-0.922091
139|-0.922091|-0.922091
140|-0.922091|-0.922091
141|-0.922091|-0.922091
142|-0.922091|-0.922091
143|-0.922091|-0.922091
144|-0.922091|-0.922091
145|-0.922091|-0.922091
146|-0.922091|-0.922091
147|-0.922091|-0.922091
148|-0.922091|-0.922091
149|-0.922091|-0.922091
150|-0.922091|-0.922091
151|-0.922091|-0.922091
EARLY STOP: TARGET FOUND
59417ms
