1|75.3548|75.3548
2|75.3548|75.3548
3|75.3548|75.3548
4|75.3548|75.3548
5|75.3548|75.3548
6|75.3548|75.3548
7|75.3548|75.3548
8|75.3548|75.3548
9|75.3548|75.3548
10|75.3548|75.3548
11|75.3548|75.3548
12|75.3548|75.3548
13|75.3548|75.3548
14|75.3548|75.3548
15|75.3548|75.3548
16|75.3548|75.3548
17|75.3548|75.3548
18|75.3548|75.3548
19|75.3548|75.3548
20|75.3548|75.3548
21|75.3548|75.3548
22|75.3548|75.3548
23|75.3548|75.3548
24|75.3548|75.3548
25|75.3548|75.3548
26|75.3548|75.3548
27|75.3548|75.3548
28|75.3548|75.3548
29|75.3548|75.3548
30|75.3548|75.3548
31|75.3548|75.3548
32|75.3548|75.3548
33|75.3548|75.3548
34|75.3548|75.3548
35|75.3548|75.3548
36|75.3548|75.3548
37|75.3548|75.3548
38|75.3548|75.3548
39|75.3548|75.3548
40|75.3548|75.3548
41|75.3548|75.3548
42|75.3548|75.3548
43|75.3548|75.3548
44|75.3548|75.3548
45|75.3548|75.3548
46|75.3548|75.3548
47|75.3548|75.3548
48|75.3548|75.3548
49|75.3548|75.3548
50|75.3548|75.3548
51|75.3548|75.3548
52|75.3548|75.3548
53|75.3548|75.3548
54|75.3548|75.3548
55|75.3548|75.3548
56|75.3548|75.3548
57|75.3548|75.3548
58|75.3548|75.3548
59|75.3548|75.3548
60|75.3548|75.3548
61|75.3548|75.3548
62|75.3548|75.3548
63|75.3548|75.3548
64|75.3548|75.3548
65|75.3548|75.3548
66|75.3548|75.3548
67|75.3548|75.3548
68|75.3548|75.3548
69|75.3548|75.3548
70|75.3548|75.3548
71|75.3548|75.3548
72|75.3548|75.3548
73|75.3548|75.3548
74|75.3548|75.3548
75|75.3548|75.3548
76|75.3548|75.3548
77|75.3548|75.3548
78|75.3548|75.3548
79|75.3548|75.3548
80|75.3548|75.3548
81|75.3548|75.3548
82|75.3548|75.3548
83|75.3548|75.3548
84|75.3548|75.3548
85|75.3548|75.3548
86|75.3548|75.3548
87|75.3548|75.3548
88|75.3548|75.3548
89|75.3548|75.3548
90|75.3548|75.3548
91|75.3548|75.3548
92|75.3548|75.3548
93|75.3548|75.3548
94|75.3548|75.3548
95|75.3548|75.3548
96|75.3548|75.3548
97|75.3548|75.3548
98|75.3548|75.3548
99|75.3548|75.3548
100|75.3548|75.3548
101|75.3548|75.3548
102|75.3548|75.3548
103|75.3548|75.3548
104|75.3548|75.3548
105|75.3548|75.3548
106|75.3548|75.3548
107|75.3548|75.3548
108|75.3548|75.3548
109|75.3548|75.3548
110|75.3548|75.3548
111|75.3548|75.3548
112|75.3548|75.3548
113|75.3548|75.3548
114|75.3548|75.3548
115|75.3548|75.3548
116|75.3548|75.3548
117|75.3548|75.3548
118|75.3548|75.3548
119|75.3548|75.3548
120|75.3548|75.3548
121|75.3548|75.3548
122|75.3548|75.3548
123|75.3548|75.3548
124|75.3548|75.3548
125|75.3548|75.3548
126|75.3548|75.3548
127|75.3548|75.3548
128|75.3548|75.3548
129|75.3548|75.3548
130|75.3548|75.3548
131|75.3548|75.3548
132|75.3548|75.3548
133|75.3548|75.3548
134|75.3548|75.3548
135|75.3548|75.3548
136|75.3548|75.3548
137|75.3548|75.3548
138|75.3548|75.3548
139|75.3548|75.3548
140|75.3548|75.3548
141|75.3548|75.3548
142|75.3548|75.3548
143|75.3548|75.3548
144|75.3548|75.3548
145|75.3548|75.3548
146|75.3548|75.3548
147|75.3548|75.3548
148|75.3548|75.3548
149|75.3548|75.3548
150|75.3548|75.3548
151|75.3548|75.3548
EARLY STOP: TARGET FOUND
63038ms
