1|29.9464|29.9464
2|29.9464|29.9464
3|29.9464|29.9464
4|29.9464|29.9464
5|29.9464|29.9464
6|29.9464|29.9464
7|29.9464|29.9464
8|29.9464|29.9464
9|29.9464|29.9464
10|29.9464|29.9464
11|29.9464|29.9464
12|29.9464|29.9464
13|29.9464|29.9464
14|29.9464|29.9464
15|29.9464|29.9464
16|29.9464|29.9464
17|29.9464|29.9464
18|29.9464|29.9464
19|29.9464|29.9464
20|29.9464|29.9464
21|29.9464|29.9464
22|29.9464|29.9464
23|29.9464|29.9464
24|29.9464|29.9464
25|29.9464|29.9464
26|29.9464|29.9464
27|29.9464|29.9464
28|29.9464|29.9464
29|29.9464|29.9464
30|29.9464|29.9464
31|29.9464|29.9464
32|29.9464|29.9464
33|29.9464|29.9464
34|29.9464|29.9464
35|29.9464|29.9464
36|29.9464|29.9464
37|29.9464|29.9464
38|29.9464|29.9464
39|29.9464|29.9464
40|29.9464|29.9464
41|29.9464|29.9464
42|29.9464|29.9464
43|29.9464|29.9464
44|29.9464|29.9464
45|29.9464|29.9464
46|29.9464|29.9464
47|29.9464|29.9464
48|29.9464|29.9464
49|29.9464|29.9464
50|29.9464|29.9464
51|29.9464|29.9464
52|29.9464|29.9464
53|29.9464|29.9464
54|29.9464|29.9464
55|29.9464|29.9464
56|29.9464|29.9464
57|29.9464|29.9464
58|29.9464|29.9464
59|29.9464|29.9464
60|29.9464|29.9464
61|29.9464|29.9464
62|29.9464|29.9464
63|29.9464|29.9464
64|29.9464|29.9464
65|29.9464|29.9464
66|29.9464|29.9464
67|29.9464|29.9464
68|29.9464|29.9464
69|29.9464|29.9464
70|29.9464|29.9464
71|29.9464|29.9464
72|29.9464|29.9464
73|29.9464|29.9464
74|29.9464|29.9464
75|29.9464|29.9464
76|29.9464|29.9464
77|29.9464|29.9464
78|29.9464|29.9464
79|29.9464|29.9464
80|29.9464|29.9464
81|29.9464|29.9464
82|29.9464|29.9464
83|29.9464|29.9464
84|29.9464|29.9464
85|29.9464|29.9464
86|29.9464|29.9464
87|29.9464|29.9464
88|29.9464|29.9464
89|29.9464|29.9464
90|29.9464|29.9464
91|29.9464|29.9464
92|29.9464|29.9464
93|29.9464|29.9464
94|29.9464|29.9464
95|29.9464|29.9464
96|29.9464|29.9464
97|29.9464|29.9464
98|29.9464|29.9464
99|29.9464|29.9464
100|29.9464|29.9464
101|29.9464|29.9464
102|29.9464|29.9464
103|29.9464|29.9464
104|29.9464|29.9464
105|29.9464|29.9464
106|29.9464|29.9464
107|29.9464|29.9464
108|29.9464|29.9464
109|29.9464|29.9464
110|29.9464|29.9464
111|29.9464|29.9464
112|29.9464|29.9464
113|29.9464|29.9464
114|29.9464|29.9464
115|29.9464|29.9464
116|29.9464|29.9464
117|29.9464|29.9464
118|29.9464|29.9464
119|29.9464|29.9464
120|29.9464|29.9464
121|29.9464|29.9464
122|29.9464|29.9464
123|29.9464|29.9464
124|29.9464|29.9464
125|29.9464|29.9464
126|29.9464|29.9464
127|29.9464|29.9464
128|29.9464|29.9464
129|29.9464|29.9464
130|29.9464|29.9464
131|29.9464|29.9464
132|29.9464|29.9464
133|29.9464|29.9464
134|29.9464|29.9464
135|29.9464|29.9464
136|29.9464|29.9464
137|29.9464|29.9464
138|29.9464|29.9464
139|29.9464|29.9464
140|29.9464|29.9464
141|29.9464|29.9464
142|29.9464|29.9464
143|29.9464|29.9464
144|29.9464|29.9464
145|29.9464|29.9464
146|29.9464|29.9464
147|29.9464|29.9464
148|29.9464|29.9464
149|29.9464|29.9464
150|29.9464|29.9464
151|29.9464|29.9464
EARLY STOP: TARGET FOUND
2520805ms
