1|68.8805|68.8805
2|68.8805|68.8805
3|68.8805|68.8805
4|68.8805|68.8805
5|68.8805|68.8805
6|68.8805|68.8805
7|68.8805|68.8805
8|68.8805|68.8805
9|68.8805|68.8805
10|68.8805|68.8805
11|68.8805|68.8805
12|68.8805|68.8805
13|68.8805|68.8805
14|68.8805|68.8805
15|68.8805|68.8805
16|68.8805|68.8805
17|68.8805|68.8805
18|68.8805|68.8805
19|68.8805|68.8805
20|68.8805|68.8805
21|68.8805|68.8805
22|68.8805|68.8805
23|68.8805|68.8805
24|68.8805|68.8805
25|68.8805|68.8805
26|68.8805|68.8805
27|68.8805|68.8805
28|68.8805|68.8805
29|68.8805|68.8805
30|68.8805|68.8805
31|68.8805|68.8805
32|68.8805|68.8805
33|68.8805|68.8805
34|68.8805|68.8805
35|68.8805|68.8805
36|68.8805|68.8805
37|68.8805|68.8805
38|68.8805|68.8805
39|68.8805|68.8805
40|68.8805|68.8805
41|68.8805|68.8805
42|68.8805|68.8805
43|68.8805|68.8805
44|68.8805|68.8805
45|68.8805|68.8805
46|68.8805|68.8805
47|68.8805|68.8805
48|68.8805|68.8805
49|68.8805|68.8805
50|68.8805|68.8805
51|68.8805|68.8805
52|68.8805|68.8805
53|68.8805|68.8805
54|68.8805|68.8805
55|68.8805|68.8805
56|68.8805|68.8805
57|68.8805|68.8805
58|68.8805|68.8805
59|68.8805|68.8805
60|68.8805|68.8805
61|68.8805|68.8805
62|68.8805|68.8805
63|68.8805|68.8805
64|68.8805|68.8805
65|68.8805|68.8805
66|68.8805|68.8805
67|68.8805|68.8805
68|68.8805|68.8805
69|68.8805|68.8805
70|68.8805|68.8805
71|68.8805|68.8805
72|68.8805|68.8805
73|68.8805|68.8805
74|68.8805|68.8805
75|68.8805|68.8805
76|68.8805|68.8805
77|68.8805|68.8805
78|68.8805|68.8805
79|68.8805|68.8805
80|68.8805|68.8805
81|68.8805|68.8805
82|68.8805|68.8805
83|68.8805|68.8805
84|68.8805|68.8805
85|68.8805|68.8805
86|68.8805|68.8805
87|68.8805|68.8805
88|68.8805|68.8805
89|68.8805|68.8805
90|68.8805|68.8805
91|68.8805|68.8805
92|68.8805|68.8805
93|68.8805|68.8805
94|68.8805|68.8805
95|68.8805|68.8805
96|68.8805|68.8805
97|68.8805|68.8805
98|68.8805|68.8805
99|68.8805|68.8805
100|68.8805|68.8805
101|68.8805|68.8805
102|68.8805|68.8805
103|68.8805|68.8805
104|68.8805|68.8805
105|68.8805|68.8805
106|68.8805|68.8805
107|68.8805|68.8805
108|68.8805|68.8805
109|68.8805|68.8805
110|68.8805|68.8805
111|68.8805|68.8805
112|68.8805|68.8805
113|68.8805|68.8805
114|68.8805|68.8805
115|68.8805|68.8805
116|68.8805|68.8805
117|68.8805|68.8805
118|68.8805|68.8805
119|68.8805|68.8805
120|68.8805|68.8805
121|68.8805|68.8805
122|68.8805|68.8805
123|68.8805|68.8805
124|68.8805|68.8805
125|68.8805|68.8805
126|68.8805|68.8805
127|68.8805|68.8805
128|68.8805|68.8805
129|68.8805|68.8805
130|68.8805|68.8805
131|68.8805|68.8805
132|68.8805|68.8805
133|68.8805|68.8805
134|68.8805|68.8805
135|68.8805|68.8805
136|68.8805|68.8805
137|68.8805|68.8805
138|68.8805|68.8805
139|68.8805|68.8805
140|68.8805|68.8805
141|68.8805|68.8805
142|68.8805|68.8805
143|68.8805|68.8805
144|68.8805|68.8805
145|68.8805|68.8805
146|68.8805|68.8805
147|68.8805|68.8805
148|68.8805|68.8805
149|68.8805|68.8805
150|68.8805|68.8805
151|68.8805|68.8805
EARLY STOP: TARGET FOUND
59410ms
