1|221.608|221.608
2|221.608|221.608
3|221.608|221.608
4|221.608|221.608
5|221.608|221.608
6|221.608|221.608
7|221.608|221.608
8|221.608|221.608
9|221.608|221.608
10|221.608|221.608
11|221.608|221.608
12|221.608|221.608
13|221.608|221.608
14|221.608|221.608
15|221.608|221.608
16|221.608|221.608
17|221.608|221.608
18|221.608|221.608
19|221.608|221.608
20|221.608|221.608
21|221.608|221.608
22|221.608|221.608
23|221.608|221.608
24|221.608|221.608
25|221.608|221.608
26|221.608|221.608
27|221.608|221.608
28|221.608|221.608
29|221.608|221.608
30|221.608|221.608
31|221.608|221.608
32|221.608|221.608
33|221.608|221.608
34|221.608|221.608
35|221.608|221.608
36|221.608|221.608
37|221.608|221.608
38|221.608|221.608
39|221.608|221.608
40|221.608|221.608
41|221.608|221.608
42|221.608|221.608
43|221.608|221.608
44|221.608|221.608
45|221.608|221.608
46|221.608|221.608
47|221.608|221.608
48|221.608|221.608
49|221.608|221.608
50|221.608|221.608
51|221.608|221.608
52|221.608|221.608
53|221.608|221.608
54|221.608|221.608
55|221.608|221.608
56|221.608|221.608
57|221.608|221.608
58|221.608|221.608
59|221.608|221.608
60|221.608|221.608
61|221.608|221.608
62|221.608|221.608
63|221.608|221.608
64|221.608|221.608
65|221.608|221.608
66|221.608|221.608
67|221.608|221.608
68|221.608|221.608
69|221.608|221.608
70|221.608|221.608
71|221.608|221.608
72|221.608|221.608
73|221.608|221.608
74|221.608|221.608
75|221.608|221.608
76|221.608|221.608
77|221.608|221.608
78|221.608|221.608
79|221.608|221.608
80|221.608|221.608
81|221.608|221.608
82|221.608|221.608
83|221.608|221.608
84|221.608|221.608
85|221.608|221.608
86|221.608|221.608
87|221.608|221.608
88|221.608|221.608
89|221.608|221.608
90|221.608|221.608
91|221.608|221.608
92|221.608|221.608
93|221.608|221.608
94|221.608|221.608
95|221.608|221.608
96|221.608|221.608
97|221.608|221.608
98|221.608|221.608
99|221.608|221.608
100|221.608|221.608
101|221.608|221.608
102|221.608|221.608
103|221.608|221.608
104|221.608|221.608
105|221.608|221.608
106|221.608|221.608
107|221.608|221.608
108|221.608|221.608
109|221.608|221.608
110|221.608|221.608
111|221.608|221.608
112|221.608|221.608
113|221.608|221.608
114|221.608|221.608
115|221.608|221.608
116|221.608|221.608
117|221.608|221.608
118|221.608|221.608
119|221.608|221.608
120|221.608|221.608
121|221.608|221.608
122|221.608|221.608
123|221.608|221.608
124|221.608|221.608
125|221.608|221.608
126|221.608|221.608
127|221.608|221.608
128|221.608|221.608
129|221.608|221.608
130|221.608|221.608
131|221.608|221.608
132|221.608|221.608
133|221.608|221.608
134|221.608|221.608
135|221.608|221.608
136|221.608|221.608
137|221.608|221.608
138|221.608|221.608
139|221.608|221.608
140|221.608|221.608
141|221.608|221.608
142|221.608|221.608
143|221.608|221.608
144|221.608|221.608
145|221.608|221.608
146|221.608|221.608
147|221.608|221.608
148|221.608|221.608
149|221.608|221.608
150|221.608|221.608
151|221.608|221.608
EARLY STOP: TARGET FOUND
211774ms
