1|10.9875|10.9875
2|10.9875|10.9875
3|10.9875|10.9875
4|10.9875|10.9875
5|10.9875|10.9875
6|10.9875|10.9875
7|10.9875|10.9875
8|10.9875|10.9875
9|10.9875|10.9875
10|10.9875|10.9875
11|10.9875|10.9875
12|10.9875|10.9875
13|10.9875|10.9875
14|10.9875|10.9875
15|10.9875|10.9875
16|10.9875|10.9875
17|10.9875|10.9875
18|10.9875|10.9875
19|10.9875|10.9875
20|10.9875|10.9875
21|10.9875|10.9875
22|10.9875|10.9875
23|10.9875|10.9875
24|10.9875|10.9875
25|10.9875|10.9875
26|10.9875|10.9875
27|10.9875|10.9875
28|10.9875|10.9875
29|10.9875|10.9875
30|10.9875|10.9875
31|10.9875|10.9875
32|10.9875|10.9875
33|10.9875|10.9875
34|10.9875|10.9875
35|10.9875|10.9875
36|10.9875|10.9875
37|10.9875|10.9875
38|10.9875|10.9875
39|10.9875|10.9875
40|10.9875|10.9875
41|10.9875|10.9875
42|10.9875|10.9875
43|10.9875|10.9875
44|10.9875|10.9875
45|10.9875|10.9875
46|10.9875|10.9875
47|10.9875|10.9875
48|10.9875|10.9875
49|10.9875|10.9875
50|10.9875|10.9875
51|10.9875|10.9875
52|10.9875|10.9875
53|10.9875|10.9875
54|10.9875|10.9875
55|10.9875|10.9875
56|10.9875|10.9875
57|10.9875|10.9875
58|10.9875|10.9875
59|10.9875|10.9875
60|10.9875|10.9875
61|10.9875|10.9875
62|10.9875|10.9875
63|10.9875|10.9875
64|10.9875|10.9875
65|10.9875|10.9875
66|10.9875|10.9875
67|10.9875|10.9875
68|10.9875|10.9875
69|10.9875|10.9875
70|10.9875|10.9875
71|10.9875|10.9875
72|10.9875|10.9875
73|10.9875|10.9875
74|10.9875|10.9875
75|10.9875|10.9875
76|10.9875|10.9875
77|10.9875|10.9875
78|10.9875|10.9875
79|10.9875|10.9875
80|10.9875|10.9875
81|10.9875|10.9875
82|10.9875|10.9875
83|10.9875|10.9875
84|10.9875|10.9875
85|10.9875|10.9875
86|10.9875|10.9875
87|10.9875|10.9875
88|10.9875|10.9875
89|10.9875|10.9875
90|10.9875|10.9875
91|10.9875|10.9875
92|10.9875|10.9875
93|10.9875|10.9875
94|10.9875|10.9875
95|10.9875|10.9875
96|10.9875|10.9875
97|10.9875|10.9875
98|10.9875|10.9875
99|10.9875|10.9875
100|10.9875|10.9875
101|10.9875|10.9875
102|10.9875|10.9875
103|10.9875|10.9875
104|10.9875|10.9875
105|10.9875|10.9875
106|10.9875|10.9875
107|10.9875|10.9875
108|10.9875|10.9875
109|10.9875|10.9875
110|10.9875|10.9875
111|10.9875|10.9875
112|10.9875|10.9875
113|10.9875|10.9875
114|10.9875|10.9875
115|10.9875|10.9875
116|10.9875|10.9875
117|10.9875|10.9875
118|10.9875|10.9875
119|10.9875|10.9875
120|10.9875|10.9875
121|10.9875|10.9875
122|10.9875|10.9875
123|10.9875|10.9875
124|10.9875|10.9875
125|10.9875|10.9875
126|10.9875|10.9875
127|10.9875|10.9875
128|10.9875|10.9875
129|10.9875|10.9875
130|10.9875|10.9875
131|10.9875|10.9875
132|10.9875|10.9875
133|10.9875|10.9875
134|10.9875|10.9875
135|10.9875|10.9875
136|10.9875|10.9875
137|10.9875|10.9875
138|10.9875|10.9875
139|10.9875|10.9875
140|10.9875|10.9875
141|10.9875|10.9875
142|10.9875|10.9875
143|10.9875|10.9875
144|10.9875|10.9875
145|10.9875|10.9875
146|10.9875|10.9875
147|10.9875|10.9875
148|10.9875|10.9875
149|10.9875|10.9875
150|10.9875|10.9875
151|10.9875|10.9875
EARLY STOP: TARGET FOUND
2511967ms
