1|31.6774|31.6774
2|31.6774|31.6774
3|31.6774|31.6774
4|31.6774|31.6774
5|31.6774|31.6774
6|31.6774|31.6774
7|31.6774|31.6774
8|31.6774|31.6774
9|31.6774|31.6774
10|31.6774|31.6774
11|31.6774|31.6774
12|31.6774|31.6774
13|31.6774|31.6774
14|31.6774|31.6774
15|31.6774|31.6774
16|31.6774|31.6774
17|31.6774|31.6774
18|31.6774|31.6774
19|31.6774|31.6774
20|31.6774|31.6774
21|31.6774|31.6774
22|31.6774|31.6774
23|31.6774|31.6774
24|31.6774|31.6774
25|31.6774|31.6774
26|31.6774|31.6774
27|31.6774|31.6774
28|31.6774|31.6774
29|31.6774|31.6774
30|31.6774|31.6774
31|31.6774|31.6774
32|31.6774|31.6774
33|31.6774|31.6774
34|31.6774|31.6774
35|31.6774|31.6774
36|31.6774|31.6774
37|31.6774|31.6774
38|31.6774|31.6774
39|31.6774|31.6774
40|31.6774|31.6774
41|31.6774|31.6774
42|31.6774|31.6774
43|31.6774|31.6774
44|31.6774|31.6774
45|31.6774|31.6774
46|31.6774|31.6774
47|31.6774|31.6774
48|31.6774|31.6774
49|31.6774|31.6774
50|31.6774|31.6774
51|31.6774|31.6774
52|31.6774|31.6774
53|31.6774|31.6774
54|31.6774|31.6774
55|31.6774|31.6774
56|31.6774|31.6774
57|31.6774|31.6774
58|31.6774|31.6774
59|31.6774|31.6774
60|31.6774|31.6774
61|31.6774|31.6774
62|31.6774|31.6774
63|31.6774|31.6774
64|31.6774|31.6774
65|31.6774|31.6774
66|31.6774|31.6774
67|31.6774|31.6774
68|31.6774|31.6774
69|31.6774|31.6774
70|31.6774|31.6774
71|31.6774|31.6774
72|31.6774|31.6774
73|31.6774|31.6774
74|31.6774|31.6774
75|31.6774|31.6774
76|31.6774|31.6774
77|31.6774|31.6774
78|31.6774|31.6774
79|31.6774|31.6774
80|31.6774|31.6774
81|31.6774|31.6774
82|31.6774|31.6774
83|31.6774|31.6774
84|31.6774|31.6774
85|31.6774|31.6774
86|31.6774|31.6774
87|31.6774|31.6774
88|31.6774|31.6774
89|31.6774|31.6774
90|31.6774|31.6774
91|31.6774|31.6774
92|31.6774|31.6774
93|31.6774|31.6774
94|31.6774|31.6774
95|31.6774|31.6774
96|31.6774|31.6774
97|31.6774|31.6774
98|31.6774|31.6774
99|31.6774|31.6774
100|31.6774|31.6774
101|31.6774|31.6774
102|31.6774|31.6774
103|31.6774|31.6774
104|31.6774|31.6774
105|31.6774|31.6774
106|31.6774|31.6774
107|31.6774|31.6774
108|31.6774|31.6774
109|31.6774|31.6774
110|31.6774|31.6774
111|31.6774|31.6774
112|31.6774|31.6774
113|31.6774|31.6774
114|31.6774|31.6774
115|31.6774|31.6774
116|31.6774|31.6774
117|31.6774|31.6774
118|31.6774|31.6774
119|31.6774|31.6774
120|31.6774|31.6774
121|31.6774|31.6774
122|31.6774|31.6774
123|31.6774|31.6774
124|31.6774|31.6774
125|31.6774|31.6774
126|31.6774|31.6774
127|31.6774|31.6774
128|31.6774|31.6774
129|31.6774|31.6774
130|31.6774|31.6774
131|31.6774|31.6774
132|31.6774|31.6774
133|31.6774|31.6774
134|31.6774|31.6774
135|31.6774|31.6774
136|31.6774|31.6774
137|31.6774|31.6774
138|31.6774|31.6774
139|31.6774|31.6774
140|31.6774|31.6774
141|31.6774|31.6774
142|31.6774|31.6774
143|31.6774|31.6774
144|31.6774|31.6774
145|31.6774|31.6774
146|31.6774|31.6774
147|31.6774|31.6774
148|31.6774|31.6774
149|31.6774|31.6774
150|31.6774|31.6774
151|31.6774|31.6774
EARLY STOP: TARGET FOUND
59034ms
