1|-0.65591|-0.65591
2|-0.65591|-0.65591
3|-0.65591|-0.65591
4|-0.65591|-0.65591
5|-0.65591|-0.65591
6|-0.65591|-0.65591
7|-0.65591|-0.65591
8|-0.65591|-0.65591
9|-0.65591|-0.65591
10|-0.65591|-0.65591
11|-0.65591|-0.65591
12|-0.65591|-0.65591
13|-0.65591|-0.65591
14|-0.65591|-0.65591
15|-0.65591|-0.65591
16|-0.65591|-0.65591
17|-0.65591|-0.65591
18|-0.65591|-0.65591
19|-0.65591|-0.65591
20|-0.65591|-0.65591
21|-0.65591|-0.65591
22|-0.65591|-0.65591
23|-0.65591|-0.65591
24|-0.65591|-0.65591
25|-0.65591|-0.65591
26|-0.65591|-0.65591
27|-0.65591|-0.65591
28|-0.65591|-0.65591
29|-0.65591|-0.65591
30|-0.65591|-0.65591
31|-0.65591|-0.65591
32|-0.65591|-0.65591
33|-0.65591|-0.65591
34|-0.65591|-0.65591
35|-0.65591|-0.65591
36|-0.65591|-0.65591
37|-0.65591|-0.65591
38|-0.65591|-0.65591
39|-0.65591|-0.65591
40|-0.65591|-0.65591
41|-0.65591|-0.65591
42|-0.65591|-0.65591
43|-0.65591|-0.65591
44|-0.65591|-0.65591
45|-0.65591|-0.65591
46|-0.65591|-0.65591
47|-0.65591|-0.65591
48|-0.65591|-0.65591
49|-0.65591|-0.65591
50|-0.65591|-0.65591
51|-0.65591|-0.65591
52|-0.65591|-0.65591
53|-0.65591|-0.65591
54|-0.65591|-0.65591
55|-0.65591|-0.65591
56|-0.65591|-0.65591
57|-0.65591|-0.65591
58|-0.65591|-0.65591
59|-0.65591|-0.65591
60|-0.65591|-0.65591
61|-0.65591|-0.65591
62|-0.65591|-0.65591
63|-0.65591|-0.65591
64|-0.65591|-0.65591
65|-0.65591|-0.65591
66|-0.65591|-0.65591
67|-0.65591|-0.65591
68|-0.65591|-0.65591
69|-0.65591|-0.65591
70|-0.65591|-0.65591
71|-0.65591|-0.65591
72|-0.65591|-0.65591
73|-0.65591|-0.65591
74|-0.65591|-0.65591
75|-0.65591|-0.65591
76|-0.65591|-0.65591
77|-0.65591|-0.65591
78|-0.65591|-0.65591
79|-0.65591|-0.65591
80|-0.65591|-0.65591
81|-0.65591|-0.65591
82|-0.65591|-0.65591
83|-0.65591|-0.65591
84|-0.65591|-0.65591
85|-0.65591|-0.65591
86|-0.65591|-0.65591
87|-0.65591|-0.65591
88|-0.65591|-0.65591
89|-0.65591|-0.65591
90|-0.65591|-0.65591
91|-0.65591|-0.65591
92|-0.65591|-0.65591
93|-0.65591|-0.65591
94|-0.65591|-0.65591
95|-0.65591|-0.65591
96|-0.65591|-0.65591
97|-0.65591|-0.65591
98|-0.65591|-0.65591
99|-0.65591|-0.65591
100|-0.65591|-0.65591
101|-0.65591|-0.65591
102|-0.65591|-0.65591
103|-0.65591|-0.65591
104|-0.65591|-0.65591
105|-0.65591|-0.65591
106|-0.65591|-0.65591
107|-0.65591|-0.65591
108|-0.65591|-0.65591
109|-0.65591|-0.65591
110|-0.65591|-0.65591
111|-0.65591|-0.65591
112|-0.65591|-0.65591
113|-0.65591|-0.65591
114|-0.65591|-0.65591
115|-0.65591|-0.65591
116|-0.65591|-0.65591
117|-0.65591|-0.65591
118|-0.65591|-0.65591
119|-0.65591|-0.65591
120|-0.65591|-0.65591
121|-0.65591|-0.65591
122|-0.65591|-0.65591
123|-0.65591|-0.65591
124|-0.65591|-0.65591
125|-0.65591|-0.65591
126|-0.65591|-0.65591
127|-0.65591|-0.65591
128|-0.65591|-0.65591
129|-0.65591|-0.65591
130|-0.65591|-0.65591
131|-0.65591|-0.65591
132|-0.65591|-0.65591
133|-0.65591|-0.65591
134|-0.65591|-0.65591
135|-0.65591|-0.65591
136|-0.65591|-0.65591
137|-0.65591|-0.65591
138|-0.65591|-0.65591
139|-0.65591|-0.65591
140|-0.65591|-0.65591
141|-0.65591|-0.65591
142|-0.65591|-0.65591
143|-0.65591|-0.65591
144|-0.65591|-0.65591
145|-0.65591|-0.65591
146|-0.65591|-0.65591
147|-0.65591|-0.65591
148|-0.65591|-0.65591
149|-0.65591|-0.65591
150|-0.65591|-0.65591
151|-0.65591|-0.65591
EARLY STOP: TARGET FOUND
58336ms
