1|40.1628|40.1628
2|40.1628|40.1628
3|40.1628|40.1628
4|40.1628|40.1628
5|40.1628|40.1628
6|40.1628|40.1628
7|40.1628|40.1628
8|40.1628|40.1628
9|40.1628|40.1628
10|40.1628|40.1628
11|40.1628|40.1628
12|40.1628|40.1628
13|40.1628|40.1628
14|40.1628|40.1628
15|40.1628|40.1628
16|40.1628|40.1628
17|40.1628|40.1628
18|40.1628|40.1628
19|40.1628|40.1628
20|40.1628|40.1628
21|40.1628|40.1628
22|40.1628|40.1628
23|40.1628|40.1628
24|40.1628|40.1628
25|40.1628|40.1628
26|40.1628|40.1628
27|40.1628|40.1628
28|40.1628|40.1628
29|40.1628|40.1628
30|40.1628|40.1628
31|40.1628|40.1628
32|40.1628|40.1628
33|40.1628|40.1628
34|40.1628|40.1628
35|40.1628|40.1628
36|40.1628|40.1628
37|40.1628|40.1628
38|40.1628|40.1628
39|40.1628|40.1628
40|40.1628|40.1628
41|40.1628|40.1628
42|40.1628|40.1628
43|40.1628|40.1628
44|40.1628|40.1628
45|40.1628|40.1628
46|40.1628|40.1628
47|40.1628|40.1628
48|40.1628|40.1628
49|40.1628|40.1628
50|40.1628|40.1628
51|40.1628|40.1628
52|40.1628|40.1628
53|40.1628|40.1628
54|40.1628|40.1628
55|40.1628|40.1628
56|40.1628|40.1628
57|40.1628|40.1628
58|40.1628|40.1628
59|40.1628|40.1628
60|40.1628|40.1628
61|40.1628|40.1628
62|40.1628|40.1628
63|40.1628|40.1628
64|40.1628|40.1628
65|40.1628|40.1628
66|40.1628|40.1628
67|40.1628|40.1628
68|40.1628|40.1628
69|40.1628|40.1628
70|40.1628|40.1628
71|40.1628|40.1628
72|40.1628|40.1628
73|40.1628|40.1628
74|40.1628|40.1628
75|40.1628|40.1628
76|40.1628|40.1628
77|40.1628|40.1628
78|40.1628|40.1628
79|40.1628|40.1628
80|40.1628|40.1628
81|40.1628|40.1628
82|40.1628|40.1628
83|40.1628|40.1628
84|40.1628|40.1628
85|40.1628|40.1628
86|40.1628|40.1628
87|40.1628|40.1628
88|40.1628|40.1628
89|40.1628|40.1628
90|40.1628|40.1628
91|40.1628|40.1628
92|40.1628|40.1628
93|40.1628|40.1628
94|40.1628|40.1628
95|40.1628|40.1628
96|40.1628|40.1628
97|40.1628|40.1628
98|40.1628|40.1628
99|40.1628|40.1628
100|40.1628|40.1628
101|40.1628|40.1628
102|40.1628|40.1628
103|40.1628|40.1628
104|40.1628|40.1628
105|40.1628|40.1628
106|40.1628|40.1628
107|40.1628|40.1628
108|40.1628|40.1628
109|40.1628|40.1628
110|40.1628|40.1628
111|40.1628|40.1628
112|40.1628|40.1628
113|40.1628|40.1628
114|40.1628|40.1628
115|40.1628|40.1628
116|40.1628|40.1628
117|40.1628|40.1628
118|40.1628|40.1628
119|40.1628|40.1628
120|40.1628|40.1628
121|40.1628|40.1628
122|40.1628|40.1628
123|40.1628|40.1628
124|40.1628|40.1628
125|40.1628|40.1628
126|40.1628|40.1628
127|40.1628|40.1628
128|40.1628|40.1628
129|40.1628|40.1628
130|40.1628|40.1628
131|40.1628|40.1628
132|40.1628|40.1628
133|40.1628|40.1628
134|40.1628|40.1628
135|40.1628|40.1628
136|40.1628|40.1628
137|40.1628|40.1628
138|40.1628|40.1628
139|40.1628|40.1628
140|40.1628|40.1628
141|40.1628|40.1628
142|40.1628|40.1628
143|40.1628|40.1628
144|40.1628|40.1628
145|40.1628|40.1628
146|40.1628|40.1628
147|40.1628|40.1628
148|40.1628|40.1628
149|40.1628|40.1628
150|40.1628|40.1628
151|40.1628|40.1628
EARLY STOP: TARGET FOUND
303503ms
