1|136.792|136.792
2|136.792|136.792
3|136.792|136.792
4|136.792|136.792
5|136.792|136.792
6|136.792|136.792
7|136.792|136.792
8|136.792|136.792
9|136.792|136.792
10|136.792|136.792
11|136.792|136.792
12|136.792|136.792
13|136.792|136.792
14|136.792|136.792
15|136.792|136.792
16|136.792|136.792
17|136.792|136.792
18|136.792|136.792
19|136.792|136.792
20|136.792|136.792
21|136.792|136.792
22|136.792|136.792
23|136.792|136.792
24|136.792|136.792
25|136.792|136.792
26|136.792|136.792
27|136.792|136.792
28|136.792|136.792
29|136.792|136.792
30|136.792|136.792
31|136.792|136.792
32|136.792|136.792
33|136.792|136.792
34|136.792|136.792
35|136.792|136.792
36|136.792|136.792
37|136.792|136.792
38|136.792|136.792
39|136.792|136.792
40|136.792|136.792
41|136.792|136.792
42|136.792|136.792
43|136.792|136.792
44|136.792|136.792
45|136.792|136.792
46|136.792|136.792
47|136.792|136.792
48|136.792|136.792
49|136.792|136.792
50|136.792|136.792
51|136.792|136.792
52|136.792|136.792
53|136.792|136.792
54|136.792|136.792
55|136.792|136.792
56|136.792|136.792
57|136.792|136.792
58|136.792|136.792
59|136.792|136.792
60|136.792|136.792
61|136.792|136.792
62|136.792|136.792
63|136.792|136.792
64|136.792|136.792
65|136.792|136.792
66|136.792|136.792
67|136.792|136.792
68|136.792|136.792
69|136.792|136.792
70|136.792|136.792
71|136.792|136.792
72|136.792|136.792
73|136.792|136.792
74|136.792|136.792
75|136.792|136.792
76|136.792|136.792
77|136.792|136.792
78|136.792|136.792
79|136.792|136.792
80|136.792|136.792
81|136.792|136.792
82|136.792|136.792
83|136.792|136.792
84|136.792|136.792
85|136.792|136.792
86|136.792|136.792
87|136.792|136.792
88|136.792|136.792
89|136.792|136.792
90|136.792|136.792
91|136.792|136.792
92|136.792|136.792
93|136.792|136.792
94|136.792|136.792
95|136.792|136.792
96|136.792|136.792
97|136.792|136.792
98|136.792|136.792
99|136.792|136.792
100|136.792|136.792
101|136.792|136.792
102|136.792|136.792
103|136.792|136.792
104|136.792|136.792
105|136.792|136.792
106|136.792|136.792
107|136.792|136.792
108|136.792|136.792
109|136.792|136.792
110|136.792|136.792
111|136.792|136.792
112|136.792|136.792
113|136.792|136.792
114|136.792|136.792
115|136.792|136.792
116|136.792|136.792
117|136.792|136.792
118|136.792|136.792
119|136.792|136.792
120|136.792|136.792
121|136.792|136.792
122|136.792|136.792
123|136.792|136.792
124|136.792|136.792
125|136.792|136.792
126|136.792|136.792
127|136.792|136.792
128|136.792|136.792
129|136.792|136.792
130|136.792|136.792
131|136.792|136.792
132|136.792|136.792
133|136.792|136.792
134|136.792|136.792
135|136.792|136.792
136|136.792|136.792
137|136.792|136.792
138|136.792|136.792
139|136.792|136.792
140|136.792|136.792
141|136.792|136.792
142|136.792|136.792
143|136.792|136.792
144|136.792|136.792
145|136.792|136.792
146|136.792|136.792
147|136.792|136.792
148|136.792|136.792
149|136.792|136.792
150|136.792|136.792
151|136.792|136.792
EARLY STOP: TARGET FOUND
212976ms
