1|-401.314|-401.314
2|-401.314|-401.314
3|-401.314|-401.314
4|-401.314|-401.314
5|-401.314|-401.314
6|-401.314|-401.314
7|-401.314|-401.314
8|-401.314|-401.314
9|-401.314|-401.314
10|-401.314|-401.314
11|-401.314|-401.314
12|-401.314|-401.314
13|-401.314|-401.314
14|-401.314|-401.314
15|-401.314|-401.314
16|-401.314|-401.314
17|-401.314|-401.314
18|-401.314|-401.314
19|-401.314|-401.314
20|-401.314|-401.314
21|-401.314|-401.314
22|-401.314|-401.314
23|-401.314|-401.314
24|-401.314|-401.314
25|-401.314|-401.314
26|-401.314|-401.314
27|-401.314|-401.314
28|-401.314|-401.314
29|-401.314|-401.314
30|-401.314|-401.314
31|-401.314|-401.314
32|-401.314|-401.314
33|-401.314|-401.314
34|-401.314|-401.314
35|-401.314|-401.314
36|-401.314|-401.314
37|-401.314|-401.314
38|-401.314|-401.314
39|-401.314|-401.314
40|-401.314|-401.314
41|-401.314|-401.314
42|-401.314|-401.314
43|-401.314|-401.314
44|-401.314|-401.314
45|-401.314|-401.314
46|-401.314|-401.314
47|-401.314|-401.314
48|-401.314|-401.314
49|-401.314|-401.314
50|-401.314|-401.314
51|-401.314|-401.314
52|-401.314|-401.314
53|-401.314|-401.314
54|-401.314|-401.314
55|-401.314|-401.314
56|-401.314|-401.314
57|-401.314|-401.314
58|-401.314|-401.314
59|-401.314|-401.314
60|-401.314|-401.314
61|-401.314|-401.314
62|-401.314|-401.314
63|-401.314|-401.314
64|-401.314|-401.314
65|-401.314|-401.314
66|-401.314|-401.314
67|-401.314|-401.314
68|-401.314|-401.314
69|-401.314|-401.314
70|-401.314|-401.314
71|-401.314|-401.314
72|-401.314|-401.314
73|-401.314|-401.314
74|-401.314|-401.314
75|-401.314|-401.314
76|-401.314|-401.314
77|-401.314|-401.314
78|-401.314|-401.314
79|-401.314|-401.314
80|-401.314|-401.314
81|-401.314|-401.314
82|-401.314|-401.314
83|-401.314|-401.314
84|-401.314|-401.314
85|-401.314|-401.314
86|-401.314|-401.314
87|-401.314|-401.314
88|-401.314|-401.314
89|-401.314|-401.314
90|-401.314|-401.314
91|-401.314|-401.314
92|-401.314|-401.314
93|-401.314|-401.314
94|-401.314|-401.314
95|-401.314|-401.314
96|-401.314|-401.314
97|-401.314|-401.314
98|-401.314|-401.314
99|-401.314|-401.314
100|-401.314|-401.314
101|-401.314|-401.314
102|-401.314|-401.314
103|-401.314|-401.314
104|-401.314|-401.314
105|-401.314|-401.314
106|-401.314|-401.314
107|-401.314|-401.314
108|-401.314|-401.314
109|-401.314|-401.314
110|-401.314|-401.314
111|-401.314|-401.314
112|-401.314|-401.314
113|-401.314|-401.314
114|-401.314|-401.314
115|-401.314|-401.314
116|-401.314|-401.314
117|-401.314|-401.314
118|-401.314|-401.314
119|-401.314|-401.314
120|-401.314|-401.314
121|-401.314|-401.314
122|-401.314|-401.314
123|-401.314|-401.314
124|-401.314|-401.314
125|-401.314|-401.314
126|-401.314|-401.314
127|-401.314|-401.314
128|-401.314|-401.314
129|-401.314|-401.314
130|-401.314|-401.314
131|-401.314|-401.314
132|-401.314|-401.314
133|-401.314|-401.314
134|-401.314|-401.314
135|-401.314|-401.314
136|-401.314|-401.314
137|-401.314|-401.314
138|-401.314|-401.314
139|-401.314|-401.314
140|-401.314|-401.314
141|-401.314|-401.314
142|-401.314|-401.314
143|-401.314|-401.314
144|-401.314|-401.314
145|-401.314|-401.314
146|-401.314|-401.314
147|-401.314|-401.314
148|-401.314|-401.314
149|-401.314|-401.314
150|-401.314|-401.314
151|-401.314|-401.314
EARLY STOP: TARGET FOUND
2525676ms
