1|36.8763|36.8763
2|36.8763|36.8763
3|36.8763|36.8763
4|36.8763|36.8763
5|36.8763|36.8763
6|36.8763|36.8763
7|36.8763|36.8763
8|36.8763|36.8763
9|36.8763|36.8763
10|36.8763|36.8763
11|36.8763|36.8763
12|36.8763|36.8763
13|36.8763|36.8763
14|36.8763|36.8763
15|36.8763|36.8763
16|36.8763|36.8763
17|36.8763|36.8763
18|36.8763|36.8763
19|36.8763|36.8763
20|36.8763|36.8763
21|36.8763|36.8763
22|36.8763|36.8763
23|36.8763|36.8763
24|36.8763|36.8763
25|36.8763|36.8763
26|36.8763|36.8763
27|36.8763|36.8763
28|36.8763|36.8763
29|36.8763|36.8763
30|36.8763|36.8763
31|36.8763|36.8763
32|36.8763|36.8763
33|36.8763|36.8763
34|36.8763|36.8763
35|36.8763|36.8763
36|36.8763|36.8763
37|36.8763|36.8763
38|36.8763|36.8763
39|36.8763|36.8763
40|36.8763|36.8763
41|36.8763|36.8763
42|36.8763|36.8763
43|36.8763|36.8763
44|36.8763|36.8763
45|36.8763|36.8763
46|36.8763|36.8763
47|36.8763|36.8763
48|36.8763|36.8763
49|36.8763|36.8763
50|36.8763|36.8763
51|36.8763|36.8763
52|36.8763|36.8763
53|36.8763|36.8763
54|36.8763|36.8763
55|36.8763|36.8763
56|36.8763|36.8763
57|36.8763|36.8763
58|36.8763|36.8763
59|36.8763|36.8763
60|36.8763|36.8763
61|36.8763|36.8763
62|36.8763|36.8763
63|36.8763|36.8763
64|36.8763|36.8763
65|36.8763|36.8763
66|36.8763|36.8763
67|36.8763|36.8763
68|36.8763|36.8763
69|36.8763|36.8763
70|36.8763|36.8763
71|36.8763|36.8763
72|36.8763|36.8763
73|36.8763|36.8763
74|36.8763|36.8763
75|36.8763|36.8763
76|36.8763|36.8763
77|36.8763|36.8763
78|36.8763|36.8763
79|36.8763|36.8763
80|36.8763|36.8763
81|36.8763|36.8763
82|36.8763|36.8763
83|36.8763|36.8763
84|36.8763|36.8763
85|36.8763|36.8763
86|36.8763|36.8763
87|36.8763|36.8763
88|36.8763|36.8763
89|36.8763|36.8763
90|36.8763|36.8763
91|36.8763|36.8763
92|36.8763|36.8763
93|36.8763|36.8763
94|36.8763|36.8763
95|36.8763|36.8763
96|36.8763|36.8763
97|36.8763|36.8763
98|36.8763|36.8763
99|36.8763|36.8763
100|36.8763|36.8763
101|36.8763|36.8763
102|36.8763|36.8763
103|36.8763|36.8763
104|36.8763|36.8763
105|36.8763|36.8763
106|36.8763|36.8763
107|36.8763|36.8763
108|36.8763|36.8763
109|36.8763|36.8763
110|36.8763|36.8763
111|36.8763|36.8763
112|36.8763|36.8763
113|36.8763|36.8763
114|36.8763|36.8763
115|36.8763|36.8763
116|36.8763|36.8763
117|36.8763|36.8763
118|36.8763|36.8763
119|36.8763|36.8763
120|36.8763|36.8763
121|36.8763|36.8763
122|36.8763|36.8763
123|36.8763|36.8763
124|36.8763|36.8763
125|36.8763|36.8763
126|36.8763|36.8763
127|36.8763|36.8763
128|36.8763|36.8763
129|36.8763|36.8763
130|36.8763|36.8763
131|36.8763|36.8763
132|36.8763|36.8763
133|36.8763|36.8763
134|36.8763|36.8763
135|36.8763|36.8763
136|36.8763|36.8763
137|36.8763|36.8763
138|36.8763|36.8763
139|36.8763|36.8763
140|36.8763|36.8763
141|36.8763|36.8763
142|36.8763|36.8763
143|36.8763|36.8763
144|36.8763|36.8763
145|36.8763|36.8763
146|36.8763|36.8763
147|36.8763|36.8763
148|36.8763|36.8763
149|36.8763|36.8763
150|36.8763|36.8763
151|36.8763|36.8763
EARLY STOP: TARGET FOUND
58899ms
