1|42.8003|42.8003
2|42.8003|42.8003
3|42.8003|42.8003
4|42.8003|42.8003
5|42.8003|42.8003
6|42.8003|42.8003
7|42.8003|42.8003
8|42.8003|42.8003
9|42.8003|42.8003
10|42.8003|42.8003
11|42.8003|42.8003
12|42.8003|42.8003
13|42.8003|42.8003
14|42.8003|42.8003
15|42.8003|42.8003
16|42.8003|42.8003
17|42.8003|42.8003
18|42.8003|42.8003
19|42.8003|42.8003
20|42.8003|42.8003
21|42.8003|42.8003
22|42.8003|42.8003
23|42.8003|42.8003
24|42.8003|42.8003
25|42.8003|42.8003
26|42.8003|42.8003
27|42.8003|42.8003
28|42.8003|42.8003
29|42.8003|42.8003
30|42.8003|42.8003
31|42.8003|42.8003
32|42.8003|42.8003
33|42.8003|42.8003
34|42.8003|42.8003
35|42.8003|42.8003
36|42.8003|42.8003
37|42.8003|42.8003
38|42.8003|42.8003
39|42.8003|42.8003
40|42.8003|42.8003
41|42.8003|42.8003
42|42.8003|42.8003
43|42.8003|42.8003
44|42.8003|42.8003
45|42.8003|42.8003
46|42.8003|42.8003
47|42.8003|42.8003
48|42.8003|42.8003
49|42.8003|42.8003
50|42.8003|42.8003
51|42.8003|42.8003
52|42.8003|42.8003
53|42.8003|42.8003
54|42.8003|42.8003
55|42.8003|42.8003
56|42.8003|42.8003
57|42.8003|42.8003
58|42.8003|42.8003
59|42.8003|42.8003
60|42.8003|42.8003
61|42.8003|42.8003
62|42.8003|42.8003
63|42.8003|42.8003
64|42.8003|42.8003
65|42.8003|42.8003
66|42.8003|42.8003
67|42.8003|42.8003
68|42.8003|42.8003
69|42.8003|42.8003
70|42.8003|42.8003
71|42.8003|42.8003
72|42.8003|42.8003
73|42.8003|42.8003
74|42.8003|42.8003
75|42.8003|42.8003
76|42.8003|42.8003
77|42.8003|42.8003
78|42.8003|42.8003
79|42.8003|42.8003
80|42.8003|42.8003
81|42.8003|42.8003
82|42.8003|42.8003
83|42.8003|42.8003
84|42.8003|42.8003
85|42.8003|42.8003
86|42.8003|42.8003
87|42.8003|42.8003
88|42.8003|42.8003
89|42.8003|42.8003
90|42.8003|42.8003
91|42.8003|42.8003
92|42.8003|42.8003
93|42.8003|42.8003
94|42.8003|42.8003
95|42.8003|42.8003
96|42.8003|42.8003
97|42.8003|42.8003
98|42.8003|42.8003
99|42.8003|42.8003
100|42.8003|42.8003
101|42.8003|42.8003
102|42.8003|42.8003
103|42.8003|42.8003
104|42.8003|42.8003
105|42.8003|42.8003
106|42.8003|42.8003
107|42.8003|42.8003
108|42.8003|42.8003
109|42.8003|42.8003
110|42.8003|42.8003
111|42.8003|42.8003
112|42.8003|42.8003
113|42.8003|42.8003
114|42.8003|42.8003
115|42.8003|42.8003
116|42.8003|42.8003
117|42.8003|42.8003
118|42.8003|42.8003
119|42.8003|42.8003
120|42.8003|42.8003
121|42.8003|42.8003
122|42.8003|42.8003
123|42.8003|42.8003
124|42.8003|42.8003
125|42.8003|42.8003
126|42.8003|42.8003
127|42.8003|42.8003
128|42.8003|42.8003
129|42.8003|42.8003
130|42.8003|42.8003
131|42.8003|42.8003
132|42.8003|42.8003
133|42.8003|42.8003
134|42.8003|42.8003
135|42.8003|42.8003
136|42.8003|42.8003
137|42.8003|42.8003
138|42.8003|42.8003
139|42.8003|42.8003
140|42.8003|42.8003
141|42.8003|42.8003
142|42.8003|42.8003
143|42.8003|42.8003
144|42.8003|42.8003
145|42.8003|42.8003
146|42.8003|42.8003
147|42.8003|42.8003
148|42.8003|42.8003
149|42.8003|42.8003
150|42.8003|42.8003
151|42.8003|42.8003
EARLY STOP: TARGET FOUND
304233ms
