1|167.671|167.671
2|167.671|167.671
3|167.671|167.671
4|167.671|167.671
5|167.671|167.671
6|167.671|167.671
7|167.671|167.671
8|167.671|167.671
9|167.671|167.671
10|167.671|167.671
11|167.671|167.671
12|167.671|167.671
13|167.671|167.671
14|167.671|167.671
15|167.671|167.671
16|167.671|167.671
17|167.671|167.671
18|167.671|167.671
19|167.671|167.671
20|167.671|167.671
21|167.671|167.671
22|167.671|167.671
23|167.671|167.671
24|167.671|167.671
25|167.671|167.671
26|167.671|167.671
27|167.671|167.671
28|167.671|167.671
29|167.671|167.671
30|167.671|167.671
31|167.671|167.671
32|167.671|167.671
33|167.671|167.671
34|167.671|167.671
35|167.671|167.671
36|167.671|167.671
37|167.671|167.671
38|167.671|167.671
39|167.671|167.671
40|167.671|167.671
41|167.671|167.671
42|167.671|167.671
43|167.671|167.671
44|167.671|167.671
45|167.671|167.671
46|167.671|167.671
47|167.671|167.671
48|167.671|167.671
49|167.671|167.671
50|167.671|167.671
51|167.671|167.671
52|167.671|167.671
53|167.671|167.671
54|167.671|167.671
55|167.671|167.671
56|167.671|167.671
57|167.671|167.671
58|167.671|167.671
59|167.671|167.671
60|167.671|167.671
61|167.671|167.671
62|167.671|167.671
63|167.671|167.671
64|167.671|167.671
65|167.671|167.671
66|167.671|167.671
67|167.671|167.671
68|167.671|167.671
69|167.671|167.671
70|167.671|167.671
71|167.671|167.671
72|167.671|167.671
73|167.671|167.671
74|167.671|167.671
75|167.671|167.671
76|167.671|167.671
77|167.671|167.671
78|167.671|167.671
79|167.671|167.671
80|167.671|167.671
81|167.671|167.671
82|167.671|167.671
83|167.671|167.671
84|167.671|167.671
85|167.671|167.671
86|167.671|167.671
87|167.671|167.671
88|167.671|167.671
89|167.671|167.671
90|167.671|167.671
91|167.671|167.671
92|167.671|167.671
93|167.671|167.671
94|167.671|167.671
95|167.671|167.671
96|167.671|167.671
97|167.671|167.671
98|167.671|167.671
99|167.671|167.671
100|167.671|167.671
101|167.671|167.671
102|167.671|167.671
103|167.671|167.671
104|167.671|167.671
105|167.671|167.671
106|167.671|167.671
107|167.671|167.671
108|167.671|167.671
109|167.671|167.671
110|167.671|167.671
111|167.671|167.671
112|167.671|167.671
113|167.671|167.671
114|167.671|167.671
115|167.671|167.671
116|167.671|167.671
117|167.671|167.671
118|167.671|167.671
119|167.671|167.671
120|167.671|167.671
121|167.671|167.671
122|167.671|167.671
123|167.671|167.671
124|167.671|167.671
125|167.671|167.671
126|167.671|167.671
127|167.671|167.671
128|167.671|167.671
129|167.671|167.671
130|167.671|167.671
131|167.671|167.671
132|167.671|167.671
133|167.671|167.671
134|167.671|167.671
135|167.671|167.671
136|167.671|167.671
137|167.671|167.671
138|167.671|167.671
139|167.671|167.671
140|167.671|167.671
141|167.671|167.671
142|167.671|167.671
143|167.671|167.671
144|167.671|167.671
145|167.671|167.671
146|167.671|167.671
147|167.671|167.671
148|167.671|167.671
149|167.671|167.671
150|167.671|167.671
151|167.671|167.671
EARLY STOP: TARGET FOUND
211483ms
