1|65.968|65.968
2|65.968|65.968
3|65.968|65.968
4|65.968|65.968
5|65.968|65.968
6|65.968|65.968
7|65.968|65.968
8|65.968|65.968
9|65.968|65.968
10|65.968|65.968
11|65.968|65.968
12|65.968|65.968
13|65.968|65.968
14|65.968|65.968
15|65.968|65.968
16|65.968|65.968
17|65.968|65.968
18|65.968|65.968
19|65.968|65.968
20|65.968|65.968
21|65.968|65.968
22|65.968|65.968
23|65.968|65.968
24|65.968|65.968
25|65.968|65.968
26|65.968|65.968
27|65.968|65.968
28|65.968|65.968
29|65.968|65.968
30|65.968|65.968
31|65.968|65.968
32|65.968|65.968
33|65.968|65.968
34|65.968|65.968
35|65.968|65.968
36|65.968|65.968
37|65.968|65.968
38|65.968|65.968
39|65.968|65.968
40|65.968|65.968
41|65.968|65.968
42|65.968|65.968
43|65.968|65.968
44|65.968|65.968
45|65.968|65.968
46|65.968|65.968
47|65.968|65.968
48|65.968|65.968
49|65.968|65.968
50|65.968|65.968
51|65.968|65.968
52|65.968|65.968
53|65.968|65.968
54|65.968|65.968
55|65.968|65.968
56|65.968|65.968
57|65.968|65.968
58|65.968|65.968
59|65.968|65.968
60|65.968|65.968
61|65.968|65.968
62|65.968|65.968
63|65.968|65.968
64|65.968|65.968
65|65.968|65.968
66|65.968|65.968
67|65.968|65.968
68|65.968|65.968
69|65.968|65.968
70|65.968|65.968
71|65.968|65.968
72|65.968|65.968
73|65.968|65.968
74|65.968|65.968
75|65.968|65.968
76|65.968|65.968
77|65.968|65.968
78|65.968|65.968
79|65.968|65.968
80|65.968|65.968
81|65.968|65.968
82|65.968|65.968
83|65.968|65.968
84|65.968|65.968
85|65.968|65.968
86|65.968|65.968
87|65.968|65.968
88|65.968|65.968
89|65.968|65.968
90|65.968|65.968
91|65.968|65.968
92|65.968|65.968
93|65.968|65.968
94|65.968|65.968
95|65.968|65.968
96|65.968|65.968
97|65.968|65.968
98|65.968|65.968
99|65.968|65.968
100|65.968|65.968
101|65.968|65.968
102|65.968|65.968
103|65.968|65.968
104|65.968|65.968
105|65.968|65.968
106|65.968|65.968
107|65.968|65.968
108|65.968|65.968
109|65.968|65.968
110|65.968|65.968
111|65.968|65.968
112|65.968|65.968
113|65.968|65.968
114|65.968|65.968
115|65.968|65.968
116|65.968|65.968
117|65.968|65.968
118|65.968|65.968
119|65.968|65.968
120|65.968|65.968
121|65.968|65.968
122|65.968|65.968
123|65.968|65.968
124|65.968|65.968
125|65.968|65.968
126|65.968|65.968
127|65.968|65.968
128|65.968|65.968
129|65.968|65.968
130|65.968|65.968
131|65.968|65.968
132|65.968|65.968
133|65.968|65.968
134|65.968|65.968
135|65.968|65.968
136|65.968|65.968
137|65.968|65.968
138|65.968|65.968
139|65.968|65.968
140|65.968|65.968
141|65.968|65.968
142|65.968|65.968
143|65.968|65.968
144|65.968|65.968
145|65.968|65.968
146|65.968|65.968
147|65.968|65.968
148|65.968|65.968
149|65.968|65.968
150|65.968|65.968
151|65.968|65.968
EARLY STOP: TARGET FOUND
59346ms
