1|317.216|317.216
2|317.216|317.216
3|317.216|317.216
4|317.216|317.216
5|317.216|317.216
6|317.216|317.216
7|317.216|317.216
8|317.216|317.216
9|317.216|317.216
10|317.216|317.216
11|317.216|317.216
12|317.216|317.216
13|317.216|317.216
14|317.216|317.216
15|317.216|317.216
16|317.216|317.216
17|317.216|317.216
18|317.216|317.216
19|317.216|317.216
20|317.216|317.216
21|317.216|317.216
22|317.216|317.216
23|317.216|317.216
24|317.216|317.216
25|317.216|317.216
26|317.216|317.216
27|317.216|317.216
28|317.216|317.216
29|317.216|317.216
30|317.216|317.216
31|317.216|317.216
32|317.216|317.216
33|317.216|317.216
34|317.216|317.216
35|317.216|317.216
36|317.216|317.216
37|317.216|317.216
38|317.216|317.216
39|317.216|317.216
40|317.216|317.216
41|317.216|317.216
42|317.216|317.216
43|317.216|317.216
44|317.216|317.216
45|317.216|317.216
46|317.216|317.216
47|317.216|317.216
48|317.216|317.216
49|317.216|317.216
50|317.216|317.216
51|317.216|317.216
52|317.216|317.216
53|317.216|317.216
54|317.216|317.216
55|317.216|317.216
56|317.216|317.216
57|317.216|317.216
58|317.216|317.216
59|317.216|317.216
60|317.216|317.216
61|317.216|317.216
62|317.216|317.216
63|317.216|317.216
64|317.216|317.216
65|317.216|317.216
66|317.216|317.216
67|317.216|317.216
68|317.216|317.216
69|317.216|317.216
70|317.216|317.216
71|317.216|317.216
72|317.216|317.216
73|317.216|317.216
74|317.216|317.216
75|317.216|317.216
76|317.216|317.216
77|317.216|317.216
78|317.216|317.216
79|317.216|317.216
80|317.216|317.216
81|317.216|317.216
82|317.216|317.216
83|317.216|317.216
84|317.216|317.216
85|317.216|317.216
86|317.216|317.216
87|317.216|317.216
88|317.216|317.216
89|317.216|317.216
90|317.216|317.216
91|317.216|317.216
92|317.216|317.216
93|317.216|317.216
94|317.216|317.216
95|317.216|317.216
96|317.216|317.216
97|317.216|317.216
98|317.216|317.216
99|317.216|317.216
100|317.216|317.216
101|317.216|317.216
102|317.216|317.216
103|317.216|317.216
104|317.216|317.216
105|317.216|317.216
106|317.216|317.216
107|317.216|317.216
108|317.216|317.216
109|317.216|317.216
110|317.216|317.216
111|317.216|317.216
112|317.216|317.216
113|317.216|317.216
114|317.216|317.216
115|317.216|317.216
116|317.216|317.216
117|317.216|317.216
118|317.216|317.216
119|317.216|317.216
120|317.216|317.216
121|317.216|317.216
122|317.216|317.216
123|317.216|317.216
124|317.216|317.216
125|317.216|317.216
126|317.216|317.216
127|317.216|317.216
128|317.216|317.216
129|317.216|317.216
130|317.216|317.216
131|317.216|317.216
132|317.216|317.216
133|317.216|317.216
134|317.216|317.216
135|317.216|317.216
136|317.216|317.216
137|317.216|317.216
138|317.216|317.216
139|317.216|317.216
140|317.216|317.216
141|317.216|317.216
142|317.216|317.216
143|317.216|317.216
144|317.216|317.216
145|317.216|317.216
146|317.216|317.216
147|317.216|317.216
148|317.216|317.216
149|317.216|317.216
150|317.216|317.216
151|317.216|317.216
EARLY STOP: TARGET FOUND
1714519ms
