1|64.1495|64.1495
2|64.1495|64.1495
3|64.1495|64.1495
4|64.1495|64.1495
5|64.1495|64.1495
6|64.1495|64.1495
7|64.1495|64.1495
8|64.1495|64.1495
9|64.1495|64.1495
10|64.1495|64.1495
11|64.1495|64.1495
12|64.1495|64.1495
13|64.1495|64.1495
14|64.1495|64.1495
15|64.1495|64.1495
16|64.1495|64.1495
17|64.1495|64.1495
18|64.1495|64.1495
19|64.1495|64.1495
20|64.1495|64.1495
21|64.1495|64.1495
22|64.1495|64.1495
23|64.1495|64.1495
24|64.1495|64.1495
25|64.1495|64.1495
26|64.1495|64.1495
27|64.1495|64.1495
28|64.1495|64.1495
29|64.1495|64.1495
30|64.1495|64.1495
31|64.1495|64.1495
32|64.1495|64.1495
33|64.1495|64.1495
34|64.1495|64.1495
35|64.1495|64.1495
36|64.1495|64.1495
37|64.1495|64.1495
38|64.1495|64.1495
39|64.1495|64.1495
40|64.1495|64.1495
41|64.1495|64.1495
42|64.1495|64.1495
43|64.1495|64.1495
44|64.1495|64.1495
45|64.1495|64.1495
46|64.1495|64.1495
47|64.1495|64.1495
48|64.1495|64.1495
49|64.1495|64.1495
50|64.1495|64.1495
51|64.1495|64.1495
52|64.1495|64.1495
53|64.1495|64.1495
54|64.1495|64.1495
55|64.1495|64.1495
56|64.1495|64.1495
57|64.1495|64.1495
58|64.1495|64.1495
59|64.1495|64.1495
60|64.1495|64.1495
61|64.1495|64.1495
62|64.1495|64.1495
63|64.1495|64.1495
64|64.1495|64.1495
65|64.1495|64.1495
66|64.1495|64.1495
67|64.1495|64.1495
68|64.1495|64.1495
69|64.1495|64.1495
70|64.1495|64.1495
71|64.1495|64.1495
72|64.1495|64.1495
73|64.1495|64.1495
74|64.1495|64.1495
75|64.1495|64.1495
76|64.1495|64.1495
77|64.1495|64.1495
78|64.1495|64.1495
79|64.1495|64.1495
80|64.1495|64.1495
81|64.1495|64.1495
82|64.1495|64.1495
83|64.1495|64.1495
84|64.1495|64.1495
85|64.1495|64.1495
86|64.1495|64.1495
87|64.1495|64.1495
88|64.1495|64.1495
89|64.1495|64.1495
90|64.1495|64.1495
91|64.1495|64.1495
92|64.1495|64.1495
93|64.1495|64.1495
94|64.1495|64.1495
95|64.1495|64.1495
96|64.1495|64.1495
97|64.1495|64.1495
98|64.1495|64.1495
99|64.1495|64.1495
100|64.1495|64.1495
101|64.1495|64.1495
102|64.1495|64.1495
103|64.1495|64.1495
104|64.1495|64.1495
105|64.1495|64.1495
106|64.1495|64.1495
107|64.1495|64.1495
108|64.1495|64.1495
109|64.1495|64.1495
110|64.1495|64.1495
111|64.1495|64.1495
112|64.1495|64.1495
113|64.1495|64.1495
114|64.1495|64.1495
115|64.1495|64.1495
116|64.1495|64.1495
117|64.1495|64.1495
118|64.1495|64.1495
119|64.1495|64.1495
120|64.1495|64.1495
121|64.1495|64.1495
122|64.1495|64.1495
123|64.1495|64.1495
124|64.1495|64.1495
125|64.1495|64.1495
126|64.1495|64.1495
127|64.1495|64.1495
128|64.1495|64.1495
129|64.1495|64.1495
130|64.1495|64.1495
131|64.1495|64.1495
132|64.1495|64.1495
133|64.1495|64.1495
134|64.1495|64.1495
135|64.1495|64.1495
136|64.1495|64.1495
137|64.1495|64.1495
138|64.1495|64.1495
139|64.1495|64.1495
140|64.1495|64.1495
141|64.1495|64.1495
142|64.1495|64.1495
143|64.1495|64.1495
144|64.1495|64.1495
145|64.1495|64.1495
146|64.1495|64.1495
147|64.1495|64.1495
148|64.1495|64.1495
149|64.1495|64.1495
150|64.1495|64.1495
151|64.1495|64.1495
EARLY STOP: TARGET FOUND
59096ms
