1|232.486|232.486
2|232.486|232.486
3|232.486|232.486
4|232.486|232.486
5|232.486|232.486
6|232.486|232.486
7|232.486|232.486
8|232.486|232.486
9|232.486|232.486
10|232.486|232.486
11|232.486|232.486
12|232.486|232.486
13|232.486|232.486
14|232.486|232.486
15|232.486|232.486
16|232.486|232.486
17|232.486|232.486
18|232.486|232.486
19|232.486|232.486
20|232.486|232.486
21|232.486|232.486
22|232.486|232.486
23|232.486|232.486
24|232.486|232.486
25|232.486|232.486
26|232.486|232.486
27|232.486|232.486
28|232.486|232.486
29|232.486|232.486
30|232.486|232.486
31|232.486|232.486
32|232.486|232.486
33|232.486|232.486
34|232.486|232.486
35|232.486|232.486
36|232.486|232.486
37|232.486|232.486
38|232.486|232.486
39|232.486|232.486
40|232.486|232.486
41|232.486|232.486
42|232.486|232.486
43|232.486|232.486
44|232.486|232.486
45|232.486|232.486
46|232.486|232.486
47|232.486|232.486
48|232.486|232.486
49|232.486|232.486
50|232.486|232.486
51|232.486|232.486
52|232.486|232.486
53|232.486|232.486
54|232.486|232.486
55|232.486|232.486
56|232.486|232.486
57|232.486|232.486
58|232.486|232.486
59|232.486|232.486
60|232.486|232.486
61|232.486|232.486
62|232.486|232.486
63|232.486|232.486
64|232.486|232.486
65|232.486|232.486
66|232.486|232.486
67|232.486|232.486
68|232.486|232.486
69|232.486|232.486
70|232.486|232.486
71|232.486|232.486
72|232.486|232.486
73|232.486|232.486
74|232.486|232.486
75|232.486|232.486
76|232.486|232.486
77|232.486|232.486
78|232.486|232.486
79|232.486|232.486
80|232.486|232.486
81|232.486|232.486
82|232.486|232.486
83|232.486|232.486
84|232.486|232.486
85|232.486|232.486
86|232.486|232.486
87|232.486|232.486
88|232.486|232.486
89|232.486|232.486
90|232.486|232.486
91|232.486|232.486
92|232.486|232.486
93|232.486|232.486
94|232.486|232.486
95|232.486|232.486
96|232.486|232.486
97|232.486|232.486
98|232.486|232.486
99|232.486|232.486
100|232.486|232.486
101|232.486|232.486
102|232.486|232.486
103|232.486|232.486
104|232.486|232.486
105|232.486|232.486
106|232.486|232.486
107|232.486|232.486
108|232.486|232.486
109|232.486|232.486
110|232.486|232.486
111|232.486|232.486
112|232.486|232.486
113|232.486|232.486
114|232.486|232.486
115|232.486|232.486
116|232.486|232.486
117|232.486|232.486
118|232.486|232.486
119|232.486|232.486
120|232.486|232.486
121|232.486|232.486
122|232.486|232.486
123|232.486|232.486
124|232.486|232.486
125|232.486|232.486
126|232.486|232.486
127|232.486|232.486
128|232.486|232.486
129|232.486|232.486
130|232.486|232.486
131|232.486|232.486
132|232.486|232.486
133|232.486|232.486
134|232.486|232.486
135|232.486|232.486
136|232.486|232.486
137|232.486|232.486
138|232.486|232.486
139|232.486|232.486
140|232.486|232.486
141|232.486|232.486
142|232.486|232.486
143|232.486|232.486
144|232.486|232.486
145|232.486|232.486
146|232.486|232.486
147|232.486|232.486
148|232.486|232.486
149|232.486|232.486
150|232.486|232.486
151|232.486|232.486
EARLY STOP: TARGET FOUND
214742ms
