1|16.4809|16.4809
2|16.4809|16.4809
3|16.4809|16.4809
4|16.4809|16.4809
5|16.4809|16.4809
6|16.4809|16.4809
7|16.4809|16.4809
8|16.4809|16.4809
9|16.4809|16.4809
10|16.4809|16.4809
11|16.4809|16.4809
12|16.4809|16.4809
13|16.4809|16.4809
14|16.4809|16.4809
15|16.4809|16.4809
16|16.4809|16.4809
17|16.4809|16.4809
18|16.4809|16.4809
19|16.4809|16.4809
20|16.4809|16.4809
21|16.4809|16.4809
22|16.4809|16.4809
23|16.4809|16.4809
24|16.4809|16.4809
25|16.4809|16.4809
26|16.4809|16.4809
27|16.4809|16.4809
28|16.4809|16.4809
29|16.4809|16.4809
30|16.4809|16.4809
31|16.4809|16.4809
32|16.4809|16.4809
33|16.4809|16.4809
34|16.4809|16.4809
35|16.4809|16.4809
36|16.4809|16.4809
37|16.4809|16.4809
38|16.4809|16.4809
39|16.4809|16.4809
40|16.4809|16.4809
41|16.4809|16.4809
42|16.4809|16.4809
43|16.4809|16.4809
44|16.4809|16.4809
45|16.4809|16.4809
46|16.4809|16.4809
47|16.4809|16.4809
48|16.4809|16.4809
49|16.4809|16.4809
50|16.4809|16.4809
51|16.4809|16.4809
52|16.4809|16.4809
53|16.4809|16.4809
54|16.4809|16.4809
55|16.4809|16.4809
56|16.4809|16.4809
57|16.4809|16.4809
58|16.4809|16.4809
59|16.4809|16.4809
60|16.4809|16.4809
61|16.4809|16.4809
62|16.4809|16.4809
63|16.4809|16.4809
64|16.4809|16.4809
65|16.4809|16.4809
66|16.4809|16.4809
67|16.4809|16.4809
68|16.4809|16.4809
69|16.4809|16.4809
70|16.4809|16.4809
71|16.4809|16.4809
72|16.4809|16.4809
73|16.4809|16.4809
74|16.4809|16.4809
75|16.4809|16.4809
76|16.4809|16.4809
77|16.4809|16.4809
78|16.4809|16.4809
79|16.4809|16.4809
80|16.4809|16.4809
81|16.4809|16.4809
82|16.4809|16.4809
83|16.4809|16.4809
84|16.4809|16.4809
85|16.4809|16.4809
86|16.4809|16.4809
87|16.4809|16.4809
88|16.4809|16.4809
89|16.4809|16.4809
90|16.4809|16.4809
91|16.4809|16.4809
92|16.4809|16.4809
93|16.4809|16.4809
94|16.4809|16.4809
95|16.4809|16.4809
96|16.4809|16.4809
97|16.4809|16.4809
98|16.4809|16.4809
99|16.4809|16.4809
100|16.4809|16.4809
101|16.4809|16.4809
102|16.4809|16.4809
103|16.4809|16.4809
104|16.4809|16.4809
105|16.4809|16.4809
106|16.4809|16.4809
107|16.4809|16.4809
108|16.4809|16.4809
109|16.4809|16.4809
110|16.4809|16.4809
111|16.4809|16.4809
112|16.4809|16.4809
113|16.4809|16.4809
114|16.4809|16.4809
115|16.4809|16.4809
116|16.4809|16.4809
117|16.4809|16.4809
118|16.4809|16.4809
119|16.4809|16.4809
120|16.4809|16.4809
121|16.4809|16.4809
122|16.4809|16.4809
123|16.4809|16.4809
124|16.4809|16.4809
125|16.4809|16.4809
126|16.4809|16.4809
127|16.4809|16.4809
128|16.4809|16.4809
129|16.4809|16.4809
130|16.4809|16.4809
131|16.4809|16.4809
132|16.4809|16.4809
133|16.4809|16.4809
134|16.4809|16.4809
135|16.4809|16.4809
136|16.4809|16.4809
137|16.4809|16.4809
138|16.4809|16.4809
139|16.4809|16.4809
140|16.4809|16.4809
141|16.4809|16.4809
142|16.4809|16.4809
143|16.4809|16.4809
144|16.4809|16.4809
145|16.4809|16.4809
146|16.4809|16.4809
147|16.4809|16.4809
148|16.4809|16.4809
149|16.4809|16.4809
150|16.4809|16.4809
151|16.4809|16.4809
EARLY STOP: TARGET FOUND
59574ms
