1|532.798|532.798
2|532.798|532.798
3|532.798|532.798
4|532.798|532.798
5|532.798|532.798
6|532.798|532.798
7|532.798|532.798
8|532.798|532.798
9|532.798|532.798
10|532.798|532.798
11|532.798|532.798
12|532.798|532.798
13|532.798|532.798
14|532.798|532.798
15|532.798|532.798
16|532.798|532.798
17|532.798|532.798
18|532.798|532.798
19|532.798|532.798
20|532.798|532.798
21|532.798|532.798
22|532.798|532.798
23|532.798|532.798
24|532.798|532.798
25|532.798|532.798
26|532.798|532.798
27|532.798|532.798
28|532.798|532.798
29|532.798|532.798
30|532.798|532.798
31|532.798|532.798
32|532.798|532.798
33|532.798|532.798
34|532.798|532.798
35|532.798|532.798
36|532.798|532.798
37|532.798|532.798
38|532.798|532.798
39|532.798|532.798
40|532.798|532.798
41|532.798|532.798
42|532.798|532.798
43|532.798|532.798
44|532.798|532.798
45|532.798|532.798
46|532.798|532.798
47|532.798|532.798
48|532.798|532.798
49|532.798|532.798
50|532.798|532.798
51|532.798|532.798
52|532.798|532.798
53|532.798|532.798
54|532.798|532.798
55|532.798|532.798
56|532.798|532.798
57|532.798|532.798
58|532.798|532.798
59|532.798|532.798
60|532.798|532.798
61|532.798|532.798
62|532.798|532.798
63|532.798|532.798
64|532.798|532.798
65|532.798|532.798
66|532.798|532.798
67|532.798|532.798
68|532.798|532.798
69|532.798|532.798
70|532.798|532.798
71|532.798|532.798
72|532.798|532.798
73|532.798|532.798
74|532.798|532.798
75|532.798|532.798
76|532.798|532.798
77|532.798|532.798
78|532.798|532.798
79|532.798|532.798
80|532.798|532.798
81|532.798|532.798
82|532.798|532.798
83|532.798|532.798
84|532.798|532.798
85|532.798|532.798
86|532.798|532.798
87|532.798|532.798
88|532.798|532.798
89|532.798|532.798
90|532.798|532.798
91|532.798|532.798
92|532.798|532.798
93|532.798|532.798
94|532.798|532.798
95|532.798|532.798
96|532.798|532.798
97|532.798|532.798
98|532.798|532.798
99|532.798|532.798
100|532.798|532.798
101|532.798|532.798
102|532.798|532.798
103|532.798|532.798
104|532.798|532.798
105|532.798|532.798
106|532.798|532.798
107|532.798|532.798
108|532.798|532.798
109|532.798|532.798
110|532.798|532.798
111|532.798|532.798
112|532.798|532.798
113|532.798|532.798
114|532.798|532.798
115|532.798|532.798
116|532.798|532.798
117|532.798|532.798
118|532.798|532.798
119|532.798|532.798
120|532.798|532.798
121|532.798|532.798
122|532.798|532.798
123|532.798|532.798
124|532.798|532.798
125|532.798|532.798
126|532.798|532.798
127|532.798|532.798
128|532.798|532.798
129|532.798|532.798
130|532.798|532.798
131|532.798|532.798
132|532.798|532.798
133|532.798|532.798
134|532.798|532.798
135|532.798|532.798
136|532.798|532.798
137|532.798|532.798
138|532.798|532.798
139|532.798|532.798
140|532.798|532.798
141|532.798|532.798
142|532.798|532.798
143|532.798|532.798
144|532.798|532.798
145|532.798|532.798
146|532.798|532.798
147|532.798|532.798
148|532.798|532.798
149|532.798|532.798
150|532.798|532.798
151|532.798|532.798
EARLY STOP: TARGET FOUND
1734474ms
