1|-3.22474|-3.22474
2|-3.22474|-3.22474
3|-3.22474|-3.22474
4|-3.22474|-3.22474
5|-3.22474|-3.22474
6|-3.22474|-3.22474
7|-3.22474|-3.22474
8|-3.22474|-3.22474
9|-3.22474|-3.22474
10|-3.22474|-3.22474
11|-3.22474|-3.22474
12|-3.22474|-3.22474
13|-3.22474|-3.22474
14|-3.22474|-3.22474
15|-3.22474|-3.22474
16|-3.22474|-3.22474
17|-3.22474|-3.22474
18|-3.22474|-3.22474
19|-3.22474|-3.22474
20|-3.22474|-3.22474
21|-3.22474|-3.22474
22|-3.22474|-3.22474
23|-3.22474|-3.22474
24|-3.22474|-3.22474
25|-3.22474|-3.22474
26|-3.22474|-3.22474
27|-3.22474|-3.22474
28|-3.22474|-3.22474
29|-3.22474|-3.22474
30|-3.22474|-3.22474
31|-3.22474|-3.22474
32|-3.22474|-3.22474
33|-3.22474|-3.22474
34|-3.22474|-3.22474
35|-3.22474|-3.22474
36|-3.22474|-3.22474
37|-3.22474|-3.22474
38|-3.22474|-3.22474
39|-3.22474|-3.22474
40|-3.22474|-3.22474
41|-3.22474|-3.22474
42|-3.22474|-3.22474
43|-3.22474|-3.22474
44|-3.22474|-3.22474
45|-3.22474|-3.22474
46|-3.22474|-3.22474
47|-3.22474|-3.22474
48|-3.22474|-3.22474
49|-3.22474|-3.22474
50|-3.22474|-3.22474
51|-3.22474|-3.22474
52|-3.22474|-3.22474
53|-3.22474|-3.22474
54|-3.22474|-3.22474
55|-3.22474|-3.22474
56|-3.22474|-3.22474
57|-3.22474|-3.22474
58|-3.22474|-3.22474
59|-3.22474|-3.22474
60|-3.22474|-3.22474
61|-3.22474|-3.22474
62|-3.22474|-3.22474
63|-3.22474|-3.22474
64|-3.22474|-3.22474
65|-3.22474|-3.22474
66|-3.22474|-3.22474
67|-3.22474|-3.22474
68|-3.22474|-3.22474
69|-3.22474|-3.22474
70|-3.22474|-3.22474
71|-3.22474|-3.22474
72|-3.22474|-3.22474
73|-3.22474|-3.22474
74|-3.22474|-3.22474
75|-3.22474|-3.22474
76|-3.22474|-3.22474
77|-3.22474|-3.22474
78|-3.22474|-3.22474
79|-3.22474|-3.22474
80|-3.22474|-3.22474
81|-3.22474|-3.22474
82|-3.22474|-3.22474
83|-3.22474|-3.22474
84|-3.22474|-3.22474
85|-3.22474|-3.22474
86|-3.22474|-3.22474
87|-3.22474|-3.22474
88|-3.22474|-3.22474
89|-3.22474|-3.22474
90|-3.22474|-3.22474
91|-3.22474|-3.22474
92|-3.22474|-3.22474
93|-3.22474|-3.22474
94|-3.22474|-3.22474
95|-3.22474|-3.22474
96|-3.22474|-3.22474
97|-3.22474|-3.22474
98|-3.22474|-3.22474
99|-3.22474|-3.22474
100|-3.22474|-3.22474
101|-3.22474|-3.22474
102|-3.22474|-3.22474
103|-3.22474|-3.22474
104|-3.22474|-3.22474
105|-3.22474|-3.22474
106|-3.22474|-3.22474
107|-3.22474|-3.22474
108|-3.22474|-3.22474
109|-3.22474|-3.22474
110|-3.22474|-3.22474
111|-3.22474|-3.22474
112|-3.22474|-3.22474
113|-3.22474|-3.22474
114|-3.22474|-3.22474
115|-3.22474|-3.22474
116|-3.22474|-3.22474
117|-3.22474|-3.22474
118|-3.22474|-3.22474
119|-3.22474|-3.22474
120|-3.22474|-3.22474
121|-3.22474|-3.22474
122|-3.22474|-3.22474
123|-3.22474|-3.22474
124|-3.22474|-3.22474
125|-3.22474|-3.22474
126|-3.22474|-3.22474
127|-3.22474|-3.22474
128|-3.22474|-3.22474
129|-3.22474|-3.22474
130|-3.22474|-3.22474
131|-3.22474|-3.22474
132|-3.22474|-3.22474
133|-3.22474|-3.22474
134|-3.22474|-3.22474
135|-3.22474|-3.22474
136|-3.22474|-3.22474
137|-3.22474|-3.22474
138|-3.22474|-3.22474
139|-3.22474|-3.22474
140|-3.22474|-3.22474
141|-3.22474|-3.22474
142|-3.22474|-3.22474
143|-3.22474|-3.22474
144|-3.22474|-3.22474
145|-3.22474|-3.22474
146|-3.22474|-3.22474
147|-3.22474|-3.22474
148|-3.22474|-3.22474
149|-3.22474|-3.22474
150|-3.22474|-3.22474
151|-3.22474|-3.22474
EARLY STOP: TARGET FOUND
1741606ms
