1|-3.91408|-3.91408
2|-3.91408|-3.91408
3|-3.91408|-3.91408
4|-3.91408|-3.91408
5|-3.91408|-3.91408
6|-3.91408|-3.91408
7|-3.91408|-3.91408
8|-3.91408|-3.91408
9|-3.91408|-3.91408
10|-3.91408|-3.91408
11|-3.91408|-3.91408
12|-3.91408|-3.91408
13|-3.91408|-3.91408
14|-3.91408|-3.91408
15|-3.91408|-3.91408
16|-3.91408|-3.91408
17|-3.91408|-3.91408
18|-3.91408|-3.91408
19|-3.91408|-3.91408
20|-3.91408|-3.91408
21|-3.91408|-3.91408
22|-3.91408|-3.91408
23|-3.91408|-3.91408
24|-3.91408|-3.91408
25|-3.91408|-3.91408
26|-3.91408|-3.91408
27|-3.91408|-3.91408
28|-3.91408|-3.91408
29|-3.91408|-3.91408
30|-3.91408|-3.91408
31|-3.91408|-3.91408
32|-3.91408|-3.91408
33|-3.91408|-3.91408
34|-3.91408|-3.91408
35|-3.91408|-3.91408
36|-3.91408|-3.91408
37|-3.91408|-3.91408
38|-3.91408|-3.91408
39|-3.91408|-3.91408
40|-3.91408|-3.91408
41|-3.91408|-3.91408
42|-3.91408|-3.91408
43|-3.91408|-3.91408
44|-3.91408|-3.91408
45|-3.91408|-3.91408
46|-3.91408|-3.91408
47|-3.91408|-3.91408
48|-3.91408|-3.91408
49|-3.91408|-3.91408
50|-3.91408|-3.91408
51|-3.91408|-3.91408
52|-3.91408|-3.91408
53|-3.91408|-3.91408
54|-3.91408|-3.91408
55|-3.91408|-3.91408
56|-3.91408|-3.91408
57|-3.91408|-3.91408
58|-3.91408|-3.91408
59|-3.91408|-3.91408
60|-3.91408|-3.91408
61|-3.91408|-3.91408
62|-3.91408|-3.91408
63|-3.91408|-3.91408
64|-3.91408|-3.91408
65|-3.91408|-3.91408
66|-3.91408|-3.91408
67|-3.91408|-3.91408
68|-3.91408|-3.91408
69|-3.91408|-3.91408
70|-3.91408|-3.91408
71|-3.91408|-3.91408
72|-3.91408|-3.91408
73|-3.91408|-3.91408
74|-3.91408|-3.91408
75|-3.91408|-3.91408
76|-3.91408|-3.91408
77|-3.91408|-3.91408
78|-3.91408|-3.91408
79|-3.91408|-3.91408
80|-3.91408|-3.91408
81|-3.91408|-3.91408
82|-3.91408|-3.91408
83|-3.91408|-3.91408
84|-3.91408|-3.91408
85|-3.91408|-3.91408
86|-3.91408|-3.91408
87|-3.91408|-3.91408
88|-3.91408|-3.91408
89|-3.91408|-3.91408
90|-3.91408|-3.91408
91|-3.91408|-3.91408
92|-3.91408|-3.91408
93|-3.91408|-3.91408
94|-3.91408|-3.91408
95|-3.91408|-3.91408
96|-3.91408|-3.91408
97|-3.91408|-3.91408
98|-3.91408|-3.91408
99|-3.91408|-3.91408
100|-3.91408|-3.91408
101|-3.91408|-3.91408
102|-3.91408|-3.91408
103|-3.91408|-3.91408
104|-3.91408|-3.91408
105|-3.91408|-3.91408
106|-3.91408|-3.91408
107|-3.91408|-3.91408
108|-3.91408|-3.91408
109|-3.91408|-3.91408
110|-3.91408|-3.91408
111|-3.91408|-3.91408
112|-3.91408|-3.91408
113|-3.91408|-3.91408
114|-3.91408|-3.91408
115|-3.91408|-3.91408
116|-3.91408|-3.91408
117|-3.91408|-3.91408
118|-3.91408|-3.91408
119|-3.91408|-3.91408
120|-3.91408|-3.91408
121|-3.91408|-3.91408
122|-3.91408|-3.91408
123|-3.91408|-3.91408
124|-3.91408|-3.91408
125|-3.91408|-3.91408
126|-3.91408|-3.91408
127|-3.91408|-3.91408
128|-3.91408|-3.91408
129|-3.91408|-3.91408
130|-3.91408|-3.91408
131|-3.91408|-3.91408
132|-3.91408|-3.91408
133|-3.91408|-3.91408
134|-3.91408|-3.91408
135|-3.91408|-3.91408
136|-3.91408|-3.91408
137|-3.91408|-3.91408
138|-3.91408|-3.91408
139|-3.91408|-3.91408
140|-3.91408|-3.91408
141|-3.91408|-3.91408
142|-3.91408|-3.91408
143|-3.91408|-3.91408
144|-3.91408|-3.91408
145|-3.91408|-3.91408
146|-3.91408|-3.91408
147|-3.91408|-3.91408
148|-3.91408|-3.91408
149|-3.91408|-3.91408
150|-3.91408|-3.91408
151|-3.91408|-3.91408
EARLY STOP: TARGET FOUND
1735997ms
