1|-7.25287|-7.25287
2|-7.25287|-7.25287
3|-7.25287|-7.25287
4|-7.25287|-7.25287
5|-7.25287|-7.25287
6|-7.25287|-7.25287
7|-7.25287|-7.25287
8|-7.25287|-7.25287
9|-7.25287|-7.25287
10|-7.25287|-7.25287
11|-7.25287|-7.25287
12|-7.25287|-7.25287
13|-7.25287|-7.25287
14|-7.25287|-7.25287
15|-7.25287|-7.25287
16|-7.25287|-7.25287
17|-7.25287|-7.25287
18|-7.25287|-7.25287
19|-7.25287|-7.25287
20|-7.25287|-7.25287
21|-7.25287|-7.25287
22|-7.25287|-7.25287
23|-7.25287|-7.25287
24|-7.25287|-7.25287
25|-7.25287|-7.25287
26|-7.25287|-7.25287
27|-7.25287|-7.25287
28|-7.25287|-7.25287
29|-7.25287|-7.25287
30|-7.25287|-7.25287
31|-7.25287|-7.25287
32|-7.25287|-7.25287
33|-7.25287|-7.25287
34|-7.25287|-7.25287
35|-7.25287|-7.25287
36|-7.25287|-7.25287
37|-7.25287|-7.25287
38|-7.25287|-7.25287
39|-7.25287|-7.25287
40|-7.25287|-7.25287
41|-7.25287|-7.25287
42|-7.25287|-7.25287
43|-7.25287|-7.25287
44|-7.25287|-7.25287
45|-7.25287|-7.25287
46|-7.25287|-7.25287
47|-7.25287|-7.25287
48|-7.25287|-7.25287
49|-7.25287|-7.25287
50|-7.25287|-7.25287
51|-7.25287|-7.25287
52|-7.25287|-7.25287
53|-7.25287|-7.25287
54|-7.25287|-7.25287
55|-7.25287|-7.25287
56|-7.25287|-7.25287
57|-7.25287|-7.25287
58|-7.25287|-7.25287
59|-7.25287|-7.25287
60|-7.25287|-7.25287
61|-7.25287|-7.25287
62|-7.25287|-7.25287
63|-7.25287|-7.25287
64|-7.25287|-7.25287
65|-7.25287|-7.25287
66|-7.25287|-7.25287
67|-7.25287|-7.25287
68|-7.25287|-7.25287
69|-7.25287|-7.25287
70|-7.25287|-7.25287
71|-7.25287|-7.25287
72|-7.25287|-7.25287
73|-7.25287|-7.25287
74|-7.25287|-7.25287
75|-7.25287|-7.25287
76|-7.25287|-7.25287
77|-7.25287|-7.25287
78|-7.25287|-7.25287
79|-7.25287|-7.25287
80|-7.25287|-7.25287
81|-7.25287|-7.25287
82|-7.25287|-7.25287
83|-7.25287|-7.25287
84|-7.25287|-7.25287
85|-7.25287|-7.25287
86|-7.25287|-7.25287
87|-7.25287|-7.25287
88|-7.25287|-7.25287
89|-7.25287|-7.25287
90|-7.25287|-7.25287
91|-7.25287|-7.25287
92|-7.25287|-7.25287
93|-7.25287|-7.25287
94|-7.25287|-7.25287
95|-7.25287|-7.25287
96|-7.25287|-7.25287
97|-7.25287|-7.25287
98|-7.25287|-7.25287
99|-7.25287|-7.25287
100|-7.25287|-7.25287
101|-7.25287|-7.25287
102|-7.25287|-7.25287
103|-7.25287|-7.25287
104|-7.25287|-7.25287
105|-7.25287|-7.25287
106|-7.25287|-7.25287
107|-7.25287|-7.25287
108|-7.25287|-7.25287
109|-7.25287|-7.25287
110|-7.25287|-7.25287
111|-7.25287|-7.25287
112|-7.25287|-7.25287
113|-7.25287|-7.25287
114|-7.25287|-7.25287
115|-7.25287|-7.25287
116|-7.25287|-7.25287
117|-7.25287|-7.25287
118|-7.25287|-7.25287
119|-7.25287|-7.25287
120|-7.25287|-7.25287
121|-7.25287|-7.25287
122|-7.25287|-7.25287
123|-7.25287|-7.25287
124|-7.25287|-7.25287
125|-7.25287|-7.25287
126|-7.25287|-7.25287
127|-7.25287|-7.25287
128|-7.25287|-7.25287
129|-7.25287|-7.25287
130|-7.25287|-7.25287
131|-7.25287|-7.25287
132|-7.25287|-7.25287
133|-7.25287|-7.25287
134|-7.25287|-7.25287
135|-7.25287|-7.25287
136|-7.25287|-7.25287
137|-7.25287|-7.25287
138|-7.25287|-7.25287
139|-7.25287|-7.25287
140|-7.25287|-7.25287
141|-7.25287|-7.25287
142|-7.25287|-7.25287
143|-7.25287|-7.25287
144|-7.25287|-7.25287
145|-7.25287|-7.25287
146|-7.25287|-7.25287
147|-7.25287|-7.25287
148|-7.25287|-7.25287
149|-7.25287|-7.25287
150|-7.25287|-7.25287
151|-7.25287|-7.25287
EARLY STOP: TARGET FOUND
1710850ms
