1|568.779|568.779
2|568.779|568.779
3|568.779|568.779
4|568.779|568.779
5|568.779|568.779
6|568.779|568.779
7|568.779|568.779
8|568.779|568.779
9|568.779|568.779
10|568.779|568.779
11|568.779|568.779
12|568.779|568.779
13|568.779|568.779
14|568.779|568.779
15|568.779|568.779
16|568.779|568.779
17|568.779|568.779
18|568.779|568.779
19|568.779|568.779
20|568.779|568.779
21|568.779|568.779
22|568.779|568.779
23|568.779|568.779
24|568.779|568.779
25|568.779|568.779
26|568.779|568.779
27|568.779|568.779
28|568.779|568.779
29|568.779|568.779
30|568.779|568.779
31|568.779|568.779
32|568.779|568.779
33|568.779|568.779
34|568.779|568.779
35|568.779|568.779
36|568.779|568.779
37|568.779|568.779
38|568.779|568.779
39|568.779|568.779
40|568.779|568.779
41|568.779|568.779
42|568.779|568.779
43|568.779|568.779
44|568.779|568.779
45|568.779|568.779
46|568.779|568.779
47|568.779|568.779
48|568.779|568.779
49|568.779|568.779
50|568.779|568.779
51|568.779|568.779
52|568.779|568.779
53|568.779|568.779
54|568.779|568.779
55|568.779|568.779
56|568.779|568.779
57|568.779|568.779
58|568.779|568.779
59|568.779|568.779
60|568.779|568.779
61|568.779|568.779
62|568.779|568.779
63|568.779|568.779
64|568.779|568.779
65|568.779|568.779
66|568.779|568.779
67|568.779|568.779
68|568.779|568.779
69|568.779|568.779
70|568.779|568.779
71|568.779|568.779
72|568.779|568.779
73|568.779|568.779
74|568.779|568.779
75|568.779|568.779
76|568.779|568.779
77|568.779|568.779
78|568.779|568.779
79|568.779|568.779
80|568.779|568.779
81|568.779|568.779
82|568.779|568.779
83|568.779|568.779
84|568.779|568.779
85|568.779|568.779
86|568.779|568.779
87|568.779|568.779
88|568.779|568.779
89|568.779|568.779
90|568.779|568.779
91|568.779|568.779
92|568.779|568.779
93|568.779|568.779
94|568.779|568.779
95|568.779|568.779
96|568.779|568.779
97|568.779|568.779
98|568.779|568.779
99|568.779|568.779
100|568.779|568.779
101|568.779|568.779
102|568.779|568.779
103|568.779|568.779
104|568.779|568.779
105|568.779|568.779
106|568.779|568.779
107|568.779|568.779
108|568.779|568.779
109|568.779|568.779
110|568.779|568.779
111|568.779|568.779
112|568.779|568.779
113|568.779|568.779
114|568.779|568.779
115|568.779|568.779
116|568.779|568.779
117|568.779|568.779
118|568.779|568.779
119|568.779|568.779
120|568.779|568.779
121|568.779|568.779
122|568.779|568.779
123|568.779|568.779
124|568.779|568.779
125|568.779|568.779
126|568.779|568.779
127|568.779|568.779
128|568.779|568.779
129|568.779|568.779
130|568.779|568.779
131|568.779|568.779
132|568.779|568.779
133|568.779|568.779
134|568.779|568.779
135|568.779|568.779
136|568.779|568.779
137|568.779|568.779
138|568.779|568.779
139|568.779|568.779
140|568.779|568.779
141|568.779|568.779
142|568.779|568.779
143|568.779|568.779
144|568.779|568.779
145|568.779|568.779
146|568.779|568.779
147|568.779|568.779
148|568.779|568.779
149|568.779|568.779
150|568.779|568.779
151|568.779|568.779
EARLY STOP: TARGET FOUND
1778872ms
