1|517.134|517.134
2|517.134|517.134
3|517.134|517.134
4|517.134|517.134
5|517.134|517.134
6|517.134|517.134
7|517.134|517.134
8|517.134|517.134
9|517.134|517.134
10|517.134|517.134
11|517.134|517.134
12|517.134|517.134
13|517.134|517.134
14|517.134|517.134
15|517.134|517.134
16|517.134|517.134
17|517.134|517.134
18|517.134|517.134
19|517.134|517.134
20|517.134|517.134
21|517.134|517.134
22|517.134|517.134
23|517.134|517.134
24|517.134|517.134
25|517.134|517.134
26|517.134|517.134
27|517.134|517.134
28|517.134|517.134
29|517.134|517.134
30|517.134|517.134
31|517.134|517.134
32|517.134|517.134
33|517.134|517.134
34|517.134|517.134
35|517.134|517.134
36|517.134|517.134
37|517.134|517.134
38|517.134|517.134
39|517.134|517.134
40|517.134|517.134
41|517.134|517.134
42|517.134|517.134
43|517.134|517.134
44|517.134|517.134
45|517.134|517.134
46|517.134|517.134
47|517.134|517.134
48|517.134|517.134
49|517.134|517.134
50|517.134|517.134
51|517.134|517.134
52|517.134|517.134
53|517.134|517.134
54|517.134|517.134
55|517.134|517.134
56|517.134|517.134
57|517.134|517.134
58|517.134|517.134
59|517.134|517.134
60|517.134|517.134
61|517.134|517.134
62|517.134|517.134
63|517.134|517.134
64|517.134|517.134
65|517.134|517.134
66|517.134|517.134
67|517.134|517.134
68|517.134|517.134
69|517.134|517.134
70|517.134|517.134
71|517.134|517.134
72|517.134|517.134
73|517.134|517.134
74|517.134|517.134
75|517.134|517.134
76|517.134|517.134
77|517.134|517.134
78|517.134|517.134
79|517.134|517.134
80|517.134|517.134
81|517.134|517.134
82|517.134|517.134
83|517.134|517.134
84|517.134|517.134
85|517.134|517.134
86|517.134|517.134
87|517.134|517.134
88|517.134|517.134
89|517.134|517.134
90|517.134|517.134
91|517.134|517.134
92|517.134|517.134
93|517.134|517.134
94|517.134|517.134
95|517.134|517.134
96|517.134|517.134
97|517.134|517.134
98|517.134|517.134
99|517.134|517.134
100|517.134|517.134
101|517.134|517.134
102|517.134|517.134
103|517.134|517.134
104|517.134|517.134
105|517.134|517.134
106|517.134|517.134
107|517.134|517.134
108|517.134|517.134
109|517.134|517.134
110|517.134|517.134
111|517.134|517.134
112|517.134|517.134
113|517.134|517.134
114|517.134|517.134
115|517.134|517.134
116|517.134|517.134
117|517.134|517.134
118|517.134|517.134
119|517.134|517.134
120|517.134|517.134
121|517.134|517.134
122|517.134|517.134
123|517.134|517.134
124|517.134|517.134
125|517.134|517.134
126|517.134|517.134
127|517.134|517.134
128|517.134|517.134
129|517.134|517.134
130|517.134|517.134
131|517.134|517.134
132|517.134|517.134
133|517.134|517.134
134|517.134|517.134
135|517.134|517.134
136|517.134|517.134
137|517.134|517.134
138|517.134|517.134
139|517.134|517.134
140|517.134|517.134
141|517.134|517.134
142|517.134|517.134
143|517.134|517.134
144|517.134|517.134
145|517.134|517.134
146|517.134|517.134
147|517.134|517.134
148|517.134|517.134
149|517.134|517.134
150|517.134|517.134
151|517.134|517.134
EARLY STOP: TARGET FOUND
1724849ms
