1|288.196|288.196
2|288.196|288.196
3|288.196|288.196
4|288.196|288.196
5|288.196|288.196
6|288.196|288.196
7|288.196|288.196
8|288.196|288.196
9|288.196|288.196
10|288.196|288.196
11|288.196|288.196
12|288.196|288.196
13|288.196|288.196
14|288.196|288.196
15|288.196|288.196
16|288.196|288.196
17|288.196|288.196
18|288.196|288.196
19|288.196|288.196
20|288.196|288.196
21|288.196|288.196
22|288.196|288.196
23|288.196|288.196
24|288.196|288.196
25|288.196|288.196
26|288.196|288.196
27|288.196|288.196
28|288.196|288.196
29|288.196|288.196
30|288.196|288.196
31|288.196|288.196
32|288.196|288.196
33|288.196|288.196
34|288.196|288.196
35|288.196|288.196
36|288.196|288.196
37|288.196|288.196
38|288.196|288.196
39|288.196|288.196
40|288.196|288.196
41|288.196|288.196
42|288.196|288.196
43|288.196|288.196
44|288.196|288.196
45|288.196|288.196
46|288.196|288.196
47|288.196|288.196
48|288.196|288.196
49|288.196|288.196
50|288.196|288.196
51|288.196|288.196
52|288.196|288.196
53|288.196|288.196
54|288.196|288.196
55|288.196|288.196
56|288.196|288.196
57|288.196|288.196
58|288.196|288.196
59|288.196|288.196
60|288.196|288.196
61|288.196|288.196
62|288.196|288.196
63|288.196|288.196
64|288.196|288.196
65|288.196|288.196
66|288.196|288.196
67|288.196|288.196
68|288.196|288.196
69|288.196|288.196
70|288.196|288.196
71|288.196|288.196
72|288.196|288.196
73|288.196|288.196
74|288.196|288.196
75|288.196|288.196
76|288.196|288.196
77|288.196|288.196
78|288.196|288.196
79|288.196|288.196
80|288.196|288.196
81|288.196|288.196
82|288.196|288.196
83|288.196|288.196
84|288.196|288.196
85|288.196|288.196
86|288.196|288.196
87|288.196|288.196
88|288.196|288.196
89|288.196|288.196
90|288.196|288.196
91|288.196|288.196
92|288.196|288.196
93|288.196|288.196
94|288.196|288.196
95|288.196|288.196
96|288.196|288.196
97|288.196|288.196
98|288.196|288.196
99|288.196|288.196
100|288.196|288.196
101|288.196|288.196
102|288.196|288.196
103|288.196|288.196
104|288.196|288.196
105|288.196|288.196
106|288.196|288.196
107|288.196|288.196
108|288.196|288.196
109|288.196|288.196
110|288.196|288.196
111|288.196|288.196
112|288.196|288.196
113|288.196|288.196
114|288.196|288.196
115|288.196|288.196
116|288.196|288.196
117|288.196|288.196
118|288.196|288.196
119|288.196|288.196
120|288.196|288.196
121|288.196|288.196
122|288.196|288.196
123|288.196|288.196
124|288.196|288.196
125|288.196|288.196
126|288.196|288.196
127|288.196|288.196
128|288.196|288.196
129|288.196|288.196
130|288.196|288.196
131|288.196|288.196
132|288.196|288.196
133|288.196|288.196
134|288.196|288.196
135|288.196|288.196
136|288.196|288.196
137|288.196|288.196
138|288.196|288.196
139|288.196|288.196
140|288.196|288.196
141|288.196|288.196
142|288.196|288.196
143|288.196|288.196
144|288.196|288.196
145|288.196|288.196
146|288.196|288.196
147|288.196|288.196
148|288.196|288.196
149|288.196|288.196
150|288.196|288.196
151|288.196|288.196
EARLY STOP: TARGET FOUND
84941ms
