1|-0.689245|-0.689245
2|-0.689245|-0.689245
3|-0.689245|-0.689245
4|-0.689245|-0.689245
5|-0.689245|-0.689245
6|-0.689245|-0.689245
7|-0.689245|-0.689245
8|-0.689245|-0.689245
9|-0.689245|-0.689245
10|-0.689245|-0.689245
11|-0.689245|-0.689245
12|-0.689245|-0.689245
13|-0.689245|-0.689245
14|-0.689245|-0.689245
15|-0.689245|-0.689245
16|-0.689245|-0.689245
17|-0.689245|-0.689245
18|-0.689245|-0.689245
19|-0.689245|-0.689245
20|-0.689245|-0.689245
21|-0.689245|-0.689245
22|-0.689245|-0.689245
23|-0.689245|-0.689245
24|-0.689245|-0.689245
25|-0.689245|-0.689245
26|-0.689245|-0.689245
27|-0.689245|-0.689245
28|-0.689245|-0.689245
29|-0.689245|-0.689245
30|-0.689245|-0.689245
31|-0.689245|-0.689245
32|-0.689245|-0.689245
33|-0.689245|-0.689245
34|-0.689245|-0.689245
35|-0.689245|-0.689245
36|-0.689245|-0.689245
37|-0.689245|-0.689245
38|-0.689245|-0.689245
39|-0.689245|-0.689245
40|-0.689245|-0.689245
41|-0.689245|-0.689245
42|-0.689245|-0.689245
43|-0.689245|-0.689245
44|-0.689245|-0.689245
45|-0.689245|-0.689245
46|-0.689245|-0.689245
47|-0.689245|-0.689245
48|-0.689245|-0.689245
49|-0.689245|-0.689245
50|-0.689245|-0.689245
51|-0.689245|-0.689245
52|-0.689245|-0.689245
53|-0.689245|-0.689245
54|-0.689245|-0.689245
55|-0.689245|-0.689245
56|-0.689245|-0.689245
57|-0.689245|-0.689245
58|-0.689245|-0.689245
59|-0.689245|-0.689245
60|-0.689245|-0.689245
61|-0.689245|-0.689245
62|-0.689245|-0.689245
63|-0.689245|-0.689245
64|-0.689245|-0.689245
65|-0.689245|-0.689245
66|-0.689245|-0.689245
67|-0.689245|-0.689245
68|-0.689245|-0.689245
69|-0.689245|-0.689245
70|-0.689245|-0.689245
71|-0.689245|-0.689245
72|-0.689245|-0.689245
73|-0.689245|-0.689245
74|-0.689245|-0.689245
75|-0.689245|-0.689245
76|-0.689245|-0.689245
77|-0.689245|-0.689245
78|-0.689245|-0.689245
79|-0.689245|-0.689245
80|-0.689245|-0.689245
81|-0.689245|-0.689245
82|-0.689245|-0.689245
83|-0.689245|-0.689245
84|-0.689245|-0.689245
85|-0.689245|-0.689245
86|-0.689245|-0.689245
87|-0.689245|-0.689245
88|-0.689245|-0.689245
89|-0.689245|-0.689245
90|-0.689245|-0.689245
91|-0.689245|-0.689245
92|-0.689245|-0.689245
93|-0.689245|-0.689245
94|-0.689245|-0.689245
95|-0.689245|-0.689245
96|-0.689245|-0.689245
97|-0.689245|-0.689245
98|-0.689245|-0.689245
99|-0.689245|-0.689245
100|-0.689245|-0.689245
101|-0.689245|-0.689245
102|-0.689245|-0.689245
103|-0.689245|-0.689245
104|-0.689245|-0.689245
105|-0.689245|-0.689245
106|-0.689245|-0.689245
107|-0.689245|-0.689245
108|-0.689245|-0.689245
109|-0.689245|-0.689245
110|-0.689245|-0.689245
111|-0.689245|-0.689245
112|-0.689245|-0.689245
113|-0.689245|-0.689245
114|-0.689245|-0.689245
115|-0.689245|-0.689245
116|-0.689245|-0.689245
117|-0.689245|-0.689245
118|-0.689245|-0.689245
119|-0.689245|-0.689245
120|-0.689245|-0.689245
121|-0.689245|-0.689245
122|-0.689245|-0.689245
123|-0.689245|-0.689245
124|-0.689245|-0.689245
125|-0.689245|-0.689245
126|-0.689245|-0.689245
127|-0.689245|-0.689245
128|-0.689245|-0.689245
129|-0.689245|-0.689245
130|-0.689245|-0.689245
131|-0.689245|-0.689245
132|-0.689245|-0.689245
133|-0.689245|-0.689245
134|-0.689245|-0.689245
135|-0.689245|-0.689245
136|-0.689245|-0.689245
137|-0.689245|-0.689245
138|-0.689245|-0.689245
139|-0.689245|-0.689245
140|-0.689245|-0.689245
141|-0.689245|-0.689245
142|-0.689245|-0.689245
143|-0.689245|-0.689245
144|-0.689245|-0.689245
145|-0.689245|-0.689245
146|-0.689245|-0.689245
147|-0.689245|-0.689245
148|-0.689245|-0.689245
149|-0.689245|-0.689245
150|-0.689245|-0.689245
151|-0.689245|-0.689245
EARLY STOP: TARGET FOUND
212451ms
