1|32.92|32.92
2|32.92|32.92
3|32.92|32.92
4|32.92|32.92
5|32.92|32.92
6|32.92|32.92
7|32.92|32.92
8|32.92|32.92
9|32.92|32.92
10|32.92|32.92
11|32.92|32.92
12|32.92|32.92
13|32.92|32.92
14|32.92|32.92
15|32.92|32.92
16|32.92|32.92
17|32.92|32.92
18|32.92|32.92
19|32.92|32.92
20|32.92|32.92
21|32.92|32.92
22|32.92|32.92
23|32.92|32.92
24|32.92|32.92
25|32.92|32.92
26|32.92|32.92
27|32.92|32.92
28|32.92|32.92
29|32.92|32.92
30|32.92|32.92
31|32.92|32.92
32|32.92|32.92
33|32.92|32.92
34|32.92|32.92
35|32.92|32.92
36|32.92|32.92
37|32.92|32.92
38|32.92|32.92
39|32.92|32.92
40|32.92|32.92
41|32.92|32.92
42|32.92|32.92
43|32.92|32.92
44|32.92|32.92
45|32.92|32.92
46|32.92|32.92
47|32.92|32.92
48|32.92|32.92
49|32.92|32.92
50|32.92|32.92
51|32.92|32.92
52|32.92|32.92
53|32.92|32.92
54|32.92|32.92
55|32.92|32.92
56|32.92|32.92
57|32.92|32.92
58|32.92|32.92
59|32.92|32.92
60|32.92|32.92
61|32.92|32.92
62|32.92|32.92
63|32.92|32.92
64|32.92|32.92
65|32.92|32.92
66|32.92|32.92
67|32.92|32.92
68|32.92|32.92
69|32.92|32.92
70|32.92|32.92
71|32.92|32.92
72|32.92|32.92
73|32.92|32.92
74|32.92|32.92
75|32.92|32.92
76|32.92|32.92
77|32.92|32.92
78|32.92|32.92
79|32.92|32.92
80|32.92|32.92
81|32.92|32.92
82|32.92|32.92
83|32.92|32.92
84|32.92|32.92
85|32.92|32.92
86|32.92|32.92
87|32.92|32.92
88|32.92|32.92
89|32.92|32.92
90|32.92|32.92
91|32.92|32.92
92|32.92|32.92
93|32.92|32.92
94|32.92|32.92
95|32.92|32.92
96|32.92|32.92
97|32.92|32.92
98|32.92|32.92
99|32.92|32.92
100|32.92|32.92
101|32.92|32.92
102|32.92|32.92
103|32.92|32.92
104|32.92|32.92
105|32.92|32.92
106|32.92|32.92
107|32.92|32.92
108|32.92|32.92
109|32.92|32.92
110|32.92|32.92
111|32.92|32.92
112|32.92|32.92
113|32.92|32.92
114|32.92|32.92
115|32.92|32.92
116|32.92|32.92
117|32.92|32.92
118|32.92|32.92
119|32.92|32.92
120|32.92|32.92
121|32.92|32.92
122|32.92|32.92
123|32.92|32.92
124|32.92|32.92
125|32.92|32.92
126|32.92|32.92
127|32.92|32.92
128|32.92|32.92
129|32.92|32.92
130|32.92|32.92
131|32.92|32.92
132|32.92|32.92
133|32.92|32.92
134|32.92|32.92
135|32.92|32.92
136|32.92|32.92
137|32.92|32.92
138|32.92|32.92
139|32.92|32.92
140|32.92|32.92
141|32.92|32.92
142|32.92|32.92
143|32.92|32.92
144|32.92|32.92
145|32.92|32.92
146|32.92|32.92
147|32.92|32.92
148|32.92|32.92
149|32.92|32.92
150|32.92|32.92
151|32.92|32.92
EARLY STOP: TARGET FOUND
59053ms
