1|-0.374278|-0.374278
2|-0.374278|-0.374278
3|-0.374278|-0.374278
4|-0.374278|-0.374278
5|-0.374278|-0.374278
6|-0.374278|-0.374278
7|-0.374278|-0.374278
8|-0.374278|-0.374278
9|-0.374278|-0.374278
10|-0.374278|-0.374278
11|-0.374278|-0.374278
12|-0.374278|-0.374278
13|-0.374278|-0.374278
14|-0.374278|-0.374278
15|-0.374278|-0.374278
16|-0.374278|-0.374278
17|-0.374278|-0.374278
18|-0.374278|-0.374278
19|-0.374278|-0.374278
20|-0.374278|-0.374278
21|-0.374278|-0.374278
22|-0.374278|-0.374278
23|-0.374278|-0.374278
24|-0.374278|-0.374278
25|-0.374278|-0.374278
26|-0.374278|-0.374278
27|-0.374278|-0.374278
28|-0.374278|-0.374278
29|-0.374278|-0.374278
30|-0.374278|-0.374278
31|-0.374278|-0.374278
32|-0.374278|-0.374278
33|-0.374278|-0.374278
34|-0.374278|-0.374278
35|-0.374278|-0.374278
36|-0.374278|-0.374278
37|-0.374278|-0.374278
38|-0.374278|-0.374278
39|-0.374278|-0.374278
40|-0.374278|-0.374278
41|-0.374278|-0.374278
42|-0.374278|-0.374278
43|-0.374278|-0.374278
44|-0.374278|-0.374278
45|-0.374278|-0.374278
46|-0.374278|-0.374278
47|-0.374278|-0.374278
48|-0.374278|-0.374278
49|-0.374278|-0.374278
50|-0.374278|-0.374278
51|-0.374278|-0.374278
52|-0.374278|-0.374278
53|-0.374278|-0.374278
54|-0.374278|-0.374278
55|-0.374278|-0.374278
56|-0.374278|-0.374278
57|-0.374278|-0.374278
58|-0.374278|-0.374278
59|-0.374278|-0.374278
60|-0.374278|-0.374278
61|-0.374278|-0.374278
62|-0.374278|-0.374278
63|-0.374278|-0.374278
64|-0.374278|-0.374278
65|-0.374278|-0.374278
66|-0.374278|-0.374278
67|-0.374278|-0.374278
68|-0.374278|-0.374278
69|-0.374278|-0.374278
70|-0.374278|-0.374278
71|-0.374278|-0.374278
72|-0.374278|-0.374278
73|-0.374278|-0.374278
74|-0.374278|-0.374278
75|-0.374278|-0.374278
76|-0.374278|-0.374278
77|-0.374278|-0.374278
78|-0.374278|-0.374278
79|-0.374278|-0.374278
80|-0.374278|-0.374278
81|-0.374278|-0.374278
82|-0.374278|-0.374278
83|-0.374278|-0.374278
84|-0.374278|-0.374278
85|-0.374278|-0.374278
86|-0.374278|-0.374278
87|-0.374278|-0.374278
88|-0.374278|-0.374278
89|-0.374278|-0.374278
90|-0.374278|-0.374278
91|-0.374278|-0.374278
92|-0.374278|-0.374278
93|-0.374278|-0.374278
94|-0.374278|-0.374278
95|-0.374278|-0.374278
96|-0.374278|-0.374278
97|-0.374278|-0.374278
98|-0.374278|-0.374278
99|-0.374278|-0.374278
100|-0.374278|-0.374278
101|-0.374278|-0.374278
102|-0.374278|-0.374278
103|-0.374278|-0.374278
104|-0.374278|-0.374278
105|-0.374278|-0.374278
106|-0.374278|-0.374278
107|-0.374278|-0.374278
108|-0.374278|-0.374278
109|-0.374278|-0.374278
110|-0.374278|-0.374278
111|-0.374278|-0.374278
112|-0.374278|-0.374278
113|-0.374278|-0.374278
114|-0.374278|-0.374278
115|-0.374278|-0.374278
116|-0.374278|-0.374278
117|-0.374278|-0.374278
118|-0.374278|-0.374278
119|-0.374278|-0.374278
120|-0.374278|-0.374278
121|-0.374278|-0.374278
122|-0.374278|-0.374278
123|-0.374278|-0.374278
124|-0.374278|-0.374278
125|-0.374278|-0.374278
126|-0.374278|-0.374278
127|-0.374278|-0.374278
128|-0.374278|-0.374278
129|-0.374278|-0.374278
130|-0.374278|-0.374278
131|-0.374278|-0.374278
132|-0.374278|-0.374278
133|-0.374278|-0.374278
134|-0.374278|-0.374278
135|-0.374278|-0.374278
136|-0.374278|-0.374278
137|-0.374278|-0.374278
138|-0.374278|-0.374278
139|-0.374278|-0.374278
140|-0.374278|-0.374278
141|-0.374278|-0.374278
142|-0.374278|-0.374278
143|-0.374278|-0.374278
144|-0.374278|-0.374278
145|-0.374278|-0.374278
146|-0.374278|-0.374278
147|-0.374278|-0.374278
148|-0.374278|-0.374278
149|-0.374278|-0.374278
150|-0.374278|-0.374278
151|-0.374278|-0.374278
EARLY STOP: TARGET FOUND
58435ms
