1|210.841|210.841
2|210.841|210.841
3|210.841|210.841
4|210.841|210.841
5|210.841|210.841
6|210.841|210.841
7|210.841|210.841
8|210.841|210.841
9|210.841|210.841
10|210.841|210.841
11|210.841|210.841
12|210.841|210.841
13|210.841|210.841
14|210.841|210.841
15|210.841|210.841
16|210.841|210.841
17|210.841|210.841
18|210.841|210.841
19|210.841|210.841
20|210.841|210.841
21|210.841|210.841
22|210.841|210.841
23|210.841|210.841
24|210.841|210.841
25|210.841|210.841
26|210.841|210.841
27|210.841|210.841
28|210.841|210.841
29|210.841|210.841
30|210.841|210.841
31|210.841|210.841
32|210.841|210.841
33|210.841|210.841
34|210.841|210.841
35|210.841|210.841
36|210.841|210.841
37|210.841|210.841
38|210.841|210.841
39|210.841|210.841
40|210.841|210.841
41|210.841|210.841
42|210.841|210.841
43|210.841|210.841
44|210.841|210.841
45|210.841|210.841
46|210.841|210.841
47|210.841|210.841
48|210.841|210.841
49|210.841|210.841
50|210.841|210.841
51|210.841|210.841
52|210.841|210.841
53|210.841|210.841
54|210.841|210.841
55|210.841|210.841
56|210.841|210.841
57|210.841|210.841
58|210.841|210.841
59|210.841|210.841
60|210.841|210.841
61|210.841|210.841
62|210.841|210.841
63|210.841|210.841
64|210.841|210.841
65|210.841|210.841
66|210.841|210.841
67|210.841|210.841
68|210.841|210.841
69|210.841|210.841
70|210.841|210.841
71|210.841|210.841
72|210.841|210.841
73|210.841|210.841
74|210.841|210.841
75|210.841|210.841
76|210.841|210.841
77|210.841|210.841
78|210.841|210.841
79|210.841|210.841
80|210.841|210.841
81|210.841|210.841
82|210.841|210.841
83|210.841|210.841
84|210.841|210.841
85|210.841|210.841
86|210.841|210.841
87|210.841|210.841
88|210.841|210.841
89|210.841|210.841
90|210.841|210.841
91|210.841|210.841
92|210.841|210.841
93|210.841|210.841
94|210.841|210.841
95|210.841|210.841
96|210.841|210.841
97|210.841|210.841
98|210.841|210.841
99|210.841|210.841
100|210.841|210.841
101|210.841|210.841
102|210.841|210.841
103|210.841|210.841
104|210.841|210.841
105|210.841|210.841
106|210.841|210.841
107|210.841|210.841
108|210.841|210.841
109|210.841|210.841
110|210.841|210.841
111|210.841|210.841
112|210.841|210.841
113|210.841|210.841
114|210.841|210.841
115|210.841|210.841
116|210.841|210.841
117|210.841|210.841
118|210.841|210.841
119|210.841|210.841
120|210.841|210.841
121|210.841|210.841
122|210.841|210.841
123|210.841|210.841
124|210.841|210.841
125|210.841|210.841
126|210.841|210.841
127|210.841|210.841
128|210.841|210.841
129|210.841|210.841
130|210.841|210.841
131|210.841|210.841
132|210.841|210.841
133|210.841|210.841
134|210.841|210.841
135|210.841|210.841
136|210.841|210.841
137|210.841|210.841
138|210.841|210.841
139|210.841|210.841
140|210.841|210.841
141|210.841|210.841
142|210.841|210.841
143|210.841|210.841
144|210.841|210.841
145|210.841|210.841
146|210.841|210.841
147|210.841|210.841
148|210.841|210.841
149|210.841|210.841
150|210.841|210.841
151|210.841|210.841
EARLY STOP: TARGET FOUND
1717736ms
