1|-1307.52|-1307.52
2|-1307.52|-1307.52
3|-1307.52|-1307.52
4|-1307.52|-1307.52
5|-1307.52|-1307.52
6|-1307.52|-1307.52
7|-1307.52|-1307.52
8|-1307.52|-1307.52
9|-1307.52|-1307.52
10|-1307.52|-1307.52
11|-1307.52|-1307.52
12|-1307.52|-1307.52
13|-1307.52|-1307.52
14|-1307.52|-1307.52
15|-1307.52|-1307.52
16|-1307.52|-1307.52
17|-1307.52|-1307.52
18|-1307.52|-1307.52
19|-1307.52|-1307.52
20|-1307.52|-1307.52
21|-1307.52|-1307.52
22|-1307.52|-1307.52
23|-1307.52|-1307.52
24|-1307.52|-1307.52
25|-1307.52|-1307.52
26|-1307.52|-1307.52
27|-1307.52|-1307.52
28|-1307.52|-1307.52
29|-1307.52|-1307.52
30|-1307.52|-1307.52
31|-1307.52|-1307.52
32|-1307.52|-1307.52
33|-1307.52|-1307.52
34|-1307.52|-1307.52
35|-1307.52|-1307.52
36|-1307.52|-1307.52
37|-1307.52|-1307.52
38|-1307.52|-1307.52
39|-1307.52|-1307.52
40|-1307.52|-1307.52
41|-1307.52|-1307.52
42|-1307.52|-1307.52
43|-1307.52|-1307.52
44|-1307.52|-1307.52
45|-1307.52|-1307.52
46|-1307.52|-1307.52
47|-1307.52|-1307.52
48|-1307.52|-1307.52
49|-1307.52|-1307.52
50|-1307.52|-1307.52
51|-1307.52|-1307.52
52|-1307.52|-1307.52
53|-1307.52|-1307.52
54|-1307.52|-1307.52
55|-1307.52|-1307.52
56|-1307.52|-1307.52
57|-1307.52|-1307.52
58|-1307.52|-1307.52
59|-1307.52|-1307.52
60|-1307.52|-1307.52
61|-1307.52|-1307.52
62|-1307.52|-1307.52
63|-1307.52|-1307.52
64|-1307.52|-1307.52
65|-1307.52|-1307.52
66|-1307.52|-1307.52
67|-1307.52|-1307.52
68|-1307.52|-1307.52
69|-1307.52|-1307.52
70|-1307.52|-1307.52
71|-1307.52|-1307.52
72|-1307.52|-1307.52
73|-1307.52|-1307.52
74|-1307.52|-1307.52
75|-1307.52|-1307.52
76|-1307.52|-1307.52
77|-1307.52|-1307.52
78|-1307.52|-1307.52
79|-1307.52|-1307.52
80|-1307.52|-1307.52
81|-1307.52|-1307.52
82|-1307.52|-1307.52
83|-1307.52|-1307.52
84|-1307.52|-1307.52
85|-1307.52|-1307.52
86|-1307.52|-1307.52
87|-1307.52|-1307.52
88|-1307.52|-1307.52
89|-1307.52|-1307.52
90|-1307.52|-1307.52
91|-1307.52|-1307.52
92|-1307.52|-1307.52
93|-1307.52|-1307.52
94|-1307.52|-1307.52
95|-1307.52|-1307.52
96|-1307.52|-1307.52
97|-1307.52|-1307.52
98|-1307.52|-1307.52
99|-1307.52|-1307.52
100|-1307.52|-1307.52
101|-1307.52|-1307.52
102|-1307.52|-1307.52
103|-1307.52|-1307.52
104|-1307.52|-1307.52
105|-1307.52|-1307.52
106|-1307.52|-1307.52
107|-1307.52|-1307.52
108|-1307.52|-1307.52
109|-1307.52|-1307.52
110|-1307.52|-1307.52
111|-1307.52|-1307.52
112|-1307.52|-1307.52
113|-1307.52|-1307.52
114|-1307.52|-1307.52
115|-1307.52|-1307.52
116|-1307.52|-1307.52
117|-1307.52|-1307.52
118|-1307.52|-1307.52
119|-1307.52|-1307.52
120|-1307.52|-1307.52
121|-1307.52|-1307.52
122|-1307.52|-1307.52
123|-1307.52|-1307.52
124|-1307.52|-1307.52
125|-1307.52|-1307.52
126|-1307.52|-1307.52
127|-1307.52|-1307.52
128|-1307.52|-1307.52
129|-1307.52|-1307.52
130|-1307.52|-1307.52
131|-1307.52|-1307.52
132|-1307.52|-1307.52
133|-1307.52|-1307.52
134|-1307.52|-1307.52
135|-1307.52|-1307.52
136|-1307.52|-1307.52
137|-1307.52|-1307.52
138|-1307.52|-1307.52
139|-1307.52|-1307.52
140|-1307.52|-1307.52
141|-1307.52|-1307.52
142|-1307.52|-1307.52
143|-1307.52|-1307.52
144|-1307.52|-1307.52
145|-1307.52|-1307.52
146|-1307.52|-1307.52
147|-1307.52|-1307.52
148|-1307.52|-1307.52
149|-1307.52|-1307.52
150|-1307.52|-1307.52
151|-1307.52|-1307.52
EARLY STOP: TARGET FOUND
2525858ms
