1|-3.33797|-3.33797
2|-3.33797|-3.33797
3|-3.33797|-3.33797
4|-3.33797|-3.33797
5|-3.33797|-3.33797
6|-3.33797|-3.33797
7|-3.33797|-3.33797
8|-3.33797|-3.33797
9|-3.33797|-3.33797
10|-3.33797|-3.33797
11|-3.33797|-3.33797
12|-3.33797|-3.33797
13|-3.33797|-3.33797
14|-3.33797|-3.33797
15|-3.33797|-3.33797
16|-3.33797|-3.33797
17|-3.33797|-3.33797
18|-3.33797|-3.33797
19|-3.33797|-3.33797
20|-3.33797|-3.33797
21|-3.33797|-3.33797
22|-3.33797|-3.33797
23|-3.33797|-3.33797
24|-3.33797|-3.33797
25|-3.33797|-3.33797
26|-3.33797|-3.33797
27|-3.33797|-3.33797
28|-3.33797|-3.33797
29|-3.33797|-3.33797
30|-3.33797|-3.33797
31|-3.33797|-3.33797
32|-3.33797|-3.33797
33|-3.33797|-3.33797
34|-3.33797|-3.33797
35|-3.33797|-3.33797
36|-3.33797|-3.33797
37|-3.33797|-3.33797
38|-3.33797|-3.33797
39|-3.33797|-3.33797
40|-3.33797|-3.33797
41|-3.33797|-3.33797
42|-3.33797|-3.33797
43|-3.33797|-3.33797
44|-3.33797|-3.33797
45|-3.33797|-3.33797
46|-3.33797|-3.33797
47|-3.33797|-3.33797
48|-3.33797|-3.33797
49|-3.33797|-3.33797
50|-3.33797|-3.33797
51|-3.33797|-3.33797
52|-3.33797|-3.33797
53|-3.33797|-3.33797
54|-3.33797|-3.33797
55|-3.33797|-3.33797
56|-3.33797|-3.33797
57|-3.33797|-3.33797
58|-3.33797|-3.33797
59|-3.33797|-3.33797
60|-3.33797|-3.33797
61|-3.33797|-3.33797
62|-3.33797|-3.33797
63|-3.33797|-3.33797
64|-3.33797|-3.33797
65|-3.33797|-3.33797
66|-3.33797|-3.33797
67|-3.33797|-3.33797
68|-3.33797|-3.33797
69|-3.33797|-3.33797
70|-3.33797|-3.33797
71|-3.33797|-3.33797
72|-3.33797|-3.33797
73|-3.33797|-3.33797
74|-3.33797|-3.33797
75|-3.33797|-3.33797
76|-3.33797|-3.33797
77|-3.33797|-3.33797
78|-3.33797|-3.33797
79|-3.33797|-3.33797
80|-3.33797|-3.33797
81|-3.33797|-3.33797
82|-3.33797|-3.33797
83|-3.33797|-3.33797
84|-3.33797|-3.33797
85|-3.33797|-3.33797
86|-3.33797|-3.33797
87|-3.33797|-3.33797
88|-3.33797|-3.33797
89|-3.33797|-3.33797
90|-3.33797|-3.33797
91|-3.33797|-3.33797
92|-3.33797|-3.33797
93|-3.33797|-3.33797
94|-3.33797|-3.33797
95|-3.33797|-3.33797
96|-3.33797|-3.33797
97|-3.33797|-3.33797
98|-3.33797|-3.33797
99|-3.33797|-3.33797
100|-3.33797|-3.33797
101|-3.33797|-3.33797
102|-3.33797|-3.33797
103|-3.33797|-3.33797
104|-3.33797|-3.33797
105|-3.33797|-3.33797
106|-3.33797|-3.33797
107|-3.33797|-3.33797
108|-3.33797|-3.33797
109|-3.33797|-3.33797
110|-3.33797|-3.33797
111|-3.33797|-3.33797
112|-3.33797|-3.33797
113|-3.33797|-3.33797
114|-3.33797|-3.33797
115|-3.33797|-3.33797
116|-3.33797|-3.33797
117|-3.33797|-3.33797
118|-3.33797|-3.33797
119|-3.33797|-3.33797
120|-3.33797|-3.33797
121|-3.33797|-3.33797
122|-3.33797|-3.33797
123|-3.33797|-3.33797
124|-3.33797|-3.33797
125|-3.33797|-3.33797
126|-3.33797|-3.33797
127|-3.33797|-3.33797
128|-3.33797|-3.33797
129|-3.33797|-3.33797
130|-3.33797|-3.33797
131|-3.33797|-3.33797
132|-3.33797|-3.33797
133|-3.33797|-3.33797
134|-3.33797|-3.33797
135|-3.33797|-3.33797
136|-3.33797|-3.33797
137|-3.33797|-3.33797
138|-3.33797|-3.33797
139|-3.33797|-3.33797
140|-3.33797|-3.33797
141|-3.33797|-3.33797
142|-3.33797|-3.33797
143|-3.33797|-3.33797
144|-3.33797|-3.33797
145|-3.33797|-3.33797
146|-3.33797|-3.33797
147|-3.33797|-3.33797
148|-3.33797|-3.33797
149|-3.33797|-3.33797
150|-3.33797|-3.33797
151|-3.33797|-3.33797
EARLY STOP: TARGET FOUND
1730641ms
