1|104.548|104.548
2|104.548|104.548
3|104.548|104.548
4|104.548|104.548
5|104.548|104.548
6|104.548|104.548
7|104.548|104.548
8|104.548|104.548
9|104.548|104.548
10|104.548|104.548
11|104.548|104.548
12|104.548|104.548
13|104.548|104.548
14|104.548|104.548
15|104.548|104.548
16|104.548|104.548
17|104.548|104.548
18|104.548|104.548
19|104.548|104.548
20|104.548|104.548
21|104.548|104.548
22|104.548|104.548
23|104.548|104.548
24|104.548|104.548
25|104.548|104.548
26|104.548|104.548
27|104.548|104.548
28|104.548|104.548
29|104.548|104.548
30|104.548|104.548
31|104.548|104.548
32|104.548|104.548
33|104.548|104.548
34|104.548|104.548
35|104.548|104.548
36|104.548|104.548
37|104.548|104.548
38|104.548|104.548
39|104.548|104.548
40|104.548|104.548
41|104.548|104.548
42|104.548|104.548
43|104.548|104.548
44|104.548|104.548
45|104.548|104.548
46|104.548|104.548
47|104.548|104.548
48|104.548|104.548
49|104.548|104.548
50|104.548|104.548
51|104.548|104.548
52|104.548|104.548
53|104.548|104.548
54|104.548|104.548
55|104.548|104.548
56|104.548|104.548
57|104.548|104.548
58|104.548|104.548
59|104.548|104.548
60|104.548|104.548
61|104.548|104.548
62|104.548|104.548
63|104.548|104.548
64|104.548|104.548
65|104.548|104.548
66|104.548|104.548
67|104.548|104.548
68|104.548|104.548
69|104.548|104.548
70|104.548|104.548
71|104.548|104.548
72|104.548|104.548
73|104.548|104.548
74|104.548|104.548
75|104.548|104.548
76|104.548|104.548
77|104.548|104.548
78|104.548|104.548
79|104.548|104.548
80|104.548|104.548
81|104.548|104.548
82|104.548|104.548
83|104.548|104.548
84|104.548|104.548
85|104.548|104.548
86|104.548|104.548
87|104.548|104.548
88|104.548|104.548
89|104.548|104.548
90|104.548|104.548
91|104.548|104.548
92|104.548|104.548
93|104.548|104.548
94|104.548|104.548
95|104.548|104.548
96|104.548|104.548
97|104.548|104.548
98|104.548|104.548
99|104.548|104.548
100|104.548|104.548
101|104.548|104.548
102|104.548|104.548
103|104.548|104.548
104|104.548|104.548
105|104.548|104.548
106|104.548|104.548
107|104.548|104.548
108|104.548|104.548
109|104.548|104.548
110|104.548|104.548
111|104.548|104.548
112|104.548|104.548
113|104.548|104.548
114|104.548|104.548
115|104.548|104.548
116|104.548|104.548
117|104.548|104.548
118|104.548|104.548
119|104.548|104.548
120|104.548|104.548
121|104.548|104.548
122|104.548|104.548
123|104.548|104.548
124|104.548|104.548
125|104.548|104.548
126|104.548|104.548
127|104.548|104.548
128|104.548|104.548
129|104.548|104.548
130|104.548|104.548
131|104.548|104.548
132|104.548|104.548
133|104.548|104.548
134|104.548|104.548
135|104.548|104.548
136|104.548|104.548
137|104.548|104.548
138|104.548|104.548
139|104.548|104.548
140|104.548|104.548
141|104.548|104.548
142|104.548|104.548
143|104.548|104.548
144|104.548|104.548
145|104.548|104.548
146|104.548|104.548
147|104.548|104.548
148|104.548|104.548
149|104.548|104.548
150|104.548|104.548
151|104.548|104.548
EARLY STOP: TARGET FOUND
205122ms
