1|618.066|618.066
2|618.066|618.066
3|618.066|618.066
4|618.066|618.066
5|618.066|618.066
6|618.066|618.066
7|618.066|618.066
8|618.066|618.066
9|618.066|618.066
10|618.066|618.066
11|618.066|618.066
12|618.066|618.066
13|618.066|618.066
14|618.066|618.066
15|618.066|618.066
16|618.066|618.066
17|618.066|618.066
18|618.066|618.066
19|618.066|618.066
20|618.066|618.066
21|618.066|618.066
22|618.066|618.066
23|618.066|618.066
24|618.066|618.066
25|618.066|618.066
26|618.066|618.066
27|618.066|618.066
28|618.066|618.066
29|618.066|618.066
30|618.066|618.066
31|618.066|618.066
32|618.066|618.066
33|618.066|618.066
34|618.066|618.066
35|618.066|618.066
36|618.066|618.066
37|618.066|618.066
38|618.066|618.066
39|618.066|618.066
40|618.066|618.066
41|618.066|618.066
42|618.066|618.066
43|618.066|618.066
44|618.066|618.066
45|618.066|618.066
46|618.066|618.066
47|618.066|618.066
48|618.066|618.066
49|618.066|618.066
50|618.066|618.066
51|618.066|618.066
52|618.066|618.066
53|618.066|618.066
54|618.066|618.066
55|618.066|618.066
56|618.066|618.066
57|618.066|618.066
58|618.066|618.066
59|618.066|618.066
60|618.066|618.066
61|618.066|618.066
62|618.066|618.066
63|618.066|618.066
64|618.066|618.066
65|618.066|618.066
66|618.066|618.066
67|618.066|618.066
68|618.066|618.066
69|618.066|618.066
70|618.066|618.066
71|618.066|618.066
72|618.066|618.066
73|618.066|618.066
74|618.066|618.066
75|618.066|618.066
76|618.066|618.066
77|618.066|618.066
78|618.066|618.066
79|618.066|618.066
80|618.066|618.066
81|618.066|618.066
82|618.066|618.066
83|618.066|618.066
84|618.066|618.066
85|618.066|618.066
86|618.066|618.066
87|618.066|618.066
88|618.066|618.066
89|618.066|618.066
90|618.066|618.066
91|618.066|618.066
92|618.066|618.066
93|618.066|618.066
94|618.066|618.066
95|618.066|618.066
96|618.066|618.066
97|618.066|618.066
98|618.066|618.066
99|618.066|618.066
100|618.066|618.066
101|618.066|618.066
102|618.066|618.066
103|618.066|618.066
104|618.066|618.066
105|618.066|618.066
106|618.066|618.066
107|618.066|618.066
108|618.066|618.066
109|618.066|618.066
110|618.066|618.066
111|618.066|618.066
112|618.066|618.066
113|618.066|618.066
114|618.066|618.066
115|618.066|618.066
116|618.066|618.066
117|618.066|618.066
118|618.066|618.066
119|618.066|618.066
120|618.066|618.066
121|618.066|618.066
122|618.066|618.066
123|618.066|618.066
124|618.066|618.066
125|618.066|618.066
126|618.066|618.066
127|618.066|618.066
128|618.066|618.066
129|618.066|618.066
130|618.066|618.066
131|618.066|618.066
132|618.066|618.066
133|618.066|618.066
134|618.066|618.066
135|618.066|618.066
136|618.066|618.066
137|618.066|618.066
138|618.066|618.066
139|618.066|618.066
140|618.066|618.066
141|618.066|618.066
142|618.066|618.066
143|618.066|618.066
144|618.066|618.066
145|618.066|618.066
146|618.066|618.066
147|618.066|618.066
148|618.066|618.066
149|618.066|618.066
150|618.066|618.066
151|618.066|618.066
EARLY STOP: TARGET FOUND
1730339ms
