1|-3.10604|-3.10604
2|-3.10604|-3.10604
3|-3.10604|-3.10604
4|-3.10604|-3.10604
5|-3.10604|-3.10604
6|-3.10604|-3.10604
7|-3.10604|-3.10604
8|-3.10604|-3.10604
9|-3.10604|-3.10604
10|-3.10604|-3.10604
11|-3.10604|-3.10604
12|-3.10604|-3.10604
13|-3.10604|-3.10604
14|-3.10604|-3.10604
15|-3.10604|-3.10604
16|-3.10604|-3.10604
17|-3.10604|-3.10604
18|-3.10604|-3.10604
19|-3.10604|-3.10604
20|-3.10604|-3.10604
21|-3.10604|-3.10604
22|-3.10604|-3.10604
23|-3.10604|-3.10604
24|-3.10604|-3.10604
25|-3.10604|-3.10604
26|-3.10604|-3.10604
27|-3.10604|-3.10604
28|-3.10604|-3.10604
29|-3.10604|-3.10604
30|-3.10604|-3.10604
31|-3.10604|-3.10604
32|-3.10604|-3.10604
33|-3.10604|-3.10604
34|-3.10604|-3.10604
35|-3.10604|-3.10604
36|-3.10604|-3.10604
37|-3.10604|-3.10604
38|-3.10604|-3.10604
39|-3.10604|-3.10604
40|-3.10604|-3.10604
41|-3.10604|-3.10604
42|-3.10604|-3.10604
43|-3.10604|-3.10604
44|-3.10604|-3.10604
45|-3.10604|-3.10604
46|-3.10604|-3.10604
47|-3.10604|-3.10604
48|-3.10604|-3.10604
49|-3.10604|-3.10604
50|-3.10604|-3.10604
51|-3.10604|-3.10604
52|-3.10604|-3.10604
53|-3.10604|-3.10604
54|-3.10604|-3.10604
55|-3.10604|-3.10604
56|-3.10604|-3.10604
57|-3.10604|-3.10604
58|-3.10604|-3.10604
59|-3.10604|-3.10604
60|-3.10604|-3.10604
61|-3.10604|-3.10604
62|-3.10604|-3.10604
63|-3.10604|-3.10604
64|-3.10604|-3.10604
65|-3.10604|-3.10604
66|-3.10604|-3.10604
67|-3.10604|-3.10604
68|-3.10604|-3.10604
69|-3.10604|-3.10604
70|-3.10604|-3.10604
71|-3.10604|-3.10604
72|-3.10604|-3.10604
73|-3.10604|-3.10604
74|-3.10604|-3.10604
75|-3.10604|-3.10604
76|-3.10604|-3.10604
77|-3.10604|-3.10604
78|-3.10604|-3.10604
79|-3.10604|-3.10604
80|-3.10604|-3.10604
81|-3.10604|-3.10604
82|-3.10604|-3.10604
83|-3.10604|-3.10604
84|-3.10604|-3.10604
85|-3.10604|-3.10604
86|-3.10604|-3.10604
87|-3.10604|-3.10604
88|-3.10604|-3.10604
89|-3.10604|-3.10604
90|-3.10604|-3.10604
91|-3.10604|-3.10604
92|-3.10604|-3.10604
93|-3.10604|-3.10604
94|-3.10604|-3.10604
95|-3.10604|-3.10604
96|-3.10604|-3.10604
97|-3.10604|-3.10604
98|-3.10604|-3.10604
99|-3.10604|-3.10604
100|-3.10604|-3.10604
101|-3.10604|-3.10604
102|-3.10604|-3.10604
103|-3.10604|-3.10604
104|-3.10604|-3.10604
105|-3.10604|-3.10604
106|-3.10604|-3.10604
107|-3.10604|-3.10604
108|-3.10604|-3.10604
109|-3.10604|-3.10604
110|-3.10604|-3.10604
111|-3.10604|-3.10604
112|-3.10604|-3.10604
113|-3.10604|-3.10604
114|-3.10604|-3.10604
115|-3.10604|-3.10604
116|-3.10604|-3.10604
117|-3.10604|-3.10604
118|-3.10604|-3.10604
119|-3.10604|-3.10604
120|-3.10604|-3.10604
121|-3.10604|-3.10604
122|-3.10604|-3.10604
123|-3.10604|-3.10604
124|-3.10604|-3.10604
125|-3.10604|-3.10604
126|-3.10604|-3.10604
127|-3.10604|-3.10604
128|-3.10604|-3.10604
129|-3.10604|-3.10604
130|-3.10604|-3.10604
131|-3.10604|-3.10604
132|-3.10604|-3.10604
133|-3.10604|-3.10604
134|-3.10604|-3.10604
135|-3.10604|-3.10604
136|-3.10604|-3.10604
137|-3.10604|-3.10604
138|-3.10604|-3.10604
139|-3.10604|-3.10604
140|-3.10604|-3.10604
141|-3.10604|-3.10604
142|-3.10604|-3.10604
143|-3.10604|-3.10604
144|-3.10604|-3.10604
145|-3.10604|-3.10604
146|-3.10604|-3.10604
147|-3.10604|-3.10604
148|-3.10604|-3.10604
149|-3.10604|-3.10604
150|-3.10604|-3.10604
151|-3.10604|-3.10604
EARLY STOP: TARGET FOUND
1742637ms
