1|56.7374|56.7374
2|56.7374|56.7374
3|56.7374|56.7374
4|56.7374|56.7374
5|56.7374|56.7374
6|56.7374|56.7374
7|56.7374|56.7374
8|56.7374|56.7374
9|56.7374|56.7374
10|56.7374|56.7374
11|56.7374|56.7374
12|56.7374|56.7374
13|56.7374|56.7374
14|56.7374|56.7374
15|56.7374|56.7374
16|56.7374|56.7374
17|56.7374|56.7374
18|56.7374|56.7374
19|56.7374|56.7374
20|56.7374|56.7374
21|56.7374|56.7374
22|56.7374|56.7374
23|56.7374|56.7374
24|56.7374|56.7374
25|56.7374|56.7374
26|56.7374|56.7374
27|56.7374|56.7374
28|56.7374|56.7374
29|56.7374|56.7374
30|56.7374|56.7374
31|56.7374|56.7374
32|56.7374|56.7374
33|56.7374|56.7374
34|56.7374|56.7374
35|56.7374|56.7374
36|56.7374|56.7374
37|56.7374|56.7374
38|56.7374|56.7374
39|56.7374|56.7374
40|56.7374|56.7374
41|56.7374|56.7374
42|56.7374|56.7374
43|56.7374|56.7374
44|56.7374|56.7374
45|56.7374|56.7374
46|56.7374|56.7374
47|56.7374|56.7374
48|56.7374|56.7374
49|56.7374|56.7374
50|56.7374|56.7374
51|56.7374|56.7374
52|56.7374|56.7374
53|56.7374|56.7374
54|56.7374|56.7374
55|56.7374|56.7374
56|56.7374|56.7374
57|56.7374|56.7374
58|56.7374|56.7374
59|56.7374|56.7374
60|56.7374|56.7374
61|56.7374|56.7374
62|56.7374|56.7374
63|56.7374|56.7374
64|56.7374|56.7374
65|56.7374|56.7374
66|56.7374|56.7374
67|56.7374|56.7374
68|56.7374|56.7374
69|56.7374|56.7374
70|56.7374|56.7374
71|56.7374|56.7374
72|56.7374|56.7374
73|56.7374|56.7374
74|56.7374|56.7374
75|56.7374|56.7374
76|56.7374|56.7374
77|56.7374|56.7374
78|56.7374|56.7374
79|56.7374|56.7374
80|56.7374|56.7374
81|56.7374|56.7374
82|56.7374|56.7374
83|56.7374|56.7374
84|56.7374|56.7374
85|56.7374|56.7374
86|56.7374|56.7374
87|56.7374|56.7374
88|56.7374|56.7374
89|56.7374|56.7374
90|56.7374|56.7374
91|56.7374|56.7374
92|56.7374|56.7374
93|56.7374|56.7374
94|56.7374|56.7374
95|56.7374|56.7374
96|56.7374|56.7374
97|56.7374|56.7374
98|56.7374|56.7374
99|56.7374|56.7374
100|56.7374|56.7374
101|56.7374|56.7374
102|56.7374|56.7374
103|56.7374|56.7374
104|56.7374|56.7374
105|56.7374|56.7374
106|56.7374|56.7374
107|56.7374|56.7374
108|56.7374|56.7374
109|56.7374|56.7374
110|56.7374|56.7374
111|56.7374|56.7374
112|56.7374|56.7374
113|56.7374|56.7374
114|56.7374|56.7374
115|56.7374|56.7374
116|56.7374|56.7374
117|56.7374|56.7374
118|56.7374|56.7374
119|56.7374|56.7374
120|56.7374|56.7374
121|56.7374|56.7374
122|56.7374|56.7374
123|56.7374|56.7374
124|56.7374|56.7374
125|56.7374|56.7374
126|56.7374|56.7374
127|56.7374|56.7374
128|56.7374|56.7374
129|56.7374|56.7374
130|56.7374|56.7374
131|56.7374|56.7374
132|56.7374|56.7374
133|56.7374|56.7374
134|56.7374|56.7374
135|56.7374|56.7374
136|56.7374|56.7374
137|56.7374|56.7374
138|56.7374|56.7374
139|56.7374|56.7374
140|56.7374|56.7374
141|56.7374|56.7374
142|56.7374|56.7374
143|56.7374|56.7374
144|56.7374|56.7374
145|56.7374|56.7374
146|56.7374|56.7374
147|56.7374|56.7374
148|56.7374|56.7374
149|56.7374|56.7374
150|56.7374|56.7374
151|56.7374|56.7374
EARLY STOP: TARGET FOUND
208599ms
