1|157.062|157.062
2|157.062|157.062
3|157.062|157.062
4|157.062|157.062
5|157.062|157.062
6|157.062|157.062
7|157.062|157.062
8|157.062|157.062
9|157.062|157.062
10|157.062|157.062
11|157.062|157.062
12|157.062|157.062
13|157.062|157.062
14|157.062|157.062
15|157.062|157.062
16|157.062|157.062
17|157.062|157.062
18|157.062|157.062
19|157.062|157.062
20|157.062|157.062
21|157.062|157.062
22|157.062|157.062
23|157.062|157.062
24|157.062|157.062
25|157.062|157.062
26|157.062|157.062
27|157.062|157.062
28|157.062|157.062
29|157.062|157.062
30|157.062|157.062
31|157.062|157.062
32|157.062|157.062
33|157.062|157.062
34|157.062|157.062
35|157.062|157.062
36|157.062|157.062
37|157.062|157.062
38|157.062|157.062
39|157.062|157.062
40|157.062|157.062
41|157.062|157.062
42|157.062|157.062
43|157.062|157.062
44|157.062|157.062
45|157.062|157.062
46|157.062|157.062
47|157.062|157.062
48|157.062|157.062
49|157.062|157.062
50|157.062|157.062
51|157.062|157.062
52|157.062|157.062
53|157.062|157.062
54|157.062|157.062
55|157.062|157.062
56|157.062|157.062
57|157.062|157.062
58|157.062|157.062
59|157.062|157.062
60|157.062|157.062
61|157.062|157.062
62|157.062|157.062
63|157.062|157.062
64|157.062|157.062
65|157.062|157.062
66|157.062|157.062
67|157.062|157.062
68|157.062|157.062
69|157.062|157.062
70|157.062|157.062
71|157.062|157.062
72|157.062|157.062
73|157.062|157.062
74|157.062|157.062
75|157.062|157.062
76|157.062|157.062
77|157.062|157.062
78|157.062|157.062
79|157.062|157.062
80|157.062|157.062
81|157.062|157.062
82|157.062|157.062
83|157.062|157.062
84|157.062|157.062
85|157.062|157.062
86|157.062|157.062
87|157.062|157.062
88|157.062|157.062
89|157.062|157.062
90|157.062|157.062
91|157.062|157.062
92|157.062|157.062
93|157.062|157.062
94|157.062|157.062
95|157.062|157.062
96|157.062|157.062
97|157.062|157.062
98|157.062|157.062
99|157.062|157.062
100|157.062|157.062
101|157.062|157.062
102|157.062|157.062
103|157.062|157.062
104|157.062|157.062
105|157.062|157.062
106|157.062|157.062
107|157.062|157.062
108|157.062|157.062
109|157.062|157.062
110|157.062|157.062
111|157.062|157.062
112|157.062|157.062
113|157.062|157.062
114|157.062|157.062
115|157.062|157.062
116|157.062|157.062
117|157.062|157.062
118|157.062|157.062
119|157.062|157.062
120|157.062|157.062
121|157.062|157.062
122|157.062|157.062
123|157.062|157.062
124|157.062|157.062
125|157.062|157.062
126|157.062|157.062
127|157.062|157.062
128|157.062|157.062
129|157.062|157.062
130|157.062|157.062
131|157.062|157.062
132|157.062|157.062
133|157.062|157.062
134|157.062|157.062
135|157.062|157.062
136|157.062|157.062
137|157.062|157.062
138|157.062|157.062
139|157.062|157.062
140|157.062|157.062
141|157.062|157.062
142|157.062|157.062
143|157.062|157.062
144|157.062|157.062
145|157.062|157.062
146|157.062|157.062
147|157.062|157.062
148|157.062|157.062
149|157.062|157.062
150|157.062|157.062
151|157.062|157.062
EARLY STOP: TARGET FOUND
208036ms
