1|656.822|656.822
2|656.822|656.822
3|656.822|656.822
4|656.822|656.822
5|656.822|656.822
6|656.822|656.822
7|656.822|656.822
8|656.822|656.822
9|656.822|656.822
10|656.822|656.822
11|656.822|656.822
12|656.822|656.822
13|656.822|656.822
14|656.822|656.822
15|656.822|656.822
16|656.822|656.822
17|656.822|656.822
18|656.822|656.822
19|656.822|656.822
20|656.822|656.822
21|656.822|656.822
22|656.822|656.822
23|656.822|656.822
24|656.822|656.822
25|656.822|656.822
26|656.822|656.822
27|656.822|656.822
28|656.822|656.822
29|656.822|656.822
30|656.822|656.822
31|656.822|656.822
32|656.822|656.822
33|656.822|656.822
34|656.822|656.822
35|656.822|656.822
36|656.822|656.822
37|656.822|656.822
38|656.822|656.822
39|656.822|656.822
40|656.822|656.822
41|656.822|656.822
42|656.822|656.822
43|656.822|656.822
44|656.822|656.822
45|656.822|656.822
46|656.822|656.822
47|656.822|656.822
48|656.822|656.822
49|656.822|656.822
50|656.822|656.822
51|656.822|656.822
52|656.822|656.822
53|656.822|656.822
54|656.822|656.822
55|656.822|656.822
56|656.822|656.822
57|656.822|656.822
58|656.822|656.822
59|656.822|656.822
60|656.822|656.822
61|656.822|656.822
62|656.822|656.822
63|656.822|656.822
64|656.822|656.822
65|656.822|656.822
66|656.822|656.822
67|656.822|656.822
68|656.822|656.822
69|656.822|656.822
70|656.822|656.822
71|656.822|656.822
72|656.822|656.822
73|656.822|656.822
74|656.822|656.822
75|656.822|656.822
76|656.822|656.822
77|656.822|656.822
78|656.822|656.822
79|656.822|656.822
80|656.822|656.822
81|656.822|656.822
82|656.822|656.822
83|656.822|656.822
84|656.822|656.822
85|656.822|656.822
86|656.822|656.822
87|656.822|656.822
88|656.822|656.822
89|656.822|656.822
90|656.822|656.822
91|656.822|656.822
92|656.822|656.822
93|656.822|656.822
94|656.822|656.822
95|656.822|656.822
96|656.822|656.822
97|656.822|656.822
98|656.822|656.822
99|656.822|656.822
100|656.822|656.822
101|656.822|656.822
102|656.822|656.822
103|656.822|656.822
104|656.822|656.822
105|656.822|656.822
106|656.822|656.822
107|656.822|656.822
108|656.822|656.822
109|656.822|656.822
110|656.822|656.822
111|656.822|656.822
112|656.822|656.822
113|656.822|656.822
114|656.822|656.822
115|656.822|656.822
116|656.822|656.822
117|656.822|656.822
118|656.822|656.822
119|656.822|656.822
120|656.822|656.822
121|656.822|656.822
122|656.822|656.822
123|656.822|656.822
124|656.822|656.822
125|656.822|656.822
126|656.822|656.822
127|656.822|656.822
128|656.822|656.822
129|656.822|656.822
130|656.822|656.822
131|656.822|656.822
132|656.822|656.822
133|656.822|656.822
134|656.822|656.822
135|656.822|656.822
136|656.822|656.822
137|656.822|656.822
138|656.822|656.822
139|656.822|656.822
140|656.822|656.822
141|656.822|656.822
142|656.822|656.822
143|656.822|656.822
144|656.822|656.822
145|656.822|656.822
146|656.822|656.822
147|656.822|656.822
148|656.822|656.822
149|656.822|656.822
150|656.822|656.822
151|656.822|656.822
EARLY STOP: TARGET FOUND
84588ms
