1|45.6558|45.6558
2|45.6558|45.6558
3|45.6558|45.6558
4|45.6558|45.6558
5|45.6558|45.6558
6|45.6558|45.6558
7|45.6558|45.6558
8|45.6558|45.6558
9|45.6558|45.6558
10|45.6558|45.6558
11|45.6558|45.6558
12|45.6558|45.6558
13|45.6558|45.6558
14|45.6558|45.6558
15|45.6558|45.6558
16|45.6558|45.6558
17|45.6558|45.6558
18|45.6558|45.6558
19|45.6558|45.6558
20|45.6558|45.6558
21|45.6558|45.6558
22|45.6558|45.6558
23|45.6558|45.6558
24|45.6558|45.6558
25|45.6558|45.6558
26|45.6558|45.6558
27|45.6558|45.6558
28|45.6558|45.6558
29|45.6558|45.6558
30|45.6558|45.6558
31|45.6558|45.6558
32|45.6558|45.6558
33|45.6558|45.6558
34|45.6558|45.6558
35|45.6558|45.6558
36|45.6558|45.6558
37|45.6558|45.6558
38|45.6558|45.6558
39|45.6558|45.6558
40|45.6558|45.6558
41|45.6558|45.6558
42|45.6558|45.6558
43|45.6558|45.6558
44|45.6558|45.6558
45|45.6558|45.6558
46|45.6558|45.6558
47|45.6558|45.6558
48|45.6558|45.6558
49|45.6558|45.6558
50|45.6558|45.6558
51|45.6558|45.6558
52|45.6558|45.6558
53|45.6558|45.6558
54|45.6558|45.6558
55|45.6558|45.6558
56|45.6558|45.6558
57|45.6558|45.6558
58|45.6558|45.6558
59|45.6558|45.6558
60|45.6558|45.6558
61|45.6558|45.6558
62|45.6558|45.6558
63|45.6558|45.6558
64|45.6558|45.6558
65|45.6558|45.6558
66|45.6558|45.6558
67|45.6558|45.6558
68|45.6558|45.6558
69|45.6558|45.6558
70|45.6558|45.6558
71|45.6558|45.6558
72|45.6558|45.6558
73|45.6558|45.6558
74|45.6558|45.6558
75|45.6558|45.6558
76|45.6558|45.6558
77|45.6558|45.6558
78|45.6558|45.6558
79|45.6558|45.6558
80|45.6558|45.6558
81|45.6558|45.6558
82|45.6558|45.6558
83|45.6558|45.6558
84|45.6558|45.6558
85|45.6558|45.6558
86|45.6558|45.6558
87|45.6558|45.6558
88|45.6558|45.6558
89|45.6558|45.6558
90|45.6558|45.6558
91|45.6558|45.6558
92|45.6558|45.6558
93|45.6558|45.6558
94|45.6558|45.6558
95|45.6558|45.6558
96|45.6558|45.6558
97|45.6558|45.6558
98|45.6558|45.6558
99|45.6558|45.6558
100|45.6558|45.6558
101|45.6558|45.6558
102|45.6558|45.6558
103|45.6558|45.6558
104|45.6558|45.6558
105|45.6558|45.6558
106|45.6558|45.6558
107|45.6558|45.6558
108|45.6558|45.6558
109|45.6558|45.6558
110|45.6558|45.6558
111|45.6558|45.6558
112|45.6558|45.6558
113|45.6558|45.6558
114|45.6558|45.6558
115|45.6558|45.6558
116|45.6558|45.6558
117|45.6558|45.6558
118|45.6558|45.6558
119|45.6558|45.6558
120|45.6558|45.6558
121|45.6558|45.6558
122|45.6558|45.6558
123|45.6558|45.6558
124|45.6558|45.6558
125|45.6558|45.6558
126|45.6558|45.6558
127|45.6558|45.6558
128|45.6558|45.6558
129|45.6558|45.6558
130|45.6558|45.6558
131|45.6558|45.6558
132|45.6558|45.6558
133|45.6558|45.6558
134|45.6558|45.6558
135|45.6558|45.6558
136|45.6558|45.6558
137|45.6558|45.6558
138|45.6558|45.6558
139|45.6558|45.6558
140|45.6558|45.6558
141|45.6558|45.6558
142|45.6558|45.6558
143|45.6558|45.6558
144|45.6558|45.6558
145|45.6558|45.6558
146|45.6558|45.6558
147|45.6558|45.6558
148|45.6558|45.6558
149|45.6558|45.6558
150|45.6558|45.6558
151|45.6558|45.6558
EARLY STOP: TARGET FOUND
58631ms
