1|-2.91398|-2.91398
2|-2.91398|-2.91398
3|-2.91398|-2.91398
4|-2.91398|-2.91398
5|-2.91398|-2.91398
6|-2.91398|-2.91398
7|-2.91398|-2.91398
8|-2.91398|-2.91398
9|-2.91398|-2.91398
10|-2.91398|-2.91398
11|-2.91398|-2.91398
12|-2.91398|-2.91398
13|-2.91398|-2.91398
14|-2.91398|-2.91398
15|-2.91398|-2.91398
16|-2.91398|-2.91398
17|-2.91398|-2.91398
18|-2.91398|-2.91398
19|-2.91398|-2.91398
20|-2.91398|-2.91398
21|-2.91398|-2.91398
22|-2.91398|-2.91398
23|-2.91398|-2.91398
24|-2.91398|-2.91398
25|-2.91398|-2.91398
26|-2.91398|-2.91398
27|-2.91398|-2.91398
28|-2.91398|-2.91398
29|-2.91398|-2.91398
30|-2.91398|-2.91398
31|-2.91398|-2.91398
32|-2.91398|-2.91398
33|-2.91398|-2.91398
34|-2.91398|-2.91398
35|-2.91398|-2.91398
36|-2.91398|-2.91398
37|-2.91398|-2.91398
38|-2.91398|-2.91398
39|-2.91398|-2.91398
40|-2.91398|-2.91398
41|-2.91398|-2.91398
42|-2.91398|-2.91398
43|-2.91398|-2.91398
44|-2.91398|-2.91398
45|-2.91398|-2.91398
46|-2.91398|-2.91398
47|-2.91398|-2.91398
48|-2.91398|-2.91398
49|-2.91398|-2.91398
50|-2.91398|-2.91398
51|-2.91398|-2.91398
52|-2.91398|-2.91398
53|-2.91398|-2.91398
54|-2.91398|-2.91398
55|-2.91398|-2.91398
56|-2.91398|-2.91398
57|-2.91398|-2.91398
58|-2.91398|-2.91398
59|-2.91398|-2.91398
60|-2.91398|-2.91398
61|-2.91398|-2.91398
62|-2.91398|-2.91398
63|-2.91398|-2.91398
64|-2.91398|-2.91398
65|-2.91398|-2.91398
66|-2.91398|-2.91398
67|-2.91398|-2.91398
68|-2.91398|-2.91398
69|-2.91398|-2.91398
70|-2.91398|-2.91398
71|-2.91398|-2.91398
72|-2.91398|-2.91398
73|-2.91398|-2.91398
74|-2.91398|-2.91398
75|-2.91398|-2.91398
76|-2.91398|-2.91398
77|-2.91398|-2.91398
78|-2.91398|-2.91398
79|-2.91398|-2.91398
80|-2.91398|-2.91398
81|-2.91398|-2.91398
82|-2.91398|-2.91398
83|-2.91398|-2.91398
84|-2.91398|-2.91398
85|-2.91398|-2.91398
86|-2.91398|-2.91398
87|-2.91398|-2.91398
88|-2.91398|-2.91398
89|-2.91398|-2.91398
90|-2.91398|-2.91398
91|-2.91398|-2.91398
92|-2.91398|-2.91398
93|-2.91398|-2.91398
94|-2.91398|-2.91398
95|-2.91398|-2.91398
96|-2.91398|-2.91398
97|-2.91398|-2.91398
98|-2.91398|-2.91398
99|-2.91398|-2.91398
100|-2.91398|-2.91398
101|-2.91398|-2.91398
102|-2.91398|-2.91398
103|-2.91398|-2.91398
104|-2.91398|-2.91398
105|-2.91398|-2.91398
106|-2.91398|-2.91398
107|-2.91398|-2.91398
108|-2.91398|-2.91398
109|-2.91398|-2.91398
110|-2.91398|-2.91398
111|-2.91398|-2.91398
112|-2.91398|-2.91398
113|-2.91398|-2.91398
114|-2.91398|-2.91398
115|-2.91398|-2.91398
116|-2.91398|-2.91398
117|-2.91398|-2.91398
118|-2.91398|-2.91398
119|-2.91398|-2.91398
120|-2.91398|-2.91398
121|-2.91398|-2.91398
122|-2.91398|-2.91398
123|-2.91398|-2.91398
124|-2.91398|-2.91398
125|-2.91398|-2.91398
126|-2.91398|-2.91398
127|-2.91398|-2.91398
128|-2.91398|-2.91398
129|-2.91398|-2.91398
130|-2.91398|-2.91398
131|-2.91398|-2.91398
132|-2.91398|-2.91398
133|-2.91398|-2.91398
134|-2.91398|-2.91398
135|-2.91398|-2.91398
136|-2.91398|-2.91398
137|-2.91398|-2.91398
138|-2.91398|-2.91398
139|-2.91398|-2.91398
140|-2.91398|-2.91398
141|-2.91398|-2.91398
142|-2.91398|-2.91398
143|-2.91398|-2.91398
144|-2.91398|-2.91398
145|-2.91398|-2.91398
146|-2.91398|-2.91398
147|-2.91398|-2.91398
148|-2.91398|-2.91398
149|-2.91398|-2.91398
150|-2.91398|-2.91398
151|-2.91398|-2.91398
EARLY STOP: TARGET FOUND
1721797ms
