1|204.226|204.226
2|204.226|204.226
3|204.226|204.226
4|204.226|204.226
5|204.226|204.226
6|204.226|204.226
7|204.226|204.226
8|204.226|204.226
9|204.226|204.226
10|204.226|204.226
11|204.226|204.226
12|204.226|204.226
13|204.226|204.226
14|204.226|204.226
15|204.226|204.226
16|204.226|204.226
17|204.226|204.226
18|204.226|204.226
19|204.226|204.226
20|204.226|204.226
21|204.226|204.226
22|204.226|204.226
23|204.226|204.226
24|204.226|204.226
25|204.226|204.226
26|204.226|204.226
27|204.226|204.226
28|204.226|204.226
29|204.226|204.226
30|204.226|204.226
31|204.226|204.226
32|204.226|204.226
33|204.226|204.226
34|204.226|204.226
35|204.226|204.226
36|204.226|204.226
37|204.226|204.226
38|204.226|204.226
39|204.226|204.226
40|204.226|204.226
41|204.226|204.226
42|204.226|204.226
43|204.226|204.226
44|204.226|204.226
45|204.226|204.226
46|204.226|204.226
47|204.226|204.226
48|204.226|204.226
49|204.226|204.226
50|204.226|204.226
51|204.226|204.226
52|204.226|204.226
53|204.226|204.226
54|204.226|204.226
55|204.226|204.226
56|204.226|204.226
57|204.226|204.226
58|204.226|204.226
59|204.226|204.226
60|204.226|204.226
61|204.226|204.226
62|204.226|204.226
63|204.226|204.226
64|204.226|204.226
65|204.226|204.226
66|204.226|204.226
67|204.226|204.226
68|204.226|204.226
69|204.226|204.226
70|204.226|204.226
71|204.226|204.226
72|204.226|204.226
73|204.226|204.226
74|204.226|204.226
75|204.226|204.226
76|204.226|204.226
77|204.226|204.226
78|204.226|204.226
79|204.226|204.226
80|204.226|204.226
81|204.226|204.226
82|204.226|204.226
83|204.226|204.226
84|204.226|204.226
85|204.226|204.226
86|204.226|204.226
87|204.226|204.226
88|204.226|204.226
89|204.226|204.226
90|204.226|204.226
91|204.226|204.226
92|204.226|204.226
93|204.226|204.226
94|204.226|204.226
95|204.226|204.226
96|204.226|204.226
97|204.226|204.226
98|204.226|204.226
99|204.226|204.226
100|204.226|204.226
101|204.226|204.226
102|204.226|204.226
103|204.226|204.226
104|204.226|204.226
105|204.226|204.226
106|204.226|204.226
107|204.226|204.226
108|204.226|204.226
109|204.226|204.226
110|204.226|204.226
111|204.226|204.226
112|204.226|204.226
113|204.226|204.226
114|204.226|204.226
115|204.226|204.226
116|204.226|204.226
117|204.226|204.226
118|204.226|204.226
119|204.226|204.226
120|204.226|204.226
121|204.226|204.226
122|204.226|204.226
123|204.226|204.226
124|204.226|204.226
125|204.226|204.226
126|204.226|204.226
127|204.226|204.226
128|204.226|204.226
129|204.226|204.226
130|204.226|204.226
131|204.226|204.226
132|204.226|204.226
133|204.226|204.226
134|204.226|204.226
135|204.226|204.226
136|204.226|204.226
137|204.226|204.226
138|204.226|204.226
139|204.226|204.226
140|204.226|204.226
141|204.226|204.226
142|204.226|204.226
143|204.226|204.226
144|204.226|204.226
145|204.226|204.226
146|204.226|204.226
147|204.226|204.226
148|204.226|204.226
149|204.226|204.226
150|204.226|204.226
151|204.226|204.226
EARLY STOP: TARGET FOUND
211067ms
