1|123.213|123.213
2|123.213|123.213
3|123.213|123.213
4|123.213|123.213
5|123.213|123.213
6|123.213|123.213
7|123.213|123.213
8|123.213|123.213
9|123.213|123.213
10|123.213|123.213
11|123.213|123.213
12|123.213|123.213
13|123.213|123.213
14|123.213|123.213
15|123.213|123.213
16|123.213|123.213
17|123.213|123.213
18|123.213|123.213
19|123.213|123.213
20|123.213|123.213
21|123.213|123.213
22|123.213|123.213
23|123.213|123.213
24|123.213|123.213
25|123.213|123.213
26|123.213|123.213
27|123.213|123.213
28|123.213|123.213
29|123.213|123.213
30|123.213|123.213
31|123.213|123.213
32|123.213|123.213
33|123.213|123.213
34|123.213|123.213
35|123.213|123.213
36|123.213|123.213
37|123.213|123.213
38|123.213|123.213
39|123.213|123.213
40|123.213|123.213
41|123.213|123.213
42|123.213|123.213
43|123.213|123.213
44|123.213|123.213
45|123.213|123.213
46|123.213|123.213
47|123.213|123.213
48|123.213|123.213
49|123.213|123.213
50|123.213|123.213
51|123.213|123.213
52|123.213|123.213
53|123.213|123.213
54|123.213|123.213
55|123.213|123.213
56|123.213|123.213
57|123.213|123.213
58|123.213|123.213
59|123.213|123.213
60|123.213|123.213
61|123.213|123.213
62|123.213|123.213
63|123.213|123.213
64|123.213|123.213
65|123.213|123.213
66|123.213|123.213
67|123.213|123.213
68|123.213|123.213
69|123.213|123.213
70|123.213|123.213
71|123.213|123.213
72|123.213|123.213
73|123.213|123.213
74|123.213|123.213
75|123.213|123.213
76|123.213|123.213
77|123.213|123.213
78|123.213|123.213
79|123.213|123.213
80|123.213|123.213
81|123.213|123.213
82|123.213|123.213
83|123.213|123.213
84|123.213|123.213
85|123.213|123.213
86|123.213|123.213
87|123.213|123.213
88|123.213|123.213
89|123.213|123.213
90|123.213|123.213
91|123.213|123.213
92|123.213|123.213
93|123.213|123.213
94|123.213|123.213
95|123.213|123.213
96|123.213|123.213
97|123.213|123.213
98|123.213|123.213
99|123.213|123.213
100|123.213|123.213
101|123.213|123.213
102|123.213|123.213
103|123.213|123.213
104|123.213|123.213
105|123.213|123.213
106|123.213|123.213
107|123.213|123.213
108|123.213|123.213
109|123.213|123.213
110|123.213|123.213
111|123.213|123.213
112|123.213|123.213
113|123.213|123.213
114|123.213|123.213
115|123.213|123.213
116|123.213|123.213
117|123.213|123.213
118|123.213|123.213
119|123.213|123.213
120|123.213|123.213
121|123.213|123.213
122|123.213|123.213
123|123.213|123.213
124|123.213|123.213
125|123.213|123.213
126|123.213|123.213
127|123.213|123.213
128|123.213|123.213
129|123.213|123.213
130|123.213|123.213
131|123.213|123.213
132|123.213|123.213
133|123.213|123.213
134|123.213|123.213
135|123.213|123.213
136|123.213|123.213
137|123.213|123.213
138|123.213|123.213
139|123.213|123.213
140|123.213|123.213
141|123.213|123.213
142|123.213|123.213
143|123.213|123.213
144|123.213|123.213
145|123.213|123.213
146|123.213|123.213
147|123.213|123.213
148|123.213|123.213
149|123.213|123.213
150|123.213|123.213
151|123.213|123.213
EARLY STOP: TARGET FOUND
59672ms
