1|-162.045|-162.045
2|-162.045|-162.045
3|-162.045|-162.045
4|-162.045|-162.045
5|-162.045|-162.045
6|-162.045|-162.045
7|-162.045|-162.045
8|-162.045|-162.045
9|-162.045|-162.045
10|-162.045|-162.045
11|-162.045|-162.045
12|-162.045|-162.045
13|-162.045|-162.045
14|-162.045|-162.045
15|-162.045|-162.045
16|-162.045|-162.045
17|-162.045|-162.045
18|-162.045|-162.045
19|-162.045|-162.045
20|-162.045|-162.045
21|-162.045|-162.045
22|-162.045|-162.045
23|-162.045|-162.045
24|-162.045|-162.045
25|-162.045|-162.045
26|-162.045|-162.045
27|-162.045|-162.045
28|-162.045|-162.045
29|-162.045|-162.045
30|-162.045|-162.045
31|-162.045|-162.045
32|-162.045|-162.045
33|-162.045|-162.045
34|-162.045|-162.045
35|-162.045|-162.045
36|-162.045|-162.045
37|-162.045|-162.045
38|-162.045|-162.045
39|-162.045|-162.045
40|-162.045|-162.045
41|-162.045|-162.045
42|-162.045|-162.045
43|-162.045|-162.045
44|-162.045|-162.045
45|-162.045|-162.045
46|-162.045|-162.045
47|-162.045|-162.045
48|-162.045|-162.045
49|-162.045|-162.045
50|-162.045|-162.045
51|-162.045|-162.045
52|-162.045|-162.045
53|-162.045|-162.045
54|-162.045|-162.045
55|-162.045|-162.045
56|-162.045|-162.045
57|-162.045|-162.045
58|-162.045|-162.045
59|-162.045|-162.045
60|-162.045|-162.045
61|-162.045|-162.045
62|-162.045|-162.045
63|-162.045|-162.045
64|-162.045|-162.045
65|-162.045|-162.045
66|-162.045|-162.045
67|-162.045|-162.045
68|-162.045|-162.045
69|-162.045|-162.045
70|-162.045|-162.045
71|-162.045|-162.045
72|-162.045|-162.045
73|-162.045|-162.045
74|-162.045|-162.045
75|-162.045|-162.045
76|-162.045|-162.045
77|-162.045|-162.045
78|-162.045|-162.045
79|-162.045|-162.045
80|-162.045|-162.045
81|-162.045|-162.045
82|-162.045|-162.045
83|-162.045|-162.045
84|-162.045|-162.045
85|-162.045|-162.045
86|-162.045|-162.045
87|-162.045|-162.045
88|-162.045|-162.045
89|-162.045|-162.045
90|-162.045|-162.045
91|-162.045|-162.045
92|-162.045|-162.045
93|-162.045|-162.045
94|-162.045|-162.045
95|-162.045|-162.045
96|-162.045|-162.045
97|-162.045|-162.045
98|-162.045|-162.045
99|-162.045|-162.045
100|-162.045|-162.045
101|-162.045|-162.045
102|-162.045|-162.045
103|-162.045|-162.045
104|-162.045|-162.045
105|-162.045|-162.045
106|-162.045|-162.045
107|-162.045|-162.045
108|-162.045|-162.045
109|-162.045|-162.045
110|-162.045|-162.045
111|-162.045|-162.045
112|-162.045|-162.045
113|-162.045|-162.045
114|-162.045|-162.045
115|-162.045|-162.045
116|-162.045|-162.045
117|-162.045|-162.045
118|-162.045|-162.045
119|-162.045|-162.045
120|-162.045|-162.045
121|-162.045|-162.045
122|-162.045|-162.045
123|-162.045|-162.045
124|-162.045|-162.045
125|-162.045|-162.045
126|-162.045|-162.045
127|-162.045|-162.045
128|-162.045|-162.045
129|-162.045|-162.045
130|-162.045|-162.045
131|-162.045|-162.045
132|-162.045|-162.045
133|-162.045|-162.045
134|-162.045|-162.045
135|-162.045|-162.045
136|-162.045|-162.045
137|-162.045|-162.045
138|-162.045|-162.045
139|-162.045|-162.045
140|-162.045|-162.045
141|-162.045|-162.045
142|-162.045|-162.045
143|-162.045|-162.045
144|-162.045|-162.045
145|-162.045|-162.045
146|-162.045|-162.045
147|-162.045|-162.045
148|-162.045|-162.045
149|-162.045|-162.045
150|-162.045|-162.045
151|-162.045|-162.045
EARLY STOP: TARGET FOUND
85197ms
