1|717.247|717.247
2|717.247|717.247
3|717.247|717.247
4|717.247|717.247
5|717.247|717.247
6|717.247|717.247
7|717.247|717.247
8|717.247|717.247
9|717.247|717.247
10|717.247|717.247
11|717.247|717.247
12|717.247|717.247
13|717.247|717.247
14|717.247|717.247
15|717.247|717.247
16|717.247|717.247
17|717.247|717.247
18|717.247|717.247
19|717.247|717.247
20|717.247|717.247
21|717.247|717.247
22|717.247|717.247
23|717.247|717.247
24|717.247|717.247
25|717.247|717.247
26|717.247|717.247
27|717.247|717.247
28|717.247|717.247
29|717.247|717.247
30|717.247|717.247
31|717.247|717.247
32|717.247|717.247
33|717.247|717.247
34|717.247|717.247
35|717.247|717.247
36|717.247|717.247
37|717.247|717.247
38|717.247|717.247
39|717.247|717.247
40|717.247|717.247
41|717.247|717.247
42|717.247|717.247
43|717.247|717.247
44|717.247|717.247
45|717.247|717.247
46|717.247|717.247
47|717.247|717.247
48|717.247|717.247
49|717.247|717.247
50|717.247|717.247
51|717.247|717.247
52|717.247|717.247
53|717.247|717.247
54|717.247|717.247
55|717.247|717.247
56|717.247|717.247
57|717.247|717.247
58|717.247|717.247
59|717.247|717.247
60|717.247|717.247
61|717.247|717.247
62|717.247|717.247
63|717.247|717.247
64|717.247|717.247
65|717.247|717.247
66|717.247|717.247
67|717.247|717.247
68|717.247|717.247
69|717.247|717.247
70|717.247|717.247
71|717.247|717.247
72|717.247|717.247
73|717.247|717.247
74|717.247|717.247
75|717.247|717.247
76|717.247|717.247
77|717.247|717.247
78|717.247|717.247
79|717.247|717.247
80|717.247|717.247
81|717.247|717.247
82|717.247|717.247
83|717.247|717.247
84|717.247|717.247
85|717.247|717.247
86|717.247|717.247
87|717.247|717.247
88|717.247|717.247
89|717.247|717.247
90|717.247|717.247
91|717.247|717.247
92|717.247|717.247
93|717.247|717.247
94|717.247|717.247
95|717.247|717.247
96|717.247|717.247
97|717.247|717.247
98|717.247|717.247
99|717.247|717.247
100|717.247|717.247
101|717.247|717.247
102|717.247|717.247
103|717.247|717.247
104|717.247|717.247
105|717.247|717.247
106|717.247|717.247
107|717.247|717.247
108|717.247|717.247
109|717.247|717.247
110|717.247|717.247
111|717.247|717.247
112|717.247|717.247
113|717.247|717.247
114|717.247|717.247
115|717.247|717.247
116|717.247|717.247
117|717.247|717.247
118|717.247|717.247
119|717.247|717.247
120|717.247|717.247
121|717.247|717.247
122|717.247|717.247
123|717.247|717.247
124|717.247|717.247
125|717.247|717.247
126|717.247|717.247
127|717.247|717.247
128|717.247|717.247
129|717.247|717.247
130|717.247|717.247
131|717.247|717.247
132|717.247|717.247
133|717.247|717.247
134|717.247|717.247
135|717.247|717.247
136|717.247|717.247
137|717.247|717.247
138|717.247|717.247
139|717.247|717.247
140|717.247|717.247
141|717.247|717.247
142|717.247|717.247
143|717.247|717.247
144|717.247|717.247
145|717.247|717.247
146|717.247|717.247
147|717.247|717.247
148|717.247|717.247
149|717.247|717.247
150|717.247|717.247
151|717.247|717.247
EARLY STOP: TARGET FOUND
2513771ms
