1|-1053.96|-1053.96
2|-1053.96|-1053.96
3|-1053.96|-1053.96
4|-1053.96|-1053.96
5|-1053.96|-1053.96
6|-1053.96|-1053.96
7|-1053.96|-1053.96
8|-1053.96|-1053.96
9|-1053.96|-1053.96
10|-1053.96|-1053.96
11|-1053.96|-1053.96
12|-1053.96|-1053.96
13|-1053.96|-1053.96
14|-1053.96|-1053.96
15|-1053.96|-1053.96
16|-1053.96|-1053.96
17|-1053.96|-1053.96
18|-1053.96|-1053.96
19|-1053.96|-1053.96
20|-1053.96|-1053.96
21|-1053.96|-1053.96
22|-1053.96|-1053.96
23|-1053.96|-1053.96
24|-1053.96|-1053.96
25|-1053.96|-1053.96
26|-1053.96|-1053.96
27|-1053.96|-1053.96
28|-1053.96|-1053.96
29|-1053.96|-1053.96
30|-1053.96|-1053.96
31|-1053.96|-1053.96
32|-1053.96|-1053.96
33|-1053.96|-1053.96
34|-1053.96|-1053.96
35|-1053.96|-1053.96
36|-1053.96|-1053.96
37|-1053.96|-1053.96
38|-1053.96|-1053.96
39|-1053.96|-1053.96
40|-1053.96|-1053.96
41|-1053.96|-1053.96
42|-1053.96|-1053.96
43|-1053.96|-1053.96
44|-1053.96|-1053.96
45|-1053.96|-1053.96
46|-1053.96|-1053.96
47|-1053.96|-1053.96
48|-1053.96|-1053.96
49|-1053.96|-1053.96
50|-1053.96|-1053.96
51|-1053.96|-1053.96
52|-1053.96|-1053.96
53|-1053.96|-1053.96
54|-1053.96|-1053.96
55|-1053.96|-1053.96
56|-1053.96|-1053.96
57|-1053.96|-1053.96
58|-1053.96|-1053.96
59|-1053.96|-1053.96
60|-1053.96|-1053.96
61|-1053.96|-1053.96
62|-1053.96|-1053.96
63|-1053.96|-1053.96
64|-1053.96|-1053.96
65|-1053.96|-1053.96
66|-1053.96|-1053.96
67|-1053.96|-1053.96
68|-1053.96|-1053.96
69|-1053.96|-1053.96
70|-1053.96|-1053.96
71|-1053.96|-1053.96
72|-1053.96|-1053.96
73|-1053.96|-1053.96
74|-1053.96|-1053.96
75|-1053.96|-1053.96
76|-1053.96|-1053.96
77|-1053.96|-1053.96
78|-1053.96|-1053.96
79|-1053.96|-1053.96
80|-1053.96|-1053.96
81|-1053.96|-1053.96
82|-1053.96|-1053.96
83|-1053.96|-1053.96
84|-1053.96|-1053.96
85|-1053.96|-1053.96
86|-1053.96|-1053.96
87|-1053.96|-1053.96
88|-1053.96|-1053.96
89|-1053.96|-1053.96
90|-1053.96|-1053.96
91|-1053.96|-1053.96
92|-1053.96|-1053.96
93|-1053.96|-1053.96
94|-1053.96|-1053.96
95|-1053.96|-1053.96
96|-1053.96|-1053.96
97|-1053.96|-1053.96
98|-1053.96|-1053.96
99|-1053.96|-1053.96
100|-1053.96|-1053.96
101|-1053.96|-1053.96
102|-1053.96|-1053.96
103|-1053.96|-1053.96
104|-1053.96|-1053.96
105|-1053.96|-1053.96
106|-1053.96|-1053.96
107|-1053.96|-1053.96
108|-1053.96|-1053.96
109|-1053.96|-1053.96
110|-1053.96|-1053.96
111|-1053.96|-1053.96
112|-1053.96|-1053.96
113|-1053.96|-1053.96
114|-1053.96|-1053.96
115|-1053.96|-1053.96
116|-1053.96|-1053.96
117|-1053.96|-1053.96
118|-1053.96|-1053.96
119|-1053.96|-1053.96
120|-1053.96|-1053.96
121|-1053.96|-1053.96
122|-1053.96|-1053.96
123|-1053.96|-1053.96
124|-1053.96|-1053.96
125|-1053.96|-1053.96
126|-1053.96|-1053.96
127|-1053.96|-1053.96
128|-1053.96|-1053.96
129|-1053.96|-1053.96
130|-1053.96|-1053.96
131|-1053.96|-1053.96
132|-1053.96|-1053.96
133|-1053.96|-1053.96
134|-1053.96|-1053.96
135|-1053.96|-1053.96
136|-1053.96|-1053.96
137|-1053.96|-1053.96
138|-1053.96|-1053.96
139|-1053.96|-1053.96
140|-1053.96|-1053.96
141|-1053.96|-1053.96
142|-1053.96|-1053.96
143|-1053.96|-1053.96
144|-1053.96|-1053.96
145|-1053.96|-1053.96
146|-1053.96|-1053.96
147|-1053.96|-1053.96
148|-1053.96|-1053.96
149|-1053.96|-1053.96
150|-1053.96|-1053.96
151|-1053.96|-1053.96
EARLY STOP: TARGET FOUND
2529026ms
