1|82.4484|82.4484
2|82.4484|82.4484
3|82.4484|82.4484
4|82.4484|82.4484
5|82.4484|82.4484
6|82.4484|82.4484
7|82.4484|82.4484
8|82.4484|82.4484
9|82.4484|82.4484
10|82.4484|82.4484
11|82.4484|82.4484
12|82.4484|82.4484
13|82.4484|82.4484
14|82.4484|82.4484
15|82.4484|82.4484
16|82.4484|82.4484
17|82.4484|82.4484
18|82.4484|82.4484
19|82.4484|82.4484
20|82.4484|82.4484
21|82.4484|82.4484
22|82.4484|82.4484
23|82.4484|82.4484
24|82.4484|82.4484
25|82.4484|82.4484
26|82.4484|82.4484
27|82.4484|82.4484
28|82.4484|82.4484
29|82.4484|82.4484
30|82.4484|82.4484
31|82.4484|82.4484
32|82.4484|82.4484
33|82.4484|82.4484
34|82.4484|82.4484
35|82.4484|82.4484
36|82.4484|82.4484
37|82.4484|82.4484
38|82.4484|82.4484
39|82.4484|82.4484
40|82.4484|82.4484
41|82.4484|82.4484
42|82.4484|82.4484
43|82.4484|82.4484
44|82.4484|82.4484
45|82.4484|82.4484
46|82.4484|82.4484
47|82.4484|82.4484
48|82.4484|82.4484
49|82.4484|82.4484
50|82.4484|82.4484
51|82.4484|82.4484
52|82.4484|82.4484
53|82.4484|82.4484
54|82.4484|82.4484
55|82.4484|82.4484
56|82.4484|82.4484
57|82.4484|82.4484
58|82.4484|82.4484
59|82.4484|82.4484
60|82.4484|82.4484
61|82.4484|82.4484
62|82.4484|82.4484
63|82.4484|82.4484
64|82.4484|82.4484
65|82.4484|82.4484
66|82.4484|82.4484
67|82.4484|82.4484
68|82.4484|82.4484
69|82.4484|82.4484
70|82.4484|82.4484
71|82.4484|82.4484
72|82.4484|82.4484
73|82.4484|82.4484
74|82.4484|82.4484
75|82.4484|82.4484
76|82.4484|82.4484
77|82.4484|82.4484
78|82.4484|82.4484
79|82.4484|82.4484
80|82.4484|82.4484
81|82.4484|82.4484
82|82.4484|82.4484
83|82.4484|82.4484
84|82.4484|82.4484
85|82.4484|82.4484
86|82.4484|82.4484
87|82.4484|82.4484
88|82.4484|82.4484
89|82.4484|82.4484
90|82.4484|82.4484
91|82.4484|82.4484
92|82.4484|82.4484
93|82.4484|82.4484
94|82.4484|82.4484
95|82.4484|82.4484
96|82.4484|82.4484
97|82.4484|82.4484
98|82.4484|82.4484
99|82.4484|82.4484
100|82.4484|82.4484
101|82.4484|82.4484
102|82.4484|82.4484
103|82.4484|82.4484
104|82.4484|82.4484
105|82.4484|82.4484
106|82.4484|82.4484
107|82.4484|82.4484
108|82.4484|82.4484
109|82.4484|82.4484
110|82.4484|82.4484
111|82.4484|82.4484
112|82.4484|82.4484
113|82.4484|82.4484
114|82.4484|82.4484
115|82.4484|82.4484
116|82.4484|82.4484
117|82.4484|82.4484
118|82.4484|82.4484
119|82.4484|82.4484
120|82.4484|82.4484
121|82.4484|82.4484
122|82.4484|82.4484
123|82.4484|82.4484
124|82.4484|82.4484
125|82.4484|82.4484
126|82.4484|82.4484
127|82.4484|82.4484
128|82.4484|82.4484
129|82.4484|82.4484
130|82.4484|82.4484
131|82.4484|82.4484
132|82.4484|82.4484
133|82.4484|82.4484
134|82.4484|82.4484
135|82.4484|82.4484
136|82.4484|82.4484
137|82.4484|82.4484
138|82.4484|82.4484
139|82.4484|82.4484
140|82.4484|82.4484
141|82.4484|82.4484
142|82.4484|82.4484
143|82.4484|82.4484
144|82.4484|82.4484
145|82.4484|82.4484
146|82.4484|82.4484
147|82.4484|82.4484
148|82.4484|82.4484
149|82.4484|82.4484
150|82.4484|82.4484
151|82.4484|82.4484
EARLY STOP: TARGET FOUND
209012ms
