1|570.15|570.15
2|570.15|570.15
3|570.15|570.15
4|570.15|570.15
5|570.15|570.15
6|570.15|570.15
7|570.15|570.15
8|570.15|570.15
9|570.15|570.15
10|570.15|570.15
11|570.15|570.15
12|570.15|570.15
13|570.15|570.15
14|570.15|570.15
15|570.15|570.15
16|570.15|570.15
17|570.15|570.15
18|570.15|570.15
19|570.15|570.15
20|570.15|570.15
21|570.15|570.15
22|570.15|570.15
23|570.15|570.15
24|570.15|570.15
25|570.15|570.15
26|570.15|570.15
27|570.15|570.15
28|570.15|570.15
29|570.15|570.15
30|570.15|570.15
31|570.15|570.15
32|570.15|570.15
33|570.15|570.15
34|570.15|570.15
35|570.15|570.15
36|570.15|570.15
37|570.15|570.15
38|570.15|570.15
39|570.15|570.15
40|570.15|570.15
41|570.15|570.15
42|570.15|570.15
43|570.15|570.15
44|570.15|570.15
45|570.15|570.15
46|570.15|570.15
47|570.15|570.15
48|570.15|570.15
49|570.15|570.15
50|570.15|570.15
51|570.15|570.15
52|570.15|570.15
53|570.15|570.15
54|570.15|570.15
55|570.15|570.15
56|570.15|570.15
57|570.15|570.15
58|570.15|570.15
59|570.15|570.15
60|570.15|570.15
61|570.15|570.15
62|570.15|570.15
63|570.15|570.15
64|570.15|570.15
65|570.15|570.15
66|570.15|570.15
67|570.15|570.15
68|570.15|570.15
69|570.15|570.15
70|570.15|570.15
71|570.15|570.15
72|570.15|570.15
73|570.15|570.15
74|570.15|570.15
75|570.15|570.15
76|570.15|570.15
77|570.15|570.15
78|570.15|570.15
79|570.15|570.15
80|570.15|570.15
81|570.15|570.15
82|570.15|570.15
83|570.15|570.15
84|570.15|570.15
85|570.15|570.15
86|570.15|570.15
87|570.15|570.15
88|570.15|570.15
89|570.15|570.15
90|570.15|570.15
91|570.15|570.15
92|570.15|570.15
93|570.15|570.15
94|570.15|570.15
95|570.15|570.15
96|570.15|570.15
97|570.15|570.15
98|570.15|570.15
99|570.15|570.15
100|570.15|570.15
101|570.15|570.15
102|570.15|570.15
103|570.15|570.15
104|570.15|570.15
105|570.15|570.15
106|570.15|570.15
107|570.15|570.15
108|570.15|570.15
109|570.15|570.15
110|570.15|570.15
111|570.15|570.15
112|570.15|570.15
113|570.15|570.15
114|570.15|570.15
115|570.15|570.15
116|570.15|570.15
117|570.15|570.15
118|570.15|570.15
119|570.15|570.15
120|570.15|570.15
121|570.15|570.15
122|570.15|570.15
123|570.15|570.15
124|570.15|570.15
125|570.15|570.15
126|570.15|570.15
127|570.15|570.15
128|570.15|570.15
129|570.15|570.15
130|570.15|570.15
131|570.15|570.15
132|570.15|570.15
133|570.15|570.15
134|570.15|570.15
135|570.15|570.15
136|570.15|570.15
137|570.15|570.15
138|570.15|570.15
139|570.15|570.15
140|570.15|570.15
141|570.15|570.15
142|570.15|570.15
143|570.15|570.15
144|570.15|570.15
145|570.15|570.15
146|570.15|570.15
147|570.15|570.15
148|570.15|570.15
149|570.15|570.15
150|570.15|570.15
151|570.15|570.15
EARLY STOP: TARGET FOUND
1724402ms
