1|-0.159137|-0.159137
2|-0.159137|-0.159137
3|-0.159137|-0.159137
4|-0.159137|-0.159137
5|-0.159137|-0.159137
6|-0.159137|-0.159137
7|-0.159137|-0.159137
8|-0.159137|-0.159137
9|-0.159137|-0.159137
10|-0.159137|-0.159137
11|-0.159137|-0.159137
12|-0.159137|-0.159137
13|-0.159137|-0.159137
14|-0.159137|-0.159137
15|-0.159137|-0.159137
16|-0.159137|-0.159137
17|-0.159137|-0.159137
18|-0.159137|-0.159137
19|-0.159137|-0.159137
20|-0.159137|-0.159137
21|-0.159137|-0.159137
22|-0.159137|-0.159137
23|-0.159137|-0.159137
24|-0.159137|-0.159137
25|-0.159137|-0.159137
26|-0.159137|-0.159137
27|-0.159137|-0.159137
28|-0.159137|-0.159137
29|-0.159137|-0.159137
30|-0.159137|-0.159137
31|-0.159137|-0.159137
32|-0.159137|-0.159137
33|-0.159137|-0.159137
34|-0.159137|-0.159137
35|-0.159137|-0.159137
36|-0.159137|-0.159137
37|-0.159137|-0.159137
38|-0.159137|-0.159137
39|-0.159137|-0.159137
40|-0.159137|-0.159137
41|-0.159137|-0.159137
42|-0.159137|-0.159137
43|-0.159137|-0.159137
44|-0.159137|-0.159137
45|-0.159137|-0.159137
46|-0.159137|-0.159137
47|-0.159137|-0.159137
48|-0.159137|-0.159137
49|-0.159137|-0.159137
50|-0.159137|-0.159137
51|-0.159137|-0.159137
52|-0.159137|-0.159137
53|-0.159137|-0.159137
54|-0.159137|-0.159137
55|-0.159137|-0.159137
56|-0.159137|-0.159137
57|-0.159137|-0.159137
58|-0.159137|-0.159137
59|-0.159137|-0.159137
60|-0.159137|-0.159137
61|-0.159137|-0.159137
62|-0.159137|-0.159137
63|-0.159137|-0.159137
64|-0.159137|-0.159137
65|-0.159137|-0.159137
66|-0.159137|-0.159137
67|-0.159137|-0.159137
68|-0.159137|-0.159137
69|-0.159137|-0.159137
70|-0.159137|-0.159137
71|-0.159137|-0.159137
72|-0.159137|-0.159137
73|-0.159137|-0.159137
74|-0.159137|-0.159137
75|-0.159137|-0.159137
76|-0.159137|-0.159137
77|-0.159137|-0.159137
78|-0.159137|-0.159137
79|-0.159137|-0.159137
80|-0.159137|-0.159137
81|-0.159137|-0.159137
82|-0.159137|-0.159137
83|-0.159137|-0.159137
84|-0.159137|-0.159137
85|-0.159137|-0.159137
86|-0.159137|-0.159137
87|-0.159137|-0.159137
88|-0.159137|-0.159137
89|-0.159137|-0.159137
90|-0.159137|-0.159137
91|-0.159137|-0.159137
92|-0.159137|-0.159137
93|-0.159137|-0.159137
94|-0.159137|-0.159137
95|-0.159137|-0.159137
96|-0.159137|-0.159137
97|-0.159137|-0.159137
98|-0.159137|-0.159137
99|-0.159137|-0.159137
100|-0.159137|-0.159137
101|-0.159137|-0.159137
102|-0.159137|-0.159137
103|-0.159137|-0.159137
104|-0.159137|-0.159137
105|-0.159137|-0.159137
106|-0.159137|-0.159137
107|-0.159137|-0.159137
108|-0.159137|-0.159137
109|-0.159137|-0.159137
110|-0.159137|-0.159137
111|-0.159137|-0.159137
112|-0.159137|-0.159137
113|-0.159137|-0.159137
114|-0.159137|-0.159137
115|-0.159137|-0.159137
116|-0.159137|-0.159137
117|-0.159137|-0.159137
118|-0.159137|-0.159137
119|-0.159137|-0.159137
120|-0.159137|-0.159137
121|-0.159137|-0.159137
122|-0.159137|-0.159137
123|-0.159137|-0.159137
124|-0.159137|-0.159137
125|-0.159137|-0.159137
126|-0.159137|-0.159137
127|-0.159137|-0.159137
128|-0.159137|-0.159137
129|-0.159137|-0.159137
130|-0.159137|-0.159137
131|-0.159137|-0.159137
132|-0.159137|-0.159137
133|-0.159137|-0.159137
134|-0.159137|-0.159137
135|-0.159137|-0.159137
136|-0.159137|-0.159137
137|-0.159137|-0.159137
138|-0.159137|-0.159137
139|-0.159137|-0.159137
140|-0.159137|-0.159137
141|-0.159137|-0.159137
142|-0.159137|-0.159137
143|-0.159137|-0.159137
144|-0.159137|-0.159137
145|-0.159137|-0.159137
146|-0.159137|-0.159137
147|-0.159137|-0.159137
148|-0.159137|-0.159137
149|-0.159137|-0.159137
150|-0.159137|-0.159137
151|-0.159137|-0.159137
EARLY STOP: TARGET FOUND
58562ms
