1|166.7|166.7
2|166.7|166.7
3|166.7|166.7
4|166.7|166.7
5|166.7|166.7
6|166.7|166.7
7|166.7|166.7
8|166.7|166.7
9|166.7|166.7
10|166.7|166.7
11|166.7|166.7
12|166.7|166.7
13|166.7|166.7
14|166.7|166.7
15|166.7|166.7
16|166.7|166.7
17|166.7|166.7
18|166.7|166.7
19|166.7|166.7
20|166.7|166.7
21|166.7|166.7
22|166.7|166.7
23|166.7|166.7
24|166.7|166.7
25|166.7|166.7
26|166.7|166.7
27|166.7|166.7
28|166.7|166.7
29|166.7|166.7
30|166.7|166.7
31|166.7|166.7
32|166.7|166.7
33|166.7|166.7
34|166.7|166.7
35|166.7|166.7
36|166.7|166.7
37|166.7|166.7
38|166.7|166.7
39|166.7|166.7
40|166.7|166.7
41|166.7|166.7
42|166.7|166.7
43|166.7|166.7
44|166.7|166.7
45|166.7|166.7
46|166.7|166.7
47|166.7|166.7
48|166.7|166.7
49|166.7|166.7
50|166.7|166.7
51|166.7|166.7
52|166.7|166.7
53|166.7|166.7
54|166.7|166.7
55|166.7|166.7
56|166.7|166.7
57|166.7|166.7
58|166.7|166.7
59|166.7|166.7
60|166.7|166.7
61|166.7|166.7
62|166.7|166.7
63|166.7|166.7
64|166.7|166.7
65|166.7|166.7
66|166.7|166.7
67|166.7|166.7
68|166.7|166.7
69|166.7|166.7
70|166.7|166.7
71|166.7|166.7
72|166.7|166.7
73|166.7|166.7
74|166.7|166.7
75|166.7|166.7
76|166.7|166.7
77|166.7|166.7
78|166.7|166.7
79|166.7|166.7
80|166.7|166.7
81|166.7|166.7
82|166.7|166.7
83|166.7|166.7
84|166.7|166.7
85|166.7|166.7
86|166.7|166.7
87|166.7|166.7
88|166.7|166.7
89|166.7|166.7
90|166.7|166.7
91|166.7|166.7
92|166.7|166.7
93|166.7|166.7
94|166.7|166.7
95|166.7|166.7
96|166.7|166.7
97|166.7|166.7
98|166.7|166.7
99|166.7|166.7
100|166.7|166.7
101|166.7|166.7
102|166.7|166.7
103|166.7|166.7
104|166.7|166.7
105|166.7|166.7
106|166.7|166.7
107|166.7|166.7
108|166.7|166.7
109|166.7|166.7
110|166.7|166.7
111|166.7|166.7
112|166.7|166.7
113|166.7|166.7
114|166.7|166.7
115|166.7|166.7
116|166.7|166.7
117|166.7|166.7
118|166.7|166.7
119|166.7|166.7
120|166.7|166.7
121|166.7|166.7
122|166.7|166.7
123|166.7|166.7
124|166.7|166.7
125|166.7|166.7
126|166.7|166.7
127|166.7|166.7
128|166.7|166.7
129|166.7|166.7
130|166.7|166.7
131|166.7|166.7
132|166.7|166.7
133|166.7|166.7
134|166.7|166.7
135|166.7|166.7
136|166.7|166.7
137|166.7|166.7
138|166.7|166.7
139|166.7|166.7
140|166.7|166.7
141|166.7|166.7
142|166.7|166.7
143|166.7|166.7
144|166.7|166.7
145|166.7|166.7
146|166.7|166.7
147|166.7|166.7
148|166.7|166.7
149|166.7|166.7
150|166.7|166.7
151|166.7|166.7
EARLY STOP: TARGET FOUND
220851ms
