1|208.531|208.531
2|208.531|208.531
3|208.531|208.531
4|208.531|208.531
5|208.531|208.531
6|208.531|208.531
7|208.531|208.531
8|208.531|208.531
9|208.531|208.531
10|208.531|208.531
11|208.531|208.531
12|208.531|208.531
13|208.531|208.531
14|208.531|208.531
15|208.531|208.531
16|208.531|208.531
17|208.531|208.531
18|208.531|208.531
19|208.531|208.531
20|208.531|208.531
21|208.531|208.531
22|208.531|208.531
23|208.531|208.531
24|208.531|208.531
25|208.531|208.531
26|208.531|208.531
27|208.531|208.531
28|208.531|208.531
29|208.531|208.531
30|208.531|208.531
31|208.531|208.531
32|208.531|208.531
33|208.531|208.531
34|208.531|208.531
35|208.531|208.531
36|208.531|208.531
37|208.531|208.531
38|208.531|208.531
39|208.531|208.531
40|208.531|208.531
41|208.531|208.531
42|208.531|208.531
43|208.531|208.531
44|208.531|208.531
45|208.531|208.531
46|208.531|208.531
47|208.531|208.531
48|208.531|208.531
49|208.531|208.531
50|208.531|208.531
51|208.531|208.531
52|208.531|208.531
53|208.531|208.531
54|208.531|208.531
55|208.531|208.531
56|208.531|208.531
57|208.531|208.531
58|208.531|208.531
59|208.531|208.531
60|208.531|208.531
61|208.531|208.531
62|208.531|208.531
63|208.531|208.531
64|208.531|208.531
65|208.531|208.531
66|208.531|208.531
67|208.531|208.531
68|208.531|208.531
69|208.531|208.531
70|208.531|208.531
71|208.531|208.531
72|208.531|208.531
73|208.531|208.531
74|208.531|208.531
75|208.531|208.531
76|208.531|208.531
77|208.531|208.531
78|208.531|208.531
79|208.531|208.531
80|208.531|208.531
81|208.531|208.531
82|208.531|208.531
83|208.531|208.531
84|208.531|208.531
85|208.531|208.531
86|208.531|208.531
87|208.531|208.531
88|208.531|208.531
89|208.531|208.531
90|208.531|208.531
91|208.531|208.531
92|208.531|208.531
93|208.531|208.531
94|208.531|208.531
95|208.531|208.531
96|208.531|208.531
97|208.531|208.531
98|208.531|208.531
99|208.531|208.531
100|208.531|208.531
101|208.531|208.531
102|208.531|208.531
103|208.531|208.531
104|208.531|208.531
105|208.531|208.531
106|208.531|208.531
107|208.531|208.531
108|208.531|208.531
109|208.531|208.531
110|208.531|208.531
111|208.531|208.531
112|208.531|208.531
113|208.531|208.531
114|208.531|208.531
115|208.531|208.531
116|208.531|208.531
117|208.531|208.531
118|208.531|208.531
119|208.531|208.531
120|208.531|208.531
121|208.531|208.531
122|208.531|208.531
123|208.531|208.531
124|208.531|208.531
125|208.531|208.531
126|208.531|208.531
127|208.531|208.531
128|208.531|208.531
129|208.531|208.531
130|208.531|208.531
131|208.531|208.531
132|208.531|208.531
133|208.531|208.531
134|208.531|208.531
135|208.531|208.531
136|208.531|208.531
137|208.531|208.531
138|208.531|208.531
139|208.531|208.531
140|208.531|208.531
141|208.531|208.531
142|208.531|208.531
143|208.531|208.531
144|208.531|208.531
145|208.531|208.531
146|208.531|208.531
147|208.531|208.531
148|208.531|208.531
149|208.531|208.531
150|208.531|208.531
151|208.531|208.531
EARLY STOP: TARGET FOUND
210576ms
