1|219.113|219.113
2|219.113|219.113
3|219.113|219.113
4|219.113|219.113
5|219.113|219.113
6|219.113|219.113
7|219.113|219.113
8|219.113|219.113
9|219.113|219.113
10|219.113|219.113
11|219.113|219.113
12|219.113|219.113
13|219.113|219.113
14|219.113|219.113
15|219.113|219.113
16|219.113|219.113
17|219.113|219.113
18|219.113|219.113
19|219.113|219.113
20|219.113|219.113
21|219.113|219.113
22|219.113|219.113
23|219.113|219.113
24|219.113|219.113
25|219.113|219.113
26|219.113|219.113
27|219.113|219.113
28|219.113|219.113
29|219.113|219.113
30|219.113|219.113
31|219.113|219.113
32|219.113|219.113
33|219.113|219.113
34|219.113|219.113
35|219.113|219.113
36|219.113|219.113
37|219.113|219.113
38|219.113|219.113
39|219.113|219.113
40|219.113|219.113
41|219.113|219.113
42|219.113|219.113
43|219.113|219.113
44|219.113|219.113
45|219.113|219.113
46|219.113|219.113
47|219.113|219.113
48|219.113|219.113
49|219.113|219.113
50|219.113|219.113
51|219.113|219.113
52|219.113|219.113
53|219.113|219.113
54|219.113|219.113
55|219.113|219.113
56|219.113|219.113
57|219.113|219.113
58|219.113|219.113
59|219.113|219.113
60|219.113|219.113
61|219.113|219.113
62|219.113|219.113
63|219.113|219.113
64|219.113|219.113
65|219.113|219.113
66|219.113|219.113
67|219.113|219.113
68|219.113|219.113
69|219.113|219.113
70|219.113|219.113
71|219.113|219.113
72|219.113|219.113
73|219.113|219.113
74|219.113|219.113
75|219.113|219.113
76|219.113|219.113
77|219.113|219.113
78|219.113|219.113
79|219.113|219.113
80|219.113|219.113
81|219.113|219.113
82|219.113|219.113
83|219.113|219.113
84|219.113|219.113
85|219.113|219.113
86|219.113|219.113
87|219.113|219.113
88|219.113|219.113
89|219.113|219.113
90|219.113|219.113
91|219.113|219.113
92|219.113|219.113
93|219.113|219.113
94|219.113|219.113
95|219.113|219.113
96|219.113|219.113
97|219.113|219.113
98|219.113|219.113
99|219.113|219.113
100|219.113|219.113
101|219.113|219.113
102|219.113|219.113
103|219.113|219.113
104|219.113|219.113
105|219.113|219.113
106|219.113|219.113
107|219.113|219.113
108|219.113|219.113
109|219.113|219.113
110|219.113|219.113
111|219.113|219.113
112|219.113|219.113
113|219.113|219.113
114|219.113|219.113
115|219.113|219.113
116|219.113|219.113
117|219.113|219.113
118|219.113|219.113
119|219.113|219.113
120|219.113|219.113
121|219.113|219.113
122|219.113|219.113
123|219.113|219.113
124|219.113|219.113
125|219.113|219.113
126|219.113|219.113
127|219.113|219.113
128|219.113|219.113
129|219.113|219.113
130|219.113|219.113
131|219.113|219.113
132|219.113|219.113
133|219.113|219.113
134|219.113|219.113
135|219.113|219.113
136|219.113|219.113
137|219.113|219.113
138|219.113|219.113
139|219.113|219.113
140|219.113|219.113
141|219.113|219.113
142|219.113|219.113
143|219.113|219.113
144|219.113|219.113
145|219.113|219.113
146|219.113|219.113
147|219.113|219.113
148|219.113|219.113
149|219.113|219.113
150|219.113|219.113
151|219.113|219.113
EARLY STOP: TARGET FOUND
217964ms
