1|508.788|508.788
2|508.788|508.788
3|508.788|508.788
4|508.788|508.788
5|508.788|508.788
6|508.788|508.788
7|508.788|508.788
8|508.788|508.788
9|508.788|508.788
10|508.788|508.788
11|508.788|508.788
12|508.788|508.788
13|508.788|508.788
14|508.788|508.788
15|508.788|508.788
16|508.788|508.788
17|508.788|508.788
18|508.788|508.788
19|508.788|508.788
20|508.788|508.788
21|508.788|508.788
22|508.788|508.788
23|508.788|508.788
24|508.788|508.788
25|508.788|508.788
26|508.788|508.788
27|508.788|508.788
28|508.788|508.788
29|508.788|508.788
30|508.788|508.788
31|508.788|508.788
32|508.788|508.788
33|508.788|508.788
34|508.788|508.788
35|508.788|508.788
36|508.788|508.788
37|508.788|508.788
38|508.788|508.788
39|508.788|508.788
40|508.788|508.788
41|508.788|508.788
42|508.788|508.788
43|508.788|508.788
44|508.788|508.788
45|508.788|508.788
46|508.788|508.788
47|508.788|508.788
48|508.788|508.788
49|508.788|508.788
50|508.788|508.788
51|508.788|508.788
52|508.788|508.788
53|508.788|508.788
54|508.788|508.788
55|508.788|508.788
56|508.788|508.788
57|508.788|508.788
58|508.788|508.788
59|508.788|508.788
60|508.788|508.788
61|508.788|508.788
62|508.788|508.788
63|508.788|508.788
64|508.788|508.788
65|508.788|508.788
66|508.788|508.788
67|508.788|508.788
68|508.788|508.788
69|508.788|508.788
70|508.788|508.788
71|508.788|508.788
72|508.788|508.788
73|508.788|508.788
74|508.788|508.788
75|508.788|508.788
76|508.788|508.788
77|508.788|508.788
78|508.788|508.788
79|508.788|508.788
80|508.788|508.788
81|508.788|508.788
82|508.788|508.788
83|508.788|508.788
84|508.788|508.788
85|508.788|508.788
86|508.788|508.788
87|508.788|508.788
88|508.788|508.788
89|508.788|508.788
90|508.788|508.788
91|508.788|508.788
92|508.788|508.788
93|508.788|508.788
94|508.788|508.788
95|508.788|508.788
96|508.788|508.788
97|508.788|508.788
98|508.788|508.788
99|508.788|508.788
100|508.788|508.788
101|508.788|508.788
102|508.788|508.788
103|508.788|508.788
104|508.788|508.788
105|508.788|508.788
106|508.788|508.788
107|508.788|508.788
108|508.788|508.788
109|508.788|508.788
110|508.788|508.788
111|508.788|508.788
112|508.788|508.788
113|508.788|508.788
114|508.788|508.788
115|508.788|508.788
116|508.788|508.788
117|508.788|508.788
118|508.788|508.788
119|508.788|508.788
120|508.788|508.788
121|508.788|508.788
122|508.788|508.788
123|508.788|508.788
124|508.788|508.788
125|508.788|508.788
126|508.788|508.788
127|508.788|508.788
128|508.788|508.788
129|508.788|508.788
130|508.788|508.788
131|508.788|508.788
132|508.788|508.788
133|508.788|508.788
134|508.788|508.788
135|508.788|508.788
136|508.788|508.788
137|508.788|508.788
138|508.788|508.788
139|508.788|508.788
140|508.788|508.788
141|508.788|508.788
142|508.788|508.788
143|508.788|508.788
144|508.788|508.788
145|508.788|508.788
146|508.788|508.788
147|508.788|508.788
148|508.788|508.788
149|508.788|508.788
150|508.788|508.788
151|508.788|508.788
EARLY STOP: TARGET FOUND
1723888ms
