1|-380.783|-380.783
2|-380.783|-380.783
3|-380.783|-380.783
4|-380.783|-380.783
5|-380.783|-380.783
6|-380.783|-380.783
7|-380.783|-380.783
8|-380.783|-380.783
9|-380.783|-380.783
10|-380.783|-380.783
11|-380.783|-380.783
12|-380.783|-380.783
13|-380.783|-380.783
14|-380.783|-380.783
15|-380.783|-380.783
16|-380.783|-380.783
17|-380.783|-380.783
18|-380.783|-380.783
19|-380.783|-380.783
20|-380.783|-380.783
21|-380.783|-380.783
22|-380.783|-380.783
23|-380.783|-380.783
24|-380.783|-380.783
25|-380.783|-380.783
26|-380.783|-380.783
27|-380.783|-380.783
28|-380.783|-380.783
29|-380.783|-380.783
30|-380.783|-380.783
31|-380.783|-380.783
32|-380.783|-380.783
33|-380.783|-380.783
34|-380.783|-380.783
35|-380.783|-380.783
36|-380.783|-380.783
37|-380.783|-380.783
38|-380.783|-380.783
39|-380.783|-380.783
40|-380.783|-380.783
41|-380.783|-380.783
42|-380.783|-380.783
43|-380.783|-380.783
44|-380.783|-380.783
45|-380.783|-380.783
46|-380.783|-380.783
47|-380.783|-380.783
48|-380.783|-380.783
49|-380.783|-380.783
50|-380.783|-380.783
51|-380.783|-380.783
52|-380.783|-380.783
53|-380.783|-380.783
54|-380.783|-380.783
55|-380.783|-380.783
56|-380.783|-380.783
57|-380.783|-380.783
58|-380.783|-380.783
59|-380.783|-380.783
60|-380.783|-380.783
61|-380.783|-380.783
62|-380.783|-380.783
63|-380.783|-380.783
64|-380.783|-380.783
65|-380.783|-380.783
66|-380.783|-380.783
67|-380.783|-380.783
68|-380.783|-380.783
69|-380.783|-380.783
70|-380.783|-380.783
71|-380.783|-380.783
72|-380.783|-380.783
73|-380.783|-380.783
74|-380.783|-380.783
75|-380.783|-380.783
76|-380.783|-380.783
77|-380.783|-380.783
78|-380.783|-380.783
79|-380.783|-380.783
80|-380.783|-380.783
81|-380.783|-380.783
82|-380.783|-380.783
83|-380.783|-380.783
84|-380.783|-380.783
85|-380.783|-380.783
86|-380.783|-380.783
87|-380.783|-380.783
88|-380.783|-380.783
89|-380.783|-380.783
90|-380.783|-380.783
91|-380.783|-380.783
92|-380.783|-380.783
93|-380.783|-380.783
94|-380.783|-380.783
95|-380.783|-380.783
96|-380.783|-380.783
97|-380.783|-380.783
98|-380.783|-380.783
99|-380.783|-380.783
100|-380.783|-380.783
101|-380.783|-380.783
102|-380.783|-380.783
103|-380.783|-380.783
104|-380.783|-380.783
105|-380.783|-380.783
106|-380.783|-380.783
107|-380.783|-380.783
108|-380.783|-380.783
109|-380.783|-380.783
110|-380.783|-380.783
111|-380.783|-380.783
112|-380.783|-380.783
113|-380.783|-380.783
114|-380.783|-380.783
115|-380.783|-380.783
116|-380.783|-380.783
117|-380.783|-380.783
118|-380.783|-380.783
119|-380.783|-380.783
120|-380.783|-380.783
121|-380.783|-380.783
122|-380.783|-380.783
123|-380.783|-380.783
124|-380.783|-380.783
125|-380.783|-380.783
126|-380.783|-380.783
127|-380.783|-380.783
128|-380.783|-380.783
129|-380.783|-380.783
130|-380.783|-380.783
131|-380.783|-380.783
132|-380.783|-380.783
133|-380.783|-380.783
134|-380.783|-380.783
135|-380.783|-380.783
136|-380.783|-380.783
137|-380.783|-380.783
138|-380.783|-380.783
139|-380.783|-380.783
140|-380.783|-380.783
141|-380.783|-380.783
142|-380.783|-380.783
143|-380.783|-380.783
144|-380.783|-380.783
145|-380.783|-380.783
146|-380.783|-380.783
147|-380.783|-380.783
148|-380.783|-380.783
149|-380.783|-380.783
150|-380.783|-380.783
151|-380.783|-380.783
EARLY STOP: TARGET FOUND
84513ms
