1|-273.101|-273.101
2|-273.101|-273.101
3|-273.101|-273.101
4|-273.101|-273.101
5|-273.101|-273.101
6|-273.101|-273.101
7|-273.101|-273.101
8|-273.101|-273.101
9|-273.101|-273.101
10|-273.101|-273.101
11|-273.101|-273.101
12|-273.101|-273.101
13|-273.101|-273.101
14|-273.101|-273.101
15|-273.101|-273.101
16|-273.101|-273.101
17|-273.101|-273.101
18|-273.101|-273.101
19|-273.101|-273.101
20|-273.101|-273.101
21|-273.101|-273.101
22|-273.101|-273.101
23|-273.101|-273.101
24|-273.101|-273.101
25|-273.101|-273.101
26|-273.101|-273.101
27|-273.101|-273.101
28|-273.101|-273.101
29|-273.101|-273.101
30|-273.101|-273.101
31|-273.101|-273.101
32|-273.101|-273.101
33|-273.101|-273.101
34|-273.101|-273.101
35|-273.101|-273.101
36|-273.101|-273.101
37|-273.101|-273.101
38|-273.101|-273.101
39|-273.101|-273.101
40|-273.101|-273.101
41|-273.101|-273.101
42|-273.101|-273.101
43|-273.101|-273.101
44|-273.101|-273.101
45|-273.101|-273.101
46|-273.101|-273.101
47|-273.101|-273.101
48|-273.101|-273.101
49|-273.101|-273.101
50|-273.101|-273.101
51|-273.101|-273.101
52|-273.101|-273.101
53|-273.101|-273.101
54|-273.101|-273.101
55|-273.101|-273.101
56|-273.101|-273.101
57|-273.101|-273.101
58|-273.101|-273.101
59|-273.101|-273.101
60|-273.101|-273.101
61|-273.101|-273.101
62|-273.101|-273.101
63|-273.101|-273.101
64|-273.101|-273.101
65|-273.101|-273.101
66|-273.101|-273.101
67|-273.101|-273.101
68|-273.101|-273.101
69|-273.101|-273.101
70|-273.101|-273.101
71|-273.101|-273.101
72|-273.101|-273.101
73|-273.101|-273.101
74|-273.101|-273.101
75|-273.101|-273.101
76|-273.101|-273.101
77|-273.101|-273.101
78|-273.101|-273.101
79|-273.101|-273.101
80|-273.101|-273.101
81|-273.101|-273.101
82|-273.101|-273.101
83|-273.101|-273.101
84|-273.101|-273.101
85|-273.101|-273.101
86|-273.101|-273.101
87|-273.101|-273.101
88|-273.101|-273.101
89|-273.101|-273.101
90|-273.101|-273.101
91|-273.101|-273.101
92|-273.101|-273.101
93|-273.101|-273.101
94|-273.101|-273.101
95|-273.101|-273.101
96|-273.101|-273.101
97|-273.101|-273.101
98|-273.101|-273.101
99|-273.101|-273.101
100|-273.101|-273.101
101|-273.101|-273.101
102|-273.101|-273.101
103|-273.101|-273.101
104|-273.101|-273.101
105|-273.101|-273.101
106|-273.101|-273.101
107|-273.101|-273.101
108|-273.101|-273.101
109|-273.101|-273.101
110|-273.101|-273.101
111|-273.101|-273.101
112|-273.101|-273.101
113|-273.101|-273.101
114|-273.101|-273.101
115|-273.101|-273.101
116|-273.101|-273.101
117|-273.101|-273.101
118|-273.101|-273.101
119|-273.101|-273.101
120|-273.101|-273.101
121|-273.101|-273.101
122|-273.101|-273.101
123|-273.101|-273.101
124|-273.101|-273.101
125|-273.101|-273.101
126|-273.101|-273.101
127|-273.101|-273.101
128|-273.101|-273.101
129|-273.101|-273.101
130|-273.101|-273.101
131|-273.101|-273.101
132|-273.101|-273.101
133|-273.101|-273.101
134|-273.101|-273.101
135|-273.101|-273.101
136|-273.101|-273.101
137|-273.101|-273.101
138|-273.101|-273.101
139|-273.101|-273.101
140|-273.101|-273.101
141|-273.101|-273.101
142|-273.101|-273.101
143|-273.101|-273.101
144|-273.101|-273.101
145|-273.101|-273.101
146|-273.101|-273.101
147|-273.101|-273.101
148|-273.101|-273.101
149|-273.101|-273.101
150|-273.101|-273.101
151|-273.101|-273.101
EARLY STOP: TARGET FOUND
85569ms
