1|-776.84|-776.84
2|-776.84|-776.84
3|-776.84|-776.84
4|-776.84|-776.84
5|-776.84|-776.84
6|-776.84|-776.84
7|-776.84|-776.84
8|-776.84|-776.84
9|-776.84|-776.84
10|-776.84|-776.84
11|-776.84|-776.84
12|-776.84|-776.84
13|-776.84|-776.84
14|-776.84|-776.84
15|-776.84|-776.84
16|-776.84|-776.84
17|-776.84|-776.84
18|-776.84|-776.84
19|-776.84|-776.84
20|-776.84|-776.84
21|-776.84|-776.84
22|-776.84|-776.84
23|-776.84|-776.84
24|-776.84|-776.84
25|-776.84|-776.84
26|-776.84|-776.84
27|-776.84|-776.84
28|-776.84|-776.84
29|-776.84|-776.84
30|-776.84|-776.84
31|-776.84|-776.84
32|-776.84|-776.84
33|-776.84|-776.84
34|-776.84|-776.84
35|-776.84|-776.84
36|-776.84|-776.84
37|-776.84|-776.84
38|-776.84|-776.84
39|-776.84|-776.84
40|-776.84|-776.84
41|-776.84|-776.84
42|-776.84|-776.84
43|-776.84|-776.84
44|-776.84|-776.84
45|-776.84|-776.84
46|-776.84|-776.84
47|-776.84|-776.84
48|-776.84|-776.84
49|-776.84|-776.84
50|-776.84|-776.84
51|-776.84|-776.84
52|-776.84|-776.84
53|-776.84|-776.84
54|-776.84|-776.84
55|-776.84|-776.84
56|-776.84|-776.84
57|-776.84|-776.84
58|-776.84|-776.84
59|-776.84|-776.84
60|-776.84|-776.84
61|-776.84|-776.84
62|-776.84|-776.84
63|-776.84|-776.84
64|-776.84|-776.84
65|-776.84|-776.84
66|-776.84|-776.84
67|-776.84|-776.84
68|-776.84|-776.84
69|-776.84|-776.84
70|-776.84|-776.84
71|-776.84|-776.84
72|-776.84|-776.84
73|-776.84|-776.84
74|-776.84|-776.84
75|-776.84|-776.84
76|-776.84|-776.84
77|-776.84|-776.84
78|-776.84|-776.84
79|-776.84|-776.84
80|-776.84|-776.84
81|-776.84|-776.84
82|-776.84|-776.84
83|-776.84|-776.84
84|-776.84|-776.84
85|-776.84|-776.84
86|-776.84|-776.84
87|-776.84|-776.84
88|-776.84|-776.84
89|-776.84|-776.84
90|-776.84|-776.84
91|-776.84|-776.84
92|-776.84|-776.84
93|-776.84|-776.84
94|-776.84|-776.84
95|-776.84|-776.84
96|-776.84|-776.84
97|-776.84|-776.84
98|-776.84|-776.84
99|-776.84|-776.84
100|-776.84|-776.84
101|-776.84|-776.84
102|-776.84|-776.84
103|-776.84|-776.84
104|-776.84|-776.84
105|-776.84|-776.84
106|-776.84|-776.84
107|-776.84|-776.84
108|-776.84|-776.84
109|-776.84|-776.84
110|-776.84|-776.84
111|-776.84|-776.84
112|-776.84|-776.84
113|-776.84|-776.84
114|-776.84|-776.84
115|-776.84|-776.84
116|-776.84|-776.84
117|-776.84|-776.84
118|-776.84|-776.84
119|-776.84|-776.84
120|-776.84|-776.84
121|-776.84|-776.84
122|-776.84|-776.84
123|-776.84|-776.84
124|-776.84|-776.84
125|-776.84|-776.84
126|-776.84|-776.84
127|-776.84|-776.84
128|-776.84|-776.84
129|-776.84|-776.84
130|-776.84|-776.84
131|-776.84|-776.84
132|-776.84|-776.84
133|-776.84|-776.84
134|-776.84|-776.84
135|-776.84|-776.84
136|-776.84|-776.84
137|-776.84|-776.84
138|-776.84|-776.84
139|-776.84|-776.84
140|-776.84|-776.84
141|-776.84|-776.84
142|-776.84|-776.84
143|-776.84|-776.84
144|-776.84|-776.84
145|-776.84|-776.84
146|-776.84|-776.84
147|-776.84|-776.84
148|-776.84|-776.84
149|-776.84|-776.84
150|-776.84|-776.84
151|-776.84|-776.84
EARLY STOP: TARGET FOUND
303789ms
