1|-1149.18|-1149.18
2|-1149.18|-1149.18
3|-1149.18|-1149.18
4|-1149.18|-1149.18
5|-1149.18|-1149.18
6|-1149.18|-1149.18
7|-1149.18|-1149.18
8|-1149.18|-1149.18
9|-1149.18|-1149.18
10|-1149.18|-1149.18
11|-1149.18|-1149.18
12|-1149.18|-1149.18
13|-1149.18|-1149.18
14|-1149.18|-1149.18
15|-1149.18|-1149.18
16|-1149.18|-1149.18
17|-1149.18|-1149.18
18|-1149.18|-1149.18
19|-1149.18|-1149.18
20|-1149.18|-1149.18
21|-1149.18|-1149.18
22|-1149.18|-1149.18
23|-1149.18|-1149.18
24|-1149.18|-1149.18
25|-1149.18|-1149.18
26|-1149.18|-1149.18
27|-1149.18|-1149.18
28|-1149.18|-1149.18
29|-1149.18|-1149.18
30|-1149.18|-1149.18
31|-1149.18|-1149.18
32|-1149.18|-1149.18
33|-1149.18|-1149.18
34|-1149.18|-1149.18
35|-1149.18|-1149.18
36|-1149.18|-1149.18
37|-1149.18|-1149.18
38|-1149.18|-1149.18
39|-1149.18|-1149.18
40|-1149.18|-1149.18
41|-1149.18|-1149.18
42|-1149.18|-1149.18
43|-1149.18|-1149.18
44|-1149.18|-1149.18
45|-1149.18|-1149.18
46|-1149.18|-1149.18
47|-1149.18|-1149.18
48|-1149.18|-1149.18
49|-1149.18|-1149.18
50|-1149.18|-1149.18
51|-1149.18|-1149.18
52|-1149.18|-1149.18
53|-1149.18|-1149.18
54|-1149.18|-1149.18
55|-1149.18|-1149.18
56|-1149.18|-1149.18
57|-1149.18|-1149.18
58|-1149.18|-1149.18
59|-1149.18|-1149.18
60|-1149.18|-1149.18
61|-1149.18|-1149.18
62|-1149.18|-1149.18
63|-1149.18|-1149.18
64|-1149.18|-1149.18
65|-1149.18|-1149.18
66|-1149.18|-1149.18
67|-1149.18|-1149.18
68|-1149.18|-1149.18
69|-1149.18|-1149.18
70|-1149.18|-1149.18
71|-1149.18|-1149.18
72|-1149.18|-1149.18
73|-1149.18|-1149.18
74|-1149.18|-1149.18
75|-1149.18|-1149.18
76|-1149.18|-1149.18
77|-1149.18|-1149.18
78|-1149.18|-1149.18
79|-1149.18|-1149.18
80|-1149.18|-1149.18
81|-1149.18|-1149.18
82|-1149.18|-1149.18
83|-1149.18|-1149.18
84|-1149.18|-1149.18
85|-1149.18|-1149.18
86|-1149.18|-1149.18
87|-1149.18|-1149.18
88|-1149.18|-1149.18
89|-1149.18|-1149.18
90|-1149.18|-1149.18
91|-1149.18|-1149.18
92|-1149.18|-1149.18
93|-1149.18|-1149.18
94|-1149.18|-1149.18
95|-1149.18|-1149.18
96|-1149.18|-1149.18
97|-1149.18|-1149.18
98|-1149.18|-1149.18
99|-1149.18|-1149.18
100|-1149.18|-1149.18
101|-1149.18|-1149.18
102|-1149.18|-1149.18
103|-1149.18|-1149.18
104|-1149.18|-1149.18
105|-1149.18|-1149.18
106|-1149.18|-1149.18
107|-1149.18|-1149.18
108|-1149.18|-1149.18
109|-1149.18|-1149.18
110|-1149.18|-1149.18
111|-1149.18|-1149.18
112|-1149.18|-1149.18
113|-1149.18|-1149.18
114|-1149.18|-1149.18
115|-1149.18|-1149.18
116|-1149.18|-1149.18
117|-1149.18|-1149.18
118|-1149.18|-1149.18
119|-1149.18|-1149.18
120|-1149.18|-1149.18
121|-1149.18|-1149.18
122|-1149.18|-1149.18
123|-1149.18|-1149.18
124|-1149.18|-1149.18
125|-1149.18|-1149.18
126|-1149.18|-1149.18
127|-1149.18|-1149.18
128|-1149.18|-1149.18
129|-1149.18|-1149.18
130|-1149.18|-1149.18
131|-1149.18|-1149.18
132|-1149.18|-1149.18
133|-1149.18|-1149.18
134|-1149.18|-1149.18
135|-1149.18|-1149.18
136|-1149.18|-1149.18
137|-1149.18|-1149.18
138|-1149.18|-1149.18
139|-1149.18|-1149.18
140|-1149.18|-1149.18
141|-1149.18|-1149.18
142|-1149.18|-1149.18
143|-1149.18|-1149.18
144|-1149.18|-1149.18
145|-1149.18|-1149.18
146|-1149.18|-1149.18
147|-1149.18|-1149.18
148|-1149.18|-1149.18
149|-1149.18|-1149.18
150|-1149.18|-1149.18
151|-1149.18|-1149.18
EARLY STOP: TARGET FOUND
306161ms
