1|38.4895|38.4895
2|38.4895|38.4895
3|38.4895|38.4895
4|38.4895|38.4895
5|38.4895|38.4895
6|38.4895|38.4895
7|38.4895|38.4895
8|38.4895|38.4895
9|38.4895|38.4895
10|38.4895|38.4895
11|38.4895|38.4895
12|38.4895|38.4895
13|38.4895|38.4895
14|38.4895|38.4895
15|38.4895|38.4895
16|38.4895|38.4895
17|38.4895|38.4895
18|38.4895|38.4895
19|38.4895|38.4895
20|38.4895|38.4895
21|38.4895|38.4895
22|38.4895|38.4895
23|38.4895|38.4895
24|38.4895|38.4895
25|38.4895|38.4895
26|38.4895|38.4895
27|38.4895|38.4895
28|38.4895|38.4895
29|38.4895|38.4895
30|38.4895|38.4895
31|38.4895|38.4895
32|38.4895|38.4895
33|38.4895|38.4895
34|38.4895|38.4895
35|38.4895|38.4895
36|38.4895|38.4895
37|38.4895|38.4895
38|38.4895|38.4895
39|38.4895|38.4895
40|38.4895|38.4895
41|38.4895|38.4895
42|38.4895|38.4895
43|38.4895|38.4895
44|38.4895|38.4895
45|38.4895|38.4895
46|38.4895|38.4895
47|38.4895|38.4895
48|38.4895|38.4895
49|38.4895|38.4895
50|38.4895|38.4895
51|38.4895|38.4895
52|38.4895|38.4895
53|38.4895|38.4895
54|38.4895|38.4895
55|38.4895|38.4895
56|38.4895|38.4895
57|38.4895|38.4895
58|38.4895|38.4895
59|38.4895|38.4895
60|38.4895|38.4895
61|38.4895|38.4895
62|38.4895|38.4895
63|38.4895|38.4895
64|38.4895|38.4895
65|38.4895|38.4895
66|38.4895|38.4895
67|38.4895|38.4895
68|38.4895|38.4895
69|38.4895|38.4895
70|38.4895|38.4895
71|38.4895|38.4895
72|38.4895|38.4895
73|38.4895|38.4895
74|38.4895|38.4895
75|38.4895|38.4895
76|38.4895|38.4895
77|38.4895|38.4895
78|38.4895|38.4895
79|38.4895|38.4895
80|38.4895|38.4895
81|38.4895|38.4895
82|38.4895|38.4895
83|38.4895|38.4895
84|38.4895|38.4895
85|38.4895|38.4895
86|38.4895|38.4895
87|38.4895|38.4895
88|38.4895|38.4895
89|38.4895|38.4895
90|38.4895|38.4895
91|38.4895|38.4895
92|38.4895|38.4895
93|38.4895|38.4895
94|38.4895|38.4895
95|38.4895|38.4895
96|38.4895|38.4895
97|38.4895|38.4895
98|38.4895|38.4895
99|38.4895|38.4895
100|38.4895|38.4895
101|38.4895|38.4895
102|38.4895|38.4895
103|38.4895|38.4895
104|38.4895|38.4895
105|38.4895|38.4895
106|38.4895|38.4895
107|38.4895|38.4895
108|38.4895|38.4895
109|38.4895|38.4895
110|38.4895|38.4895
111|38.4895|38.4895
112|38.4895|38.4895
113|38.4895|38.4895
114|38.4895|38.4895
115|38.4895|38.4895
116|38.4895|38.4895
117|38.4895|38.4895
118|38.4895|38.4895
119|38.4895|38.4895
120|38.4895|38.4895
121|38.4895|38.4895
122|38.4895|38.4895
123|38.4895|38.4895
124|38.4895|38.4895
125|38.4895|38.4895
126|38.4895|38.4895
127|38.4895|38.4895
128|38.4895|38.4895
129|38.4895|38.4895
130|38.4895|38.4895
131|38.4895|38.4895
132|38.4895|38.4895
133|38.4895|38.4895
134|38.4895|38.4895
135|38.4895|38.4895
136|38.4895|38.4895
137|38.4895|38.4895
138|38.4895|38.4895
139|38.4895|38.4895
140|38.4895|38.4895
141|38.4895|38.4895
142|38.4895|38.4895
143|38.4895|38.4895
144|38.4895|38.4895
145|38.4895|38.4895
146|38.4895|38.4895
147|38.4895|38.4895
148|38.4895|38.4895
149|38.4895|38.4895
150|38.4895|38.4895
151|38.4895|38.4895
EARLY STOP: TARGET FOUND
59874ms
