1|-0.000154134|-0.000154134
2|-0.000154134|-0.000154134
3|-0.000154134|-0.000154134
4|-0.000154134|-0.000154134
5|-0.000154134|-0.000154134
6|-0.000154134|-0.000154134
7|-0.000154134|-0.000154134
8|-0.000154134|-0.000154134
9|-0.000154134|-0.000154134
10|-0.000154134|-0.000154134
11|-0.000154134|-0.000154134
12|-0.000154134|-0.000154134
13|-0.000154134|-0.000154134
14|-0.000154134|-0.000154134
15|-0.000154134|-0.000154134
16|-0.000154134|-0.000154134
17|-0.000154134|-0.000154134
18|-0.000154134|-0.000154134
19|-0.000154134|-0.000154134
20|-0.000154134|-0.000154134
21|-0.000154134|-0.000154134
22|-0.000154134|-0.000154134
23|-0.000154134|-0.000154134
24|-0.000154134|-0.000154134
25|-0.000154134|-0.000154134
26|-0.000154134|-0.000154134
27|-0.000154134|-0.000154134
28|-0.000154134|-0.000154134
29|-0.000154134|-0.000154134
30|-0.000154134|-0.000154134
31|-0.000154134|-0.000154134
32|-0.000154134|-0.000154134
33|-0.000154134|-0.000154134
34|-0.000154134|-0.000154134
35|-0.000154134|-0.000154134
36|-0.000154134|-0.000154134
37|-0.000154134|-0.000154134
38|-0.000154134|-0.000154134
39|-0.000154134|-0.000154134
40|-0.000154134|-0.000154134
41|-0.000154134|-0.000154134
42|-0.000154134|-0.000154134
43|-0.000154134|-0.000154134
44|-0.000154134|-0.000154134
45|-0.000154134|-0.000154134
46|-0.000154134|-0.000154134
47|-0.000154134|-0.000154134
48|-0.000154134|-0.000154134
49|-0.000154134|-0.000154134
50|-0.000154134|-0.000154134
51|-0.000154134|-0.000154134
52|-0.000154134|-0.000154134
53|-0.000154134|-0.000154134
54|-0.000154134|-0.000154134
55|-0.000154134|-0.000154134
56|-0.000154134|-0.000154134
57|-0.000154134|-0.000154134
58|-0.000154134|-0.000154134
59|-0.000154134|-0.000154134
60|-0.000154134|-0.000154134
61|-0.000154134|-0.000154134
62|-0.000154134|-0.000154134
63|-0.000154134|-0.000154134
64|-0.000154134|-0.000154134
65|-0.000154134|-0.000154134
66|-0.000154134|-0.000154134
67|-0.000154134|-0.000154134
68|-0.000154134|-0.000154134
69|-0.000154134|-0.000154134
70|-0.000154134|-0.000154134
71|-0.000154134|-0.000154134
72|-0.000154134|-0.000154134
73|-0.000154134|-0.000154134
74|-0.000154134|-0.000154134
75|-0.000154134|-0.000154134
76|-0.000154134|-0.000154134
77|-0.000154134|-0.000154134
78|-0.000154134|-0.000154134
79|-0.000154134|-0.000154134
80|-0.000154134|-0.000154134
81|-0.000154134|-0.000154134
82|-0.000154134|-0.000154134
83|-0.000154134|-0.000154134
84|-0.000154134|-0.000154134
85|-0.000154134|-0.000154134
86|-0.000154134|-0.000154134
87|-0.000154134|-0.000154134
88|-0.000154134|-0.000154134
89|-0.000154134|-0.000154134
90|-0.000154134|-0.000154134
91|-0.000154134|-0.000154134
92|-0.000154134|-0.000154134
93|-0.000154134|-0.000154134
94|-0.000154134|-0.000154134
95|-0.000154134|-0.000154134
96|-0.000154134|-0.000154134
97|-0.000154134|-0.000154134
98|-0.000154134|-0.000154134
99|-0.000154134|-0.000154134
100|-0.000154134|-0.000154134
101|-0.000154134|-0.000154134
102|-0.000154134|-0.000154134
103|-0.000154134|-0.000154134
104|-0.000154134|-0.000154134
105|-0.000154134|-0.000154134
106|-0.000154134|-0.000154134
107|-0.000154134|-0.000154134
108|-0.000154134|-0.000154134
109|-0.000154134|-0.000154134
110|-0.000154134|-0.000154134
111|-0.000154134|-0.000154134
112|-0.000154134|-0.000154134
113|-0.000154134|-0.000154134
114|-0.000154134|-0.000154134
115|-0.000154134|-0.000154134
116|-0.000154134|-0.000154134
117|-0.000154134|-0.000154134
118|-0.000154134|-0.000154134
119|-0.000154134|-0.000154134
120|-0.000154134|-0.000154134
121|-0.000154134|-0.000154134
122|-0.000154134|-0.000154134
123|-0.000154134|-0.000154134
124|-0.000154134|-0.000154134
125|-0.000154134|-0.000154134
126|-0.000154134|-0.000154134
127|-0.000154134|-0.000154134
128|-0.000154134|-0.000154134
129|-0.000154134|-0.000154134
130|-0.000154134|-0.000154134
131|-0.000154134|-0.000154134
132|-0.000154134|-0.000154134
133|-0.000154134|-0.000154134
134|-0.000154134|-0.000154134
135|-0.000154134|-0.000154134
136|-0.000154134|-0.000154134
137|-0.000154134|-0.000154134
138|-0.000154134|-0.000154134
139|-0.000154134|-0.000154134
140|-0.000154134|-0.000154134
141|-0.000154134|-0.000154134
142|-0.000154134|-0.000154134
143|-0.000154134|-0.000154134
144|-0.000154134|-0.000154134
145|-0.000154134|-0.000154134
146|-0.000154134|-0.000154134
147|-0.000154134|-0.000154134
148|-0.000154134|-0.000154134
149|-0.000154134|-0.000154134
150|-0.000154134|-0.000154134
151|-0.000154134|-0.000154134
EARLY STOP: TARGET FOUND
206038ms
