1|161.222|161.222
2|161.222|161.222
3|161.222|161.222
4|161.222|161.222
5|161.222|161.222
6|161.222|161.222
7|161.222|161.222
8|161.222|161.222
9|161.222|161.222
10|161.222|161.222
11|161.222|161.222
12|161.222|161.222
13|161.222|161.222
14|161.222|161.222
15|161.222|161.222
16|161.222|161.222
17|161.222|161.222
18|161.222|161.222
19|161.222|161.222
20|161.222|161.222
21|161.222|161.222
22|161.222|161.222
23|161.222|161.222
24|161.222|161.222
25|161.222|161.222
26|161.222|161.222
27|161.222|161.222
28|161.222|161.222
29|161.222|161.222
30|161.222|161.222
31|161.222|161.222
32|161.222|161.222
33|161.222|161.222
34|161.222|161.222
35|161.222|161.222
36|161.222|161.222
37|161.222|161.222
38|161.222|161.222
39|161.222|161.222
40|161.222|161.222
41|161.222|161.222
42|161.222|161.222
43|161.222|161.222
44|161.222|161.222
45|161.222|161.222
46|161.222|161.222
47|161.222|161.222
48|161.222|161.222
49|161.222|161.222
50|161.222|161.222
51|161.222|161.222
52|161.222|161.222
53|161.222|161.222
54|161.222|161.222
55|161.222|161.222
56|161.222|161.222
57|161.222|161.222
58|161.222|161.222
59|161.222|161.222
60|161.222|161.222
61|161.222|161.222
62|161.222|161.222
63|161.222|161.222
64|161.222|161.222
65|161.222|161.222
66|161.222|161.222
67|161.222|161.222
68|161.222|161.222
69|161.222|161.222
70|161.222|161.222
71|161.222|161.222
72|161.222|161.222
73|161.222|161.222
74|161.222|161.222
75|161.222|161.222
76|161.222|161.222
77|161.222|161.222
78|161.222|161.222
79|161.222|161.222
80|161.222|161.222
81|161.222|161.222
82|161.222|161.222
83|161.222|161.222
84|161.222|161.222
85|161.222|161.222
86|161.222|161.222
87|161.222|161.222
88|161.222|161.222
89|161.222|161.222
90|161.222|161.222
91|161.222|161.222
92|161.222|161.222
93|161.222|161.222
94|161.222|161.222
95|161.222|161.222
96|161.222|161.222
97|161.222|161.222
98|161.222|161.222
99|161.222|161.222
100|161.222|161.222
101|161.222|161.222
102|161.222|161.222
103|161.222|161.222
104|161.222|161.222
105|161.222|161.222
106|161.222|161.222
107|161.222|161.222
108|161.222|161.222
109|161.222|161.222
110|161.222|161.222
111|161.222|161.222
112|161.222|161.222
113|161.222|161.222
114|161.222|161.222
115|161.222|161.222
116|161.222|161.222
117|161.222|161.222
118|161.222|161.222
119|161.222|161.222
120|161.222|161.222
121|161.222|161.222
122|161.222|161.222
123|161.222|161.222
124|161.222|161.222
125|161.222|161.222
126|161.222|161.222
127|161.222|161.222
128|161.222|161.222
129|161.222|161.222
130|161.222|161.222
131|161.222|161.222
132|161.222|161.222
133|161.222|161.222
134|161.222|161.222
135|161.222|161.222
136|161.222|161.222
137|161.222|161.222
138|161.222|161.222
139|161.222|161.222
140|161.222|161.222
141|161.222|161.222
142|161.222|161.222
143|161.222|161.222
144|161.222|161.222
145|161.222|161.222
146|161.222|161.222
147|161.222|161.222
148|161.222|161.222
149|161.222|161.222
150|161.222|161.222
151|161.222|161.222
EARLY STOP: TARGET FOUND
84587ms
