1|524.757|524.757
2|524.757|524.757
3|524.757|524.757
4|524.757|524.757
5|524.757|524.757
6|524.757|524.757
7|524.757|524.757
8|524.757|524.757
9|524.757|524.757
10|524.757|524.757
11|524.757|524.757
12|524.757|524.757
13|524.757|524.757
14|524.757|524.757
15|524.757|524.757
16|524.757|524.757
17|524.757|524.757
18|524.757|524.757
19|524.757|524.757
20|524.757|524.757
21|524.757|524.757
22|524.757|524.757
23|524.757|524.757
24|524.757|524.757
25|524.757|524.757
26|524.757|524.757
27|524.757|524.757
28|524.757|524.757
29|524.757|524.757
30|524.757|524.757
31|524.757|524.757
32|524.757|524.757
33|524.757|524.757
34|524.757|524.757
35|524.757|524.757
36|524.757|524.757
37|524.757|524.757
38|524.757|524.757
39|524.757|524.757
40|524.757|524.757
41|524.757|524.757
42|524.757|524.757
43|524.757|524.757
44|524.757|524.757
45|524.757|524.757
46|524.757|524.757
47|524.757|524.757
48|524.757|524.757
49|524.757|524.757
50|524.757|524.757
51|524.757|524.757
52|524.757|524.757
53|524.757|524.757
54|524.757|524.757
55|524.757|524.757
56|524.757|524.757
57|524.757|524.757
58|524.757|524.757
59|524.757|524.757
60|524.757|524.757
61|524.757|524.757
62|524.757|524.757
63|524.757|524.757
64|524.757|524.757
65|524.757|524.757
66|524.757|524.757
67|524.757|524.757
68|524.757|524.757
69|524.757|524.757
70|524.757|524.757
71|524.757|524.757
72|524.757|524.757
73|524.757|524.757
74|524.757|524.757
75|524.757|524.757
76|524.757|524.757
77|524.757|524.757
78|524.757|524.757
79|524.757|524.757
80|524.757|524.757
81|524.757|524.757
82|524.757|524.757
83|524.757|524.757
84|524.757|524.757
85|524.757|524.757
86|524.757|524.757
87|524.757|524.757
88|524.757|524.757
89|524.757|524.757
90|524.757|524.757
91|524.757|524.757
92|524.757|524.757
93|524.757|524.757
94|524.757|524.757
95|524.757|524.757
96|524.757|524.757
97|524.757|524.757
98|524.757|524.757
99|524.757|524.757
100|524.757|524.757
101|524.757|524.757
102|524.757|524.757
103|524.757|524.757
104|524.757|524.757
105|524.757|524.757
106|524.757|524.757
107|524.757|524.757
108|524.757|524.757
109|524.757|524.757
110|524.757|524.757
111|524.757|524.757
112|524.757|524.757
113|524.757|524.757
114|524.757|524.757
115|524.757|524.757
116|524.757|524.757
117|524.757|524.757
118|524.757|524.757
119|524.757|524.757
120|524.757|524.757
121|524.757|524.757
122|524.757|524.757
123|524.757|524.757
124|524.757|524.757
125|524.757|524.757
126|524.757|524.757
127|524.757|524.757
128|524.757|524.757
129|524.757|524.757
130|524.757|524.757
131|524.757|524.757
132|524.757|524.757
133|524.757|524.757
134|524.757|524.757
135|524.757|524.757
136|524.757|524.757
137|524.757|524.757
138|524.757|524.757
139|524.757|524.757
140|524.757|524.757
141|524.757|524.757
142|524.757|524.757
143|524.757|524.757
144|524.757|524.757
145|524.757|524.757
146|524.757|524.757
147|524.757|524.757
148|524.757|524.757
149|524.757|524.757
150|524.757|524.757
151|524.757|524.757
EARLY STOP: TARGET FOUND
1731087ms
