1|109.594|109.594
2|109.594|109.594
3|109.594|109.594
4|109.594|109.594
5|109.594|109.594
6|109.594|109.594
7|109.594|109.594
8|109.594|109.594
9|109.594|109.594
10|109.594|109.594
11|109.594|109.594
12|109.594|109.594
13|109.594|109.594
14|109.594|109.594
15|109.594|109.594
16|109.594|109.594
17|109.594|109.594
18|109.594|109.594
19|109.594|109.594
20|109.594|109.594
21|109.594|109.594
22|109.594|109.594
23|109.594|109.594
24|109.594|109.594
25|109.594|109.594
26|109.594|109.594
27|109.594|109.594
28|109.594|109.594
29|109.594|109.594
30|109.594|109.594
31|109.594|109.594
32|109.594|109.594
33|109.594|109.594
34|109.594|109.594
35|109.594|109.594
36|109.594|109.594
37|109.594|109.594
38|109.594|109.594
39|109.594|109.594
40|109.594|109.594
41|109.594|109.594
42|109.594|109.594
43|109.594|109.594
44|109.594|109.594
45|109.594|109.594
46|109.594|109.594
47|109.594|109.594
48|109.594|109.594
49|109.594|109.594
50|109.594|109.594
51|109.594|109.594
52|109.594|109.594
53|109.594|109.594
54|109.594|109.594
55|109.594|109.594
56|109.594|109.594
57|109.594|109.594
58|109.594|109.594
59|109.594|109.594
60|109.594|109.594
61|109.594|109.594
62|109.594|109.594
63|109.594|109.594
64|109.594|109.594
65|109.594|109.594
66|109.594|109.594
67|109.594|109.594
68|109.594|109.594
69|109.594|109.594
70|109.594|109.594
71|109.594|109.594
72|109.594|109.594
73|109.594|109.594
74|109.594|109.594
75|109.594|109.594
76|109.594|109.594
77|109.594|109.594
78|109.594|109.594
79|109.594|109.594
80|109.594|109.594
81|109.594|109.594
82|109.594|109.594
83|109.594|109.594
84|109.594|109.594
85|109.594|109.594
86|109.594|109.594
87|109.594|109.594
88|109.594|109.594
89|109.594|109.594
90|109.594|109.594
91|109.594|109.594
92|109.594|109.594
93|109.594|109.594
94|109.594|109.594
95|109.594|109.594
96|109.594|109.594
97|109.594|109.594
98|109.594|109.594
99|109.594|109.594
100|109.594|109.594
101|109.594|109.594
102|109.594|109.594
103|109.594|109.594
104|109.594|109.594
105|109.594|109.594
106|109.594|109.594
107|109.594|109.594
108|109.594|109.594
109|109.594|109.594
110|109.594|109.594
111|109.594|109.594
112|109.594|109.594
113|109.594|109.594
114|109.594|109.594
115|109.594|109.594
116|109.594|109.594
117|109.594|109.594
118|109.594|109.594
119|109.594|109.594
120|109.594|109.594
121|109.594|109.594
122|109.594|109.594
123|109.594|109.594
124|109.594|109.594
125|109.594|109.594
126|109.594|109.594
127|109.594|109.594
128|109.594|109.594
129|109.594|109.594
130|109.594|109.594
131|109.594|109.594
132|109.594|109.594
133|109.594|109.594
134|109.594|109.594
135|109.594|109.594
136|109.594|109.594
137|109.594|109.594
138|109.594|109.594
139|109.594|109.594
140|109.594|109.594
141|109.594|109.594
142|109.594|109.594
143|109.594|109.594
144|109.594|109.594
145|109.594|109.594
146|109.594|109.594
147|109.594|109.594
148|109.594|109.594
149|109.594|109.594
150|109.594|109.594
151|109.594|109.594
EARLY STOP: TARGET FOUND
59227ms
