1|-6.22236|-6.22236
2|-6.22236|-6.22236
3|-6.22236|-6.22236
4|-6.22236|-6.22236
5|-6.22236|-6.22236
6|-6.22236|-6.22236
7|-6.22236|-6.22236
8|-6.22236|-6.22236
9|-6.22236|-6.22236
10|-6.22236|-6.22236
11|-6.22236|-6.22236
12|-6.22236|-6.22236
13|-6.22236|-6.22236
14|-6.22236|-6.22236
15|-6.22236|-6.22236
16|-6.22236|-6.22236
17|-6.22236|-6.22236
18|-6.22236|-6.22236
19|-6.22236|-6.22236
20|-6.22236|-6.22236
21|-6.22236|-6.22236
22|-6.22236|-6.22236
23|-6.22236|-6.22236
24|-6.22236|-6.22236
25|-6.22236|-6.22236
26|-6.22236|-6.22236
27|-6.22236|-6.22236
28|-6.22236|-6.22236
29|-6.22236|-6.22236
30|-6.22236|-6.22236
31|-6.22236|-6.22236
32|-6.22236|-6.22236
33|-6.22236|-6.22236
34|-6.22236|-6.22236
35|-6.22236|-6.22236
36|-6.22236|-6.22236
37|-6.22236|-6.22236
38|-6.22236|-6.22236
39|-6.22236|-6.22236
40|-6.22236|-6.22236
41|-6.22236|-6.22236
42|-6.22236|-6.22236
43|-6.22236|-6.22236
44|-6.22236|-6.22236
45|-6.22236|-6.22236
46|-6.22236|-6.22236
47|-6.22236|-6.22236
48|-6.22236|-6.22236
49|-6.22236|-6.22236
50|-6.22236|-6.22236
51|-6.22236|-6.22236
52|-6.22236|-6.22236
53|-6.22236|-6.22236
54|-6.22236|-6.22236
55|-6.22236|-6.22236
56|-6.22236|-6.22236
57|-6.22236|-6.22236
58|-6.22236|-6.22236
59|-6.22236|-6.22236
60|-6.22236|-6.22236
61|-6.22236|-6.22236
62|-6.22236|-6.22236
63|-6.22236|-6.22236
64|-6.22236|-6.22236
65|-6.22236|-6.22236
66|-6.22236|-6.22236
67|-6.22236|-6.22236
68|-6.22236|-6.22236
69|-6.22236|-6.22236
70|-6.22236|-6.22236
71|-6.22236|-6.22236
72|-6.22236|-6.22236
73|-6.22236|-6.22236
74|-6.22236|-6.22236
75|-6.22236|-6.22236
76|-6.22236|-6.22236
77|-6.22236|-6.22236
78|-6.22236|-6.22236
79|-6.22236|-6.22236
80|-6.22236|-6.22236
81|-6.22236|-6.22236
82|-6.22236|-6.22236
83|-6.22236|-6.22236
84|-6.22236|-6.22236
85|-6.22236|-6.22236
86|-6.22236|-6.22236
87|-6.22236|-6.22236
88|-6.22236|-6.22236
89|-6.22236|-6.22236
90|-6.22236|-6.22236
91|-6.22236|-6.22236
92|-6.22236|-6.22236
93|-6.22236|-6.22236
94|-6.22236|-6.22236
95|-6.22236|-6.22236
96|-6.22236|-6.22236
97|-6.22236|-6.22236
98|-6.22236|-6.22236
99|-6.22236|-6.22236
100|-6.22236|-6.22236
101|-6.22236|-6.22236
102|-6.22236|-6.22236
103|-6.22236|-6.22236
104|-6.22236|-6.22236
105|-6.22236|-6.22236
106|-6.22236|-6.22236
107|-6.22236|-6.22236
108|-6.22236|-6.22236
109|-6.22236|-6.22236
110|-6.22236|-6.22236
111|-6.22236|-6.22236
112|-6.22236|-6.22236
113|-6.22236|-6.22236
114|-6.22236|-6.22236
115|-6.22236|-6.22236
116|-6.22236|-6.22236
117|-6.22236|-6.22236
118|-6.22236|-6.22236
119|-6.22236|-6.22236
120|-6.22236|-6.22236
121|-6.22236|-6.22236
122|-6.22236|-6.22236
123|-6.22236|-6.22236
124|-6.22236|-6.22236
125|-6.22236|-6.22236
126|-6.22236|-6.22236
127|-6.22236|-6.22236
128|-6.22236|-6.22236
129|-6.22236|-6.22236
130|-6.22236|-6.22236
131|-6.22236|-6.22236
132|-6.22236|-6.22236
133|-6.22236|-6.22236
134|-6.22236|-6.22236
135|-6.22236|-6.22236
136|-6.22236|-6.22236
137|-6.22236|-6.22236
138|-6.22236|-6.22236
139|-6.22236|-6.22236
140|-6.22236|-6.22236
141|-6.22236|-6.22236
142|-6.22236|-6.22236
143|-6.22236|-6.22236
144|-6.22236|-6.22236
145|-6.22236|-6.22236
146|-6.22236|-6.22236
147|-6.22236|-6.22236
148|-6.22236|-6.22236
149|-6.22236|-6.22236
150|-6.22236|-6.22236
151|-6.22236|-6.22236
EARLY STOP: TARGET FOUND
1755115ms
