1|52.3208|52.3208
2|52.3208|52.3208
3|52.3208|52.3208
4|52.3208|52.3208
5|52.3208|52.3208
6|52.3208|52.3208
7|52.3208|52.3208
8|52.3208|52.3208
9|52.3208|52.3208
10|52.3208|52.3208
11|52.3208|52.3208
12|52.3208|52.3208
13|52.3208|52.3208
14|52.3208|52.3208
15|52.3208|52.3208
16|52.3208|52.3208
17|52.3208|52.3208
18|52.3208|52.3208
19|52.3208|52.3208
20|52.3208|52.3208
21|52.3208|52.3208
22|52.3208|52.3208
23|52.3208|52.3208
24|52.3208|52.3208
25|52.3208|52.3208
26|52.3208|52.3208
27|52.3208|52.3208
28|52.3208|52.3208
29|52.3208|52.3208
30|52.3208|52.3208
31|52.3208|52.3208
32|52.3208|52.3208
33|52.3208|52.3208
34|52.3208|52.3208
35|52.3208|52.3208
36|52.3208|52.3208
37|52.3208|52.3208
38|52.3208|52.3208
39|52.3208|52.3208
40|52.3208|52.3208
41|52.3208|52.3208
42|52.3208|52.3208
43|52.3208|52.3208
44|52.3208|52.3208
45|52.3208|52.3208
46|52.3208|52.3208
47|52.3208|52.3208
48|52.3208|52.3208
49|52.3208|52.3208
50|52.3208|52.3208
51|52.3208|52.3208
52|52.3208|52.3208
53|52.3208|52.3208
54|52.3208|52.3208
55|52.3208|52.3208
56|52.3208|52.3208
57|52.3208|52.3208
58|52.3208|52.3208
59|52.3208|52.3208
60|52.3208|52.3208
61|52.3208|52.3208
62|52.3208|52.3208
63|52.3208|52.3208
64|52.3208|52.3208
65|52.3208|52.3208
66|52.3208|52.3208
67|52.3208|52.3208
68|52.3208|52.3208
69|52.3208|52.3208
70|52.3208|52.3208
71|52.3208|52.3208
72|52.3208|52.3208
73|52.3208|52.3208
74|52.3208|52.3208
75|52.3208|52.3208
76|52.3208|52.3208
77|52.3208|52.3208
78|52.3208|52.3208
79|52.3208|52.3208
80|52.3208|52.3208
81|52.3208|52.3208
82|52.3208|52.3208
83|52.3208|52.3208
84|52.3208|52.3208
85|52.3208|52.3208
86|52.3208|52.3208
87|52.3208|52.3208
88|52.3208|52.3208
89|52.3208|52.3208
90|52.3208|52.3208
91|52.3208|52.3208
92|52.3208|52.3208
93|52.3208|52.3208
94|52.3208|52.3208
95|52.3208|52.3208
96|52.3208|52.3208
97|52.3208|52.3208
98|52.3208|52.3208
99|52.3208|52.3208
100|52.3208|52.3208
101|52.3208|52.3208
102|52.3208|52.3208
103|52.3208|52.3208
104|52.3208|52.3208
105|52.3208|52.3208
106|52.3208|52.3208
107|52.3208|52.3208
108|52.3208|52.3208
109|52.3208|52.3208
110|52.3208|52.3208
111|52.3208|52.3208
112|52.3208|52.3208
113|52.3208|52.3208
114|52.3208|52.3208
115|52.3208|52.3208
116|52.3208|52.3208
117|52.3208|52.3208
118|52.3208|52.3208
119|52.3208|52.3208
120|52.3208|52.3208
121|52.3208|52.3208
122|52.3208|52.3208
123|52.3208|52.3208
124|52.3208|52.3208
125|52.3208|52.3208
126|52.3208|52.3208
127|52.3208|52.3208
128|52.3208|52.3208
129|52.3208|52.3208
130|52.3208|52.3208
131|52.3208|52.3208
132|52.3208|52.3208
133|52.3208|52.3208
134|52.3208|52.3208
135|52.3208|52.3208
136|52.3208|52.3208
137|52.3208|52.3208
138|52.3208|52.3208
139|52.3208|52.3208
140|52.3208|52.3208
141|52.3208|52.3208
142|52.3208|52.3208
143|52.3208|52.3208
144|52.3208|52.3208
145|52.3208|52.3208
146|52.3208|52.3208
147|52.3208|52.3208
148|52.3208|52.3208
149|52.3208|52.3208
150|52.3208|52.3208
151|52.3208|52.3208
EARLY STOP: TARGET FOUND
58640ms
