1|-0.311879|-0.311879
2|-0.311879|-0.311879
3|-0.311879|-0.311879
4|-0.311879|-0.311879
5|-0.311879|-0.311879
6|-0.311879|-0.311879
7|-0.311879|-0.311879
8|-0.311879|-0.311879
9|-0.311879|-0.311879
10|-0.311879|-0.311879
11|-0.311879|-0.311879
12|-0.311879|-0.311879
13|-0.311879|-0.311879
14|-0.311879|-0.311879
15|-0.311879|-0.311879
16|-0.311879|-0.311879
17|-0.311879|-0.311879
18|-0.311879|-0.311879
19|-0.311879|-0.311879
20|-0.311879|-0.311879
21|-0.311879|-0.311879
22|-0.311879|-0.311879
23|-0.311879|-0.311879
24|-0.311879|-0.311879
25|-0.311879|-0.311879
26|-0.311879|-0.311879
27|-0.311879|-0.311879
28|-0.311879|-0.311879
29|-0.311879|-0.311879
30|-0.311879|-0.311879
31|-0.311879|-0.311879
32|-0.311879|-0.311879
33|-0.311879|-0.311879
34|-0.311879|-0.311879
35|-0.311879|-0.311879
36|-0.311879|-0.311879
37|-0.311879|-0.311879
38|-0.311879|-0.311879
39|-0.311879|-0.311879
40|-0.311879|-0.311879
41|-0.311879|-0.311879
42|-0.311879|-0.311879
43|-0.311879|-0.311879
44|-0.311879|-0.311879
45|-0.311879|-0.311879
46|-0.311879|-0.311879
47|-0.311879|-0.311879
48|-0.311879|-0.311879
49|-0.311879|-0.311879
50|-0.311879|-0.311879
51|-0.311879|-0.311879
52|-0.311879|-0.311879
53|-0.311879|-0.311879
54|-0.311879|-0.311879
55|-0.311879|-0.311879
56|-0.311879|-0.311879
57|-0.311879|-0.311879
58|-0.311879|-0.311879
59|-0.311879|-0.311879
60|-0.311879|-0.311879
61|-0.311879|-0.311879
62|-0.311879|-0.311879
63|-0.311879|-0.311879
64|-0.311879|-0.311879
65|-0.311879|-0.311879
66|-0.311879|-0.311879
67|-0.311879|-0.311879
68|-0.311879|-0.311879
69|-0.311879|-0.311879
70|-0.311879|-0.311879
71|-0.311879|-0.311879
72|-0.311879|-0.311879
73|-0.311879|-0.311879
74|-0.311879|-0.311879
75|-0.311879|-0.311879
76|-0.311879|-0.311879
77|-0.311879|-0.311879
78|-0.311879|-0.311879
79|-0.311879|-0.311879
80|-0.311879|-0.311879
81|-0.311879|-0.311879
82|-0.311879|-0.311879
83|-0.311879|-0.311879
84|-0.311879|-0.311879
85|-0.311879|-0.311879
86|-0.311879|-0.311879
87|-0.311879|-0.311879
88|-0.311879|-0.311879
89|-0.311879|-0.311879
90|-0.311879|-0.311879
91|-0.311879|-0.311879
92|-0.311879|-0.311879
93|-0.311879|-0.311879
94|-0.311879|-0.311879
95|-0.311879|-0.311879
96|-0.311879|-0.311879
97|-0.311879|-0.311879
98|-0.311879|-0.311879
99|-0.311879|-0.311879
100|-0.311879|-0.311879
101|-0.311879|-0.311879
102|-0.311879|-0.311879
103|-0.311879|-0.311879
104|-0.311879|-0.311879
105|-0.311879|-0.311879
106|-0.311879|-0.311879
107|-0.311879|-0.311879
108|-0.311879|-0.311879
109|-0.311879|-0.311879
110|-0.311879|-0.311879
111|-0.311879|-0.311879
112|-0.311879|-0.311879
113|-0.311879|-0.311879
114|-0.311879|-0.311879
115|-0.311879|-0.311879
116|-0.311879|-0.311879
117|-0.311879|-0.311879
118|-0.311879|-0.311879
119|-0.311879|-0.311879
120|-0.311879|-0.311879
121|-0.311879|-0.311879
122|-0.311879|-0.311879
123|-0.311879|-0.311879
124|-0.311879|-0.311879
125|-0.311879|-0.311879
126|-0.311879|-0.311879
127|-0.311879|-0.311879
128|-0.311879|-0.311879
129|-0.311879|-0.311879
130|-0.311879|-0.311879
131|-0.311879|-0.311879
132|-0.311879|-0.311879
133|-0.311879|-0.311879
134|-0.311879|-0.311879
135|-0.311879|-0.311879
136|-0.311879|-0.311879
137|-0.311879|-0.311879
138|-0.311879|-0.311879
139|-0.311879|-0.311879
140|-0.311879|-0.311879
141|-0.311879|-0.311879
142|-0.311879|-0.311879
143|-0.311879|-0.311879
144|-0.311879|-0.311879
145|-0.311879|-0.311879
146|-0.311879|-0.311879
147|-0.311879|-0.311879
148|-0.311879|-0.311879
149|-0.311879|-0.311879
150|-0.311879|-0.311879
151|-0.311879|-0.311879
EARLY STOP: TARGET FOUND
207223ms
