1|-807.287|-807.287
2|-807.287|-807.287
3|-807.287|-807.287
4|-807.287|-807.287
5|-807.287|-807.287
6|-807.287|-807.287
7|-807.287|-807.287
8|-807.287|-807.287
9|-807.287|-807.287
10|-807.287|-807.287
11|-807.287|-807.287
12|-807.287|-807.287
13|-807.287|-807.287
14|-807.287|-807.287
15|-807.287|-807.287
16|-807.287|-807.287
17|-807.287|-807.287
18|-807.287|-807.287
19|-807.287|-807.287
20|-807.287|-807.287
21|-807.287|-807.287
22|-807.287|-807.287
23|-807.287|-807.287
24|-807.287|-807.287
25|-807.287|-807.287
26|-807.287|-807.287
27|-807.287|-807.287
28|-807.287|-807.287
29|-807.287|-807.287
30|-807.287|-807.287
31|-807.287|-807.287
32|-807.287|-807.287
33|-807.287|-807.287
34|-807.287|-807.287
35|-807.287|-807.287
36|-807.287|-807.287
37|-807.287|-807.287
38|-807.287|-807.287
39|-807.287|-807.287
40|-807.287|-807.287
41|-807.287|-807.287
42|-807.287|-807.287
43|-807.287|-807.287
44|-807.287|-807.287
45|-807.287|-807.287
46|-807.287|-807.287
47|-807.287|-807.287
48|-807.287|-807.287
49|-807.287|-807.287
50|-807.287|-807.287
51|-807.287|-807.287
52|-807.287|-807.287
53|-807.287|-807.287
54|-807.287|-807.287
55|-807.287|-807.287
56|-807.287|-807.287
57|-807.287|-807.287
58|-807.287|-807.287
59|-807.287|-807.287
60|-807.287|-807.287
61|-807.287|-807.287
62|-807.287|-807.287
63|-807.287|-807.287
64|-807.287|-807.287
65|-807.287|-807.287
66|-807.287|-807.287
67|-807.287|-807.287
68|-807.287|-807.287
69|-807.287|-807.287
70|-807.287|-807.287
71|-807.287|-807.287
72|-807.287|-807.287
73|-807.287|-807.287
74|-807.287|-807.287
75|-807.287|-807.287
76|-807.287|-807.287
77|-807.287|-807.287
78|-807.287|-807.287
79|-807.287|-807.287
80|-807.287|-807.287
81|-807.287|-807.287
82|-807.287|-807.287
83|-807.287|-807.287
84|-807.287|-807.287
85|-807.287|-807.287
86|-807.287|-807.287
87|-807.287|-807.287
88|-807.287|-807.287
89|-807.287|-807.287
90|-807.287|-807.287
91|-807.287|-807.287
92|-807.287|-807.287
93|-807.287|-807.287
94|-807.287|-807.287
95|-807.287|-807.287
96|-807.287|-807.287
97|-807.287|-807.287
98|-807.287|-807.287
99|-807.287|-807.287
100|-807.287|-807.287
101|-807.287|-807.287
102|-807.287|-807.287
103|-807.287|-807.287
104|-807.287|-807.287
105|-807.287|-807.287
106|-807.287|-807.287
107|-807.287|-807.287
108|-807.287|-807.287
109|-807.287|-807.287
110|-807.287|-807.287
111|-807.287|-807.287
112|-807.287|-807.287
113|-807.287|-807.287
114|-807.287|-807.287
115|-807.287|-807.287
116|-807.287|-807.287
117|-807.287|-807.287
118|-807.287|-807.287
119|-807.287|-807.287
120|-807.287|-807.287
121|-807.287|-807.287
122|-807.287|-807.287
123|-807.287|-807.287
124|-807.287|-807.287
125|-807.287|-807.287
126|-807.287|-807.287
127|-807.287|-807.287
128|-807.287|-807.287
129|-807.287|-807.287
130|-807.287|-807.287
131|-807.287|-807.287
132|-807.287|-807.287
133|-807.287|-807.287
134|-807.287|-807.287
135|-807.287|-807.287
136|-807.287|-807.287
137|-807.287|-807.287
138|-807.287|-807.287
139|-807.287|-807.287
140|-807.287|-807.287
141|-807.287|-807.287
142|-807.287|-807.287
143|-807.287|-807.287
144|-807.287|-807.287
145|-807.287|-807.287
146|-807.287|-807.287
147|-807.287|-807.287
148|-807.287|-807.287
149|-807.287|-807.287
150|-807.287|-807.287
151|-807.287|-807.287
EARLY STOP: TARGET FOUND
2543818ms
