1|223.112|223.112
2|223.112|223.112
3|223.112|223.112
4|223.112|223.112
5|223.112|223.112
6|223.112|223.112
7|223.112|223.112
8|223.112|223.112
9|223.112|223.112
10|223.112|223.112
11|223.112|223.112
12|223.112|223.112
13|223.112|223.112
14|223.112|223.112
15|223.112|223.112
16|223.112|223.112
17|223.112|223.112
18|223.112|223.112
19|223.112|223.112
20|223.112|223.112
21|223.112|223.112
22|223.112|223.112
23|223.112|223.112
24|223.112|223.112
25|223.112|223.112
26|223.112|223.112
27|223.112|223.112
28|223.112|223.112
29|223.112|223.112
30|223.112|223.112
31|223.112|223.112
32|223.112|223.112
33|223.112|223.112
34|223.112|223.112
35|223.112|223.112
36|223.112|223.112
37|223.112|223.112
38|223.112|223.112
39|223.112|223.112
40|223.112|223.112
41|223.112|223.112
42|223.112|223.112
43|223.112|223.112
44|223.112|223.112
45|223.112|223.112
46|223.112|223.112
47|223.112|223.112
48|223.112|223.112
49|223.112|223.112
50|223.112|223.112
51|223.112|223.112
52|223.112|223.112
53|223.112|223.112
54|223.112|223.112
55|223.112|223.112
56|223.112|223.112
57|223.112|223.112
58|223.112|223.112
59|223.112|223.112
60|223.112|223.112
61|223.112|223.112
62|223.112|223.112
63|223.112|223.112
64|223.112|223.112
65|223.112|223.112
66|223.112|223.112
67|223.112|223.112
68|223.112|223.112
69|223.112|223.112
70|223.112|223.112
71|223.112|223.112
72|223.112|223.112
73|223.112|223.112
74|223.112|223.112
75|223.112|223.112
76|223.112|223.112
77|223.112|223.112
78|223.112|223.112
79|223.112|223.112
80|223.112|223.112
81|223.112|223.112
82|223.112|223.112
83|223.112|223.112
84|223.112|223.112
85|223.112|223.112
86|223.112|223.112
87|223.112|223.112
88|223.112|223.112
89|223.112|223.112
90|223.112|223.112
91|223.112|223.112
92|223.112|223.112
93|223.112|223.112
94|223.112|223.112
95|223.112|223.112
96|223.112|223.112
97|223.112|223.112
98|223.112|223.112
99|223.112|223.112
100|223.112|223.112
101|223.112|223.112
102|223.112|223.112
103|223.112|223.112
104|223.112|223.112
105|223.112|223.112
106|223.112|223.112
107|223.112|223.112
108|223.112|223.112
109|223.112|223.112
110|223.112|223.112
111|223.112|223.112
112|223.112|223.112
113|223.112|223.112
114|223.112|223.112
115|223.112|223.112
116|223.112|223.112
117|223.112|223.112
118|223.112|223.112
119|223.112|223.112
120|223.112|223.112
121|223.112|223.112
122|223.112|223.112
123|223.112|223.112
124|223.112|223.112
125|223.112|223.112
126|223.112|223.112
127|223.112|223.112
128|223.112|223.112
129|223.112|223.112
130|223.112|223.112
131|223.112|223.112
132|223.112|223.112
133|223.112|223.112
134|223.112|223.112
135|223.112|223.112
136|223.112|223.112
137|223.112|223.112
138|223.112|223.112
139|223.112|223.112
140|223.112|223.112
141|223.112|223.112
142|223.112|223.112
143|223.112|223.112
144|223.112|223.112
145|223.112|223.112
146|223.112|223.112
147|223.112|223.112
148|223.112|223.112
149|223.112|223.112
150|223.112|223.112
151|223.112|223.112
EARLY STOP: TARGET FOUND
1704786ms
