1|81.8224|81.8224
2|81.8224|81.8224
3|81.8224|81.8224
4|81.8224|81.8224
5|81.8224|81.8224
6|81.8224|81.8224
7|81.8224|81.8224
8|81.8224|81.8224
9|81.8224|81.8224
10|81.8224|81.8224
11|81.8224|81.8224
12|81.8224|81.8224
13|81.8224|81.8224
14|81.8224|81.8224
15|81.8224|81.8224
16|81.8224|81.8224
17|81.8224|81.8224
18|81.8224|81.8224
19|81.8224|81.8224
20|81.8224|81.8224
21|81.8224|81.8224
22|81.8224|81.8224
23|81.8224|81.8224
24|81.8224|81.8224
25|81.8224|81.8224
26|81.8224|81.8224
27|81.8224|81.8224
28|81.8224|81.8224
29|81.8224|81.8224
30|81.8224|81.8224
31|81.8224|81.8224
32|81.8224|81.8224
33|81.8224|81.8224
34|81.8224|81.8224
35|81.8224|81.8224
36|81.8224|81.8224
37|81.8224|81.8224
38|81.8224|81.8224
39|81.8224|81.8224
40|81.8224|81.8224
41|81.8224|81.8224
42|81.8224|81.8224
43|81.8224|81.8224
44|81.8224|81.8224
45|81.8224|81.8224
46|81.8224|81.8224
47|81.8224|81.8224
48|81.8224|81.8224
49|81.8224|81.8224
50|81.8224|81.8224
51|81.8224|81.8224
52|81.8224|81.8224
53|81.8224|81.8224
54|81.8224|81.8224
55|81.8224|81.8224
56|81.8224|81.8224
57|81.8224|81.8224
58|81.8224|81.8224
59|81.8224|81.8224
60|81.8224|81.8224
61|81.8224|81.8224
62|81.8224|81.8224
63|81.8224|81.8224
64|81.8224|81.8224
65|81.8224|81.8224
66|81.8224|81.8224
67|81.8224|81.8224
68|81.8224|81.8224
69|81.8224|81.8224
70|81.8224|81.8224
71|81.8224|81.8224
72|81.8224|81.8224
73|81.8224|81.8224
74|81.8224|81.8224
75|81.8224|81.8224
76|81.8224|81.8224
77|81.8224|81.8224
78|81.8224|81.8224
79|81.8224|81.8224
80|81.8224|81.8224
81|81.8224|81.8224
82|81.8224|81.8224
83|81.8224|81.8224
84|81.8224|81.8224
85|81.8224|81.8224
86|81.8224|81.8224
87|81.8224|81.8224
88|81.8224|81.8224
89|81.8224|81.8224
90|81.8224|81.8224
91|81.8224|81.8224
92|81.8224|81.8224
93|81.8224|81.8224
94|81.8224|81.8224
95|81.8224|81.8224
96|81.8224|81.8224
97|81.8224|81.8224
98|81.8224|81.8224
99|81.8224|81.8224
100|81.8224|81.8224
101|81.8224|81.8224
102|81.8224|81.8224
103|81.8224|81.8224
104|81.8224|81.8224
105|81.8224|81.8224
106|81.8224|81.8224
107|81.8224|81.8224
108|81.8224|81.8224
109|81.8224|81.8224
110|81.8224|81.8224
111|81.8224|81.8224
112|81.8224|81.8224
113|81.8224|81.8224
114|81.8224|81.8224
115|81.8224|81.8224
116|81.8224|81.8224
117|81.8224|81.8224
118|81.8224|81.8224
119|81.8224|81.8224
120|81.8224|81.8224
121|81.8224|81.8224
122|81.8224|81.8224
123|81.8224|81.8224
124|81.8224|81.8224
125|81.8224|81.8224
126|81.8224|81.8224
127|81.8224|81.8224
128|81.8224|81.8224
129|81.8224|81.8224
130|81.8224|81.8224
131|81.8224|81.8224
132|81.8224|81.8224
133|81.8224|81.8224
134|81.8224|81.8224
135|81.8224|81.8224
136|81.8224|81.8224
137|81.8224|81.8224
138|81.8224|81.8224
139|81.8224|81.8224
140|81.8224|81.8224
141|81.8224|81.8224
142|81.8224|81.8224
143|81.8224|81.8224
144|81.8224|81.8224
145|81.8224|81.8224
146|81.8224|81.8224
147|81.8224|81.8224
148|81.8224|81.8224
149|81.8224|81.8224
150|81.8224|81.8224
151|81.8224|81.8224
EARLY STOP: TARGET FOUND
59562ms
