1|-0.561425|-0.561425
2|-0.561425|-0.561425
3|-0.561425|-0.561425
4|-0.561425|-0.561425
5|-0.561425|-0.561425
6|-0.561425|-0.561425
7|-0.561425|-0.561425
8|-0.561425|-0.561425
9|-0.561425|-0.561425
10|-0.561425|-0.561425
11|-0.561425|-0.561425
12|-0.561425|-0.561425
13|-0.561425|-0.561425
14|-0.561425|-0.561425
15|-0.561425|-0.561425
16|-0.561425|-0.561425
17|-0.561425|-0.561425
18|-0.561425|-0.561425
19|-0.561425|-0.561425
20|-0.561425|-0.561425
21|-0.561425|-0.561425
22|-0.561425|-0.561425
23|-0.561425|-0.561425
24|-0.561425|-0.561425
25|-0.561425|-0.561425
26|-0.561425|-0.561425
27|-0.561425|-0.561425
28|-0.561425|-0.561425
29|-0.561425|-0.561425
30|-0.561425|-0.561425
31|-0.561425|-0.561425
32|-0.561425|-0.561425
33|-0.561425|-0.561425
34|-0.561425|-0.561425
35|-0.561425|-0.561425
36|-0.561425|-0.561425
37|-0.561425|-0.561425
38|-0.561425|-0.561425
39|-0.561425|-0.561425
40|-0.561425|-0.561425
41|-0.561425|-0.561425
42|-0.561425|-0.561425
43|-0.561425|-0.561425
44|-0.561425|-0.561425
45|-0.561425|-0.561425
46|-0.561425|-0.561425
47|-0.561425|-0.561425
48|-0.561425|-0.561425
49|-0.561425|-0.561425
50|-0.561425|-0.561425
51|-0.561425|-0.561425
52|-0.561425|-0.561425
53|-0.561425|-0.561425
54|-0.561425|-0.561425
55|-0.561425|-0.561425
56|-0.561425|-0.561425
57|-0.561425|-0.561425
58|-0.561425|-0.561425
59|-0.561425|-0.561425
60|-0.561425|-0.561425
61|-0.561425|-0.561425
62|-0.561425|-0.561425
63|-0.561425|-0.561425
64|-0.561425|-0.561425
65|-0.561425|-0.561425
66|-0.561425|-0.561425
67|-0.561425|-0.561425
68|-0.561425|-0.561425
69|-0.561425|-0.561425
70|-0.561425|-0.561425
71|-0.561425|-0.561425
72|-0.561425|-0.561425
73|-0.561425|-0.561425
74|-0.561425|-0.561425
75|-0.561425|-0.561425
76|-0.561425|-0.561425
77|-0.561425|-0.561425
78|-0.561425|-0.561425
79|-0.561425|-0.561425
80|-0.561425|-0.561425
81|-0.561425|-0.561425
82|-0.561425|-0.561425
83|-0.561425|-0.561425
84|-0.561425|-0.561425
85|-0.561425|-0.561425
86|-0.561425|-0.561425
87|-0.561425|-0.561425
88|-0.561425|-0.561425
89|-0.561425|-0.561425
90|-0.561425|-0.561425
91|-0.561425|-0.561425
92|-0.561425|-0.561425
93|-0.561425|-0.561425
94|-0.561425|-0.561425
95|-0.561425|-0.561425
96|-0.561425|-0.561425
97|-0.561425|-0.561425
98|-0.561425|-0.561425
99|-0.561425|-0.561425
100|-0.561425|-0.561425
101|-0.561425|-0.561425
102|-0.561425|-0.561425
103|-0.561425|-0.561425
104|-0.561425|-0.561425
105|-0.561425|-0.561425
106|-0.561425|-0.561425
107|-0.561425|-0.561425
108|-0.561425|-0.561425
109|-0.561425|-0.561425
110|-0.561425|-0.561425
111|-0.561425|-0.561425
112|-0.561425|-0.561425
113|-0.561425|-0.561425
114|-0.561425|-0.561425
115|-0.561425|-0.561425
116|-0.561425|-0.561425
117|-0.561425|-0.561425
118|-0.561425|-0.561425
119|-0.561425|-0.561425
120|-0.561425|-0.561425
121|-0.561425|-0.561425
122|-0.561425|-0.561425
123|-0.561425|-0.561425
124|-0.561425|-0.561425
125|-0.561425|-0.561425
126|-0.561425|-0.561425
127|-0.561425|-0.561425
128|-0.561425|-0.561425
129|-0.561425|-0.561425
130|-0.561425|-0.561425
131|-0.561425|-0.561425
132|-0.561425|-0.561425
133|-0.561425|-0.561425
134|-0.561425|-0.561425
135|-0.561425|-0.561425
136|-0.561425|-0.561425
137|-0.561425|-0.561425
138|-0.561425|-0.561425
139|-0.561425|-0.561425
140|-0.561425|-0.561425
141|-0.561425|-0.561425
142|-0.561425|-0.561425
143|-0.561425|-0.561425
144|-0.561425|-0.561425
145|-0.561425|-0.561425
146|-0.561425|-0.561425
147|-0.561425|-0.561425
148|-0.561425|-0.561425
149|-0.561425|-0.561425
150|-0.561425|-0.561425
151|-0.561425|-0.561425
EARLY STOP: TARGET FOUND
206030ms
