1|-96.4461|-96.4461
2|-96.4461|-96.4461
3|-96.4461|-96.4461
4|-96.4461|-96.4461
5|-96.4461|-96.4461
6|-96.4461|-96.4461
7|-96.4461|-96.4461
8|-96.4461|-96.4461
9|-96.4461|-96.4461
10|-96.4461|-96.4461
11|-96.4461|-96.4461
12|-96.4461|-96.4461
13|-96.4461|-96.4461
14|-96.4461|-96.4461
15|-96.4461|-96.4461
16|-96.4461|-96.4461
17|-96.4461|-96.4461
18|-96.4461|-96.4461
19|-96.4461|-96.4461
20|-96.4461|-96.4461
21|-96.4461|-96.4461
22|-96.4461|-96.4461
23|-96.4461|-96.4461
24|-96.4461|-96.4461
25|-96.4461|-96.4461
26|-96.4461|-96.4461
27|-96.4461|-96.4461
28|-96.4461|-96.4461
29|-96.4461|-96.4461
30|-96.4461|-96.4461
31|-96.4461|-96.4461
32|-96.4461|-96.4461
33|-96.4461|-96.4461
34|-96.4461|-96.4461
35|-96.4461|-96.4461
36|-96.4461|-96.4461
37|-96.4461|-96.4461
38|-96.4461|-96.4461
39|-96.4461|-96.4461
40|-96.4461|-96.4461
41|-96.4461|-96.4461
42|-96.4461|-96.4461
43|-96.4461|-96.4461
44|-96.4461|-96.4461
45|-96.4461|-96.4461
46|-96.4461|-96.4461
47|-96.4461|-96.4461
48|-96.4461|-96.4461
49|-96.4461|-96.4461
50|-96.4461|-96.4461
51|-96.4461|-96.4461
52|-96.4461|-96.4461
53|-96.4461|-96.4461
54|-96.4461|-96.4461
55|-96.4461|-96.4461
56|-96.4461|-96.4461
57|-96.4461|-96.4461
58|-96.4461|-96.4461
59|-96.4461|-96.4461
60|-96.4461|-96.4461
61|-96.4461|-96.4461
62|-96.4461|-96.4461
63|-96.4461|-96.4461
64|-96.4461|-96.4461
65|-96.4461|-96.4461
66|-96.4461|-96.4461
67|-96.4461|-96.4461
68|-96.4461|-96.4461
69|-96.4461|-96.4461
70|-96.4461|-96.4461
71|-96.4461|-96.4461
72|-96.4461|-96.4461
73|-96.4461|-96.4461
74|-96.4461|-96.4461
75|-96.4461|-96.4461
76|-96.4461|-96.4461
77|-96.4461|-96.4461
78|-96.4461|-96.4461
79|-96.4461|-96.4461
80|-96.4461|-96.4461
81|-96.4461|-96.4461
82|-96.4461|-96.4461
83|-96.4461|-96.4461
84|-96.4461|-96.4461
85|-96.4461|-96.4461
86|-96.4461|-96.4461
87|-96.4461|-96.4461
88|-96.4461|-96.4461
89|-96.4461|-96.4461
90|-96.4461|-96.4461
91|-96.4461|-96.4461
92|-96.4461|-96.4461
93|-96.4461|-96.4461
94|-96.4461|-96.4461
95|-96.4461|-96.4461
96|-96.4461|-96.4461
97|-96.4461|-96.4461
98|-96.4461|-96.4461
99|-96.4461|-96.4461
100|-96.4461|-96.4461
101|-96.4461|-96.4461
102|-96.4461|-96.4461
103|-96.4461|-96.4461
104|-96.4461|-96.4461
105|-96.4461|-96.4461
106|-96.4461|-96.4461
107|-96.4461|-96.4461
108|-96.4461|-96.4461
109|-96.4461|-96.4461
110|-96.4461|-96.4461
111|-96.4461|-96.4461
112|-96.4461|-96.4461
113|-96.4461|-96.4461
114|-96.4461|-96.4461
115|-96.4461|-96.4461
116|-96.4461|-96.4461
117|-96.4461|-96.4461
118|-96.4461|-96.4461
119|-96.4461|-96.4461
120|-96.4461|-96.4461
121|-96.4461|-96.4461
122|-96.4461|-96.4461
123|-96.4461|-96.4461
124|-96.4461|-96.4461
125|-96.4461|-96.4461
126|-96.4461|-96.4461
127|-96.4461|-96.4461
128|-96.4461|-96.4461
129|-96.4461|-96.4461
130|-96.4461|-96.4461
131|-96.4461|-96.4461
132|-96.4461|-96.4461
133|-96.4461|-96.4461
134|-96.4461|-96.4461
135|-96.4461|-96.4461
136|-96.4461|-96.4461
137|-96.4461|-96.4461
138|-96.4461|-96.4461
139|-96.4461|-96.4461
140|-96.4461|-96.4461
141|-96.4461|-96.4461
142|-96.4461|-96.4461
143|-96.4461|-96.4461
144|-96.4461|-96.4461
145|-96.4461|-96.4461
146|-96.4461|-96.4461
147|-96.4461|-96.4461
148|-96.4461|-96.4461
149|-96.4461|-96.4461
150|-96.4461|-96.4461
151|-96.4461|-96.4461
EARLY STOP: TARGET FOUND
302570ms
