1|-5.11572|-5.11572
2|-5.11572|-5.11572
3|-5.11572|-5.11572
4|-5.11572|-5.11572
5|-5.11572|-5.11572
6|-5.11572|-5.11572
7|-5.11572|-5.11572
8|-5.11572|-5.11572
9|-5.11572|-5.11572
10|-5.11572|-5.11572
11|-5.11572|-5.11572
12|-5.11572|-5.11572
13|-5.11572|-5.11572
14|-5.11572|-5.11572
15|-5.11572|-5.11572
16|-5.11572|-5.11572
17|-5.11572|-5.11572
18|-5.11572|-5.11572
19|-5.11572|-5.11572
20|-5.11572|-5.11572
21|-5.11572|-5.11572
22|-5.11572|-5.11572
23|-5.11572|-5.11572
24|-5.11572|-5.11572
25|-5.11572|-5.11572
26|-5.11572|-5.11572
27|-5.11572|-5.11572
28|-5.11572|-5.11572
29|-5.11572|-5.11572
30|-5.11572|-5.11572
31|-5.11572|-5.11572
32|-5.11572|-5.11572
33|-5.11572|-5.11572
34|-5.11572|-5.11572
35|-5.11572|-5.11572
36|-5.11572|-5.11572
37|-5.11572|-5.11572
38|-5.11572|-5.11572
39|-5.11572|-5.11572
40|-5.11572|-5.11572
41|-5.11572|-5.11572
42|-5.11572|-5.11572
43|-5.11572|-5.11572
44|-5.11572|-5.11572
45|-5.11572|-5.11572
46|-5.11572|-5.11572
47|-5.11572|-5.11572
48|-5.11572|-5.11572
49|-5.11572|-5.11572
50|-5.11572|-5.11572
51|-5.11572|-5.11572
52|-5.11572|-5.11572
53|-5.11572|-5.11572
54|-5.11572|-5.11572
55|-5.11572|-5.11572
56|-5.11572|-5.11572
57|-5.11572|-5.11572
58|-5.11572|-5.11572
59|-5.11572|-5.11572
60|-5.11572|-5.11572
61|-5.11572|-5.11572
62|-5.11572|-5.11572
63|-5.11572|-5.11572
64|-5.11572|-5.11572
65|-5.11572|-5.11572
66|-5.11572|-5.11572
67|-5.11572|-5.11572
68|-5.11572|-5.11572
69|-5.11572|-5.11572
70|-5.11572|-5.11572
71|-5.11572|-5.11572
72|-5.11572|-5.11572
73|-5.11572|-5.11572
74|-5.11572|-5.11572
75|-5.11572|-5.11572
76|-5.11572|-5.11572
77|-5.11572|-5.11572
78|-5.11572|-5.11572
79|-5.11572|-5.11572
80|-5.11572|-5.11572
81|-5.11572|-5.11572
82|-5.11572|-5.11572
83|-5.11572|-5.11572
84|-5.11572|-5.11572
85|-5.11572|-5.11572
86|-5.11572|-5.11572
87|-5.11572|-5.11572
88|-5.11572|-5.11572
89|-5.11572|-5.11572
90|-5.11572|-5.11572
91|-5.11572|-5.11572
92|-5.11572|-5.11572
93|-5.11572|-5.11572
94|-5.11572|-5.11572
95|-5.11572|-5.11572
96|-5.11572|-5.11572
97|-5.11572|-5.11572
98|-5.11572|-5.11572
99|-5.11572|-5.11572
100|-5.11572|-5.11572
101|-5.11572|-5.11572
102|-5.11572|-5.11572
103|-5.11572|-5.11572
104|-5.11572|-5.11572
105|-5.11572|-5.11572
106|-5.11572|-5.11572
107|-5.11572|-5.11572
108|-5.11572|-5.11572
109|-5.11572|-5.11572
110|-5.11572|-5.11572
111|-5.11572|-5.11572
112|-5.11572|-5.11572
113|-5.11572|-5.11572
114|-5.11572|-5.11572
115|-5.11572|-5.11572
116|-5.11572|-5.11572
117|-5.11572|-5.11572
118|-5.11572|-5.11572
119|-5.11572|-5.11572
120|-5.11572|-5.11572
121|-5.11572|-5.11572
122|-5.11572|-5.11572
123|-5.11572|-5.11572
124|-5.11572|-5.11572
125|-5.11572|-5.11572
126|-5.11572|-5.11572
127|-5.11572|-5.11572
128|-5.11572|-5.11572
129|-5.11572|-5.11572
130|-5.11572|-5.11572
131|-5.11572|-5.11572
132|-5.11572|-5.11572
133|-5.11572|-5.11572
134|-5.11572|-5.11572
135|-5.11572|-5.11572
136|-5.11572|-5.11572
137|-5.11572|-5.11572
138|-5.11572|-5.11572
139|-5.11572|-5.11572
140|-5.11572|-5.11572
141|-5.11572|-5.11572
142|-5.11572|-5.11572
143|-5.11572|-5.11572
144|-5.11572|-5.11572
145|-5.11572|-5.11572
146|-5.11572|-5.11572
147|-5.11572|-5.11572
148|-5.11572|-5.11572
149|-5.11572|-5.11572
150|-5.11572|-5.11572
151|-5.11572|-5.11572
EARLY STOP: TARGET FOUND
1712481ms
