1|-150.734|-150.734
2|-150.734|-150.734
3|-150.734|-150.734
4|-150.734|-150.734
5|-150.734|-150.734
6|-150.734|-150.734
7|-150.734|-150.734
8|-150.734|-150.734
9|-150.734|-150.734
10|-150.734|-150.734
11|-150.734|-150.734
12|-150.734|-150.734
13|-150.734|-150.734
14|-150.734|-150.734
15|-150.734|-150.734
16|-150.734|-150.734
17|-150.734|-150.734
18|-150.734|-150.734
19|-150.734|-150.734
20|-150.734|-150.734
21|-150.734|-150.734
22|-150.734|-150.734
23|-150.734|-150.734
24|-150.734|-150.734
25|-150.734|-150.734
26|-150.734|-150.734
27|-150.734|-150.734
28|-150.734|-150.734
29|-150.734|-150.734
30|-150.734|-150.734
31|-150.734|-150.734
32|-150.734|-150.734
33|-150.734|-150.734
34|-150.734|-150.734
35|-150.734|-150.734
36|-150.734|-150.734
37|-150.734|-150.734
38|-150.734|-150.734
39|-150.734|-150.734
40|-150.734|-150.734
41|-150.734|-150.734
42|-150.734|-150.734
43|-150.734|-150.734
44|-150.734|-150.734
45|-150.734|-150.734
46|-150.734|-150.734
47|-150.734|-150.734
48|-150.734|-150.734
49|-150.734|-150.734
50|-150.734|-150.734
51|-150.734|-150.734
52|-150.734|-150.734
53|-150.734|-150.734
54|-150.734|-150.734
55|-150.734|-150.734
56|-150.734|-150.734
57|-150.734|-150.734
58|-150.734|-150.734
59|-150.734|-150.734
60|-150.734|-150.734
61|-150.734|-150.734
62|-150.734|-150.734
63|-150.734|-150.734
64|-150.734|-150.734
65|-150.734|-150.734
66|-150.734|-150.734
67|-150.734|-150.734
68|-150.734|-150.734
69|-150.734|-150.734
70|-150.734|-150.734
71|-150.734|-150.734
72|-150.734|-150.734
73|-150.734|-150.734
74|-150.734|-150.734
75|-150.734|-150.734
76|-150.734|-150.734
77|-150.734|-150.734
78|-150.734|-150.734
79|-150.734|-150.734
80|-150.734|-150.734
81|-150.734|-150.734
82|-150.734|-150.734
83|-150.734|-150.734
84|-150.734|-150.734
85|-150.734|-150.734
86|-150.734|-150.734
87|-150.734|-150.734
88|-150.734|-150.734
89|-150.734|-150.734
90|-150.734|-150.734
91|-150.734|-150.734
92|-150.734|-150.734
93|-150.734|-150.734
94|-150.734|-150.734
95|-150.734|-150.734
96|-150.734|-150.734
97|-150.734|-150.734
98|-150.734|-150.734
99|-150.734|-150.734
100|-150.734|-150.734
101|-150.734|-150.734
102|-150.734|-150.734
103|-150.734|-150.734
104|-150.734|-150.734
105|-150.734|-150.734
106|-150.734|-150.734
107|-150.734|-150.734
108|-150.734|-150.734
109|-150.734|-150.734
110|-150.734|-150.734
111|-150.734|-150.734
112|-150.734|-150.734
113|-150.734|-150.734
114|-150.734|-150.734
115|-150.734|-150.734
116|-150.734|-150.734
117|-150.734|-150.734
118|-150.734|-150.734
119|-150.734|-150.734
120|-150.734|-150.734
121|-150.734|-150.734
122|-150.734|-150.734
123|-150.734|-150.734
124|-150.734|-150.734
125|-150.734|-150.734
126|-150.734|-150.734
127|-150.734|-150.734
128|-150.734|-150.734
129|-150.734|-150.734
130|-150.734|-150.734
131|-150.734|-150.734
132|-150.734|-150.734
133|-150.734|-150.734
134|-150.734|-150.734
135|-150.734|-150.734
136|-150.734|-150.734
137|-150.734|-150.734
138|-150.734|-150.734
139|-150.734|-150.734
140|-150.734|-150.734
141|-150.734|-150.734
142|-150.734|-150.734
143|-150.734|-150.734
144|-150.734|-150.734
145|-150.734|-150.734
146|-150.734|-150.734
147|-150.734|-150.734
148|-150.734|-150.734
149|-150.734|-150.734
150|-150.734|-150.734
151|-150.734|-150.734
EARLY STOP: TARGET FOUND
85042ms
