1|205.297|205.297
2|205.297|205.297
3|205.297|205.297
4|205.297|205.297
5|205.297|205.297
6|205.297|205.297
7|205.297|205.297
8|205.297|205.297
9|205.297|205.297
10|205.297|205.297
11|205.297|205.297
12|205.297|205.297
13|205.297|205.297
14|205.297|205.297
15|205.297|205.297
16|205.297|205.297
17|205.297|205.297
18|205.297|205.297
19|205.297|205.297
20|205.297|205.297
21|205.297|205.297
22|205.297|205.297
23|205.297|205.297
24|205.297|205.297
25|205.297|205.297
26|205.297|205.297
27|205.297|205.297
28|205.297|205.297
29|205.297|205.297
30|205.297|205.297
31|205.297|205.297
32|205.297|205.297
33|205.297|205.297
34|205.297|205.297
35|205.297|205.297
36|205.297|205.297
37|205.297|205.297
38|205.297|205.297
39|205.297|205.297
40|205.297|205.297
41|205.297|205.297
42|205.297|205.297
43|205.297|205.297
44|205.297|205.297
45|205.297|205.297
46|205.297|205.297
47|205.297|205.297
48|205.297|205.297
49|205.297|205.297
50|205.297|205.297
51|205.297|205.297
52|205.297|205.297
53|205.297|205.297
54|205.297|205.297
55|205.297|205.297
56|205.297|205.297
57|205.297|205.297
58|205.297|205.297
59|205.297|205.297
60|205.297|205.297
61|205.297|205.297
62|205.297|205.297
63|205.297|205.297
64|205.297|205.297
65|205.297|205.297
66|205.297|205.297
67|205.297|205.297
68|205.297|205.297
69|205.297|205.297
70|205.297|205.297
71|205.297|205.297
72|205.297|205.297
73|205.297|205.297
74|205.297|205.297
75|205.297|205.297
76|205.297|205.297
77|205.297|205.297
78|205.297|205.297
79|205.297|205.297
80|205.297|205.297
81|205.297|205.297
82|205.297|205.297
83|205.297|205.297
84|205.297|205.297
85|205.297|205.297
86|205.297|205.297
87|205.297|205.297
88|205.297|205.297
89|205.297|205.297
90|205.297|205.297
91|205.297|205.297
92|205.297|205.297
93|205.297|205.297
94|205.297|205.297
95|205.297|205.297
96|205.297|205.297
97|205.297|205.297
98|205.297|205.297
99|205.297|205.297
100|205.297|205.297
101|205.297|205.297
102|205.297|205.297
103|205.297|205.297
104|205.297|205.297
105|205.297|205.297
106|205.297|205.297
107|205.297|205.297
108|205.297|205.297
109|205.297|205.297
110|205.297|205.297
111|205.297|205.297
112|205.297|205.297
113|205.297|205.297
114|205.297|205.297
115|205.297|205.297
116|205.297|205.297
117|205.297|205.297
118|205.297|205.297
119|205.297|205.297
120|205.297|205.297
121|205.297|205.297
122|205.297|205.297
123|205.297|205.297
124|205.297|205.297
125|205.297|205.297
126|205.297|205.297
127|205.297|205.297
128|205.297|205.297
129|205.297|205.297
130|205.297|205.297
131|205.297|205.297
132|205.297|205.297
133|205.297|205.297
134|205.297|205.297
135|205.297|205.297
136|205.297|205.297
137|205.297|205.297
138|205.297|205.297
139|205.297|205.297
140|205.297|205.297
141|205.297|205.297
142|205.297|205.297
143|205.297|205.297
144|205.297|205.297
145|205.297|205.297
146|205.297|205.297
147|205.297|205.297
148|205.297|205.297
149|205.297|205.297
150|205.297|205.297
151|205.297|205.297
EARLY STOP: TARGET FOUND
210335ms
