1|-559.559|-559.559
2|-559.559|-559.559
3|-559.559|-559.559
4|-559.559|-559.559
5|-559.559|-559.559
6|-559.559|-559.559
7|-559.559|-559.559
8|-559.559|-559.559
9|-559.559|-559.559
10|-559.559|-559.559
11|-559.559|-559.559
12|-559.559|-559.559
13|-559.559|-559.559
14|-559.559|-559.559
15|-559.559|-559.559
16|-559.559|-559.559
17|-559.559|-559.559
18|-559.559|-559.559
19|-559.559|-559.559
20|-559.559|-559.559
21|-559.559|-559.559
22|-559.559|-559.559
23|-559.559|-559.559
24|-559.559|-559.559
25|-559.559|-559.559
26|-559.559|-559.559
27|-559.559|-559.559
28|-559.559|-559.559
29|-559.559|-559.559
30|-559.559|-559.559
31|-559.559|-559.559
32|-559.559|-559.559
33|-559.559|-559.559
34|-559.559|-559.559
35|-559.559|-559.559
36|-559.559|-559.559
37|-559.559|-559.559
38|-559.559|-559.559
39|-559.559|-559.559
40|-559.559|-559.559
41|-559.559|-559.559
42|-559.559|-559.559
43|-559.559|-559.559
44|-559.559|-559.559
45|-559.559|-559.559
46|-559.559|-559.559
47|-559.559|-559.559
48|-559.559|-559.559
49|-559.559|-559.559
50|-559.559|-559.559
51|-559.559|-559.559
52|-559.559|-559.559
53|-559.559|-559.559
54|-559.559|-559.559
55|-559.559|-559.559
56|-559.559|-559.559
57|-559.559|-559.559
58|-559.559|-559.559
59|-559.559|-559.559
60|-559.559|-559.559
61|-559.559|-559.559
62|-559.559|-559.559
63|-559.559|-559.559
64|-559.559|-559.559
65|-559.559|-559.559
66|-559.559|-559.559
67|-559.559|-559.559
68|-559.559|-559.559
69|-559.559|-559.559
70|-559.559|-559.559
71|-559.559|-559.559
72|-559.559|-559.559
73|-559.559|-559.559
74|-559.559|-559.559
75|-559.559|-559.559
76|-559.559|-559.559
77|-559.559|-559.559
78|-559.559|-559.559
79|-559.559|-559.559
80|-559.559|-559.559
81|-559.559|-559.559
82|-559.559|-559.559
83|-559.559|-559.559
84|-559.559|-559.559
85|-559.559|-559.559
86|-559.559|-559.559
87|-559.559|-559.559
88|-559.559|-559.559
89|-559.559|-559.559
90|-559.559|-559.559
91|-559.559|-559.559
92|-559.559|-559.559
93|-559.559|-559.559
94|-559.559|-559.559
95|-559.559|-559.559
96|-559.559|-559.559
97|-559.559|-559.559
98|-559.559|-559.559
99|-559.559|-559.559
100|-559.559|-559.559
101|-559.559|-559.559
102|-559.559|-559.559
103|-559.559|-559.559
104|-559.559|-559.559
105|-559.559|-559.559
106|-559.559|-559.559
107|-559.559|-559.559
108|-559.559|-559.559
109|-559.559|-559.559
110|-559.559|-559.559
111|-559.559|-559.559
112|-559.559|-559.559
113|-559.559|-559.559
114|-559.559|-559.559
115|-559.559|-559.559
116|-559.559|-559.559
117|-559.559|-559.559
118|-559.559|-559.559
119|-559.559|-559.559
120|-559.559|-559.559
121|-559.559|-559.559
122|-559.559|-559.559
123|-559.559|-559.559
124|-559.559|-559.559
125|-559.559|-559.559
126|-559.559|-559.559
127|-559.559|-559.559
128|-559.559|-559.559
129|-559.559|-559.559
130|-559.559|-559.559
131|-559.559|-559.559
132|-559.559|-559.559
133|-559.559|-559.559
134|-559.559|-559.559
135|-559.559|-559.559
136|-559.559|-559.559
137|-559.559|-559.559
138|-559.559|-559.559
139|-559.559|-559.559
140|-559.559|-559.559
141|-559.559|-559.559
142|-559.559|-559.559
143|-559.559|-559.559
144|-559.559|-559.559
145|-559.559|-559.559
146|-559.559|-559.559
147|-559.559|-559.559
148|-559.559|-559.559
149|-559.559|-559.559
150|-559.559|-559.559
151|-559.559|-559.559
EARLY STOP: TARGET FOUND
2521238ms
