1|83.1579|83.1579
2|83.1579|83.1579
3|83.1579|83.1579
4|83.1579|83.1579
5|83.1579|83.1579
6|83.1579|83.1579
7|83.1579|83.1579
8|83.1579|83.1579
9|83.1579|83.1579
10|83.1579|83.1579
11|83.1579|83.1579
12|83.1579|83.1579
13|83.1579|83.1579
14|83.1579|83.1579
15|83.1579|83.1579
16|83.1579|83.1579
17|83.1579|83.1579
18|83.1579|83.1579
19|83.1579|83.1579
20|83.1579|83.1579
21|83.1579|83.1579
22|83.1579|83.1579
23|83.1579|83.1579
24|83.1579|83.1579
25|83.1579|83.1579
26|83.1579|83.1579
27|83.1579|83.1579
28|83.1579|83.1579
29|83.1579|83.1579
30|83.1579|83.1579
31|83.1579|83.1579
32|83.1579|83.1579
33|83.1579|83.1579
34|83.1579|83.1579
35|83.1579|83.1579
36|83.1579|83.1579
37|83.1579|83.1579
38|83.1579|83.1579
39|83.1579|83.1579
40|83.1579|83.1579
41|83.1579|83.1579
42|83.1579|83.1579
43|83.1579|83.1579
44|83.1579|83.1579
45|83.1579|83.1579
46|83.1579|83.1579
47|83.1579|83.1579
48|83.1579|83.1579
49|83.1579|83.1579
50|83.1579|83.1579
51|83.1579|83.1579
52|83.1579|83.1579
53|83.1579|83.1579
54|83.1579|83.1579
55|83.1579|83.1579
56|83.1579|83.1579
57|83.1579|83.1579
58|83.1579|83.1579
59|83.1579|83.1579
60|83.1579|83.1579
61|83.1579|83.1579
62|83.1579|83.1579
63|83.1579|83.1579
64|83.1579|83.1579
65|83.1579|83.1579
66|83.1579|83.1579
67|83.1579|83.1579
68|83.1579|83.1579
69|83.1579|83.1579
70|83.1579|83.1579
71|83.1579|83.1579
72|83.1579|83.1579
73|83.1579|83.1579
74|83.1579|83.1579
75|83.1579|83.1579
76|83.1579|83.1579
77|83.1579|83.1579
78|83.1579|83.1579
79|83.1579|83.1579
80|83.1579|83.1579
81|83.1579|83.1579
82|83.1579|83.1579
83|83.1579|83.1579
84|83.1579|83.1579
85|83.1579|83.1579
86|83.1579|83.1579
87|83.1579|83.1579
88|83.1579|83.1579
89|83.1579|83.1579
90|83.1579|83.1579
91|83.1579|83.1579
92|83.1579|83.1579
93|83.1579|83.1579
94|83.1579|83.1579
95|83.1579|83.1579
96|83.1579|83.1579
97|83.1579|83.1579
98|83.1579|83.1579
99|83.1579|83.1579
100|83.1579|83.1579
101|83.1579|83.1579
102|83.1579|83.1579
103|83.1579|83.1579
104|83.1579|83.1579
105|83.1579|83.1579
106|83.1579|83.1579
107|83.1579|83.1579
108|83.1579|83.1579
109|83.1579|83.1579
110|83.1579|83.1579
111|83.1579|83.1579
112|83.1579|83.1579
113|83.1579|83.1579
114|83.1579|83.1579
115|83.1579|83.1579
116|83.1579|83.1579
117|83.1579|83.1579
118|83.1579|83.1579
119|83.1579|83.1579
120|83.1579|83.1579
121|83.1579|83.1579
122|83.1579|83.1579
123|83.1579|83.1579
124|83.1579|83.1579
125|83.1579|83.1579
126|83.1579|83.1579
127|83.1579|83.1579
128|83.1579|83.1579
129|83.1579|83.1579
130|83.1579|83.1579
131|83.1579|83.1579
132|83.1579|83.1579
133|83.1579|83.1579
134|83.1579|83.1579
135|83.1579|83.1579
136|83.1579|83.1579
137|83.1579|83.1579
138|83.1579|83.1579
139|83.1579|83.1579
140|83.1579|83.1579
141|83.1579|83.1579
142|83.1579|83.1579
143|83.1579|83.1579
144|83.1579|83.1579
145|83.1579|83.1579
146|83.1579|83.1579
147|83.1579|83.1579
148|83.1579|83.1579
149|83.1579|83.1579
150|83.1579|83.1579
151|83.1579|83.1579
EARLY STOP: TARGET FOUND
59508ms
