1|73.8366|73.8366
2|73.8366|73.8366
3|73.8366|73.8366
4|73.8366|73.8366
5|73.8366|73.8366
6|73.8366|73.8366
7|73.8366|73.8366
8|73.8366|73.8366
9|73.8366|73.8366
10|73.8366|73.8366
11|73.8366|73.8366
12|73.8366|73.8366
13|73.8366|73.8366
14|73.8366|73.8366
15|73.8366|73.8366
16|73.8366|73.8366
17|73.8366|73.8366
18|73.8366|73.8366
19|73.8366|73.8366
20|73.8366|73.8366
21|73.8366|73.8366
22|73.8366|73.8366
23|73.8366|73.8366
24|73.8366|73.8366
25|73.8366|73.8366
26|73.8366|73.8366
27|73.8366|73.8366
28|73.8366|73.8366
29|73.8366|73.8366
30|73.8366|73.8366
31|73.8366|73.8366
32|73.8366|73.8366
33|73.8366|73.8366
34|73.8366|73.8366
35|73.8366|73.8366
36|73.8366|73.8366
37|73.8366|73.8366
38|73.8366|73.8366
39|73.8366|73.8366
40|73.8366|73.8366
41|73.8366|73.8366
42|73.8366|73.8366
43|73.8366|73.8366
44|73.8366|73.8366
45|73.8366|73.8366
46|73.8366|73.8366
47|73.8366|73.8366
48|73.8366|73.8366
49|73.8366|73.8366
50|73.8366|73.8366
51|73.8366|73.8366
52|73.8366|73.8366
53|73.8366|73.8366
54|73.8366|73.8366
55|73.8366|73.8366
56|73.8366|73.8366
57|73.8366|73.8366
58|73.8366|73.8366
59|73.8366|73.8366
60|73.8366|73.8366
61|73.8366|73.8366
62|73.8366|73.8366
63|73.8366|73.8366
64|73.8366|73.8366
65|73.8366|73.8366
66|73.8366|73.8366
67|73.8366|73.8366
68|73.8366|73.8366
69|73.8366|73.8366
70|73.8366|73.8366
71|73.8366|73.8366
72|73.8366|73.8366
73|73.8366|73.8366
74|73.8366|73.8366
75|73.8366|73.8366
76|73.8366|73.8366
77|73.8366|73.8366
78|73.8366|73.8366
79|73.8366|73.8366
80|73.8366|73.8366
81|73.8366|73.8366
82|73.8366|73.8366
83|73.8366|73.8366
84|73.8366|73.8366
85|73.8366|73.8366
86|73.8366|73.8366
87|73.8366|73.8366
88|73.8366|73.8366
89|73.8366|73.8366
90|73.8366|73.8366
91|73.8366|73.8366
92|73.8366|73.8366
93|73.8366|73.8366
94|73.8366|73.8366
95|73.8366|73.8366
96|73.8366|73.8366
97|73.8366|73.8366
98|73.8366|73.8366
99|73.8366|73.8366
100|73.8366|73.8366
101|73.8366|73.8366
102|73.8366|73.8366
103|73.8366|73.8366
104|73.8366|73.8366
105|73.8366|73.8366
106|73.8366|73.8366
107|73.8366|73.8366
108|73.8366|73.8366
109|73.8366|73.8366
110|73.8366|73.8366
111|73.8366|73.8366
112|73.8366|73.8366
113|73.8366|73.8366
114|73.8366|73.8366
115|73.8366|73.8366
116|73.8366|73.8366
117|73.8366|73.8366
118|73.8366|73.8366
119|73.8366|73.8366
120|73.8366|73.8366
121|73.8366|73.8366
122|73.8366|73.8366
123|73.8366|73.8366
124|73.8366|73.8366
125|73.8366|73.8366
126|73.8366|73.8366
127|73.8366|73.8366
128|73.8366|73.8366
129|73.8366|73.8366
130|73.8366|73.8366
131|73.8366|73.8366
132|73.8366|73.8366
133|73.8366|73.8366
134|73.8366|73.8366
135|73.8366|73.8366
136|73.8366|73.8366
137|73.8366|73.8366
138|73.8366|73.8366
139|73.8366|73.8366
140|73.8366|73.8366
141|73.8366|73.8366
142|73.8366|73.8366
143|73.8366|73.8366
144|73.8366|73.8366
145|73.8366|73.8366
146|73.8366|73.8366
147|73.8366|73.8366
148|73.8366|73.8366
149|73.8366|73.8366
150|73.8366|73.8366
151|73.8366|73.8366
EARLY STOP: TARGET FOUND
60597ms
