1|-3.20387|-3.20387
2|-3.20387|-3.20387
3|-3.20387|-3.20387
4|-3.20387|-3.20387
5|-3.20387|-3.20387
6|-3.20387|-3.20387
7|-3.20387|-3.20387
8|-3.20387|-3.20387
9|-3.20387|-3.20387
10|-3.20387|-3.20387
11|-3.20387|-3.20387
12|-3.20387|-3.20387
13|-3.20387|-3.20387
14|-3.20387|-3.20387
15|-3.20387|-3.20387
16|-3.20387|-3.20387
17|-3.20387|-3.20387
18|-3.20387|-3.20387
19|-3.20387|-3.20387
20|-3.20387|-3.20387
21|-3.20387|-3.20387
22|-3.20387|-3.20387
23|-3.20387|-3.20387
24|-3.20387|-3.20387
25|-3.20387|-3.20387
26|-3.20387|-3.20387
27|-3.20387|-3.20387
28|-3.20387|-3.20387
29|-3.20387|-3.20387
30|-3.20387|-3.20387
31|-3.20387|-3.20387
32|-3.20387|-3.20387
33|-3.20387|-3.20387
34|-3.20387|-3.20387
35|-3.20387|-3.20387
36|-3.20387|-3.20387
37|-3.20387|-3.20387
38|-3.20387|-3.20387
39|-3.20387|-3.20387
40|-3.20387|-3.20387
41|-3.20387|-3.20387
42|-3.20387|-3.20387
43|-3.20387|-3.20387
44|-3.20387|-3.20387
45|-3.20387|-3.20387
46|-3.20387|-3.20387
47|-3.20387|-3.20387
48|-3.20387|-3.20387
49|-3.20387|-3.20387
50|-3.20387|-3.20387
51|-3.20387|-3.20387
52|-3.20387|-3.20387
53|-3.20387|-3.20387
54|-3.20387|-3.20387
55|-3.20387|-3.20387
56|-3.20387|-3.20387
57|-3.20387|-3.20387
58|-3.20387|-3.20387
59|-3.20387|-3.20387
60|-3.20387|-3.20387
61|-3.20387|-3.20387
62|-3.20387|-3.20387
63|-3.20387|-3.20387
64|-3.20387|-3.20387
65|-3.20387|-3.20387
66|-3.20387|-3.20387
67|-3.20387|-3.20387
68|-3.20387|-3.20387
69|-3.20387|-3.20387
70|-3.20387|-3.20387
71|-3.20387|-3.20387
72|-3.20387|-3.20387
73|-3.20387|-3.20387
74|-3.20387|-3.20387
75|-3.20387|-3.20387
76|-3.20387|-3.20387
77|-3.20387|-3.20387
78|-3.20387|-3.20387
79|-3.20387|-3.20387
80|-3.20387|-3.20387
81|-3.20387|-3.20387
82|-3.20387|-3.20387
83|-3.20387|-3.20387
84|-3.20387|-3.20387
85|-3.20387|-3.20387
86|-3.20387|-3.20387
87|-3.20387|-3.20387
88|-3.20387|-3.20387
89|-3.20387|-3.20387
90|-3.20387|-3.20387
91|-3.20387|-3.20387
92|-3.20387|-3.20387
93|-3.20387|-3.20387
94|-3.20387|-3.20387
95|-3.20387|-3.20387
96|-3.20387|-3.20387
97|-3.20387|-3.20387
98|-3.20387|-3.20387
99|-3.20387|-3.20387
100|-3.20387|-3.20387
101|-3.20387|-3.20387
102|-3.20387|-3.20387
103|-3.20387|-3.20387
104|-3.20387|-3.20387
105|-3.20387|-3.20387
106|-3.20387|-3.20387
107|-3.20387|-3.20387
108|-3.20387|-3.20387
109|-3.20387|-3.20387
110|-3.20387|-3.20387
111|-3.20387|-3.20387
112|-3.20387|-3.20387
113|-3.20387|-3.20387
114|-3.20387|-3.20387
115|-3.20387|-3.20387
116|-3.20387|-3.20387
117|-3.20387|-3.20387
118|-3.20387|-3.20387
119|-3.20387|-3.20387
120|-3.20387|-3.20387
121|-3.20387|-3.20387
122|-3.20387|-3.20387
123|-3.20387|-3.20387
124|-3.20387|-3.20387
125|-3.20387|-3.20387
126|-3.20387|-3.20387
127|-3.20387|-3.20387
128|-3.20387|-3.20387
129|-3.20387|-3.20387
130|-3.20387|-3.20387
131|-3.20387|-3.20387
132|-3.20387|-3.20387
133|-3.20387|-3.20387
134|-3.20387|-3.20387
135|-3.20387|-3.20387
136|-3.20387|-3.20387
137|-3.20387|-3.20387
138|-3.20387|-3.20387
139|-3.20387|-3.20387
140|-3.20387|-3.20387
141|-3.20387|-3.20387
142|-3.20387|-3.20387
143|-3.20387|-3.20387
144|-3.20387|-3.20387
145|-3.20387|-3.20387
146|-3.20387|-3.20387
147|-3.20387|-3.20387
148|-3.20387|-3.20387
149|-3.20387|-3.20387
150|-3.20387|-3.20387
151|-3.20387|-3.20387
EARLY STOP: TARGET FOUND
1726987ms
