1|51.8961|51.8961
2|51.8961|51.8961
3|51.8961|51.8961
4|51.8961|51.8961
5|51.8961|51.8961
6|51.8961|51.8961
7|51.8961|51.8961
8|51.8961|51.8961
9|51.8961|51.8961
10|51.8961|51.8961
11|51.8961|51.8961
12|51.8961|51.8961
13|51.8961|51.8961
14|51.8961|51.8961
15|51.8961|51.8961
16|51.8961|51.8961
17|51.8961|51.8961
18|51.8961|51.8961
19|51.8961|51.8961
20|51.8961|51.8961
21|51.8961|51.8961
22|51.8961|51.8961
23|51.8961|51.8961
24|51.8961|51.8961
25|51.8961|51.8961
26|51.8961|51.8961
27|51.8961|51.8961
28|51.8961|51.8961
29|51.8961|51.8961
30|51.8961|51.8961
31|51.8961|51.8961
32|51.8961|51.8961
33|51.8961|51.8961
34|51.8961|51.8961
35|51.8961|51.8961
36|51.8961|51.8961
37|51.8961|51.8961
38|51.8961|51.8961
39|51.8961|51.8961
40|51.8961|51.8961
41|51.8961|51.8961
42|51.8961|51.8961
43|51.8961|51.8961
44|51.8961|51.8961
45|51.8961|51.8961
46|51.8961|51.8961
47|51.8961|51.8961
48|51.8961|51.8961
49|51.8961|51.8961
50|51.8961|51.8961
51|51.8961|51.8961
52|51.8961|51.8961
53|51.8961|51.8961
54|51.8961|51.8961
55|51.8961|51.8961
56|51.8961|51.8961
57|51.8961|51.8961
58|51.8961|51.8961
59|51.8961|51.8961
60|51.8961|51.8961
61|51.8961|51.8961
62|51.8961|51.8961
63|51.8961|51.8961
64|51.8961|51.8961
65|51.8961|51.8961
66|51.8961|51.8961
67|51.8961|51.8961
68|51.8961|51.8961
69|51.8961|51.8961
70|51.8961|51.8961
71|51.8961|51.8961
72|51.8961|51.8961
73|51.8961|51.8961
74|51.8961|51.8961
75|51.8961|51.8961
76|51.8961|51.8961
77|51.8961|51.8961
78|51.8961|51.8961
79|51.8961|51.8961
80|51.8961|51.8961
81|51.8961|51.8961
82|51.8961|51.8961
83|51.8961|51.8961
84|51.8961|51.8961
85|51.8961|51.8961
86|51.8961|51.8961
87|51.8961|51.8961
88|51.8961|51.8961
89|51.8961|51.8961
90|51.8961|51.8961
91|51.8961|51.8961
92|51.8961|51.8961
93|51.8961|51.8961
94|51.8961|51.8961
95|51.8961|51.8961
96|51.8961|51.8961
97|51.8961|51.8961
98|51.8961|51.8961
99|51.8961|51.8961
100|51.8961|51.8961
101|51.8961|51.8961
102|51.8961|51.8961
103|51.8961|51.8961
104|51.8961|51.8961
105|51.8961|51.8961
106|51.8961|51.8961
107|51.8961|51.8961
108|51.8961|51.8961
109|51.8961|51.8961
110|51.8961|51.8961
111|51.8961|51.8961
112|51.8961|51.8961
113|51.8961|51.8961
114|51.8961|51.8961
115|51.8961|51.8961
116|51.8961|51.8961
117|51.8961|51.8961
118|51.8961|51.8961
119|51.8961|51.8961
120|51.8961|51.8961
121|51.8961|51.8961
122|51.8961|51.8961
123|51.8961|51.8961
124|51.8961|51.8961
125|51.8961|51.8961
126|51.8961|51.8961
127|51.8961|51.8961
128|51.8961|51.8961
129|51.8961|51.8961
130|51.8961|51.8961
131|51.8961|51.8961
132|51.8961|51.8961
133|51.8961|51.8961
134|51.8961|51.8961
135|51.8961|51.8961
136|51.8961|51.8961
137|51.8961|51.8961
138|51.8961|51.8961
139|51.8961|51.8961
140|51.8961|51.8961
141|51.8961|51.8961
142|51.8961|51.8961
143|51.8961|51.8961
144|51.8961|51.8961
145|51.8961|51.8961
146|51.8961|51.8961
147|51.8961|51.8961
148|51.8961|51.8961
149|51.8961|51.8961
150|51.8961|51.8961
151|51.8961|51.8961
EARLY STOP: TARGET FOUND
58705ms
