1|-1267.1|-1267.1
2|-1267.1|-1267.1
3|-1267.1|-1267.1
4|-1267.1|-1267.1
5|-1267.1|-1267.1
6|-1267.1|-1267.1
7|-1267.1|-1267.1
8|-1267.1|-1267.1
9|-1267.1|-1267.1
10|-1267.1|-1267.1
11|-1267.1|-1267.1
12|-1267.1|-1267.1
13|-1267.1|-1267.1
14|-1267.1|-1267.1
15|-1267.1|-1267.1
16|-1267.1|-1267.1
17|-1267.1|-1267.1
18|-1267.1|-1267.1
19|-1267.1|-1267.1
20|-1267.1|-1267.1
21|-1267.1|-1267.1
22|-1267.1|-1267.1
23|-1267.1|-1267.1
24|-1267.1|-1267.1
25|-1267.1|-1267.1
26|-1267.1|-1267.1
27|-1267.1|-1267.1
28|-1267.1|-1267.1
29|-1267.1|-1267.1
30|-1267.1|-1267.1
31|-1267.1|-1267.1
32|-1267.1|-1267.1
33|-1267.1|-1267.1
34|-1267.1|-1267.1
35|-1267.1|-1267.1
36|-1267.1|-1267.1
37|-1267.1|-1267.1
38|-1267.1|-1267.1
39|-1267.1|-1267.1
40|-1267.1|-1267.1
41|-1267.1|-1267.1
42|-1267.1|-1267.1
43|-1267.1|-1267.1
44|-1267.1|-1267.1
45|-1267.1|-1267.1
46|-1267.1|-1267.1
47|-1267.1|-1267.1
48|-1267.1|-1267.1
49|-1267.1|-1267.1
50|-1267.1|-1267.1
51|-1267.1|-1267.1
52|-1267.1|-1267.1
53|-1267.1|-1267.1
54|-1267.1|-1267.1
55|-1267.1|-1267.1
56|-1267.1|-1267.1
57|-1267.1|-1267.1
58|-1267.1|-1267.1
59|-1267.1|-1267.1
60|-1267.1|-1267.1
61|-1267.1|-1267.1
62|-1267.1|-1267.1
63|-1267.1|-1267.1
64|-1267.1|-1267.1
65|-1267.1|-1267.1
66|-1267.1|-1267.1
67|-1267.1|-1267.1
68|-1267.1|-1267.1
69|-1267.1|-1267.1
70|-1267.1|-1267.1
71|-1267.1|-1267.1
72|-1267.1|-1267.1
73|-1267.1|-1267.1
74|-1267.1|-1267.1
75|-1267.1|-1267.1
76|-1267.1|-1267.1
77|-1267.1|-1267.1
78|-1267.1|-1267.1
79|-1267.1|-1267.1
80|-1267.1|-1267.1
81|-1267.1|-1267.1
82|-1267.1|-1267.1
83|-1267.1|-1267.1
84|-1267.1|-1267.1
85|-1267.1|-1267.1
86|-1267.1|-1267.1
87|-1267.1|-1267.1
88|-1267.1|-1267.1
89|-1267.1|-1267.1
90|-1267.1|-1267.1
91|-1267.1|-1267.1
92|-1267.1|-1267.1
93|-1267.1|-1267.1
94|-1267.1|-1267.1
95|-1267.1|-1267.1
96|-1267.1|-1267.1
97|-1267.1|-1267.1
98|-1267.1|-1267.1
99|-1267.1|-1267.1
100|-1267.1|-1267.1
101|-1267.1|-1267.1
102|-1267.1|-1267.1
103|-1267.1|-1267.1
104|-1267.1|-1267.1
105|-1267.1|-1267.1
106|-1267.1|-1267.1
107|-1267.1|-1267.1
108|-1267.1|-1267.1
109|-1267.1|-1267.1
110|-1267.1|-1267.1
111|-1267.1|-1267.1
112|-1267.1|-1267.1
113|-1267.1|-1267.1
114|-1267.1|-1267.1
115|-1267.1|-1267.1
116|-1267.1|-1267.1
117|-1267.1|-1267.1
118|-1267.1|-1267.1
119|-1267.1|-1267.1
120|-1267.1|-1267.1
121|-1267.1|-1267.1
122|-1267.1|-1267.1
123|-1267.1|-1267.1
124|-1267.1|-1267.1
125|-1267.1|-1267.1
126|-1267.1|-1267.1
127|-1267.1|-1267.1
128|-1267.1|-1267.1
129|-1267.1|-1267.1
130|-1267.1|-1267.1
131|-1267.1|-1267.1
132|-1267.1|-1267.1
133|-1267.1|-1267.1
134|-1267.1|-1267.1
135|-1267.1|-1267.1
136|-1267.1|-1267.1
137|-1267.1|-1267.1
138|-1267.1|-1267.1
139|-1267.1|-1267.1
140|-1267.1|-1267.1
141|-1267.1|-1267.1
142|-1267.1|-1267.1
143|-1267.1|-1267.1
144|-1267.1|-1267.1
145|-1267.1|-1267.1
146|-1267.1|-1267.1
147|-1267.1|-1267.1
148|-1267.1|-1267.1
149|-1267.1|-1267.1
150|-1267.1|-1267.1
151|-1267.1|-1267.1
EARLY STOP: TARGET FOUND
2541806ms
