1|54.834|54.834
2|54.834|54.834
3|54.834|54.834
4|54.834|54.834
5|54.834|54.834
6|54.834|54.834
7|54.834|54.834
8|54.834|54.834
9|54.834|54.834
10|54.834|54.834
11|54.834|54.834
12|54.834|54.834
13|54.834|54.834
14|54.834|54.834
15|54.834|54.834
16|54.834|54.834
17|54.834|54.834
18|54.834|54.834
19|54.834|54.834
20|54.834|54.834
21|54.834|54.834
22|54.834|54.834
23|54.834|54.834
24|54.834|54.834
25|54.834|54.834
26|54.834|54.834
27|54.834|54.834
28|54.834|54.834
29|54.834|54.834
30|54.834|54.834
31|54.834|54.834
32|54.834|54.834
33|54.834|54.834
34|54.834|54.834
35|54.834|54.834
36|54.834|54.834
37|54.834|54.834
38|54.834|54.834
39|54.834|54.834
40|54.834|54.834
41|54.834|54.834
42|54.834|54.834
43|54.834|54.834
44|54.834|54.834
45|54.834|54.834
46|54.834|54.834
47|54.834|54.834
48|54.834|54.834
49|54.834|54.834
50|54.834|54.834
51|54.834|54.834
52|54.834|54.834
53|54.834|54.834
54|54.834|54.834
55|54.834|54.834
56|54.834|54.834
57|54.834|54.834
58|54.834|54.834
59|54.834|54.834
60|54.834|54.834
61|54.834|54.834
62|54.834|54.834
63|54.834|54.834
64|54.834|54.834
65|54.834|54.834
66|54.834|54.834
67|54.834|54.834
68|54.834|54.834
69|54.834|54.834
70|54.834|54.834
71|54.834|54.834
72|54.834|54.834
73|54.834|54.834
74|54.834|54.834
75|54.834|54.834
76|54.834|54.834
77|54.834|54.834
78|54.834|54.834
79|54.834|54.834
80|54.834|54.834
81|54.834|54.834
82|54.834|54.834
83|54.834|54.834
84|54.834|54.834
85|54.834|54.834
86|54.834|54.834
87|54.834|54.834
88|54.834|54.834
89|54.834|54.834
90|54.834|54.834
91|54.834|54.834
92|54.834|54.834
93|54.834|54.834
94|54.834|54.834
95|54.834|54.834
96|54.834|54.834
97|54.834|54.834
98|54.834|54.834
99|54.834|54.834
100|54.834|54.834
101|54.834|54.834
102|54.834|54.834
103|54.834|54.834
104|54.834|54.834
105|54.834|54.834
106|54.834|54.834
107|54.834|54.834
108|54.834|54.834
109|54.834|54.834
110|54.834|54.834
111|54.834|54.834
112|54.834|54.834
113|54.834|54.834
114|54.834|54.834
115|54.834|54.834
116|54.834|54.834
117|54.834|54.834
118|54.834|54.834
119|54.834|54.834
120|54.834|54.834
121|54.834|54.834
122|54.834|54.834
123|54.834|54.834
124|54.834|54.834
125|54.834|54.834
126|54.834|54.834
127|54.834|54.834
128|54.834|54.834
129|54.834|54.834
130|54.834|54.834
131|54.834|54.834
132|54.834|54.834
133|54.834|54.834
134|54.834|54.834
135|54.834|54.834
136|54.834|54.834
137|54.834|54.834
138|54.834|54.834
139|54.834|54.834
140|54.834|54.834
141|54.834|54.834
142|54.834|54.834
143|54.834|54.834
144|54.834|54.834
145|54.834|54.834
146|54.834|54.834
147|54.834|54.834
148|54.834|54.834
149|54.834|54.834
150|54.834|54.834
151|54.834|54.834
EARLY STOP: TARGET FOUND
84933ms
