1|55.5434|55.5434
2|55.5434|55.5434
3|55.5434|55.5434
4|55.5434|55.5434
5|55.5434|55.5434
6|55.5434|55.5434
7|55.5434|55.5434
8|55.5434|55.5434
9|55.5434|55.5434
10|55.5434|55.5434
11|55.5434|55.5434
12|55.5434|55.5434
13|55.5434|55.5434
14|55.5434|55.5434
15|55.5434|55.5434
16|55.5434|55.5434
17|55.5434|55.5434
18|55.5434|55.5434
19|55.5434|55.5434
20|55.5434|55.5434
21|55.5434|55.5434
22|55.5434|55.5434
23|55.5434|55.5434
24|55.5434|55.5434
25|55.5434|55.5434
26|55.5434|55.5434
27|55.5434|55.5434
28|55.5434|55.5434
29|55.5434|55.5434
30|55.5434|55.5434
31|55.5434|55.5434
32|55.5434|55.5434
33|55.5434|55.5434
34|55.5434|55.5434
35|55.5434|55.5434
36|55.5434|55.5434
37|55.5434|55.5434
38|55.5434|55.5434
39|55.5434|55.5434
40|55.5434|55.5434
41|55.5434|55.5434
42|55.5434|55.5434
43|55.5434|55.5434
44|55.5434|55.5434
45|55.5434|55.5434
46|55.5434|55.5434
47|55.5434|55.5434
48|55.5434|55.5434
49|55.5434|55.5434
50|55.5434|55.5434
51|55.5434|55.5434
52|55.5434|55.5434
53|55.5434|55.5434
54|55.5434|55.5434
55|55.5434|55.5434
56|55.5434|55.5434
57|55.5434|55.5434
58|55.5434|55.5434
59|55.5434|55.5434
60|55.5434|55.5434
61|55.5434|55.5434
62|55.5434|55.5434
63|55.5434|55.5434
64|55.5434|55.5434
65|55.5434|55.5434
66|55.5434|55.5434
67|55.5434|55.5434
68|55.5434|55.5434
69|55.5434|55.5434
70|55.5434|55.5434
71|55.5434|55.5434
72|55.5434|55.5434
73|55.5434|55.5434
74|55.5434|55.5434
75|55.5434|55.5434
76|55.5434|55.5434
77|55.5434|55.5434
78|55.5434|55.5434
79|55.5434|55.5434
80|55.5434|55.5434
81|55.5434|55.5434
82|55.5434|55.5434
83|55.5434|55.5434
84|55.5434|55.5434
85|55.5434|55.5434
86|55.5434|55.5434
87|55.5434|55.5434
88|55.5434|55.5434
89|55.5434|55.5434
90|55.5434|55.5434
91|55.5434|55.5434
92|55.5434|55.5434
93|55.5434|55.5434
94|55.5434|55.5434
95|55.5434|55.5434
96|55.5434|55.5434
97|55.5434|55.5434
98|55.5434|55.5434
99|55.5434|55.5434
100|55.5434|55.5434
101|55.5434|55.5434
102|55.5434|55.5434
103|55.5434|55.5434
104|55.5434|55.5434
105|55.5434|55.5434
106|55.5434|55.5434
107|55.5434|55.5434
108|55.5434|55.5434
109|55.5434|55.5434
110|55.5434|55.5434
111|55.5434|55.5434
112|55.5434|55.5434
113|55.5434|55.5434
114|55.5434|55.5434
115|55.5434|55.5434
116|55.5434|55.5434
117|55.5434|55.5434
118|55.5434|55.5434
119|55.5434|55.5434
120|55.5434|55.5434
121|55.5434|55.5434
122|55.5434|55.5434
123|55.5434|55.5434
124|55.5434|55.5434
125|55.5434|55.5434
126|55.5434|55.5434
127|55.5434|55.5434
128|55.5434|55.5434
129|55.5434|55.5434
130|55.5434|55.5434
131|55.5434|55.5434
132|55.5434|55.5434
133|55.5434|55.5434
134|55.5434|55.5434
135|55.5434|55.5434
136|55.5434|55.5434
137|55.5434|55.5434
138|55.5434|55.5434
139|55.5434|55.5434
140|55.5434|55.5434
141|55.5434|55.5434
142|55.5434|55.5434
143|55.5434|55.5434
144|55.5434|55.5434
145|55.5434|55.5434
146|55.5434|55.5434
147|55.5434|55.5434
148|55.5434|55.5434
149|55.5434|55.5434
150|55.5434|55.5434
151|55.5434|55.5434
EARLY STOP: TARGET FOUND
60314ms
