1|98.3987|98.3987
2|98.3987|98.3987
3|98.3987|98.3987
4|98.3987|98.3987
5|98.3987|98.3987
6|98.3987|98.3987
7|98.3987|98.3987
8|98.3987|98.3987
9|98.3987|98.3987
10|98.3987|98.3987
11|98.3987|98.3987
12|98.3987|98.3987
13|98.3987|98.3987
14|98.3987|98.3987
15|98.3987|98.3987
16|98.3987|98.3987
17|98.3987|98.3987
18|98.3987|98.3987
19|98.3987|98.3987
20|98.3987|98.3987
21|98.3987|98.3987
22|98.3987|98.3987
23|98.3987|98.3987
24|98.3987|98.3987
25|98.3987|98.3987
26|98.3987|98.3987
27|98.3987|98.3987
28|98.3987|98.3987
29|98.3987|98.3987
30|98.3987|98.3987
31|98.3987|98.3987
32|98.3987|98.3987
33|98.3987|98.3987
34|98.3987|98.3987
35|98.3987|98.3987
36|98.3987|98.3987
37|98.3987|98.3987
38|98.3987|98.3987
39|98.3987|98.3987
40|98.3987|98.3987
41|98.3987|98.3987
42|98.3987|98.3987
43|98.3987|98.3987
44|98.3987|98.3987
45|98.3987|98.3987
46|98.3987|98.3987
47|98.3987|98.3987
48|98.3987|98.3987
49|98.3987|98.3987
50|98.3987|98.3987
51|98.3987|98.3987
52|98.3987|98.3987
53|98.3987|98.3987
54|98.3987|98.3987
55|98.3987|98.3987
56|98.3987|98.3987
57|98.3987|98.3987
58|98.3987|98.3987
59|98.3987|98.3987
60|98.3987|98.3987
61|98.3987|98.3987
62|98.3987|98.3987
63|98.3987|98.3987
64|98.3987|98.3987
65|98.3987|98.3987
66|98.3987|98.3987
67|98.3987|98.3987
68|98.3987|98.3987
69|98.3987|98.3987
70|98.3987|98.3987
71|98.3987|98.3987
72|98.3987|98.3987
73|98.3987|98.3987
74|98.3987|98.3987
75|98.3987|98.3987
76|98.3987|98.3987
77|98.3987|98.3987
78|98.3987|98.3987
79|98.3987|98.3987
80|98.3987|98.3987
81|98.3987|98.3987
82|98.3987|98.3987
83|98.3987|98.3987
84|98.3987|98.3987
85|98.3987|98.3987
86|98.3987|98.3987
87|98.3987|98.3987
88|98.3987|98.3987
89|98.3987|98.3987
90|98.3987|98.3987
91|98.3987|98.3987
92|98.3987|98.3987
93|98.3987|98.3987
94|98.3987|98.3987
95|98.3987|98.3987
96|98.3987|98.3987
97|98.3987|98.3987
98|98.3987|98.3987
99|98.3987|98.3987
100|98.3987|98.3987
101|98.3987|98.3987
102|98.3987|98.3987
103|98.3987|98.3987
104|98.3987|98.3987
105|98.3987|98.3987
106|98.3987|98.3987
107|98.3987|98.3987
108|98.3987|98.3987
109|98.3987|98.3987
110|98.3987|98.3987
111|98.3987|98.3987
112|98.3987|98.3987
113|98.3987|98.3987
114|98.3987|98.3987
115|98.3987|98.3987
116|98.3987|98.3987
117|98.3987|98.3987
118|98.3987|98.3987
119|98.3987|98.3987
120|98.3987|98.3987
121|98.3987|98.3987
122|98.3987|98.3987
123|98.3987|98.3987
124|98.3987|98.3987
125|98.3987|98.3987
126|98.3987|98.3987
127|98.3987|98.3987
128|98.3987|98.3987
129|98.3987|98.3987
130|98.3987|98.3987
131|98.3987|98.3987
132|98.3987|98.3987
133|98.3987|98.3987
134|98.3987|98.3987
135|98.3987|98.3987
136|98.3987|98.3987
137|98.3987|98.3987
138|98.3987|98.3987
139|98.3987|98.3987
140|98.3987|98.3987
141|98.3987|98.3987
142|98.3987|98.3987
143|98.3987|98.3987
144|98.3987|98.3987
145|98.3987|98.3987
146|98.3987|98.3987
147|98.3987|98.3987
148|98.3987|98.3987
149|98.3987|98.3987
150|98.3987|98.3987
151|98.3987|98.3987
EARLY STOP: TARGET FOUND
61521ms
