1|69.4381|69.4381
2|69.4381|69.4381
3|69.4381|69.4381
4|69.4381|69.4381
5|69.4381|69.4381
6|69.4381|69.4381
7|69.4381|69.4381
8|69.4381|69.4381
9|69.4381|69.4381
10|69.4381|69.4381
11|69.4381|69.4381
12|69.4381|69.4381
13|69.4381|69.4381
14|69.4381|69.4381
15|69.4381|69.4381
16|69.4381|69.4381
17|69.4381|69.4381
18|69.4381|69.4381
19|69.4381|69.4381
20|69.4381|69.4381
21|69.4381|69.4381
22|69.4381|69.4381
23|69.4381|69.4381
24|69.4381|69.4381
25|69.4381|69.4381
26|69.4381|69.4381
27|69.4381|69.4381
28|69.4381|69.4381
29|69.4381|69.4381
30|69.4381|69.4381
31|69.4381|69.4381
32|69.4381|69.4381
33|69.4381|69.4381
34|69.4381|69.4381
35|69.4381|69.4381
36|69.4381|69.4381
37|69.4381|69.4381
38|69.4381|69.4381
39|69.4381|69.4381
40|69.4381|69.4381
41|69.4381|69.4381
42|69.4381|69.4381
43|69.4381|69.4381
44|69.4381|69.4381
45|69.4381|69.4381
46|69.4381|69.4381
47|69.4381|69.4381
48|69.4381|69.4381
49|69.4381|69.4381
50|69.4381|69.4381
51|69.4381|69.4381
52|69.4381|69.4381
53|69.4381|69.4381
54|69.4381|69.4381
55|69.4381|69.4381
56|69.4381|69.4381
57|69.4381|69.4381
58|69.4381|69.4381
59|69.4381|69.4381
60|69.4381|69.4381
61|69.4381|69.4381
62|69.4381|69.4381
63|69.4381|69.4381
64|69.4381|69.4381
65|69.4381|69.4381
66|69.4381|69.4381
67|69.4381|69.4381
68|69.4381|69.4381
69|69.4381|69.4381
70|69.4381|69.4381
71|69.4381|69.4381
72|69.4381|69.4381
73|69.4381|69.4381
74|69.4381|69.4381
75|69.4381|69.4381
76|69.4381|69.4381
77|69.4381|69.4381
78|69.4381|69.4381
79|69.4381|69.4381
80|69.4381|69.4381
81|69.4381|69.4381
82|69.4381|69.4381
83|69.4381|69.4381
84|69.4381|69.4381
85|69.4381|69.4381
86|69.4381|69.4381
87|69.4381|69.4381
88|69.4381|69.4381
89|69.4381|69.4381
90|69.4381|69.4381
91|69.4381|69.4381
92|69.4381|69.4381
93|69.4381|69.4381
94|69.4381|69.4381
95|69.4381|69.4381
96|69.4381|69.4381
97|69.4381|69.4381
98|69.4381|69.4381
99|69.4381|69.4381
100|69.4381|69.4381
101|69.4381|69.4381
102|69.4381|69.4381
103|69.4381|69.4381
104|69.4381|69.4381
105|69.4381|69.4381
106|69.4381|69.4381
107|69.4381|69.4381
108|69.4381|69.4381
109|69.4381|69.4381
110|69.4381|69.4381
111|69.4381|69.4381
112|69.4381|69.4381
113|69.4381|69.4381
114|69.4381|69.4381
115|69.4381|69.4381
116|69.4381|69.4381
117|69.4381|69.4381
118|69.4381|69.4381
119|69.4381|69.4381
120|69.4381|69.4381
121|69.4381|69.4381
122|69.4381|69.4381
123|69.4381|69.4381
124|69.4381|69.4381
125|69.4381|69.4381
126|69.4381|69.4381
127|69.4381|69.4381
128|69.4381|69.4381
129|69.4381|69.4381
130|69.4381|69.4381
131|69.4381|69.4381
132|69.4381|69.4381
133|69.4381|69.4381
134|69.4381|69.4381
135|69.4381|69.4381
136|69.4381|69.4381
137|69.4381|69.4381
138|69.4381|69.4381
139|69.4381|69.4381
140|69.4381|69.4381
141|69.4381|69.4381
142|69.4381|69.4381
143|69.4381|69.4381
144|69.4381|69.4381
145|69.4381|69.4381
146|69.4381|69.4381
147|69.4381|69.4381
148|69.4381|69.4381
149|69.4381|69.4381
150|69.4381|69.4381
151|69.4381|69.4381
EARLY STOP: TARGET FOUND
59399ms
