1|127.274|127.274
2|127.274|127.274
3|127.274|127.274
4|127.274|127.274
5|127.274|127.274
6|127.274|127.274
7|127.274|127.274
8|127.274|127.274
9|127.274|127.274
10|127.274|127.274
11|127.274|127.274
12|127.274|127.274
13|127.274|127.274
14|127.274|127.274
15|127.274|127.274
16|127.274|127.274
17|127.274|127.274
18|127.274|127.274
19|127.274|127.274
20|127.274|127.274
21|127.274|127.274
22|127.274|127.274
23|127.274|127.274
24|127.274|127.274
25|127.274|127.274
26|127.274|127.274
27|127.274|127.274
28|127.274|127.274
29|127.274|127.274
30|127.274|127.274
31|127.274|127.274
32|127.274|127.274
33|127.274|127.274
34|127.274|127.274
35|127.274|127.274
36|127.274|127.274
37|127.274|127.274
38|127.274|127.274
39|127.274|127.274
40|127.274|127.274
41|127.274|127.274
42|127.274|127.274
43|127.274|127.274
44|127.274|127.274
45|127.274|127.274
46|127.274|127.274
47|127.274|127.274
48|127.274|127.274
49|127.274|127.274
50|127.274|127.274
51|127.274|127.274
52|127.274|127.274
53|127.274|127.274
54|127.274|127.274
55|127.274|127.274
56|127.274|127.274
57|127.274|127.274
58|127.274|127.274
59|127.274|127.274
60|127.274|127.274
61|127.274|127.274
62|127.274|127.274
63|127.274|127.274
64|127.274|127.274
65|127.274|127.274
66|127.274|127.274
67|127.274|127.274
68|127.274|127.274
69|127.274|127.274
70|127.274|127.274
71|127.274|127.274
72|127.274|127.274
73|127.274|127.274
74|127.274|127.274
75|127.274|127.274
76|127.274|127.274
77|127.274|127.274
78|127.274|127.274
79|127.274|127.274
80|127.274|127.274
81|127.274|127.274
82|127.274|127.274
83|127.274|127.274
84|127.274|127.274
85|127.274|127.274
86|127.274|127.274
87|127.274|127.274
88|127.274|127.274
89|127.274|127.274
90|127.274|127.274
91|127.274|127.274
92|127.274|127.274
93|127.274|127.274
94|127.274|127.274
95|127.274|127.274
96|127.274|127.274
97|127.274|127.274
98|127.274|127.274
99|127.274|127.274
100|127.274|127.274
101|127.274|127.274
102|127.274|127.274
103|127.274|127.274
104|127.274|127.274
105|127.274|127.274
106|127.274|127.274
107|127.274|127.274
108|127.274|127.274
109|127.274|127.274
110|127.274|127.274
111|127.274|127.274
112|127.274|127.274
113|127.274|127.274
114|127.274|127.274
115|127.274|127.274
116|127.274|127.274
117|127.274|127.274
118|127.274|127.274
119|127.274|127.274
120|127.274|127.274
121|127.274|127.274
122|127.274|127.274
123|127.274|127.274
124|127.274|127.274
125|127.274|127.274
126|127.274|127.274
127|127.274|127.274
128|127.274|127.274
129|127.274|127.274
130|127.274|127.274
131|127.274|127.274
132|127.274|127.274
133|127.274|127.274
134|127.274|127.274
135|127.274|127.274
136|127.274|127.274
137|127.274|127.274
138|127.274|127.274
139|127.274|127.274
140|127.274|127.274
141|127.274|127.274
142|127.274|127.274
143|127.274|127.274
144|127.274|127.274
145|127.274|127.274
146|127.274|127.274
147|127.274|127.274
148|127.274|127.274
149|127.274|127.274
150|127.274|127.274
151|127.274|127.274
EARLY STOP: TARGET FOUND
59729ms
