1|-1.48088|-1.48088
2|-1.48088|-1.48088
3|-1.48088|-1.48088
4|-1.48088|-1.48088
5|-1.48088|-1.48088
6|-1.48088|-1.48088
7|-1.48088|-1.48088
8|-1.48088|-1.48088
9|-1.48088|-1.48088
10|-1.48088|-1.48088
11|-1.48088|-1.48088
12|-1.48088|-1.48088
13|-1.48088|-1.48088
14|-1.48088|-1.48088
15|-1.48088|-1.48088
16|-1.48088|-1.48088
17|-1.48088|-1.48088
18|-1.48088|-1.48088
19|-1.48088|-1.48088
20|-1.48088|-1.48088
21|-1.48088|-1.48088
22|-1.48088|-1.48088
23|-1.48088|-1.48088
24|-1.48088|-1.48088
25|-1.48088|-1.48088
26|-1.48088|-1.48088
27|-1.48088|-1.48088
28|-1.48088|-1.48088
29|-1.48088|-1.48088
30|-1.48088|-1.48088
31|-1.48088|-1.48088
32|-1.48088|-1.48088
33|-1.48088|-1.48088
34|-1.48088|-1.48088
35|-1.48088|-1.48088
36|-1.48088|-1.48088
37|-1.48088|-1.48088
38|-1.48088|-1.48088
39|-1.48088|-1.48088
40|-1.48088|-1.48088
41|-1.48088|-1.48088
42|-1.48088|-1.48088
43|-1.48088|-1.48088
44|-1.48088|-1.48088
45|-1.48088|-1.48088
46|-1.48088|-1.48088
47|-1.48088|-1.48088
48|-1.48088|-1.48088
49|-1.48088|-1.48088
50|-1.48088|-1.48088
51|-1.48088|-1.48088
52|-1.48088|-1.48088
53|-1.48088|-1.48088
54|-1.48088|-1.48088
55|-1.48088|-1.48088
56|-1.48088|-1.48088
57|-1.48088|-1.48088
58|-1.48088|-1.48088
59|-1.48088|-1.48088
60|-1.48088|-1.48088
61|-1.48088|-1.48088
62|-1.48088|-1.48088
63|-1.48088|-1.48088
64|-1.48088|-1.48088
65|-1.48088|-1.48088
66|-1.48088|-1.48088
67|-1.48088|-1.48088
68|-1.48088|-1.48088
69|-1.48088|-1.48088
70|-1.48088|-1.48088
71|-1.48088|-1.48088
72|-1.48088|-1.48088
73|-1.48088|-1.48088
74|-1.48088|-1.48088
75|-1.48088|-1.48088
76|-1.48088|-1.48088
77|-1.48088|-1.48088
78|-1.48088|-1.48088
79|-1.48088|-1.48088
80|-1.48088|-1.48088
81|-1.48088|-1.48088
82|-1.48088|-1.48088
83|-1.48088|-1.48088
84|-1.48088|-1.48088
85|-1.48088|-1.48088
86|-1.48088|-1.48088
87|-1.48088|-1.48088
88|-1.48088|-1.48088
89|-1.48088|-1.48088
90|-1.48088|-1.48088
91|-1.48088|-1.48088
92|-1.48088|-1.48088
93|-1.48088|-1.48088
94|-1.48088|-1.48088
95|-1.48088|-1.48088
96|-1.48088|-1.48088
97|-1.48088|-1.48088
98|-1.48088|-1.48088
99|-1.48088|-1.48088
100|-1.48088|-1.48088
101|-1.48088|-1.48088
102|-1.48088|-1.48088
103|-1.48088|-1.48088
104|-1.48088|-1.48088
105|-1.48088|-1.48088
106|-1.48088|-1.48088
107|-1.48088|-1.48088
108|-1.48088|-1.48088
109|-1.48088|-1.48088
110|-1.48088|-1.48088
111|-1.48088|-1.48088
112|-1.48088|-1.48088
113|-1.48088|-1.48088
114|-1.48088|-1.48088
115|-1.48088|-1.48088
116|-1.48088|-1.48088
117|-1.48088|-1.48088
118|-1.48088|-1.48088
119|-1.48088|-1.48088
120|-1.48088|-1.48088
121|-1.48088|-1.48088
122|-1.48088|-1.48088
123|-1.48088|-1.48088
124|-1.48088|-1.48088
125|-1.48088|-1.48088
126|-1.48088|-1.48088
127|-1.48088|-1.48088
128|-1.48088|-1.48088
129|-1.48088|-1.48088
130|-1.48088|-1.48088
131|-1.48088|-1.48088
132|-1.48088|-1.48088
133|-1.48088|-1.48088
134|-1.48088|-1.48088
135|-1.48088|-1.48088
136|-1.48088|-1.48088
137|-1.48088|-1.48088
138|-1.48088|-1.48088
139|-1.48088|-1.48088
140|-1.48088|-1.48088
141|-1.48088|-1.48088
142|-1.48088|-1.48088
143|-1.48088|-1.48088
144|-1.48088|-1.48088
145|-1.48088|-1.48088
146|-1.48088|-1.48088
147|-1.48088|-1.48088
148|-1.48088|-1.48088
149|-1.48088|-1.48088
150|-1.48088|-1.48088
151|-1.48088|-1.48088
EARLY STOP: TARGET FOUND
58666ms
