1|230.274|230.274
2|230.274|230.274
3|230.274|230.274
4|230.274|230.274
5|230.274|230.274
6|230.274|230.274
7|230.274|230.274
8|230.274|230.274
9|230.274|230.274
10|230.274|230.274
11|230.274|230.274
12|230.274|230.274
13|230.274|230.274
14|230.274|230.274
15|230.274|230.274
16|230.274|230.274
17|230.274|230.274
18|230.274|230.274
19|230.274|230.274
20|230.274|230.274
21|230.274|230.274
22|230.274|230.274
23|230.274|230.274
24|230.274|230.274
25|230.274|230.274
26|230.274|230.274
27|230.274|230.274
28|230.274|230.274
29|230.274|230.274
30|230.274|230.274
31|230.274|230.274
32|230.274|230.274
33|230.274|230.274
34|230.274|230.274
35|230.274|230.274
36|230.274|230.274
37|230.274|230.274
38|230.274|230.274
39|230.274|230.274
40|230.274|230.274
41|230.274|230.274
42|230.274|230.274
43|230.274|230.274
44|230.274|230.274
45|230.274|230.274
46|230.274|230.274
47|230.274|230.274
48|230.274|230.274
49|230.274|230.274
50|230.274|230.274
51|230.274|230.274
52|230.274|230.274
53|230.274|230.274
54|230.274|230.274
55|230.274|230.274
56|230.274|230.274
57|230.274|230.274
58|230.274|230.274
59|230.274|230.274
60|230.274|230.274
61|230.274|230.274
62|230.274|230.274
63|230.274|230.274
64|230.274|230.274
65|230.274|230.274
66|230.274|230.274
67|230.274|230.274
68|230.274|230.274
69|230.274|230.274
70|230.274|230.274
71|230.274|230.274
72|230.274|230.274
73|230.274|230.274
74|230.274|230.274
75|230.274|230.274
76|230.274|230.274
77|230.274|230.274
78|230.274|230.274
79|230.274|230.274
80|230.274|230.274
81|230.274|230.274
82|230.274|230.274
83|230.274|230.274
84|230.274|230.274
85|230.274|230.274
86|230.274|230.274
87|230.274|230.274
88|230.274|230.274
89|230.274|230.274
90|230.274|230.274
91|230.274|230.274
92|230.274|230.274
93|230.274|230.274
94|230.274|230.274
95|230.274|230.274
96|230.274|230.274
97|230.274|230.274
98|230.274|230.274
99|230.274|230.274
100|230.274|230.274
101|230.274|230.274
102|230.274|230.274
103|230.274|230.274
104|230.274|230.274
105|230.274|230.274
106|230.274|230.274
107|230.274|230.274
108|230.274|230.274
109|230.274|230.274
110|230.274|230.274
111|230.274|230.274
112|230.274|230.274
113|230.274|230.274
114|230.274|230.274
115|230.274|230.274
116|230.274|230.274
117|230.274|230.274
118|230.274|230.274
119|230.274|230.274
120|230.274|230.274
121|230.274|230.274
122|230.274|230.274
123|230.274|230.274
124|230.274|230.274
125|230.274|230.274
126|230.274|230.274
127|230.274|230.274
128|230.274|230.274
129|230.274|230.274
130|230.274|230.274
131|230.274|230.274
132|230.274|230.274
133|230.274|230.274
134|230.274|230.274
135|230.274|230.274
136|230.274|230.274
137|230.274|230.274
138|230.274|230.274
139|230.274|230.274
140|230.274|230.274
141|230.274|230.274
142|230.274|230.274
143|230.274|230.274
144|230.274|230.274
145|230.274|230.274
146|230.274|230.274
147|230.274|230.274
148|230.274|230.274
149|230.274|230.274
150|230.274|230.274
151|230.274|230.274
EARLY STOP: TARGET FOUND
210292ms
