1|2029.8|2029.8
2|2029.8|2029.8
3|2029.8|2029.8
4|2029.8|2029.8
5|2029.8|2029.8
6|2029.8|2029.8
7|2029.8|2029.8
8|2029.8|2029.8
9|2029.8|2029.8
10|2029.8|2029.8
11|2029.8|2029.8
12|2029.8|2029.8
13|2029.8|2029.8
14|2029.8|2029.8
15|2029.8|2029.8
16|2029.8|2029.8
17|2029.8|2029.8
18|2029.8|2029.8
19|2029.8|2029.8
20|2029.8|2029.8
21|2029.8|2029.8
22|2029.8|2029.8
23|2029.8|2029.8
24|2029.8|2029.8
25|2029.8|2029.8
26|2029.8|2029.8
27|2029.8|2029.8
28|2029.8|2029.8
29|2029.8|2029.8
30|2029.8|2029.8
31|2029.8|2029.8
32|2029.8|2029.8
33|2029.8|2029.8
34|2029.8|2029.8
35|2029.8|2029.8
36|2029.8|2029.8
37|2029.8|2029.8
38|2029.8|2029.8
39|2029.8|2029.8
40|2029.8|2029.8
41|2029.8|2029.8
42|2029.8|2029.8
43|2029.8|2029.8
44|2029.8|2029.8
45|2029.8|2029.8
46|2029.8|2029.8
47|2029.8|2029.8
48|2029.8|2029.8
49|2029.8|2029.8
50|2029.8|2029.8
51|2029.8|2029.8
52|2029.8|2029.8
53|2029.8|2029.8
54|2029.8|2029.8
55|2029.8|2029.8
56|2029.8|2029.8
57|2029.8|2029.8
58|2029.8|2029.8
59|2029.8|2029.8
60|2029.8|2029.8
61|2029.8|2029.8
62|2029.8|2029.8
63|2029.8|2029.8
64|2029.8|2029.8
65|2029.8|2029.8
66|2029.8|2029.8
67|2029.8|2029.8
68|2029.8|2029.8
69|2029.8|2029.8
70|2029.8|2029.8
71|2029.8|2029.8
72|2029.8|2029.8
73|2029.8|2029.8
74|2029.8|2029.8
75|2029.8|2029.8
76|2029.8|2029.8
77|2029.8|2029.8
78|2029.8|2029.8
79|2029.8|2029.8
80|2029.8|2029.8
81|2029.8|2029.8
82|2029.8|2029.8
83|2029.8|2029.8
84|2029.8|2029.8
85|2029.8|2029.8
86|2029.8|2029.8
87|2029.8|2029.8
88|2029.8|2029.8
89|2029.8|2029.8
90|2029.8|2029.8
91|2029.8|2029.8
92|2029.8|2029.8
93|2029.8|2029.8
94|2029.8|2029.8
95|2029.8|2029.8
96|2029.8|2029.8
97|2029.8|2029.8
98|2029.8|2029.8
99|2029.8|2029.8
100|2029.8|2029.8
101|2029.8|2029.8
102|2029.8|2029.8
103|2029.8|2029.8
104|2029.8|2029.8
105|2029.8|2029.8
106|2029.8|2029.8
107|2029.8|2029.8
108|2029.8|2029.8
109|2029.8|2029.8
110|2029.8|2029.8
111|2029.8|2029.8
112|2029.8|2029.8
113|2029.8|2029.8
114|2029.8|2029.8
115|2029.8|2029.8
116|2029.8|2029.8
117|2029.8|2029.8
118|2029.8|2029.8
119|2029.8|2029.8
120|2029.8|2029.8
121|2029.8|2029.8
122|2029.8|2029.8
123|2029.8|2029.8
124|2029.8|2029.8
125|2029.8|2029.8
126|2029.8|2029.8
127|2029.8|2029.8
128|2029.8|2029.8
129|2029.8|2029.8
130|2029.8|2029.8
131|2029.8|2029.8
132|2029.8|2029.8
133|2029.8|2029.8
134|2029.8|2029.8
135|2029.8|2029.8
136|2029.8|2029.8
137|2029.8|2029.8
138|2029.8|2029.8
139|2029.8|2029.8
140|2029.8|2029.8
141|2029.8|2029.8
142|2029.8|2029.8
143|2029.8|2029.8
144|2029.8|2029.8
145|2029.8|2029.8
146|2029.8|2029.8
147|2029.8|2029.8
148|2029.8|2029.8
149|2029.8|2029.8
150|2029.8|2029.8
151|2029.8|2029.8
EARLY STOP: TARGET FOUND
2885005ms
