1|-0.0286891|-0.0286891
2|-0.0286891|-0.0286891
3|-0.0286891|-0.0286891
4|-0.0286891|-0.0286891
5|-0.0286891|-0.0286891
6|-0.0286891|-0.0286891
7|-0.0286891|-0.0286891
8|-0.0286891|-0.0286891
9|-0.0286891|-0.0286891
10|-0.0286891|-0.0286891
11|-0.0286891|-0.0286891
12|-0.0286891|-0.0286891
13|-0.0286891|-0.0286891
14|-0.0286891|-0.0286891
15|-0.0286891|-0.0286891
16|-0.0286891|-0.0286891
17|-0.0286891|-0.0286891
18|-0.0286891|-0.0286891
19|-0.0286891|-0.0286891
20|-0.0286891|-0.0286891
21|-0.0286891|-0.0286891
22|-0.0286891|-0.0286891
23|-0.0286891|-0.0286891
24|-0.0286891|-0.0286891
25|-0.0286891|-0.0286891
26|-0.0286891|-0.0286891
27|-0.0286891|-0.0286891
28|-0.0286891|-0.0286891
29|-0.0286891|-0.0286891
30|-0.0286891|-0.0286891
31|-0.0286891|-0.0286891
32|-0.0286891|-0.0286891
33|-0.0286891|-0.0286891
34|-0.0286891|-0.0286891
35|-0.0286891|-0.0286891
36|-0.0286891|-0.0286891
37|-0.0286891|-0.0286891
38|-0.0286891|-0.0286891
39|-0.0286891|-0.0286891
40|-0.0286891|-0.0286891
41|-0.0286891|-0.0286891
42|-0.0286891|-0.0286891
43|-0.0286891|-0.0286891
44|-0.0286891|-0.0286891
45|-0.0286891|-0.0286891
46|-0.0286891|-0.0286891
47|-0.0286891|-0.0286891
48|-0.0286891|-0.0286891
49|-0.0286891|-0.0286891
50|-0.0286891|-0.0286891
51|-0.0286891|-0.0286891
52|-0.0286891|-0.0286891
53|-0.0286891|-0.0286891
54|-0.0286891|-0.0286891
55|-0.0286891|-0.0286891
56|-0.0286891|-0.0286891
57|-0.0286891|-0.0286891
58|-0.0286891|-0.0286891
59|-0.0286891|-0.0286891
60|-0.0286891|-0.0286891
61|-0.0286891|-0.0286891
62|-0.0286891|-0.0286891
63|-0.0286891|-0.0286891
64|-0.0286891|-0.0286891
65|-0.0286891|-0.0286891
66|-0.0286891|-0.0286891
67|-0.0286891|-0.0286891
68|-0.0286891|-0.0286891
69|-0.0286891|-0.0286891
70|-0.0286891|-0.0286891
71|-0.0286891|-0.0286891
72|-0.0286891|-0.0286891
73|-0.0286891|-0.0286891
74|-0.0286891|-0.0286891
75|-0.0286891|-0.0286891
76|-0.0286891|-0.0286891
77|-0.0286891|-0.0286891
78|-0.0286891|-0.0286891
79|-0.0286891|-0.0286891
80|-0.0286891|-0.0286891
81|-0.0286891|-0.0286891
82|-0.0286891|-0.0286891
83|-0.0286891|-0.0286891
84|-0.0286891|-0.0286891
85|-0.0286891|-0.0286891
86|-0.0286891|-0.0286891
87|-0.0286891|-0.0286891
88|-0.0286891|-0.0286891
89|-0.0286891|-0.0286891
90|-0.0286891|-0.0286891
91|-0.0286891|-0.0286891
92|-0.0286891|-0.0286891
93|-0.0286891|-0.0286891
94|-0.0286891|-0.0286891
95|-0.0286891|-0.0286891
96|-0.0286891|-0.0286891
97|-0.0286891|-0.0286891
98|-0.0286891|-0.0286891
99|-0.0286891|-0.0286891
100|-0.0286891|-0.0286891
101|-0.0286891|-0.0286891
102|-0.0286891|-0.0286891
103|-0.0286891|-0.0286891
104|-0.0286891|-0.0286891
105|-0.0286891|-0.0286891
106|-0.0286891|-0.0286891
107|-0.0286891|-0.0286891
108|-0.0286891|-0.0286891
109|-0.0286891|-0.0286891
110|-0.0286891|-0.0286891
111|-0.0286891|-0.0286891
112|-0.0286891|-0.0286891
113|-0.0286891|-0.0286891
114|-0.0286891|-0.0286891
115|-0.0286891|-0.0286891
116|-0.0286891|-0.0286891
117|-0.0286891|-0.0286891
118|-0.0286891|-0.0286891
119|-0.0286891|-0.0286891
120|-0.0286891|-0.0286891
121|-0.0286891|-0.0286891
122|-0.0286891|-0.0286891
123|-0.0286891|-0.0286891
124|-0.0286891|-0.0286891
125|-0.0286891|-0.0286891
126|-0.0286891|-0.0286891
127|-0.0286891|-0.0286891
128|-0.0286891|-0.0286891
129|-0.0286891|-0.0286891
130|-0.0286891|-0.0286891
131|-0.0286891|-0.0286891
132|-0.0286891|-0.0286891
133|-0.0286891|-0.0286891
134|-0.0286891|-0.0286891
135|-0.0286891|-0.0286891
136|-0.0286891|-0.0286891
137|-0.0286891|-0.0286891
138|-0.0286891|-0.0286891
139|-0.0286891|-0.0286891
140|-0.0286891|-0.0286891
141|-0.0286891|-0.0286891
142|-0.0286891|-0.0286891
143|-0.0286891|-0.0286891
144|-0.0286891|-0.0286891
145|-0.0286891|-0.0286891
146|-0.0286891|-0.0286891
147|-0.0286891|-0.0286891
148|-0.0286891|-0.0286891
149|-0.0286891|-0.0286891
150|-0.0286891|-0.0286891
151|-0.0286891|-0.0286891
EARLY STOP: TARGET FOUND
406692ms
