1|288.52|288.52
2|288.52|288.52
3|288.52|288.52
4|288.52|288.52
5|288.52|288.52
6|288.52|288.52
7|288.52|288.52
8|288.52|288.52
9|288.52|288.52
10|288.52|288.52
11|288.52|288.52
12|288.52|288.52
13|288.52|288.52
14|288.52|288.52
15|288.52|288.52
16|288.52|288.52
17|288.52|288.52
18|288.52|288.52
19|288.52|288.52
20|288.52|288.52
21|288.52|288.52
22|288.52|288.52
23|288.52|288.52
24|288.52|288.52
25|288.52|288.52
26|288.52|288.52
27|288.52|288.52
28|288.52|288.52
29|288.52|288.52
30|288.52|288.52
31|288.52|288.52
32|288.52|288.52
33|288.52|288.52
34|288.52|288.52
35|288.52|288.52
36|288.52|288.52
37|288.52|288.52
38|288.52|288.52
39|288.52|288.52
40|288.52|288.52
41|288.52|288.52
42|288.52|288.52
43|288.52|288.52
44|288.52|288.52
45|288.52|288.52
46|288.52|288.52
47|288.52|288.52
48|288.52|288.52
49|288.52|288.52
50|288.52|288.52
51|288.52|288.52
52|288.52|288.52
53|288.52|288.52
54|288.52|288.52
55|288.52|288.52
56|288.52|288.52
57|288.52|288.52
58|288.52|288.52
59|288.52|288.52
60|288.52|288.52
61|288.52|288.52
62|288.52|288.52
63|288.52|288.52
64|288.52|288.52
65|288.52|288.52
66|288.52|288.52
67|288.52|288.52
68|288.52|288.52
69|288.52|288.52
70|288.52|288.52
71|288.52|288.52
72|288.52|288.52
73|288.52|288.52
74|288.52|288.52
75|288.52|288.52
76|288.52|288.52
77|288.52|288.52
78|288.52|288.52
79|288.52|288.52
80|288.52|288.52
81|288.52|288.52
82|288.52|288.52
83|288.52|288.52
84|288.52|288.52
85|288.52|288.52
86|288.52|288.52
87|288.52|288.52
88|288.52|288.52
89|288.52|288.52
90|288.52|288.52
91|288.52|288.52
92|288.52|288.52
93|288.52|288.52
94|288.52|288.52
95|288.52|288.52
96|288.52|288.52
97|288.52|288.52
98|288.52|288.52
99|288.52|288.52
100|288.52|288.52
101|288.52|288.52
102|288.52|288.52
103|288.52|288.52
104|288.52|288.52
105|288.52|288.52
106|288.52|288.52
107|288.52|288.52
108|288.52|288.52
109|288.52|288.52
110|288.52|288.52
111|288.52|288.52
112|288.52|288.52
113|288.52|288.52
114|288.52|288.52
115|288.52|288.52
116|288.52|288.52
117|288.52|288.52
118|288.52|288.52
119|288.52|288.52
120|288.52|288.52
121|288.52|288.52
122|288.52|288.52
123|288.52|288.52
124|288.52|288.52
125|288.52|288.52
126|288.52|288.52
127|288.52|288.52
128|288.52|288.52
129|288.52|288.52
130|288.52|288.52
131|288.52|288.52
132|288.52|288.52
133|288.52|288.52
134|288.52|288.52
135|288.52|288.52
136|288.52|288.52
137|288.52|288.52
138|288.52|288.52
139|288.52|288.52
140|288.52|288.52
141|288.52|288.52
142|288.52|288.52
143|288.52|288.52
144|288.52|288.52
145|288.52|288.52
146|288.52|288.52
147|288.52|288.52
148|288.52|288.52
149|288.52|288.52
150|288.52|288.52
151|288.52|288.52
EARLY STOP: TARGET FOUND
1722014ms
