1|117.877|117.877
2|117.877|117.877
3|117.877|117.877
4|117.877|117.877
5|117.877|117.877
6|117.877|117.877
7|117.877|117.877
8|117.877|117.877
9|117.877|117.877
10|117.877|117.877
11|117.877|117.877
12|117.877|117.877
13|117.877|117.877
14|117.877|117.877
15|117.877|117.877
16|117.877|117.877
17|117.877|117.877
18|117.877|117.877
19|117.877|117.877
20|117.877|117.877
21|117.877|117.877
22|117.877|117.877
23|117.877|117.877
24|117.877|117.877
25|117.877|117.877
26|117.877|117.877
27|117.877|117.877
28|117.877|117.877
29|117.877|117.877
30|117.877|117.877
31|117.877|117.877
32|117.877|117.877
33|117.877|117.877
34|117.877|117.877
35|117.877|117.877
36|117.877|117.877
37|117.877|117.877
38|117.877|117.877
39|117.877|117.877
40|117.877|117.877
41|117.877|117.877
42|117.877|117.877
43|117.877|117.877
44|117.877|117.877
45|117.877|117.877
46|117.877|117.877
47|117.877|117.877
48|117.877|117.877
49|117.877|117.877
50|117.877|117.877
51|117.877|117.877
52|117.877|117.877
53|117.877|117.877
54|117.877|117.877
55|117.877|117.877
56|117.877|117.877
57|117.877|117.877
58|117.877|117.877
59|117.877|117.877
60|117.877|117.877
61|117.877|117.877
62|117.877|117.877
63|117.877|117.877
64|117.877|117.877
65|117.877|117.877
66|117.877|117.877
67|117.877|117.877
68|117.877|117.877
69|117.877|117.877
70|117.877|117.877
71|117.877|117.877
72|117.877|117.877
73|117.877|117.877
74|117.877|117.877
75|117.877|117.877
76|117.877|117.877
77|117.877|117.877
78|117.877|117.877
79|117.877|117.877
80|117.877|117.877
81|117.877|117.877
82|117.877|117.877
83|117.877|117.877
84|117.877|117.877
85|117.877|117.877
86|117.877|117.877
87|117.877|117.877
88|117.877|117.877
89|117.877|117.877
90|117.877|117.877
91|117.877|117.877
92|117.877|117.877
93|117.877|117.877
94|117.877|117.877
95|117.877|117.877
96|117.877|117.877
97|117.877|117.877
98|117.877|117.877
99|117.877|117.877
100|117.877|117.877
101|117.877|117.877
102|117.877|117.877
103|117.877|117.877
104|117.877|117.877
105|117.877|117.877
106|117.877|117.877
107|117.877|117.877
108|117.877|117.877
109|117.877|117.877
110|117.877|117.877
111|117.877|117.877
112|117.877|117.877
113|117.877|117.877
114|117.877|117.877
115|117.877|117.877
116|117.877|117.877
117|117.877|117.877
118|117.877|117.877
119|117.877|117.877
120|117.877|117.877
121|117.877|117.877
122|117.877|117.877
123|117.877|117.877
124|117.877|117.877
125|117.877|117.877
126|117.877|117.877
127|117.877|117.877
128|117.877|117.877
129|117.877|117.877
130|117.877|117.877
131|117.877|117.877
132|117.877|117.877
133|117.877|117.877
134|117.877|117.877
135|117.877|117.877
136|117.877|117.877
137|117.877|117.877
138|117.877|117.877
139|117.877|117.877
140|117.877|117.877
141|117.877|117.877
142|117.877|117.877
143|117.877|117.877
144|117.877|117.877
145|117.877|117.877
146|117.877|117.877
147|117.877|117.877
148|117.877|117.877
149|117.877|117.877
150|117.877|117.877
151|117.877|117.877
EARLY STOP: TARGET FOUND
303410ms
