1|196.471|196.471
2|196.471|196.471
3|196.471|196.471
4|196.471|196.471
5|196.471|196.471
6|196.471|196.471
7|196.471|196.471
8|196.471|196.471
9|196.471|196.471
10|196.471|196.471
11|196.471|196.471
12|196.471|196.471
13|196.471|196.471
14|196.471|196.471
15|196.471|196.471
16|196.471|196.471
17|196.471|196.471
18|196.471|196.471
19|196.471|196.471
20|196.471|196.471
21|196.471|196.471
22|196.471|196.471
23|196.471|196.471
24|196.471|196.471
25|196.471|196.471
26|196.471|196.471
27|196.471|196.471
28|196.471|196.471
29|196.471|196.471
30|196.471|196.471
31|196.471|196.471
32|196.471|196.471
33|196.471|196.471
34|196.471|196.471
35|196.471|196.471
36|196.471|196.471
37|196.471|196.471
38|196.471|196.471
39|196.471|196.471
40|196.471|196.471
41|196.471|196.471
42|196.471|196.471
43|196.471|196.471
44|196.471|196.471
45|196.471|196.471
46|196.471|196.471
47|196.471|196.471
48|196.471|196.471
49|196.471|196.471
50|196.471|196.471
51|196.471|196.471
52|196.471|196.471
53|196.471|196.471
54|196.471|196.471
55|196.471|196.471
56|196.471|196.471
57|196.471|196.471
58|196.471|196.471
59|196.471|196.471
60|196.471|196.471
61|196.471|196.471
62|196.471|196.471
63|196.471|196.471
64|196.471|196.471
65|196.471|196.471
66|196.471|196.471
67|196.471|196.471
68|196.471|196.471
69|196.471|196.471
70|196.471|196.471
71|196.471|196.471
72|196.471|196.471
73|196.471|196.471
74|196.471|196.471
75|196.471|196.471
76|196.471|196.471
77|196.471|196.471
78|196.471|196.471
79|196.471|196.471
80|196.471|196.471
81|196.471|196.471
82|196.471|196.471
83|196.471|196.471
84|196.471|196.471
85|196.471|196.471
86|196.471|196.471
87|196.471|196.471
88|196.471|196.471
89|196.471|196.471
90|196.471|196.471
91|196.471|196.471
92|196.471|196.471
93|196.471|196.471
94|196.471|196.471
95|196.471|196.471
96|196.471|196.471
97|196.471|196.471
98|196.471|196.471
99|196.471|196.471
100|196.471|196.471
101|196.471|196.471
102|196.471|196.471
103|196.471|196.471
104|196.471|196.471
105|196.471|196.471
106|196.471|196.471
107|196.471|196.471
108|196.471|196.471
109|196.471|196.471
110|196.471|196.471
111|196.471|196.471
112|196.471|196.471
113|196.471|196.471
114|196.471|196.471
115|196.471|196.471
116|196.471|196.471
117|196.471|196.471
118|196.471|196.471
119|196.471|196.471
120|196.471|196.471
121|196.471|196.471
122|196.471|196.471
123|196.471|196.471
124|196.471|196.471
125|196.471|196.471
126|196.471|196.471
127|196.471|196.471
128|196.471|196.471
129|196.471|196.471
130|196.471|196.471
131|196.471|196.471
132|196.471|196.471
133|196.471|196.471
134|196.471|196.471
135|196.471|196.471
136|196.471|196.471
137|196.471|196.471
138|196.471|196.471
139|196.471|196.471
140|196.471|196.471
141|196.471|196.471
142|196.471|196.471
143|196.471|196.471
144|196.471|196.471
145|196.471|196.471
146|196.471|196.471
147|196.471|196.471
148|196.471|196.471
149|196.471|196.471
150|196.471|196.471
151|196.471|196.471
EARLY STOP: TARGET FOUND
1709029ms
