1|1910.75|1910.75
2|1910.75|1910.75
3|1910.75|1910.75
4|1910.75|1910.75
5|1910.75|1910.75
6|1910.75|1910.75
7|1910.75|1910.75
8|1910.75|1910.75
9|1910.75|1910.75
10|1910.75|1910.75
11|1910.75|1910.75
12|1910.75|1910.75
13|1910.75|1910.75
14|1910.75|1910.75
15|1910.75|1910.75
16|1910.75|1910.75
17|1910.75|1910.75
18|1910.75|1910.75
19|1910.75|1910.75
20|1910.75|1910.75
21|1910.75|1910.75
22|1910.75|1910.75
23|1910.75|1910.75
24|1910.75|1910.75
25|1910.75|1910.75
26|1910.75|1910.75
27|1910.75|1910.75
28|1910.75|1910.75
29|1910.75|1910.75
30|1910.75|1910.75
31|1910.75|1910.75
32|1910.75|1910.75
33|1910.75|1910.75
34|1910.75|1910.75
35|1910.75|1910.75
36|1910.75|1910.75
37|1910.75|1910.75
38|1910.75|1910.75
39|1910.75|1910.75
40|1910.75|1910.75
41|1910.75|1910.75
42|1910.75|1910.75
43|1910.75|1910.75
44|1910.75|1910.75
45|1910.75|1910.75
46|1910.75|1910.75
47|1910.75|1910.75
48|1910.75|1910.75
49|1910.75|1910.75
50|1910.75|1910.75
51|1910.75|1910.75
52|1910.75|1910.75
53|1910.75|1910.75
54|1910.75|1910.75
55|1910.75|1910.75
56|1910.75|1910.75
57|1910.75|1910.75
58|1910.75|1910.75
59|1910.75|1910.75
60|1910.75|1910.75
61|1910.75|1910.75
62|1910.75|1910.75
63|1910.75|1910.75
64|1910.75|1910.75
65|1910.75|1910.75
66|1910.75|1910.75
67|1910.75|1910.75
68|1910.75|1910.75
69|1910.75|1910.75
70|1910.75|1910.75
71|1910.75|1910.75
72|1910.75|1910.75
73|1910.75|1910.75
74|1910.75|1910.75
75|1910.75|1910.75
76|1910.75|1910.75
77|1910.75|1910.75
78|1910.75|1910.75
79|1910.75|1910.75
80|1910.75|1910.75
81|1910.75|1910.75
82|1910.75|1910.75
83|1910.75|1910.75
84|1910.75|1910.75
85|1910.75|1910.75
86|1910.75|1910.75
87|1910.75|1910.75
88|1910.75|1910.75
89|1910.75|1910.75
90|1910.75|1910.75
91|1910.75|1910.75
92|1910.75|1910.75
93|1910.75|1910.75
94|1910.75|1910.75
95|1910.75|1910.75
96|1910.75|1910.75
97|1910.75|1910.75
98|1910.75|1910.75
99|1910.75|1910.75
100|1910.75|1910.75
101|1910.75|1910.75
102|1910.75|1910.75
103|1910.75|1910.75
104|1910.75|1910.75
105|1910.75|1910.75
106|1910.75|1910.75
107|1910.75|1910.75
108|1910.75|1910.75
109|1910.75|1910.75
110|1910.75|1910.75
111|1910.75|1910.75
112|1910.75|1910.75
113|1910.75|1910.75
114|1910.75|1910.75
115|1910.75|1910.75
116|1910.75|1910.75
117|1910.75|1910.75
118|1910.75|1910.75
119|1910.75|1910.75
120|1910.75|1910.75
121|1910.75|1910.75
122|1910.75|1910.75
123|1910.75|1910.75
124|1910.75|1910.75
125|1910.75|1910.75
126|1910.75|1910.75
127|1910.75|1910.75
128|1910.75|1910.75
129|1910.75|1910.75
130|1910.75|1910.75
131|1910.75|1910.75
132|1910.75|1910.75
133|1910.75|1910.75
134|1910.75|1910.75
135|1910.75|1910.75
136|1910.75|1910.75
137|1910.75|1910.75
138|1910.75|1910.75
139|1910.75|1910.75
140|1910.75|1910.75
141|1910.75|1910.75
142|1910.75|1910.75
143|1910.75|1910.75
144|1910.75|1910.75
145|1910.75|1910.75
146|1910.75|1910.75
147|1910.75|1910.75
148|1910.75|1910.75
149|1910.75|1910.75
150|1910.75|1910.75
151|1910.75|1910.75
EARLY STOP: TARGET FOUND
2514106ms
