1|62.3002|62.3002
2|62.3002|62.3002
3|62.3002|62.3002
4|62.3002|62.3002
5|62.3002|62.3002
6|62.3002|62.3002
7|62.3002|62.3002
8|62.3002|62.3002
9|62.3002|62.3002
10|62.3002|62.3002
11|62.3002|62.3002
12|62.3002|62.3002
13|62.3002|62.3002
14|62.3002|62.3002
15|62.3002|62.3002
16|62.3002|62.3002
17|62.3002|62.3002
18|62.3002|62.3002
19|62.3002|62.3002
20|62.3002|62.3002
21|62.3002|62.3002
22|62.3002|62.3002
23|62.3002|62.3002
24|62.3002|62.3002
25|62.3002|62.3002
26|62.3002|62.3002
27|62.3002|62.3002
28|62.3002|62.3002
29|62.3002|62.3002
30|62.3002|62.3002
31|62.3002|62.3002
32|62.3002|62.3002
33|62.3002|62.3002
34|62.3002|62.3002
35|62.3002|62.3002
36|62.3002|62.3002
37|62.3002|62.3002
38|62.3002|62.3002
39|62.3002|62.3002
40|62.3002|62.3002
41|62.3002|62.3002
42|62.3002|62.3002
43|62.3002|62.3002
44|62.3002|62.3002
45|62.3002|62.3002
46|62.3002|62.3002
47|62.3002|62.3002
48|62.3002|62.3002
49|62.3002|62.3002
50|62.3002|62.3002
51|62.3002|62.3002
52|62.3002|62.3002
53|62.3002|62.3002
54|62.3002|62.3002
55|62.3002|62.3002
56|62.3002|62.3002
57|62.3002|62.3002
58|62.3002|62.3002
59|62.3002|62.3002
60|62.3002|62.3002
61|62.3002|62.3002
62|62.3002|62.3002
63|62.3002|62.3002
64|62.3002|62.3002
65|62.3002|62.3002
66|62.3002|62.3002
67|62.3002|62.3002
68|62.3002|62.3002
69|62.3002|62.3002
70|62.3002|62.3002
71|62.3002|62.3002
72|62.3002|62.3002
73|62.3002|62.3002
74|62.3002|62.3002
75|62.3002|62.3002
76|62.3002|62.3002
77|62.3002|62.3002
78|62.3002|62.3002
79|62.3002|62.3002
80|62.3002|62.3002
81|62.3002|62.3002
82|62.3002|62.3002
83|62.3002|62.3002
84|62.3002|62.3002
85|62.3002|62.3002
86|62.3002|62.3002
87|62.3002|62.3002
88|62.3002|62.3002
89|62.3002|62.3002
90|62.3002|62.3002
91|62.3002|62.3002
92|62.3002|62.3002
93|62.3002|62.3002
94|62.3002|62.3002
95|62.3002|62.3002
96|62.3002|62.3002
97|62.3002|62.3002
98|62.3002|62.3002
99|62.3002|62.3002
100|62.3002|62.3002
101|62.3002|62.3002
102|62.3002|62.3002
103|62.3002|62.3002
104|62.3002|62.3002
105|62.3002|62.3002
106|62.3002|62.3002
107|62.3002|62.3002
108|62.3002|62.3002
109|62.3002|62.3002
110|62.3002|62.3002
111|62.3002|62.3002
112|62.3002|62.3002
113|62.3002|62.3002
114|62.3002|62.3002
115|62.3002|62.3002
116|62.3002|62.3002
117|62.3002|62.3002
118|62.3002|62.3002
119|62.3002|62.3002
120|62.3002|62.3002
121|62.3002|62.3002
122|62.3002|62.3002
123|62.3002|62.3002
124|62.3002|62.3002
125|62.3002|62.3002
126|62.3002|62.3002
127|62.3002|62.3002
128|62.3002|62.3002
129|62.3002|62.3002
130|62.3002|62.3002
131|62.3002|62.3002
132|62.3002|62.3002
133|62.3002|62.3002
134|62.3002|62.3002
135|62.3002|62.3002
136|62.3002|62.3002
137|62.3002|62.3002
138|62.3002|62.3002
139|62.3002|62.3002
140|62.3002|62.3002
141|62.3002|62.3002
142|62.3002|62.3002
143|62.3002|62.3002
144|62.3002|62.3002
145|62.3002|62.3002
146|62.3002|62.3002
147|62.3002|62.3002
148|62.3002|62.3002
149|62.3002|62.3002
150|62.3002|62.3002
151|62.3002|62.3002
EARLY STOP: TARGET FOUND
208696ms
