1|130.89|130.89
2|130.89|130.89
3|130.89|130.89
4|130.89|130.89
5|130.89|130.89
6|130.89|130.89
7|130.89|130.89
8|130.89|130.89
9|130.89|130.89
10|130.89|130.89
11|130.89|130.89
12|130.89|130.89
13|130.89|130.89
14|130.89|130.89
15|130.89|130.89
16|130.89|130.89
17|130.89|130.89
18|130.89|130.89
19|130.89|130.89
20|130.89|130.89
21|130.89|130.89
22|130.89|130.89
23|130.89|130.89
24|130.89|130.89
25|130.89|130.89
26|130.89|130.89
27|130.89|130.89
28|130.89|130.89
29|130.89|130.89
30|130.89|130.89
31|130.89|130.89
32|130.89|130.89
33|130.89|130.89
34|130.89|130.89
35|130.89|130.89
36|130.89|130.89
37|130.89|130.89
38|130.89|130.89
39|130.89|130.89
40|130.89|130.89
41|130.89|130.89
42|130.89|130.89
43|130.89|130.89
44|130.89|130.89
45|130.89|130.89
46|130.89|130.89
47|130.89|130.89
48|130.89|130.89
49|130.89|130.89
50|130.89|130.89
51|130.89|130.89
52|130.89|130.89
53|130.89|130.89
54|130.89|130.89
55|130.89|130.89
56|130.89|130.89
57|130.89|130.89
58|130.89|130.89
59|130.89|130.89
60|130.89|130.89
61|130.89|130.89
62|130.89|130.89
63|130.89|130.89
64|130.89|130.89
65|130.89|130.89
66|130.89|130.89
67|130.89|130.89
68|130.89|130.89
69|130.89|130.89
70|130.89|130.89
71|130.89|130.89
72|130.89|130.89
73|130.89|130.89
74|130.89|130.89
75|130.89|130.89
76|130.89|130.89
77|130.89|130.89
78|130.89|130.89
79|130.89|130.89
80|130.89|130.89
81|130.89|130.89
82|130.89|130.89
83|130.89|130.89
84|130.89|130.89
85|130.89|130.89
86|130.89|130.89
87|130.89|130.89
88|130.89|130.89
89|130.89|130.89
90|130.89|130.89
91|130.89|130.89
92|130.89|130.89
93|130.89|130.89
94|130.89|130.89
95|130.89|130.89
96|130.89|130.89
97|130.89|130.89
98|130.89|130.89
99|130.89|130.89
100|130.89|130.89
101|130.89|130.89
102|130.89|130.89
103|130.89|130.89
104|130.89|130.89
105|130.89|130.89
106|130.89|130.89
107|130.89|130.89
108|130.89|130.89
109|130.89|130.89
110|130.89|130.89
111|130.89|130.89
112|130.89|130.89
113|130.89|130.89
114|130.89|130.89
115|130.89|130.89
116|130.89|130.89
117|130.89|130.89
118|130.89|130.89
119|130.89|130.89
120|130.89|130.89
121|130.89|130.89
122|130.89|130.89
123|130.89|130.89
124|130.89|130.89
125|130.89|130.89
126|130.89|130.89
127|130.89|130.89
128|130.89|130.89
129|130.89|130.89
130|130.89|130.89
131|130.89|130.89
132|130.89|130.89
133|130.89|130.89
134|130.89|130.89
135|130.89|130.89
136|130.89|130.89
137|130.89|130.89
138|130.89|130.89
139|130.89|130.89
140|130.89|130.89
141|130.89|130.89
142|130.89|130.89
143|130.89|130.89
144|130.89|130.89
145|130.89|130.89
146|130.89|130.89
147|130.89|130.89
148|130.89|130.89
149|130.89|130.89
150|130.89|130.89
151|130.89|130.89
EARLY STOP: TARGET FOUND
303092ms
