1|-1.22067|-1.22067
2|-1.22067|-1.22067
3|-1.22067|-1.22067
4|-1.22067|-1.22067
5|-1.22067|-1.22067
6|-1.22067|-1.22067
7|-1.22067|-1.22067
8|-1.22067|-1.22067
9|-1.22067|-1.22067
10|-1.22067|-1.22067
11|-1.22067|-1.22067
12|-1.22067|-1.22067
13|-1.22067|-1.22067
14|-1.22067|-1.22067
15|-1.22067|-1.22067
16|-1.22067|-1.22067
17|-1.22067|-1.22067
18|-1.22067|-1.22067
19|-1.22067|-1.22067
20|-1.22067|-1.22067
21|-1.22067|-1.22067
22|-1.22067|-1.22067
23|-1.22067|-1.22067
24|-1.22067|-1.22067
25|-1.22067|-1.22067
26|-1.22067|-1.22067
27|-1.22067|-1.22067
28|-1.22067|-1.22067
29|-1.22067|-1.22067
30|-1.22067|-1.22067
31|-1.22067|-1.22067
32|-1.22067|-1.22067
33|-1.22067|-1.22067
34|-1.22067|-1.22067
35|-1.22067|-1.22067
36|-1.22067|-1.22067
37|-1.22067|-1.22067
38|-1.22067|-1.22067
39|-1.22067|-1.22067
40|-1.22067|-1.22067
41|-1.22067|-1.22067
42|-1.22067|-1.22067
43|-1.22067|-1.22067
44|-1.22067|-1.22067
45|-1.22067|-1.22067
46|-1.22067|-1.22067
47|-1.22067|-1.22067
48|-1.22067|-1.22067
49|-1.22067|-1.22067
50|-1.22067|-1.22067
51|-1.22067|-1.22067
52|-1.22067|-1.22067
53|-1.22067|-1.22067
54|-1.22067|-1.22067
55|-1.22067|-1.22067
56|-1.22067|-1.22067
57|-1.22067|-1.22067
58|-1.22067|-1.22067
59|-1.22067|-1.22067
60|-1.22067|-1.22067
61|-1.22067|-1.22067
62|-1.22067|-1.22067
63|-1.22067|-1.22067
64|-1.22067|-1.22067
65|-1.22067|-1.22067
66|-1.22067|-1.22067
67|-1.22067|-1.22067
68|-1.22067|-1.22067
69|-1.22067|-1.22067
70|-1.22067|-1.22067
71|-1.22067|-1.22067
72|-1.22067|-1.22067
73|-1.22067|-1.22067
74|-1.22067|-1.22067
75|-1.22067|-1.22067
76|-1.22067|-1.22067
77|-1.22067|-1.22067
78|-1.22067|-1.22067
79|-1.22067|-1.22067
80|-1.22067|-1.22067
81|-1.22067|-1.22067
82|-1.22067|-1.22067
83|-1.22067|-1.22067
84|-1.22067|-1.22067
85|-1.22067|-1.22067
86|-1.22067|-1.22067
87|-1.22067|-1.22067
88|-1.22067|-1.22067
89|-1.22067|-1.22067
90|-1.22067|-1.22067
91|-1.22067|-1.22067
92|-1.22067|-1.22067
93|-1.22067|-1.22067
94|-1.22067|-1.22067
95|-1.22067|-1.22067
96|-1.22067|-1.22067
97|-1.22067|-1.22067
98|-1.22067|-1.22067
99|-1.22067|-1.22067
100|-1.22067|-1.22067
101|-1.22067|-1.22067
102|-1.22067|-1.22067
103|-1.22067|-1.22067
104|-1.22067|-1.22067
105|-1.22067|-1.22067
106|-1.22067|-1.22067
107|-1.22067|-1.22067
108|-1.22067|-1.22067
109|-1.22067|-1.22067
110|-1.22067|-1.22067
111|-1.22067|-1.22067
112|-1.22067|-1.22067
113|-1.22067|-1.22067
114|-1.22067|-1.22067
115|-1.22067|-1.22067
116|-1.22067|-1.22067
117|-1.22067|-1.22067
118|-1.22067|-1.22067
119|-1.22067|-1.22067
120|-1.22067|-1.22067
121|-1.22067|-1.22067
122|-1.22067|-1.22067
123|-1.22067|-1.22067
124|-1.22067|-1.22067
125|-1.22067|-1.22067
126|-1.22067|-1.22067
127|-1.22067|-1.22067
128|-1.22067|-1.22067
129|-1.22067|-1.22067
130|-1.22067|-1.22067
131|-1.22067|-1.22067
132|-1.22067|-1.22067
133|-1.22067|-1.22067
134|-1.22067|-1.22067
135|-1.22067|-1.22067
136|-1.22067|-1.22067
137|-1.22067|-1.22067
138|-1.22067|-1.22067
139|-1.22067|-1.22067
140|-1.22067|-1.22067
141|-1.22067|-1.22067
142|-1.22067|-1.22067
143|-1.22067|-1.22067
144|-1.22067|-1.22067
145|-1.22067|-1.22067
146|-1.22067|-1.22067
147|-1.22067|-1.22067
148|-1.22067|-1.22067
149|-1.22067|-1.22067
150|-1.22067|-1.22067
151|-1.22067|-1.22067
EARLY STOP: TARGET FOUND
208817ms
