1|47.0698|47.0698
2|47.0698|47.0698
3|47.0698|47.0698
4|47.0698|47.0698
5|47.0698|47.0698
6|47.0698|47.0698
7|47.0698|47.0698
8|47.0698|47.0698
9|47.0698|47.0698
10|47.0698|47.0698
11|47.0698|47.0698
12|47.0698|47.0698
13|47.0698|47.0698
14|47.0698|47.0698
15|47.0698|47.0698
16|47.0698|47.0698
17|47.0698|47.0698
18|47.0698|47.0698
19|47.0698|47.0698
20|47.0698|47.0698
21|47.0698|47.0698
22|47.0698|47.0698
23|47.0698|47.0698
24|47.0698|47.0698
25|47.0698|47.0698
26|47.0698|47.0698
27|47.0698|47.0698
28|47.0698|47.0698
29|47.0698|47.0698
30|47.0698|47.0698
31|47.0698|47.0698
32|47.0698|47.0698
33|47.0698|47.0698
34|47.0698|47.0698
35|47.0698|47.0698
36|47.0698|47.0698
37|47.0698|47.0698
38|47.0698|47.0698
39|47.0698|47.0698
40|47.0698|47.0698
41|47.0698|47.0698
42|47.0698|47.0698
43|47.0698|47.0698
44|47.0698|47.0698
45|47.0698|47.0698
46|47.0698|47.0698
47|47.0698|47.0698
48|47.0698|47.0698
49|47.0698|47.0698
50|47.0698|47.0698
51|47.0698|47.0698
52|47.0698|47.0698
53|47.0698|47.0698
54|47.0698|47.0698
55|47.0698|47.0698
56|47.0698|47.0698
57|47.0698|47.0698
58|47.0698|47.0698
59|47.0698|47.0698
60|47.0698|47.0698
61|47.0698|47.0698
62|47.0698|47.0698
63|47.0698|47.0698
64|47.0698|47.0698
65|47.0698|47.0698
66|47.0698|47.0698
67|47.0698|47.0698
68|47.0698|47.0698
69|47.0698|47.0698
70|47.0698|47.0698
71|47.0698|47.0698
72|47.0698|47.0698
73|47.0698|47.0698
74|47.0698|47.0698
75|47.0698|47.0698
76|47.0698|47.0698
77|47.0698|47.0698
78|47.0698|47.0698
79|47.0698|47.0698
80|47.0698|47.0698
81|47.0698|47.0698
82|47.0698|47.0698
83|47.0698|47.0698
84|47.0698|47.0698
85|47.0698|47.0698
86|47.0698|47.0698
87|47.0698|47.0698
88|47.0698|47.0698
89|47.0698|47.0698
90|47.0698|47.0698
91|47.0698|47.0698
92|47.0698|47.0698
93|47.0698|47.0698
94|47.0698|47.0698
95|47.0698|47.0698
96|47.0698|47.0698
97|47.0698|47.0698
98|47.0698|47.0698
99|47.0698|47.0698
100|47.0698|47.0698
101|47.0698|47.0698
102|47.0698|47.0698
103|47.0698|47.0698
104|47.0698|47.0698
105|47.0698|47.0698
106|47.0698|47.0698
107|47.0698|47.0698
108|47.0698|47.0698
109|47.0698|47.0698
110|47.0698|47.0698
111|47.0698|47.0698
112|47.0698|47.0698
113|47.0698|47.0698
114|47.0698|47.0698
115|47.0698|47.0698
116|47.0698|47.0698
117|47.0698|47.0698
118|47.0698|47.0698
119|47.0698|47.0698
120|47.0698|47.0698
121|47.0698|47.0698
122|47.0698|47.0698
123|47.0698|47.0698
124|47.0698|47.0698
125|47.0698|47.0698
126|47.0698|47.0698
127|47.0698|47.0698
128|47.0698|47.0698
129|47.0698|47.0698
130|47.0698|47.0698
131|47.0698|47.0698
132|47.0698|47.0698
133|47.0698|47.0698
134|47.0698|47.0698
135|47.0698|47.0698
136|47.0698|47.0698
137|47.0698|47.0698
138|47.0698|47.0698
139|47.0698|47.0698
140|47.0698|47.0698
141|47.0698|47.0698
142|47.0698|47.0698
143|47.0698|47.0698
144|47.0698|47.0698
145|47.0698|47.0698
146|47.0698|47.0698
147|47.0698|47.0698
148|47.0698|47.0698
149|47.0698|47.0698
150|47.0698|47.0698
151|47.0698|47.0698
EARLY STOP: TARGET FOUND
58870ms
