1|-708.53|-708.53
2|-708.53|-708.53
3|-708.53|-708.53
4|-708.53|-708.53
5|-708.53|-708.53
6|-708.53|-708.53
7|-708.53|-708.53
8|-708.53|-708.53
9|-708.53|-708.53
10|-708.53|-708.53
11|-708.53|-708.53
12|-708.53|-708.53
13|-708.53|-708.53
14|-708.53|-708.53
15|-708.53|-708.53
16|-708.53|-708.53
17|-708.53|-708.53
18|-708.53|-708.53
19|-708.53|-708.53
20|-708.53|-708.53
21|-708.53|-708.53
22|-708.53|-708.53
23|-708.53|-708.53
24|-708.53|-708.53
25|-708.53|-708.53
26|-708.53|-708.53
27|-708.53|-708.53
28|-708.53|-708.53
29|-708.53|-708.53
30|-708.53|-708.53
31|-708.53|-708.53
32|-708.53|-708.53
33|-708.53|-708.53
34|-708.53|-708.53
35|-708.53|-708.53
36|-708.53|-708.53
37|-708.53|-708.53
38|-708.53|-708.53
39|-708.53|-708.53
40|-708.53|-708.53
41|-708.53|-708.53
42|-708.53|-708.53
43|-708.53|-708.53
44|-708.53|-708.53
45|-708.53|-708.53
46|-708.53|-708.53
47|-708.53|-708.53
48|-708.53|-708.53
49|-708.53|-708.53
50|-708.53|-708.53
51|-708.53|-708.53
52|-708.53|-708.53
53|-708.53|-708.53
54|-708.53|-708.53
55|-708.53|-708.53
56|-708.53|-708.53
57|-708.53|-708.53
58|-708.53|-708.53
59|-708.53|-708.53
60|-708.53|-708.53
61|-708.53|-708.53
62|-708.53|-708.53
63|-708.53|-708.53
64|-708.53|-708.53
65|-708.53|-708.53
66|-708.53|-708.53
67|-708.53|-708.53
68|-708.53|-708.53
69|-708.53|-708.53
70|-708.53|-708.53
71|-708.53|-708.53
72|-708.53|-708.53
73|-708.53|-708.53
74|-708.53|-708.53
75|-708.53|-708.53
76|-708.53|-708.53
77|-708.53|-708.53
78|-708.53|-708.53
79|-708.53|-708.53
80|-708.53|-708.53
81|-708.53|-708.53
82|-708.53|-708.53
83|-708.53|-708.53
84|-708.53|-708.53
85|-708.53|-708.53
86|-708.53|-708.53
87|-708.53|-708.53
88|-708.53|-708.53
89|-708.53|-708.53
90|-708.53|-708.53
91|-708.53|-708.53
92|-708.53|-708.53
93|-708.53|-708.53
94|-708.53|-708.53
95|-708.53|-708.53
96|-708.53|-708.53
97|-708.53|-708.53
98|-708.53|-708.53
99|-708.53|-708.53
100|-708.53|-708.53
101|-708.53|-708.53
102|-708.53|-708.53
103|-708.53|-708.53
104|-708.53|-708.53
105|-708.53|-708.53
106|-708.53|-708.53
107|-708.53|-708.53
108|-708.53|-708.53
109|-708.53|-708.53
110|-708.53|-708.53
111|-708.53|-708.53
112|-708.53|-708.53
113|-708.53|-708.53
114|-708.53|-708.53
115|-708.53|-708.53
116|-708.53|-708.53
117|-708.53|-708.53
118|-708.53|-708.53
119|-708.53|-708.53
120|-708.53|-708.53
121|-708.53|-708.53
122|-708.53|-708.53
123|-708.53|-708.53
124|-708.53|-708.53
125|-708.53|-708.53
126|-708.53|-708.53
127|-708.53|-708.53
128|-708.53|-708.53
129|-708.53|-708.53
130|-708.53|-708.53
131|-708.53|-708.53
132|-708.53|-708.53
133|-708.53|-708.53
134|-708.53|-708.53
135|-708.53|-708.53
136|-708.53|-708.53
137|-708.53|-708.53
138|-708.53|-708.53
139|-708.53|-708.53
140|-708.53|-708.53
141|-708.53|-708.53
142|-708.53|-708.53
143|-708.53|-708.53
144|-708.53|-708.53
145|-708.53|-708.53
146|-708.53|-708.53
147|-708.53|-708.53
148|-708.53|-708.53
149|-708.53|-708.53
150|-708.53|-708.53
151|-708.53|-708.53
EARLY STOP: TARGET FOUND
2508454ms
