1|-1.31587|-1.31587
2|-1.31587|-1.31587
3|-1.31587|-1.31587
4|-1.31587|-1.31587
5|-1.31587|-1.31587
6|-1.31587|-1.31587
7|-1.31587|-1.31587
8|-1.31587|-1.31587
9|-1.31587|-1.31587
10|-1.31587|-1.31587
11|-1.31587|-1.31587
12|-1.31587|-1.31587
13|-1.31587|-1.31587
14|-1.31587|-1.31587
15|-1.31587|-1.31587
16|-1.31587|-1.31587
17|-1.31587|-1.31587
18|-1.31587|-1.31587
19|-1.31587|-1.31587
20|-1.31587|-1.31587
21|-1.31587|-1.31587
22|-1.31587|-1.31587
23|-1.31587|-1.31587
24|-1.31587|-1.31587
25|-1.31587|-1.31587
26|-1.31587|-1.31587
27|-1.31587|-1.31587
28|-1.31587|-1.31587
29|-1.31587|-1.31587
30|-1.31587|-1.31587
31|-1.31587|-1.31587
32|-1.31587|-1.31587
33|-1.31587|-1.31587
34|-1.31587|-1.31587
35|-1.31587|-1.31587
36|-1.31587|-1.31587
37|-1.31587|-1.31587
38|-1.31587|-1.31587
39|-1.31587|-1.31587
40|-1.31587|-1.31587
41|-1.31587|-1.31587
42|-1.31587|-1.31587
43|-1.31587|-1.31587
44|-1.31587|-1.31587
45|-1.31587|-1.31587
46|-1.31587|-1.31587
47|-1.31587|-1.31587
48|-1.31587|-1.31587
49|-1.31587|-1.31587
50|-1.31587|-1.31587
51|-1.31587|-1.31587
52|-1.31587|-1.31587
53|-1.31587|-1.31587
54|-1.31587|-1.31587
55|-1.31587|-1.31587
56|-1.31587|-1.31587
57|-1.31587|-1.31587
58|-1.31587|-1.31587
59|-1.31587|-1.31587
60|-1.31587|-1.31587
61|-1.31587|-1.31587
62|-1.31587|-1.31587
63|-1.31587|-1.31587
64|-1.31587|-1.31587
65|-1.31587|-1.31587
66|-1.31587|-1.31587
67|-1.31587|-1.31587
68|-1.31587|-1.31587
69|-1.31587|-1.31587
70|-1.31587|-1.31587
71|-1.31587|-1.31587
72|-1.31587|-1.31587
73|-1.31587|-1.31587
74|-1.31587|-1.31587
75|-1.31587|-1.31587
76|-1.31587|-1.31587
77|-1.31587|-1.31587
78|-1.31587|-1.31587
79|-1.31587|-1.31587
80|-1.31587|-1.31587
81|-1.31587|-1.31587
82|-1.31587|-1.31587
83|-1.31587|-1.31587
84|-1.31587|-1.31587
85|-1.31587|-1.31587
86|-1.31587|-1.31587
87|-1.31587|-1.31587
88|-1.31587|-1.31587
89|-1.31587|-1.31587
90|-1.31587|-1.31587
91|-1.31587|-1.31587
92|-1.31587|-1.31587
93|-1.31587|-1.31587
94|-1.31587|-1.31587
95|-1.31587|-1.31587
96|-1.31587|-1.31587
97|-1.31587|-1.31587
98|-1.31587|-1.31587
99|-1.31587|-1.31587
100|-1.31587|-1.31587
101|-1.31587|-1.31587
102|-1.31587|-1.31587
103|-1.31587|-1.31587
104|-1.31587|-1.31587
105|-1.31587|-1.31587
106|-1.31587|-1.31587
107|-1.31587|-1.31587
108|-1.31587|-1.31587
109|-1.31587|-1.31587
110|-1.31587|-1.31587
111|-1.31587|-1.31587
112|-1.31587|-1.31587
113|-1.31587|-1.31587
114|-1.31587|-1.31587
115|-1.31587|-1.31587
116|-1.31587|-1.31587
117|-1.31587|-1.31587
118|-1.31587|-1.31587
119|-1.31587|-1.31587
120|-1.31587|-1.31587
121|-1.31587|-1.31587
122|-1.31587|-1.31587
123|-1.31587|-1.31587
124|-1.31587|-1.31587
125|-1.31587|-1.31587
126|-1.31587|-1.31587
127|-1.31587|-1.31587
128|-1.31587|-1.31587
129|-1.31587|-1.31587
130|-1.31587|-1.31587
131|-1.31587|-1.31587
132|-1.31587|-1.31587
133|-1.31587|-1.31587
134|-1.31587|-1.31587
135|-1.31587|-1.31587
136|-1.31587|-1.31587
137|-1.31587|-1.31587
138|-1.31587|-1.31587
139|-1.31587|-1.31587
140|-1.31587|-1.31587
141|-1.31587|-1.31587
142|-1.31587|-1.31587
143|-1.31587|-1.31587
144|-1.31587|-1.31587
145|-1.31587|-1.31587
146|-1.31587|-1.31587
147|-1.31587|-1.31587
148|-1.31587|-1.31587
149|-1.31587|-1.31587
150|-1.31587|-1.31587
151|-1.31587|-1.31587
EARLY STOP: TARGET FOUND
212851ms
