1|75.9546|75.9546
2|75.9546|75.9546
3|75.9546|75.9546
4|75.9546|75.9546
5|75.9546|75.9546
6|75.9546|75.9546
7|75.9546|75.9546
8|75.9546|75.9546
9|75.9546|75.9546
10|75.9546|75.9546
11|75.9546|75.9546
12|75.9546|75.9546
13|75.9546|75.9546
14|75.9546|75.9546
15|75.9546|75.9546
16|75.9546|75.9546
17|75.9546|75.9546
18|75.9546|75.9546
19|75.9546|75.9546
20|75.9546|75.9546
21|75.9546|75.9546
22|75.9546|75.9546
23|75.9546|75.9546
24|75.9546|75.9546
25|75.9546|75.9546
26|75.9546|75.9546
27|75.9546|75.9546
28|75.9546|75.9546
29|75.9546|75.9546
30|75.9546|75.9546
31|75.9546|75.9546
32|75.9546|75.9546
33|75.9546|75.9546
34|75.9546|75.9546
35|75.9546|75.9546
36|75.9546|75.9546
37|75.9546|75.9546
38|75.9546|75.9546
39|75.9546|75.9546
40|75.9546|75.9546
41|75.9546|75.9546
42|75.9546|75.9546
43|75.9546|75.9546
44|75.9546|75.9546
45|75.9546|75.9546
46|75.9546|75.9546
47|75.9546|75.9546
48|75.9546|75.9546
49|75.9546|75.9546
50|75.9546|75.9546
51|75.9546|75.9546
52|75.9546|75.9546
53|75.9546|75.9546
54|75.9546|75.9546
55|75.9546|75.9546
56|75.9546|75.9546
57|75.9546|75.9546
58|75.9546|75.9546
59|75.9546|75.9546
60|75.9546|75.9546
61|75.9546|75.9546
62|75.9546|75.9546
63|75.9546|75.9546
64|75.9546|75.9546
65|75.9546|75.9546
66|75.9546|75.9546
67|75.9546|75.9546
68|75.9546|75.9546
69|75.9546|75.9546
70|75.9546|75.9546
71|75.9546|75.9546
72|75.9546|75.9546
73|75.9546|75.9546
74|75.9546|75.9546
75|75.9546|75.9546
76|75.9546|75.9546
77|75.9546|75.9546
78|75.9546|75.9546
79|75.9546|75.9546
80|75.9546|75.9546
81|75.9546|75.9546
82|75.9546|75.9546
83|75.9546|75.9546
84|75.9546|75.9546
85|75.9546|75.9546
86|75.9546|75.9546
87|75.9546|75.9546
88|75.9546|75.9546
89|75.9546|75.9546
90|75.9546|75.9546
91|75.9546|75.9546
92|75.9546|75.9546
93|75.9546|75.9546
94|75.9546|75.9546
95|75.9546|75.9546
96|75.9546|75.9546
97|75.9546|75.9546
98|75.9546|75.9546
99|75.9546|75.9546
100|75.9546|75.9546
101|75.9546|75.9546
102|75.9546|75.9546
103|75.9546|75.9546
104|75.9546|75.9546
105|75.9546|75.9546
106|75.9546|75.9546
107|75.9546|75.9546
108|75.9546|75.9546
109|75.9546|75.9546
110|75.9546|75.9546
111|75.9546|75.9546
112|75.9546|75.9546
113|75.9546|75.9546
114|75.9546|75.9546
115|75.9546|75.9546
116|75.9546|75.9546
117|75.9546|75.9546
118|75.9546|75.9546
119|75.9546|75.9546
120|75.9546|75.9546
121|75.9546|75.9546
122|75.9546|75.9546
123|75.9546|75.9546
124|75.9546|75.9546
125|75.9546|75.9546
126|75.9546|75.9546
127|75.9546|75.9546
128|75.9546|75.9546
129|75.9546|75.9546
130|75.9546|75.9546
131|75.9546|75.9546
132|75.9546|75.9546
133|75.9546|75.9546
134|75.9546|75.9546
135|75.9546|75.9546
136|75.9546|75.9546
137|75.9546|75.9546
138|75.9546|75.9546
139|75.9546|75.9546
140|75.9546|75.9546
141|75.9546|75.9546
142|75.9546|75.9546
143|75.9546|75.9546
144|75.9546|75.9546
145|75.9546|75.9546
146|75.9546|75.9546
147|75.9546|75.9546
148|75.9546|75.9546
149|75.9546|75.9546
150|75.9546|75.9546
151|75.9546|75.9546
EARLY STOP: TARGET FOUND
207289ms
