1|-717.47|-717.47
2|-717.47|-717.47
3|-717.47|-717.47
4|-717.47|-717.47
5|-717.47|-717.47
6|-717.47|-717.47
7|-717.47|-717.47
8|-717.47|-717.47
9|-717.47|-717.47
10|-717.47|-717.47
11|-717.47|-717.47
12|-717.47|-717.47
13|-717.47|-717.47
14|-717.47|-717.47
15|-717.47|-717.47
16|-717.47|-717.47
17|-717.47|-717.47
18|-717.47|-717.47
19|-717.47|-717.47
20|-717.47|-717.47
21|-717.47|-717.47
22|-717.47|-717.47
23|-717.47|-717.47
24|-717.47|-717.47
25|-717.47|-717.47
26|-717.47|-717.47
27|-717.47|-717.47
28|-717.47|-717.47
29|-717.47|-717.47
30|-717.47|-717.47
31|-717.47|-717.47
32|-717.47|-717.47
33|-717.47|-717.47
34|-717.47|-717.47
35|-717.47|-717.47
36|-717.47|-717.47
37|-717.47|-717.47
38|-717.47|-717.47
39|-717.47|-717.47
40|-717.47|-717.47
41|-717.47|-717.47
42|-717.47|-717.47
43|-717.47|-717.47
44|-717.47|-717.47
45|-717.47|-717.47
46|-717.47|-717.47
47|-717.47|-717.47
48|-717.47|-717.47
49|-717.47|-717.47
50|-717.47|-717.47
51|-717.47|-717.47
52|-717.47|-717.47
53|-717.47|-717.47
54|-717.47|-717.47
55|-717.47|-717.47
56|-717.47|-717.47
57|-717.47|-717.47
58|-717.47|-717.47
59|-717.47|-717.47
60|-717.47|-717.47
61|-717.47|-717.47
62|-717.47|-717.47
63|-717.47|-717.47
64|-717.47|-717.47
65|-717.47|-717.47
66|-717.47|-717.47
67|-717.47|-717.47
68|-717.47|-717.47
69|-717.47|-717.47
70|-717.47|-717.47
71|-717.47|-717.47
72|-717.47|-717.47
73|-717.47|-717.47
74|-717.47|-717.47
75|-717.47|-717.47
76|-717.47|-717.47
77|-717.47|-717.47
78|-717.47|-717.47
79|-717.47|-717.47
80|-717.47|-717.47
81|-717.47|-717.47
82|-717.47|-717.47
83|-717.47|-717.47
84|-717.47|-717.47
85|-717.47|-717.47
86|-717.47|-717.47
87|-717.47|-717.47
88|-717.47|-717.47
89|-717.47|-717.47
90|-717.47|-717.47
91|-717.47|-717.47
92|-717.47|-717.47
93|-717.47|-717.47
94|-717.47|-717.47
95|-717.47|-717.47
96|-717.47|-717.47
97|-717.47|-717.47
98|-717.47|-717.47
99|-717.47|-717.47
100|-717.47|-717.47
101|-717.47|-717.47
102|-717.47|-717.47
103|-717.47|-717.47
104|-717.47|-717.47
105|-717.47|-717.47
106|-717.47|-717.47
107|-717.47|-717.47
108|-717.47|-717.47
109|-717.47|-717.47
110|-717.47|-717.47
111|-717.47|-717.47
112|-717.47|-717.47
113|-717.47|-717.47
114|-717.47|-717.47
115|-717.47|-717.47
116|-717.47|-717.47
117|-717.47|-717.47
118|-717.47|-717.47
119|-717.47|-717.47
120|-717.47|-717.47
121|-717.47|-717.47
122|-717.47|-717.47
123|-717.47|-717.47
124|-717.47|-717.47
125|-717.47|-717.47
126|-717.47|-717.47
127|-717.47|-717.47
128|-717.47|-717.47
129|-717.47|-717.47
130|-717.47|-717.47
131|-717.47|-717.47
132|-717.47|-717.47
133|-717.47|-717.47
134|-717.47|-717.47
135|-717.47|-717.47
136|-717.47|-717.47
137|-717.47|-717.47
138|-717.47|-717.47
139|-717.47|-717.47
140|-717.47|-717.47
141|-717.47|-717.47
142|-717.47|-717.47
143|-717.47|-717.47
144|-717.47|-717.47
145|-717.47|-717.47
146|-717.47|-717.47
147|-717.47|-717.47
148|-717.47|-717.47
149|-717.47|-717.47
150|-717.47|-717.47
151|-717.47|-717.47
EARLY STOP: TARGET FOUND
2513598ms
