1|-1.21933|-1.21933
2|-1.21933|-1.21933
3|-1.21933|-1.21933
4|-1.21933|-1.21933
5|-1.21933|-1.21933
6|-1.21933|-1.21933
7|-1.21933|-1.21933
8|-1.21933|-1.21933
9|-1.21933|-1.21933
10|-1.21933|-1.21933
11|-1.21933|-1.21933
12|-1.21933|-1.21933
13|-1.21933|-1.21933
14|-1.21933|-1.21933
15|-1.21933|-1.21933
16|-1.21933|-1.21933
17|-1.21933|-1.21933
18|-1.21933|-1.21933
19|-1.21933|-1.21933
20|-1.21933|-1.21933
21|-1.21933|-1.21933
22|-1.21933|-1.21933
23|-1.21933|-1.21933
24|-1.21933|-1.21933
25|-1.21933|-1.21933
26|-1.21933|-1.21933
27|-1.21933|-1.21933
28|-1.21933|-1.21933
29|-1.21933|-1.21933
30|-1.21933|-1.21933
31|-1.21933|-1.21933
32|-1.21933|-1.21933
33|-1.21933|-1.21933
34|-1.21933|-1.21933
35|-1.21933|-1.21933
36|-1.21933|-1.21933
37|-1.21933|-1.21933
38|-1.21933|-1.21933
39|-1.21933|-1.21933
40|-1.21933|-1.21933
41|-1.21933|-1.21933
42|-1.21933|-1.21933
43|-1.21933|-1.21933
44|-1.21933|-1.21933
45|-1.21933|-1.21933
46|-1.21933|-1.21933
47|-1.21933|-1.21933
48|-1.21933|-1.21933
49|-1.21933|-1.21933
50|-1.21933|-1.21933
51|-1.21933|-1.21933
52|-1.21933|-1.21933
53|-1.21933|-1.21933
54|-1.21933|-1.21933
55|-1.21933|-1.21933
56|-1.21933|-1.21933
57|-1.21933|-1.21933
58|-1.21933|-1.21933
59|-1.21933|-1.21933
60|-1.21933|-1.21933
61|-1.21933|-1.21933
62|-1.21933|-1.21933
63|-1.21933|-1.21933
64|-1.21933|-1.21933
65|-1.21933|-1.21933
66|-1.21933|-1.21933
67|-1.21933|-1.21933
68|-1.21933|-1.21933
69|-1.21933|-1.21933
70|-1.21933|-1.21933
71|-1.21933|-1.21933
72|-1.21933|-1.21933
73|-1.21933|-1.21933
74|-1.21933|-1.21933
75|-1.21933|-1.21933
76|-1.21933|-1.21933
77|-1.21933|-1.21933
78|-1.21933|-1.21933
79|-1.21933|-1.21933
80|-1.21933|-1.21933
81|-1.21933|-1.21933
82|-1.21933|-1.21933
83|-1.21933|-1.21933
84|-1.21933|-1.21933
85|-1.21933|-1.21933
86|-1.21933|-1.21933
87|-1.21933|-1.21933
88|-1.21933|-1.21933
89|-1.21933|-1.21933
90|-1.21933|-1.21933
91|-1.21933|-1.21933
92|-1.21933|-1.21933
93|-1.21933|-1.21933
94|-1.21933|-1.21933
95|-1.21933|-1.21933
96|-1.21933|-1.21933
97|-1.21933|-1.21933
98|-1.21933|-1.21933
99|-1.21933|-1.21933
100|-1.21933|-1.21933
101|-1.21933|-1.21933
102|-1.21933|-1.21933
103|-1.21933|-1.21933
104|-1.21933|-1.21933
105|-1.21933|-1.21933
106|-1.21933|-1.21933
107|-1.21933|-1.21933
108|-1.21933|-1.21933
109|-1.21933|-1.21933
110|-1.21933|-1.21933
111|-1.21933|-1.21933
112|-1.21933|-1.21933
113|-1.21933|-1.21933
114|-1.21933|-1.21933
115|-1.21933|-1.21933
116|-1.21933|-1.21933
117|-1.21933|-1.21933
118|-1.21933|-1.21933
119|-1.21933|-1.21933
120|-1.21933|-1.21933
121|-1.21933|-1.21933
122|-1.21933|-1.21933
123|-1.21933|-1.21933
124|-1.21933|-1.21933
125|-1.21933|-1.21933
126|-1.21933|-1.21933
127|-1.21933|-1.21933
128|-1.21933|-1.21933
129|-1.21933|-1.21933
130|-1.21933|-1.21933
131|-1.21933|-1.21933
132|-1.21933|-1.21933
133|-1.21933|-1.21933
134|-1.21933|-1.21933
135|-1.21933|-1.21933
136|-1.21933|-1.21933
137|-1.21933|-1.21933
138|-1.21933|-1.21933
139|-1.21933|-1.21933
140|-1.21933|-1.21933
141|-1.21933|-1.21933
142|-1.21933|-1.21933
143|-1.21933|-1.21933
144|-1.21933|-1.21933
145|-1.21933|-1.21933
146|-1.21933|-1.21933
147|-1.21933|-1.21933
148|-1.21933|-1.21933
149|-1.21933|-1.21933
150|-1.21933|-1.21933
151|-1.21933|-1.21933
EARLY STOP: TARGET FOUND
62386ms
