1|244.525|244.525
2|244.525|244.525
3|244.525|244.525
4|244.525|244.525
5|244.525|244.525
6|244.525|244.525
7|244.525|244.525
8|244.525|244.525
9|244.525|244.525
10|244.525|244.525
11|244.525|244.525
12|244.525|244.525
13|244.525|244.525
14|244.525|244.525
15|244.525|244.525
16|244.525|244.525
17|244.525|244.525
18|244.525|244.525
19|244.525|244.525
20|244.525|244.525
21|244.525|244.525
22|244.525|244.525
23|244.525|244.525
24|244.525|244.525
25|244.525|244.525
26|244.525|244.525
27|244.525|244.525
28|244.525|244.525
29|244.525|244.525
30|244.525|244.525
31|244.525|244.525
32|244.525|244.525
33|244.525|244.525
34|244.525|244.525
35|244.525|244.525
36|244.525|244.525
37|244.525|244.525
38|244.525|244.525
39|244.525|244.525
40|244.525|244.525
41|244.525|244.525
42|244.525|244.525
43|244.525|244.525
44|244.525|244.525
45|244.525|244.525
46|244.525|244.525
47|244.525|244.525
48|244.525|244.525
49|244.525|244.525
50|244.525|244.525
51|244.525|244.525
52|244.525|244.525
53|244.525|244.525
54|244.525|244.525
55|244.525|244.525
56|244.525|244.525
57|244.525|244.525
58|244.525|244.525
59|244.525|244.525
60|244.525|244.525
61|244.525|244.525
62|244.525|244.525
63|244.525|244.525
64|244.525|244.525
65|244.525|244.525
66|244.525|244.525
67|244.525|244.525
68|244.525|244.525
69|244.525|244.525
70|244.525|244.525
71|244.525|244.525
72|244.525|244.525
73|244.525|244.525
74|244.525|244.525
75|244.525|244.525
76|244.525|244.525
77|244.525|244.525
78|244.525|244.525
79|244.525|244.525
80|244.525|244.525
81|244.525|244.525
82|244.525|244.525
83|244.525|244.525
84|244.525|244.525
85|244.525|244.525
86|244.525|244.525
87|244.525|244.525
88|244.525|244.525
89|244.525|244.525
90|244.525|244.525
91|244.525|244.525
92|244.525|244.525
93|244.525|244.525
94|244.525|244.525
95|244.525|244.525
96|244.525|244.525
97|244.525|244.525
98|244.525|244.525
99|244.525|244.525
100|244.525|244.525
101|244.525|244.525
102|244.525|244.525
103|244.525|244.525
104|244.525|244.525
105|244.525|244.525
106|244.525|244.525
107|244.525|244.525
108|244.525|244.525
109|244.525|244.525
110|244.525|244.525
111|244.525|244.525
112|244.525|244.525
113|244.525|244.525
114|244.525|244.525
115|244.525|244.525
116|244.525|244.525
117|244.525|244.525
118|244.525|244.525
119|244.525|244.525
120|244.525|244.525
121|244.525|244.525
122|244.525|244.525
123|244.525|244.525
124|244.525|244.525
125|244.525|244.525
126|244.525|244.525
127|244.525|244.525
128|244.525|244.525
129|244.525|244.525
130|244.525|244.525
131|244.525|244.525
132|244.525|244.525
133|244.525|244.525
134|244.525|244.525
135|244.525|244.525
136|244.525|244.525
137|244.525|244.525
138|244.525|244.525
139|244.525|244.525
140|244.525|244.525
141|244.525|244.525
142|244.525|244.525
143|244.525|244.525
144|244.525|244.525
145|244.525|244.525
146|244.525|244.525
147|244.525|244.525
148|244.525|244.525
149|244.525|244.525
150|244.525|244.525
151|244.525|244.525
EARLY STOP: TARGET FOUND
1716838ms
