1|158.874|158.874
2|158.874|158.874
3|158.874|158.874
4|158.874|158.874
5|158.874|158.874
6|158.874|158.874
7|158.874|158.874
8|158.874|158.874
9|158.874|158.874
10|158.874|158.874
11|158.874|158.874
12|158.874|158.874
13|158.874|158.874
14|158.874|158.874
15|158.874|158.874
16|158.874|158.874
17|158.874|158.874
18|158.874|158.874
19|158.874|158.874
20|158.874|158.874
21|158.874|158.874
22|158.874|158.874
23|158.874|158.874
24|158.874|158.874
25|158.874|158.874
26|158.874|158.874
27|158.874|158.874
28|158.874|158.874
29|158.874|158.874
30|158.874|158.874
31|158.874|158.874
32|158.874|158.874
33|158.874|158.874
34|158.874|158.874
35|158.874|158.874
36|158.874|158.874
37|158.874|158.874
38|158.874|158.874
39|158.874|158.874
40|158.874|158.874
41|158.874|158.874
42|158.874|158.874
43|158.874|158.874
44|158.874|158.874
45|158.874|158.874
46|158.874|158.874
47|158.874|158.874
48|158.874|158.874
49|158.874|158.874
50|158.874|158.874
51|158.874|158.874
52|158.874|158.874
53|158.874|158.874
54|158.874|158.874
55|158.874|158.874
56|158.874|158.874
57|158.874|158.874
58|158.874|158.874
59|158.874|158.874
60|158.874|158.874
61|158.874|158.874
62|158.874|158.874
63|158.874|158.874
64|158.874|158.874
65|158.874|158.874
66|158.874|158.874
67|158.874|158.874
68|158.874|158.874
69|158.874|158.874
70|158.874|158.874
71|158.874|158.874
72|158.874|158.874
73|158.874|158.874
74|158.874|158.874
75|158.874|158.874
76|158.874|158.874
77|158.874|158.874
78|158.874|158.874
79|158.874|158.874
80|158.874|158.874
81|158.874|158.874
82|158.874|158.874
83|158.874|158.874
84|158.874|158.874
85|158.874|158.874
86|158.874|158.874
87|158.874|158.874
88|158.874|158.874
89|158.874|158.874
90|158.874|158.874
91|158.874|158.874
92|158.874|158.874
93|158.874|158.874
94|158.874|158.874
95|158.874|158.874
96|158.874|158.874
97|158.874|158.874
98|158.874|158.874
99|158.874|158.874
100|158.874|158.874
101|158.874|158.874
102|158.874|158.874
103|158.874|158.874
104|158.874|158.874
105|158.874|158.874
106|158.874|158.874
107|158.874|158.874
108|158.874|158.874
109|158.874|158.874
110|158.874|158.874
111|158.874|158.874
112|158.874|158.874
113|158.874|158.874
114|158.874|158.874
115|158.874|158.874
116|158.874|158.874
117|158.874|158.874
118|158.874|158.874
119|158.874|158.874
120|158.874|158.874
121|158.874|158.874
122|158.874|158.874
123|158.874|158.874
124|158.874|158.874
125|158.874|158.874
126|158.874|158.874
127|158.874|158.874
128|158.874|158.874
129|158.874|158.874
130|158.874|158.874
131|158.874|158.874
132|158.874|158.874
133|158.874|158.874
134|158.874|158.874
135|158.874|158.874
136|158.874|158.874
137|158.874|158.874
138|158.874|158.874
139|158.874|158.874
140|158.874|158.874
141|158.874|158.874
142|158.874|158.874
143|158.874|158.874
144|158.874|158.874
145|158.874|158.874
146|158.874|158.874
147|158.874|158.874
148|158.874|158.874
149|158.874|158.874
150|158.874|158.874
151|158.874|158.874
EARLY STOP: TARGET FOUND
213858ms
