1|104.215|104.215
2|104.215|104.215
3|104.215|104.215
4|104.215|104.215
5|104.215|104.215
6|104.215|104.215
7|104.215|104.215
8|104.215|104.215
9|104.215|104.215
10|104.215|104.215
11|104.215|104.215
12|104.215|104.215
13|104.215|104.215
14|104.215|104.215
15|104.215|104.215
16|104.215|104.215
17|104.215|104.215
18|104.215|104.215
19|104.215|104.215
20|104.215|104.215
21|104.215|104.215
22|104.215|104.215
23|104.215|104.215
24|104.215|104.215
25|104.215|104.215
26|104.215|104.215
27|104.215|104.215
28|104.215|104.215
29|104.215|104.215
30|104.215|104.215
31|104.215|104.215
32|104.215|104.215
33|104.215|104.215
34|104.215|104.215
35|104.215|104.215
36|104.215|104.215
37|104.215|104.215
38|104.215|104.215
39|104.215|104.215
40|104.215|104.215
41|104.215|104.215
42|104.215|104.215
43|104.215|104.215
44|104.215|104.215
45|104.215|104.215
46|104.215|104.215
47|104.215|104.215
48|104.215|104.215
49|104.215|104.215
50|104.215|104.215
51|104.215|104.215
52|104.215|104.215
53|104.215|104.215
54|104.215|104.215
55|104.215|104.215
56|104.215|104.215
57|104.215|104.215
58|104.215|104.215
59|104.215|104.215
60|104.215|104.215
61|104.215|104.215
62|104.215|104.215
63|104.215|104.215
64|104.215|104.215
65|104.215|104.215
66|104.215|104.215
67|104.215|104.215
68|104.215|104.215
69|104.215|104.215
70|104.215|104.215
71|104.215|104.215
72|104.215|104.215
73|104.215|104.215
74|104.215|104.215
75|104.215|104.215
76|104.215|104.215
77|104.215|104.215
78|104.215|104.215
79|104.215|104.215
80|104.215|104.215
81|104.215|104.215
82|104.215|104.215
83|104.215|104.215
84|104.215|104.215
85|104.215|104.215
86|104.215|104.215
87|104.215|104.215
88|104.215|104.215
89|104.215|104.215
90|104.215|104.215
91|104.215|104.215
92|104.215|104.215
93|104.215|104.215
94|104.215|104.215
95|104.215|104.215
96|104.215|104.215
97|104.215|104.215
98|104.215|104.215
99|104.215|104.215
100|104.215|104.215
101|104.215|104.215
102|104.215|104.215
103|104.215|104.215
104|104.215|104.215
105|104.215|104.215
106|104.215|104.215
107|104.215|104.215
108|104.215|104.215
109|104.215|104.215
110|104.215|104.215
111|104.215|104.215
112|104.215|104.215
113|104.215|104.215
114|104.215|104.215
115|104.215|104.215
116|104.215|104.215
117|104.215|104.215
118|104.215|104.215
119|104.215|104.215
120|104.215|104.215
121|104.215|104.215
122|104.215|104.215
123|104.215|104.215
124|104.215|104.215
125|104.215|104.215
126|104.215|104.215
127|104.215|104.215
128|104.215|104.215
129|104.215|104.215
130|104.215|104.215
131|104.215|104.215
132|104.215|104.215
133|104.215|104.215
134|104.215|104.215
135|104.215|104.215
136|104.215|104.215
137|104.215|104.215
138|104.215|104.215
139|104.215|104.215
140|104.215|104.215
141|104.215|104.215
142|104.215|104.215
143|104.215|104.215
144|104.215|104.215
145|104.215|104.215
146|104.215|104.215
147|104.215|104.215
148|104.215|104.215
149|104.215|104.215
150|104.215|104.215
151|104.215|104.215
EARLY STOP: TARGET FOUND
59920ms
