1|329.466|329.466
2|329.466|329.466
3|329.466|329.466
4|329.466|329.466
5|329.466|329.466
6|329.466|329.466
7|329.466|329.466
8|329.466|329.466
9|329.466|329.466
10|329.466|329.466
11|329.466|329.466
12|329.466|329.466
13|329.466|329.466
14|329.466|329.466
15|329.466|329.466
16|329.466|329.466
17|329.466|329.466
18|329.466|329.466
19|329.466|329.466
20|329.466|329.466
21|329.466|329.466
22|329.466|329.466
23|329.466|329.466
24|329.466|329.466
25|329.466|329.466
26|329.466|329.466
27|329.466|329.466
28|329.466|329.466
29|329.466|329.466
30|329.466|329.466
31|329.466|329.466
32|329.466|329.466
33|329.466|329.466
34|329.466|329.466
35|329.466|329.466
36|329.466|329.466
37|329.466|329.466
38|329.466|329.466
39|329.466|329.466
40|329.466|329.466
41|329.466|329.466
42|329.466|329.466
43|329.466|329.466
44|329.466|329.466
45|329.466|329.466
46|329.466|329.466
47|329.466|329.466
48|329.466|329.466
49|329.466|329.466
50|329.466|329.466
51|329.466|329.466
52|329.466|329.466
53|329.466|329.466
54|329.466|329.466
55|329.466|329.466
56|329.466|329.466
57|329.466|329.466
58|329.466|329.466
59|329.466|329.466
60|329.466|329.466
61|329.466|329.466
62|329.466|329.466
63|329.466|329.466
64|329.466|329.466
65|329.466|329.466
66|329.466|329.466
67|329.466|329.466
68|329.466|329.466
69|329.466|329.466
70|329.466|329.466
71|329.466|329.466
72|329.466|329.466
73|329.466|329.466
74|329.466|329.466
75|329.466|329.466
76|329.466|329.466
77|329.466|329.466
78|329.466|329.466
79|329.466|329.466
80|329.466|329.466
81|329.466|329.466
82|329.466|329.466
83|329.466|329.466
84|329.466|329.466
85|329.466|329.466
86|329.466|329.466
87|329.466|329.466
88|329.466|329.466
89|329.466|329.466
90|329.466|329.466
91|329.466|329.466
92|329.466|329.466
93|329.466|329.466
94|329.466|329.466
95|329.466|329.466
96|329.466|329.466
97|329.466|329.466
98|329.466|329.466
99|329.466|329.466
100|329.466|329.466
101|329.466|329.466
102|329.466|329.466
103|329.466|329.466
104|329.466|329.466
105|329.466|329.466
106|329.466|329.466
107|329.466|329.466
108|329.466|329.466
109|329.466|329.466
110|329.466|329.466
111|329.466|329.466
112|329.466|329.466
113|329.466|329.466
114|329.466|329.466
115|329.466|329.466
116|329.466|329.466
117|329.466|329.466
118|329.466|329.466
119|329.466|329.466
120|329.466|329.466
121|329.466|329.466
122|329.466|329.466
123|329.466|329.466
124|329.466|329.466
125|329.466|329.466
126|329.466|329.466
127|329.466|329.466
128|329.466|329.466
129|329.466|329.466
130|329.466|329.466
131|329.466|329.466
132|329.466|329.466
133|329.466|329.466
134|329.466|329.466
135|329.466|329.466
136|329.466|329.466
137|329.466|329.466
138|329.466|329.466
139|329.466|329.466
140|329.466|329.466
141|329.466|329.466
142|329.466|329.466
143|329.466|329.466
144|329.466|329.466
145|329.466|329.466
146|329.466|329.466
147|329.466|329.466
148|329.466|329.466
149|329.466|329.466
150|329.466|329.466
151|329.466|329.466
EARLY STOP: TARGET FOUND
2498391ms
