1|61.5905|61.5905
2|61.5905|61.5905
3|61.5905|61.5905
4|61.5905|61.5905
5|61.5905|61.5905
6|61.5905|61.5905
7|61.5905|61.5905
8|61.5905|61.5905
9|61.5905|61.5905
10|61.5905|61.5905
11|61.5905|61.5905
12|61.5905|61.5905
13|61.5905|61.5905
14|61.5905|61.5905
15|61.5905|61.5905
16|61.5905|61.5905
17|61.5905|61.5905
18|61.5905|61.5905
19|61.5905|61.5905
20|61.5905|61.5905
21|61.5905|61.5905
22|61.5905|61.5905
23|61.5905|61.5905
24|61.5905|61.5905
25|61.5905|61.5905
26|61.5905|61.5905
27|61.5905|61.5905
28|61.5905|61.5905
29|61.5905|61.5905
30|61.5905|61.5905
31|61.5905|61.5905
32|61.5905|61.5905
33|61.5905|61.5905
34|61.5905|61.5905
35|61.5905|61.5905
36|61.5905|61.5905
37|61.5905|61.5905
38|61.5905|61.5905
39|61.5905|61.5905
40|61.5905|61.5905
41|61.5905|61.5905
42|61.5905|61.5905
43|61.5905|61.5905
44|61.5905|61.5905
45|61.5905|61.5905
46|61.5905|61.5905
47|61.5905|61.5905
48|61.5905|61.5905
49|61.5905|61.5905
50|61.5905|61.5905
51|61.5905|61.5905
52|61.5905|61.5905
53|61.5905|61.5905
54|61.5905|61.5905
55|61.5905|61.5905
56|61.5905|61.5905
57|61.5905|61.5905
58|61.5905|61.5905
59|61.5905|61.5905
60|61.5905|61.5905
61|61.5905|61.5905
62|61.5905|61.5905
63|61.5905|61.5905
64|61.5905|61.5905
65|61.5905|61.5905
66|61.5905|61.5905
67|61.5905|61.5905
68|61.5905|61.5905
69|61.5905|61.5905
70|61.5905|61.5905
71|61.5905|61.5905
72|61.5905|61.5905
73|61.5905|61.5905
74|61.5905|61.5905
75|61.5905|61.5905
76|61.5905|61.5905
77|61.5905|61.5905
78|61.5905|61.5905
79|61.5905|61.5905
80|61.5905|61.5905
81|61.5905|61.5905
82|61.5905|61.5905
83|61.5905|61.5905
84|61.5905|61.5905
85|61.5905|61.5905
86|61.5905|61.5905
87|61.5905|61.5905
88|61.5905|61.5905
89|61.5905|61.5905
90|61.5905|61.5905
91|61.5905|61.5905
92|61.5905|61.5905
93|61.5905|61.5905
94|61.5905|61.5905
95|61.5905|61.5905
96|61.5905|61.5905
97|61.5905|61.5905
98|61.5905|61.5905
99|61.5905|61.5905
100|61.5905|61.5905
101|61.5905|61.5905
102|61.5905|61.5905
103|61.5905|61.5905
104|61.5905|61.5905
105|61.5905|61.5905
106|61.5905|61.5905
107|61.5905|61.5905
108|61.5905|61.5905
109|61.5905|61.5905
110|61.5905|61.5905
111|61.5905|61.5905
112|61.5905|61.5905
113|61.5905|61.5905
114|61.5905|61.5905
115|61.5905|61.5905
116|61.5905|61.5905
117|61.5905|61.5905
118|61.5905|61.5905
119|61.5905|61.5905
120|61.5905|61.5905
121|61.5905|61.5905
122|61.5905|61.5905
123|61.5905|61.5905
124|61.5905|61.5905
125|61.5905|61.5905
126|61.5905|61.5905
127|61.5905|61.5905
128|61.5905|61.5905
129|61.5905|61.5905
130|61.5905|61.5905
131|61.5905|61.5905
132|61.5905|61.5905
133|61.5905|61.5905
134|61.5905|61.5905
135|61.5905|61.5905
136|61.5905|61.5905
137|61.5905|61.5905
138|61.5905|61.5905
139|61.5905|61.5905
140|61.5905|61.5905
141|61.5905|61.5905
142|61.5905|61.5905
143|61.5905|61.5905
144|61.5905|61.5905
145|61.5905|61.5905
146|61.5905|61.5905
147|61.5905|61.5905
148|61.5905|61.5905
149|61.5905|61.5905
150|61.5905|61.5905
151|61.5905|61.5905
EARLY STOP: TARGET FOUND
59405ms
