1|25.0007|25.0007
2|25.0007|25.0007
3|25.0007|25.0007
4|25.0007|25.0007
5|25.0007|25.0007
6|25.0007|25.0007
7|25.0007|25.0007
8|25.0007|25.0007
9|25.0007|25.0007
10|25.0007|25.0007
11|25.0007|25.0007
12|25.0007|25.0007
13|25.0007|25.0007
14|25.0007|25.0007
15|25.0007|25.0007
16|25.0007|25.0007
17|25.0007|25.0007
18|25.0007|25.0007
19|25.0007|25.0007
20|25.0007|25.0007
21|25.0007|25.0007
22|25.0007|25.0007
23|25.0007|25.0007
24|25.0007|25.0007
25|25.0007|25.0007
26|25.0007|25.0007
27|25.0007|25.0007
28|25.0007|25.0007
29|25.0007|25.0007
30|25.0007|25.0007
31|25.0007|25.0007
32|25.0007|25.0007
33|25.0007|25.0007
34|25.0007|25.0007
35|25.0007|25.0007
36|25.0007|25.0007
37|25.0007|25.0007
38|25.0007|25.0007
39|25.0007|25.0007
40|25.0007|25.0007
41|25.0007|25.0007
42|25.0007|25.0007
43|25.0007|25.0007
44|25.0007|25.0007
45|25.0007|25.0007
46|25.0007|25.0007
47|25.0007|25.0007
48|25.0007|25.0007
49|25.0007|25.0007
50|25.0007|25.0007
51|25.0007|25.0007
52|25.0007|25.0007
53|25.0007|25.0007
54|25.0007|25.0007
55|25.0007|25.0007
56|25.0007|25.0007
57|25.0007|25.0007
58|25.0007|25.0007
59|25.0007|25.0007
60|25.0007|25.0007
61|25.0007|25.0007
62|25.0007|25.0007
63|25.0007|25.0007
64|25.0007|25.0007
65|25.0007|25.0007
66|25.0007|25.0007
67|25.0007|25.0007
68|25.0007|25.0007
69|25.0007|25.0007
70|25.0007|25.0007
71|25.0007|25.0007
72|25.0007|25.0007
73|25.0007|25.0007
74|25.0007|25.0007
75|25.0007|25.0007
76|25.0007|25.0007
77|25.0007|25.0007
78|25.0007|25.0007
79|25.0007|25.0007
80|25.0007|25.0007
81|25.0007|25.0007
82|25.0007|25.0007
83|25.0007|25.0007
84|25.0007|25.0007
85|25.0007|25.0007
86|25.0007|25.0007
87|25.0007|25.0007
88|25.0007|25.0007
89|25.0007|25.0007
90|25.0007|25.0007
91|25.0007|25.0007
92|25.0007|25.0007
93|25.0007|25.0007
94|25.0007|25.0007
95|25.0007|25.0007
96|25.0007|25.0007
97|25.0007|25.0007
98|25.0007|25.0007
99|25.0007|25.0007
100|25.0007|25.0007
101|25.0007|25.0007
102|25.0007|25.0007
103|25.0007|25.0007
104|25.0007|25.0007
105|25.0007|25.0007
106|25.0007|25.0007
107|25.0007|25.0007
108|25.0007|25.0007
109|25.0007|25.0007
110|25.0007|25.0007
111|25.0007|25.0007
112|25.0007|25.0007
113|25.0007|25.0007
114|25.0007|25.0007
115|25.0007|25.0007
116|25.0007|25.0007
117|25.0007|25.0007
118|25.0007|25.0007
119|25.0007|25.0007
120|25.0007|25.0007
121|25.0007|25.0007
122|25.0007|25.0007
123|25.0007|25.0007
124|25.0007|25.0007
125|25.0007|25.0007
126|25.0007|25.0007
127|25.0007|25.0007
128|25.0007|25.0007
129|25.0007|25.0007
130|25.0007|25.0007
131|25.0007|25.0007
132|25.0007|25.0007
133|25.0007|25.0007
134|25.0007|25.0007
135|25.0007|25.0007
136|25.0007|25.0007
137|25.0007|25.0007
138|25.0007|25.0007
139|25.0007|25.0007
140|25.0007|25.0007
141|25.0007|25.0007
142|25.0007|25.0007
143|25.0007|25.0007
144|25.0007|25.0007
145|25.0007|25.0007
146|25.0007|25.0007
147|25.0007|25.0007
148|25.0007|25.0007
149|25.0007|25.0007
150|25.0007|25.0007
151|25.0007|25.0007
EARLY STOP: TARGET FOUND
206439ms
