1|112.807|112.807
2|112.807|112.807
3|112.807|112.807
4|112.807|112.807
5|112.807|112.807
6|112.807|112.807
7|112.807|112.807
8|112.807|112.807
9|112.807|112.807
10|112.807|112.807
11|112.807|112.807
12|112.807|112.807
13|112.807|112.807
14|112.807|112.807
15|112.807|112.807
16|112.807|112.807
17|112.807|112.807
18|112.807|112.807
19|112.807|112.807
20|112.807|112.807
21|112.807|112.807
22|112.807|112.807
23|112.807|112.807
24|112.807|112.807
25|112.807|112.807
26|112.807|112.807
27|112.807|112.807
28|112.807|112.807
29|112.807|112.807
30|112.807|112.807
31|112.807|112.807
32|112.807|112.807
33|112.807|112.807
34|112.807|112.807
35|112.807|112.807
36|112.807|112.807
37|112.807|112.807
38|112.807|112.807
39|112.807|112.807
40|112.807|112.807
41|112.807|112.807
42|112.807|112.807
43|112.807|112.807
44|112.807|112.807
45|112.807|112.807
46|112.807|112.807
47|112.807|112.807
48|112.807|112.807
49|112.807|112.807
50|112.807|112.807
51|112.807|112.807
52|112.807|112.807
53|112.807|112.807
54|112.807|112.807
55|112.807|112.807
56|112.807|112.807
57|112.807|112.807
58|112.807|112.807
59|112.807|112.807
60|112.807|112.807
61|112.807|112.807
62|112.807|112.807
63|112.807|112.807
64|112.807|112.807
65|112.807|112.807
66|112.807|112.807
67|112.807|112.807
68|112.807|112.807
69|112.807|112.807
70|112.807|112.807
71|112.807|112.807
72|112.807|112.807
73|112.807|112.807
74|112.807|112.807
75|112.807|112.807
76|112.807|112.807
77|112.807|112.807
78|112.807|112.807
79|112.807|112.807
80|112.807|112.807
81|112.807|112.807
82|112.807|112.807
83|112.807|112.807
84|112.807|112.807
85|112.807|112.807
86|112.807|112.807
87|112.807|112.807
88|112.807|112.807
89|112.807|112.807
90|112.807|112.807
91|112.807|112.807
92|112.807|112.807
93|112.807|112.807
94|112.807|112.807
95|112.807|112.807
96|112.807|112.807
97|112.807|112.807
98|112.807|112.807
99|112.807|112.807
100|112.807|112.807
101|112.807|112.807
102|112.807|112.807
103|112.807|112.807
104|112.807|112.807
105|112.807|112.807
106|112.807|112.807
107|112.807|112.807
108|112.807|112.807
109|112.807|112.807
110|112.807|112.807
111|112.807|112.807
112|112.807|112.807
113|112.807|112.807
114|112.807|112.807
115|112.807|112.807
116|112.807|112.807
117|112.807|112.807
118|112.807|112.807
119|112.807|112.807
120|112.807|112.807
121|112.807|112.807
122|112.807|112.807
123|112.807|112.807
124|112.807|112.807
125|112.807|112.807
126|112.807|112.807
127|112.807|112.807
128|112.807|112.807
129|112.807|112.807
130|112.807|112.807
131|112.807|112.807
132|112.807|112.807
133|112.807|112.807
134|112.807|112.807
135|112.807|112.807
136|112.807|112.807
137|112.807|112.807
138|112.807|112.807
139|112.807|112.807
140|112.807|112.807
141|112.807|112.807
142|112.807|112.807
143|112.807|112.807
144|112.807|112.807
145|112.807|112.807
146|112.807|112.807
147|112.807|112.807
148|112.807|112.807
149|112.807|112.807
150|112.807|112.807
151|112.807|112.807
EARLY STOP: TARGET FOUND
2570049ms
