1|226.052|226.052
2|226.052|226.052
3|226.052|226.052
4|226.052|226.052
5|226.052|226.052
6|226.052|226.052
7|226.052|226.052
8|226.052|226.052
9|226.052|226.052
10|226.052|226.052
11|226.052|226.052
12|226.052|226.052
13|226.052|226.052
14|226.052|226.052
15|226.052|226.052
16|226.052|226.052
17|226.052|226.052
18|226.052|226.052
19|226.052|226.052
20|226.052|226.052
21|226.052|226.052
22|226.052|226.052
23|226.052|226.052
24|226.052|226.052
25|226.052|226.052
26|226.052|226.052
27|226.052|226.052
28|226.052|226.052
29|226.052|226.052
30|226.052|226.052
31|226.052|226.052
32|226.052|226.052
33|226.052|226.052
34|226.052|226.052
35|226.052|226.052
36|226.052|226.052
37|226.052|226.052
38|226.052|226.052
39|226.052|226.052
40|226.052|226.052
41|226.052|226.052
42|226.052|226.052
43|226.052|226.052
44|226.052|226.052
45|226.052|226.052
46|226.052|226.052
47|226.052|226.052
48|226.052|226.052
49|226.052|226.052
50|226.052|226.052
51|226.052|226.052
52|226.052|226.052
53|226.052|226.052
54|226.052|226.052
55|226.052|226.052
56|226.052|226.052
57|226.052|226.052
58|226.052|226.052
59|226.052|226.052
60|226.052|226.052
61|226.052|226.052
62|226.052|226.052
63|226.052|226.052
64|226.052|226.052
65|226.052|226.052
66|226.052|226.052
67|226.052|226.052
68|226.052|226.052
69|226.052|226.052
70|226.052|226.052
71|226.052|226.052
72|226.052|226.052
73|226.052|226.052
74|226.052|226.052
75|226.052|226.052
76|226.052|226.052
77|226.052|226.052
78|226.052|226.052
79|226.052|226.052
80|226.052|226.052
81|226.052|226.052
82|226.052|226.052
83|226.052|226.052
84|226.052|226.052
85|226.052|226.052
86|226.052|226.052
87|226.052|226.052
88|226.052|226.052
89|226.052|226.052
90|226.052|226.052
91|226.052|226.052
92|226.052|226.052
93|226.052|226.052
94|226.052|226.052
95|226.052|226.052
96|226.052|226.052
97|226.052|226.052
98|226.052|226.052
99|226.052|226.052
100|226.052|226.052
101|226.052|226.052
102|226.052|226.052
103|226.052|226.052
104|226.052|226.052
105|226.052|226.052
106|226.052|226.052
107|226.052|226.052
108|226.052|226.052
109|226.052|226.052
110|226.052|226.052
111|226.052|226.052
112|226.052|226.052
113|226.052|226.052
114|226.052|226.052
115|226.052|226.052
116|226.052|226.052
117|226.052|226.052
118|226.052|226.052
119|226.052|226.052
120|226.052|226.052
121|226.052|226.052
122|226.052|226.052
123|226.052|226.052
124|226.052|226.052
125|226.052|226.052
126|226.052|226.052
127|226.052|226.052
128|226.052|226.052
129|226.052|226.052
130|226.052|226.052
131|226.052|226.052
132|226.052|226.052
133|226.052|226.052
134|226.052|226.052
135|226.052|226.052
136|226.052|226.052
137|226.052|226.052
138|226.052|226.052
139|226.052|226.052
140|226.052|226.052
141|226.052|226.052
142|226.052|226.052
143|226.052|226.052
144|226.052|226.052
145|226.052|226.052
146|226.052|226.052
147|226.052|226.052
148|226.052|226.052
149|226.052|226.052
150|226.052|226.052
151|226.052|226.052
EARLY STOP: TARGET FOUND
1721151ms
