1|-228.859|-228.859
2|-228.859|-228.859
3|-228.859|-228.859
4|-228.859|-228.859
5|-228.859|-228.859
6|-228.859|-228.859
7|-228.859|-228.859
8|-228.859|-228.859
9|-228.859|-228.859
10|-228.859|-228.859
11|-228.859|-228.859
12|-228.859|-228.859
13|-228.859|-228.859
14|-228.859|-228.859
15|-228.859|-228.859
16|-228.859|-228.859
17|-228.859|-228.859
18|-228.859|-228.859
19|-228.859|-228.859
20|-228.859|-228.859
21|-228.859|-228.859
22|-228.859|-228.859
23|-228.859|-228.859
24|-228.859|-228.859
25|-228.859|-228.859
26|-228.859|-228.859
27|-228.859|-228.859
28|-228.859|-228.859
29|-228.859|-228.859
30|-228.859|-228.859
31|-228.859|-228.859
32|-228.859|-228.859
33|-228.859|-228.859
34|-228.859|-228.859
35|-228.859|-228.859
36|-228.859|-228.859
37|-228.859|-228.859
38|-228.859|-228.859
39|-228.859|-228.859
40|-228.859|-228.859
41|-228.859|-228.859
42|-228.859|-228.859
43|-228.859|-228.859
44|-228.859|-228.859
45|-228.859|-228.859
46|-228.859|-228.859
47|-228.859|-228.859
48|-228.859|-228.859
49|-228.859|-228.859
50|-228.859|-228.859
51|-228.859|-228.859
52|-228.859|-228.859
53|-228.859|-228.859
54|-228.859|-228.859
55|-228.859|-228.859
56|-228.859|-228.859
57|-228.859|-228.859
58|-228.859|-228.859
59|-228.859|-228.859
60|-228.859|-228.859
61|-228.859|-228.859
62|-228.859|-228.859
63|-228.859|-228.859
64|-228.859|-228.859
65|-228.859|-228.859
66|-228.859|-228.859
67|-228.859|-228.859
68|-228.859|-228.859
69|-228.859|-228.859
70|-228.859|-228.859
71|-228.859|-228.859
72|-228.859|-228.859
73|-228.859|-228.859
74|-228.859|-228.859
75|-228.859|-228.859
76|-228.859|-228.859
77|-228.859|-228.859
78|-228.859|-228.859
79|-228.859|-228.859
80|-228.859|-228.859
81|-228.859|-228.859
82|-228.859|-228.859
83|-228.859|-228.859
84|-228.859|-228.859
85|-228.859|-228.859
86|-228.859|-228.859
87|-228.859|-228.859
88|-228.859|-228.859
89|-228.859|-228.859
90|-228.859|-228.859
91|-228.859|-228.859
92|-228.859|-228.859
93|-228.859|-228.859
94|-228.859|-228.859
95|-228.859|-228.859
96|-228.859|-228.859
97|-228.859|-228.859
98|-228.859|-228.859
99|-228.859|-228.859
100|-228.859|-228.859
101|-228.859|-228.859
102|-228.859|-228.859
103|-228.859|-228.859
104|-228.859|-228.859
105|-228.859|-228.859
106|-228.859|-228.859
107|-228.859|-228.859
108|-228.859|-228.859
109|-228.859|-228.859
110|-228.859|-228.859
111|-228.859|-228.859
112|-228.859|-228.859
113|-228.859|-228.859
114|-228.859|-228.859
115|-228.859|-228.859
116|-228.859|-228.859
117|-228.859|-228.859
118|-228.859|-228.859
119|-228.859|-228.859
120|-228.859|-228.859
121|-228.859|-228.859
122|-228.859|-228.859
123|-228.859|-228.859
124|-228.859|-228.859
125|-228.859|-228.859
126|-228.859|-228.859
127|-228.859|-228.859
128|-228.859|-228.859
129|-228.859|-228.859
130|-228.859|-228.859
131|-228.859|-228.859
132|-228.859|-228.859
133|-228.859|-228.859
134|-228.859|-228.859
135|-228.859|-228.859
136|-228.859|-228.859
137|-228.859|-228.859
138|-228.859|-228.859
139|-228.859|-228.859
140|-228.859|-228.859
141|-228.859|-228.859
142|-228.859|-228.859
143|-228.859|-228.859
144|-228.859|-228.859
145|-228.859|-228.859
146|-228.859|-228.859
147|-228.859|-228.859
148|-228.859|-228.859
149|-228.859|-228.859
150|-228.859|-228.859
151|-228.859|-228.859
EARLY STOP: TARGET FOUND
2512012ms
