1|314.493|314.493
2|314.493|314.493
3|314.493|314.493
4|314.493|314.493
5|314.493|314.493
6|314.493|314.493
7|314.493|314.493
8|314.493|314.493
9|314.493|314.493
10|314.493|314.493
11|314.493|314.493
12|314.493|314.493
13|314.493|314.493
14|314.493|314.493
15|314.493|314.493
16|314.493|314.493
17|314.493|314.493
18|314.493|314.493
19|314.493|314.493
20|314.493|314.493
21|314.493|314.493
22|314.493|314.493
23|314.493|314.493
24|314.493|314.493
25|314.493|314.493
26|314.493|314.493
27|314.493|314.493
28|314.493|314.493
29|314.493|314.493
30|314.493|314.493
31|314.493|314.493
32|314.493|314.493
33|314.493|314.493
34|314.493|314.493
35|314.493|314.493
36|314.493|314.493
37|314.493|314.493
38|314.493|314.493
39|314.493|314.493
40|314.493|314.493
41|314.493|314.493
42|314.493|314.493
43|314.493|314.493
44|314.493|314.493
45|314.493|314.493
46|314.493|314.493
47|314.493|314.493
48|314.493|314.493
49|314.493|314.493
50|314.493|314.493
51|314.493|314.493
52|314.493|314.493
53|314.493|314.493
54|314.493|314.493
55|314.493|314.493
56|314.493|314.493
57|314.493|314.493
58|314.493|314.493
59|314.493|314.493
60|314.493|314.493
61|314.493|314.493
62|314.493|314.493
63|314.493|314.493
64|314.493|314.493
65|314.493|314.493
66|314.493|314.493
67|314.493|314.493
68|314.493|314.493
69|314.493|314.493
70|314.493|314.493
71|314.493|314.493
72|314.493|314.493
73|314.493|314.493
74|314.493|314.493
75|314.493|314.493
76|314.493|314.493
77|314.493|314.493
78|314.493|314.493
79|314.493|314.493
80|314.493|314.493
81|314.493|314.493
82|314.493|314.493
83|314.493|314.493
84|314.493|314.493
85|314.493|314.493
86|314.493|314.493
87|314.493|314.493
88|314.493|314.493
89|314.493|314.493
90|314.493|314.493
91|314.493|314.493
92|314.493|314.493
93|314.493|314.493
94|314.493|314.493
95|314.493|314.493
96|314.493|314.493
97|314.493|314.493
98|314.493|314.493
99|314.493|314.493
100|314.493|314.493
101|314.493|314.493
102|314.493|314.493
103|314.493|314.493
104|314.493|314.493
105|314.493|314.493
106|314.493|314.493
107|314.493|314.493
108|314.493|314.493
109|314.493|314.493
110|314.493|314.493
111|314.493|314.493
112|314.493|314.493
113|314.493|314.493
114|314.493|314.493
115|314.493|314.493
116|314.493|314.493
117|314.493|314.493
118|314.493|314.493
119|314.493|314.493
120|314.493|314.493
121|314.493|314.493
122|314.493|314.493
123|314.493|314.493
124|314.493|314.493
125|314.493|314.493
126|314.493|314.493
127|314.493|314.493
128|314.493|314.493
129|314.493|314.493
130|314.493|314.493
131|314.493|314.493
132|314.493|314.493
133|314.493|314.493
134|314.493|314.493
135|314.493|314.493
136|314.493|314.493
137|314.493|314.493
138|314.493|314.493
139|314.493|314.493
140|314.493|314.493
141|314.493|314.493
142|314.493|314.493
143|314.493|314.493
144|314.493|314.493
145|314.493|314.493
146|314.493|314.493
147|314.493|314.493
148|314.493|314.493
149|314.493|314.493
150|314.493|314.493
151|314.493|314.493
EARLY STOP: TARGET FOUND
1724157ms
