1|-589.084|-589.084
2|-589.084|-589.084
3|-589.084|-589.084
4|-589.084|-589.084
5|-589.084|-589.084
6|-589.084|-589.084
7|-589.084|-589.084
8|-589.084|-589.084
9|-589.084|-589.084
10|-589.084|-589.084
11|-589.084|-589.084
12|-589.084|-589.084
13|-589.084|-589.084
14|-589.084|-589.084
15|-589.084|-589.084
16|-589.084|-589.084
17|-589.084|-589.084
18|-589.084|-589.084
19|-589.084|-589.084
20|-589.084|-589.084
21|-589.084|-589.084
22|-589.084|-589.084
23|-589.084|-589.084
24|-589.084|-589.084
25|-589.084|-589.084
26|-589.084|-589.084
27|-589.084|-589.084
28|-589.084|-589.084
29|-589.084|-589.084
30|-589.084|-589.084
31|-589.084|-589.084
32|-589.084|-589.084
33|-589.084|-589.084
34|-589.084|-589.084
35|-589.084|-589.084
36|-589.084|-589.084
37|-589.084|-589.084
38|-589.084|-589.084
39|-589.084|-589.084
40|-589.084|-589.084
41|-589.084|-589.084
42|-589.084|-589.084
43|-589.084|-589.084
44|-589.084|-589.084
45|-589.084|-589.084
46|-589.084|-589.084
47|-589.084|-589.084
48|-589.084|-589.084
49|-589.084|-589.084
50|-589.084|-589.084
51|-589.084|-589.084
52|-589.084|-589.084
53|-589.084|-589.084
54|-589.084|-589.084
55|-589.084|-589.084
56|-589.084|-589.084
57|-589.084|-589.084
58|-589.084|-589.084
59|-589.084|-589.084
60|-589.084|-589.084
61|-589.084|-589.084
62|-589.084|-589.084
63|-589.084|-589.084
64|-589.084|-589.084
65|-589.084|-589.084
66|-589.084|-589.084
67|-589.084|-589.084
68|-589.084|-589.084
69|-589.084|-589.084
70|-589.084|-589.084
71|-589.084|-589.084
72|-589.084|-589.084
73|-589.084|-589.084
74|-589.084|-589.084
75|-589.084|-589.084
76|-589.084|-589.084
77|-589.084|-589.084
78|-589.084|-589.084
79|-589.084|-589.084
80|-589.084|-589.084
81|-589.084|-589.084
82|-589.084|-589.084
83|-589.084|-589.084
84|-589.084|-589.084
85|-589.084|-589.084
86|-589.084|-589.084
87|-589.084|-589.084
88|-589.084|-589.084
89|-589.084|-589.084
90|-589.084|-589.084
91|-589.084|-589.084
92|-589.084|-589.084
93|-589.084|-589.084
94|-589.084|-589.084
95|-589.084|-589.084
96|-589.084|-589.084
97|-589.084|-589.084
98|-589.084|-589.084
99|-589.084|-589.084
100|-589.084|-589.084
101|-589.084|-589.084
102|-589.084|-589.084
103|-589.084|-589.084
104|-589.084|-589.084
105|-589.084|-589.084
106|-589.084|-589.084
107|-589.084|-589.084
108|-589.084|-589.084
109|-589.084|-589.084
110|-589.084|-589.084
111|-589.084|-589.084
112|-589.084|-589.084
113|-589.084|-589.084
114|-589.084|-589.084
115|-589.084|-589.084
116|-589.084|-589.084
117|-589.084|-589.084
118|-589.084|-589.084
119|-589.084|-589.084
120|-589.084|-589.084
121|-589.084|-589.084
122|-589.084|-589.084
123|-589.084|-589.084
124|-589.084|-589.084
125|-589.084|-589.084
126|-589.084|-589.084
127|-589.084|-589.084
128|-589.084|-589.084
129|-589.084|-589.084
130|-589.084|-589.084
131|-589.084|-589.084
132|-589.084|-589.084
133|-589.084|-589.084
134|-589.084|-589.084
135|-589.084|-589.084
136|-589.084|-589.084
137|-589.084|-589.084
138|-589.084|-589.084
139|-589.084|-589.084
140|-589.084|-589.084
141|-589.084|-589.084
142|-589.084|-589.084
143|-589.084|-589.084
144|-589.084|-589.084
145|-589.084|-589.084
146|-589.084|-589.084
147|-589.084|-589.084
148|-589.084|-589.084
149|-589.084|-589.084
150|-589.084|-589.084
151|-589.084|-589.084
EARLY STOP: TARGET FOUND
85571ms
