1|496.649|496.649
2|496.649|496.649
3|496.649|496.649
4|496.649|496.649
5|496.649|496.649
6|496.649|496.649
7|496.649|496.649
8|496.649|496.649
9|496.649|496.649
10|496.649|496.649
11|496.649|496.649
12|496.649|496.649
13|496.649|496.649
14|496.649|496.649
15|496.649|496.649
16|496.649|496.649
17|496.649|496.649
18|496.649|496.649
19|496.649|496.649
20|496.649|496.649
21|496.649|496.649
22|496.649|496.649
23|496.649|496.649
24|496.649|496.649
25|496.649|496.649
26|496.649|496.649
27|496.649|496.649
28|496.649|496.649
29|496.649|496.649
30|496.649|496.649
31|496.649|496.649
32|496.649|496.649
33|496.649|496.649
34|496.649|496.649
35|496.649|496.649
36|496.649|496.649
37|496.649|496.649
38|496.649|496.649
39|496.649|496.649
40|496.649|496.649
41|496.649|496.649
42|496.649|496.649
43|496.649|496.649
44|496.649|496.649
45|496.649|496.649
46|496.649|496.649
47|496.649|496.649
48|496.649|496.649
49|496.649|496.649
50|496.649|496.649
51|496.649|496.649
52|496.649|496.649
53|496.649|496.649
54|496.649|496.649
55|496.649|496.649
56|496.649|496.649
57|496.649|496.649
58|496.649|496.649
59|496.649|496.649
60|496.649|496.649
61|496.649|496.649
62|496.649|496.649
63|496.649|496.649
64|496.649|496.649
65|496.649|496.649
66|496.649|496.649
67|496.649|496.649
68|496.649|496.649
69|496.649|496.649
70|496.649|496.649
71|496.649|496.649
72|496.649|496.649
73|496.649|496.649
74|496.649|496.649
75|496.649|496.649
76|496.649|496.649
77|496.649|496.649
78|496.649|496.649
79|496.649|496.649
80|496.649|496.649
81|496.649|496.649
82|496.649|496.649
83|496.649|496.649
84|496.649|496.649
85|496.649|496.649
86|496.649|496.649
87|496.649|496.649
88|496.649|496.649
89|496.649|496.649
90|496.649|496.649
91|496.649|496.649
92|496.649|496.649
93|496.649|496.649
94|496.649|496.649
95|496.649|496.649
96|496.649|496.649
97|496.649|496.649
98|496.649|496.649
99|496.649|496.649
100|496.649|496.649
101|496.649|496.649
102|496.649|496.649
103|496.649|496.649
104|496.649|496.649
105|496.649|496.649
106|496.649|496.649
107|496.649|496.649
108|496.649|496.649
109|496.649|496.649
110|496.649|496.649
111|496.649|496.649
112|496.649|496.649
113|496.649|496.649
114|496.649|496.649
115|496.649|496.649
116|496.649|496.649
117|496.649|496.649
118|496.649|496.649
119|496.649|496.649
120|496.649|496.649
121|496.649|496.649
122|496.649|496.649
123|496.649|496.649
124|496.649|496.649
125|496.649|496.649
126|496.649|496.649
127|496.649|496.649
128|496.649|496.649
129|496.649|496.649
130|496.649|496.649
131|496.649|496.649
132|496.649|496.649
133|496.649|496.649
134|496.649|496.649
135|496.649|496.649
136|496.649|496.649
137|496.649|496.649
138|496.649|496.649
139|496.649|496.649
140|496.649|496.649
141|496.649|496.649
142|496.649|496.649
143|496.649|496.649
144|496.649|496.649
145|496.649|496.649
146|496.649|496.649
147|496.649|496.649
148|496.649|496.649
149|496.649|496.649
150|496.649|496.649
151|496.649|496.649
EARLY STOP: TARGET FOUND
1731687ms
