1|95.2699|95.2699
2|95.2699|95.2699
3|95.2699|95.2699
4|95.2699|95.2699
5|95.2699|95.2699
6|95.2699|95.2699
7|95.2699|95.2699
8|95.2699|95.2699
9|95.2699|95.2699
10|95.2699|95.2699
11|95.2699|95.2699
12|95.2699|95.2699
13|95.2699|95.2699
14|95.2699|95.2699
15|95.2699|95.2699
16|95.2699|95.2699
17|95.2699|95.2699
18|95.2699|95.2699
19|95.2699|95.2699
20|95.2699|95.2699
21|95.2699|95.2699
22|95.2699|95.2699
23|95.2699|95.2699
24|95.2699|95.2699
25|95.2699|95.2699
26|95.2699|95.2699
27|95.2699|95.2699
28|95.2699|95.2699
29|95.2699|95.2699
30|95.2699|95.2699
31|95.2699|95.2699
32|95.2699|95.2699
33|95.2699|95.2699
34|95.2699|95.2699
35|95.2699|95.2699
36|95.2699|95.2699
37|95.2699|95.2699
38|95.2699|95.2699
39|95.2699|95.2699
40|95.2699|95.2699
41|95.2699|95.2699
42|95.2699|95.2699
43|95.2699|95.2699
44|95.2699|95.2699
45|95.2699|95.2699
46|95.2699|95.2699
47|95.2699|95.2699
48|95.2699|95.2699
49|95.2699|95.2699
50|95.2699|95.2699
51|95.2699|95.2699
52|95.2699|95.2699
53|95.2699|95.2699
54|95.2699|95.2699
55|95.2699|95.2699
56|95.2699|95.2699
57|95.2699|95.2699
58|95.2699|95.2699
59|95.2699|95.2699
60|95.2699|95.2699
61|95.2699|95.2699
62|95.2699|95.2699
63|95.2699|95.2699
64|95.2699|95.2699
65|95.2699|95.2699
66|95.2699|95.2699
67|95.2699|95.2699
68|95.2699|95.2699
69|95.2699|95.2699
70|95.2699|95.2699
71|95.2699|95.2699
72|95.2699|95.2699
73|95.2699|95.2699
74|95.2699|95.2699
75|95.2699|95.2699
76|95.2699|95.2699
77|95.2699|95.2699
78|95.2699|95.2699
79|95.2699|95.2699
80|95.2699|95.2699
81|95.2699|95.2699
82|95.2699|95.2699
83|95.2699|95.2699
84|95.2699|95.2699
85|95.2699|95.2699
86|95.2699|95.2699
87|95.2699|95.2699
88|95.2699|95.2699
89|95.2699|95.2699
90|95.2699|95.2699
91|95.2699|95.2699
92|95.2699|95.2699
93|95.2699|95.2699
94|95.2699|95.2699
95|95.2699|95.2699
96|95.2699|95.2699
97|95.2699|95.2699
98|95.2699|95.2699
99|95.2699|95.2699
100|95.2699|95.2699
101|95.2699|95.2699
102|95.2699|95.2699
103|95.2699|95.2699
104|95.2699|95.2699
105|95.2699|95.2699
106|95.2699|95.2699
107|95.2699|95.2699
108|95.2699|95.2699
109|95.2699|95.2699
110|95.2699|95.2699
111|95.2699|95.2699
112|95.2699|95.2699
113|95.2699|95.2699
114|95.2699|95.2699
115|95.2699|95.2699
116|95.2699|95.2699
117|95.2699|95.2699
118|95.2699|95.2699
119|95.2699|95.2699
120|95.2699|95.2699
121|95.2699|95.2699
122|95.2699|95.2699
123|95.2699|95.2699
124|95.2699|95.2699
125|95.2699|95.2699
126|95.2699|95.2699
127|95.2699|95.2699
128|95.2699|95.2699
129|95.2699|95.2699
130|95.2699|95.2699
131|95.2699|95.2699
132|95.2699|95.2699
133|95.2699|95.2699
134|95.2699|95.2699
135|95.2699|95.2699
136|95.2699|95.2699
137|95.2699|95.2699
138|95.2699|95.2699
139|95.2699|95.2699
140|95.2699|95.2699
141|95.2699|95.2699
142|95.2699|95.2699
143|95.2699|95.2699
144|95.2699|95.2699
145|95.2699|95.2699
146|95.2699|95.2699
147|95.2699|95.2699
148|95.2699|95.2699
149|95.2699|95.2699
150|95.2699|95.2699
151|95.2699|95.2699
EARLY STOP: TARGET FOUND
60818ms
