1|23.1778|23.1778
2|23.1778|23.1778
3|23.1778|23.1778
4|23.1778|23.1778
5|23.1778|23.1778
6|23.1778|23.1778
7|23.1778|23.1778
8|23.1778|23.1778
9|23.1778|23.1778
10|23.1778|23.1778
11|23.1778|23.1778
12|23.1778|23.1778
13|23.1778|23.1778
14|23.1778|23.1778
15|23.1778|23.1778
16|23.1778|23.1778
17|23.1778|23.1778
18|23.1778|23.1778
19|23.1778|23.1778
20|23.1778|23.1778
21|23.1778|23.1778
22|23.1778|23.1778
23|23.1778|23.1778
24|23.1778|23.1778
25|23.1778|23.1778
26|23.1778|23.1778
27|23.1778|23.1778
28|23.1778|23.1778
29|23.1778|23.1778
30|23.1778|23.1778
31|23.1778|23.1778
32|23.1778|23.1778
33|23.1778|23.1778
34|23.1778|23.1778
35|23.1778|23.1778
36|23.1778|23.1778
37|23.1778|23.1778
38|23.1778|23.1778
39|23.1778|23.1778
40|23.1778|23.1778
41|23.1778|23.1778
42|23.1778|23.1778
43|23.1778|23.1778
44|23.1778|23.1778
45|23.1778|23.1778
46|23.1778|23.1778
47|23.1778|23.1778
48|23.1778|23.1778
49|23.1778|23.1778
50|23.1778|23.1778
51|23.1778|23.1778
52|23.1778|23.1778
53|23.1778|23.1778
54|23.1778|23.1778
55|23.1778|23.1778
56|23.1778|23.1778
57|23.1778|23.1778
58|23.1778|23.1778
59|23.1778|23.1778
60|23.1778|23.1778
61|23.1778|23.1778
62|23.1778|23.1778
63|23.1778|23.1778
64|23.1778|23.1778
65|23.1778|23.1778
66|23.1778|23.1778
67|23.1778|23.1778
68|23.1778|23.1778
69|23.1778|23.1778
70|23.1778|23.1778
71|23.1778|23.1778
72|23.1778|23.1778
73|23.1778|23.1778
74|23.1778|23.1778
75|23.1778|23.1778
76|23.1778|23.1778
77|23.1778|23.1778
78|23.1778|23.1778
79|23.1778|23.1778
80|23.1778|23.1778
81|23.1778|23.1778
82|23.1778|23.1778
83|23.1778|23.1778
84|23.1778|23.1778
85|23.1778|23.1778
86|23.1778|23.1778
87|23.1778|23.1778
88|23.1778|23.1778
89|23.1778|23.1778
90|23.1778|23.1778
91|23.1778|23.1778
92|23.1778|23.1778
93|23.1778|23.1778
94|23.1778|23.1778
95|23.1778|23.1778
96|23.1778|23.1778
97|23.1778|23.1778
98|23.1778|23.1778
99|23.1778|23.1778
100|23.1778|23.1778
101|23.1778|23.1778
102|23.1778|23.1778
103|23.1778|23.1778
104|23.1778|23.1778
105|23.1778|23.1778
106|23.1778|23.1778
107|23.1778|23.1778
108|23.1778|23.1778
109|23.1778|23.1778
110|23.1778|23.1778
111|23.1778|23.1778
112|23.1778|23.1778
113|23.1778|23.1778
114|23.1778|23.1778
115|23.1778|23.1778
116|23.1778|23.1778
117|23.1778|23.1778
118|23.1778|23.1778
119|23.1778|23.1778
120|23.1778|23.1778
121|23.1778|23.1778
122|23.1778|23.1778
123|23.1778|23.1778
124|23.1778|23.1778
125|23.1778|23.1778
126|23.1778|23.1778
127|23.1778|23.1778
128|23.1778|23.1778
129|23.1778|23.1778
130|23.1778|23.1778
131|23.1778|23.1778
132|23.1778|23.1778
133|23.1778|23.1778
134|23.1778|23.1778
135|23.1778|23.1778
136|23.1778|23.1778
137|23.1778|23.1778
138|23.1778|23.1778
139|23.1778|23.1778
140|23.1778|23.1778
141|23.1778|23.1778
142|23.1778|23.1778
143|23.1778|23.1778
144|23.1778|23.1778
145|23.1778|23.1778
146|23.1778|23.1778
147|23.1778|23.1778
148|23.1778|23.1778
149|23.1778|23.1778
150|23.1778|23.1778
151|23.1778|23.1778
EARLY STOP: TARGET FOUND
62460ms
