1|681.352|681.352
2|681.352|681.352
3|681.352|681.352
4|681.352|681.352
5|681.352|681.352
6|681.352|681.352
7|681.352|681.352
8|681.352|681.352
9|681.352|681.352
10|681.352|681.352
11|681.352|681.352
12|681.352|681.352
13|681.352|681.352
14|681.352|681.352
15|681.352|681.352
16|681.352|681.352
17|681.352|681.352
18|681.352|681.352
19|681.352|681.352
20|681.352|681.352
21|681.352|681.352
22|681.352|681.352
23|681.352|681.352
24|681.352|681.352
25|681.352|681.352
26|681.352|681.352
27|681.352|681.352
28|681.352|681.352
29|681.352|681.352
30|681.352|681.352
31|681.352|681.352
32|681.352|681.352
33|681.352|681.352
34|681.352|681.352
35|681.352|681.352
36|681.352|681.352
37|681.352|681.352
38|681.352|681.352
39|681.352|681.352
40|681.352|681.352
41|681.352|681.352
42|681.352|681.352
43|681.352|681.352
44|681.352|681.352
45|681.352|681.352
46|681.352|681.352
47|681.352|681.352
48|681.352|681.352
49|681.352|681.352
50|681.352|681.352
51|681.352|681.352
52|681.352|681.352
53|681.352|681.352
54|681.352|681.352
55|681.352|681.352
56|681.352|681.352
57|681.352|681.352
58|681.352|681.352
59|681.352|681.352
60|681.352|681.352
61|681.352|681.352
62|681.352|681.352
63|681.352|681.352
64|681.352|681.352
65|681.352|681.352
66|681.352|681.352
67|681.352|681.352
68|681.352|681.352
69|681.352|681.352
70|681.352|681.352
71|681.352|681.352
72|681.352|681.352
73|681.352|681.352
74|681.352|681.352
75|681.352|681.352
76|681.352|681.352
77|681.352|681.352
78|681.352|681.352
79|681.352|681.352
80|681.352|681.352
81|681.352|681.352
82|681.352|681.352
83|681.352|681.352
84|681.352|681.352
85|681.352|681.352
86|681.352|681.352
87|681.352|681.352
88|681.352|681.352
89|681.352|681.352
90|681.352|681.352
91|681.352|681.352
92|681.352|681.352
93|681.352|681.352
94|681.352|681.352
95|681.352|681.352
96|681.352|681.352
97|681.352|681.352
98|681.352|681.352
99|681.352|681.352
100|681.352|681.352
101|681.352|681.352
102|681.352|681.352
103|681.352|681.352
104|681.352|681.352
105|681.352|681.352
106|681.352|681.352
107|681.352|681.352
108|681.352|681.352
109|681.352|681.352
110|681.352|681.352
111|681.352|681.352
112|681.352|681.352
113|681.352|681.352
114|681.352|681.352
115|681.352|681.352
116|681.352|681.352
117|681.352|681.352
118|681.352|681.352
119|681.352|681.352
120|681.352|681.352
121|681.352|681.352
122|681.352|681.352
123|681.352|681.352
124|681.352|681.352
125|681.352|681.352
126|681.352|681.352
127|681.352|681.352
128|681.352|681.352
129|681.352|681.352
130|681.352|681.352
131|681.352|681.352
132|681.352|681.352
133|681.352|681.352
134|681.352|681.352
135|681.352|681.352
136|681.352|681.352
137|681.352|681.352
138|681.352|681.352
139|681.352|681.352
140|681.352|681.352
141|681.352|681.352
142|681.352|681.352
143|681.352|681.352
144|681.352|681.352
145|681.352|681.352
146|681.352|681.352
147|681.352|681.352
148|681.352|681.352
149|681.352|681.352
150|681.352|681.352
151|681.352|681.352
EARLY STOP: TARGET FOUND
1766416ms
