1|76.6268|76.6268
2|76.6268|76.6268
3|76.6268|76.6268
4|76.6268|76.6268
5|76.6268|76.6268
6|76.6268|76.6268
7|76.6268|76.6268
8|76.6268|76.6268
9|76.6268|76.6268
10|76.6268|76.6268
11|76.6268|76.6268
12|76.6268|76.6268
13|76.6268|76.6268
14|76.6268|76.6268
15|76.6268|76.6268
16|76.6268|76.6268
17|76.6268|76.6268
18|76.6268|76.6268
19|76.6268|76.6268
20|76.6268|76.6268
21|76.6268|76.6268
22|76.6268|76.6268
23|76.6268|76.6268
24|76.6268|76.6268
25|76.6268|76.6268
26|76.6268|76.6268
27|76.6268|76.6268
28|76.6268|76.6268
29|76.6268|76.6268
30|76.6268|76.6268
31|76.6268|76.6268
32|76.6268|76.6268
33|76.6268|76.6268
34|76.6268|76.6268
35|76.6268|76.6268
36|76.6268|76.6268
37|76.6268|76.6268
38|76.6268|76.6268
39|76.6268|76.6268
40|76.6268|76.6268
41|76.6268|76.6268
42|76.6268|76.6268
43|76.6268|76.6268
44|76.6268|76.6268
45|76.6268|76.6268
46|76.6268|76.6268
47|76.6268|76.6268
48|76.6268|76.6268
49|76.6268|76.6268
50|76.6268|76.6268
51|76.6268|76.6268
52|76.6268|76.6268
53|76.6268|76.6268
54|76.6268|76.6268
55|76.6268|76.6268
56|76.6268|76.6268
57|76.6268|76.6268
58|76.6268|76.6268
59|76.6268|76.6268
60|76.6268|76.6268
61|76.6268|76.6268
62|76.6268|76.6268
63|76.6268|76.6268
64|76.6268|76.6268
65|76.6268|76.6268
66|76.6268|76.6268
67|76.6268|76.6268
68|76.6268|76.6268
69|76.6268|76.6268
70|76.6268|76.6268
71|76.6268|76.6268
72|76.6268|76.6268
73|76.6268|76.6268
74|76.6268|76.6268
75|76.6268|76.6268
76|76.6268|76.6268
77|76.6268|76.6268
78|76.6268|76.6268
79|76.6268|76.6268
80|76.6268|76.6268
81|76.6268|76.6268
82|76.6268|76.6268
83|76.6268|76.6268
84|76.6268|76.6268
85|76.6268|76.6268
86|76.6268|76.6268
87|76.6268|76.6268
88|76.6268|76.6268
89|76.6268|76.6268
90|76.6268|76.6268
91|76.6268|76.6268
92|76.6268|76.6268
93|76.6268|76.6268
94|76.6268|76.6268
95|76.6268|76.6268
96|76.6268|76.6268
97|76.6268|76.6268
98|76.6268|76.6268
99|76.6268|76.6268
100|76.6268|76.6268
101|76.6268|76.6268
102|76.6268|76.6268
103|76.6268|76.6268
104|76.6268|76.6268
105|76.6268|76.6268
106|76.6268|76.6268
107|76.6268|76.6268
108|76.6268|76.6268
109|76.6268|76.6268
110|76.6268|76.6268
111|76.6268|76.6268
112|76.6268|76.6268
113|76.6268|76.6268
114|76.6268|76.6268
115|76.6268|76.6268
116|76.6268|76.6268
117|76.6268|76.6268
118|76.6268|76.6268
119|76.6268|76.6268
120|76.6268|76.6268
121|76.6268|76.6268
122|76.6268|76.6268
123|76.6268|76.6268
124|76.6268|76.6268
125|76.6268|76.6268
126|76.6268|76.6268
127|76.6268|76.6268
128|76.6268|76.6268
129|76.6268|76.6268
130|76.6268|76.6268
131|76.6268|76.6268
132|76.6268|76.6268
133|76.6268|76.6268
134|76.6268|76.6268
135|76.6268|76.6268
136|76.6268|76.6268
137|76.6268|76.6268
138|76.6268|76.6268
139|76.6268|76.6268
140|76.6268|76.6268
141|76.6268|76.6268
142|76.6268|76.6268
143|76.6268|76.6268
144|76.6268|76.6268
145|76.6268|76.6268
146|76.6268|76.6268
147|76.6268|76.6268
148|76.6268|76.6268
149|76.6268|76.6268
150|76.6268|76.6268
151|76.6268|76.6268
EARLY STOP: TARGET FOUND
208960ms
