1|-1050.31|-1050.31
2|-1050.31|-1050.31
3|-1050.31|-1050.31
4|-1050.31|-1050.31
5|-1050.31|-1050.31
6|-1050.31|-1050.31
7|-1050.31|-1050.31
8|-1050.31|-1050.31
9|-1050.31|-1050.31
10|-1050.31|-1050.31
11|-1050.31|-1050.31
12|-1050.31|-1050.31
13|-1050.31|-1050.31
14|-1050.31|-1050.31
15|-1050.31|-1050.31
16|-1050.31|-1050.31
17|-1050.31|-1050.31
18|-1050.31|-1050.31
19|-1050.31|-1050.31
20|-1050.31|-1050.31
21|-1050.31|-1050.31
22|-1050.31|-1050.31
23|-1050.31|-1050.31
24|-1050.31|-1050.31
25|-1050.31|-1050.31
26|-1050.31|-1050.31
27|-1050.31|-1050.31
28|-1050.31|-1050.31
29|-1050.31|-1050.31
30|-1050.31|-1050.31
31|-1050.31|-1050.31
32|-1050.31|-1050.31
33|-1050.31|-1050.31
34|-1050.31|-1050.31
35|-1050.31|-1050.31
36|-1050.31|-1050.31
37|-1050.31|-1050.31
38|-1050.31|-1050.31
39|-1050.31|-1050.31
40|-1050.31|-1050.31
41|-1050.31|-1050.31
42|-1050.31|-1050.31
43|-1050.31|-1050.31
44|-1050.31|-1050.31
45|-1050.31|-1050.31
46|-1050.31|-1050.31
47|-1050.31|-1050.31
48|-1050.31|-1050.31
49|-1050.31|-1050.31
50|-1050.31|-1050.31
51|-1050.31|-1050.31
52|-1050.31|-1050.31
53|-1050.31|-1050.31
54|-1050.31|-1050.31
55|-1050.31|-1050.31
56|-1050.31|-1050.31
57|-1050.31|-1050.31
58|-1050.31|-1050.31
59|-1050.31|-1050.31
60|-1050.31|-1050.31
61|-1050.31|-1050.31
62|-1050.31|-1050.31
63|-1050.31|-1050.31
64|-1050.31|-1050.31
65|-1050.31|-1050.31
66|-1050.31|-1050.31
67|-1050.31|-1050.31
68|-1050.31|-1050.31
69|-1050.31|-1050.31
70|-1050.31|-1050.31
71|-1050.31|-1050.31
72|-1050.31|-1050.31
73|-1050.31|-1050.31
74|-1050.31|-1050.31
75|-1050.31|-1050.31
76|-1050.31|-1050.31
77|-1050.31|-1050.31
78|-1050.31|-1050.31
79|-1050.31|-1050.31
80|-1050.31|-1050.31
81|-1050.31|-1050.31
82|-1050.31|-1050.31
83|-1050.31|-1050.31
84|-1050.31|-1050.31
85|-1050.31|-1050.31
86|-1050.31|-1050.31
87|-1050.31|-1050.31
88|-1050.31|-1050.31
89|-1050.31|-1050.31
90|-1050.31|-1050.31
91|-1050.31|-1050.31
92|-1050.31|-1050.31
93|-1050.31|-1050.31
94|-1050.31|-1050.31
95|-1050.31|-1050.31
96|-1050.31|-1050.31
97|-1050.31|-1050.31
98|-1050.31|-1050.31
99|-1050.31|-1050.31
100|-1050.31|-1050.31
101|-1050.31|-1050.31
102|-1050.31|-1050.31
103|-1050.31|-1050.31
104|-1050.31|-1050.31
105|-1050.31|-1050.31
106|-1050.31|-1050.31
107|-1050.31|-1050.31
108|-1050.31|-1050.31
109|-1050.31|-1050.31
110|-1050.31|-1050.31
111|-1050.31|-1050.31
112|-1050.31|-1050.31
113|-1050.31|-1050.31
114|-1050.31|-1050.31
115|-1050.31|-1050.31
116|-1050.31|-1050.31
117|-1050.31|-1050.31
118|-1050.31|-1050.31
119|-1050.31|-1050.31
120|-1050.31|-1050.31
121|-1050.31|-1050.31
122|-1050.31|-1050.31
123|-1050.31|-1050.31
124|-1050.31|-1050.31
125|-1050.31|-1050.31
126|-1050.31|-1050.31
127|-1050.31|-1050.31
128|-1050.31|-1050.31
129|-1050.31|-1050.31
130|-1050.31|-1050.31
131|-1050.31|-1050.31
132|-1050.31|-1050.31
133|-1050.31|-1050.31
134|-1050.31|-1050.31
135|-1050.31|-1050.31
136|-1050.31|-1050.31
137|-1050.31|-1050.31
138|-1050.31|-1050.31
139|-1050.31|-1050.31
140|-1050.31|-1050.31
141|-1050.31|-1050.31
142|-1050.31|-1050.31
143|-1050.31|-1050.31
144|-1050.31|-1050.31
145|-1050.31|-1050.31
146|-1050.31|-1050.31
147|-1050.31|-1050.31
148|-1050.31|-1050.31
149|-1050.31|-1050.31
150|-1050.31|-1050.31
151|-1050.31|-1050.31
EARLY STOP: TARGET FOUND
2511520ms
