1|-124.601|-124.601
2|-124.601|-124.601
3|-124.601|-124.601
4|-124.601|-124.601
5|-124.601|-124.601
6|-124.601|-124.601
7|-124.601|-124.601
8|-124.601|-124.601
9|-124.601|-124.601
10|-124.601|-124.601
11|-124.601|-124.601
12|-124.601|-124.601
13|-124.601|-124.601
14|-124.601|-124.601
15|-124.601|-124.601
16|-124.601|-124.601
17|-124.601|-124.601
18|-124.601|-124.601
19|-124.601|-124.601
20|-124.601|-124.601
21|-124.601|-124.601
22|-124.601|-124.601
23|-124.601|-124.601
24|-124.601|-124.601
25|-124.601|-124.601
26|-124.601|-124.601
27|-124.601|-124.601
28|-124.601|-124.601
29|-124.601|-124.601
30|-124.601|-124.601
31|-124.601|-124.601
32|-124.601|-124.601
33|-124.601|-124.601
34|-124.601|-124.601
35|-124.601|-124.601
36|-124.601|-124.601
37|-124.601|-124.601
38|-124.601|-124.601
39|-124.601|-124.601
40|-124.601|-124.601
41|-124.601|-124.601
42|-124.601|-124.601
43|-124.601|-124.601
44|-124.601|-124.601
45|-124.601|-124.601
46|-124.601|-124.601
47|-124.601|-124.601
48|-124.601|-124.601
49|-124.601|-124.601
50|-124.601|-124.601
51|-124.601|-124.601
52|-124.601|-124.601
53|-124.601|-124.601
54|-124.601|-124.601
55|-124.601|-124.601
56|-124.601|-124.601
57|-124.601|-124.601
58|-124.601|-124.601
59|-124.601|-124.601
60|-124.601|-124.601
61|-124.601|-124.601
62|-124.601|-124.601
63|-124.601|-124.601
64|-124.601|-124.601
65|-124.601|-124.601
66|-124.601|-124.601
67|-124.601|-124.601
68|-124.601|-124.601
69|-124.601|-124.601
70|-124.601|-124.601
71|-124.601|-124.601
72|-124.601|-124.601
73|-124.601|-124.601
74|-124.601|-124.601
75|-124.601|-124.601
76|-124.601|-124.601
77|-124.601|-124.601
78|-124.601|-124.601
79|-124.601|-124.601
80|-124.601|-124.601
81|-124.601|-124.601
82|-124.601|-124.601
83|-124.601|-124.601
84|-124.601|-124.601
85|-124.601|-124.601
86|-124.601|-124.601
87|-124.601|-124.601
88|-124.601|-124.601
89|-124.601|-124.601
90|-124.601|-124.601
91|-124.601|-124.601
92|-124.601|-124.601
93|-124.601|-124.601
94|-124.601|-124.601
95|-124.601|-124.601
96|-124.601|-124.601
97|-124.601|-124.601
98|-124.601|-124.601
99|-124.601|-124.601
100|-124.601|-124.601
101|-124.601|-124.601
102|-124.601|-124.601
103|-124.601|-124.601
104|-124.601|-124.601
105|-124.601|-124.601
106|-124.601|-124.601
107|-124.601|-124.601
108|-124.601|-124.601
109|-124.601|-124.601
110|-124.601|-124.601
111|-124.601|-124.601
112|-124.601|-124.601
113|-124.601|-124.601
114|-124.601|-124.601
115|-124.601|-124.601
116|-124.601|-124.601
117|-124.601|-124.601
118|-124.601|-124.601
119|-124.601|-124.601
120|-124.601|-124.601
121|-124.601|-124.601
122|-124.601|-124.601
123|-124.601|-124.601
124|-124.601|-124.601
125|-124.601|-124.601
126|-124.601|-124.601
127|-124.601|-124.601
128|-124.601|-124.601
129|-124.601|-124.601
130|-124.601|-124.601
131|-124.601|-124.601
132|-124.601|-124.601
133|-124.601|-124.601
134|-124.601|-124.601
135|-124.601|-124.601
136|-124.601|-124.601
137|-124.601|-124.601
138|-124.601|-124.601
139|-124.601|-124.601
140|-124.601|-124.601
141|-124.601|-124.601
142|-124.601|-124.601
143|-124.601|-124.601
144|-124.601|-124.601
145|-124.601|-124.601
146|-124.601|-124.601
147|-124.601|-124.601
148|-124.601|-124.601
149|-124.601|-124.601
150|-124.601|-124.601
151|-124.601|-124.601
EARLY STOP: TARGET FOUND
305819ms
