1|609.492|609.492
2|609.492|609.492
3|609.492|609.492
4|609.492|609.492
5|609.492|609.492
6|609.492|609.492
7|609.492|609.492
8|609.492|609.492
9|609.492|609.492
10|609.492|609.492
11|609.492|609.492
12|609.492|609.492
13|609.492|609.492
14|609.492|609.492
15|609.492|609.492
16|609.492|609.492
17|609.492|609.492
18|609.492|609.492
19|609.492|609.492
20|609.492|609.492
21|609.492|609.492
22|609.492|609.492
23|609.492|609.492
24|609.492|609.492
25|609.492|609.492
26|609.492|609.492
27|609.492|609.492
28|609.492|609.492
29|609.492|609.492
30|609.492|609.492
31|609.492|609.492
32|609.492|609.492
33|609.492|609.492
34|609.492|609.492
35|609.492|609.492
36|609.492|609.492
37|609.492|609.492
38|609.492|609.492
39|609.492|609.492
40|609.492|609.492
41|609.492|609.492
42|609.492|609.492
43|609.492|609.492
44|609.492|609.492
45|609.492|609.492
46|609.492|609.492
47|609.492|609.492
48|609.492|609.492
49|609.492|609.492
50|609.492|609.492
51|609.492|609.492
52|609.492|609.492
53|609.492|609.492
54|609.492|609.492
55|609.492|609.492
56|609.492|609.492
57|609.492|609.492
58|609.492|609.492
59|609.492|609.492
60|609.492|609.492
61|609.492|609.492
62|609.492|609.492
63|609.492|609.492
64|609.492|609.492
65|609.492|609.492
66|609.492|609.492
67|609.492|609.492
68|609.492|609.492
69|609.492|609.492
70|609.492|609.492
71|609.492|609.492
72|609.492|609.492
73|609.492|609.492
74|609.492|609.492
75|609.492|609.492
76|609.492|609.492
77|609.492|609.492
78|609.492|609.492
79|609.492|609.492
80|609.492|609.492
81|609.492|609.492
82|609.492|609.492
83|609.492|609.492
84|609.492|609.492
85|609.492|609.492
86|609.492|609.492
87|609.492|609.492
88|609.492|609.492
89|609.492|609.492
90|609.492|609.492
91|609.492|609.492
92|609.492|609.492
93|609.492|609.492
94|609.492|609.492
95|609.492|609.492
96|609.492|609.492
97|609.492|609.492
98|609.492|609.492
99|609.492|609.492
100|609.492|609.492
101|609.492|609.492
102|609.492|609.492
103|609.492|609.492
104|609.492|609.492
105|609.492|609.492
106|609.492|609.492
107|609.492|609.492
108|609.492|609.492
109|609.492|609.492
110|609.492|609.492
111|609.492|609.492
112|609.492|609.492
113|609.492|609.492
114|609.492|609.492
115|609.492|609.492
116|609.492|609.492
117|609.492|609.492
118|609.492|609.492
119|609.492|609.492
120|609.492|609.492
121|609.492|609.492
122|609.492|609.492
123|609.492|609.492
124|609.492|609.492
125|609.492|609.492
126|609.492|609.492
127|609.492|609.492
128|609.492|609.492
129|609.492|609.492
130|609.492|609.492
131|609.492|609.492
132|609.492|609.492
133|609.492|609.492
134|609.492|609.492
135|609.492|609.492
136|609.492|609.492
137|609.492|609.492
138|609.492|609.492
139|609.492|609.492
140|609.492|609.492
141|609.492|609.492
142|609.492|609.492
143|609.492|609.492
144|609.492|609.492
145|609.492|609.492
146|609.492|609.492
147|609.492|609.492
148|609.492|609.492
149|609.492|609.492
150|609.492|609.492
151|609.492|609.492
EARLY STOP: TARGET FOUND
1806446ms
