1|150.561|150.561
2|150.561|150.561
3|150.561|150.561
4|150.561|150.561
5|150.561|150.561
6|150.561|150.561
7|150.561|150.561
8|150.561|150.561
9|150.561|150.561
10|150.561|150.561
11|150.561|150.561
12|150.561|150.561
13|150.561|150.561
14|150.561|150.561
15|150.561|150.561
16|150.561|150.561
17|150.561|150.561
18|150.561|150.561
19|150.561|150.561
20|150.561|150.561
21|150.561|150.561
22|150.561|150.561
23|150.561|150.561
24|150.561|150.561
25|150.561|150.561
26|150.561|150.561
27|150.561|150.561
28|150.561|150.561
29|150.561|150.561
30|150.561|150.561
31|150.561|150.561
32|150.561|150.561
33|150.561|150.561
34|150.561|150.561
35|150.561|150.561
36|150.561|150.561
37|150.561|150.561
38|150.561|150.561
39|150.561|150.561
40|150.561|150.561
41|150.561|150.561
42|150.561|150.561
43|150.561|150.561
44|150.561|150.561
45|150.561|150.561
46|150.561|150.561
47|150.561|150.561
48|150.561|150.561
49|150.561|150.561
50|150.561|150.561
51|150.561|150.561
52|150.561|150.561
53|150.561|150.561
54|150.561|150.561
55|150.561|150.561
56|150.561|150.561
57|150.561|150.561
58|150.561|150.561
59|150.561|150.561
60|150.561|150.561
61|150.561|150.561
62|150.561|150.561
63|150.561|150.561
64|150.561|150.561
65|150.561|150.561
66|150.561|150.561
67|150.561|150.561
68|150.561|150.561
69|150.561|150.561
70|150.561|150.561
71|150.561|150.561
72|150.561|150.561
73|150.561|150.561
74|150.561|150.561
75|150.561|150.561
76|150.561|150.561
77|150.561|150.561
78|150.561|150.561
79|150.561|150.561
80|150.561|150.561
81|150.561|150.561
82|150.561|150.561
83|150.561|150.561
84|150.561|150.561
85|150.561|150.561
86|150.561|150.561
87|150.561|150.561
88|150.561|150.561
89|150.561|150.561
90|150.561|150.561
91|150.561|150.561
92|150.561|150.561
93|150.561|150.561
94|150.561|150.561
95|150.561|150.561
96|150.561|150.561
97|150.561|150.561
98|150.561|150.561
99|150.561|150.561
100|150.561|150.561
101|150.561|150.561
102|150.561|150.561
103|150.561|150.561
104|150.561|150.561
105|150.561|150.561
106|150.561|150.561
107|150.561|150.561
108|150.561|150.561
109|150.561|150.561
110|150.561|150.561
111|150.561|150.561
112|150.561|150.561
113|150.561|150.561
114|150.561|150.561
115|150.561|150.561
116|150.561|150.561
117|150.561|150.561
118|150.561|150.561
119|150.561|150.561
120|150.561|150.561
121|150.561|150.561
122|150.561|150.561
123|150.561|150.561
124|150.561|150.561
125|150.561|150.561
126|150.561|150.561
127|150.561|150.561
128|150.561|150.561
129|150.561|150.561
130|150.561|150.561
131|150.561|150.561
132|150.561|150.561
133|150.561|150.561
134|150.561|150.561
135|150.561|150.561
136|150.561|150.561
137|150.561|150.561
138|150.561|150.561
139|150.561|150.561
140|150.561|150.561
141|150.561|150.561
142|150.561|150.561
143|150.561|150.561
144|150.561|150.561
145|150.561|150.561
146|150.561|150.561
147|150.561|150.561
148|150.561|150.561
149|150.561|150.561
150|150.561|150.561
151|150.561|150.561
EARLY STOP: TARGET FOUND
224385ms
