1|145.596|145.596
2|145.596|145.596
3|145.596|145.596
4|145.596|145.596
5|145.596|145.596
6|145.596|145.596
7|145.596|145.596
8|145.596|145.596
9|145.596|145.596
10|145.596|145.596
11|145.596|145.596
12|145.596|145.596
13|145.596|145.596
14|145.596|145.596
15|145.596|145.596
16|145.596|145.596
17|145.596|145.596
18|145.596|145.596
19|145.596|145.596
20|145.596|145.596
21|145.596|145.596
22|145.596|145.596
23|145.596|145.596
24|145.596|145.596
25|145.596|145.596
26|145.596|145.596
27|145.596|145.596
28|145.596|145.596
29|145.596|145.596
30|145.596|145.596
31|145.596|145.596
32|145.596|145.596
33|145.596|145.596
34|145.596|145.596
35|145.596|145.596
36|145.596|145.596
37|145.596|145.596
38|145.596|145.596
39|145.596|145.596
40|145.596|145.596
41|145.596|145.596
42|145.596|145.596
43|145.596|145.596
44|145.596|145.596
45|145.596|145.596
46|145.596|145.596
47|145.596|145.596
48|145.596|145.596
49|145.596|145.596
50|145.596|145.596
51|145.596|145.596
52|145.596|145.596
53|145.596|145.596
54|145.596|145.596
55|145.596|145.596
56|145.596|145.596
57|145.596|145.596
58|145.596|145.596
59|145.596|145.596
60|145.596|145.596
61|145.596|145.596
62|145.596|145.596
63|145.596|145.596
64|145.596|145.596
65|145.596|145.596
66|145.596|145.596
67|145.596|145.596
68|145.596|145.596
69|145.596|145.596
70|145.596|145.596
71|145.596|145.596
72|145.596|145.596
73|145.596|145.596
74|145.596|145.596
75|145.596|145.596
76|145.596|145.596
77|145.596|145.596
78|145.596|145.596
79|145.596|145.596
80|145.596|145.596
81|145.596|145.596
82|145.596|145.596
83|145.596|145.596
84|145.596|145.596
85|145.596|145.596
86|145.596|145.596
87|145.596|145.596
88|145.596|145.596
89|145.596|145.596
90|145.596|145.596
91|145.596|145.596
92|145.596|145.596
93|145.596|145.596
94|145.596|145.596
95|145.596|145.596
96|145.596|145.596
97|145.596|145.596
98|145.596|145.596
99|145.596|145.596
100|145.596|145.596
101|145.596|145.596
102|145.596|145.596
103|145.596|145.596
104|145.596|145.596
105|145.596|145.596
106|145.596|145.596
107|145.596|145.596
108|145.596|145.596
109|145.596|145.596
110|145.596|145.596
111|145.596|145.596
112|145.596|145.596
113|145.596|145.596
114|145.596|145.596
115|145.596|145.596
116|145.596|145.596
117|145.596|145.596
118|145.596|145.596
119|145.596|145.596
120|145.596|145.596
121|145.596|145.596
122|145.596|145.596
123|145.596|145.596
124|145.596|145.596
125|145.596|145.596
126|145.596|145.596
127|145.596|145.596
128|145.596|145.596
129|145.596|145.596
130|145.596|145.596
131|145.596|145.596
132|145.596|145.596
133|145.596|145.596
134|145.596|145.596
135|145.596|145.596
136|145.596|145.596
137|145.596|145.596
138|145.596|145.596
139|145.596|145.596
140|145.596|145.596
141|145.596|145.596
142|145.596|145.596
143|145.596|145.596
144|145.596|145.596
145|145.596|145.596
146|145.596|145.596
147|145.596|145.596
148|145.596|145.596
149|145.596|145.596
150|145.596|145.596
151|145.596|145.596
EARLY STOP: TARGET FOUND
307429ms
