1|63.6074|63.6074
2|63.6074|63.6074
3|63.6074|63.6074
4|63.6074|63.6074
5|63.6074|63.6074
6|63.6074|63.6074
7|63.6074|63.6074
8|63.6074|63.6074
9|63.6074|63.6074
10|63.6074|63.6074
11|63.6074|63.6074
12|63.6074|63.6074
13|63.6074|63.6074
14|63.6074|63.6074
15|63.6074|63.6074
16|63.6074|63.6074
17|63.6074|63.6074
18|63.6074|63.6074
19|63.6074|63.6074
20|63.6074|63.6074
21|63.6074|63.6074
22|63.6074|63.6074
23|63.6074|63.6074
24|63.6074|63.6074
25|63.6074|63.6074
26|63.6074|63.6074
27|63.6074|63.6074
28|63.6074|63.6074
29|63.6074|63.6074
30|63.6074|63.6074
31|63.6074|63.6074
32|63.6074|63.6074
33|63.6074|63.6074
34|63.6074|63.6074
35|63.6074|63.6074
36|63.6074|63.6074
37|63.6074|63.6074
38|63.6074|63.6074
39|63.6074|63.6074
40|63.6074|63.6074
41|63.6074|63.6074
42|63.6074|63.6074
43|63.6074|63.6074
44|63.6074|63.6074
45|63.6074|63.6074
46|63.6074|63.6074
47|63.6074|63.6074
48|63.6074|63.6074
49|63.6074|63.6074
50|63.6074|63.6074
51|63.6074|63.6074
52|63.6074|63.6074
53|63.6074|63.6074
54|63.6074|63.6074
55|63.6074|63.6074
56|63.6074|63.6074
57|63.6074|63.6074
58|63.6074|63.6074
59|63.6074|63.6074
60|63.6074|63.6074
61|63.6074|63.6074
62|63.6074|63.6074
63|63.6074|63.6074
64|63.6074|63.6074
65|63.6074|63.6074
66|63.6074|63.6074
67|63.6074|63.6074
68|63.6074|63.6074
69|63.6074|63.6074
70|63.6074|63.6074
71|63.6074|63.6074
72|63.6074|63.6074
73|63.6074|63.6074
74|63.6074|63.6074
75|63.6074|63.6074
76|63.6074|63.6074
77|63.6074|63.6074
78|63.6074|63.6074
79|63.6074|63.6074
80|63.6074|63.6074
81|63.6074|63.6074
82|63.6074|63.6074
83|63.6074|63.6074
84|63.6074|63.6074
85|63.6074|63.6074
86|63.6074|63.6074
87|63.6074|63.6074
88|63.6074|63.6074
89|63.6074|63.6074
90|63.6074|63.6074
91|63.6074|63.6074
92|63.6074|63.6074
93|63.6074|63.6074
94|63.6074|63.6074
95|63.6074|63.6074
96|63.6074|63.6074
97|63.6074|63.6074
98|63.6074|63.6074
99|63.6074|63.6074
100|63.6074|63.6074
101|63.6074|63.6074
102|63.6074|63.6074
103|63.6074|63.6074
104|63.6074|63.6074
105|63.6074|63.6074
106|63.6074|63.6074
107|63.6074|63.6074
108|63.6074|63.6074
109|63.6074|63.6074
110|63.6074|63.6074
111|63.6074|63.6074
112|63.6074|63.6074
113|63.6074|63.6074
114|63.6074|63.6074
115|63.6074|63.6074
116|63.6074|63.6074
117|63.6074|63.6074
118|63.6074|63.6074
119|63.6074|63.6074
120|63.6074|63.6074
121|63.6074|63.6074
122|63.6074|63.6074
123|63.6074|63.6074
124|63.6074|63.6074
125|63.6074|63.6074
126|63.6074|63.6074
127|63.6074|63.6074
128|63.6074|63.6074
129|63.6074|63.6074
130|63.6074|63.6074
131|63.6074|63.6074
132|63.6074|63.6074
133|63.6074|63.6074
134|63.6074|63.6074
135|63.6074|63.6074
136|63.6074|63.6074
137|63.6074|63.6074
138|63.6074|63.6074
139|63.6074|63.6074
140|63.6074|63.6074
141|63.6074|63.6074
142|63.6074|63.6074
143|63.6074|63.6074
144|63.6074|63.6074
145|63.6074|63.6074
146|63.6074|63.6074
147|63.6074|63.6074
148|63.6074|63.6074
149|63.6074|63.6074
150|63.6074|63.6074
151|63.6074|63.6074
EARLY STOP: TARGET FOUND
59460ms
