1|53.6228|53.6228
2|53.6228|53.6228
3|53.6228|53.6228
4|53.6228|53.6228
5|53.6228|53.6228
6|53.6228|53.6228
7|53.6228|53.6228
8|53.6228|53.6228
9|53.6228|53.6228
10|53.6228|53.6228
11|53.6228|53.6228
12|53.6228|53.6228
13|53.6228|53.6228
14|53.6228|53.6228
15|53.6228|53.6228
16|53.6228|53.6228
17|53.6228|53.6228
18|53.6228|53.6228
19|53.6228|53.6228
20|53.6228|53.6228
21|53.6228|53.6228
22|53.6228|53.6228
23|53.6228|53.6228
24|53.6228|53.6228
25|53.6228|53.6228
26|53.6228|53.6228
27|53.6228|53.6228
28|53.6228|53.6228
29|53.6228|53.6228
30|53.6228|53.6228
31|53.6228|53.6228
32|53.6228|53.6228
33|53.6228|53.6228
34|53.6228|53.6228
35|53.6228|53.6228
36|53.6228|53.6228
37|53.6228|53.6228
38|53.6228|53.6228
39|53.6228|53.6228
40|53.6228|53.6228
41|53.6228|53.6228
42|53.6228|53.6228
43|53.6228|53.6228
44|53.6228|53.6228
45|53.6228|53.6228
46|53.6228|53.6228
47|53.6228|53.6228
48|53.6228|53.6228
49|53.6228|53.6228
50|53.6228|53.6228
51|53.6228|53.6228
52|53.6228|53.6228
53|53.6228|53.6228
54|53.6228|53.6228
55|53.6228|53.6228
56|53.6228|53.6228
57|53.6228|53.6228
58|53.6228|53.6228
59|53.6228|53.6228
60|53.6228|53.6228
61|53.6228|53.6228
62|53.6228|53.6228
63|53.6228|53.6228
64|53.6228|53.6228
65|53.6228|53.6228
66|53.6228|53.6228
67|53.6228|53.6228
68|53.6228|53.6228
69|53.6228|53.6228
70|53.6228|53.6228
71|53.6228|53.6228
72|53.6228|53.6228
73|53.6228|53.6228
74|53.6228|53.6228
75|53.6228|53.6228
76|53.6228|53.6228
77|53.6228|53.6228
78|53.6228|53.6228
79|53.6228|53.6228
80|53.6228|53.6228
81|53.6228|53.6228
82|53.6228|53.6228
83|53.6228|53.6228
84|53.6228|53.6228
85|53.6228|53.6228
86|53.6228|53.6228
87|53.6228|53.6228
88|53.6228|53.6228
89|53.6228|53.6228
90|53.6228|53.6228
91|53.6228|53.6228
92|53.6228|53.6228
93|53.6228|53.6228
94|53.6228|53.6228
95|53.6228|53.6228
96|53.6228|53.6228
97|53.6228|53.6228
98|53.6228|53.6228
99|53.6228|53.6228
100|53.6228|53.6228
101|53.6228|53.6228
102|53.6228|53.6228
103|53.6228|53.6228
104|53.6228|53.6228
105|53.6228|53.6228
106|53.6228|53.6228
107|53.6228|53.6228
108|53.6228|53.6228
109|53.6228|53.6228
110|53.6228|53.6228
111|53.6228|53.6228
112|53.6228|53.6228
113|53.6228|53.6228
114|53.6228|53.6228
115|53.6228|53.6228
116|53.6228|53.6228
117|53.6228|53.6228
118|53.6228|53.6228
119|53.6228|53.6228
120|53.6228|53.6228
121|53.6228|53.6228
122|53.6228|53.6228
123|53.6228|53.6228
124|53.6228|53.6228
125|53.6228|53.6228
126|53.6228|53.6228
127|53.6228|53.6228
128|53.6228|53.6228
129|53.6228|53.6228
130|53.6228|53.6228
131|53.6228|53.6228
132|53.6228|53.6228
133|53.6228|53.6228
134|53.6228|53.6228
135|53.6228|53.6228
136|53.6228|53.6228
137|53.6228|53.6228
138|53.6228|53.6228
139|53.6228|53.6228
140|53.6228|53.6228
141|53.6228|53.6228
142|53.6228|53.6228
143|53.6228|53.6228
144|53.6228|53.6228
145|53.6228|53.6228
146|53.6228|53.6228
147|53.6228|53.6228
148|53.6228|53.6228
149|53.6228|53.6228
150|53.6228|53.6228
151|53.6228|53.6228
EARLY STOP: TARGET FOUND
205888ms
