1|69.2734|69.2734
2|69.2734|69.2734
3|69.2734|69.2734
4|69.2734|69.2734
5|69.2734|69.2734
6|69.2734|69.2734
7|69.2734|69.2734
8|69.2734|69.2734
9|69.2734|69.2734
10|69.2734|69.2734
11|69.2734|69.2734
12|69.2734|69.2734
13|69.2734|69.2734
14|69.2734|69.2734
15|69.2734|69.2734
16|69.2734|69.2734
17|69.2734|69.2734
18|69.2734|69.2734
19|69.2734|69.2734
20|69.2734|69.2734
21|69.2734|69.2734
22|69.2734|69.2734
23|69.2734|69.2734
24|69.2734|69.2734
25|69.2734|69.2734
26|69.2734|69.2734
27|69.2734|69.2734
28|69.2734|69.2734
29|69.2734|69.2734
30|69.2734|69.2734
31|69.2734|69.2734
32|69.2734|69.2734
33|69.2734|69.2734
34|69.2734|69.2734
35|69.2734|69.2734
36|69.2734|69.2734
37|69.2734|69.2734
38|69.2734|69.2734
39|69.2734|69.2734
40|69.2734|69.2734
41|69.2734|69.2734
42|69.2734|69.2734
43|69.2734|69.2734
44|69.2734|69.2734
45|69.2734|69.2734
46|69.2734|69.2734
47|69.2734|69.2734
48|69.2734|69.2734
49|69.2734|69.2734
50|69.2734|69.2734
51|69.2734|69.2734
52|69.2734|69.2734
53|69.2734|69.2734
54|69.2734|69.2734
55|69.2734|69.2734
56|69.2734|69.2734
57|69.2734|69.2734
58|69.2734|69.2734
59|69.2734|69.2734
60|69.2734|69.2734
61|69.2734|69.2734
62|69.2734|69.2734
63|69.2734|69.2734
64|69.2734|69.2734
65|69.2734|69.2734
66|69.2734|69.2734
67|69.2734|69.2734
68|69.2734|69.2734
69|69.2734|69.2734
70|69.2734|69.2734
71|69.2734|69.2734
72|69.2734|69.2734
73|69.2734|69.2734
74|69.2734|69.2734
75|69.2734|69.2734
76|69.2734|69.2734
77|69.2734|69.2734
78|69.2734|69.2734
79|69.2734|69.2734
80|69.2734|69.2734
81|69.2734|69.2734
82|69.2734|69.2734
83|69.2734|69.2734
84|69.2734|69.2734
85|69.2734|69.2734
86|69.2734|69.2734
87|69.2734|69.2734
88|69.2734|69.2734
89|69.2734|69.2734
90|69.2734|69.2734
91|69.2734|69.2734
92|69.2734|69.2734
93|69.2734|69.2734
94|69.2734|69.2734
95|69.2734|69.2734
96|69.2734|69.2734
97|69.2734|69.2734
98|69.2734|69.2734
99|69.2734|69.2734
100|69.2734|69.2734
101|69.2734|69.2734
102|69.2734|69.2734
103|69.2734|69.2734
104|69.2734|69.2734
105|69.2734|69.2734
106|69.2734|69.2734
107|69.2734|69.2734
108|69.2734|69.2734
109|69.2734|69.2734
110|69.2734|69.2734
111|69.2734|69.2734
112|69.2734|69.2734
113|69.2734|69.2734
114|69.2734|69.2734
115|69.2734|69.2734
116|69.2734|69.2734
117|69.2734|69.2734
118|69.2734|69.2734
119|69.2734|69.2734
120|69.2734|69.2734
121|69.2734|69.2734
122|69.2734|69.2734
123|69.2734|69.2734
124|69.2734|69.2734
125|69.2734|69.2734
126|69.2734|69.2734
127|69.2734|69.2734
128|69.2734|69.2734
129|69.2734|69.2734
130|69.2734|69.2734
131|69.2734|69.2734
132|69.2734|69.2734
133|69.2734|69.2734
134|69.2734|69.2734
135|69.2734|69.2734
136|69.2734|69.2734
137|69.2734|69.2734
138|69.2734|69.2734
139|69.2734|69.2734
140|69.2734|69.2734
141|69.2734|69.2734
142|69.2734|69.2734
143|69.2734|69.2734
144|69.2734|69.2734
145|69.2734|69.2734
146|69.2734|69.2734
147|69.2734|69.2734
148|69.2734|69.2734
149|69.2734|69.2734
150|69.2734|69.2734
151|69.2734|69.2734
EARLY STOP: TARGET FOUND
59269ms
