1|399.576|399.576
2|399.576|399.576
3|399.576|399.576
4|399.576|399.576
5|399.576|399.576
6|399.576|399.576
7|399.576|399.576
8|399.576|399.576
9|399.576|399.576
10|399.576|399.576
11|399.576|399.576
12|399.576|399.576
13|399.576|399.576
14|399.576|399.576
15|399.576|399.576
16|399.576|399.576
17|399.576|399.576
18|399.576|399.576
19|399.576|399.576
20|399.576|399.576
21|399.576|399.576
22|399.576|399.576
23|399.576|399.576
24|399.576|399.576
25|399.576|399.576
26|399.576|399.576
27|399.576|399.576
28|399.576|399.576
29|399.576|399.576
30|399.576|399.576
31|399.576|399.576
32|399.576|399.576
33|399.576|399.576
34|399.576|399.576
35|399.576|399.576
36|399.576|399.576
37|399.576|399.576
38|399.576|399.576
39|399.576|399.576
40|399.576|399.576
41|399.576|399.576
42|399.576|399.576
43|399.576|399.576
44|399.576|399.576
45|399.576|399.576
46|399.576|399.576
47|399.576|399.576
48|399.576|399.576
49|399.576|399.576
50|399.576|399.576
51|399.576|399.576
52|399.576|399.576
53|399.576|399.576
54|399.576|399.576
55|399.576|399.576
56|399.576|399.576
57|399.576|399.576
58|399.576|399.576
59|399.576|399.576
60|399.576|399.576
61|399.576|399.576
62|399.576|399.576
63|399.576|399.576
64|399.576|399.576
65|399.576|399.576
66|399.576|399.576
67|399.576|399.576
68|399.576|399.576
69|399.576|399.576
70|399.576|399.576
71|399.576|399.576
72|399.576|399.576
73|399.576|399.576
74|399.576|399.576
75|399.576|399.576
76|399.576|399.576
77|399.576|399.576
78|399.576|399.576
79|399.576|399.576
80|399.576|399.576
81|399.576|399.576
82|399.576|399.576
83|399.576|399.576
84|399.576|399.576
85|399.576|399.576
86|399.576|399.576
87|399.576|399.576
88|399.576|399.576
89|399.576|399.576
90|399.576|399.576
91|399.576|399.576
92|399.576|399.576
93|399.576|399.576
94|399.576|399.576
95|399.576|399.576
96|399.576|399.576
97|399.576|399.576
98|399.576|399.576
99|399.576|399.576
100|399.576|399.576
101|399.576|399.576
102|399.576|399.576
103|399.576|399.576
104|399.576|399.576
105|399.576|399.576
106|399.576|399.576
107|399.576|399.576
108|399.576|399.576
109|399.576|399.576
110|399.576|399.576
111|399.576|399.576
112|399.576|399.576
113|399.576|399.576
114|399.576|399.576
115|399.576|399.576
116|399.576|399.576
117|399.576|399.576
118|399.576|399.576
119|399.576|399.576
120|399.576|399.576
121|399.576|399.576
122|399.576|399.576
123|399.576|399.576
124|399.576|399.576
125|399.576|399.576
126|399.576|399.576
127|399.576|399.576
128|399.576|399.576
129|399.576|399.576
130|399.576|399.576
131|399.576|399.576
132|399.576|399.576
133|399.576|399.576
134|399.576|399.576
135|399.576|399.576
136|399.576|399.576
137|399.576|399.576
138|399.576|399.576
139|399.576|399.576
140|399.576|399.576
141|399.576|399.576
142|399.576|399.576
143|399.576|399.576
144|399.576|399.576
145|399.576|399.576
146|399.576|399.576
147|399.576|399.576
148|399.576|399.576
149|399.576|399.576
150|399.576|399.576
151|399.576|399.576
EARLY STOP: TARGET FOUND
2532223ms
