1|-2.72313|-2.72313
2|-2.72313|-2.72313
3|-2.72313|-2.72313
4|-2.72313|-2.72313
5|-2.72313|-2.72313
6|-2.72313|-2.72313
7|-2.72313|-2.72313
8|-2.72313|-2.72313
9|-2.72313|-2.72313
10|-2.72313|-2.72313
11|-2.72313|-2.72313
12|-2.72313|-2.72313
13|-2.72313|-2.72313
14|-2.72313|-2.72313
15|-2.72313|-2.72313
16|-2.72313|-2.72313
17|-2.72313|-2.72313
18|-2.72313|-2.72313
19|-2.72313|-2.72313
20|-2.72313|-2.72313
21|-2.72313|-2.72313
22|-2.72313|-2.72313
23|-2.72313|-2.72313
24|-2.72313|-2.72313
25|-2.72313|-2.72313
26|-2.72313|-2.72313
27|-2.72313|-2.72313
28|-2.72313|-2.72313
29|-2.72313|-2.72313
30|-2.72313|-2.72313
31|-2.72313|-2.72313
32|-2.72313|-2.72313
33|-2.72313|-2.72313
34|-2.72313|-2.72313
35|-2.72313|-2.72313
36|-2.72313|-2.72313
37|-2.72313|-2.72313
38|-2.72313|-2.72313
39|-2.72313|-2.72313
40|-2.72313|-2.72313
41|-2.72313|-2.72313
42|-2.72313|-2.72313
43|-2.72313|-2.72313
44|-2.72313|-2.72313
45|-2.72313|-2.72313
46|-2.72313|-2.72313
47|-2.72313|-2.72313
48|-2.72313|-2.72313
49|-2.72313|-2.72313
50|-2.72313|-2.72313
51|-2.72313|-2.72313
52|-2.72313|-2.72313
53|-2.72313|-2.72313
54|-2.72313|-2.72313
55|-2.72313|-2.72313
56|-2.72313|-2.72313
57|-2.72313|-2.72313
58|-2.72313|-2.72313
59|-2.72313|-2.72313
60|-2.72313|-2.72313
61|-2.72313|-2.72313
62|-2.72313|-2.72313
63|-2.72313|-2.72313
64|-2.72313|-2.72313
65|-2.72313|-2.72313
66|-2.72313|-2.72313
67|-2.72313|-2.72313
68|-2.72313|-2.72313
69|-2.72313|-2.72313
70|-2.72313|-2.72313
71|-2.72313|-2.72313
72|-2.72313|-2.72313
73|-2.72313|-2.72313
74|-2.72313|-2.72313
75|-2.72313|-2.72313
76|-2.72313|-2.72313
77|-2.72313|-2.72313
78|-2.72313|-2.72313
79|-2.72313|-2.72313
80|-2.72313|-2.72313
81|-2.72313|-2.72313
82|-2.72313|-2.72313
83|-2.72313|-2.72313
84|-2.72313|-2.72313
85|-2.72313|-2.72313
86|-2.72313|-2.72313
87|-2.72313|-2.72313
88|-2.72313|-2.72313
89|-2.72313|-2.72313
90|-2.72313|-2.72313
91|-2.72313|-2.72313
92|-2.72313|-2.72313
93|-2.72313|-2.72313
94|-2.72313|-2.72313
95|-2.72313|-2.72313
96|-2.72313|-2.72313
97|-2.72313|-2.72313
98|-2.72313|-2.72313
99|-2.72313|-2.72313
100|-2.72313|-2.72313
101|-2.72313|-2.72313
102|-2.72313|-2.72313
103|-2.72313|-2.72313
104|-2.72313|-2.72313
105|-2.72313|-2.72313
106|-2.72313|-2.72313
107|-2.72313|-2.72313
108|-2.72313|-2.72313
109|-2.72313|-2.72313
110|-2.72313|-2.72313
111|-2.72313|-2.72313
112|-2.72313|-2.72313
113|-2.72313|-2.72313
114|-2.72313|-2.72313
115|-2.72313|-2.72313
116|-2.72313|-2.72313
117|-2.72313|-2.72313
118|-2.72313|-2.72313
119|-2.72313|-2.72313
120|-2.72313|-2.72313
121|-2.72313|-2.72313
122|-2.72313|-2.72313
123|-2.72313|-2.72313
124|-2.72313|-2.72313
125|-2.72313|-2.72313
126|-2.72313|-2.72313
127|-2.72313|-2.72313
128|-2.72313|-2.72313
129|-2.72313|-2.72313
130|-2.72313|-2.72313
131|-2.72313|-2.72313
132|-2.72313|-2.72313
133|-2.72313|-2.72313
134|-2.72313|-2.72313
135|-2.72313|-2.72313
136|-2.72313|-2.72313
137|-2.72313|-2.72313
138|-2.72313|-2.72313
139|-2.72313|-2.72313
140|-2.72313|-2.72313
141|-2.72313|-2.72313
142|-2.72313|-2.72313
143|-2.72313|-2.72313
144|-2.72313|-2.72313
145|-2.72313|-2.72313
146|-2.72313|-2.72313
147|-2.72313|-2.72313
148|-2.72313|-2.72313
149|-2.72313|-2.72313
150|-2.72313|-2.72313
151|-2.72313|-2.72313
EARLY STOP: TARGET FOUND
1697030ms
