1|-318.509|-318.509
2|-318.509|-318.509
3|-318.509|-318.509
4|-318.509|-318.509
5|-318.509|-318.509
6|-318.509|-318.509
7|-318.509|-318.509
8|-318.509|-318.509
9|-318.509|-318.509
10|-318.509|-318.509
11|-318.509|-318.509
12|-318.509|-318.509
13|-318.509|-318.509
14|-318.509|-318.509
15|-318.509|-318.509
16|-318.509|-318.509
17|-318.509|-318.509
18|-318.509|-318.509
19|-318.509|-318.509
20|-318.509|-318.509
21|-318.509|-318.509
22|-318.509|-318.509
23|-318.509|-318.509
24|-318.509|-318.509
25|-318.509|-318.509
26|-318.509|-318.509
27|-318.509|-318.509
28|-318.509|-318.509
29|-318.509|-318.509
30|-318.509|-318.509
31|-318.509|-318.509
32|-318.509|-318.509
33|-318.509|-318.509
34|-318.509|-318.509
35|-318.509|-318.509
36|-318.509|-318.509
37|-318.509|-318.509
38|-318.509|-318.509
39|-318.509|-318.509
40|-318.509|-318.509
41|-318.509|-318.509
42|-318.509|-318.509
43|-318.509|-318.509
44|-318.509|-318.509
45|-318.509|-318.509
46|-318.509|-318.509
47|-318.509|-318.509
48|-318.509|-318.509
49|-318.509|-318.509
50|-318.509|-318.509
51|-318.509|-318.509
52|-318.509|-318.509
53|-318.509|-318.509
54|-318.509|-318.509
55|-318.509|-318.509
56|-318.509|-318.509
57|-318.509|-318.509
58|-318.509|-318.509
59|-318.509|-318.509
60|-318.509|-318.509
61|-318.509|-318.509
62|-318.509|-318.509
63|-318.509|-318.509
64|-318.509|-318.509
65|-318.509|-318.509
66|-318.509|-318.509
67|-318.509|-318.509
68|-318.509|-318.509
69|-318.509|-318.509
70|-318.509|-318.509
71|-318.509|-318.509
72|-318.509|-318.509
73|-318.509|-318.509
74|-318.509|-318.509
75|-318.509|-318.509
76|-318.509|-318.509
77|-318.509|-318.509
78|-318.509|-318.509
79|-318.509|-318.509
80|-318.509|-318.509
81|-318.509|-318.509
82|-318.509|-318.509
83|-318.509|-318.509
84|-318.509|-318.509
85|-318.509|-318.509
86|-318.509|-318.509
87|-318.509|-318.509
88|-318.509|-318.509
89|-318.509|-318.509
90|-318.509|-318.509
91|-318.509|-318.509
92|-318.509|-318.509
93|-318.509|-318.509
94|-318.509|-318.509
95|-318.509|-318.509
96|-318.509|-318.509
97|-318.509|-318.509
98|-318.509|-318.509
99|-318.509|-318.509
100|-318.509|-318.509
101|-318.509|-318.509
102|-318.509|-318.509
103|-318.509|-318.509
104|-318.509|-318.509
105|-318.509|-318.509
106|-318.509|-318.509
107|-318.509|-318.509
108|-318.509|-318.509
109|-318.509|-318.509
110|-318.509|-318.509
111|-318.509|-318.509
112|-318.509|-318.509
113|-318.509|-318.509
114|-318.509|-318.509
115|-318.509|-318.509
116|-318.509|-318.509
117|-318.509|-318.509
118|-318.509|-318.509
119|-318.509|-318.509
120|-318.509|-318.509
121|-318.509|-318.509
122|-318.509|-318.509
123|-318.509|-318.509
124|-318.509|-318.509
125|-318.509|-318.509
126|-318.509|-318.509
127|-318.509|-318.509
128|-318.509|-318.509
129|-318.509|-318.509
130|-318.509|-318.509
131|-318.509|-318.509
132|-318.509|-318.509
133|-318.509|-318.509
134|-318.509|-318.509
135|-318.509|-318.509
136|-318.509|-318.509
137|-318.509|-318.509
138|-318.509|-318.509
139|-318.509|-318.509
140|-318.509|-318.509
141|-318.509|-318.509
142|-318.509|-318.509
143|-318.509|-318.509
144|-318.509|-318.509
145|-318.509|-318.509
146|-318.509|-318.509
147|-318.509|-318.509
148|-318.509|-318.509
149|-318.509|-318.509
150|-318.509|-318.509
151|-318.509|-318.509
EARLY STOP: TARGET FOUND
84866ms
