1|84.1178|84.1178
2|84.1178|84.1178
3|84.1178|84.1178
4|84.1178|84.1178
5|84.1178|84.1178
6|84.1178|84.1178
7|84.1178|84.1178
8|84.1178|84.1178
9|84.1178|84.1178
10|84.1178|84.1178
11|84.1178|84.1178
12|84.1178|84.1178
13|84.1178|84.1178
14|84.1178|84.1178
15|84.1178|84.1178
16|84.1178|84.1178
17|84.1178|84.1178
18|84.1178|84.1178
19|84.1178|84.1178
20|84.1178|84.1178
21|84.1178|84.1178
22|84.1178|84.1178
23|84.1178|84.1178
24|84.1178|84.1178
25|84.1178|84.1178
26|84.1178|84.1178
27|84.1178|84.1178
28|84.1178|84.1178
29|84.1178|84.1178
30|84.1178|84.1178
31|84.1178|84.1178
32|84.1178|84.1178
33|84.1178|84.1178
34|84.1178|84.1178
35|84.1178|84.1178
36|84.1178|84.1178
37|84.1178|84.1178
38|84.1178|84.1178
39|84.1178|84.1178
40|84.1178|84.1178
41|84.1178|84.1178
42|84.1178|84.1178
43|84.1178|84.1178
44|84.1178|84.1178
45|84.1178|84.1178
46|84.1178|84.1178
47|84.1178|84.1178
48|84.1178|84.1178
49|84.1178|84.1178
50|84.1178|84.1178
51|84.1178|84.1178
52|84.1178|84.1178
53|84.1178|84.1178
54|84.1178|84.1178
55|84.1178|84.1178
56|84.1178|84.1178
57|84.1178|84.1178
58|84.1178|84.1178
59|84.1178|84.1178
60|84.1178|84.1178
61|84.1178|84.1178
62|84.1178|84.1178
63|84.1178|84.1178
64|84.1178|84.1178
65|84.1178|84.1178
66|84.1178|84.1178
67|84.1178|84.1178
68|84.1178|84.1178
69|84.1178|84.1178
70|84.1178|84.1178
71|84.1178|84.1178
72|84.1178|84.1178
73|84.1178|84.1178
74|84.1178|84.1178
75|84.1178|84.1178
76|84.1178|84.1178
77|84.1178|84.1178
78|84.1178|84.1178
79|84.1178|84.1178
80|84.1178|84.1178
81|84.1178|84.1178
82|84.1178|84.1178
83|84.1178|84.1178
84|84.1178|84.1178
85|84.1178|84.1178
86|84.1178|84.1178
87|84.1178|84.1178
88|84.1178|84.1178
89|84.1178|84.1178
90|84.1178|84.1178
91|84.1178|84.1178
92|84.1178|84.1178
93|84.1178|84.1178
94|84.1178|84.1178
95|84.1178|84.1178
96|84.1178|84.1178
97|84.1178|84.1178
98|84.1178|84.1178
99|84.1178|84.1178
100|84.1178|84.1178
101|84.1178|84.1178
102|84.1178|84.1178
103|84.1178|84.1178
104|84.1178|84.1178
105|84.1178|84.1178
106|84.1178|84.1178
107|84.1178|84.1178
108|84.1178|84.1178
109|84.1178|84.1178
110|84.1178|84.1178
111|84.1178|84.1178
112|84.1178|84.1178
113|84.1178|84.1178
114|84.1178|84.1178
115|84.1178|84.1178
116|84.1178|84.1178
117|84.1178|84.1178
118|84.1178|84.1178
119|84.1178|84.1178
120|84.1178|84.1178
121|84.1178|84.1178
122|84.1178|84.1178
123|84.1178|84.1178
124|84.1178|84.1178
125|84.1178|84.1178
126|84.1178|84.1178
127|84.1178|84.1178
128|84.1178|84.1178
129|84.1178|84.1178
130|84.1178|84.1178
131|84.1178|84.1178
132|84.1178|84.1178
133|84.1178|84.1178
134|84.1178|84.1178
135|84.1178|84.1178
136|84.1178|84.1178
137|84.1178|84.1178
138|84.1178|84.1178
139|84.1178|84.1178
140|84.1178|84.1178
141|84.1178|84.1178
142|84.1178|84.1178
143|84.1178|84.1178
144|84.1178|84.1178
145|84.1178|84.1178
146|84.1178|84.1178
147|84.1178|84.1178
148|84.1178|84.1178
149|84.1178|84.1178
150|84.1178|84.1178
151|84.1178|84.1178
EARLY STOP: TARGET FOUND
2532639ms
