1|-0.160983|-0.160983
2|-0.160983|-0.160983
3|-0.160983|-0.160983
4|-0.160983|-0.160983
5|-0.160983|-0.160983
6|-0.160983|-0.160983
7|-0.160983|-0.160983
8|-0.160983|-0.160983
9|-0.160983|-0.160983
10|-0.160983|-0.160983
11|-0.160983|-0.160983
12|-0.160983|-0.160983
13|-0.160983|-0.160983
14|-0.160983|-0.160983
15|-0.160983|-0.160983
16|-0.160983|-0.160983
17|-0.160983|-0.160983
18|-0.160983|-0.160983
19|-0.160983|-0.160983
20|-0.160983|-0.160983
21|-0.160983|-0.160983
22|-0.160983|-0.160983
23|-0.160983|-0.160983
24|-0.160983|-0.160983
25|-0.160983|-0.160983
26|-0.160983|-0.160983
27|-0.160983|-0.160983
28|-0.160983|-0.160983
29|-0.160983|-0.160983
30|-0.160983|-0.160983
31|-0.160983|-0.160983
32|-0.160983|-0.160983
33|-0.160983|-0.160983
34|-0.160983|-0.160983
35|-0.160983|-0.160983
36|-0.160983|-0.160983
37|-0.160983|-0.160983
38|-0.160983|-0.160983
39|-0.160983|-0.160983
40|-0.160983|-0.160983
41|-0.160983|-0.160983
42|-0.160983|-0.160983
43|-0.160983|-0.160983
44|-0.160983|-0.160983
45|-0.160983|-0.160983
46|-0.160983|-0.160983
47|-0.160983|-0.160983
48|-0.160983|-0.160983
49|-0.160983|-0.160983
50|-0.160983|-0.160983
51|-0.160983|-0.160983
52|-0.160983|-0.160983
53|-0.160983|-0.160983
54|-0.160983|-0.160983
55|-0.160983|-0.160983
56|-0.160983|-0.160983
57|-0.160983|-0.160983
58|-0.160983|-0.160983
59|-0.160983|-0.160983
60|-0.160983|-0.160983
61|-0.160983|-0.160983
62|-0.160983|-0.160983
63|-0.160983|-0.160983
64|-0.160983|-0.160983
65|-0.160983|-0.160983
66|-0.160983|-0.160983
67|-0.160983|-0.160983
68|-0.160983|-0.160983
69|-0.160983|-0.160983
70|-0.160983|-0.160983
71|-0.160983|-0.160983
72|-0.160983|-0.160983
73|-0.160983|-0.160983
74|-0.160983|-0.160983
75|-0.160983|-0.160983
76|-0.160983|-0.160983
77|-0.160983|-0.160983
78|-0.160983|-0.160983
79|-0.160983|-0.160983
80|-0.160983|-0.160983
81|-0.160983|-0.160983
82|-0.160983|-0.160983
83|-0.160983|-0.160983
84|-0.160983|-0.160983
85|-0.160983|-0.160983
86|-0.160983|-0.160983
87|-0.160983|-0.160983
88|-0.160983|-0.160983
89|-0.160983|-0.160983
90|-0.160983|-0.160983
91|-0.160983|-0.160983
92|-0.160983|-0.160983
93|-0.160983|-0.160983
94|-0.160983|-0.160983
95|-0.160983|-0.160983
96|-0.160983|-0.160983
97|-0.160983|-0.160983
98|-0.160983|-0.160983
99|-0.160983|-0.160983
100|-0.160983|-0.160983
101|-0.160983|-0.160983
102|-0.160983|-0.160983
103|-0.160983|-0.160983
104|-0.160983|-0.160983
105|-0.160983|-0.160983
106|-0.160983|-0.160983
107|-0.160983|-0.160983
108|-0.160983|-0.160983
109|-0.160983|-0.160983
110|-0.160983|-0.160983
111|-0.160983|-0.160983
112|-0.160983|-0.160983
113|-0.160983|-0.160983
114|-0.160983|-0.160983
115|-0.160983|-0.160983
116|-0.160983|-0.160983
117|-0.160983|-0.160983
118|-0.160983|-0.160983
119|-0.160983|-0.160983
120|-0.160983|-0.160983
121|-0.160983|-0.160983
122|-0.160983|-0.160983
123|-0.160983|-0.160983
124|-0.160983|-0.160983
125|-0.160983|-0.160983
126|-0.160983|-0.160983
127|-0.160983|-0.160983
128|-0.160983|-0.160983
129|-0.160983|-0.160983
130|-0.160983|-0.160983
131|-0.160983|-0.160983
132|-0.160983|-0.160983
133|-0.160983|-0.160983
134|-0.160983|-0.160983
135|-0.160983|-0.160983
136|-0.160983|-0.160983
137|-0.160983|-0.160983
138|-0.160983|-0.160983
139|-0.160983|-0.160983
140|-0.160983|-0.160983
141|-0.160983|-0.160983
142|-0.160983|-0.160983
143|-0.160983|-0.160983
144|-0.160983|-0.160983
145|-0.160983|-0.160983
146|-0.160983|-0.160983
147|-0.160983|-0.160983
148|-0.160983|-0.160983
149|-0.160983|-0.160983
150|-0.160983|-0.160983
151|-0.160983|-0.160983
EARLY STOP: TARGET FOUND
58544ms
