1|-3.24767|-3.24767
2|-3.24767|-3.24767
3|-3.24767|-3.24767
4|-3.24767|-3.24767
5|-3.24767|-3.24767
6|-3.24767|-3.24767
7|-3.24767|-3.24767
8|-3.24767|-3.24767
9|-3.24767|-3.24767
10|-3.24767|-3.24767
11|-3.24767|-3.24767
12|-3.24767|-3.24767
13|-3.24767|-3.24767
14|-3.24767|-3.24767
15|-3.24767|-3.24767
16|-3.24767|-3.24767
17|-3.24767|-3.24767
18|-3.24767|-3.24767
19|-3.24767|-3.24767
20|-3.24767|-3.24767
21|-3.24767|-3.24767
22|-3.24767|-3.24767
23|-3.24767|-3.24767
24|-3.24767|-3.24767
25|-3.24767|-3.24767
26|-3.24767|-3.24767
27|-3.24767|-3.24767
28|-3.24767|-3.24767
29|-3.24767|-3.24767
30|-3.24767|-3.24767
31|-3.24767|-3.24767
32|-3.24767|-3.24767
33|-3.24767|-3.24767
34|-3.24767|-3.24767
35|-3.24767|-3.24767
36|-3.24767|-3.24767
37|-3.24767|-3.24767
38|-3.24767|-3.24767
39|-3.24767|-3.24767
40|-3.24767|-3.24767
41|-3.24767|-3.24767
42|-3.24767|-3.24767
43|-3.24767|-3.24767
44|-3.24767|-3.24767
45|-3.24767|-3.24767
46|-3.24767|-3.24767
47|-3.24767|-3.24767
48|-3.24767|-3.24767
49|-3.24767|-3.24767
50|-3.24767|-3.24767
51|-3.24767|-3.24767
52|-3.24767|-3.24767
53|-3.24767|-3.24767
54|-3.24767|-3.24767
55|-3.24767|-3.24767
56|-3.24767|-3.24767
57|-3.24767|-3.24767
58|-3.24767|-3.24767
59|-3.24767|-3.24767
60|-3.24767|-3.24767
61|-3.24767|-3.24767
62|-3.24767|-3.24767
63|-3.24767|-3.24767
64|-3.24767|-3.24767
65|-3.24767|-3.24767
66|-3.24767|-3.24767
67|-3.24767|-3.24767
68|-3.24767|-3.24767
69|-3.24767|-3.24767
70|-3.24767|-3.24767
71|-3.24767|-3.24767
72|-3.24767|-3.24767
73|-3.24767|-3.24767
74|-3.24767|-3.24767
75|-3.24767|-3.24767
76|-3.24767|-3.24767
77|-3.24767|-3.24767
78|-3.24767|-3.24767
79|-3.24767|-3.24767
80|-3.24767|-3.24767
81|-3.24767|-3.24767
82|-3.24767|-3.24767
83|-3.24767|-3.24767
84|-3.24767|-3.24767
85|-3.24767|-3.24767
86|-3.24767|-3.24767
87|-3.24767|-3.24767
88|-3.24767|-3.24767
89|-3.24767|-3.24767
90|-3.24767|-3.24767
91|-3.24767|-3.24767
92|-3.24767|-3.24767
93|-3.24767|-3.24767
94|-3.24767|-3.24767
95|-3.24767|-3.24767
96|-3.24767|-3.24767
97|-3.24767|-3.24767
98|-3.24767|-3.24767
99|-3.24767|-3.24767
100|-3.24767|-3.24767
101|-3.24767|-3.24767
102|-3.24767|-3.24767
103|-3.24767|-3.24767
104|-3.24767|-3.24767
105|-3.24767|-3.24767
106|-3.24767|-3.24767
107|-3.24767|-3.24767
108|-3.24767|-3.24767
109|-3.24767|-3.24767
110|-3.24767|-3.24767
111|-3.24767|-3.24767
112|-3.24767|-3.24767
113|-3.24767|-3.24767
114|-3.24767|-3.24767
115|-3.24767|-3.24767
116|-3.24767|-3.24767
117|-3.24767|-3.24767
118|-3.24767|-3.24767
119|-3.24767|-3.24767
120|-3.24767|-3.24767
121|-3.24767|-3.24767
122|-3.24767|-3.24767
123|-3.24767|-3.24767
124|-3.24767|-3.24767
125|-3.24767|-3.24767
126|-3.24767|-3.24767
127|-3.24767|-3.24767
128|-3.24767|-3.24767
129|-3.24767|-3.24767
130|-3.24767|-3.24767
131|-3.24767|-3.24767
132|-3.24767|-3.24767
133|-3.24767|-3.24767
134|-3.24767|-3.24767
135|-3.24767|-3.24767
136|-3.24767|-3.24767
137|-3.24767|-3.24767
138|-3.24767|-3.24767
139|-3.24767|-3.24767
140|-3.24767|-3.24767
141|-3.24767|-3.24767
142|-3.24767|-3.24767
143|-3.24767|-3.24767
144|-3.24767|-3.24767
145|-3.24767|-3.24767
146|-3.24767|-3.24767
147|-3.24767|-3.24767
148|-3.24767|-3.24767
149|-3.24767|-3.24767
150|-3.24767|-3.24767
151|-3.24767|-3.24767
EARLY STOP: TARGET FOUND
1706911ms
