1|522.795|522.795
2|522.795|522.795
3|522.795|522.795
4|522.795|522.795
5|522.795|522.795
6|522.795|522.795
7|522.795|522.795
8|522.795|522.795
9|522.795|522.795
10|522.795|522.795
11|522.795|522.795
12|522.795|522.795
13|522.795|522.795
14|522.795|522.795
15|522.795|522.795
16|522.795|522.795
17|522.795|522.795
18|522.795|522.795
19|522.795|522.795
20|522.795|522.795
21|522.795|522.795
22|522.795|522.795
23|522.795|522.795
24|522.795|522.795
25|522.795|522.795
26|522.795|522.795
27|522.795|522.795
28|522.795|522.795
29|522.795|522.795
30|522.795|522.795
31|522.795|522.795
32|522.795|522.795
33|522.795|522.795
34|522.795|522.795
35|522.795|522.795
36|522.795|522.795
37|522.795|522.795
38|522.795|522.795
39|522.795|522.795
40|522.795|522.795
41|522.795|522.795
42|522.795|522.795
43|522.795|522.795
44|522.795|522.795
45|522.795|522.795
46|522.795|522.795
47|522.795|522.795
48|522.795|522.795
49|522.795|522.795
50|522.795|522.795
51|522.795|522.795
52|522.795|522.795
53|522.795|522.795
54|522.795|522.795
55|522.795|522.795
56|522.795|522.795
57|522.795|522.795
58|522.795|522.795
59|522.795|522.795
60|522.795|522.795
61|522.795|522.795
62|522.795|522.795
63|522.795|522.795
64|522.795|522.795
65|522.795|522.795
66|522.795|522.795
67|522.795|522.795
68|522.795|522.795
69|522.795|522.795
70|522.795|522.795
71|522.795|522.795
72|522.795|522.795
73|522.795|522.795
74|522.795|522.795
75|522.795|522.795
76|522.795|522.795
77|522.795|522.795
78|522.795|522.795
79|522.795|522.795
80|522.795|522.795
81|522.795|522.795
82|522.795|522.795
83|522.795|522.795
84|522.795|522.795
85|522.795|522.795
86|522.795|522.795
87|522.795|522.795
88|522.795|522.795
89|522.795|522.795
90|522.795|522.795
91|522.795|522.795
92|522.795|522.795
93|522.795|522.795
94|522.795|522.795
95|522.795|522.795
96|522.795|522.795
97|522.795|522.795
98|522.795|522.795
99|522.795|522.795
100|522.795|522.795
101|522.795|522.795
102|522.795|522.795
103|522.795|522.795
104|522.795|522.795
105|522.795|522.795
106|522.795|522.795
107|522.795|522.795
108|522.795|522.795
109|522.795|522.795
110|522.795|522.795
111|522.795|522.795
112|522.795|522.795
113|522.795|522.795
114|522.795|522.795
115|522.795|522.795
116|522.795|522.795
117|522.795|522.795
118|522.795|522.795
119|522.795|522.795
120|522.795|522.795
121|522.795|522.795
122|522.795|522.795
123|522.795|522.795
124|522.795|522.795
125|522.795|522.795
126|522.795|522.795
127|522.795|522.795
128|522.795|522.795
129|522.795|522.795
130|522.795|522.795
131|522.795|522.795
132|522.795|522.795
133|522.795|522.795
134|522.795|522.795
135|522.795|522.795
136|522.795|522.795
137|522.795|522.795
138|522.795|522.795
139|522.795|522.795
140|522.795|522.795
141|522.795|522.795
142|522.795|522.795
143|522.795|522.795
144|522.795|522.795
145|522.795|522.795
146|522.795|522.795
147|522.795|522.795
148|522.795|522.795
149|522.795|522.795
150|522.795|522.795
151|522.795|522.795
EARLY STOP: TARGET FOUND
1724732ms
