1|353.143|353.143
2|353.143|353.143
3|353.143|353.143
4|353.143|353.143
5|353.143|353.143
6|353.143|353.143
7|353.143|353.143
8|353.143|353.143
9|353.143|353.143
10|353.143|353.143
11|353.143|353.143
12|353.143|353.143
13|353.143|353.143
14|353.143|353.143
15|353.143|353.143
16|353.143|353.143
17|353.143|353.143
18|353.143|353.143
19|353.143|353.143
20|353.143|353.143
21|353.143|353.143
22|353.143|353.143
23|353.143|353.143
24|353.143|353.143
25|353.143|353.143
26|353.143|353.143
27|353.143|353.143
28|353.143|353.143
29|353.143|353.143
30|353.143|353.143
31|353.143|353.143
32|353.143|353.143
33|353.143|353.143
34|353.143|353.143
35|353.143|353.143
36|353.143|353.143
37|353.143|353.143
38|353.143|353.143
39|353.143|353.143
40|353.143|353.143
41|353.143|353.143
42|353.143|353.143
43|353.143|353.143
44|353.143|353.143
45|353.143|353.143
46|353.143|353.143
47|353.143|353.143
48|353.143|353.143
49|353.143|353.143
50|353.143|353.143
51|353.143|353.143
52|353.143|353.143
53|353.143|353.143
54|353.143|353.143
55|353.143|353.143
56|353.143|353.143
57|353.143|353.143
58|353.143|353.143
59|353.143|353.143
60|353.143|353.143
61|353.143|353.143
62|353.143|353.143
63|353.143|353.143
64|353.143|353.143
65|353.143|353.143
66|353.143|353.143
67|353.143|353.143
68|353.143|353.143
69|353.143|353.143
70|353.143|353.143
71|353.143|353.143
72|353.143|353.143
73|353.143|353.143
74|353.143|353.143
75|353.143|353.143
76|353.143|353.143
77|353.143|353.143
78|353.143|353.143
79|353.143|353.143
80|353.143|353.143
81|353.143|353.143
82|353.143|353.143
83|353.143|353.143
84|353.143|353.143
85|353.143|353.143
86|353.143|353.143
87|353.143|353.143
88|353.143|353.143
89|353.143|353.143
90|353.143|353.143
91|353.143|353.143
92|353.143|353.143
93|353.143|353.143
94|353.143|353.143
95|353.143|353.143
96|353.143|353.143
97|353.143|353.143
98|353.143|353.143
99|353.143|353.143
100|353.143|353.143
101|353.143|353.143
102|353.143|353.143
103|353.143|353.143
104|353.143|353.143
105|353.143|353.143
106|353.143|353.143
107|353.143|353.143
108|353.143|353.143
109|353.143|353.143
110|353.143|353.143
111|353.143|353.143
112|353.143|353.143
113|353.143|353.143
114|353.143|353.143
115|353.143|353.143
116|353.143|353.143
117|353.143|353.143
118|353.143|353.143
119|353.143|353.143
120|353.143|353.143
121|353.143|353.143
122|353.143|353.143
123|353.143|353.143
124|353.143|353.143
125|353.143|353.143
126|353.143|353.143
127|353.143|353.143
128|353.143|353.143
129|353.143|353.143
130|353.143|353.143
131|353.143|353.143
132|353.143|353.143
133|353.143|353.143
134|353.143|353.143
135|353.143|353.143
136|353.143|353.143
137|353.143|353.143
138|353.143|353.143
139|353.143|353.143
140|353.143|353.143
141|353.143|353.143
142|353.143|353.143
143|353.143|353.143
144|353.143|353.143
145|353.143|353.143
146|353.143|353.143
147|353.143|353.143
148|353.143|353.143
149|353.143|353.143
150|353.143|353.143
151|353.143|353.143
EARLY STOP: TARGET FOUND
303822ms
