1|-894.724|-894.724
2|-894.724|-894.724
3|-894.724|-894.724
4|-894.724|-894.724
5|-894.724|-894.724
6|-894.724|-894.724
7|-894.724|-894.724
8|-894.724|-894.724
9|-894.724|-894.724
10|-894.724|-894.724
11|-894.724|-894.724
12|-894.724|-894.724
13|-894.724|-894.724
14|-894.724|-894.724
15|-894.724|-894.724
16|-894.724|-894.724
17|-894.724|-894.724
18|-894.724|-894.724
19|-894.724|-894.724
20|-894.724|-894.724
21|-894.724|-894.724
22|-894.724|-894.724
23|-894.724|-894.724
24|-894.724|-894.724
25|-894.724|-894.724
26|-894.724|-894.724
27|-894.724|-894.724
28|-894.724|-894.724
29|-894.724|-894.724
30|-894.724|-894.724
31|-894.724|-894.724
32|-894.724|-894.724
33|-894.724|-894.724
34|-894.724|-894.724
35|-894.724|-894.724
36|-894.724|-894.724
37|-894.724|-894.724
38|-894.724|-894.724
39|-894.724|-894.724
40|-894.724|-894.724
41|-894.724|-894.724
42|-894.724|-894.724
43|-894.724|-894.724
44|-894.724|-894.724
45|-894.724|-894.724
46|-894.724|-894.724
47|-894.724|-894.724
48|-894.724|-894.724
49|-894.724|-894.724
50|-894.724|-894.724
51|-894.724|-894.724
52|-894.724|-894.724
53|-894.724|-894.724
54|-894.724|-894.724
55|-894.724|-894.724
56|-894.724|-894.724
57|-894.724|-894.724
58|-894.724|-894.724
59|-894.724|-894.724
60|-894.724|-894.724
61|-894.724|-894.724
62|-894.724|-894.724
63|-894.724|-894.724
64|-894.724|-894.724
65|-894.724|-894.724
66|-894.724|-894.724
67|-894.724|-894.724
68|-894.724|-894.724
69|-894.724|-894.724
70|-894.724|-894.724
71|-894.724|-894.724
72|-894.724|-894.724
73|-894.724|-894.724
74|-894.724|-894.724
75|-894.724|-894.724
76|-894.724|-894.724
77|-894.724|-894.724
78|-894.724|-894.724
79|-894.724|-894.724
80|-894.724|-894.724
81|-894.724|-894.724
82|-894.724|-894.724
83|-894.724|-894.724
84|-894.724|-894.724
85|-894.724|-894.724
86|-894.724|-894.724
87|-894.724|-894.724
88|-894.724|-894.724
89|-894.724|-894.724
90|-894.724|-894.724
91|-894.724|-894.724
92|-894.724|-894.724
93|-894.724|-894.724
94|-894.724|-894.724
95|-894.724|-894.724
96|-894.724|-894.724
97|-894.724|-894.724
98|-894.724|-894.724
99|-894.724|-894.724
100|-894.724|-894.724
101|-894.724|-894.724
102|-894.724|-894.724
103|-894.724|-894.724
104|-894.724|-894.724
105|-894.724|-894.724
106|-894.724|-894.724
107|-894.724|-894.724
108|-894.724|-894.724
109|-894.724|-894.724
110|-894.724|-894.724
111|-894.724|-894.724
112|-894.724|-894.724
113|-894.724|-894.724
114|-894.724|-894.724
115|-894.724|-894.724
116|-894.724|-894.724
117|-894.724|-894.724
118|-894.724|-894.724
119|-894.724|-894.724
120|-894.724|-894.724
121|-894.724|-894.724
122|-894.724|-894.724
123|-894.724|-894.724
124|-894.724|-894.724
125|-894.724|-894.724
126|-894.724|-894.724
127|-894.724|-894.724
128|-894.724|-894.724
129|-894.724|-894.724
130|-894.724|-894.724
131|-894.724|-894.724
132|-894.724|-894.724
133|-894.724|-894.724
134|-894.724|-894.724
135|-894.724|-894.724
136|-894.724|-894.724
137|-894.724|-894.724
138|-894.724|-894.724
139|-894.724|-894.724
140|-894.724|-894.724
141|-894.724|-894.724
142|-894.724|-894.724
143|-894.724|-894.724
144|-894.724|-894.724
145|-894.724|-894.724
146|-894.724|-894.724
147|-894.724|-894.724
148|-894.724|-894.724
149|-894.724|-894.724
150|-894.724|-894.724
151|-894.724|-894.724
EARLY STOP: TARGET FOUND
2554465ms
