1|-151.232|-151.232
2|-151.232|-151.232
3|-151.232|-151.232
4|-151.232|-151.232
5|-151.232|-151.232
6|-151.232|-151.232
7|-151.232|-151.232
8|-151.232|-151.232
9|-151.232|-151.232
10|-151.232|-151.232
11|-151.232|-151.232
12|-151.232|-151.232
13|-151.232|-151.232
14|-151.232|-151.232
15|-151.232|-151.232
16|-151.232|-151.232
17|-151.232|-151.232
18|-151.232|-151.232
19|-151.232|-151.232
20|-151.232|-151.232
21|-151.232|-151.232
22|-151.232|-151.232
23|-151.232|-151.232
24|-151.232|-151.232
25|-151.232|-151.232
26|-151.232|-151.232
27|-151.232|-151.232
28|-151.232|-151.232
29|-151.232|-151.232
30|-151.232|-151.232
31|-151.232|-151.232
32|-151.232|-151.232
33|-151.232|-151.232
34|-151.232|-151.232
35|-151.232|-151.232
36|-151.232|-151.232
37|-151.232|-151.232
38|-151.232|-151.232
39|-151.232|-151.232
40|-151.232|-151.232
41|-151.232|-151.232
42|-151.232|-151.232
43|-151.232|-151.232
44|-151.232|-151.232
45|-151.232|-151.232
46|-151.232|-151.232
47|-151.232|-151.232
48|-151.232|-151.232
49|-151.232|-151.232
50|-151.232|-151.232
51|-151.232|-151.232
52|-151.232|-151.232
53|-151.232|-151.232
54|-151.232|-151.232
55|-151.232|-151.232
56|-151.232|-151.232
57|-151.232|-151.232
58|-151.232|-151.232
59|-151.232|-151.232
60|-151.232|-151.232
61|-151.232|-151.232
62|-151.232|-151.232
63|-151.232|-151.232
64|-151.232|-151.232
65|-151.232|-151.232
66|-151.232|-151.232
67|-151.232|-151.232
68|-151.232|-151.232
69|-151.232|-151.232
70|-151.232|-151.232
71|-151.232|-151.232
72|-151.232|-151.232
73|-151.232|-151.232
74|-151.232|-151.232
75|-151.232|-151.232
76|-151.232|-151.232
77|-151.232|-151.232
78|-151.232|-151.232
79|-151.232|-151.232
80|-151.232|-151.232
81|-151.232|-151.232
82|-151.232|-151.232
83|-151.232|-151.232
84|-151.232|-151.232
85|-151.232|-151.232
86|-151.232|-151.232
87|-151.232|-151.232
88|-151.232|-151.232
89|-151.232|-151.232
90|-151.232|-151.232
91|-151.232|-151.232
92|-151.232|-151.232
93|-151.232|-151.232
94|-151.232|-151.232
95|-151.232|-151.232
96|-151.232|-151.232
97|-151.232|-151.232
98|-151.232|-151.232
99|-151.232|-151.232
100|-151.232|-151.232
101|-151.232|-151.232
102|-151.232|-151.232
103|-151.232|-151.232
104|-151.232|-151.232
105|-151.232|-151.232
106|-151.232|-151.232
107|-151.232|-151.232
108|-151.232|-151.232
109|-151.232|-151.232
110|-151.232|-151.232
111|-151.232|-151.232
112|-151.232|-151.232
113|-151.232|-151.232
114|-151.232|-151.232
115|-151.232|-151.232
116|-151.232|-151.232
117|-151.232|-151.232
118|-151.232|-151.232
119|-151.232|-151.232
120|-151.232|-151.232
121|-151.232|-151.232
122|-151.232|-151.232
123|-151.232|-151.232
124|-151.232|-151.232
125|-151.232|-151.232
126|-151.232|-151.232
127|-151.232|-151.232
128|-151.232|-151.232
129|-151.232|-151.232
130|-151.232|-151.232
131|-151.232|-151.232
132|-151.232|-151.232
133|-151.232|-151.232
134|-151.232|-151.232
135|-151.232|-151.232
136|-151.232|-151.232
137|-151.232|-151.232
138|-151.232|-151.232
139|-151.232|-151.232
140|-151.232|-151.232
141|-151.232|-151.232
142|-151.232|-151.232
143|-151.232|-151.232
144|-151.232|-151.232
145|-151.232|-151.232
146|-151.232|-151.232
147|-151.232|-151.232
148|-151.232|-151.232
149|-151.232|-151.232
150|-151.232|-151.232
151|-151.232|-151.232
EARLY STOP: TARGET FOUND
84513ms
