1|58.0601|58.0601
2|58.0601|58.0601
3|58.0601|58.0601
4|58.0601|58.0601
5|58.0601|58.0601
6|58.0601|58.0601
7|58.0601|58.0601
8|58.0601|58.0601
9|58.0601|58.0601
10|58.0601|58.0601
11|58.0601|58.0601
12|58.0601|58.0601
13|58.0601|58.0601
14|58.0601|58.0601
15|58.0601|58.0601
16|58.0601|58.0601
17|58.0601|58.0601
18|58.0601|58.0601
19|58.0601|58.0601
20|58.0601|58.0601
21|58.0601|58.0601
22|58.0601|58.0601
23|58.0601|58.0601
24|58.0601|58.0601
25|58.0601|58.0601
26|58.0601|58.0601
27|58.0601|58.0601
28|58.0601|58.0601
29|58.0601|58.0601
30|58.0601|58.0601
31|58.0601|58.0601
32|58.0601|58.0601
33|58.0601|58.0601
34|58.0601|58.0601
35|58.0601|58.0601
36|58.0601|58.0601
37|58.0601|58.0601
38|58.0601|58.0601
39|58.0601|58.0601
40|58.0601|58.0601
41|58.0601|58.0601
42|58.0601|58.0601
43|58.0601|58.0601
44|58.0601|58.0601
45|58.0601|58.0601
46|58.0601|58.0601
47|58.0601|58.0601
48|58.0601|58.0601
49|58.0601|58.0601
50|58.0601|58.0601
51|58.0601|58.0601
52|58.0601|58.0601
53|58.0601|58.0601
54|58.0601|58.0601
55|58.0601|58.0601
56|58.0601|58.0601
57|58.0601|58.0601
58|58.0601|58.0601
59|58.0601|58.0601
60|58.0601|58.0601
61|58.0601|58.0601
62|58.0601|58.0601
63|58.0601|58.0601
64|58.0601|58.0601
65|58.0601|58.0601
66|58.0601|58.0601
67|58.0601|58.0601
68|58.0601|58.0601
69|58.0601|58.0601
70|58.0601|58.0601
71|58.0601|58.0601
72|58.0601|58.0601
73|58.0601|58.0601
74|58.0601|58.0601
75|58.0601|58.0601
76|58.0601|58.0601
77|58.0601|58.0601
78|58.0601|58.0601
79|58.0601|58.0601
80|58.0601|58.0601
81|58.0601|58.0601
82|58.0601|58.0601
83|58.0601|58.0601
84|58.0601|58.0601
85|58.0601|58.0601
86|58.0601|58.0601
87|58.0601|58.0601
88|58.0601|58.0601
89|58.0601|58.0601
90|58.0601|58.0601
91|58.0601|58.0601
92|58.0601|58.0601
93|58.0601|58.0601
94|58.0601|58.0601
95|58.0601|58.0601
96|58.0601|58.0601
97|58.0601|58.0601
98|58.0601|58.0601
99|58.0601|58.0601
100|58.0601|58.0601
101|58.0601|58.0601
102|58.0601|58.0601
103|58.0601|58.0601
104|58.0601|58.0601
105|58.0601|58.0601
106|58.0601|58.0601
107|58.0601|58.0601
108|58.0601|58.0601
109|58.0601|58.0601
110|58.0601|58.0601
111|58.0601|58.0601
112|58.0601|58.0601
113|58.0601|58.0601
114|58.0601|58.0601
115|58.0601|58.0601
116|58.0601|58.0601
117|58.0601|58.0601
118|58.0601|58.0601
119|58.0601|58.0601
120|58.0601|58.0601
121|58.0601|58.0601
122|58.0601|58.0601
123|58.0601|58.0601
124|58.0601|58.0601
125|58.0601|58.0601
126|58.0601|58.0601
127|58.0601|58.0601
128|58.0601|58.0601
129|58.0601|58.0601
130|58.0601|58.0601
131|58.0601|58.0601
132|58.0601|58.0601
133|58.0601|58.0601
134|58.0601|58.0601
135|58.0601|58.0601
136|58.0601|58.0601
137|58.0601|58.0601
138|58.0601|58.0601
139|58.0601|58.0601
140|58.0601|58.0601
141|58.0601|58.0601
142|58.0601|58.0601
143|58.0601|58.0601
144|58.0601|58.0601
145|58.0601|58.0601
146|58.0601|58.0601
147|58.0601|58.0601
148|58.0601|58.0601
149|58.0601|58.0601
150|58.0601|58.0601
151|58.0601|58.0601
EARLY STOP: TARGET FOUND
206050ms
