1|-1298.96|-1298.96
2|-1298.96|-1298.96
3|-1298.96|-1298.96
4|-1298.96|-1298.96
5|-1298.96|-1298.96
6|-1298.96|-1298.96
7|-1298.96|-1298.96
8|-1298.96|-1298.96
9|-1298.96|-1298.96
10|-1298.96|-1298.96
11|-1298.96|-1298.96
12|-1298.96|-1298.96
13|-1298.96|-1298.96
14|-1298.96|-1298.96
15|-1298.96|-1298.96
16|-1298.96|-1298.96
17|-1298.96|-1298.96
18|-1298.96|-1298.96
19|-1298.96|-1298.96
20|-1298.96|-1298.96
21|-1298.96|-1298.96
22|-1298.96|-1298.96
23|-1298.96|-1298.96
24|-1298.96|-1298.96
25|-1298.96|-1298.96
26|-1298.96|-1298.96
27|-1298.96|-1298.96
28|-1298.96|-1298.96
29|-1298.96|-1298.96
30|-1298.96|-1298.96
31|-1298.96|-1298.96
32|-1298.96|-1298.96
33|-1298.96|-1298.96
34|-1298.96|-1298.96
35|-1298.96|-1298.96
36|-1298.96|-1298.96
37|-1298.96|-1298.96
38|-1298.96|-1298.96
39|-1298.96|-1298.96
40|-1298.96|-1298.96
41|-1298.96|-1298.96
42|-1298.96|-1298.96
43|-1298.96|-1298.96
44|-1298.96|-1298.96
45|-1298.96|-1298.96
46|-1298.96|-1298.96
47|-1298.96|-1298.96
48|-1298.96|-1298.96
49|-1298.96|-1298.96
50|-1298.96|-1298.96
51|-1298.96|-1298.96
52|-1298.96|-1298.96
53|-1298.96|-1298.96
54|-1298.96|-1298.96
55|-1298.96|-1298.96
56|-1298.96|-1298.96
57|-1298.96|-1298.96
58|-1298.96|-1298.96
59|-1298.96|-1298.96
60|-1298.96|-1298.96
61|-1298.96|-1298.96
62|-1298.96|-1298.96
63|-1298.96|-1298.96
64|-1298.96|-1298.96
65|-1298.96|-1298.96
66|-1298.96|-1298.96
67|-1298.96|-1298.96
68|-1298.96|-1298.96
69|-1298.96|-1298.96
70|-1298.96|-1298.96
71|-1298.96|-1298.96
72|-1298.96|-1298.96
73|-1298.96|-1298.96
74|-1298.96|-1298.96
75|-1298.96|-1298.96
76|-1298.96|-1298.96
77|-1298.96|-1298.96
78|-1298.96|-1298.96
79|-1298.96|-1298.96
80|-1298.96|-1298.96
81|-1298.96|-1298.96
82|-1298.96|-1298.96
83|-1298.96|-1298.96
84|-1298.96|-1298.96
85|-1298.96|-1298.96
86|-1298.96|-1298.96
87|-1298.96|-1298.96
88|-1298.96|-1298.96
89|-1298.96|-1298.96
90|-1298.96|-1298.96
91|-1298.96|-1298.96
92|-1298.96|-1298.96
93|-1298.96|-1298.96
94|-1298.96|-1298.96
95|-1298.96|-1298.96
96|-1298.96|-1298.96
97|-1298.96|-1298.96
98|-1298.96|-1298.96
99|-1298.96|-1298.96
100|-1298.96|-1298.96
101|-1298.96|-1298.96
102|-1298.96|-1298.96
103|-1298.96|-1298.96
104|-1298.96|-1298.96
105|-1298.96|-1298.96
106|-1298.96|-1298.96
107|-1298.96|-1298.96
108|-1298.96|-1298.96
109|-1298.96|-1298.96
110|-1298.96|-1298.96
111|-1298.96|-1298.96
112|-1298.96|-1298.96
113|-1298.96|-1298.96
114|-1298.96|-1298.96
115|-1298.96|-1298.96
116|-1298.96|-1298.96
117|-1298.96|-1298.96
118|-1298.96|-1298.96
119|-1298.96|-1298.96
120|-1298.96|-1298.96
121|-1298.96|-1298.96
122|-1298.96|-1298.96
123|-1298.96|-1298.96
124|-1298.96|-1298.96
125|-1298.96|-1298.96
126|-1298.96|-1298.96
127|-1298.96|-1298.96
128|-1298.96|-1298.96
129|-1298.96|-1298.96
130|-1298.96|-1298.96
131|-1298.96|-1298.96
132|-1298.96|-1298.96
133|-1298.96|-1298.96
134|-1298.96|-1298.96
135|-1298.96|-1298.96
136|-1298.96|-1298.96
137|-1298.96|-1298.96
138|-1298.96|-1298.96
139|-1298.96|-1298.96
140|-1298.96|-1298.96
141|-1298.96|-1298.96
142|-1298.96|-1298.96
143|-1298.96|-1298.96
144|-1298.96|-1298.96
145|-1298.96|-1298.96
146|-1298.96|-1298.96
147|-1298.96|-1298.96
148|-1298.96|-1298.96
149|-1298.96|-1298.96
150|-1298.96|-1298.96
151|-1298.96|-1298.96
EARLY STOP: TARGET FOUND
306839ms
