1|522.04|522.04
2|522.04|522.04
3|522.04|522.04
4|522.04|522.04
5|522.04|522.04
6|522.04|522.04
7|522.04|522.04
8|522.04|522.04
9|522.04|522.04
10|522.04|522.04
11|522.04|522.04
12|522.04|522.04
13|522.04|522.04
14|522.04|522.04
15|522.04|522.04
16|522.04|522.04
17|522.04|522.04
18|522.04|522.04
19|522.04|522.04
20|522.04|522.04
21|522.04|522.04
22|522.04|522.04
23|522.04|522.04
24|522.04|522.04
25|522.04|522.04
26|522.04|522.04
27|522.04|522.04
28|522.04|522.04
29|522.04|522.04
30|522.04|522.04
31|522.04|522.04
32|522.04|522.04
33|522.04|522.04
34|522.04|522.04
35|522.04|522.04
36|522.04|522.04
37|522.04|522.04
38|522.04|522.04
39|522.04|522.04
40|522.04|522.04
41|522.04|522.04
42|522.04|522.04
43|522.04|522.04
44|522.04|522.04
45|522.04|522.04
46|522.04|522.04
47|522.04|522.04
48|522.04|522.04
49|522.04|522.04
50|522.04|522.04
51|522.04|522.04
52|522.04|522.04
53|522.04|522.04
54|522.04|522.04
55|522.04|522.04
56|522.04|522.04
57|522.04|522.04
58|522.04|522.04
59|522.04|522.04
60|522.04|522.04
61|522.04|522.04
62|522.04|522.04
63|522.04|522.04
64|522.04|522.04
65|522.04|522.04
66|522.04|522.04
67|522.04|522.04
68|522.04|522.04
69|522.04|522.04
70|522.04|522.04
71|522.04|522.04
72|522.04|522.04
73|522.04|522.04
74|522.04|522.04
75|522.04|522.04
76|522.04|522.04
77|522.04|522.04
78|522.04|522.04
79|522.04|522.04
80|522.04|522.04
81|522.04|522.04
82|522.04|522.04
83|522.04|522.04
84|522.04|522.04
85|522.04|522.04
86|522.04|522.04
87|522.04|522.04
88|522.04|522.04
89|522.04|522.04
90|522.04|522.04
91|522.04|522.04
92|522.04|522.04
93|522.04|522.04
94|522.04|522.04
95|522.04|522.04
96|522.04|522.04
97|522.04|522.04
98|522.04|522.04
99|522.04|522.04
100|522.04|522.04
101|522.04|522.04
102|522.04|522.04
103|522.04|522.04
104|522.04|522.04
105|522.04|522.04
106|522.04|522.04
107|522.04|522.04
108|522.04|522.04
109|522.04|522.04
110|522.04|522.04
111|522.04|522.04
112|522.04|522.04
113|522.04|522.04
114|522.04|522.04
115|522.04|522.04
116|522.04|522.04
117|522.04|522.04
118|522.04|522.04
119|522.04|522.04
120|522.04|522.04
121|522.04|522.04
122|522.04|522.04
123|522.04|522.04
124|522.04|522.04
125|522.04|522.04
126|522.04|522.04
127|522.04|522.04
128|522.04|522.04
129|522.04|522.04
130|522.04|522.04
131|522.04|522.04
132|522.04|522.04
133|522.04|522.04
134|522.04|522.04
135|522.04|522.04
136|522.04|522.04
137|522.04|522.04
138|522.04|522.04
139|522.04|522.04
140|522.04|522.04
141|522.04|522.04
142|522.04|522.04
143|522.04|522.04
144|522.04|522.04
145|522.04|522.04
146|522.04|522.04
147|522.04|522.04
148|522.04|522.04
149|522.04|522.04
150|522.04|522.04
151|522.04|522.04
EARLY STOP: TARGET FOUND
1727372ms
