1|227.665|227.665
2|227.665|227.665
3|227.665|227.665
4|227.665|227.665
5|227.665|227.665
6|227.665|227.665
7|227.665|227.665
8|227.665|227.665
9|227.665|227.665
10|227.665|227.665
11|227.665|227.665
12|227.665|227.665
13|227.665|227.665
14|227.665|227.665
15|227.665|227.665
16|227.665|227.665
17|227.665|227.665
18|227.665|227.665
19|227.665|227.665
20|227.665|227.665
21|227.665|227.665
22|227.665|227.665
23|227.665|227.665
24|227.665|227.665
25|227.665|227.665
26|227.665|227.665
27|227.665|227.665
28|227.665|227.665
29|227.665|227.665
30|227.665|227.665
31|227.665|227.665
32|227.665|227.665
33|227.665|227.665
34|227.665|227.665
35|227.665|227.665
36|227.665|227.665
37|227.665|227.665
38|227.665|227.665
39|227.665|227.665
40|227.665|227.665
41|227.665|227.665
42|227.665|227.665
43|227.665|227.665
44|227.665|227.665
45|227.665|227.665
46|227.665|227.665
47|227.665|227.665
48|227.665|227.665
49|227.665|227.665
50|227.665|227.665
51|227.665|227.665
52|227.665|227.665
53|227.665|227.665
54|227.665|227.665
55|227.665|227.665
56|227.665|227.665
57|227.665|227.665
58|227.665|227.665
59|227.665|227.665
60|227.665|227.665
61|227.665|227.665
62|227.665|227.665
63|227.665|227.665
64|227.665|227.665
65|227.665|227.665
66|227.665|227.665
67|227.665|227.665
68|227.665|227.665
69|227.665|227.665
70|227.665|227.665
71|227.665|227.665
72|227.665|227.665
73|227.665|227.665
74|227.665|227.665
75|227.665|227.665
76|227.665|227.665
77|227.665|227.665
78|227.665|227.665
79|227.665|227.665
80|227.665|227.665
81|227.665|227.665
82|227.665|227.665
83|227.665|227.665
84|227.665|227.665
85|227.665|227.665
86|227.665|227.665
87|227.665|227.665
88|227.665|227.665
89|227.665|227.665
90|227.665|227.665
91|227.665|227.665
92|227.665|227.665
93|227.665|227.665
94|227.665|227.665
95|227.665|227.665
96|227.665|227.665
97|227.665|227.665
98|227.665|227.665
99|227.665|227.665
100|227.665|227.665
101|227.665|227.665
102|227.665|227.665
103|227.665|227.665
104|227.665|227.665
105|227.665|227.665
106|227.665|227.665
107|227.665|227.665
108|227.665|227.665
109|227.665|227.665
110|227.665|227.665
111|227.665|227.665
112|227.665|227.665
113|227.665|227.665
114|227.665|227.665
115|227.665|227.665
116|227.665|227.665
117|227.665|227.665
118|227.665|227.665
119|227.665|227.665
120|227.665|227.665
121|227.665|227.665
122|227.665|227.665
123|227.665|227.665
124|227.665|227.665
125|227.665|227.665
126|227.665|227.665
127|227.665|227.665
128|227.665|227.665
129|227.665|227.665
130|227.665|227.665
131|227.665|227.665
132|227.665|227.665
133|227.665|227.665
134|227.665|227.665
135|227.665|227.665
136|227.665|227.665
137|227.665|227.665
138|227.665|227.665
139|227.665|227.665
140|227.665|227.665
141|227.665|227.665
142|227.665|227.665
143|227.665|227.665
144|227.665|227.665
145|227.665|227.665
146|227.665|227.665
147|227.665|227.665
148|227.665|227.665
149|227.665|227.665
150|227.665|227.665
151|227.665|227.665
EARLY STOP: TARGET FOUND
214764ms
