1|-0.407396|-0.407396
2|-0.407396|-0.407396
3|-0.407396|-0.407396
4|-0.407396|-0.407396
5|-0.407396|-0.407396
6|-0.407396|-0.407396
7|-0.407396|-0.407396
8|-0.407396|-0.407396
9|-0.407396|-0.407396
10|-0.407396|-0.407396
11|-0.407396|-0.407396
12|-0.407396|-0.407396
13|-0.407396|-0.407396
14|-0.407396|-0.407396
15|-0.407396|-0.407396
16|-0.407396|-0.407396
17|-0.407396|-0.407396
18|-0.407396|-0.407396
19|-0.407396|-0.407396
20|-0.407396|-0.407396
21|-0.407396|-0.407396
22|-0.407396|-0.407396
23|-0.407396|-0.407396
24|-0.407396|-0.407396
25|-0.407396|-0.407396
26|-0.407396|-0.407396
27|-0.407396|-0.407396
28|-0.407396|-0.407396
29|-0.407396|-0.407396
30|-0.407396|-0.407396
31|-0.407396|-0.407396
32|-0.407396|-0.407396
33|-0.407396|-0.407396
34|-0.407396|-0.407396
35|-0.407396|-0.407396
36|-0.407396|-0.407396
37|-0.407396|-0.407396
38|-0.407396|-0.407396
39|-0.407396|-0.407396
40|-0.407396|-0.407396
41|-0.407396|-0.407396
42|-0.407396|-0.407396
43|-0.407396|-0.407396
44|-0.407396|-0.407396
45|-0.407396|-0.407396
46|-0.407396|-0.407396
47|-0.407396|-0.407396
48|-0.407396|-0.407396
49|-0.407396|-0.407396
50|-0.407396|-0.407396
51|-0.407396|-0.407396
52|-0.407396|-0.407396
53|-0.407396|-0.407396
54|-0.407396|-0.407396
55|-0.407396|-0.407396
56|-0.407396|-0.407396
57|-0.407396|-0.407396
58|-0.407396|-0.407396
59|-0.407396|-0.407396
60|-0.407396|-0.407396
61|-0.407396|-0.407396
62|-0.407396|-0.407396
63|-0.407396|-0.407396
64|-0.407396|-0.407396
65|-0.407396|-0.407396
66|-0.407396|-0.407396
67|-0.407396|-0.407396
68|-0.407396|-0.407396
69|-0.407396|-0.407396
70|-0.407396|-0.407396
71|-0.407396|-0.407396
72|-0.407396|-0.407396
73|-0.407396|-0.407396
74|-0.407396|-0.407396
75|-0.407396|-0.407396
76|-0.407396|-0.407396
77|-0.407396|-0.407396
78|-0.407396|-0.407396
79|-0.407396|-0.407396
80|-0.407396|-0.407396
81|-0.407396|-0.407396
82|-0.407396|-0.407396
83|-0.407396|-0.407396
84|-0.407396|-0.407396
85|-0.407396|-0.407396
86|-0.407396|-0.407396
87|-0.407396|-0.407396
88|-0.407396|-0.407396
89|-0.407396|-0.407396
90|-0.407396|-0.407396
91|-0.407396|-0.407396
92|-0.407396|-0.407396
93|-0.407396|-0.407396
94|-0.407396|-0.407396
95|-0.407396|-0.407396
96|-0.407396|-0.407396
97|-0.407396|-0.407396
98|-0.407396|-0.407396
99|-0.407396|-0.407396
100|-0.407396|-0.407396
101|-0.407396|-0.407396
102|-0.407396|-0.407396
103|-0.407396|-0.407396
104|-0.407396|-0.407396
105|-0.407396|-0.407396
106|-0.407396|-0.407396
107|-0.407396|-0.407396
108|-0.407396|-0.407396
109|-0.407396|-0.407396
110|-0.407396|-0.407396
111|-0.407396|-0.407396
112|-0.407396|-0.407396
113|-0.407396|-0.407396
114|-0.407396|-0.407396
115|-0.407396|-0.407396
116|-0.407396|-0.407396
117|-0.407396|-0.407396
118|-0.407396|-0.407396
119|-0.407396|-0.407396
120|-0.407396|-0.407396
121|-0.407396|-0.407396
122|-0.407396|-0.407396
123|-0.407396|-0.407396
124|-0.407396|-0.407396
125|-0.407396|-0.407396
126|-0.407396|-0.407396
127|-0.407396|-0.407396
128|-0.407396|-0.407396
129|-0.407396|-0.407396
130|-0.407396|-0.407396
131|-0.407396|-0.407396
132|-0.407396|-0.407396
133|-0.407396|-0.407396
134|-0.407396|-0.407396
135|-0.407396|-0.407396
136|-0.407396|-0.407396
137|-0.407396|-0.407396
138|-0.407396|-0.407396
139|-0.407396|-0.407396
140|-0.407396|-0.407396
141|-0.407396|-0.407396
142|-0.407396|-0.407396
143|-0.407396|-0.407396
144|-0.407396|-0.407396
145|-0.407396|-0.407396
146|-0.407396|-0.407396
147|-0.407396|-0.407396
148|-0.407396|-0.407396
149|-0.407396|-0.407396
150|-0.407396|-0.407396
151|-0.407396|-0.407396
EARLY STOP: TARGET FOUND
58040ms
