1|53.5251|53.5251
2|53.5251|53.5251
3|53.5251|53.5251
4|53.5251|53.5251
5|53.5251|53.5251
6|53.5251|53.5251
7|53.5251|53.5251
8|53.5251|53.5251
9|53.5251|53.5251
10|53.5251|53.5251
11|53.5251|53.5251
12|53.5251|53.5251
13|53.5251|53.5251
14|53.5251|53.5251
15|53.5251|53.5251
16|53.5251|53.5251
17|53.5251|53.5251
18|53.5251|53.5251
19|53.5251|53.5251
20|53.5251|53.5251
21|53.5251|53.5251
22|53.5251|53.5251
23|53.5251|53.5251
24|53.5251|53.5251
25|53.5251|53.5251
26|53.5251|53.5251
27|53.5251|53.5251
28|53.5251|53.5251
29|53.5251|53.5251
30|53.5251|53.5251
31|53.5251|53.5251
32|53.5251|53.5251
33|53.5251|53.5251
34|53.5251|53.5251
35|53.5251|53.5251
36|53.5251|53.5251
37|53.5251|53.5251
38|53.5251|53.5251
39|53.5251|53.5251
40|53.5251|53.5251
41|53.5251|53.5251
42|53.5251|53.5251
43|53.5251|53.5251
44|53.5251|53.5251
45|53.5251|53.5251
46|53.5251|53.5251
47|53.5251|53.5251
48|53.5251|53.5251
49|53.5251|53.5251
50|53.5251|53.5251
51|53.5251|53.5251
52|53.5251|53.5251
53|53.5251|53.5251
54|53.5251|53.5251
55|53.5251|53.5251
56|53.5251|53.5251
57|53.5251|53.5251
58|53.5251|53.5251
59|53.5251|53.5251
60|53.5251|53.5251
61|53.5251|53.5251
62|53.5251|53.5251
63|53.5251|53.5251
64|53.5251|53.5251
65|53.5251|53.5251
66|53.5251|53.5251
67|53.5251|53.5251
68|53.5251|53.5251
69|53.5251|53.5251
70|53.5251|53.5251
71|53.5251|53.5251
72|53.5251|53.5251
73|53.5251|53.5251
74|53.5251|53.5251
75|53.5251|53.5251
76|53.5251|53.5251
77|53.5251|53.5251
78|53.5251|53.5251
79|53.5251|53.5251
80|53.5251|53.5251
81|53.5251|53.5251
82|53.5251|53.5251
83|53.5251|53.5251
84|53.5251|53.5251
85|53.5251|53.5251
86|53.5251|53.5251
87|53.5251|53.5251
88|53.5251|53.5251
89|53.5251|53.5251
90|53.5251|53.5251
91|53.5251|53.5251
92|53.5251|53.5251
93|53.5251|53.5251
94|53.5251|53.5251
95|53.5251|53.5251
96|53.5251|53.5251
97|53.5251|53.5251
98|53.5251|53.5251
99|53.5251|53.5251
100|53.5251|53.5251
101|53.5251|53.5251
102|53.5251|53.5251
103|53.5251|53.5251
104|53.5251|53.5251
105|53.5251|53.5251
106|53.5251|53.5251
107|53.5251|53.5251
108|53.5251|53.5251
109|53.5251|53.5251
110|53.5251|53.5251
111|53.5251|53.5251
112|53.5251|53.5251
113|53.5251|53.5251
114|53.5251|53.5251
115|53.5251|53.5251
116|53.5251|53.5251
117|53.5251|53.5251
118|53.5251|53.5251
119|53.5251|53.5251
120|53.5251|53.5251
121|53.5251|53.5251
122|53.5251|53.5251
123|53.5251|53.5251
124|53.5251|53.5251
125|53.5251|53.5251
126|53.5251|53.5251
127|53.5251|53.5251
128|53.5251|53.5251
129|53.5251|53.5251
130|53.5251|53.5251
131|53.5251|53.5251
132|53.5251|53.5251
133|53.5251|53.5251
134|53.5251|53.5251
135|53.5251|53.5251
136|53.5251|53.5251
137|53.5251|53.5251
138|53.5251|53.5251
139|53.5251|53.5251
140|53.5251|53.5251
141|53.5251|53.5251
142|53.5251|53.5251
143|53.5251|53.5251
144|53.5251|53.5251
145|53.5251|53.5251
146|53.5251|53.5251
147|53.5251|53.5251
148|53.5251|53.5251
149|53.5251|53.5251
150|53.5251|53.5251
151|53.5251|53.5251
EARLY STOP: TARGET FOUND
60188ms
