1|200.567|200.567
2|200.567|200.567
3|200.567|200.567
4|200.567|200.567
5|200.567|200.567
6|200.567|200.567
7|200.567|200.567
8|200.567|200.567
9|200.567|200.567
10|200.567|200.567
11|200.567|200.567
12|200.567|200.567
13|200.567|200.567
14|200.567|200.567
15|200.567|200.567
16|200.567|200.567
17|200.567|200.567
18|200.567|200.567
19|200.567|200.567
20|200.567|200.567
21|200.567|200.567
22|200.567|200.567
23|200.567|200.567
24|200.567|200.567
25|200.567|200.567
26|200.567|200.567
27|200.567|200.567
28|200.567|200.567
29|200.567|200.567
30|200.567|200.567
31|200.567|200.567
32|200.567|200.567
33|200.567|200.567
34|200.567|200.567
35|200.567|200.567
36|200.567|200.567
37|200.567|200.567
38|200.567|200.567
39|200.567|200.567
40|200.567|200.567
41|200.567|200.567
42|200.567|200.567
43|200.567|200.567
44|200.567|200.567
45|200.567|200.567
46|200.567|200.567
47|200.567|200.567
48|200.567|200.567
49|200.567|200.567
50|200.567|200.567
51|200.567|200.567
52|200.567|200.567
53|200.567|200.567
54|200.567|200.567
55|200.567|200.567
56|200.567|200.567
57|200.567|200.567
58|200.567|200.567
59|200.567|200.567
60|200.567|200.567
61|200.567|200.567
62|200.567|200.567
63|200.567|200.567
64|200.567|200.567
65|200.567|200.567
66|200.567|200.567
67|200.567|200.567
68|200.567|200.567
69|200.567|200.567
70|200.567|200.567
71|200.567|200.567
72|200.567|200.567
73|200.567|200.567
74|200.567|200.567
75|200.567|200.567
76|200.567|200.567
77|200.567|200.567
78|200.567|200.567
79|200.567|200.567
80|200.567|200.567
81|200.567|200.567
82|200.567|200.567
83|200.567|200.567
84|200.567|200.567
85|200.567|200.567
86|200.567|200.567
87|200.567|200.567
88|200.567|200.567
89|200.567|200.567
90|200.567|200.567
91|200.567|200.567
92|200.567|200.567
93|200.567|200.567
94|200.567|200.567
95|200.567|200.567
96|200.567|200.567
97|200.567|200.567
98|200.567|200.567
99|200.567|200.567
100|200.567|200.567
101|200.567|200.567
102|200.567|200.567
103|200.567|200.567
104|200.567|200.567
105|200.567|200.567
106|200.567|200.567
107|200.567|200.567
108|200.567|200.567
109|200.567|200.567
110|200.567|200.567
111|200.567|200.567
112|200.567|200.567
113|200.567|200.567
114|200.567|200.567
115|200.567|200.567
116|200.567|200.567
117|200.567|200.567
118|200.567|200.567
119|200.567|200.567
120|200.567|200.567
121|200.567|200.567
122|200.567|200.567
123|200.567|200.567
124|200.567|200.567
125|200.567|200.567
126|200.567|200.567
127|200.567|200.567
128|200.567|200.567
129|200.567|200.567
130|200.567|200.567
131|200.567|200.567
132|200.567|200.567
133|200.567|200.567
134|200.567|200.567
135|200.567|200.567
136|200.567|200.567
137|200.567|200.567
138|200.567|200.567
139|200.567|200.567
140|200.567|200.567
141|200.567|200.567
142|200.567|200.567
143|200.567|200.567
144|200.567|200.567
145|200.567|200.567
146|200.567|200.567
147|200.567|200.567
148|200.567|200.567
149|200.567|200.567
150|200.567|200.567
151|200.567|200.567
EARLY STOP: TARGET FOUND
84675ms
