1|-3.57714|-3.57714
2|-3.57714|-3.57714
3|-3.57714|-3.57714
4|-3.57714|-3.57714
5|-3.57714|-3.57714
6|-3.57714|-3.57714
7|-3.57714|-3.57714
8|-3.57714|-3.57714
9|-3.57714|-3.57714
10|-3.57714|-3.57714
11|-3.57714|-3.57714
12|-3.57714|-3.57714
13|-3.57714|-3.57714
14|-3.57714|-3.57714
15|-3.57714|-3.57714
16|-3.57714|-3.57714
17|-3.57714|-3.57714
18|-3.57714|-3.57714
19|-3.57714|-3.57714
20|-3.57714|-3.57714
21|-3.57714|-3.57714
22|-3.57714|-3.57714
23|-3.57714|-3.57714
24|-3.57714|-3.57714
25|-3.57714|-3.57714
26|-3.57714|-3.57714
27|-3.57714|-3.57714
28|-3.57714|-3.57714
29|-3.57714|-3.57714
30|-3.57714|-3.57714
31|-3.57714|-3.57714
32|-3.57714|-3.57714
33|-3.57714|-3.57714
34|-3.57714|-3.57714
35|-3.57714|-3.57714
36|-3.57714|-3.57714
37|-3.57714|-3.57714
38|-3.57714|-3.57714
39|-3.57714|-3.57714
40|-3.57714|-3.57714
41|-3.57714|-3.57714
42|-3.57714|-3.57714
43|-3.57714|-3.57714
44|-3.57714|-3.57714
45|-3.57714|-3.57714
46|-3.57714|-3.57714
47|-3.57714|-3.57714
48|-3.57714|-3.57714
49|-3.57714|-3.57714
50|-3.57714|-3.57714
51|-3.57714|-3.57714
52|-3.57714|-3.57714
53|-3.57714|-3.57714
54|-3.57714|-3.57714
55|-3.57714|-3.57714
56|-3.57714|-3.57714
57|-3.57714|-3.57714
58|-3.57714|-3.57714
59|-3.57714|-3.57714
60|-3.57714|-3.57714
61|-3.57714|-3.57714
62|-3.57714|-3.57714
63|-3.57714|-3.57714
64|-3.57714|-3.57714
65|-3.57714|-3.57714
66|-3.57714|-3.57714
67|-3.57714|-3.57714
68|-3.57714|-3.57714
69|-3.57714|-3.57714
70|-3.57714|-3.57714
71|-3.57714|-3.57714
72|-3.57714|-3.57714
73|-3.57714|-3.57714
74|-3.57714|-3.57714
75|-3.57714|-3.57714
76|-3.57714|-3.57714
77|-3.57714|-3.57714
78|-3.57714|-3.57714
79|-3.57714|-3.57714
80|-3.57714|-3.57714
81|-3.57714|-3.57714
82|-3.57714|-3.57714
83|-3.57714|-3.57714
84|-3.57714|-3.57714
85|-3.57714|-3.57714
86|-3.57714|-3.57714
87|-3.57714|-3.57714
88|-3.57714|-3.57714
89|-3.57714|-3.57714
90|-3.57714|-3.57714
91|-3.57714|-3.57714
92|-3.57714|-3.57714
93|-3.57714|-3.57714
94|-3.57714|-3.57714
95|-3.57714|-3.57714
96|-3.57714|-3.57714
97|-3.57714|-3.57714
98|-3.57714|-3.57714
99|-3.57714|-3.57714
100|-3.57714|-3.57714
101|-3.57714|-3.57714
102|-3.57714|-3.57714
103|-3.57714|-3.57714
104|-3.57714|-3.57714
105|-3.57714|-3.57714
106|-3.57714|-3.57714
107|-3.57714|-3.57714
108|-3.57714|-3.57714
109|-3.57714|-3.57714
110|-3.57714|-3.57714
111|-3.57714|-3.57714
112|-3.57714|-3.57714
113|-3.57714|-3.57714
114|-3.57714|-3.57714
115|-3.57714|-3.57714
116|-3.57714|-3.57714
117|-3.57714|-3.57714
118|-3.57714|-3.57714
119|-3.57714|-3.57714
120|-3.57714|-3.57714
121|-3.57714|-3.57714
122|-3.57714|-3.57714
123|-3.57714|-3.57714
124|-3.57714|-3.57714
125|-3.57714|-3.57714
126|-3.57714|-3.57714
127|-3.57714|-3.57714
128|-3.57714|-3.57714
129|-3.57714|-3.57714
130|-3.57714|-3.57714
131|-3.57714|-3.57714
132|-3.57714|-3.57714
133|-3.57714|-3.57714
134|-3.57714|-3.57714
135|-3.57714|-3.57714
136|-3.57714|-3.57714
137|-3.57714|-3.57714
138|-3.57714|-3.57714
139|-3.57714|-3.57714
140|-3.57714|-3.57714
141|-3.57714|-3.57714
142|-3.57714|-3.57714
143|-3.57714|-3.57714
144|-3.57714|-3.57714
145|-3.57714|-3.57714
146|-3.57714|-3.57714
147|-3.57714|-3.57714
148|-3.57714|-3.57714
149|-3.57714|-3.57714
150|-3.57714|-3.57714
151|-3.57714|-3.57714
EARLY STOP: TARGET FOUND
1700680ms
