1|637.067|637.067
2|637.067|637.067
3|637.067|637.067
4|637.067|637.067
5|637.067|637.067
6|637.067|637.067
7|637.067|637.067
8|637.067|637.067
9|637.067|637.067
10|637.067|637.067
11|637.067|637.067
12|637.067|637.067
13|637.067|637.067
14|637.067|637.067
15|637.067|637.067
16|637.067|637.067
17|637.067|637.067
18|637.067|637.067
19|637.067|637.067
20|637.067|637.067
21|637.067|637.067
22|637.067|637.067
23|637.067|637.067
24|637.067|637.067
25|637.067|637.067
26|637.067|637.067
27|637.067|637.067
28|637.067|637.067
29|637.067|637.067
30|637.067|637.067
31|637.067|637.067
32|637.067|637.067
33|637.067|637.067
34|637.067|637.067
35|637.067|637.067
36|637.067|637.067
37|637.067|637.067
38|637.067|637.067
39|637.067|637.067
40|637.067|637.067
41|637.067|637.067
42|637.067|637.067
43|637.067|637.067
44|637.067|637.067
45|637.067|637.067
46|637.067|637.067
47|637.067|637.067
48|637.067|637.067
49|637.067|637.067
50|637.067|637.067
51|637.067|637.067
52|637.067|637.067
53|637.067|637.067
54|637.067|637.067
55|637.067|637.067
56|637.067|637.067
57|637.067|637.067
58|637.067|637.067
59|637.067|637.067
60|637.067|637.067
61|637.067|637.067
62|637.067|637.067
63|637.067|637.067
64|637.067|637.067
65|637.067|637.067
66|637.067|637.067
67|637.067|637.067
68|637.067|637.067
69|637.067|637.067
70|637.067|637.067
71|637.067|637.067
72|637.067|637.067
73|637.067|637.067
74|637.067|637.067
75|637.067|637.067
76|637.067|637.067
77|637.067|637.067
78|637.067|637.067
79|637.067|637.067
80|637.067|637.067
81|637.067|637.067
82|637.067|637.067
83|637.067|637.067
84|637.067|637.067
85|637.067|637.067
86|637.067|637.067
87|637.067|637.067
88|637.067|637.067
89|637.067|637.067
90|637.067|637.067
91|637.067|637.067
92|637.067|637.067
93|637.067|637.067
94|637.067|637.067
95|637.067|637.067
96|637.067|637.067
97|637.067|637.067
98|637.067|637.067
99|637.067|637.067
100|637.067|637.067
101|637.067|637.067
102|637.067|637.067
103|637.067|637.067
104|637.067|637.067
105|637.067|637.067
106|637.067|637.067
107|637.067|637.067
108|637.067|637.067
109|637.067|637.067
110|637.067|637.067
111|637.067|637.067
112|637.067|637.067
113|637.067|637.067
114|637.067|637.067
115|637.067|637.067
116|637.067|637.067
117|637.067|637.067
118|637.067|637.067
119|637.067|637.067
120|637.067|637.067
121|637.067|637.067
122|637.067|637.067
123|637.067|637.067
124|637.067|637.067
125|637.067|637.067
126|637.067|637.067
127|637.067|637.067
128|637.067|637.067
129|637.067|637.067
130|637.067|637.067
131|637.067|637.067
132|637.067|637.067
133|637.067|637.067
134|637.067|637.067
135|637.067|637.067
136|637.067|637.067
137|637.067|637.067
138|637.067|637.067
139|637.067|637.067
140|637.067|637.067
141|637.067|637.067
142|637.067|637.067
143|637.067|637.067
144|637.067|637.067
145|637.067|637.067
146|637.067|637.067
147|637.067|637.067
148|637.067|637.067
149|637.067|637.067
150|637.067|637.067
151|637.067|637.067
EARLY STOP: TARGET FOUND
2018672ms
