1|-0.109014|-0.109014
2|-0.109014|-0.109014
3|-0.109014|-0.109014
4|-0.109014|-0.109014
5|-0.109014|-0.109014
6|-0.109014|-0.109014
7|-0.109014|-0.109014
8|-0.109014|-0.109014
9|-0.109014|-0.109014
10|-0.109014|-0.109014
11|-0.109014|-0.109014
12|-0.109014|-0.109014
13|-0.109014|-0.109014
14|-0.109014|-0.109014
15|-0.109014|-0.109014
16|-0.109014|-0.109014
17|-0.109014|-0.109014
18|-0.109014|-0.109014
19|-0.109014|-0.109014
20|-0.109014|-0.109014
21|-0.109014|-0.109014
22|-0.109014|-0.109014
23|-0.109014|-0.109014
24|-0.109014|-0.109014
25|-0.109014|-0.109014
26|-0.109014|-0.109014
27|-0.109014|-0.109014
28|-0.109014|-0.109014
29|-0.109014|-0.109014
30|-0.109014|-0.109014
31|-0.109014|-0.109014
32|-0.109014|-0.109014
33|-0.109014|-0.109014
34|-0.109014|-0.109014
35|-0.109014|-0.109014
36|-0.109014|-0.109014
37|-0.109014|-0.109014
38|-0.109014|-0.109014
39|-0.109014|-0.109014
40|-0.109014|-0.109014
41|-0.109014|-0.109014
42|-0.109014|-0.109014
43|-0.109014|-0.109014
44|-0.109014|-0.109014
45|-0.109014|-0.109014
46|-0.109014|-0.109014
47|-0.109014|-0.109014
48|-0.109014|-0.109014
49|-0.109014|-0.109014
50|-0.109014|-0.109014
51|-0.109014|-0.109014
52|-0.109014|-0.109014
53|-0.109014|-0.109014
54|-0.109014|-0.109014
55|-0.109014|-0.109014
56|-0.109014|-0.109014
57|-0.109014|-0.109014
58|-0.109014|-0.109014
59|-0.109014|-0.109014
60|-0.109014|-0.109014
61|-0.109014|-0.109014
62|-0.109014|-0.109014
63|-0.109014|-0.109014
64|-0.109014|-0.109014
65|-0.109014|-0.109014
66|-0.109014|-0.109014
67|-0.109014|-0.109014
68|-0.109014|-0.109014
69|-0.109014|-0.109014
70|-0.109014|-0.109014
71|-0.109014|-0.109014
72|-0.109014|-0.109014
73|-0.109014|-0.109014
74|-0.109014|-0.109014
75|-0.109014|-0.109014
76|-0.109014|-0.109014
77|-0.109014|-0.109014
78|-0.109014|-0.109014
79|-0.109014|-0.109014
80|-0.109014|-0.109014
81|-0.109014|-0.109014
82|-0.109014|-0.109014
83|-0.109014|-0.109014
84|-0.109014|-0.109014
85|-0.109014|-0.109014
86|-0.109014|-0.109014
87|-0.109014|-0.109014
88|-0.109014|-0.109014
89|-0.109014|-0.109014
90|-0.109014|-0.109014
91|-0.109014|-0.109014
92|-0.109014|-0.109014
93|-0.109014|-0.109014
94|-0.109014|-0.109014
95|-0.109014|-0.109014
96|-0.109014|-0.109014
97|-0.109014|-0.109014
98|-0.109014|-0.109014
99|-0.109014|-0.109014
100|-0.109014|-0.109014
101|-0.109014|-0.109014
102|-0.109014|-0.109014
103|-0.109014|-0.109014
104|-0.109014|-0.109014
105|-0.109014|-0.109014
106|-0.109014|-0.109014
107|-0.109014|-0.109014
108|-0.109014|-0.109014
109|-0.109014|-0.109014
110|-0.109014|-0.109014
111|-0.109014|-0.109014
112|-0.109014|-0.109014
113|-0.109014|-0.109014
114|-0.109014|-0.109014
115|-0.109014|-0.109014
116|-0.109014|-0.109014
117|-0.109014|-0.109014
118|-0.109014|-0.109014
119|-0.109014|-0.109014
120|-0.109014|-0.109014
121|-0.109014|-0.109014
122|-0.109014|-0.109014
123|-0.109014|-0.109014
124|-0.109014|-0.109014
125|-0.109014|-0.109014
126|-0.109014|-0.109014
127|-0.109014|-0.109014
128|-0.109014|-0.109014
129|-0.109014|-0.109014
130|-0.109014|-0.109014
131|-0.109014|-0.109014
132|-0.109014|-0.109014
133|-0.109014|-0.109014
134|-0.109014|-0.109014
135|-0.109014|-0.109014
136|-0.109014|-0.109014
137|-0.109014|-0.109014
138|-0.109014|-0.109014
139|-0.109014|-0.109014
140|-0.109014|-0.109014
141|-0.109014|-0.109014
142|-0.109014|-0.109014
143|-0.109014|-0.109014
144|-0.109014|-0.109014
145|-0.109014|-0.109014
146|-0.109014|-0.109014
147|-0.109014|-0.109014
148|-0.109014|-0.109014
149|-0.109014|-0.109014
150|-0.109014|-0.109014
151|-0.109014|-0.109014
EARLY STOP: TARGET FOUND
208443ms
