1|-0.920911|-0.920911
2|-0.920911|-0.920911
3|-0.920911|-0.920911
4|-0.920911|-0.920911
5|-0.920911|-0.920911
6|-0.920911|-0.920911
7|-0.920911|-0.920911
8|-0.920911|-0.920911
9|-0.920911|-0.920911
10|-0.920911|-0.920911
11|-0.920911|-0.920911
12|-0.920911|-0.920911
13|-0.920911|-0.920911
14|-0.920911|-0.920911
15|-0.920911|-0.920911
16|-0.920911|-0.920911
17|-0.920911|-0.920911
18|-0.920911|-0.920911
19|-0.920911|-0.920911
20|-0.920911|-0.920911
21|-0.920911|-0.920911
22|-0.920911|-0.920911
23|-0.920911|-0.920911
24|-0.920911|-0.920911
25|-0.920911|-0.920911
26|-0.920911|-0.920911
27|-0.920911|-0.920911
28|-0.920911|-0.920911
29|-0.920911|-0.920911
30|-0.920911|-0.920911
31|-0.920911|-0.920911
32|-0.920911|-0.920911
33|-0.920911|-0.920911
34|-0.920911|-0.920911
35|-0.920911|-0.920911
36|-0.920911|-0.920911
37|-0.920911|-0.920911
38|-0.920911|-0.920911
39|-0.920911|-0.920911
40|-0.920911|-0.920911
41|-0.920911|-0.920911
42|-0.920911|-0.920911
43|-0.920911|-0.920911
44|-0.920911|-0.920911
45|-0.920911|-0.920911
46|-0.920911|-0.920911
47|-0.920911|-0.920911
48|-0.920911|-0.920911
49|-0.920911|-0.920911
50|-0.920911|-0.920911
51|-0.920911|-0.920911
52|-0.920911|-0.920911
53|-0.920911|-0.920911
54|-0.920911|-0.920911
55|-0.920911|-0.920911
56|-0.920911|-0.920911
57|-0.920911|-0.920911
58|-0.920911|-0.920911
59|-0.920911|-0.920911
60|-0.920911|-0.920911
61|-0.920911|-0.920911
62|-0.920911|-0.920911
63|-0.920911|-0.920911
64|-0.920911|-0.920911
65|-0.920911|-0.920911
66|-0.920911|-0.920911
67|-0.920911|-0.920911
68|-0.920911|-0.920911
69|-0.920911|-0.920911
70|-0.920911|-0.920911
71|-0.920911|-0.920911
72|-0.920911|-0.920911
73|-0.920911|-0.920911
74|-0.920911|-0.920911
75|-0.920911|-0.920911
76|-0.920911|-0.920911
77|-0.920911|-0.920911
78|-0.920911|-0.920911
79|-0.920911|-0.920911
80|-0.920911|-0.920911
81|-0.920911|-0.920911
82|-0.920911|-0.920911
83|-0.920911|-0.920911
84|-0.920911|-0.920911
85|-0.920911|-0.920911
86|-0.920911|-0.920911
87|-0.920911|-0.920911
88|-0.920911|-0.920911
89|-0.920911|-0.920911
90|-0.920911|-0.920911
91|-0.920911|-0.920911
92|-0.920911|-0.920911
93|-0.920911|-0.920911
94|-0.920911|-0.920911
95|-0.920911|-0.920911
96|-0.920911|-0.920911
97|-0.920911|-0.920911
98|-0.920911|-0.920911
99|-0.920911|-0.920911
100|-0.920911|-0.920911
101|-0.920911|-0.920911
102|-0.920911|-0.920911
103|-0.920911|-0.920911
104|-0.920911|-0.920911
105|-0.920911|-0.920911
106|-0.920911|-0.920911
107|-0.920911|-0.920911
108|-0.920911|-0.920911
109|-0.920911|-0.920911
110|-0.920911|-0.920911
111|-0.920911|-0.920911
112|-0.920911|-0.920911
113|-0.920911|-0.920911
114|-0.920911|-0.920911
115|-0.920911|-0.920911
116|-0.920911|-0.920911
117|-0.920911|-0.920911
118|-0.920911|-0.920911
119|-0.920911|-0.920911
120|-0.920911|-0.920911
121|-0.920911|-0.920911
122|-0.920911|-0.920911
123|-0.920911|-0.920911
124|-0.920911|-0.920911
125|-0.920911|-0.920911
126|-0.920911|-0.920911
127|-0.920911|-0.920911
128|-0.920911|-0.920911
129|-0.920911|-0.920911
130|-0.920911|-0.920911
131|-0.920911|-0.920911
132|-0.920911|-0.920911
133|-0.920911|-0.920911
134|-0.920911|-0.920911
135|-0.920911|-0.920911
136|-0.920911|-0.920911
137|-0.920911|-0.920911
138|-0.920911|-0.920911
139|-0.920911|-0.920911
140|-0.920911|-0.920911
141|-0.920911|-0.920911
142|-0.920911|-0.920911
143|-0.920911|-0.920911
144|-0.920911|-0.920911
145|-0.920911|-0.920911
146|-0.920911|-0.920911
147|-0.920911|-0.920911
148|-0.920911|-0.920911
149|-0.920911|-0.920911
150|-0.920911|-0.920911
151|-0.920911|-0.920911
EARLY STOP: TARGET FOUND
58393ms
