1|-1.41125|-1.41125
2|-1.41125|-1.41125
3|-1.41125|-1.41125
4|-1.41125|-1.41125
5|-1.41125|-1.41125
6|-1.41125|-1.41125
7|-1.41125|-1.41125
8|-1.41125|-1.41125
9|-1.41125|-1.41125
10|-1.41125|-1.41125
11|-1.41125|-1.41125
12|-1.41125|-1.41125
13|-1.41125|-1.41125
14|-1.41125|-1.41125
15|-1.41125|-1.41125
16|-1.41125|-1.41125
17|-1.41125|-1.41125
18|-1.41125|-1.41125
19|-1.41125|-1.41125
20|-1.41125|-1.41125
21|-1.41125|-1.41125
22|-1.41125|-1.41125
23|-1.41125|-1.41125
24|-1.41125|-1.41125
25|-1.41125|-1.41125
26|-1.41125|-1.41125
27|-1.41125|-1.41125
28|-1.41125|-1.41125
29|-1.41125|-1.41125
30|-1.41125|-1.41125
31|-1.41125|-1.41125
32|-1.41125|-1.41125
33|-1.41125|-1.41125
34|-1.41125|-1.41125
35|-1.41125|-1.41125
36|-1.41125|-1.41125
37|-1.41125|-1.41125
38|-1.41125|-1.41125
39|-1.41125|-1.41125
40|-1.41125|-1.41125
41|-1.41125|-1.41125
42|-1.41125|-1.41125
43|-1.41125|-1.41125
44|-1.41125|-1.41125
45|-1.41125|-1.41125
46|-1.41125|-1.41125
47|-1.41125|-1.41125
48|-1.41125|-1.41125
49|-1.41125|-1.41125
50|-1.41125|-1.41125
51|-1.41125|-1.41125
52|-1.41125|-1.41125
53|-1.41125|-1.41125
54|-1.41125|-1.41125
55|-1.41125|-1.41125
56|-1.41125|-1.41125
57|-1.41125|-1.41125
58|-1.41125|-1.41125
59|-1.41125|-1.41125
60|-1.41125|-1.41125
61|-1.41125|-1.41125
62|-1.41125|-1.41125
63|-1.41125|-1.41125
64|-1.41125|-1.41125
65|-1.41125|-1.41125
66|-1.41125|-1.41125
67|-1.41125|-1.41125
68|-1.41125|-1.41125
69|-1.41125|-1.41125
70|-1.41125|-1.41125
71|-1.41125|-1.41125
72|-1.41125|-1.41125
73|-1.41125|-1.41125
74|-1.41125|-1.41125
75|-1.41125|-1.41125
76|-1.41125|-1.41125
77|-1.41125|-1.41125
78|-1.41125|-1.41125
79|-1.41125|-1.41125
80|-1.41125|-1.41125
81|-1.41125|-1.41125
82|-1.41125|-1.41125
83|-1.41125|-1.41125
84|-1.41125|-1.41125
85|-1.41125|-1.41125
86|-1.41125|-1.41125
87|-1.41125|-1.41125
88|-1.41125|-1.41125
89|-1.41125|-1.41125
90|-1.41125|-1.41125
91|-1.41125|-1.41125
92|-1.41125|-1.41125
93|-1.41125|-1.41125
94|-1.41125|-1.41125
95|-1.41125|-1.41125
96|-1.41125|-1.41125
97|-1.41125|-1.41125
98|-1.41125|-1.41125
99|-1.41125|-1.41125
100|-1.41125|-1.41125
101|-1.41125|-1.41125
102|-1.41125|-1.41125
103|-1.41125|-1.41125
104|-1.41125|-1.41125
105|-1.41125|-1.41125
106|-1.41125|-1.41125
107|-1.41125|-1.41125
108|-1.41125|-1.41125
109|-1.41125|-1.41125
110|-1.41125|-1.41125
111|-1.41125|-1.41125
112|-1.41125|-1.41125
113|-1.41125|-1.41125
114|-1.41125|-1.41125
115|-1.41125|-1.41125
116|-1.41125|-1.41125
117|-1.41125|-1.41125
118|-1.41125|-1.41125
119|-1.41125|-1.41125
120|-1.41125|-1.41125
121|-1.41125|-1.41125
122|-1.41125|-1.41125
123|-1.41125|-1.41125
124|-1.41125|-1.41125
125|-1.41125|-1.41125
126|-1.41125|-1.41125
127|-1.41125|-1.41125
128|-1.41125|-1.41125
129|-1.41125|-1.41125
130|-1.41125|-1.41125
131|-1.41125|-1.41125
132|-1.41125|-1.41125
133|-1.41125|-1.41125
134|-1.41125|-1.41125
135|-1.41125|-1.41125
136|-1.41125|-1.41125
137|-1.41125|-1.41125
138|-1.41125|-1.41125
139|-1.41125|-1.41125
140|-1.41125|-1.41125
141|-1.41125|-1.41125
142|-1.41125|-1.41125
143|-1.41125|-1.41125
144|-1.41125|-1.41125
145|-1.41125|-1.41125
146|-1.41125|-1.41125
147|-1.41125|-1.41125
148|-1.41125|-1.41125
149|-1.41125|-1.41125
150|-1.41125|-1.41125
151|-1.41125|-1.41125
EARLY STOP: TARGET FOUND
1751965ms
