1|-1.7387|-1.7387
2|-1.7387|-1.7387
3|-1.7387|-1.7387
4|-1.7387|-1.7387
5|-1.7387|-1.7387
6|-1.7387|-1.7387
7|-1.7387|-1.7387
8|-1.7387|-1.7387
9|-1.7387|-1.7387
10|-1.7387|-1.7387
11|-1.7387|-1.7387
12|-1.7387|-1.7387
13|-1.7387|-1.7387
14|-1.7387|-1.7387
15|-1.7387|-1.7387
16|-1.7387|-1.7387
17|-1.7387|-1.7387
18|-1.7387|-1.7387
19|-1.7387|-1.7387
20|-1.7387|-1.7387
21|-1.7387|-1.7387
22|-1.7387|-1.7387
23|-1.7387|-1.7387
24|-1.7387|-1.7387
25|-1.7387|-1.7387
26|-1.7387|-1.7387
27|-1.7387|-1.7387
28|-1.7387|-1.7387
29|-1.7387|-1.7387
30|-1.7387|-1.7387
31|-1.7387|-1.7387
32|-1.7387|-1.7387
33|-1.7387|-1.7387
34|-1.7387|-1.7387
35|-1.7387|-1.7387
36|-1.7387|-1.7387
37|-1.7387|-1.7387
38|-1.7387|-1.7387
39|-1.7387|-1.7387
40|-1.7387|-1.7387
41|-1.7387|-1.7387
42|-1.7387|-1.7387
43|-1.7387|-1.7387
44|-1.7387|-1.7387
45|-1.7387|-1.7387
46|-1.7387|-1.7387
47|-1.7387|-1.7387
48|-1.7387|-1.7387
49|-1.7387|-1.7387
50|-1.7387|-1.7387
51|-1.7387|-1.7387
52|-1.7387|-1.7387
53|-1.7387|-1.7387
54|-1.7387|-1.7387
55|-1.7387|-1.7387
56|-1.7387|-1.7387
57|-1.7387|-1.7387
58|-1.7387|-1.7387
59|-1.7387|-1.7387
60|-1.7387|-1.7387
61|-1.7387|-1.7387
62|-1.7387|-1.7387
63|-1.7387|-1.7387
64|-1.7387|-1.7387
65|-1.7387|-1.7387
66|-1.7387|-1.7387
67|-1.7387|-1.7387
68|-1.7387|-1.7387
69|-1.7387|-1.7387
70|-1.7387|-1.7387
71|-1.7387|-1.7387
72|-1.7387|-1.7387
73|-1.7387|-1.7387
74|-1.7387|-1.7387
75|-1.7387|-1.7387
76|-1.7387|-1.7387
77|-1.7387|-1.7387
78|-1.7387|-1.7387
79|-1.7387|-1.7387
80|-1.7387|-1.7387
81|-1.7387|-1.7387
82|-1.7387|-1.7387
83|-1.7387|-1.7387
84|-1.7387|-1.7387
85|-1.7387|-1.7387
86|-1.7387|-1.7387
87|-1.7387|-1.7387
88|-1.7387|-1.7387
89|-1.7387|-1.7387
90|-1.7387|-1.7387
91|-1.7387|-1.7387
92|-1.7387|-1.7387
93|-1.7387|-1.7387
94|-1.7387|-1.7387
95|-1.7387|-1.7387
96|-1.7387|-1.7387
97|-1.7387|-1.7387
98|-1.7387|-1.7387
99|-1.7387|-1.7387
100|-1.7387|-1.7387
101|-1.7387|-1.7387
102|-1.7387|-1.7387
103|-1.7387|-1.7387
104|-1.7387|-1.7387
105|-1.7387|-1.7387
106|-1.7387|-1.7387
107|-1.7387|-1.7387
108|-1.7387|-1.7387
109|-1.7387|-1.7387
110|-1.7387|-1.7387
111|-1.7387|-1.7387
112|-1.7387|-1.7387
113|-1.7387|-1.7387
114|-1.7387|-1.7387
115|-1.7387|-1.7387
116|-1.7387|-1.7387
117|-1.7387|-1.7387
118|-1.7387|-1.7387
119|-1.7387|-1.7387
120|-1.7387|-1.7387
121|-1.7387|-1.7387
122|-1.7387|-1.7387
123|-1.7387|-1.7387
124|-1.7387|-1.7387
125|-1.7387|-1.7387
126|-1.7387|-1.7387
127|-1.7387|-1.7387
128|-1.7387|-1.7387
129|-1.7387|-1.7387
130|-1.7387|-1.7387
131|-1.7387|-1.7387
132|-1.7387|-1.7387
133|-1.7387|-1.7387
134|-1.7387|-1.7387
135|-1.7387|-1.7387
136|-1.7387|-1.7387
137|-1.7387|-1.7387
138|-1.7387|-1.7387
139|-1.7387|-1.7387
140|-1.7387|-1.7387
141|-1.7387|-1.7387
142|-1.7387|-1.7387
143|-1.7387|-1.7387
144|-1.7387|-1.7387
145|-1.7387|-1.7387
146|-1.7387|-1.7387
147|-1.7387|-1.7387
148|-1.7387|-1.7387
149|-1.7387|-1.7387
150|-1.7387|-1.7387
151|-1.7387|-1.7387
EARLY STOP: TARGET FOUND
209817ms
