1|-454.2|-454.2
2|-454.2|-454.2
3|-454.2|-454.2
4|-454.2|-454.2
5|-454.2|-454.2
6|-454.2|-454.2
7|-454.2|-454.2
8|-454.2|-454.2
9|-454.2|-454.2
10|-454.2|-454.2
11|-454.2|-454.2
12|-454.2|-454.2
13|-454.2|-454.2
14|-454.2|-454.2
15|-454.2|-454.2
16|-454.2|-454.2
17|-454.2|-454.2
18|-454.2|-454.2
19|-454.2|-454.2
20|-454.2|-454.2
21|-454.2|-454.2
22|-454.2|-454.2
23|-454.2|-454.2
24|-454.2|-454.2
25|-454.2|-454.2
26|-454.2|-454.2
27|-454.2|-454.2
28|-454.2|-454.2
29|-454.2|-454.2
30|-454.2|-454.2
31|-454.2|-454.2
32|-454.2|-454.2
33|-454.2|-454.2
34|-454.2|-454.2
35|-454.2|-454.2
36|-454.2|-454.2
37|-454.2|-454.2
38|-454.2|-454.2
39|-454.2|-454.2
40|-454.2|-454.2
41|-454.2|-454.2
42|-454.2|-454.2
43|-454.2|-454.2
44|-454.2|-454.2
45|-454.2|-454.2
46|-454.2|-454.2
47|-454.2|-454.2
48|-454.2|-454.2
49|-454.2|-454.2
50|-454.2|-454.2
51|-454.2|-454.2
52|-454.2|-454.2
53|-454.2|-454.2
54|-454.2|-454.2
55|-454.2|-454.2
56|-454.2|-454.2
57|-454.2|-454.2
58|-454.2|-454.2
59|-454.2|-454.2
60|-454.2|-454.2
61|-454.2|-454.2
62|-454.2|-454.2
63|-454.2|-454.2
64|-454.2|-454.2
65|-454.2|-454.2
66|-454.2|-454.2
67|-454.2|-454.2
68|-454.2|-454.2
69|-454.2|-454.2
70|-454.2|-454.2
71|-454.2|-454.2
72|-454.2|-454.2
73|-454.2|-454.2
74|-454.2|-454.2
75|-454.2|-454.2
76|-454.2|-454.2
77|-454.2|-454.2
78|-454.2|-454.2
79|-454.2|-454.2
80|-454.2|-454.2
81|-454.2|-454.2
82|-454.2|-454.2
83|-454.2|-454.2
84|-454.2|-454.2
85|-454.2|-454.2
86|-454.2|-454.2
87|-454.2|-454.2
88|-454.2|-454.2
89|-454.2|-454.2
90|-454.2|-454.2
91|-454.2|-454.2
92|-454.2|-454.2
93|-454.2|-454.2
94|-454.2|-454.2
95|-454.2|-454.2
96|-454.2|-454.2
97|-454.2|-454.2
98|-454.2|-454.2
99|-454.2|-454.2
100|-454.2|-454.2
101|-454.2|-454.2
102|-454.2|-454.2
103|-454.2|-454.2
104|-454.2|-454.2
105|-454.2|-454.2
106|-454.2|-454.2
107|-454.2|-454.2
108|-454.2|-454.2
109|-454.2|-454.2
110|-454.2|-454.2
111|-454.2|-454.2
112|-454.2|-454.2
113|-454.2|-454.2
114|-454.2|-454.2
115|-454.2|-454.2
116|-454.2|-454.2
117|-454.2|-454.2
118|-454.2|-454.2
119|-454.2|-454.2
120|-454.2|-454.2
121|-454.2|-454.2
122|-454.2|-454.2
123|-454.2|-454.2
124|-454.2|-454.2
125|-454.2|-454.2
126|-454.2|-454.2
127|-454.2|-454.2
128|-454.2|-454.2
129|-454.2|-454.2
130|-454.2|-454.2
131|-454.2|-454.2
132|-454.2|-454.2
133|-454.2|-454.2
134|-454.2|-454.2
135|-454.2|-454.2
136|-454.2|-454.2
137|-454.2|-454.2
138|-454.2|-454.2
139|-454.2|-454.2
140|-454.2|-454.2
141|-454.2|-454.2
142|-454.2|-454.2
143|-454.2|-454.2
144|-454.2|-454.2
145|-454.2|-454.2
146|-454.2|-454.2
147|-454.2|-454.2
148|-454.2|-454.2
149|-454.2|-454.2
150|-454.2|-454.2
151|-454.2|-454.2
EARLY STOP: TARGET FOUND
2992826ms
