1|34.4949|34.4949
2|34.4949|34.4949
3|34.4949|34.4949
4|34.4949|34.4949
5|34.4949|34.4949
6|34.4949|34.4949
7|34.4949|34.4949
8|34.4949|34.4949
9|34.4949|34.4949
10|34.4949|34.4949
11|34.4949|34.4949
12|34.4949|34.4949
13|34.4949|34.4949
14|34.4949|34.4949
15|34.4949|34.4949
16|34.4949|34.4949
17|34.4949|34.4949
18|34.4949|34.4949
19|34.4949|34.4949
20|34.4949|34.4949
21|34.4949|34.4949
22|34.4949|34.4949
23|34.4949|34.4949
24|34.4949|34.4949
25|34.4949|34.4949
26|34.4949|34.4949
27|34.4949|34.4949
28|34.4949|34.4949
29|34.4949|34.4949
30|34.4949|34.4949
31|34.4949|34.4949
32|34.4949|34.4949
33|34.4949|34.4949
34|34.4949|34.4949
35|34.4949|34.4949
36|34.4949|34.4949
37|34.4949|34.4949
38|34.4949|34.4949
39|34.4949|34.4949
40|34.4949|34.4949
41|34.4949|34.4949
42|34.4949|34.4949
43|34.4949|34.4949
44|34.4949|34.4949
45|34.4949|34.4949
46|34.4949|34.4949
47|34.4949|34.4949
48|34.4949|34.4949
49|34.4949|34.4949
50|34.4949|34.4949
51|34.4949|34.4949
52|34.4949|34.4949
53|34.4949|34.4949
54|34.4949|34.4949
55|34.4949|34.4949
56|34.4949|34.4949
57|34.4949|34.4949
58|34.4949|34.4949
59|34.4949|34.4949
60|34.4949|34.4949
61|34.4949|34.4949
62|34.4949|34.4949
63|34.4949|34.4949
64|34.4949|34.4949
65|34.4949|34.4949
66|34.4949|34.4949
67|34.4949|34.4949
68|34.4949|34.4949
69|34.4949|34.4949
70|34.4949|34.4949
71|34.4949|34.4949
72|34.4949|34.4949
73|34.4949|34.4949
74|34.4949|34.4949
75|34.4949|34.4949
76|34.4949|34.4949
77|34.4949|34.4949
78|34.4949|34.4949
79|34.4949|34.4949
80|34.4949|34.4949
81|34.4949|34.4949
82|34.4949|34.4949
83|34.4949|34.4949
84|34.4949|34.4949
85|34.4949|34.4949
86|34.4949|34.4949
87|34.4949|34.4949
88|34.4949|34.4949
89|34.4949|34.4949
90|34.4949|34.4949
91|34.4949|34.4949
92|34.4949|34.4949
93|34.4949|34.4949
94|34.4949|34.4949
95|34.4949|34.4949
96|34.4949|34.4949
97|34.4949|34.4949
98|34.4949|34.4949
99|34.4949|34.4949
100|34.4949|34.4949
101|34.4949|34.4949
102|34.4949|34.4949
103|34.4949|34.4949
104|34.4949|34.4949
105|34.4949|34.4949
106|34.4949|34.4949
107|34.4949|34.4949
108|34.4949|34.4949
109|34.4949|34.4949
110|34.4949|34.4949
111|34.4949|34.4949
112|34.4949|34.4949
113|34.4949|34.4949
114|34.4949|34.4949
115|34.4949|34.4949
116|34.4949|34.4949
117|34.4949|34.4949
118|34.4949|34.4949
119|34.4949|34.4949
120|34.4949|34.4949
121|34.4949|34.4949
122|34.4949|34.4949
123|34.4949|34.4949
124|34.4949|34.4949
125|34.4949|34.4949
126|34.4949|34.4949
127|34.4949|34.4949
128|34.4949|34.4949
129|34.4949|34.4949
130|34.4949|34.4949
131|34.4949|34.4949
132|34.4949|34.4949
133|34.4949|34.4949
134|34.4949|34.4949
135|34.4949|34.4949
136|34.4949|34.4949
137|34.4949|34.4949
138|34.4949|34.4949
139|34.4949|34.4949
140|34.4949|34.4949
141|34.4949|34.4949
142|34.4949|34.4949
143|34.4949|34.4949
144|34.4949|34.4949
145|34.4949|34.4949
146|34.4949|34.4949
147|34.4949|34.4949
148|34.4949|34.4949
149|34.4949|34.4949
150|34.4949|34.4949
151|34.4949|34.4949
EARLY STOP: TARGET FOUND
206378ms
