1|-3.3552|-3.3552
2|-3.3552|-3.3552
3|-3.3552|-3.3552
4|-3.3552|-3.3552
5|-3.3552|-3.3552
6|-3.3552|-3.3552
7|-3.3552|-3.3552
8|-3.3552|-3.3552
9|-3.3552|-3.3552
10|-3.3552|-3.3552
11|-3.3552|-3.3552
12|-3.3552|-3.3552
13|-3.3552|-3.3552
14|-3.3552|-3.3552
15|-3.3552|-3.3552
16|-3.3552|-3.3552
17|-3.3552|-3.3552
18|-3.3552|-3.3552
19|-3.3552|-3.3552
20|-3.3552|-3.3552
21|-3.3552|-3.3552
22|-3.3552|-3.3552
23|-3.3552|-3.3552
24|-3.3552|-3.3552
25|-3.3552|-3.3552
26|-3.3552|-3.3552
27|-3.3552|-3.3552
28|-3.3552|-3.3552
29|-3.3552|-3.3552
30|-3.3552|-3.3552
31|-3.3552|-3.3552
32|-3.3552|-3.3552
33|-3.3552|-3.3552
34|-3.3552|-3.3552
35|-3.3552|-3.3552
36|-3.3552|-3.3552
37|-3.3552|-3.3552
38|-3.3552|-3.3552
39|-3.3552|-3.3552
40|-3.3552|-3.3552
41|-3.3552|-3.3552
42|-3.3552|-3.3552
43|-3.3552|-3.3552
44|-3.3552|-3.3552
45|-3.3552|-3.3552
46|-3.3552|-3.3552
47|-3.3552|-3.3552
48|-3.3552|-3.3552
49|-3.3552|-3.3552
50|-3.3552|-3.3552
51|-3.3552|-3.3552
52|-3.3552|-3.3552
53|-3.3552|-3.3552
54|-3.3552|-3.3552
55|-3.3552|-3.3552
56|-3.3552|-3.3552
57|-3.3552|-3.3552
58|-3.3552|-3.3552
59|-3.3552|-3.3552
60|-3.3552|-3.3552
61|-3.3552|-3.3552
62|-3.3552|-3.3552
63|-3.3552|-3.3552
64|-3.3552|-3.3552
65|-3.3552|-3.3552
66|-3.3552|-3.3552
67|-3.3552|-3.3552
68|-3.3552|-3.3552
69|-3.3552|-3.3552
70|-3.3552|-3.3552
71|-3.3552|-3.3552
72|-3.3552|-3.3552
73|-3.3552|-3.3552
74|-3.3552|-3.3552
75|-3.3552|-3.3552
76|-3.3552|-3.3552
77|-3.3552|-3.3552
78|-3.3552|-3.3552
79|-3.3552|-3.3552
80|-3.3552|-3.3552
81|-3.3552|-3.3552
82|-3.3552|-3.3552
83|-3.3552|-3.3552
84|-3.3552|-3.3552
85|-3.3552|-3.3552
86|-3.3552|-3.3552
87|-3.3552|-3.3552
88|-3.3552|-3.3552
89|-3.3552|-3.3552
90|-3.3552|-3.3552
91|-3.3552|-3.3552
92|-3.3552|-3.3552
93|-3.3552|-3.3552
94|-3.3552|-3.3552
95|-3.3552|-3.3552
96|-3.3552|-3.3552
97|-3.3552|-3.3552
98|-3.3552|-3.3552
99|-3.3552|-3.3552
100|-3.3552|-3.3552
101|-3.3552|-3.3552
102|-3.3552|-3.3552
103|-3.3552|-3.3552
104|-3.3552|-3.3552
105|-3.3552|-3.3552
106|-3.3552|-3.3552
107|-3.3552|-3.3552
108|-3.3552|-3.3552
109|-3.3552|-3.3552
110|-3.3552|-3.3552
111|-3.3552|-3.3552
112|-3.3552|-3.3552
113|-3.3552|-3.3552
114|-3.3552|-3.3552
115|-3.3552|-3.3552
116|-3.3552|-3.3552
117|-3.3552|-3.3552
118|-3.3552|-3.3552
119|-3.3552|-3.3552
120|-3.3552|-3.3552
121|-3.3552|-3.3552
122|-3.3552|-3.3552
123|-3.3552|-3.3552
124|-3.3552|-3.3552
125|-3.3552|-3.3552
126|-3.3552|-3.3552
127|-3.3552|-3.3552
128|-3.3552|-3.3552
129|-3.3552|-3.3552
130|-3.3552|-3.3552
131|-3.3552|-3.3552
132|-3.3552|-3.3552
133|-3.3552|-3.3552
134|-3.3552|-3.3552
135|-3.3552|-3.3552
136|-3.3552|-3.3552
137|-3.3552|-3.3552
138|-3.3552|-3.3552
139|-3.3552|-3.3552
140|-3.3552|-3.3552
141|-3.3552|-3.3552
142|-3.3552|-3.3552
143|-3.3552|-3.3552
144|-3.3552|-3.3552
145|-3.3552|-3.3552
146|-3.3552|-3.3552
147|-3.3552|-3.3552
148|-3.3552|-3.3552
149|-3.3552|-3.3552
150|-3.3552|-3.3552
151|-3.3552|-3.3552
EARLY STOP: TARGET FOUND
1758403ms
