1|-0.0844607|-0.0844607
2|-0.0844607|-0.0844607
3|-0.0844607|-0.0844607
4|-0.0844607|-0.0844607
5|-0.0844607|-0.0844607
6|-0.0844607|-0.0844607
7|-0.0844607|-0.0844607
8|-0.0844607|-0.0844607
9|-0.0844607|-0.0844607
10|-0.0844607|-0.0844607
11|-0.0844607|-0.0844607
12|-0.0844607|-0.0844607
13|-0.0844607|-0.0844607
14|-0.0844607|-0.0844607
15|-0.0844607|-0.0844607
16|-0.0844607|-0.0844607
17|-0.0844607|-0.0844607
18|-0.0844607|-0.0844607
19|-0.0844607|-0.0844607
20|-0.0844607|-0.0844607
21|-0.0844607|-0.0844607
22|-0.0844607|-0.0844607
23|-0.0844607|-0.0844607
24|-0.0844607|-0.0844607
25|-0.0844607|-0.0844607
26|-0.0844607|-0.0844607
27|-0.0844607|-0.0844607
28|-0.0844607|-0.0844607
29|-0.0844607|-0.0844607
30|-0.0844607|-0.0844607
31|-0.0844607|-0.0844607
32|-0.0844607|-0.0844607
33|-0.0844607|-0.0844607
34|-0.0844607|-0.0844607
35|-0.0844607|-0.0844607
36|-0.0844607|-0.0844607
37|-0.0844607|-0.0844607
38|-0.0844607|-0.0844607
39|-0.0844607|-0.0844607
40|-0.0844607|-0.0844607
41|-0.0844607|-0.0844607
42|-0.0844607|-0.0844607
43|-0.0844607|-0.0844607
44|-0.0844607|-0.0844607
45|-0.0844607|-0.0844607
46|-0.0844607|-0.0844607
47|-0.0844607|-0.0844607
48|-0.0844607|-0.0844607
49|-0.0844607|-0.0844607
50|-0.0844607|-0.0844607
51|-0.0844607|-0.0844607
52|-0.0844607|-0.0844607
53|-0.0844607|-0.0844607
54|-0.0844607|-0.0844607
55|-0.0844607|-0.0844607
56|-0.0844607|-0.0844607
57|-0.0844607|-0.0844607
58|-0.0844607|-0.0844607
59|-0.0844607|-0.0844607
60|-0.0844607|-0.0844607
61|-0.0844607|-0.0844607
62|-0.0844607|-0.0844607
63|-0.0844607|-0.0844607
64|-0.0844607|-0.0844607
65|-0.0844607|-0.0844607
66|-0.0844607|-0.0844607
67|-0.0844607|-0.0844607
68|-0.0844607|-0.0844607
69|-0.0844607|-0.0844607
70|-0.0844607|-0.0844607
71|-0.0844607|-0.0844607
72|-0.0844607|-0.0844607
73|-0.0844607|-0.0844607
74|-0.0844607|-0.0844607
75|-0.0844607|-0.0844607
76|-0.0844607|-0.0844607
77|-0.0844607|-0.0844607
78|-0.0844607|-0.0844607
79|-0.0844607|-0.0844607
80|-0.0844607|-0.0844607
81|-0.0844607|-0.0844607
82|-0.0844607|-0.0844607
83|-0.0844607|-0.0844607
84|-0.0844607|-0.0844607
85|-0.0844607|-0.0844607
86|-0.0844607|-0.0844607
87|-0.0844607|-0.0844607
88|-0.0844607|-0.0844607
89|-0.0844607|-0.0844607
90|-0.0844607|-0.0844607
91|-0.0844607|-0.0844607
92|-0.0844607|-0.0844607
93|-0.0844607|-0.0844607
94|-0.0844607|-0.0844607
95|-0.0844607|-0.0844607
96|-0.0844607|-0.0844607
97|-0.0844607|-0.0844607
98|-0.0844607|-0.0844607
99|-0.0844607|-0.0844607
100|-0.0844607|-0.0844607
101|-0.0844607|-0.0844607
102|-0.0844607|-0.0844607
103|-0.0844607|-0.0844607
104|-0.0844607|-0.0844607
105|-0.0844607|-0.0844607
106|-0.0844607|-0.0844607
107|-0.0844607|-0.0844607
108|-0.0844607|-0.0844607
109|-0.0844607|-0.0844607
110|-0.0844607|-0.0844607
111|-0.0844607|-0.0844607
112|-0.0844607|-0.0844607
113|-0.0844607|-0.0844607
114|-0.0844607|-0.0844607
115|-0.0844607|-0.0844607
116|-0.0844607|-0.0844607
117|-0.0844607|-0.0844607
118|-0.0844607|-0.0844607
119|-0.0844607|-0.0844607
120|-0.0844607|-0.0844607
121|-0.0844607|-0.0844607
122|-0.0844607|-0.0844607
123|-0.0844607|-0.0844607
124|-0.0844607|-0.0844607
125|-0.0844607|-0.0844607
126|-0.0844607|-0.0844607
127|-0.0844607|-0.0844607
128|-0.0844607|-0.0844607
129|-0.0844607|-0.0844607
130|-0.0844607|-0.0844607
131|-0.0844607|-0.0844607
132|-0.0844607|-0.0844607
133|-0.0844607|-0.0844607
134|-0.0844607|-0.0844607
135|-0.0844607|-0.0844607
136|-0.0844607|-0.0844607
137|-0.0844607|-0.0844607
138|-0.0844607|-0.0844607
139|-0.0844607|-0.0844607
140|-0.0844607|-0.0844607
141|-0.0844607|-0.0844607
142|-0.0844607|-0.0844607
143|-0.0844607|-0.0844607
144|-0.0844607|-0.0844607
145|-0.0844607|-0.0844607
146|-0.0844607|-0.0844607
147|-0.0844607|-0.0844607
148|-0.0844607|-0.0844607
149|-0.0844607|-0.0844607
150|-0.0844607|-0.0844607
151|-0.0844607|-0.0844607
EARLY STOP: TARGET FOUND
58830ms
