1|-2.26767|-2.26767
2|-2.26767|-2.26767
3|-2.26767|-2.26767
4|-2.26767|-2.26767
5|-2.26767|-2.26767
6|-2.26767|-2.26767
7|-2.26767|-2.26767
8|-2.26767|-2.26767
9|-2.26767|-2.26767
10|-2.26767|-2.26767
11|-2.26767|-2.26767
12|-2.26767|-2.26767
13|-2.26767|-2.26767
14|-2.26767|-2.26767
15|-2.26767|-2.26767
16|-2.26767|-2.26767
17|-2.26767|-2.26767
18|-2.26767|-2.26767
19|-2.26767|-2.26767
20|-2.26767|-2.26767
21|-2.26767|-2.26767
22|-2.26767|-2.26767
23|-2.26767|-2.26767
24|-2.26767|-2.26767
25|-2.26767|-2.26767
26|-2.26767|-2.26767
27|-2.26767|-2.26767
28|-2.26767|-2.26767
29|-2.26767|-2.26767
30|-2.26767|-2.26767
31|-2.26767|-2.26767
32|-2.26767|-2.26767
33|-2.26767|-2.26767
34|-2.26767|-2.26767
35|-2.26767|-2.26767
36|-2.26767|-2.26767
37|-2.26767|-2.26767
38|-2.26767|-2.26767
39|-2.26767|-2.26767
40|-2.26767|-2.26767
41|-2.26767|-2.26767
42|-2.26767|-2.26767
43|-2.26767|-2.26767
44|-2.26767|-2.26767
45|-2.26767|-2.26767
46|-2.26767|-2.26767
47|-2.26767|-2.26767
48|-2.26767|-2.26767
49|-2.26767|-2.26767
50|-2.26767|-2.26767
51|-2.26767|-2.26767
52|-2.26767|-2.26767
53|-2.26767|-2.26767
54|-2.26767|-2.26767
55|-2.26767|-2.26767
56|-2.26767|-2.26767
57|-2.26767|-2.26767
58|-2.26767|-2.26767
59|-2.26767|-2.26767
60|-2.26767|-2.26767
61|-2.26767|-2.26767
62|-2.26767|-2.26767
63|-2.26767|-2.26767
64|-2.26767|-2.26767
65|-2.26767|-2.26767
66|-2.26767|-2.26767
67|-2.26767|-2.26767
68|-2.26767|-2.26767
69|-2.26767|-2.26767
70|-2.26767|-2.26767
71|-2.26767|-2.26767
72|-2.26767|-2.26767
73|-2.26767|-2.26767
74|-2.26767|-2.26767
75|-2.26767|-2.26767
76|-2.26767|-2.26767
77|-2.26767|-2.26767
78|-2.26767|-2.26767
79|-2.26767|-2.26767
80|-2.26767|-2.26767
81|-2.26767|-2.26767
82|-2.26767|-2.26767
83|-2.26767|-2.26767
84|-2.26767|-2.26767
85|-2.26767|-2.26767
86|-2.26767|-2.26767
87|-2.26767|-2.26767
88|-2.26767|-2.26767
89|-2.26767|-2.26767
90|-2.26767|-2.26767
91|-2.26767|-2.26767
92|-2.26767|-2.26767
93|-2.26767|-2.26767
94|-2.26767|-2.26767
95|-2.26767|-2.26767
96|-2.26767|-2.26767
97|-2.26767|-2.26767
98|-2.26767|-2.26767
99|-2.26767|-2.26767
100|-2.26767|-2.26767
101|-2.26767|-2.26767
102|-2.26767|-2.26767
103|-2.26767|-2.26767
104|-2.26767|-2.26767
105|-2.26767|-2.26767
106|-2.26767|-2.26767
107|-2.26767|-2.26767
108|-2.26767|-2.26767
109|-2.26767|-2.26767
110|-2.26767|-2.26767
111|-2.26767|-2.26767
112|-2.26767|-2.26767
113|-2.26767|-2.26767
114|-2.26767|-2.26767
115|-2.26767|-2.26767
116|-2.26767|-2.26767
117|-2.26767|-2.26767
118|-2.26767|-2.26767
119|-2.26767|-2.26767
120|-2.26767|-2.26767
121|-2.26767|-2.26767
122|-2.26767|-2.26767
123|-2.26767|-2.26767
124|-2.26767|-2.26767
125|-2.26767|-2.26767
126|-2.26767|-2.26767
127|-2.26767|-2.26767
128|-2.26767|-2.26767
129|-2.26767|-2.26767
130|-2.26767|-2.26767
131|-2.26767|-2.26767
132|-2.26767|-2.26767
133|-2.26767|-2.26767
134|-2.26767|-2.26767
135|-2.26767|-2.26767
136|-2.26767|-2.26767
137|-2.26767|-2.26767
138|-2.26767|-2.26767
139|-2.26767|-2.26767
140|-2.26767|-2.26767
141|-2.26767|-2.26767
142|-2.26767|-2.26767
143|-2.26767|-2.26767
144|-2.26767|-2.26767
145|-2.26767|-2.26767
146|-2.26767|-2.26767
147|-2.26767|-2.26767
148|-2.26767|-2.26767
149|-2.26767|-2.26767
150|-2.26767|-2.26767
151|-2.26767|-2.26767
EARLY STOP: TARGET FOUND
60133ms
