1|-0.795048|-0.795048
2|-0.795048|-0.795048
3|-0.795048|-0.795048
4|-0.795048|-0.795048
5|-0.795048|-0.795048
6|-0.795048|-0.795048
7|-0.795048|-0.795048
8|-0.795048|-0.795048
9|-0.795048|-0.795048
10|-0.795048|-0.795048
11|-0.795048|-0.795048
12|-0.795048|-0.795048
13|-0.795048|-0.795048
14|-0.795048|-0.795048
15|-0.795048|-0.795048
16|-0.795048|-0.795048
17|-0.795048|-0.795048
18|-0.795048|-0.795048
19|-0.795048|-0.795048
20|-0.795048|-0.795048
21|-0.795048|-0.795048
22|-0.795048|-0.795048
23|-0.795048|-0.795048
24|-0.795048|-0.795048
25|-0.795048|-0.795048
26|-0.795048|-0.795048
27|-0.795048|-0.795048
28|-0.795048|-0.795048
29|-0.795048|-0.795048
30|-0.795048|-0.795048
31|-0.795048|-0.795048
32|-0.795048|-0.795048
33|-0.795048|-0.795048
34|-0.795048|-0.795048
35|-0.795048|-0.795048
36|-0.795048|-0.795048
37|-0.795048|-0.795048
38|-0.795048|-0.795048
39|-0.795048|-0.795048
40|-0.795048|-0.795048
41|-0.795048|-0.795048
42|-0.795048|-0.795048
43|-0.795048|-0.795048
44|-0.795048|-0.795048
45|-0.795048|-0.795048
46|-0.795048|-0.795048
47|-0.795048|-0.795048
48|-0.795048|-0.795048
49|-0.795048|-0.795048
50|-0.795048|-0.795048
51|-0.795048|-0.795048
52|-0.795048|-0.795048
53|-0.795048|-0.795048
54|-0.795048|-0.795048
55|-0.795048|-0.795048
56|-0.795048|-0.795048
57|-0.795048|-0.795048
58|-0.795048|-0.795048
59|-0.795048|-0.795048
60|-0.795048|-0.795048
61|-0.795048|-0.795048
62|-0.795048|-0.795048
63|-0.795048|-0.795048
64|-0.795048|-0.795048
65|-0.795048|-0.795048
66|-0.795048|-0.795048
67|-0.795048|-0.795048
68|-0.795048|-0.795048
69|-0.795048|-0.795048
70|-0.795048|-0.795048
71|-0.795048|-0.795048
72|-0.795048|-0.795048
73|-0.795048|-0.795048
74|-0.795048|-0.795048
75|-0.795048|-0.795048
76|-0.795048|-0.795048
77|-0.795048|-0.795048
78|-0.795048|-0.795048
79|-0.795048|-0.795048
80|-0.795048|-0.795048
81|-0.795048|-0.795048
82|-0.795048|-0.795048
83|-0.795048|-0.795048
84|-0.795048|-0.795048
85|-0.795048|-0.795048
86|-0.795048|-0.795048
87|-0.795048|-0.795048
88|-0.795048|-0.795048
89|-0.795048|-0.795048
90|-0.795048|-0.795048
91|-0.795048|-0.795048
92|-0.795048|-0.795048
93|-0.795048|-0.795048
94|-0.795048|-0.795048
95|-0.795048|-0.795048
96|-0.795048|-0.795048
97|-0.795048|-0.795048
98|-0.795048|-0.795048
99|-0.795048|-0.795048
100|-0.795048|-0.795048
101|-0.795048|-0.795048
102|-0.795048|-0.795048
103|-0.795048|-0.795048
104|-0.795048|-0.795048
105|-0.795048|-0.795048
106|-0.795048|-0.795048
107|-0.795048|-0.795048
108|-0.795048|-0.795048
109|-0.795048|-0.795048
110|-0.795048|-0.795048
111|-0.795048|-0.795048
112|-0.795048|-0.795048
113|-0.795048|-0.795048
114|-0.795048|-0.795048
115|-0.795048|-0.795048
116|-0.795048|-0.795048
117|-0.795048|-0.795048
118|-0.795048|-0.795048
119|-0.795048|-0.795048
120|-0.795048|-0.795048
121|-0.795048|-0.795048
122|-0.795048|-0.795048
123|-0.795048|-0.795048
124|-0.795048|-0.795048
125|-0.795048|-0.795048
126|-0.795048|-0.795048
127|-0.795048|-0.795048
128|-0.795048|-0.795048
129|-0.795048|-0.795048
130|-0.795048|-0.795048
131|-0.795048|-0.795048
132|-0.795048|-0.795048
133|-0.795048|-0.795048
134|-0.795048|-0.795048
135|-0.795048|-0.795048
136|-0.795048|-0.795048
137|-0.795048|-0.795048
138|-0.795048|-0.795048
139|-0.795048|-0.795048
140|-0.795048|-0.795048
141|-0.795048|-0.795048
142|-0.795048|-0.795048
143|-0.795048|-0.795048
144|-0.795048|-0.795048
145|-0.795048|-0.795048
146|-0.795048|-0.795048
147|-0.795048|-0.795048
148|-0.795048|-0.795048
149|-0.795048|-0.795048
150|-0.795048|-0.795048
151|-0.795048|-0.795048
EARLY STOP: TARGET FOUND
59281ms
