1|-530.09|-530.09
2|-530.09|-530.09
3|-530.09|-530.09
4|-530.09|-530.09
5|-530.09|-530.09
6|-530.09|-530.09
7|-530.09|-530.09
8|-530.09|-530.09
9|-530.09|-530.09
10|-530.09|-530.09
11|-530.09|-530.09
12|-530.09|-530.09
13|-530.09|-530.09
14|-530.09|-530.09
15|-530.09|-530.09
16|-530.09|-530.09
17|-530.09|-530.09
18|-530.09|-530.09
19|-530.09|-530.09
20|-530.09|-530.09
21|-530.09|-530.09
22|-530.09|-530.09
23|-530.09|-530.09
24|-530.09|-530.09
25|-530.09|-530.09
26|-530.09|-530.09
27|-530.09|-530.09
28|-530.09|-530.09
29|-530.09|-530.09
30|-530.09|-530.09
31|-530.09|-530.09
32|-530.09|-530.09
33|-530.09|-530.09
34|-530.09|-530.09
35|-530.09|-530.09
36|-530.09|-530.09
37|-530.09|-530.09
38|-530.09|-530.09
39|-530.09|-530.09
40|-530.09|-530.09
41|-530.09|-530.09
42|-530.09|-530.09
43|-530.09|-530.09
44|-530.09|-530.09
45|-530.09|-530.09
46|-530.09|-530.09
47|-530.09|-530.09
48|-530.09|-530.09
49|-530.09|-530.09
50|-530.09|-530.09
51|-530.09|-530.09
52|-530.09|-530.09
53|-530.09|-530.09
54|-530.09|-530.09
55|-530.09|-530.09
56|-530.09|-530.09
57|-530.09|-530.09
58|-530.09|-530.09
59|-530.09|-530.09
60|-530.09|-530.09
61|-530.09|-530.09
62|-530.09|-530.09
63|-530.09|-530.09
64|-530.09|-530.09
65|-530.09|-530.09
66|-530.09|-530.09
67|-530.09|-530.09
68|-530.09|-530.09
69|-530.09|-530.09
70|-530.09|-530.09
71|-530.09|-530.09
72|-530.09|-530.09
73|-530.09|-530.09
74|-530.09|-530.09
75|-530.09|-530.09
76|-530.09|-530.09
77|-530.09|-530.09
78|-530.09|-530.09
79|-530.09|-530.09
80|-530.09|-530.09
81|-530.09|-530.09
82|-530.09|-530.09
83|-530.09|-530.09
84|-530.09|-530.09
85|-530.09|-530.09
86|-530.09|-530.09
87|-530.09|-530.09
88|-530.09|-530.09
89|-530.09|-530.09
90|-530.09|-530.09
91|-530.09|-530.09
92|-530.09|-530.09
93|-530.09|-530.09
94|-530.09|-530.09
95|-530.09|-530.09
96|-530.09|-530.09
97|-530.09|-530.09
98|-530.09|-530.09
99|-530.09|-530.09
100|-530.09|-530.09
101|-530.09|-530.09
102|-530.09|-530.09
103|-530.09|-530.09
104|-530.09|-530.09
105|-530.09|-530.09
106|-530.09|-530.09
107|-530.09|-530.09
108|-530.09|-530.09
109|-530.09|-530.09
110|-530.09|-530.09
111|-530.09|-530.09
112|-530.09|-530.09
113|-530.09|-530.09
114|-530.09|-530.09
115|-530.09|-530.09
116|-530.09|-530.09
117|-530.09|-530.09
118|-530.09|-530.09
119|-530.09|-530.09
120|-530.09|-530.09
121|-530.09|-530.09
122|-530.09|-530.09
123|-530.09|-530.09
124|-530.09|-530.09
125|-530.09|-530.09
126|-530.09|-530.09
127|-530.09|-530.09
128|-530.09|-530.09
129|-530.09|-530.09
130|-530.09|-530.09
131|-530.09|-530.09
132|-530.09|-530.09
133|-530.09|-530.09
134|-530.09|-530.09
135|-530.09|-530.09
136|-530.09|-530.09
137|-530.09|-530.09
138|-530.09|-530.09
139|-530.09|-530.09
140|-530.09|-530.09
141|-530.09|-530.09
142|-530.09|-530.09
143|-530.09|-530.09
144|-530.09|-530.09
145|-530.09|-530.09
146|-530.09|-530.09
147|-530.09|-530.09
148|-530.09|-530.09
149|-530.09|-530.09
150|-530.09|-530.09
151|-530.09|-530.09
EARLY STOP: TARGET FOUND
84297ms
