1|-3.69546|-3.69546
2|-3.69546|-3.69546
3|-3.69546|-3.69546
4|-3.69546|-3.69546
5|-3.69546|-3.69546
6|-3.69546|-3.69546
7|-3.69546|-3.69546
8|-3.69546|-3.69546
9|-3.69546|-3.69546
10|-3.69546|-3.69546
11|-3.69546|-3.69546
12|-3.69546|-3.69546
13|-3.69546|-3.69546
14|-3.69546|-3.69546
15|-3.69546|-3.69546
16|-3.69546|-3.69546
17|-3.69546|-3.69546
18|-3.69546|-3.69546
19|-3.69546|-3.69546
20|-3.69546|-3.69546
21|-3.69546|-3.69546
22|-3.69546|-3.69546
23|-3.69546|-3.69546
24|-3.69546|-3.69546
25|-3.69546|-3.69546
26|-3.69546|-3.69546
27|-3.69546|-3.69546
28|-3.69546|-3.69546
29|-3.69546|-3.69546
30|-3.69546|-3.69546
31|-3.69546|-3.69546
32|-3.69546|-3.69546
33|-3.69546|-3.69546
34|-3.69546|-3.69546
35|-3.69546|-3.69546
36|-3.69546|-3.69546
37|-3.69546|-3.69546
38|-3.69546|-3.69546
39|-3.69546|-3.69546
40|-3.69546|-3.69546
41|-3.69546|-3.69546
42|-3.69546|-3.69546
43|-3.69546|-3.69546
44|-3.69546|-3.69546
45|-3.69546|-3.69546
46|-3.69546|-3.69546
47|-3.69546|-3.69546
48|-3.69546|-3.69546
49|-3.69546|-3.69546
50|-3.69546|-3.69546
51|-3.69546|-3.69546
52|-3.69546|-3.69546
53|-3.69546|-3.69546
54|-3.69546|-3.69546
55|-3.69546|-3.69546
56|-3.69546|-3.69546
57|-3.69546|-3.69546
58|-3.69546|-3.69546
59|-3.69546|-3.69546
60|-3.69546|-3.69546
61|-3.69546|-3.69546
62|-3.69546|-3.69546
63|-3.69546|-3.69546
64|-3.69546|-3.69546
65|-3.69546|-3.69546
66|-3.69546|-3.69546
67|-3.69546|-3.69546
68|-3.69546|-3.69546
69|-3.69546|-3.69546
70|-3.69546|-3.69546
71|-3.69546|-3.69546
72|-3.69546|-3.69546
73|-3.69546|-3.69546
74|-3.69546|-3.69546
75|-3.69546|-3.69546
76|-3.69546|-3.69546
77|-3.69546|-3.69546
78|-3.69546|-3.69546
79|-3.69546|-3.69546
80|-3.69546|-3.69546
81|-3.69546|-3.69546
82|-3.69546|-3.69546
83|-3.69546|-3.69546
84|-3.69546|-3.69546
85|-3.69546|-3.69546
86|-3.69546|-3.69546
87|-3.69546|-3.69546
88|-3.69546|-3.69546
89|-3.69546|-3.69546
90|-3.69546|-3.69546
91|-3.69546|-3.69546
92|-3.69546|-3.69546
93|-3.69546|-3.69546
94|-3.69546|-3.69546
95|-3.69546|-3.69546
96|-3.69546|-3.69546
97|-3.69546|-3.69546
98|-3.69546|-3.69546
99|-3.69546|-3.69546
100|-3.69546|-3.69546
101|-3.69546|-3.69546
102|-3.69546|-3.69546
103|-3.69546|-3.69546
104|-3.69546|-3.69546
105|-3.69546|-3.69546
106|-3.69546|-3.69546
107|-3.69546|-3.69546
108|-3.69546|-3.69546
109|-3.69546|-3.69546
110|-3.69546|-3.69546
111|-3.69546|-3.69546
112|-3.69546|-3.69546
113|-3.69546|-3.69546
114|-3.69546|-3.69546
115|-3.69546|-3.69546
116|-3.69546|-3.69546
117|-3.69546|-3.69546
118|-3.69546|-3.69546
119|-3.69546|-3.69546
120|-3.69546|-3.69546
121|-3.69546|-3.69546
122|-3.69546|-3.69546
123|-3.69546|-3.69546
124|-3.69546|-3.69546
125|-3.69546|-3.69546
126|-3.69546|-3.69546
127|-3.69546|-3.69546
128|-3.69546|-3.69546
129|-3.69546|-3.69546
130|-3.69546|-3.69546
131|-3.69546|-3.69546
132|-3.69546|-3.69546
133|-3.69546|-3.69546
134|-3.69546|-3.69546
135|-3.69546|-3.69546
136|-3.69546|-3.69546
137|-3.69546|-3.69546
138|-3.69546|-3.69546
139|-3.69546|-3.69546
140|-3.69546|-3.69546
141|-3.69546|-3.69546
142|-3.69546|-3.69546
143|-3.69546|-3.69546
144|-3.69546|-3.69546
145|-3.69546|-3.69546
146|-3.69546|-3.69546
147|-3.69546|-3.69546
148|-3.69546|-3.69546
149|-3.69546|-3.69546
150|-3.69546|-3.69546
151|-3.69546|-3.69546
EARLY STOP: TARGET FOUND
1727481ms
