1|46.8285|46.8285
2|46.8285|46.8285
3|46.8285|46.8285
4|46.8285|46.8285
5|46.8285|46.8285
6|46.8285|46.8285
7|46.8285|46.8285
8|46.8285|46.8285
9|46.8285|46.8285
10|46.8285|46.8285
11|46.8285|46.8285
12|46.8285|46.8285
13|46.8285|46.8285
14|46.8285|46.8285
15|46.8285|46.8285
16|46.8285|46.8285
17|46.8285|46.8285
18|46.8285|46.8285
19|46.8285|46.8285
20|46.8285|46.8285
21|46.8285|46.8285
22|46.8285|46.8285
23|46.8285|46.8285
24|46.8285|46.8285
25|46.8285|46.8285
26|46.8285|46.8285
27|46.8285|46.8285
28|46.8285|46.8285
29|46.8285|46.8285
30|46.8285|46.8285
31|46.8285|46.8285
32|46.8285|46.8285
33|46.8285|46.8285
34|46.8285|46.8285
35|46.8285|46.8285
36|46.8285|46.8285
37|46.8285|46.8285
38|46.8285|46.8285
39|46.8285|46.8285
40|46.8285|46.8285
41|46.8285|46.8285
42|46.8285|46.8285
43|46.8285|46.8285
44|46.8285|46.8285
45|46.8285|46.8285
46|46.8285|46.8285
47|46.8285|46.8285
48|46.8285|46.8285
49|46.8285|46.8285
50|46.8285|46.8285
51|46.8285|46.8285
52|46.8285|46.8285
53|46.8285|46.8285
54|46.8285|46.8285
55|46.8285|46.8285
56|46.8285|46.8285
57|46.8285|46.8285
58|46.8285|46.8285
59|46.8285|46.8285
60|46.8285|46.8285
61|46.8285|46.8285
62|46.8285|46.8285
63|46.8285|46.8285
64|46.8285|46.8285
65|46.8285|46.8285
66|46.8285|46.8285
67|46.8285|46.8285
68|46.8285|46.8285
69|46.8285|46.8285
70|46.8285|46.8285
71|46.8285|46.8285
72|46.8285|46.8285
73|46.8285|46.8285
74|46.8285|46.8285
75|46.8285|46.8285
76|46.8285|46.8285
77|46.8285|46.8285
78|46.8285|46.8285
79|46.8285|46.8285
80|46.8285|46.8285
81|46.8285|46.8285
82|46.8285|46.8285
83|46.8285|46.8285
84|46.8285|46.8285
85|46.8285|46.8285
86|46.8285|46.8285
87|46.8285|46.8285
88|46.8285|46.8285
89|46.8285|46.8285
90|46.8285|46.8285
91|46.8285|46.8285
92|46.8285|46.8285
93|46.8285|46.8285
94|46.8285|46.8285
95|46.8285|46.8285
96|46.8285|46.8285
97|46.8285|46.8285
98|46.8285|46.8285
99|46.8285|46.8285
100|46.8285|46.8285
101|46.8285|46.8285
102|46.8285|46.8285
103|46.8285|46.8285
104|46.8285|46.8285
105|46.8285|46.8285
106|46.8285|46.8285
107|46.8285|46.8285
108|46.8285|46.8285
109|46.8285|46.8285
110|46.8285|46.8285
111|46.8285|46.8285
112|46.8285|46.8285
113|46.8285|46.8285
114|46.8285|46.8285
115|46.8285|46.8285
116|46.8285|46.8285
117|46.8285|46.8285
118|46.8285|46.8285
119|46.8285|46.8285
120|46.8285|46.8285
121|46.8285|46.8285
122|46.8285|46.8285
123|46.8285|46.8285
124|46.8285|46.8285
125|46.8285|46.8285
126|46.8285|46.8285
127|46.8285|46.8285
128|46.8285|46.8285
129|46.8285|46.8285
130|46.8285|46.8285
131|46.8285|46.8285
132|46.8285|46.8285
133|46.8285|46.8285
134|46.8285|46.8285
135|46.8285|46.8285
136|46.8285|46.8285
137|46.8285|46.8285
138|46.8285|46.8285
139|46.8285|46.8285
140|46.8285|46.8285
141|46.8285|46.8285
142|46.8285|46.8285
143|46.8285|46.8285
144|46.8285|46.8285
145|46.8285|46.8285
146|46.8285|46.8285
147|46.8285|46.8285
148|46.8285|46.8285
149|46.8285|46.8285
150|46.8285|46.8285
151|46.8285|46.8285
EARLY STOP: TARGET FOUND
205737ms
