1|57.4647|57.4647
2|57.4647|57.4647
3|57.4647|57.4647
4|57.4647|57.4647
5|57.4647|57.4647
6|57.4647|57.4647
7|57.4647|57.4647
8|57.4647|57.4647
9|57.4647|57.4647
10|57.4647|57.4647
11|57.4647|57.4647
12|57.4647|57.4647
13|57.4647|57.4647
14|57.4647|57.4647
15|57.4647|57.4647
16|57.4647|57.4647
17|57.4647|57.4647
18|57.4647|57.4647
19|57.4647|57.4647
20|57.4647|57.4647
21|57.4647|57.4647
22|57.4647|57.4647
23|57.4647|57.4647
24|57.4647|57.4647
25|57.4647|57.4647
26|57.4647|57.4647
27|57.4647|57.4647
28|57.4647|57.4647
29|57.4647|57.4647
30|57.4647|57.4647
31|57.4647|57.4647
32|57.4647|57.4647
33|57.4647|57.4647
34|57.4647|57.4647
35|57.4647|57.4647
36|57.4647|57.4647
37|57.4647|57.4647
38|57.4647|57.4647
39|57.4647|57.4647
40|57.4647|57.4647
41|57.4647|57.4647
42|57.4647|57.4647
43|57.4647|57.4647
44|57.4647|57.4647
45|57.4647|57.4647
46|57.4647|57.4647
47|57.4647|57.4647
48|57.4647|57.4647
49|57.4647|57.4647
50|57.4647|57.4647
51|57.4647|57.4647
52|57.4647|57.4647
53|57.4647|57.4647
54|57.4647|57.4647
55|57.4647|57.4647
56|57.4647|57.4647
57|57.4647|57.4647
58|57.4647|57.4647
59|57.4647|57.4647
60|57.4647|57.4647
61|57.4647|57.4647
62|57.4647|57.4647
63|57.4647|57.4647
64|57.4647|57.4647
65|57.4647|57.4647
66|57.4647|57.4647
67|57.4647|57.4647
68|57.4647|57.4647
69|57.4647|57.4647
70|57.4647|57.4647
71|57.4647|57.4647
72|57.4647|57.4647
73|57.4647|57.4647
74|57.4647|57.4647
75|57.4647|57.4647
76|57.4647|57.4647
77|57.4647|57.4647
78|57.4647|57.4647
79|57.4647|57.4647
80|57.4647|57.4647
81|57.4647|57.4647
82|57.4647|57.4647
83|57.4647|57.4647
84|57.4647|57.4647
85|57.4647|57.4647
86|57.4647|57.4647
87|57.4647|57.4647
88|57.4647|57.4647
89|57.4647|57.4647
90|57.4647|57.4647
91|57.4647|57.4647
92|57.4647|57.4647
93|57.4647|57.4647
94|57.4647|57.4647
95|57.4647|57.4647
96|57.4647|57.4647
97|57.4647|57.4647
98|57.4647|57.4647
99|57.4647|57.4647
100|57.4647|57.4647
101|57.4647|57.4647
102|57.4647|57.4647
103|57.4647|57.4647
104|57.4647|57.4647
105|57.4647|57.4647
106|57.4647|57.4647
107|57.4647|57.4647
108|57.4647|57.4647
109|57.4647|57.4647
110|57.4647|57.4647
111|57.4647|57.4647
112|57.4647|57.4647
113|57.4647|57.4647
114|57.4647|57.4647
115|57.4647|57.4647
116|57.4647|57.4647
117|57.4647|57.4647
118|57.4647|57.4647
119|57.4647|57.4647
120|57.4647|57.4647
121|57.4647|57.4647
122|57.4647|57.4647
123|57.4647|57.4647
124|57.4647|57.4647
125|57.4647|57.4647
126|57.4647|57.4647
127|57.4647|57.4647
128|57.4647|57.4647
129|57.4647|57.4647
130|57.4647|57.4647
131|57.4647|57.4647
132|57.4647|57.4647
133|57.4647|57.4647
134|57.4647|57.4647
135|57.4647|57.4647
136|57.4647|57.4647
137|57.4647|57.4647
138|57.4647|57.4647
139|57.4647|57.4647
140|57.4647|57.4647
141|57.4647|57.4647
142|57.4647|57.4647
143|57.4647|57.4647
144|57.4647|57.4647
145|57.4647|57.4647
146|57.4647|57.4647
147|57.4647|57.4647
148|57.4647|57.4647
149|57.4647|57.4647
150|57.4647|57.4647
151|57.4647|57.4647
EARLY STOP: TARGET FOUND
209829ms
