1|-2.41921|-2.41921
2|-2.41921|-2.41921
3|-2.41921|-2.41921
4|-2.41921|-2.41921
5|-2.41921|-2.41921
6|-2.41921|-2.41921
7|-2.41921|-2.41921
8|-2.41921|-2.41921
9|-2.41921|-2.41921
10|-2.41921|-2.41921
11|-2.41921|-2.41921
12|-2.41921|-2.41921
13|-2.41921|-2.41921
14|-2.41921|-2.41921
15|-2.41921|-2.41921
16|-2.41921|-2.41921
17|-2.41921|-2.41921
18|-2.41921|-2.41921
19|-2.41921|-2.41921
20|-2.41921|-2.41921
21|-2.41921|-2.41921
22|-2.41921|-2.41921
23|-2.41921|-2.41921
24|-2.41921|-2.41921
25|-2.41921|-2.41921
26|-2.41921|-2.41921
27|-2.41921|-2.41921
28|-2.41921|-2.41921
29|-2.41921|-2.41921
30|-2.41921|-2.41921
31|-2.41921|-2.41921
32|-2.41921|-2.41921
33|-2.41921|-2.41921
34|-2.41921|-2.41921
35|-2.41921|-2.41921
36|-2.41921|-2.41921
37|-2.41921|-2.41921
38|-2.41921|-2.41921
39|-2.41921|-2.41921
40|-2.41921|-2.41921
41|-2.41921|-2.41921
42|-2.41921|-2.41921
43|-2.41921|-2.41921
44|-2.41921|-2.41921
45|-2.41921|-2.41921
46|-2.41921|-2.41921
47|-2.41921|-2.41921
48|-2.41921|-2.41921
49|-2.41921|-2.41921
50|-2.41921|-2.41921
51|-2.41921|-2.41921
52|-2.41921|-2.41921
53|-2.41921|-2.41921
54|-2.41921|-2.41921
55|-2.41921|-2.41921
56|-2.41921|-2.41921
57|-2.41921|-2.41921
58|-2.41921|-2.41921
59|-2.41921|-2.41921
60|-2.41921|-2.41921
61|-2.41921|-2.41921
62|-2.41921|-2.41921
63|-2.41921|-2.41921
64|-2.41921|-2.41921
65|-2.41921|-2.41921
66|-2.41921|-2.41921
67|-2.41921|-2.41921
68|-2.41921|-2.41921
69|-2.41921|-2.41921
70|-2.41921|-2.41921
71|-2.41921|-2.41921
72|-2.41921|-2.41921
73|-2.41921|-2.41921
74|-2.41921|-2.41921
75|-2.41921|-2.41921
76|-2.41921|-2.41921
77|-2.41921|-2.41921
78|-2.41921|-2.41921
79|-2.41921|-2.41921
80|-2.41921|-2.41921
81|-2.41921|-2.41921
82|-2.41921|-2.41921
83|-2.41921|-2.41921
84|-2.41921|-2.41921
85|-2.41921|-2.41921
86|-2.41921|-2.41921
87|-2.41921|-2.41921
88|-2.41921|-2.41921
89|-2.41921|-2.41921
90|-2.41921|-2.41921
91|-2.41921|-2.41921
92|-2.41921|-2.41921
93|-2.41921|-2.41921
94|-2.41921|-2.41921
95|-2.41921|-2.41921
96|-2.41921|-2.41921
97|-2.41921|-2.41921
98|-2.41921|-2.41921
99|-2.41921|-2.41921
100|-2.41921|-2.41921
101|-2.41921|-2.41921
102|-2.41921|-2.41921
103|-2.41921|-2.41921
104|-2.41921|-2.41921
105|-2.41921|-2.41921
106|-2.41921|-2.41921
107|-2.41921|-2.41921
108|-2.41921|-2.41921
109|-2.41921|-2.41921
110|-2.41921|-2.41921
111|-2.41921|-2.41921
112|-2.41921|-2.41921
113|-2.41921|-2.41921
114|-2.41921|-2.41921
115|-2.41921|-2.41921
116|-2.41921|-2.41921
117|-2.41921|-2.41921
118|-2.41921|-2.41921
119|-2.41921|-2.41921
120|-2.41921|-2.41921
121|-2.41921|-2.41921
122|-2.41921|-2.41921
123|-2.41921|-2.41921
124|-2.41921|-2.41921
125|-2.41921|-2.41921
126|-2.41921|-2.41921
127|-2.41921|-2.41921
128|-2.41921|-2.41921
129|-2.41921|-2.41921
130|-2.41921|-2.41921
131|-2.41921|-2.41921
132|-2.41921|-2.41921
133|-2.41921|-2.41921
134|-2.41921|-2.41921
135|-2.41921|-2.41921
136|-2.41921|-2.41921
137|-2.41921|-2.41921
138|-2.41921|-2.41921
139|-2.41921|-2.41921
140|-2.41921|-2.41921
141|-2.41921|-2.41921
142|-2.41921|-2.41921
143|-2.41921|-2.41921
144|-2.41921|-2.41921
145|-2.41921|-2.41921
146|-2.41921|-2.41921
147|-2.41921|-2.41921
148|-2.41921|-2.41921
149|-2.41921|-2.41921
150|-2.41921|-2.41921
151|-2.41921|-2.41921
EARLY STOP: TARGET FOUND
1711149ms
