1|-605.905|-605.905
2|-605.905|-605.905
3|-605.905|-605.905
4|-605.905|-605.905
5|-605.905|-605.905
6|-605.905|-605.905
7|-605.905|-605.905
8|-605.905|-605.905
9|-605.905|-605.905
10|-605.905|-605.905
11|-605.905|-605.905
12|-605.905|-605.905
13|-605.905|-605.905
14|-605.905|-605.905
15|-605.905|-605.905
16|-605.905|-605.905
17|-605.905|-605.905
18|-605.905|-605.905
19|-605.905|-605.905
20|-605.905|-605.905
21|-605.905|-605.905
22|-605.905|-605.905
23|-605.905|-605.905
24|-605.905|-605.905
25|-605.905|-605.905
26|-605.905|-605.905
27|-605.905|-605.905
28|-605.905|-605.905
29|-605.905|-605.905
30|-605.905|-605.905
31|-605.905|-605.905
32|-605.905|-605.905
33|-605.905|-605.905
34|-605.905|-605.905
35|-605.905|-605.905
36|-605.905|-605.905
37|-605.905|-605.905
38|-605.905|-605.905
39|-605.905|-605.905
40|-605.905|-605.905
41|-605.905|-605.905
42|-605.905|-605.905
43|-605.905|-605.905
44|-605.905|-605.905
45|-605.905|-605.905
46|-605.905|-605.905
47|-605.905|-605.905
48|-605.905|-605.905
49|-605.905|-605.905
50|-605.905|-605.905
51|-605.905|-605.905
52|-605.905|-605.905
53|-605.905|-605.905
54|-605.905|-605.905
55|-605.905|-605.905
56|-605.905|-605.905
57|-605.905|-605.905
58|-605.905|-605.905
59|-605.905|-605.905
60|-605.905|-605.905
61|-605.905|-605.905
62|-605.905|-605.905
63|-605.905|-605.905
64|-605.905|-605.905
65|-605.905|-605.905
66|-605.905|-605.905
67|-605.905|-605.905
68|-605.905|-605.905
69|-605.905|-605.905
70|-605.905|-605.905
71|-605.905|-605.905
72|-605.905|-605.905
73|-605.905|-605.905
74|-605.905|-605.905
75|-605.905|-605.905
76|-605.905|-605.905
77|-605.905|-605.905
78|-605.905|-605.905
79|-605.905|-605.905
80|-605.905|-605.905
81|-605.905|-605.905
82|-605.905|-605.905
83|-605.905|-605.905
84|-605.905|-605.905
85|-605.905|-605.905
86|-605.905|-605.905
87|-605.905|-605.905
88|-605.905|-605.905
89|-605.905|-605.905
90|-605.905|-605.905
91|-605.905|-605.905
92|-605.905|-605.905
93|-605.905|-605.905
94|-605.905|-605.905
95|-605.905|-605.905
96|-605.905|-605.905
97|-605.905|-605.905
98|-605.905|-605.905
99|-605.905|-605.905
100|-605.905|-605.905
101|-605.905|-605.905
102|-605.905|-605.905
103|-605.905|-605.905
104|-605.905|-605.905
105|-605.905|-605.905
106|-605.905|-605.905
107|-605.905|-605.905
108|-605.905|-605.905
109|-605.905|-605.905
110|-605.905|-605.905
111|-605.905|-605.905
112|-605.905|-605.905
113|-605.905|-605.905
114|-605.905|-605.905
115|-605.905|-605.905
116|-605.905|-605.905
117|-605.905|-605.905
118|-605.905|-605.905
119|-605.905|-605.905
120|-605.905|-605.905
121|-605.905|-605.905
122|-605.905|-605.905
123|-605.905|-605.905
124|-605.905|-605.905
125|-605.905|-605.905
126|-605.905|-605.905
127|-605.905|-605.905
128|-605.905|-605.905
129|-605.905|-605.905
130|-605.905|-605.905
131|-605.905|-605.905
132|-605.905|-605.905
133|-605.905|-605.905
134|-605.905|-605.905
135|-605.905|-605.905
136|-605.905|-605.905
137|-605.905|-605.905
138|-605.905|-605.905
139|-605.905|-605.905
140|-605.905|-605.905
141|-605.905|-605.905
142|-605.905|-605.905
143|-605.905|-605.905
144|-605.905|-605.905
145|-605.905|-605.905
146|-605.905|-605.905
147|-605.905|-605.905
148|-605.905|-605.905
149|-605.905|-605.905
150|-605.905|-605.905
151|-605.905|-605.905
EARLY STOP: TARGET FOUND
303656ms
