1|80.873|80.873
2|80.873|80.873
3|80.873|80.873
4|80.873|80.873
5|80.873|80.873
6|80.873|80.873
7|80.873|80.873
8|80.873|80.873
9|80.873|80.873
10|80.873|80.873
11|80.873|80.873
12|80.873|80.873
13|80.873|80.873
14|80.873|80.873
15|80.873|80.873
16|80.873|80.873
17|80.873|80.873
18|80.873|80.873
19|80.873|80.873
20|80.873|80.873
21|80.873|80.873
22|80.873|80.873
23|80.873|80.873
24|80.873|80.873
25|80.873|80.873
26|80.873|80.873
27|80.873|80.873
28|80.873|80.873
29|80.873|80.873
30|80.873|80.873
31|80.873|80.873
32|80.873|80.873
33|80.873|80.873
34|80.873|80.873
35|80.873|80.873
36|80.873|80.873
37|80.873|80.873
38|80.873|80.873
39|80.873|80.873
40|80.873|80.873
41|80.873|80.873
42|80.873|80.873
43|80.873|80.873
44|80.873|80.873
45|80.873|80.873
46|80.873|80.873
47|80.873|80.873
48|80.873|80.873
49|80.873|80.873
50|80.873|80.873
51|80.873|80.873
52|80.873|80.873
53|80.873|80.873
54|80.873|80.873
55|80.873|80.873
56|80.873|80.873
57|80.873|80.873
58|80.873|80.873
59|80.873|80.873
60|80.873|80.873
61|80.873|80.873
62|80.873|80.873
63|80.873|80.873
64|80.873|80.873
65|80.873|80.873
66|80.873|80.873
67|80.873|80.873
68|80.873|80.873
69|80.873|80.873
70|80.873|80.873
71|80.873|80.873
72|80.873|80.873
73|80.873|80.873
74|80.873|80.873
75|80.873|80.873
76|80.873|80.873
77|80.873|80.873
78|80.873|80.873
79|80.873|80.873
80|80.873|80.873
81|80.873|80.873
82|80.873|80.873
83|80.873|80.873
84|80.873|80.873
85|80.873|80.873
86|80.873|80.873
87|80.873|80.873
88|80.873|80.873
89|80.873|80.873
90|80.873|80.873
91|80.873|80.873
92|80.873|80.873
93|80.873|80.873
94|80.873|80.873
95|80.873|80.873
96|80.873|80.873
97|80.873|80.873
98|80.873|80.873
99|80.873|80.873
100|80.873|80.873
101|80.873|80.873
102|80.873|80.873
103|80.873|80.873
104|80.873|80.873
105|80.873|80.873
106|80.873|80.873
107|80.873|80.873
108|80.873|80.873
109|80.873|80.873
110|80.873|80.873
111|80.873|80.873
112|80.873|80.873
113|80.873|80.873
114|80.873|80.873
115|80.873|80.873
116|80.873|80.873
117|80.873|80.873
118|80.873|80.873
119|80.873|80.873
120|80.873|80.873
121|80.873|80.873
122|80.873|80.873
123|80.873|80.873
124|80.873|80.873
125|80.873|80.873
126|80.873|80.873
127|80.873|80.873
128|80.873|80.873
129|80.873|80.873
130|80.873|80.873
131|80.873|80.873
132|80.873|80.873
133|80.873|80.873
134|80.873|80.873
135|80.873|80.873
136|80.873|80.873
137|80.873|80.873
138|80.873|80.873
139|80.873|80.873
140|80.873|80.873
141|80.873|80.873
142|80.873|80.873
143|80.873|80.873
144|80.873|80.873
145|80.873|80.873
146|80.873|80.873
147|80.873|80.873
148|80.873|80.873
149|80.873|80.873
150|80.873|80.873
151|80.873|80.873
EARLY STOP: TARGET FOUND
59490ms
