1|-0.441819|-0.441819
2|-0.441819|-0.441819
3|-0.441819|-0.441819
4|-0.441819|-0.441819
5|-0.441819|-0.441819
6|-0.441819|-0.441819
7|-0.441819|-0.441819
8|-0.441819|-0.441819
9|-0.441819|-0.441819
10|-0.441819|-0.441819
11|-0.441819|-0.441819
12|-0.441819|-0.441819
13|-0.441819|-0.441819
14|-0.441819|-0.441819
15|-0.441819|-0.441819
16|-0.441819|-0.441819
17|-0.441819|-0.441819
18|-0.441819|-0.441819
19|-0.441819|-0.441819
20|-0.441819|-0.441819
21|-0.441819|-0.441819
22|-0.441819|-0.441819
23|-0.441819|-0.441819
24|-0.441819|-0.441819
25|-0.441819|-0.441819
26|-0.441819|-0.441819
27|-0.441819|-0.441819
28|-0.441819|-0.441819
29|-0.441819|-0.441819
30|-0.441819|-0.441819
31|-0.441819|-0.441819
32|-0.441819|-0.441819
33|-0.441819|-0.441819
34|-0.441819|-0.441819
35|-0.441819|-0.441819
36|-0.441819|-0.441819
37|-0.441819|-0.441819
38|-0.441819|-0.441819
39|-0.441819|-0.441819
40|-0.441819|-0.441819
41|-0.441819|-0.441819
42|-0.441819|-0.441819
43|-0.441819|-0.441819
44|-0.441819|-0.441819
45|-0.441819|-0.441819
46|-0.441819|-0.441819
47|-0.441819|-0.441819
48|-0.441819|-0.441819
49|-0.441819|-0.441819
50|-0.441819|-0.441819
51|-0.441819|-0.441819
52|-0.441819|-0.441819
53|-0.441819|-0.441819
54|-0.441819|-0.441819
55|-0.441819|-0.441819
56|-0.441819|-0.441819
57|-0.441819|-0.441819
58|-0.441819|-0.441819
59|-0.441819|-0.441819
60|-0.441819|-0.441819
61|-0.441819|-0.441819
62|-0.441819|-0.441819
63|-0.441819|-0.441819
64|-0.441819|-0.441819
65|-0.441819|-0.441819
66|-0.441819|-0.441819
67|-0.441819|-0.441819
68|-0.441819|-0.441819
69|-0.441819|-0.441819
70|-0.441819|-0.441819
71|-0.441819|-0.441819
72|-0.441819|-0.441819
73|-0.441819|-0.441819
74|-0.441819|-0.441819
75|-0.441819|-0.441819
76|-0.441819|-0.441819
77|-0.441819|-0.441819
78|-0.441819|-0.441819
79|-0.441819|-0.441819
80|-0.441819|-0.441819
81|-0.441819|-0.441819
82|-0.441819|-0.441819
83|-0.441819|-0.441819
84|-0.441819|-0.441819
85|-0.441819|-0.441819
86|-0.441819|-0.441819
87|-0.441819|-0.441819
88|-0.441819|-0.441819
89|-0.441819|-0.441819
90|-0.441819|-0.441819
91|-0.441819|-0.441819
92|-0.441819|-0.441819
93|-0.441819|-0.441819
94|-0.441819|-0.441819
95|-0.441819|-0.441819
96|-0.441819|-0.441819
97|-0.441819|-0.441819
98|-0.441819|-0.441819
99|-0.441819|-0.441819
100|-0.441819|-0.441819
101|-0.441819|-0.441819
102|-0.441819|-0.441819
103|-0.441819|-0.441819
104|-0.441819|-0.441819
105|-0.441819|-0.441819
106|-0.441819|-0.441819
107|-0.441819|-0.441819
108|-0.441819|-0.441819
109|-0.441819|-0.441819
110|-0.441819|-0.441819
111|-0.441819|-0.441819
112|-0.441819|-0.441819
113|-0.441819|-0.441819
114|-0.441819|-0.441819
115|-0.441819|-0.441819
116|-0.441819|-0.441819
117|-0.441819|-0.441819
118|-0.441819|-0.441819
119|-0.441819|-0.441819
120|-0.441819|-0.441819
121|-0.441819|-0.441819
122|-0.441819|-0.441819
123|-0.441819|-0.441819
124|-0.441819|-0.441819
125|-0.441819|-0.441819
126|-0.441819|-0.441819
127|-0.441819|-0.441819
128|-0.441819|-0.441819
129|-0.441819|-0.441819
130|-0.441819|-0.441819
131|-0.441819|-0.441819
132|-0.441819|-0.441819
133|-0.441819|-0.441819
134|-0.441819|-0.441819
135|-0.441819|-0.441819
136|-0.441819|-0.441819
137|-0.441819|-0.441819
138|-0.441819|-0.441819
139|-0.441819|-0.441819
140|-0.441819|-0.441819
141|-0.441819|-0.441819
142|-0.441819|-0.441819
143|-0.441819|-0.441819
144|-0.441819|-0.441819
145|-0.441819|-0.441819
146|-0.441819|-0.441819
147|-0.441819|-0.441819
148|-0.441819|-0.441819
149|-0.441819|-0.441819
150|-0.441819|-0.441819
151|-0.441819|-0.441819
EARLY STOP: TARGET FOUND
59171ms
