1|579.211|579.211
2|579.211|579.211
3|579.211|579.211
4|579.211|579.211
5|579.211|579.211
6|579.211|579.211
7|579.211|579.211
8|579.211|579.211
9|579.211|579.211
10|579.211|579.211
11|579.211|579.211
12|579.211|579.211
13|579.211|579.211
14|579.211|579.211
15|579.211|579.211
16|579.211|579.211
17|579.211|579.211
18|579.211|579.211
19|579.211|579.211
20|579.211|579.211
21|579.211|579.211
22|579.211|579.211
23|579.211|579.211
24|579.211|579.211
25|579.211|579.211
26|579.211|579.211
27|579.211|579.211
28|579.211|579.211
29|579.211|579.211
30|579.211|579.211
31|579.211|579.211
32|579.211|579.211
33|579.211|579.211
34|579.211|579.211
35|579.211|579.211
36|579.211|579.211
37|579.211|579.211
38|579.211|579.211
39|579.211|579.211
40|579.211|579.211
41|579.211|579.211
42|579.211|579.211
43|579.211|579.211
44|579.211|579.211
45|579.211|579.211
46|579.211|579.211
47|579.211|579.211
48|579.211|579.211
49|579.211|579.211
50|579.211|579.211
51|579.211|579.211
52|579.211|579.211
53|579.211|579.211
54|579.211|579.211
55|579.211|579.211
56|579.211|579.211
57|579.211|579.211
58|579.211|579.211
59|579.211|579.211
60|579.211|579.211
61|579.211|579.211
62|579.211|579.211
63|579.211|579.211
64|579.211|579.211
65|579.211|579.211
66|579.211|579.211
67|579.211|579.211
68|579.211|579.211
69|579.211|579.211
70|579.211|579.211
71|579.211|579.211
72|579.211|579.211
73|579.211|579.211
74|579.211|579.211
75|579.211|579.211
76|579.211|579.211
77|579.211|579.211
78|579.211|579.211
79|579.211|579.211
80|579.211|579.211
81|579.211|579.211
82|579.211|579.211
83|579.211|579.211
84|579.211|579.211
85|579.211|579.211
86|579.211|579.211
87|579.211|579.211
88|579.211|579.211
89|579.211|579.211
90|579.211|579.211
91|579.211|579.211
92|579.211|579.211
93|579.211|579.211
94|579.211|579.211
95|579.211|579.211
96|579.211|579.211
97|579.211|579.211
98|579.211|579.211
99|579.211|579.211
100|579.211|579.211
101|579.211|579.211
102|579.211|579.211
103|579.211|579.211
104|579.211|579.211
105|579.211|579.211
106|579.211|579.211
107|579.211|579.211
108|579.211|579.211
109|579.211|579.211
110|579.211|579.211
111|579.211|579.211
112|579.211|579.211
113|579.211|579.211
114|579.211|579.211
115|579.211|579.211
116|579.211|579.211
117|579.211|579.211
118|579.211|579.211
119|579.211|579.211
120|579.211|579.211
121|579.211|579.211
122|579.211|579.211
123|579.211|579.211
124|579.211|579.211
125|579.211|579.211
126|579.211|579.211
127|579.211|579.211
128|579.211|579.211
129|579.211|579.211
130|579.211|579.211
131|579.211|579.211
132|579.211|579.211
133|579.211|579.211
134|579.211|579.211
135|579.211|579.211
136|579.211|579.211
137|579.211|579.211
138|579.211|579.211
139|579.211|579.211
140|579.211|579.211
141|579.211|579.211
142|579.211|579.211
143|579.211|579.211
144|579.211|579.211
145|579.211|579.211
146|579.211|579.211
147|579.211|579.211
148|579.211|579.211
149|579.211|579.211
150|579.211|579.211
151|579.211|579.211
EARLY STOP: TARGET FOUND
303813ms
