1|16.1697|16.1697
2|16.1697|16.1697
3|16.1697|16.1697
4|16.1697|16.1697
5|16.1697|16.1697
6|16.1697|16.1697
7|16.1697|16.1697
8|16.1697|16.1697
9|16.1697|16.1697
10|16.1697|16.1697
11|16.1697|16.1697
12|16.1697|16.1697
13|16.1697|16.1697
14|16.1697|16.1697
15|16.1697|16.1697
16|16.1697|16.1697
17|16.1697|16.1697
18|16.1697|16.1697
19|16.1697|16.1697
20|16.1697|16.1697
21|16.1697|16.1697
22|16.1697|16.1697
23|16.1697|16.1697
24|16.1697|16.1697
25|16.1697|16.1697
26|16.1697|16.1697
27|16.1697|16.1697
28|16.1697|16.1697
29|16.1697|16.1697
30|16.1697|16.1697
31|16.1697|16.1697
32|16.1697|16.1697
33|16.1697|16.1697
34|16.1697|16.1697
35|16.1697|16.1697
36|16.1697|16.1697
37|16.1697|16.1697
38|16.1697|16.1697
39|16.1697|16.1697
40|16.1697|16.1697
41|16.1697|16.1697
42|16.1697|16.1697
43|16.1697|16.1697
44|16.1697|16.1697
45|16.1697|16.1697
46|16.1697|16.1697
47|16.1697|16.1697
48|16.1697|16.1697
49|16.1697|16.1697
50|16.1697|16.1697
51|16.1697|16.1697
52|16.1697|16.1697
53|16.1697|16.1697
54|16.1697|16.1697
55|16.1697|16.1697
56|16.1697|16.1697
57|16.1697|16.1697
58|16.1697|16.1697
59|16.1697|16.1697
60|16.1697|16.1697
61|16.1697|16.1697
62|16.1697|16.1697
63|16.1697|16.1697
64|16.1697|16.1697
65|16.1697|16.1697
66|16.1697|16.1697
67|16.1697|16.1697
68|16.1697|16.1697
69|16.1697|16.1697
70|16.1697|16.1697
71|16.1697|16.1697
72|16.1697|16.1697
73|16.1697|16.1697
74|16.1697|16.1697
75|16.1697|16.1697
76|16.1697|16.1697
77|16.1697|16.1697
78|16.1697|16.1697
79|16.1697|16.1697
80|16.1697|16.1697
81|16.1697|16.1697
82|16.1697|16.1697
83|16.1697|16.1697
84|16.1697|16.1697
85|16.1697|16.1697
86|16.1697|16.1697
87|16.1697|16.1697
88|16.1697|16.1697
89|16.1697|16.1697
90|16.1697|16.1697
91|16.1697|16.1697
92|16.1697|16.1697
93|16.1697|16.1697
94|16.1697|16.1697
95|16.1697|16.1697
96|16.1697|16.1697
97|16.1697|16.1697
98|16.1697|16.1697
99|16.1697|16.1697
100|16.1697|16.1697
101|16.1697|16.1697
102|16.1697|16.1697
103|16.1697|16.1697
104|16.1697|16.1697
105|16.1697|16.1697
106|16.1697|16.1697
107|16.1697|16.1697
108|16.1697|16.1697
109|16.1697|16.1697
110|16.1697|16.1697
111|16.1697|16.1697
112|16.1697|16.1697
113|16.1697|16.1697
114|16.1697|16.1697
115|16.1697|16.1697
116|16.1697|16.1697
117|16.1697|16.1697
118|16.1697|16.1697
119|16.1697|16.1697
120|16.1697|16.1697
121|16.1697|16.1697
122|16.1697|16.1697
123|16.1697|16.1697
124|16.1697|16.1697
125|16.1697|16.1697
126|16.1697|16.1697
127|16.1697|16.1697
128|16.1697|16.1697
129|16.1697|16.1697
130|16.1697|16.1697
131|16.1697|16.1697
132|16.1697|16.1697
133|16.1697|16.1697
134|16.1697|16.1697
135|16.1697|16.1697
136|16.1697|16.1697
137|16.1697|16.1697
138|16.1697|16.1697
139|16.1697|16.1697
140|16.1697|16.1697
141|16.1697|16.1697
142|16.1697|16.1697
143|16.1697|16.1697
144|16.1697|16.1697
145|16.1697|16.1697
146|16.1697|16.1697
147|16.1697|16.1697
148|16.1697|16.1697
149|16.1697|16.1697
150|16.1697|16.1697
151|16.1697|16.1697
EARLY STOP: TARGET FOUND
62229ms
