1|206.219|206.219
2|206.219|206.219
3|206.219|206.219
4|206.219|206.219
5|206.219|206.219
6|206.219|206.219
7|206.219|206.219
8|206.219|206.219
9|206.219|206.219
10|206.219|206.219
11|206.219|206.219
12|206.219|206.219
13|206.219|206.219
14|206.219|206.219
15|206.219|206.219
16|206.219|206.219
17|206.219|206.219
18|206.219|206.219
19|206.219|206.219
20|206.219|206.219
21|206.219|206.219
22|206.219|206.219
23|206.219|206.219
24|206.219|206.219
25|206.219|206.219
26|206.219|206.219
27|206.219|206.219
28|206.219|206.219
29|206.219|206.219
30|206.219|206.219
31|206.219|206.219
32|206.219|206.219
33|206.219|206.219
34|206.219|206.219
35|206.219|206.219
36|206.219|206.219
37|206.219|206.219
38|206.219|206.219
39|206.219|206.219
40|206.219|206.219
41|206.219|206.219
42|206.219|206.219
43|206.219|206.219
44|206.219|206.219
45|206.219|206.219
46|206.219|206.219
47|206.219|206.219
48|206.219|206.219
49|206.219|206.219
50|206.219|206.219
51|206.219|206.219
52|206.219|206.219
53|206.219|206.219
54|206.219|206.219
55|206.219|206.219
56|206.219|206.219
57|206.219|206.219
58|206.219|206.219
59|206.219|206.219
60|206.219|206.219
61|206.219|206.219
62|206.219|206.219
63|206.219|206.219
64|206.219|206.219
65|206.219|206.219
66|206.219|206.219
67|206.219|206.219
68|206.219|206.219
69|206.219|206.219
70|206.219|206.219
71|206.219|206.219
72|206.219|206.219
73|206.219|206.219
74|206.219|206.219
75|206.219|206.219
76|206.219|206.219
77|206.219|206.219
78|206.219|206.219
79|206.219|206.219
80|206.219|206.219
81|206.219|206.219
82|206.219|206.219
83|206.219|206.219
84|206.219|206.219
85|206.219|206.219
86|206.219|206.219
87|206.219|206.219
88|206.219|206.219
89|206.219|206.219
90|206.219|206.219
91|206.219|206.219
92|206.219|206.219
93|206.219|206.219
94|206.219|206.219
95|206.219|206.219
96|206.219|206.219
97|206.219|206.219
98|206.219|206.219
99|206.219|206.219
100|206.219|206.219
101|206.219|206.219
102|206.219|206.219
103|206.219|206.219
104|206.219|206.219
105|206.219|206.219
106|206.219|206.219
107|206.219|206.219
108|206.219|206.219
109|206.219|206.219
110|206.219|206.219
111|206.219|206.219
112|206.219|206.219
113|206.219|206.219
114|206.219|206.219
115|206.219|206.219
116|206.219|206.219
117|206.219|206.219
118|206.219|206.219
119|206.219|206.219
120|206.219|206.219
121|206.219|206.219
122|206.219|206.219
123|206.219|206.219
124|206.219|206.219
125|206.219|206.219
126|206.219|206.219
127|206.219|206.219
128|206.219|206.219
129|206.219|206.219
130|206.219|206.219
131|206.219|206.219
132|206.219|206.219
133|206.219|206.219
134|206.219|206.219
135|206.219|206.219
136|206.219|206.219
137|206.219|206.219
138|206.219|206.219
139|206.219|206.219
140|206.219|206.219
141|206.219|206.219
142|206.219|206.219
143|206.219|206.219
144|206.219|206.219
145|206.219|206.219
146|206.219|206.219
147|206.219|206.219
148|206.219|206.219
149|206.219|206.219
150|206.219|206.219
151|206.219|206.219
EARLY STOP: TARGET FOUND
1715739ms
