1|-1469.09|-1469.09
2|-1469.09|-1469.09
3|-1469.09|-1469.09
4|-1469.09|-1469.09
5|-1469.09|-1469.09
6|-1469.09|-1469.09
7|-1469.09|-1469.09
8|-1469.09|-1469.09
9|-1469.09|-1469.09
10|-1469.09|-1469.09
11|-1469.09|-1469.09
12|-1469.09|-1469.09
13|-1469.09|-1469.09
14|-1469.09|-1469.09
15|-1469.09|-1469.09
16|-1469.09|-1469.09
17|-1469.09|-1469.09
18|-1469.09|-1469.09
19|-1469.09|-1469.09
20|-1469.09|-1469.09
21|-1469.09|-1469.09
22|-1469.09|-1469.09
23|-1469.09|-1469.09
24|-1469.09|-1469.09
25|-1469.09|-1469.09
26|-1469.09|-1469.09
27|-1469.09|-1469.09
28|-1469.09|-1469.09
29|-1469.09|-1469.09
30|-1469.09|-1469.09
31|-1469.09|-1469.09
32|-1469.09|-1469.09
33|-1469.09|-1469.09
34|-1469.09|-1469.09
35|-1469.09|-1469.09
36|-1469.09|-1469.09
37|-1469.09|-1469.09
38|-1469.09|-1469.09
39|-1469.09|-1469.09
40|-1469.09|-1469.09
41|-1469.09|-1469.09
42|-1469.09|-1469.09
43|-1469.09|-1469.09
44|-1469.09|-1469.09
45|-1469.09|-1469.09
46|-1469.09|-1469.09
47|-1469.09|-1469.09
48|-1469.09|-1469.09
49|-1469.09|-1469.09
50|-1469.09|-1469.09
51|-1469.09|-1469.09
52|-1469.09|-1469.09
53|-1469.09|-1469.09
54|-1469.09|-1469.09
55|-1469.09|-1469.09
56|-1469.09|-1469.09
57|-1469.09|-1469.09
58|-1469.09|-1469.09
59|-1469.09|-1469.09
60|-1469.09|-1469.09
61|-1469.09|-1469.09
62|-1469.09|-1469.09
63|-1469.09|-1469.09
64|-1469.09|-1469.09
65|-1469.09|-1469.09
66|-1469.09|-1469.09
67|-1469.09|-1469.09
68|-1469.09|-1469.09
69|-1469.09|-1469.09
70|-1469.09|-1469.09
71|-1469.09|-1469.09
72|-1469.09|-1469.09
73|-1469.09|-1469.09
74|-1469.09|-1469.09
75|-1469.09|-1469.09
76|-1469.09|-1469.09
77|-1469.09|-1469.09
78|-1469.09|-1469.09
79|-1469.09|-1469.09
80|-1469.09|-1469.09
81|-1469.09|-1469.09
82|-1469.09|-1469.09
83|-1469.09|-1469.09
84|-1469.09|-1469.09
85|-1469.09|-1469.09
86|-1469.09|-1469.09
87|-1469.09|-1469.09
88|-1469.09|-1469.09
89|-1469.09|-1469.09
90|-1469.09|-1469.09
91|-1469.09|-1469.09
92|-1469.09|-1469.09
93|-1469.09|-1469.09
94|-1469.09|-1469.09
95|-1469.09|-1469.09
96|-1469.09|-1469.09
97|-1469.09|-1469.09
98|-1469.09|-1469.09
99|-1469.09|-1469.09
100|-1469.09|-1469.09
101|-1469.09|-1469.09
102|-1469.09|-1469.09
103|-1469.09|-1469.09
104|-1469.09|-1469.09
105|-1469.09|-1469.09
106|-1469.09|-1469.09
107|-1469.09|-1469.09
108|-1469.09|-1469.09
109|-1469.09|-1469.09
110|-1469.09|-1469.09
111|-1469.09|-1469.09
112|-1469.09|-1469.09
113|-1469.09|-1469.09
114|-1469.09|-1469.09
115|-1469.09|-1469.09
116|-1469.09|-1469.09
117|-1469.09|-1469.09
118|-1469.09|-1469.09
119|-1469.09|-1469.09
120|-1469.09|-1469.09
121|-1469.09|-1469.09
122|-1469.09|-1469.09
123|-1469.09|-1469.09
124|-1469.09|-1469.09
125|-1469.09|-1469.09
126|-1469.09|-1469.09
127|-1469.09|-1469.09
128|-1469.09|-1469.09
129|-1469.09|-1469.09
130|-1469.09|-1469.09
131|-1469.09|-1469.09
132|-1469.09|-1469.09
133|-1469.09|-1469.09
134|-1469.09|-1469.09
135|-1469.09|-1469.09
136|-1469.09|-1469.09
137|-1469.09|-1469.09
138|-1469.09|-1469.09
139|-1469.09|-1469.09
140|-1469.09|-1469.09
141|-1469.09|-1469.09
142|-1469.09|-1469.09
143|-1469.09|-1469.09
144|-1469.09|-1469.09
145|-1469.09|-1469.09
146|-1469.09|-1469.09
147|-1469.09|-1469.09
148|-1469.09|-1469.09
149|-1469.09|-1469.09
150|-1469.09|-1469.09
151|-1469.09|-1469.09
EARLY STOP: TARGET FOUND
2532816ms
