1|-3.32922|-3.32922
2|-3.32922|-3.32922
3|-3.32922|-3.32922
4|-3.32922|-3.32922
5|-3.32922|-3.32922
6|-3.32922|-3.32922
7|-3.32922|-3.32922
8|-3.32922|-3.32922
9|-3.32922|-3.32922
10|-3.32922|-3.32922
11|-3.32922|-3.32922
12|-3.32922|-3.32922
13|-3.32922|-3.32922
14|-3.32922|-3.32922
15|-3.32922|-3.32922
16|-3.32922|-3.32922
17|-3.32922|-3.32922
18|-3.32922|-3.32922
19|-3.32922|-3.32922
20|-3.32922|-3.32922
21|-3.32922|-3.32922
22|-3.32922|-3.32922
23|-3.32922|-3.32922
24|-3.32922|-3.32922
25|-3.32922|-3.32922
26|-3.32922|-3.32922
27|-3.32922|-3.32922
28|-3.32922|-3.32922
29|-3.32922|-3.32922
30|-3.32922|-3.32922
31|-3.32922|-3.32922
32|-3.32922|-3.32922
33|-3.32922|-3.32922
34|-3.32922|-3.32922
35|-3.32922|-3.32922
36|-3.32922|-3.32922
37|-3.32922|-3.32922
38|-3.32922|-3.32922
39|-3.32922|-3.32922
40|-3.32922|-3.32922
41|-3.32922|-3.32922
42|-3.32922|-3.32922
43|-3.32922|-3.32922
44|-3.32922|-3.32922
45|-3.32922|-3.32922
46|-3.32922|-3.32922
47|-3.32922|-3.32922
48|-3.32922|-3.32922
49|-3.32922|-3.32922
50|-3.32922|-3.32922
51|-3.32922|-3.32922
52|-3.32922|-3.32922
53|-3.32922|-3.32922
54|-3.32922|-3.32922
55|-3.32922|-3.32922
56|-3.32922|-3.32922
57|-3.32922|-3.32922
58|-3.32922|-3.32922
59|-3.32922|-3.32922
60|-3.32922|-3.32922
61|-3.32922|-3.32922
62|-3.32922|-3.32922
63|-3.32922|-3.32922
64|-3.32922|-3.32922
65|-3.32922|-3.32922
66|-3.32922|-3.32922
67|-3.32922|-3.32922
68|-3.32922|-3.32922
69|-3.32922|-3.32922
70|-3.32922|-3.32922
71|-3.32922|-3.32922
72|-3.32922|-3.32922
73|-3.32922|-3.32922
74|-3.32922|-3.32922
75|-3.32922|-3.32922
76|-3.32922|-3.32922
77|-3.32922|-3.32922
78|-3.32922|-3.32922
79|-3.32922|-3.32922
80|-3.32922|-3.32922
81|-3.32922|-3.32922
82|-3.32922|-3.32922
83|-3.32922|-3.32922
84|-3.32922|-3.32922
85|-3.32922|-3.32922
86|-3.32922|-3.32922
87|-3.32922|-3.32922
88|-3.32922|-3.32922
89|-3.32922|-3.32922
90|-3.32922|-3.32922
91|-3.32922|-3.32922
92|-3.32922|-3.32922
93|-3.32922|-3.32922
94|-3.32922|-3.32922
95|-3.32922|-3.32922
96|-3.32922|-3.32922
97|-3.32922|-3.32922
98|-3.32922|-3.32922
99|-3.32922|-3.32922
100|-3.32922|-3.32922
101|-3.32922|-3.32922
102|-3.32922|-3.32922
103|-3.32922|-3.32922
104|-3.32922|-3.32922
105|-3.32922|-3.32922
106|-3.32922|-3.32922
107|-3.32922|-3.32922
108|-3.32922|-3.32922
109|-3.32922|-3.32922
110|-3.32922|-3.32922
111|-3.32922|-3.32922
112|-3.32922|-3.32922
113|-3.32922|-3.32922
114|-3.32922|-3.32922
115|-3.32922|-3.32922
116|-3.32922|-3.32922
117|-3.32922|-3.32922
118|-3.32922|-3.32922
119|-3.32922|-3.32922
120|-3.32922|-3.32922
121|-3.32922|-3.32922
122|-3.32922|-3.32922
123|-3.32922|-3.32922
124|-3.32922|-3.32922
125|-3.32922|-3.32922
126|-3.32922|-3.32922
127|-3.32922|-3.32922
128|-3.32922|-3.32922
129|-3.32922|-3.32922
130|-3.32922|-3.32922
131|-3.32922|-3.32922
132|-3.32922|-3.32922
133|-3.32922|-3.32922
134|-3.32922|-3.32922
135|-3.32922|-3.32922
136|-3.32922|-3.32922
137|-3.32922|-3.32922
138|-3.32922|-3.32922
139|-3.32922|-3.32922
140|-3.32922|-3.32922
141|-3.32922|-3.32922
142|-3.32922|-3.32922
143|-3.32922|-3.32922
144|-3.32922|-3.32922
145|-3.32922|-3.32922
146|-3.32922|-3.32922
147|-3.32922|-3.32922
148|-3.32922|-3.32922
149|-3.32922|-3.32922
150|-3.32922|-3.32922
151|-3.32922|-3.32922
EARLY STOP: TARGET FOUND
1731099ms
