1|-8.82448|-8.82448
2|-8.82448|-8.82448
3|-8.82448|-8.82448
4|-8.82448|-8.82448
5|-8.82448|-8.82448
6|-8.82448|-8.82448
7|-8.82448|-8.82448
8|-8.82448|-8.82448
9|-8.82448|-8.82448
10|-8.82448|-8.82448
11|-8.82448|-8.82448
12|-8.82448|-8.82448
13|-8.82448|-8.82448
14|-8.82448|-8.82448
15|-8.82448|-8.82448
16|-8.82448|-8.82448
17|-8.82448|-8.82448
18|-8.82448|-8.82448
19|-8.82448|-8.82448
20|-8.82448|-8.82448
21|-8.82448|-8.82448
22|-8.82448|-8.82448
23|-8.82448|-8.82448
24|-8.82448|-8.82448
25|-8.82448|-8.82448
26|-8.82448|-8.82448
27|-8.82448|-8.82448
28|-8.82448|-8.82448
29|-8.82448|-8.82448
30|-8.82448|-8.82448
31|-8.82448|-8.82448
32|-8.82448|-8.82448
33|-8.82448|-8.82448
34|-8.82448|-8.82448
35|-8.82448|-8.82448
36|-8.82448|-8.82448
37|-8.82448|-8.82448
38|-8.82448|-8.82448
39|-8.82448|-8.82448
40|-8.82448|-8.82448
41|-8.82448|-8.82448
42|-8.82448|-8.82448
43|-8.82448|-8.82448
44|-8.82448|-8.82448
45|-8.82448|-8.82448
46|-8.82448|-8.82448
47|-8.82448|-8.82448
48|-8.82448|-8.82448
49|-8.82448|-8.82448
50|-8.82448|-8.82448
51|-8.82448|-8.82448
52|-8.82448|-8.82448
53|-8.82448|-8.82448
54|-8.82448|-8.82448
55|-8.82448|-8.82448
56|-8.82448|-8.82448
57|-8.82448|-8.82448
58|-8.82448|-8.82448
59|-8.82448|-8.82448
60|-8.82448|-8.82448
61|-8.82448|-8.82448
62|-8.82448|-8.82448
63|-8.82448|-8.82448
64|-8.82448|-8.82448
65|-8.82448|-8.82448
66|-8.82448|-8.82448
67|-8.82448|-8.82448
68|-8.82448|-8.82448
69|-8.82448|-8.82448
70|-8.82448|-8.82448
71|-8.82448|-8.82448
72|-8.82448|-8.82448
73|-8.82448|-8.82448
74|-8.82448|-8.82448
75|-8.82448|-8.82448
76|-8.82448|-8.82448
77|-8.82448|-8.82448
78|-8.82448|-8.82448
79|-8.82448|-8.82448
80|-8.82448|-8.82448
81|-8.82448|-8.82448
82|-8.82448|-8.82448
83|-8.82448|-8.82448
84|-8.82448|-8.82448
85|-8.82448|-8.82448
86|-8.82448|-8.82448
87|-8.82448|-8.82448
88|-8.82448|-8.82448
89|-8.82448|-8.82448
90|-8.82448|-8.82448
91|-8.82448|-8.82448
92|-8.82448|-8.82448
93|-8.82448|-8.82448
94|-8.82448|-8.82448
95|-8.82448|-8.82448
96|-8.82448|-8.82448
97|-8.82448|-8.82448
98|-8.82448|-8.82448
99|-8.82448|-8.82448
100|-8.82448|-8.82448
101|-8.82448|-8.82448
102|-8.82448|-8.82448
103|-8.82448|-8.82448
104|-8.82448|-8.82448
105|-8.82448|-8.82448
106|-8.82448|-8.82448
107|-8.82448|-8.82448
108|-8.82448|-8.82448
109|-8.82448|-8.82448
110|-8.82448|-8.82448
111|-8.82448|-8.82448
112|-8.82448|-8.82448
113|-8.82448|-8.82448
114|-8.82448|-8.82448
115|-8.82448|-8.82448
116|-8.82448|-8.82448
117|-8.82448|-8.82448
118|-8.82448|-8.82448
119|-8.82448|-8.82448
120|-8.82448|-8.82448
121|-8.82448|-8.82448
122|-8.82448|-8.82448
123|-8.82448|-8.82448
124|-8.82448|-8.82448
125|-8.82448|-8.82448
126|-8.82448|-8.82448
127|-8.82448|-8.82448
128|-8.82448|-8.82448
129|-8.82448|-8.82448
130|-8.82448|-8.82448
131|-8.82448|-8.82448
132|-8.82448|-8.82448
133|-8.82448|-8.82448
134|-8.82448|-8.82448
135|-8.82448|-8.82448
136|-8.82448|-8.82448
137|-8.82448|-8.82448
138|-8.82448|-8.82448
139|-8.82448|-8.82448
140|-8.82448|-8.82448
141|-8.82448|-8.82448
142|-8.82448|-8.82448
143|-8.82448|-8.82448
144|-8.82448|-8.82448
145|-8.82448|-8.82448
146|-8.82448|-8.82448
147|-8.82448|-8.82448
148|-8.82448|-8.82448
149|-8.82448|-8.82448
150|-8.82448|-8.82448
151|-8.82448|-8.82448
EARLY STOP: TARGET FOUND
2506067ms
