1|531.513|531.513
2|531.513|531.513
3|531.513|531.513
4|531.513|531.513
5|531.513|531.513
6|531.513|531.513
7|531.513|531.513
8|531.513|531.513
9|531.513|531.513
10|531.513|531.513
11|531.513|531.513
12|531.513|531.513
13|531.513|531.513
14|531.513|531.513
15|531.513|531.513
16|531.513|531.513
17|531.513|531.513
18|531.513|531.513
19|531.513|531.513
20|531.513|531.513
21|531.513|531.513
22|531.513|531.513
23|531.513|531.513
24|531.513|531.513
25|531.513|531.513
26|531.513|531.513
27|531.513|531.513
28|531.513|531.513
29|531.513|531.513
30|531.513|531.513
31|531.513|531.513
32|531.513|531.513
33|531.513|531.513
34|531.513|531.513
35|531.513|531.513
36|531.513|531.513
37|531.513|531.513
38|531.513|531.513
39|531.513|531.513
40|531.513|531.513
41|531.513|531.513
42|531.513|531.513
43|531.513|531.513
44|531.513|531.513
45|531.513|531.513
46|531.513|531.513
47|531.513|531.513
48|531.513|531.513
49|531.513|531.513
50|531.513|531.513
51|531.513|531.513
52|531.513|531.513
53|531.513|531.513
54|531.513|531.513
55|531.513|531.513
56|531.513|531.513
57|531.513|531.513
58|531.513|531.513
59|531.513|531.513
60|531.513|531.513
61|531.513|531.513
62|531.513|531.513
63|531.513|531.513
64|531.513|531.513
65|531.513|531.513
66|531.513|531.513
67|531.513|531.513
68|531.513|531.513
69|531.513|531.513
70|531.513|531.513
71|531.513|531.513
72|531.513|531.513
73|531.513|531.513
74|531.513|531.513
75|531.513|531.513
76|531.513|531.513
77|531.513|531.513
78|531.513|531.513
79|531.513|531.513
80|531.513|531.513
81|531.513|531.513
82|531.513|531.513
83|531.513|531.513
84|531.513|531.513
85|531.513|531.513
86|531.513|531.513
87|531.513|531.513
88|531.513|531.513
89|531.513|531.513
90|531.513|531.513
91|531.513|531.513
92|531.513|531.513
93|531.513|531.513
94|531.513|531.513
95|531.513|531.513
96|531.513|531.513
97|531.513|531.513
98|531.513|531.513
99|531.513|531.513
100|531.513|531.513
101|531.513|531.513
102|531.513|531.513
103|531.513|531.513
104|531.513|531.513
105|531.513|531.513
106|531.513|531.513
107|531.513|531.513
108|531.513|531.513
109|531.513|531.513
110|531.513|531.513
111|531.513|531.513
112|531.513|531.513
113|531.513|531.513
114|531.513|531.513
115|531.513|531.513
116|531.513|531.513
117|531.513|531.513
118|531.513|531.513
119|531.513|531.513
120|531.513|531.513
121|531.513|531.513
122|531.513|531.513
123|531.513|531.513
124|531.513|531.513
125|531.513|531.513
126|531.513|531.513
127|531.513|531.513
128|531.513|531.513
129|531.513|531.513
130|531.513|531.513
131|531.513|531.513
132|531.513|531.513
133|531.513|531.513
134|531.513|531.513
135|531.513|531.513
136|531.513|531.513
137|531.513|531.513
138|531.513|531.513
139|531.513|531.513
140|531.513|531.513
141|531.513|531.513
142|531.513|531.513
143|531.513|531.513
144|531.513|531.513
145|531.513|531.513
146|531.513|531.513
147|531.513|531.513
148|531.513|531.513
149|531.513|531.513
150|531.513|531.513
151|531.513|531.513
EARLY STOP: TARGET FOUND
1726707ms
