1|-0.085527|-0.085527
2|-0.085527|-0.085527
3|-0.085527|-0.085527
4|-0.085527|-0.085527
5|-0.085527|-0.085527
6|-0.085527|-0.085527
7|-0.085527|-0.085527
8|-0.085527|-0.085527
9|-0.085527|-0.085527
10|-0.085527|-0.085527
11|-0.085527|-0.085527
12|-0.085527|-0.085527
13|-0.085527|-0.085527
14|-0.085527|-0.085527
15|-0.085527|-0.085527
16|-0.085527|-0.085527
17|-0.085527|-0.085527
18|-0.085527|-0.085527
19|-0.085527|-0.085527
20|-0.085527|-0.085527
21|-0.085527|-0.085527
22|-0.085527|-0.085527
23|-0.085527|-0.085527
24|-0.085527|-0.085527
25|-0.085527|-0.085527
26|-0.085527|-0.085527
27|-0.085527|-0.085527
28|-0.085527|-0.085527
29|-0.085527|-0.085527
30|-0.085527|-0.085527
31|-0.085527|-0.085527
32|-0.085527|-0.085527
33|-0.085527|-0.085527
34|-0.085527|-0.085527
35|-0.085527|-0.085527
36|-0.085527|-0.085527
37|-0.085527|-0.085527
38|-0.085527|-0.085527
39|-0.085527|-0.085527
40|-0.085527|-0.085527
41|-0.085527|-0.085527
42|-0.085527|-0.085527
43|-0.085527|-0.085527
44|-0.085527|-0.085527
45|-0.085527|-0.085527
46|-0.085527|-0.085527
47|-0.085527|-0.085527
48|-0.085527|-0.085527
49|-0.085527|-0.085527
50|-0.085527|-0.085527
51|-0.085527|-0.085527
52|-0.085527|-0.085527
53|-0.085527|-0.085527
54|-0.085527|-0.085527
55|-0.085527|-0.085527
56|-0.085527|-0.085527
57|-0.085527|-0.085527
58|-0.085527|-0.085527
59|-0.085527|-0.085527
60|-0.085527|-0.085527
61|-0.085527|-0.085527
62|-0.085527|-0.085527
63|-0.085527|-0.085527
64|-0.085527|-0.085527
65|-0.085527|-0.085527
66|-0.085527|-0.085527
67|-0.085527|-0.085527
68|-0.085527|-0.085527
69|-0.085527|-0.085527
70|-0.085527|-0.085527
71|-0.085527|-0.085527
72|-0.085527|-0.085527
73|-0.085527|-0.085527
74|-0.085527|-0.085527
75|-0.085527|-0.085527
76|-0.085527|-0.085527
77|-0.085527|-0.085527
78|-0.085527|-0.085527
79|-0.085527|-0.085527
80|-0.085527|-0.085527
81|-0.085527|-0.085527
82|-0.085527|-0.085527
83|-0.085527|-0.085527
84|-0.085527|-0.085527
85|-0.085527|-0.085527
86|-0.085527|-0.085527
87|-0.085527|-0.085527
88|-0.085527|-0.085527
89|-0.085527|-0.085527
90|-0.085527|-0.085527
91|-0.085527|-0.085527
92|-0.085527|-0.085527
93|-0.085527|-0.085527
94|-0.085527|-0.085527
95|-0.085527|-0.085527
96|-0.085527|-0.085527
97|-0.085527|-0.085527
98|-0.085527|-0.085527
99|-0.085527|-0.085527
100|-0.085527|-0.085527
101|-0.085527|-0.085527
102|-0.085527|-0.085527
103|-0.085527|-0.085527
104|-0.085527|-0.085527
105|-0.085527|-0.085527
106|-0.085527|-0.085527
107|-0.085527|-0.085527
108|-0.085527|-0.085527
109|-0.085527|-0.085527
110|-0.085527|-0.085527
111|-0.085527|-0.085527
112|-0.085527|-0.085527
113|-0.085527|-0.085527
114|-0.085527|-0.085527
115|-0.085527|-0.085527
116|-0.085527|-0.085527
117|-0.085527|-0.085527
118|-0.085527|-0.085527
119|-0.085527|-0.085527
120|-0.085527|-0.085527
121|-0.085527|-0.085527
122|-0.085527|-0.085527
123|-0.085527|-0.085527
124|-0.085527|-0.085527
125|-0.085527|-0.085527
126|-0.085527|-0.085527
127|-0.085527|-0.085527
128|-0.085527|-0.085527
129|-0.085527|-0.085527
130|-0.085527|-0.085527
131|-0.085527|-0.085527
132|-0.085527|-0.085527
133|-0.085527|-0.085527
134|-0.085527|-0.085527
135|-0.085527|-0.085527
136|-0.085527|-0.085527
137|-0.085527|-0.085527
138|-0.085527|-0.085527
139|-0.085527|-0.085527
140|-0.085527|-0.085527
141|-0.085527|-0.085527
142|-0.085527|-0.085527
143|-0.085527|-0.085527
144|-0.085527|-0.085527
145|-0.085527|-0.085527
146|-0.085527|-0.085527
147|-0.085527|-0.085527
148|-0.085527|-0.085527
149|-0.085527|-0.085527
150|-0.085527|-0.085527
151|-0.085527|-0.085527
EARLY STOP: TARGET FOUND
207813ms
