1|-0.998724|-0.998724
2|-0.998724|-0.998724
3|-0.998724|-0.998724
4|-0.998724|-0.998724
5|-0.998724|-0.998724
6|-0.998724|-0.998724
7|-0.998724|-0.998724
8|-0.998724|-0.998724
9|-0.998724|-0.998724
10|-0.998724|-0.998724
11|-0.998724|-0.998724
12|-0.998724|-0.998724
13|-0.998724|-0.998724
14|-0.998724|-0.998724
15|-0.998724|-0.998724
16|-0.998724|-0.998724
17|-0.998724|-0.998724
18|-0.998724|-0.998724
19|-0.998724|-0.998724
20|-0.998724|-0.998724
21|-0.998724|-0.998724
22|-0.998724|-0.998724
23|-0.998724|-0.998724
24|-0.998724|-0.998724
25|-0.998724|-0.998724
26|-0.998724|-0.998724
27|-0.998724|-0.998724
28|-0.998724|-0.998724
29|-0.998724|-0.998724
30|-0.998724|-0.998724
31|-0.998724|-0.998724
32|-0.998724|-0.998724
33|-0.998724|-0.998724
34|-0.998724|-0.998724
35|-0.998724|-0.998724
36|-0.998724|-0.998724
37|-0.998724|-0.998724
38|-0.998724|-0.998724
39|-0.998724|-0.998724
40|-0.998724|-0.998724
41|-0.998724|-0.998724
42|-0.998724|-0.998724
43|-0.998724|-0.998724
44|-0.998724|-0.998724
45|-0.998724|-0.998724
46|-0.998724|-0.998724
47|-0.998724|-0.998724
48|-0.998724|-0.998724
49|-0.998724|-0.998724
50|-0.998724|-0.998724
51|-0.998724|-0.998724
52|-0.998724|-0.998724
53|-0.998724|-0.998724
54|-0.998724|-0.998724
55|-0.998724|-0.998724
56|-0.998724|-0.998724
57|-0.998724|-0.998724
58|-0.998724|-0.998724
59|-0.998724|-0.998724
60|-0.998724|-0.998724
61|-0.998724|-0.998724
62|-0.998724|-0.998724
63|-0.998724|-0.998724
64|-0.998724|-0.998724
65|-0.998724|-0.998724
66|-0.998724|-0.998724
67|-0.998724|-0.998724
68|-0.998724|-0.998724
69|-0.998724|-0.998724
70|-0.998724|-0.998724
71|-0.998724|-0.998724
72|-0.998724|-0.998724
73|-0.998724|-0.998724
74|-0.998724|-0.998724
75|-0.998724|-0.998724
76|-0.998724|-0.998724
77|-0.998724|-0.998724
78|-0.998724|-0.998724
79|-0.998724|-0.998724
80|-0.998724|-0.998724
81|-0.998724|-0.998724
82|-0.998724|-0.998724
83|-0.998724|-0.998724
84|-0.998724|-0.998724
85|-0.998724|-0.998724
86|-0.998724|-0.998724
87|-0.998724|-0.998724
88|-0.998724|-0.998724
89|-0.998724|-0.998724
90|-0.998724|-0.998724
91|-0.998724|-0.998724
92|-0.998724|-0.998724
93|-0.998724|-0.998724
94|-0.998724|-0.998724
95|-0.998724|-0.998724
96|-0.998724|-0.998724
97|-0.998724|-0.998724
98|-0.998724|-0.998724
99|-0.998724|-0.998724
100|-0.998724|-0.998724
101|-0.998724|-0.998724
102|-0.998724|-0.998724
103|-0.998724|-0.998724
104|-0.998724|-0.998724
105|-0.998724|-0.998724
106|-0.998724|-0.998724
107|-0.998724|-0.998724
108|-0.998724|-0.998724
109|-0.998724|-0.998724
110|-0.998724|-0.998724
111|-0.998724|-0.998724
112|-0.998724|-0.998724
113|-0.998724|-0.998724
114|-0.998724|-0.998724
115|-0.998724|-0.998724
116|-0.998724|-0.998724
117|-0.998724|-0.998724
118|-0.998724|-0.998724
119|-0.998724|-0.998724
120|-0.998724|-0.998724
121|-0.998724|-0.998724
122|-0.998724|-0.998724
123|-0.998724|-0.998724
124|-0.998724|-0.998724
125|-0.998724|-0.998724
126|-0.998724|-0.998724
127|-0.998724|-0.998724
128|-0.998724|-0.998724
129|-0.998724|-0.998724
130|-0.998724|-0.998724
131|-0.998724|-0.998724
132|-0.998724|-0.998724
133|-0.998724|-0.998724
134|-0.998724|-0.998724
135|-0.998724|-0.998724
136|-0.998724|-0.998724
137|-0.998724|-0.998724
138|-0.998724|-0.998724
139|-0.998724|-0.998724
140|-0.998724|-0.998724
141|-0.998724|-0.998724
142|-0.998724|-0.998724
143|-0.998724|-0.998724
144|-0.998724|-0.998724
145|-0.998724|-0.998724
146|-0.998724|-0.998724
147|-0.998724|-0.998724
148|-0.998724|-0.998724
149|-0.998724|-0.998724
150|-0.998724|-0.998724
151|-0.998724|-0.998724
EARLY STOP: TARGET FOUND
206976ms
