1|40.9672|40.9672
2|40.9672|40.9672
3|40.9672|40.9672
4|40.9672|40.9672
5|40.9672|40.9672
6|40.9672|40.9672
7|40.9672|40.9672
8|40.9672|40.9672
9|40.9672|40.9672
10|40.9672|40.9672
11|40.9672|40.9672
12|40.9672|40.9672
13|40.9672|40.9672
14|40.9672|40.9672
15|40.9672|40.9672
16|40.9672|40.9672
17|40.9672|40.9672
18|40.9672|40.9672
19|40.9672|40.9672
20|40.9672|40.9672
21|40.9672|40.9672
22|40.9672|40.9672
23|40.9672|40.9672
24|40.9672|40.9672
25|40.9672|40.9672
26|40.9672|40.9672
27|40.9672|40.9672
28|40.9672|40.9672
29|40.9672|40.9672
30|40.9672|40.9672
31|40.9672|40.9672
32|40.9672|40.9672
33|40.9672|40.9672
34|40.9672|40.9672
35|40.9672|40.9672
36|40.9672|40.9672
37|40.9672|40.9672
38|40.9672|40.9672
39|40.9672|40.9672
40|40.9672|40.9672
41|40.9672|40.9672
42|40.9672|40.9672
43|40.9672|40.9672
44|40.9672|40.9672
45|40.9672|40.9672
46|40.9672|40.9672
47|40.9672|40.9672
48|40.9672|40.9672
49|40.9672|40.9672
50|40.9672|40.9672
51|40.9672|40.9672
52|40.9672|40.9672
53|40.9672|40.9672
54|40.9672|40.9672
55|40.9672|40.9672
56|40.9672|40.9672
57|40.9672|40.9672
58|40.9672|40.9672
59|40.9672|40.9672
60|40.9672|40.9672
61|40.9672|40.9672
62|40.9672|40.9672
63|40.9672|40.9672
64|40.9672|40.9672
65|40.9672|40.9672
66|40.9672|40.9672
67|40.9672|40.9672
68|40.9672|40.9672
69|40.9672|40.9672
70|40.9672|40.9672
71|40.9672|40.9672
72|40.9672|40.9672
73|40.9672|40.9672
74|40.9672|40.9672
75|40.9672|40.9672
76|40.9672|40.9672
77|40.9672|40.9672
78|40.9672|40.9672
79|40.9672|40.9672
80|40.9672|40.9672
81|40.9672|40.9672
82|40.9672|40.9672
83|40.9672|40.9672
84|40.9672|40.9672
85|40.9672|40.9672
86|40.9672|40.9672
87|40.9672|40.9672
88|40.9672|40.9672
89|40.9672|40.9672
90|40.9672|40.9672
91|40.9672|40.9672
92|40.9672|40.9672
93|40.9672|40.9672
94|40.9672|40.9672
95|40.9672|40.9672
96|40.9672|40.9672
97|40.9672|40.9672
98|40.9672|40.9672
99|40.9672|40.9672
100|40.9672|40.9672
101|40.9672|40.9672
102|40.9672|40.9672
103|40.9672|40.9672
104|40.9672|40.9672
105|40.9672|40.9672
106|40.9672|40.9672
107|40.9672|40.9672
108|40.9672|40.9672
109|40.9672|40.9672
110|40.9672|40.9672
111|40.9672|40.9672
112|40.9672|40.9672
113|40.9672|40.9672
114|40.9672|40.9672
115|40.9672|40.9672
116|40.9672|40.9672
117|40.9672|40.9672
118|40.9672|40.9672
119|40.9672|40.9672
120|40.9672|40.9672
121|40.9672|40.9672
122|40.9672|40.9672
123|40.9672|40.9672
124|40.9672|40.9672
125|40.9672|40.9672
126|40.9672|40.9672
127|40.9672|40.9672
128|40.9672|40.9672
129|40.9672|40.9672
130|40.9672|40.9672
131|40.9672|40.9672
132|40.9672|40.9672
133|40.9672|40.9672
134|40.9672|40.9672
135|40.9672|40.9672
136|40.9672|40.9672
137|40.9672|40.9672
138|40.9672|40.9672
139|40.9672|40.9672
140|40.9672|40.9672
141|40.9672|40.9672
142|40.9672|40.9672
143|40.9672|40.9672
144|40.9672|40.9672
145|40.9672|40.9672
146|40.9672|40.9672
147|40.9672|40.9672
148|40.9672|40.9672
149|40.9672|40.9672
150|40.9672|40.9672
151|40.9672|40.9672
EARLY STOP: TARGET FOUND
207120ms
