1|167.804|167.804
2|167.804|167.804
3|167.804|167.804
4|167.804|167.804
5|167.804|167.804
6|167.804|167.804
7|167.804|167.804
8|167.804|167.804
9|167.804|167.804
10|167.804|167.804
11|167.804|167.804
12|167.804|167.804
13|167.804|167.804
14|167.804|167.804
15|167.804|167.804
16|167.804|167.804
17|167.804|167.804
18|167.804|167.804
19|167.804|167.804
20|167.804|167.804
21|167.804|167.804
22|167.804|167.804
23|167.804|167.804
24|167.804|167.804
25|167.804|167.804
26|167.804|167.804
27|167.804|167.804
28|167.804|167.804
29|167.804|167.804
30|167.804|167.804
31|167.804|167.804
32|167.804|167.804
33|167.804|167.804
34|167.804|167.804
35|167.804|167.804
36|167.804|167.804
37|167.804|167.804
38|167.804|167.804
39|167.804|167.804
40|167.804|167.804
41|167.804|167.804
42|167.804|167.804
43|167.804|167.804
44|167.804|167.804
45|167.804|167.804
46|167.804|167.804
47|167.804|167.804
48|167.804|167.804
49|167.804|167.804
50|167.804|167.804
51|167.804|167.804
52|167.804|167.804
53|167.804|167.804
54|167.804|167.804
55|167.804|167.804
56|167.804|167.804
57|167.804|167.804
58|167.804|167.804
59|167.804|167.804
60|167.804|167.804
61|167.804|167.804
62|167.804|167.804
63|167.804|167.804
64|167.804|167.804
65|167.804|167.804
66|167.804|167.804
67|167.804|167.804
68|167.804|167.804
69|167.804|167.804
70|167.804|167.804
71|167.804|167.804
72|167.804|167.804
73|167.804|167.804
74|167.804|167.804
75|167.804|167.804
76|167.804|167.804
77|167.804|167.804
78|167.804|167.804
79|167.804|167.804
80|167.804|167.804
81|167.804|167.804
82|167.804|167.804
83|167.804|167.804
84|167.804|167.804
85|167.804|167.804
86|167.804|167.804
87|167.804|167.804
88|167.804|167.804
89|167.804|167.804
90|167.804|167.804
91|167.804|167.804
92|167.804|167.804
93|167.804|167.804
94|167.804|167.804
95|167.804|167.804
96|167.804|167.804
97|167.804|167.804
98|167.804|167.804
99|167.804|167.804
100|167.804|167.804
101|167.804|167.804
102|167.804|167.804
103|167.804|167.804
104|167.804|167.804
105|167.804|167.804
106|167.804|167.804
107|167.804|167.804
108|167.804|167.804
109|167.804|167.804
110|167.804|167.804
111|167.804|167.804
112|167.804|167.804
113|167.804|167.804
114|167.804|167.804
115|167.804|167.804
116|167.804|167.804
117|167.804|167.804
118|167.804|167.804
119|167.804|167.804
120|167.804|167.804
121|167.804|167.804
122|167.804|167.804
123|167.804|167.804
124|167.804|167.804
125|167.804|167.804
126|167.804|167.804
127|167.804|167.804
128|167.804|167.804
129|167.804|167.804
130|167.804|167.804
131|167.804|167.804
132|167.804|167.804
133|167.804|167.804
134|167.804|167.804
135|167.804|167.804
136|167.804|167.804
137|167.804|167.804
138|167.804|167.804
139|167.804|167.804
140|167.804|167.804
141|167.804|167.804
142|167.804|167.804
143|167.804|167.804
144|167.804|167.804
145|167.804|167.804
146|167.804|167.804
147|167.804|167.804
148|167.804|167.804
149|167.804|167.804
150|167.804|167.804
151|167.804|167.804
EARLY STOP: TARGET FOUND
214670ms
