1|492.582|492.582
2|492.582|492.582
3|492.582|492.582
4|492.582|492.582
5|492.582|492.582
6|492.582|492.582
7|492.582|492.582
8|492.582|492.582
9|492.582|492.582
10|492.582|492.582
11|492.582|492.582
12|492.582|492.582
13|492.582|492.582
14|492.582|492.582
15|492.582|492.582
16|492.582|492.582
17|492.582|492.582
18|492.582|492.582
19|492.582|492.582
20|492.582|492.582
21|492.582|492.582
22|492.582|492.582
23|492.582|492.582
24|492.582|492.582
25|492.582|492.582
26|492.582|492.582
27|492.582|492.582
28|492.582|492.582
29|492.582|492.582
30|492.582|492.582
31|492.582|492.582
32|492.582|492.582
33|492.582|492.582
34|492.582|492.582
35|492.582|492.582
36|492.582|492.582
37|492.582|492.582
38|492.582|492.582
39|492.582|492.582
40|492.582|492.582
41|492.582|492.582
42|492.582|492.582
43|492.582|492.582
44|492.582|492.582
45|492.582|492.582
46|492.582|492.582
47|492.582|492.582
48|492.582|492.582
49|492.582|492.582
50|492.582|492.582
51|492.582|492.582
52|492.582|492.582
53|492.582|492.582
54|492.582|492.582
55|492.582|492.582
56|492.582|492.582
57|492.582|492.582
58|492.582|492.582
59|492.582|492.582
60|492.582|492.582
61|492.582|492.582
62|492.582|492.582
63|492.582|492.582
64|492.582|492.582
65|492.582|492.582
66|492.582|492.582
67|492.582|492.582
68|492.582|492.582
69|492.582|492.582
70|492.582|492.582
71|492.582|492.582
72|492.582|492.582
73|492.582|492.582
74|492.582|492.582
75|492.582|492.582
76|492.582|492.582
77|492.582|492.582
78|492.582|492.582
79|492.582|492.582
80|492.582|492.582
81|492.582|492.582
82|492.582|492.582
83|492.582|492.582
84|492.582|492.582
85|492.582|492.582
86|492.582|492.582
87|492.582|492.582
88|492.582|492.582
89|492.582|492.582
90|492.582|492.582
91|492.582|492.582
92|492.582|492.582
93|492.582|492.582
94|492.582|492.582
95|492.582|492.582
96|492.582|492.582
97|492.582|492.582
98|492.582|492.582
99|492.582|492.582
100|492.582|492.582
101|492.582|492.582
102|492.582|492.582
103|492.582|492.582
104|492.582|492.582
105|492.582|492.582
106|492.582|492.582
107|492.582|492.582
108|492.582|492.582
109|492.582|492.582
110|492.582|492.582
111|492.582|492.582
112|492.582|492.582
113|492.582|492.582
114|492.582|492.582
115|492.582|492.582
116|492.582|492.582
117|492.582|492.582
118|492.582|492.582
119|492.582|492.582
120|492.582|492.582
121|492.582|492.582
122|492.582|492.582
123|492.582|492.582
124|492.582|492.582
125|492.582|492.582
126|492.582|492.582
127|492.582|492.582
128|492.582|492.582
129|492.582|492.582
130|492.582|492.582
131|492.582|492.582
132|492.582|492.582
133|492.582|492.582
134|492.582|492.582
135|492.582|492.582
136|492.582|492.582
137|492.582|492.582
138|492.582|492.582
139|492.582|492.582
140|492.582|492.582
141|492.582|492.582
142|492.582|492.582
143|492.582|492.582
144|492.582|492.582
145|492.582|492.582
146|492.582|492.582
147|492.582|492.582
148|492.582|492.582
149|492.582|492.582
150|492.582|492.582
151|492.582|492.582
EARLY STOP: TARGET FOUND
1724052ms
