1|250.385|250.385
2|250.385|250.385
3|250.385|250.385
4|250.385|250.385
5|250.385|250.385
6|250.385|250.385
7|250.385|250.385
8|250.385|250.385
9|250.385|250.385
10|250.385|250.385
11|250.385|250.385
12|250.385|250.385
13|250.385|250.385
14|250.385|250.385
15|250.385|250.385
16|250.385|250.385
17|250.385|250.385
18|250.385|250.385
19|250.385|250.385
20|250.385|250.385
21|250.385|250.385
22|250.385|250.385
23|250.385|250.385
24|250.385|250.385
25|250.385|250.385
26|250.385|250.385
27|250.385|250.385
28|250.385|250.385
29|250.385|250.385
30|250.385|250.385
31|250.385|250.385
32|250.385|250.385
33|250.385|250.385
34|250.385|250.385
35|250.385|250.385
36|250.385|250.385
37|250.385|250.385
38|250.385|250.385
39|250.385|250.385
40|250.385|250.385
41|250.385|250.385
42|250.385|250.385
43|250.385|250.385
44|250.385|250.385
45|250.385|250.385
46|250.385|250.385
47|250.385|250.385
48|250.385|250.385
49|250.385|250.385
50|250.385|250.385
51|250.385|250.385
52|250.385|250.385
53|250.385|250.385
54|250.385|250.385
55|250.385|250.385
56|250.385|250.385
57|250.385|250.385
58|250.385|250.385
59|250.385|250.385
60|250.385|250.385
61|250.385|250.385
62|250.385|250.385
63|250.385|250.385
64|250.385|250.385
65|250.385|250.385
66|250.385|250.385
67|250.385|250.385
68|250.385|250.385
69|250.385|250.385
70|250.385|250.385
71|250.385|250.385
72|250.385|250.385
73|250.385|250.385
74|250.385|250.385
75|250.385|250.385
76|250.385|250.385
77|250.385|250.385
78|250.385|250.385
79|250.385|250.385
80|250.385|250.385
81|250.385|250.385
82|250.385|250.385
83|250.385|250.385
84|250.385|250.385
85|250.385|250.385
86|250.385|250.385
87|250.385|250.385
88|250.385|250.385
89|250.385|250.385
90|250.385|250.385
91|250.385|250.385
92|250.385|250.385
93|250.385|250.385
94|250.385|250.385
95|250.385|250.385
96|250.385|250.385
97|250.385|250.385
98|250.385|250.385
99|250.385|250.385
100|250.385|250.385
101|250.385|250.385
102|250.385|250.385
103|250.385|250.385
104|250.385|250.385
105|250.385|250.385
106|250.385|250.385
107|250.385|250.385
108|250.385|250.385
109|250.385|250.385
110|250.385|250.385
111|250.385|250.385
112|250.385|250.385
113|250.385|250.385
114|250.385|250.385
115|250.385|250.385
116|250.385|250.385
117|250.385|250.385
118|250.385|250.385
119|250.385|250.385
120|250.385|250.385
121|250.385|250.385
122|250.385|250.385
123|250.385|250.385
124|250.385|250.385
125|250.385|250.385
126|250.385|250.385
127|250.385|250.385
128|250.385|250.385
129|250.385|250.385
130|250.385|250.385
131|250.385|250.385
132|250.385|250.385
133|250.385|250.385
134|250.385|250.385
135|250.385|250.385
136|250.385|250.385
137|250.385|250.385
138|250.385|250.385
139|250.385|250.385
140|250.385|250.385
141|250.385|250.385
142|250.385|250.385
143|250.385|250.385
144|250.385|250.385
145|250.385|250.385
146|250.385|250.385
147|250.385|250.385
148|250.385|250.385
149|250.385|250.385
150|250.385|250.385
151|250.385|250.385
EARLY STOP: TARGET FOUND
1716190ms
