1|-54.9531|-54.9531
2|-54.9531|-54.9531
3|-54.9531|-54.9531
4|-54.9531|-54.9531
5|-54.9531|-54.9531
6|-54.9531|-54.9531
7|-54.9531|-54.9531
8|-54.9531|-54.9531
9|-54.9531|-54.9531
10|-54.9531|-54.9531
11|-54.9531|-54.9531
12|-54.9531|-54.9531
13|-54.9531|-54.9531
14|-54.9531|-54.9531
15|-54.9531|-54.9531
16|-54.9531|-54.9531
17|-54.9531|-54.9531
18|-54.9531|-54.9531
19|-54.9531|-54.9531
20|-54.9531|-54.9531
21|-54.9531|-54.9531
22|-54.9531|-54.9531
23|-54.9531|-54.9531
24|-54.9531|-54.9531
25|-54.9531|-54.9531
26|-54.9531|-54.9531
27|-54.9531|-54.9531
28|-54.9531|-54.9531
29|-54.9531|-54.9531
30|-54.9531|-54.9531
31|-54.9531|-54.9531
32|-54.9531|-54.9531
33|-54.9531|-54.9531
34|-54.9531|-54.9531
35|-54.9531|-54.9531
36|-54.9531|-54.9531
37|-54.9531|-54.9531
38|-54.9531|-54.9531
39|-54.9531|-54.9531
40|-54.9531|-54.9531
41|-54.9531|-54.9531
42|-54.9531|-54.9531
43|-54.9531|-54.9531
44|-54.9531|-54.9531
45|-54.9531|-54.9531
46|-54.9531|-54.9531
47|-54.9531|-54.9531
48|-54.9531|-54.9531
49|-54.9531|-54.9531
50|-54.9531|-54.9531
51|-54.9531|-54.9531
52|-54.9531|-54.9531
53|-54.9531|-54.9531
54|-54.9531|-54.9531
55|-54.9531|-54.9531
56|-54.9531|-54.9531
57|-54.9531|-54.9531
58|-54.9531|-54.9531
59|-54.9531|-54.9531
60|-54.9531|-54.9531
61|-54.9531|-54.9531
62|-54.9531|-54.9531
63|-54.9531|-54.9531
64|-54.9531|-54.9531
65|-54.9531|-54.9531
66|-54.9531|-54.9531
67|-54.9531|-54.9531
68|-54.9531|-54.9531
69|-54.9531|-54.9531
70|-54.9531|-54.9531
71|-54.9531|-54.9531
72|-54.9531|-54.9531
73|-54.9531|-54.9531
74|-54.9531|-54.9531
75|-54.9531|-54.9531
76|-54.9531|-54.9531
77|-54.9531|-54.9531
78|-54.9531|-54.9531
79|-54.9531|-54.9531
80|-54.9531|-54.9531
81|-54.9531|-54.9531
82|-54.9531|-54.9531
83|-54.9531|-54.9531
84|-54.9531|-54.9531
85|-54.9531|-54.9531
86|-54.9531|-54.9531
87|-54.9531|-54.9531
88|-54.9531|-54.9531
89|-54.9531|-54.9531
90|-54.9531|-54.9531
91|-54.9531|-54.9531
92|-54.9531|-54.9531
93|-54.9531|-54.9531
94|-54.9531|-54.9531
95|-54.9531|-54.9531
96|-54.9531|-54.9531
97|-54.9531|-54.9531
98|-54.9531|-54.9531
99|-54.9531|-54.9531
100|-54.9531|-54.9531
101|-54.9531|-54.9531
102|-54.9531|-54.9531
103|-54.9531|-54.9531
104|-54.9531|-54.9531
105|-54.9531|-54.9531
106|-54.9531|-54.9531
107|-54.9531|-54.9531
108|-54.9531|-54.9531
109|-54.9531|-54.9531
110|-54.9531|-54.9531
111|-54.9531|-54.9531
112|-54.9531|-54.9531
113|-54.9531|-54.9531
114|-54.9531|-54.9531
115|-54.9531|-54.9531
116|-54.9531|-54.9531
117|-54.9531|-54.9531
118|-54.9531|-54.9531
119|-54.9531|-54.9531
120|-54.9531|-54.9531
121|-54.9531|-54.9531
122|-54.9531|-54.9531
123|-54.9531|-54.9531
124|-54.9531|-54.9531
125|-54.9531|-54.9531
126|-54.9531|-54.9531
127|-54.9531|-54.9531
128|-54.9531|-54.9531
129|-54.9531|-54.9531
130|-54.9531|-54.9531
131|-54.9531|-54.9531
132|-54.9531|-54.9531
133|-54.9531|-54.9531
134|-54.9531|-54.9531
135|-54.9531|-54.9531
136|-54.9531|-54.9531
137|-54.9531|-54.9531
138|-54.9531|-54.9531
139|-54.9531|-54.9531
140|-54.9531|-54.9531
141|-54.9531|-54.9531
142|-54.9531|-54.9531
143|-54.9531|-54.9531
144|-54.9531|-54.9531
145|-54.9531|-54.9531
146|-54.9531|-54.9531
147|-54.9531|-54.9531
148|-54.9531|-54.9531
149|-54.9531|-54.9531
150|-54.9531|-54.9531
151|-54.9531|-54.9531
EARLY STOP: TARGET FOUND
303575ms
