1|28.8216|28.8216
2|28.8216|28.8216
3|28.8216|28.8216
4|28.8216|28.8216
5|28.8216|28.8216
6|28.8216|28.8216
7|28.8216|28.8216
8|28.8216|28.8216
9|28.8216|28.8216
10|28.8216|28.8216
11|28.8216|28.8216
12|28.8216|28.8216
13|28.8216|28.8216
14|28.8216|28.8216
15|28.8216|28.8216
16|28.8216|28.8216
17|28.8216|28.8216
18|28.8216|28.8216
19|28.8216|28.8216
20|28.8216|28.8216
21|28.8216|28.8216
22|28.8216|28.8216
23|28.8216|28.8216
24|28.8216|28.8216
25|28.8216|28.8216
26|28.8216|28.8216
27|28.8216|28.8216
28|28.8216|28.8216
29|28.8216|28.8216
30|28.8216|28.8216
31|28.8216|28.8216
32|28.8216|28.8216
33|28.8216|28.8216
34|28.8216|28.8216
35|28.8216|28.8216
36|28.8216|28.8216
37|28.8216|28.8216
38|28.8216|28.8216
39|28.8216|28.8216
40|28.8216|28.8216
41|28.8216|28.8216
42|28.8216|28.8216
43|28.8216|28.8216
44|28.8216|28.8216
45|28.8216|28.8216
46|28.8216|28.8216
47|28.8216|28.8216
48|28.8216|28.8216
49|28.8216|28.8216
50|28.8216|28.8216
51|28.8216|28.8216
52|28.8216|28.8216
53|28.8216|28.8216
54|28.8216|28.8216
55|28.8216|28.8216
56|28.8216|28.8216
57|28.8216|28.8216
58|28.8216|28.8216
59|28.8216|28.8216
60|28.8216|28.8216
61|28.8216|28.8216
62|28.8216|28.8216
63|28.8216|28.8216
64|28.8216|28.8216
65|28.8216|28.8216
66|28.8216|28.8216
67|28.8216|28.8216
68|28.8216|28.8216
69|28.8216|28.8216
70|28.8216|28.8216
71|28.8216|28.8216
72|28.8216|28.8216
73|28.8216|28.8216
74|28.8216|28.8216
75|28.8216|28.8216
76|28.8216|28.8216
77|28.8216|28.8216
78|28.8216|28.8216
79|28.8216|28.8216
80|28.8216|28.8216
81|28.8216|28.8216
82|28.8216|28.8216
83|28.8216|28.8216
84|28.8216|28.8216
85|28.8216|28.8216
86|28.8216|28.8216
87|28.8216|28.8216
88|28.8216|28.8216
89|28.8216|28.8216
90|28.8216|28.8216
91|28.8216|28.8216
92|28.8216|28.8216
93|28.8216|28.8216
94|28.8216|28.8216
95|28.8216|28.8216
96|28.8216|28.8216
97|28.8216|28.8216
98|28.8216|28.8216
99|28.8216|28.8216
100|28.8216|28.8216
101|28.8216|28.8216
102|28.8216|28.8216
103|28.8216|28.8216
104|28.8216|28.8216
105|28.8216|28.8216
106|28.8216|28.8216
107|28.8216|28.8216
108|28.8216|28.8216
109|28.8216|28.8216
110|28.8216|28.8216
111|28.8216|28.8216
112|28.8216|28.8216
113|28.8216|28.8216
114|28.8216|28.8216
115|28.8216|28.8216
116|28.8216|28.8216
117|28.8216|28.8216
118|28.8216|28.8216
119|28.8216|28.8216
120|28.8216|28.8216
121|28.8216|28.8216
122|28.8216|28.8216
123|28.8216|28.8216
124|28.8216|28.8216
125|28.8216|28.8216
126|28.8216|28.8216
127|28.8216|28.8216
128|28.8216|28.8216
129|28.8216|28.8216
130|28.8216|28.8216
131|28.8216|28.8216
132|28.8216|28.8216
133|28.8216|28.8216
134|28.8216|28.8216
135|28.8216|28.8216
136|28.8216|28.8216
137|28.8216|28.8216
138|28.8216|28.8216
139|28.8216|28.8216
140|28.8216|28.8216
141|28.8216|28.8216
142|28.8216|28.8216
143|28.8216|28.8216
144|28.8216|28.8216
145|28.8216|28.8216
146|28.8216|28.8216
147|28.8216|28.8216
148|28.8216|28.8216
149|28.8216|28.8216
150|28.8216|28.8216
151|28.8216|28.8216
EARLY STOP: TARGET FOUND
58953ms
