1|-466.765|-466.765
2|-466.765|-466.765
3|-466.765|-466.765
4|-466.765|-466.765
5|-466.765|-466.765
6|-466.765|-466.765
7|-466.765|-466.765
8|-466.765|-466.765
9|-466.765|-466.765
10|-466.765|-466.765
11|-466.765|-466.765
12|-466.765|-466.765
13|-466.765|-466.765
14|-466.765|-466.765
15|-466.765|-466.765
16|-466.765|-466.765
17|-466.765|-466.765
18|-466.765|-466.765
19|-466.765|-466.765
20|-466.765|-466.765
21|-466.765|-466.765
22|-466.765|-466.765
23|-466.765|-466.765
24|-466.765|-466.765
25|-466.765|-466.765
26|-466.765|-466.765
27|-466.765|-466.765
28|-466.765|-466.765
29|-466.765|-466.765
30|-466.765|-466.765
31|-466.765|-466.765
32|-466.765|-466.765
33|-466.765|-466.765
34|-466.765|-466.765
35|-466.765|-466.765
36|-466.765|-466.765
37|-466.765|-466.765
38|-466.765|-466.765
39|-466.765|-466.765
40|-466.765|-466.765
41|-466.765|-466.765
42|-466.765|-466.765
43|-466.765|-466.765
44|-466.765|-466.765
45|-466.765|-466.765
46|-466.765|-466.765
47|-466.765|-466.765
48|-466.765|-466.765
49|-466.765|-466.765
50|-466.765|-466.765
51|-466.765|-466.765
52|-466.765|-466.765
53|-466.765|-466.765
54|-466.765|-466.765
55|-466.765|-466.765
56|-466.765|-466.765
57|-466.765|-466.765
58|-466.765|-466.765
59|-466.765|-466.765
60|-466.765|-466.765
61|-466.765|-466.765
62|-466.765|-466.765
63|-466.765|-466.765
64|-466.765|-466.765
65|-466.765|-466.765
66|-466.765|-466.765
67|-466.765|-466.765
68|-466.765|-466.765
69|-466.765|-466.765
70|-466.765|-466.765
71|-466.765|-466.765
72|-466.765|-466.765
73|-466.765|-466.765
74|-466.765|-466.765
75|-466.765|-466.765
76|-466.765|-466.765
77|-466.765|-466.765
78|-466.765|-466.765
79|-466.765|-466.765
80|-466.765|-466.765
81|-466.765|-466.765
82|-466.765|-466.765
83|-466.765|-466.765
84|-466.765|-466.765
85|-466.765|-466.765
86|-466.765|-466.765
87|-466.765|-466.765
88|-466.765|-466.765
89|-466.765|-466.765
90|-466.765|-466.765
91|-466.765|-466.765
92|-466.765|-466.765
93|-466.765|-466.765
94|-466.765|-466.765
95|-466.765|-466.765
96|-466.765|-466.765
97|-466.765|-466.765
98|-466.765|-466.765
99|-466.765|-466.765
100|-466.765|-466.765
101|-466.765|-466.765
102|-466.765|-466.765
103|-466.765|-466.765
104|-466.765|-466.765
105|-466.765|-466.765
106|-466.765|-466.765
107|-466.765|-466.765
108|-466.765|-466.765
109|-466.765|-466.765
110|-466.765|-466.765
111|-466.765|-466.765
112|-466.765|-466.765
113|-466.765|-466.765
114|-466.765|-466.765
115|-466.765|-466.765
116|-466.765|-466.765
117|-466.765|-466.765
118|-466.765|-466.765
119|-466.765|-466.765
120|-466.765|-466.765
121|-466.765|-466.765
122|-466.765|-466.765
123|-466.765|-466.765
124|-466.765|-466.765
125|-466.765|-466.765
126|-466.765|-466.765
127|-466.765|-466.765
128|-466.765|-466.765
129|-466.765|-466.765
130|-466.765|-466.765
131|-466.765|-466.765
132|-466.765|-466.765
133|-466.765|-466.765
134|-466.765|-466.765
135|-466.765|-466.765
136|-466.765|-466.765
137|-466.765|-466.765
138|-466.765|-466.765
139|-466.765|-466.765
140|-466.765|-466.765
141|-466.765|-466.765
142|-466.765|-466.765
143|-466.765|-466.765
144|-466.765|-466.765
145|-466.765|-466.765
146|-466.765|-466.765
147|-466.765|-466.765
148|-466.765|-466.765
149|-466.765|-466.765
150|-466.765|-466.765
151|-466.765|-466.765
EARLY STOP: TARGET FOUND
84606ms
