1|123.651|123.651
2|123.651|123.651
3|123.651|123.651
4|123.651|123.651
5|123.651|123.651
6|123.651|123.651
7|123.651|123.651
8|123.651|123.651
9|123.651|123.651
10|123.651|123.651
11|123.651|123.651
12|123.651|123.651
13|123.651|123.651
14|123.651|123.651
15|123.651|123.651
16|123.651|123.651
17|123.651|123.651
18|123.651|123.651
19|123.651|123.651
20|123.651|123.651
21|123.651|123.651
22|123.651|123.651
23|123.651|123.651
24|123.651|123.651
25|123.651|123.651
26|123.651|123.651
27|123.651|123.651
28|123.651|123.651
29|123.651|123.651
30|123.651|123.651
31|123.651|123.651
32|123.651|123.651
33|123.651|123.651
34|123.651|123.651
35|123.651|123.651
36|123.651|123.651
37|123.651|123.651
38|123.651|123.651
39|123.651|123.651
40|123.651|123.651
41|123.651|123.651
42|123.651|123.651
43|123.651|123.651
44|123.651|123.651
45|123.651|123.651
46|123.651|123.651
47|123.651|123.651
48|123.651|123.651
49|123.651|123.651
50|123.651|123.651
51|123.651|123.651
52|123.651|123.651
53|123.651|123.651
54|123.651|123.651
55|123.651|123.651
56|123.651|123.651
57|123.651|123.651
58|123.651|123.651
59|123.651|123.651
60|123.651|123.651
61|123.651|123.651
62|123.651|123.651
63|123.651|123.651
64|123.651|123.651
65|123.651|123.651
66|123.651|123.651
67|123.651|123.651
68|123.651|123.651
69|123.651|123.651
70|123.651|123.651
71|123.651|123.651
72|123.651|123.651
73|123.651|123.651
74|123.651|123.651
75|123.651|123.651
76|123.651|123.651
77|123.651|123.651
78|123.651|123.651
79|123.651|123.651
80|123.651|123.651
81|123.651|123.651
82|123.651|123.651
83|123.651|123.651
84|123.651|123.651
85|123.651|123.651
86|123.651|123.651
87|123.651|123.651
88|123.651|123.651
89|123.651|123.651
90|123.651|123.651
91|123.651|123.651
92|123.651|123.651
93|123.651|123.651
94|123.651|123.651
95|123.651|123.651
96|123.651|123.651
97|123.651|123.651
98|123.651|123.651
99|123.651|123.651
100|123.651|123.651
101|123.651|123.651
102|123.651|123.651
103|123.651|123.651
104|123.651|123.651
105|123.651|123.651
106|123.651|123.651
107|123.651|123.651
108|123.651|123.651
109|123.651|123.651
110|123.651|123.651
111|123.651|123.651
112|123.651|123.651
113|123.651|123.651
114|123.651|123.651
115|123.651|123.651
116|123.651|123.651
117|123.651|123.651
118|123.651|123.651
119|123.651|123.651
120|123.651|123.651
121|123.651|123.651
122|123.651|123.651
123|123.651|123.651
124|123.651|123.651
125|123.651|123.651
126|123.651|123.651
127|123.651|123.651
128|123.651|123.651
129|123.651|123.651
130|123.651|123.651
131|123.651|123.651
132|123.651|123.651
133|123.651|123.651
134|123.651|123.651
135|123.651|123.651
136|123.651|123.651
137|123.651|123.651
138|123.651|123.651
139|123.651|123.651
140|123.651|123.651
141|123.651|123.651
142|123.651|123.651
143|123.651|123.651
144|123.651|123.651
145|123.651|123.651
146|123.651|123.651
147|123.651|123.651
148|123.651|123.651
149|123.651|123.651
150|123.651|123.651
151|123.651|123.651
EARLY STOP: TARGET FOUND
59170ms
