1|88.3901|88.3901
2|88.3901|88.3901
3|88.3901|88.3901
4|88.3901|88.3901
5|88.3901|88.3901
6|88.3901|88.3901
7|88.3901|88.3901
8|88.3901|88.3901
9|88.3901|88.3901
10|88.3901|88.3901
11|88.3901|88.3901
12|88.3901|88.3901
13|88.3901|88.3901
14|88.3901|88.3901
15|88.3901|88.3901
16|88.3901|88.3901
17|88.3901|88.3901
18|88.3901|88.3901
19|88.3901|88.3901
20|88.3901|88.3901
21|88.3901|88.3901
22|88.3901|88.3901
23|88.3901|88.3901
24|88.3901|88.3901
25|88.3901|88.3901
26|88.3901|88.3901
27|88.3901|88.3901
28|88.3901|88.3901
29|88.3901|88.3901
30|88.3901|88.3901
31|88.3901|88.3901
32|88.3901|88.3901
33|88.3901|88.3901
34|88.3901|88.3901
35|88.3901|88.3901
36|88.3901|88.3901
37|88.3901|88.3901
38|88.3901|88.3901
39|88.3901|88.3901
40|88.3901|88.3901
41|88.3901|88.3901
42|88.3901|88.3901
43|88.3901|88.3901
44|88.3901|88.3901
45|88.3901|88.3901
46|88.3901|88.3901
47|88.3901|88.3901
48|88.3901|88.3901
49|88.3901|88.3901
50|88.3901|88.3901
51|88.3901|88.3901
52|88.3901|88.3901
53|88.3901|88.3901
54|88.3901|88.3901
55|88.3901|88.3901
56|88.3901|88.3901
57|88.3901|88.3901
58|88.3901|88.3901
59|88.3901|88.3901
60|88.3901|88.3901
61|88.3901|88.3901
62|88.3901|88.3901
63|88.3901|88.3901
64|88.3901|88.3901
65|88.3901|88.3901
66|88.3901|88.3901
67|88.3901|88.3901
68|88.3901|88.3901
69|88.3901|88.3901
70|88.3901|88.3901
71|88.3901|88.3901
72|88.3901|88.3901
73|88.3901|88.3901
74|88.3901|88.3901
75|88.3901|88.3901
76|88.3901|88.3901
77|88.3901|88.3901
78|88.3901|88.3901
79|88.3901|88.3901
80|88.3901|88.3901
81|88.3901|88.3901
82|88.3901|88.3901
83|88.3901|88.3901
84|88.3901|88.3901
85|88.3901|88.3901
86|88.3901|88.3901
87|88.3901|88.3901
88|88.3901|88.3901
89|88.3901|88.3901
90|88.3901|88.3901
91|88.3901|88.3901
92|88.3901|88.3901
93|88.3901|88.3901
94|88.3901|88.3901
95|88.3901|88.3901
96|88.3901|88.3901
97|88.3901|88.3901
98|88.3901|88.3901
99|88.3901|88.3901
100|88.3901|88.3901
101|88.3901|88.3901
102|88.3901|88.3901
103|88.3901|88.3901
104|88.3901|88.3901
105|88.3901|88.3901
106|88.3901|88.3901
107|88.3901|88.3901
108|88.3901|88.3901
109|88.3901|88.3901
110|88.3901|88.3901
111|88.3901|88.3901
112|88.3901|88.3901
113|88.3901|88.3901
114|88.3901|88.3901
115|88.3901|88.3901
116|88.3901|88.3901
117|88.3901|88.3901
118|88.3901|88.3901
119|88.3901|88.3901
120|88.3901|88.3901
121|88.3901|88.3901
122|88.3901|88.3901
123|88.3901|88.3901
124|88.3901|88.3901
125|88.3901|88.3901
126|88.3901|88.3901
127|88.3901|88.3901
128|88.3901|88.3901
129|88.3901|88.3901
130|88.3901|88.3901
131|88.3901|88.3901
132|88.3901|88.3901
133|88.3901|88.3901
134|88.3901|88.3901
135|88.3901|88.3901
136|88.3901|88.3901
137|88.3901|88.3901
138|88.3901|88.3901
139|88.3901|88.3901
140|88.3901|88.3901
141|88.3901|88.3901
142|88.3901|88.3901
143|88.3901|88.3901
144|88.3901|88.3901
145|88.3901|88.3901
146|88.3901|88.3901
147|88.3901|88.3901
148|88.3901|88.3901
149|88.3901|88.3901
150|88.3901|88.3901
151|88.3901|88.3901
EARLY STOP: TARGET FOUND
61163ms
