1|54.8042|54.8042
2|54.8042|54.8042
3|54.8042|54.8042
4|54.8042|54.8042
5|54.8042|54.8042
6|54.8042|54.8042
7|54.8042|54.8042
8|54.8042|54.8042
9|54.8042|54.8042
10|54.8042|54.8042
11|54.8042|54.8042
12|54.8042|54.8042
13|54.8042|54.8042
14|54.8042|54.8042
15|54.8042|54.8042
16|54.8042|54.8042
17|54.8042|54.8042
18|54.8042|54.8042
19|54.8042|54.8042
20|54.8042|54.8042
21|54.8042|54.8042
22|54.8042|54.8042
23|54.8042|54.8042
24|54.8042|54.8042
25|54.8042|54.8042
26|54.8042|54.8042
27|54.8042|54.8042
28|54.8042|54.8042
29|54.8042|54.8042
30|54.8042|54.8042
31|54.8042|54.8042
32|54.8042|54.8042
33|54.8042|54.8042
34|54.8042|54.8042
35|54.8042|54.8042
36|54.8042|54.8042
37|54.8042|54.8042
38|54.8042|54.8042
39|54.8042|54.8042
40|54.8042|54.8042
41|54.8042|54.8042
42|54.8042|54.8042
43|54.8042|54.8042
44|54.8042|54.8042
45|54.8042|54.8042
46|54.8042|54.8042
47|54.8042|54.8042
48|54.8042|54.8042
49|54.8042|54.8042
50|54.8042|54.8042
51|54.8042|54.8042
52|54.8042|54.8042
53|54.8042|54.8042
54|54.8042|54.8042
55|54.8042|54.8042
56|54.8042|54.8042
57|54.8042|54.8042
58|54.8042|54.8042
59|54.8042|54.8042
60|54.8042|54.8042
61|54.8042|54.8042
62|54.8042|54.8042
63|54.8042|54.8042
64|54.8042|54.8042
65|54.8042|54.8042
66|54.8042|54.8042
67|54.8042|54.8042
68|54.8042|54.8042
69|54.8042|54.8042
70|54.8042|54.8042
71|54.8042|54.8042
72|54.8042|54.8042
73|54.8042|54.8042
74|54.8042|54.8042
75|54.8042|54.8042
76|54.8042|54.8042
77|54.8042|54.8042
78|54.8042|54.8042
79|54.8042|54.8042
80|54.8042|54.8042
81|54.8042|54.8042
82|54.8042|54.8042
83|54.8042|54.8042
84|54.8042|54.8042
85|54.8042|54.8042
86|54.8042|54.8042
87|54.8042|54.8042
88|54.8042|54.8042
89|54.8042|54.8042
90|54.8042|54.8042
91|54.8042|54.8042
92|54.8042|54.8042
93|54.8042|54.8042
94|54.8042|54.8042
95|54.8042|54.8042
96|54.8042|54.8042
97|54.8042|54.8042
98|54.8042|54.8042
99|54.8042|54.8042
100|54.8042|54.8042
101|54.8042|54.8042
102|54.8042|54.8042
103|54.8042|54.8042
104|54.8042|54.8042
105|54.8042|54.8042
106|54.8042|54.8042
107|54.8042|54.8042
108|54.8042|54.8042
109|54.8042|54.8042
110|54.8042|54.8042
111|54.8042|54.8042
112|54.8042|54.8042
113|54.8042|54.8042
114|54.8042|54.8042
115|54.8042|54.8042
116|54.8042|54.8042
117|54.8042|54.8042
118|54.8042|54.8042
119|54.8042|54.8042
120|54.8042|54.8042
121|54.8042|54.8042
122|54.8042|54.8042
123|54.8042|54.8042
124|54.8042|54.8042
125|54.8042|54.8042
126|54.8042|54.8042
127|54.8042|54.8042
128|54.8042|54.8042
129|54.8042|54.8042
130|54.8042|54.8042
131|54.8042|54.8042
132|54.8042|54.8042
133|54.8042|54.8042
134|54.8042|54.8042
135|54.8042|54.8042
136|54.8042|54.8042
137|54.8042|54.8042
138|54.8042|54.8042
139|54.8042|54.8042
140|54.8042|54.8042
141|54.8042|54.8042
142|54.8042|54.8042
143|54.8042|54.8042
144|54.8042|54.8042
145|54.8042|54.8042
146|54.8042|54.8042
147|54.8042|54.8042
148|54.8042|54.8042
149|54.8042|54.8042
150|54.8042|54.8042
151|54.8042|54.8042
EARLY STOP: TARGET FOUND
65651ms
