1|-858.362|-858.362
2|-858.362|-858.362
3|-858.362|-858.362
4|-858.362|-858.362
5|-858.362|-858.362
6|-858.362|-858.362
7|-858.362|-858.362
8|-858.362|-858.362
9|-858.362|-858.362
10|-858.362|-858.362
11|-858.362|-858.362
12|-858.362|-858.362
13|-858.362|-858.362
14|-858.362|-858.362
15|-858.362|-858.362
16|-858.362|-858.362
17|-858.362|-858.362
18|-858.362|-858.362
19|-858.362|-858.362
20|-858.362|-858.362
21|-858.362|-858.362
22|-858.362|-858.362
23|-858.362|-858.362
24|-858.362|-858.362
25|-858.362|-858.362
26|-858.362|-858.362
27|-858.362|-858.362
28|-858.362|-858.362
29|-858.362|-858.362
30|-858.362|-858.362
31|-858.362|-858.362
32|-858.362|-858.362
33|-858.362|-858.362
34|-858.362|-858.362
35|-858.362|-858.362
36|-858.362|-858.362
37|-858.362|-858.362
38|-858.362|-858.362
39|-858.362|-858.362
40|-858.362|-858.362
41|-858.362|-858.362
42|-858.362|-858.362
43|-858.362|-858.362
44|-858.362|-858.362
45|-858.362|-858.362
46|-858.362|-858.362
47|-858.362|-858.362
48|-858.362|-858.362
49|-858.362|-858.362
50|-858.362|-858.362
51|-858.362|-858.362
52|-858.362|-858.362
53|-858.362|-858.362
54|-858.362|-858.362
55|-858.362|-858.362
56|-858.362|-858.362
57|-858.362|-858.362
58|-858.362|-858.362
59|-858.362|-858.362
60|-858.362|-858.362
61|-858.362|-858.362
62|-858.362|-858.362
63|-858.362|-858.362
64|-858.362|-858.362
65|-858.362|-858.362
66|-858.362|-858.362
67|-858.362|-858.362
68|-858.362|-858.362
69|-858.362|-858.362
70|-858.362|-858.362
71|-858.362|-858.362
72|-858.362|-858.362
73|-858.362|-858.362
74|-858.362|-858.362
75|-858.362|-858.362
76|-858.362|-858.362
77|-858.362|-858.362
78|-858.362|-858.362
79|-858.362|-858.362
80|-858.362|-858.362
81|-858.362|-858.362
82|-858.362|-858.362
83|-858.362|-858.362
84|-858.362|-858.362
85|-858.362|-858.362
86|-858.362|-858.362
87|-858.362|-858.362
88|-858.362|-858.362
89|-858.362|-858.362
90|-858.362|-858.362
91|-858.362|-858.362
92|-858.362|-858.362
93|-858.362|-858.362
94|-858.362|-858.362
95|-858.362|-858.362
96|-858.362|-858.362
97|-858.362|-858.362
98|-858.362|-858.362
99|-858.362|-858.362
100|-858.362|-858.362
101|-858.362|-858.362
102|-858.362|-858.362
103|-858.362|-858.362
104|-858.362|-858.362
105|-858.362|-858.362
106|-858.362|-858.362
107|-858.362|-858.362
108|-858.362|-858.362
109|-858.362|-858.362
110|-858.362|-858.362
111|-858.362|-858.362
112|-858.362|-858.362
113|-858.362|-858.362
114|-858.362|-858.362
115|-858.362|-858.362
116|-858.362|-858.362
117|-858.362|-858.362
118|-858.362|-858.362
119|-858.362|-858.362
120|-858.362|-858.362
121|-858.362|-858.362
122|-858.362|-858.362
123|-858.362|-858.362
124|-858.362|-858.362
125|-858.362|-858.362
126|-858.362|-858.362
127|-858.362|-858.362
128|-858.362|-858.362
129|-858.362|-858.362
130|-858.362|-858.362
131|-858.362|-858.362
132|-858.362|-858.362
133|-858.362|-858.362
134|-858.362|-858.362
135|-858.362|-858.362
136|-858.362|-858.362
137|-858.362|-858.362
138|-858.362|-858.362
139|-858.362|-858.362
140|-858.362|-858.362
141|-858.362|-858.362
142|-858.362|-858.362
143|-858.362|-858.362
144|-858.362|-858.362
145|-858.362|-858.362
146|-858.362|-858.362
147|-858.362|-858.362
148|-858.362|-858.362
149|-858.362|-858.362
150|-858.362|-858.362
151|-858.362|-858.362
EARLY STOP: TARGET FOUND
2528000ms
