1|-2.10446|-2.10446
2|-2.10446|-2.10446
3|-2.10446|-2.10446
4|-2.10446|-2.10446
5|-2.10446|-2.10446
6|-2.10446|-2.10446
7|-2.10446|-2.10446
8|-2.10446|-2.10446
9|-2.10446|-2.10446
10|-2.10446|-2.10446
11|-2.10446|-2.10446
12|-2.10446|-2.10446
13|-2.10446|-2.10446
14|-2.10446|-2.10446
15|-2.10446|-2.10446
16|-2.10446|-2.10446
17|-2.10446|-2.10446
18|-2.10446|-2.10446
19|-2.10446|-2.10446
20|-2.10446|-2.10446
21|-2.10446|-2.10446
22|-2.10446|-2.10446
23|-2.10446|-2.10446
24|-2.10446|-2.10446
25|-2.10446|-2.10446
26|-2.10446|-2.10446
27|-2.10446|-2.10446
28|-2.10446|-2.10446
29|-2.10446|-2.10446
30|-2.10446|-2.10446
31|-2.10446|-2.10446
32|-2.10446|-2.10446
33|-2.10446|-2.10446
34|-2.10446|-2.10446
35|-2.10446|-2.10446
36|-2.10446|-2.10446
37|-2.10446|-2.10446
38|-2.10446|-2.10446
39|-2.10446|-2.10446
40|-2.10446|-2.10446
41|-2.10446|-2.10446
42|-2.10446|-2.10446
43|-2.10446|-2.10446
44|-2.10446|-2.10446
45|-2.10446|-2.10446
46|-2.10446|-2.10446
47|-2.10446|-2.10446
48|-2.10446|-2.10446
49|-2.10446|-2.10446
50|-2.10446|-2.10446
51|-2.10446|-2.10446
52|-2.10446|-2.10446
53|-2.10446|-2.10446
54|-2.10446|-2.10446
55|-2.10446|-2.10446
56|-2.10446|-2.10446
57|-2.10446|-2.10446
58|-2.10446|-2.10446
59|-2.10446|-2.10446
60|-2.10446|-2.10446
61|-2.10446|-2.10446
62|-2.10446|-2.10446
63|-2.10446|-2.10446
64|-2.10446|-2.10446
65|-2.10446|-2.10446
66|-2.10446|-2.10446
67|-2.10446|-2.10446
68|-2.10446|-2.10446
69|-2.10446|-2.10446
70|-2.10446|-2.10446
71|-2.10446|-2.10446
72|-2.10446|-2.10446
73|-2.10446|-2.10446
74|-2.10446|-2.10446
75|-2.10446|-2.10446
76|-2.10446|-2.10446
77|-2.10446|-2.10446
78|-2.10446|-2.10446
79|-2.10446|-2.10446
80|-2.10446|-2.10446
81|-2.10446|-2.10446
82|-2.10446|-2.10446
83|-2.10446|-2.10446
84|-2.10446|-2.10446
85|-2.10446|-2.10446
86|-2.10446|-2.10446
87|-2.10446|-2.10446
88|-2.10446|-2.10446
89|-2.10446|-2.10446
90|-2.10446|-2.10446
91|-2.10446|-2.10446
92|-2.10446|-2.10446
93|-2.10446|-2.10446
94|-2.10446|-2.10446
95|-2.10446|-2.10446
96|-2.10446|-2.10446
97|-2.10446|-2.10446
98|-2.10446|-2.10446
99|-2.10446|-2.10446
100|-2.10446|-2.10446
101|-2.10446|-2.10446
102|-2.10446|-2.10446
103|-2.10446|-2.10446
104|-2.10446|-2.10446
105|-2.10446|-2.10446
106|-2.10446|-2.10446
107|-2.10446|-2.10446
108|-2.10446|-2.10446
109|-2.10446|-2.10446
110|-2.10446|-2.10446
111|-2.10446|-2.10446
112|-2.10446|-2.10446
113|-2.10446|-2.10446
114|-2.10446|-2.10446
115|-2.10446|-2.10446
116|-2.10446|-2.10446
117|-2.10446|-2.10446
118|-2.10446|-2.10446
119|-2.10446|-2.10446
120|-2.10446|-2.10446
121|-2.10446|-2.10446
122|-2.10446|-2.10446
123|-2.10446|-2.10446
124|-2.10446|-2.10446
125|-2.10446|-2.10446
126|-2.10446|-2.10446
127|-2.10446|-2.10446
128|-2.10446|-2.10446
129|-2.10446|-2.10446
130|-2.10446|-2.10446
131|-2.10446|-2.10446
132|-2.10446|-2.10446
133|-2.10446|-2.10446
134|-2.10446|-2.10446
135|-2.10446|-2.10446
136|-2.10446|-2.10446
137|-2.10446|-2.10446
138|-2.10446|-2.10446
139|-2.10446|-2.10446
140|-2.10446|-2.10446
141|-2.10446|-2.10446
142|-2.10446|-2.10446
143|-2.10446|-2.10446
144|-2.10446|-2.10446
145|-2.10446|-2.10446
146|-2.10446|-2.10446
147|-2.10446|-2.10446
148|-2.10446|-2.10446
149|-2.10446|-2.10446
150|-2.10446|-2.10446
151|-2.10446|-2.10446
EARLY STOP: TARGET FOUND
1696926ms
