1|21.8156|21.8156
2|21.8156|21.8156
3|21.8156|21.8156
4|21.8156|21.8156
5|21.8156|21.8156
6|21.8156|21.8156
7|21.8156|21.8156
8|21.8156|21.8156
9|21.8156|21.8156
10|21.8156|21.8156
11|21.8156|21.8156
12|21.8156|21.8156
13|21.8156|21.8156
14|21.8156|21.8156
15|21.8156|21.8156
16|21.8156|21.8156
17|21.8156|21.8156
18|21.8156|21.8156
19|21.8156|21.8156
20|21.8156|21.8156
21|21.8156|21.8156
22|21.8156|21.8156
23|21.8156|21.8156
24|21.8156|21.8156
25|21.8156|21.8156
26|21.8156|21.8156
27|21.8156|21.8156
28|21.8156|21.8156
29|21.8156|21.8156
30|21.8156|21.8156
31|21.8156|21.8156
32|21.8156|21.8156
33|21.8156|21.8156
34|21.8156|21.8156
35|21.8156|21.8156
36|21.8156|21.8156
37|21.8156|21.8156
38|21.8156|21.8156
39|21.8156|21.8156
40|21.8156|21.8156
41|21.8156|21.8156
42|21.8156|21.8156
43|21.8156|21.8156
44|21.8156|21.8156
45|21.8156|21.8156
46|21.8156|21.8156
47|21.8156|21.8156
48|21.8156|21.8156
49|21.8156|21.8156
50|21.8156|21.8156
51|21.8156|21.8156
52|21.8156|21.8156
53|21.8156|21.8156
54|21.8156|21.8156
55|21.8156|21.8156
56|21.8156|21.8156
57|21.8156|21.8156
58|21.8156|21.8156
59|21.8156|21.8156
60|21.8156|21.8156
61|21.8156|21.8156
62|21.8156|21.8156
63|21.8156|21.8156
64|21.8156|21.8156
65|21.8156|21.8156
66|21.8156|21.8156
67|21.8156|21.8156
68|21.8156|21.8156
69|21.8156|21.8156
70|21.8156|21.8156
71|21.8156|21.8156
72|21.8156|21.8156
73|21.8156|21.8156
74|21.8156|21.8156
75|21.8156|21.8156
76|21.8156|21.8156
77|21.8156|21.8156
78|21.8156|21.8156
79|21.8156|21.8156
80|21.8156|21.8156
81|21.8156|21.8156
82|21.8156|21.8156
83|21.8156|21.8156
84|21.8156|21.8156
85|21.8156|21.8156
86|21.8156|21.8156
87|21.8156|21.8156
88|21.8156|21.8156
89|21.8156|21.8156
90|21.8156|21.8156
91|21.8156|21.8156
92|21.8156|21.8156
93|21.8156|21.8156
94|21.8156|21.8156
95|21.8156|21.8156
96|21.8156|21.8156
97|21.8156|21.8156
98|21.8156|21.8156
99|21.8156|21.8156
100|21.8156|21.8156
101|21.8156|21.8156
102|21.8156|21.8156
103|21.8156|21.8156
104|21.8156|21.8156
105|21.8156|21.8156
106|21.8156|21.8156
107|21.8156|21.8156
108|21.8156|21.8156
109|21.8156|21.8156
110|21.8156|21.8156
111|21.8156|21.8156
112|21.8156|21.8156
113|21.8156|21.8156
114|21.8156|21.8156
115|21.8156|21.8156
116|21.8156|21.8156
117|21.8156|21.8156
118|21.8156|21.8156
119|21.8156|21.8156
120|21.8156|21.8156
121|21.8156|21.8156
122|21.8156|21.8156
123|21.8156|21.8156
124|21.8156|21.8156
125|21.8156|21.8156
126|21.8156|21.8156
127|21.8156|21.8156
128|21.8156|21.8156
129|21.8156|21.8156
130|21.8156|21.8156
131|21.8156|21.8156
132|21.8156|21.8156
133|21.8156|21.8156
134|21.8156|21.8156
135|21.8156|21.8156
136|21.8156|21.8156
137|21.8156|21.8156
138|21.8156|21.8156
139|21.8156|21.8156
140|21.8156|21.8156
141|21.8156|21.8156
142|21.8156|21.8156
143|21.8156|21.8156
144|21.8156|21.8156
145|21.8156|21.8156
146|21.8156|21.8156
147|21.8156|21.8156
148|21.8156|21.8156
149|21.8156|21.8156
150|21.8156|21.8156
151|21.8156|21.8156
EARLY STOP: TARGET FOUND
62277ms
