1|-600.63|-600.63
2|-600.63|-600.63
3|-600.63|-600.63
4|-600.63|-600.63
5|-600.63|-600.63
6|-600.63|-600.63
7|-600.63|-600.63
8|-600.63|-600.63
9|-600.63|-600.63
10|-600.63|-600.63
11|-600.63|-600.63
12|-600.63|-600.63
13|-600.63|-600.63
14|-600.63|-600.63
15|-600.63|-600.63
16|-600.63|-600.63
17|-600.63|-600.63
18|-600.63|-600.63
19|-600.63|-600.63
20|-600.63|-600.63
21|-600.63|-600.63
22|-600.63|-600.63
23|-600.63|-600.63
24|-600.63|-600.63
25|-600.63|-600.63
26|-600.63|-600.63
27|-600.63|-600.63
28|-600.63|-600.63
29|-600.63|-600.63
30|-600.63|-600.63
31|-600.63|-600.63
32|-600.63|-600.63
33|-600.63|-600.63
34|-600.63|-600.63
35|-600.63|-600.63
36|-600.63|-600.63
37|-600.63|-600.63
38|-600.63|-600.63
39|-600.63|-600.63
40|-600.63|-600.63
41|-600.63|-600.63
42|-600.63|-600.63
43|-600.63|-600.63
44|-600.63|-600.63
45|-600.63|-600.63
46|-600.63|-600.63
47|-600.63|-600.63
48|-600.63|-600.63
49|-600.63|-600.63
50|-600.63|-600.63
51|-600.63|-600.63
52|-600.63|-600.63
53|-600.63|-600.63
54|-600.63|-600.63
55|-600.63|-600.63
56|-600.63|-600.63
57|-600.63|-600.63
58|-600.63|-600.63
59|-600.63|-600.63
60|-600.63|-600.63
61|-600.63|-600.63
62|-600.63|-600.63
63|-600.63|-600.63
64|-600.63|-600.63
65|-600.63|-600.63
66|-600.63|-600.63
67|-600.63|-600.63
68|-600.63|-600.63
69|-600.63|-600.63
70|-600.63|-600.63
71|-600.63|-600.63
72|-600.63|-600.63
73|-600.63|-600.63
74|-600.63|-600.63
75|-600.63|-600.63
76|-600.63|-600.63
77|-600.63|-600.63
78|-600.63|-600.63
79|-600.63|-600.63
80|-600.63|-600.63
81|-600.63|-600.63
82|-600.63|-600.63
83|-600.63|-600.63
84|-600.63|-600.63
85|-600.63|-600.63
86|-600.63|-600.63
87|-600.63|-600.63
88|-600.63|-600.63
89|-600.63|-600.63
90|-600.63|-600.63
91|-600.63|-600.63
92|-600.63|-600.63
93|-600.63|-600.63
94|-600.63|-600.63
95|-600.63|-600.63
96|-600.63|-600.63
97|-600.63|-600.63
98|-600.63|-600.63
99|-600.63|-600.63
100|-600.63|-600.63
101|-600.63|-600.63
102|-600.63|-600.63
103|-600.63|-600.63
104|-600.63|-600.63
105|-600.63|-600.63
106|-600.63|-600.63
107|-600.63|-600.63
108|-600.63|-600.63
109|-600.63|-600.63
110|-600.63|-600.63
111|-600.63|-600.63
112|-600.63|-600.63
113|-600.63|-600.63
114|-600.63|-600.63
115|-600.63|-600.63
116|-600.63|-600.63
117|-600.63|-600.63
118|-600.63|-600.63
119|-600.63|-600.63
120|-600.63|-600.63
121|-600.63|-600.63
122|-600.63|-600.63
123|-600.63|-600.63
124|-600.63|-600.63
125|-600.63|-600.63
126|-600.63|-600.63
127|-600.63|-600.63
128|-600.63|-600.63
129|-600.63|-600.63
130|-600.63|-600.63
131|-600.63|-600.63
132|-600.63|-600.63
133|-600.63|-600.63
134|-600.63|-600.63
135|-600.63|-600.63
136|-600.63|-600.63
137|-600.63|-600.63
138|-600.63|-600.63
139|-600.63|-600.63
140|-600.63|-600.63
141|-600.63|-600.63
142|-600.63|-600.63
143|-600.63|-600.63
144|-600.63|-600.63
145|-600.63|-600.63
146|-600.63|-600.63
147|-600.63|-600.63
148|-600.63|-600.63
149|-600.63|-600.63
150|-600.63|-600.63
151|-600.63|-600.63
EARLY STOP: TARGET FOUND
2505893ms
