1|171.582|171.582
2|171.582|171.582
3|171.582|171.582
4|171.582|171.582
5|171.582|171.582
6|171.582|171.582
7|171.582|171.582
8|171.582|171.582
9|171.582|171.582
10|171.582|171.582
11|171.582|171.582
12|171.582|171.582
13|171.582|171.582
14|171.582|171.582
15|171.582|171.582
16|171.582|171.582
17|171.582|171.582
18|171.582|171.582
19|171.582|171.582
20|171.582|171.582
21|171.582|171.582
22|171.582|171.582
23|171.582|171.582
24|171.582|171.582
25|171.582|171.582
26|171.582|171.582
27|171.582|171.582
28|171.582|171.582
29|171.582|171.582
30|171.582|171.582
31|171.582|171.582
32|171.582|171.582
33|171.582|171.582
34|171.582|171.582
35|171.582|171.582
36|171.582|171.582
37|171.582|171.582
38|171.582|171.582
39|171.582|171.582
40|171.582|171.582
41|171.582|171.582
42|171.582|171.582
43|171.582|171.582
44|171.582|171.582
45|171.582|171.582
46|171.582|171.582
47|171.582|171.582
48|171.582|171.582
49|171.582|171.582
50|171.582|171.582
51|171.582|171.582
52|171.582|171.582
53|171.582|171.582
54|171.582|171.582
55|171.582|171.582
56|171.582|171.582
57|171.582|171.582
58|171.582|171.582
59|171.582|171.582
60|171.582|171.582
61|171.582|171.582
62|171.582|171.582
63|171.582|171.582
64|171.582|171.582
65|171.582|171.582
66|171.582|171.582
67|171.582|171.582
68|171.582|171.582
69|171.582|171.582
70|171.582|171.582
71|171.582|171.582
72|171.582|171.582
73|171.582|171.582
74|171.582|171.582
75|171.582|171.582
76|171.582|171.582
77|171.582|171.582
78|171.582|171.582
79|171.582|171.582
80|171.582|171.582
81|171.582|171.582
82|171.582|171.582
83|171.582|171.582
84|171.582|171.582
85|171.582|171.582
86|171.582|171.582
87|171.582|171.582
88|171.582|171.582
89|171.582|171.582
90|171.582|171.582
91|171.582|171.582
92|171.582|171.582
93|171.582|171.582
94|171.582|171.582
95|171.582|171.582
96|171.582|171.582
97|171.582|171.582
98|171.582|171.582
99|171.582|171.582
100|171.582|171.582
101|171.582|171.582
102|171.582|171.582
103|171.582|171.582
104|171.582|171.582
105|171.582|171.582
106|171.582|171.582
107|171.582|171.582
108|171.582|171.582
109|171.582|171.582
110|171.582|171.582
111|171.582|171.582
112|171.582|171.582
113|171.582|171.582
114|171.582|171.582
115|171.582|171.582
116|171.582|171.582
117|171.582|171.582
118|171.582|171.582
119|171.582|171.582
120|171.582|171.582
121|171.582|171.582
122|171.582|171.582
123|171.582|171.582
124|171.582|171.582
125|171.582|171.582
126|171.582|171.582
127|171.582|171.582
128|171.582|171.582
129|171.582|171.582
130|171.582|171.582
131|171.582|171.582
132|171.582|171.582
133|171.582|171.582
134|171.582|171.582
135|171.582|171.582
136|171.582|171.582
137|171.582|171.582
138|171.582|171.582
139|171.582|171.582
140|171.582|171.582
141|171.582|171.582
142|171.582|171.582
143|171.582|171.582
144|171.582|171.582
145|171.582|171.582
146|171.582|171.582
147|171.582|171.582
148|171.582|171.582
149|171.582|171.582
150|171.582|171.582
151|171.582|171.582
EARLY STOP: TARGET FOUND
212065ms
