1|-290.596|-290.596
2|-290.596|-290.596
3|-290.596|-290.596
4|-290.596|-290.596
5|-290.596|-290.596
6|-290.596|-290.596
7|-290.596|-290.596
8|-290.596|-290.596
9|-290.596|-290.596
10|-290.596|-290.596
11|-290.596|-290.596
12|-290.596|-290.596
13|-290.596|-290.596
14|-290.596|-290.596
15|-290.596|-290.596
16|-290.596|-290.596
17|-290.596|-290.596
18|-290.596|-290.596
19|-290.596|-290.596
20|-290.596|-290.596
21|-290.596|-290.596
22|-290.596|-290.596
23|-290.596|-290.596
24|-290.596|-290.596
25|-290.596|-290.596
26|-290.596|-290.596
27|-290.596|-290.596
28|-290.596|-290.596
29|-290.596|-290.596
30|-290.596|-290.596
31|-290.596|-290.596
32|-290.596|-290.596
33|-290.596|-290.596
34|-290.596|-290.596
35|-290.596|-290.596
36|-290.596|-290.596
37|-290.596|-290.596
38|-290.596|-290.596
39|-290.596|-290.596
40|-290.596|-290.596
41|-290.596|-290.596
42|-290.596|-290.596
43|-290.596|-290.596
44|-290.596|-290.596
45|-290.596|-290.596
46|-290.596|-290.596
47|-290.596|-290.596
48|-290.596|-290.596
49|-290.596|-290.596
50|-290.596|-290.596
51|-290.596|-290.596
52|-290.596|-290.596
53|-290.596|-290.596
54|-290.596|-290.596
55|-290.596|-290.596
56|-290.596|-290.596
57|-290.596|-290.596
58|-290.596|-290.596
59|-290.596|-290.596
60|-290.596|-290.596
61|-290.596|-290.596
62|-290.596|-290.596
63|-290.596|-290.596
64|-290.596|-290.596
65|-290.596|-290.596
66|-290.596|-290.596
67|-290.596|-290.596
68|-290.596|-290.596
69|-290.596|-290.596
70|-290.596|-290.596
71|-290.596|-290.596
72|-290.596|-290.596
73|-290.596|-290.596
74|-290.596|-290.596
75|-290.596|-290.596
76|-290.596|-290.596
77|-290.596|-290.596
78|-290.596|-290.596
79|-290.596|-290.596
80|-290.596|-290.596
81|-290.596|-290.596
82|-290.596|-290.596
83|-290.596|-290.596
84|-290.596|-290.596
85|-290.596|-290.596
86|-290.596|-290.596
87|-290.596|-290.596
88|-290.596|-290.596
89|-290.596|-290.596
90|-290.596|-290.596
91|-290.596|-290.596
92|-290.596|-290.596
93|-290.596|-290.596
94|-290.596|-290.596
95|-290.596|-290.596
96|-290.596|-290.596
97|-290.596|-290.596
98|-290.596|-290.596
99|-290.596|-290.596
100|-290.596|-290.596
101|-290.596|-290.596
102|-290.596|-290.596
103|-290.596|-290.596
104|-290.596|-290.596
105|-290.596|-290.596
106|-290.596|-290.596
107|-290.596|-290.596
108|-290.596|-290.596
109|-290.596|-290.596
110|-290.596|-290.596
111|-290.596|-290.596
112|-290.596|-290.596
113|-290.596|-290.596
114|-290.596|-290.596
115|-290.596|-290.596
116|-290.596|-290.596
117|-290.596|-290.596
118|-290.596|-290.596
119|-290.596|-290.596
120|-290.596|-290.596
121|-290.596|-290.596
122|-290.596|-290.596
123|-290.596|-290.596
124|-290.596|-290.596
125|-290.596|-290.596
126|-290.596|-290.596
127|-290.596|-290.596
128|-290.596|-290.596
129|-290.596|-290.596
130|-290.596|-290.596
131|-290.596|-290.596
132|-290.596|-290.596
133|-290.596|-290.596
134|-290.596|-290.596
135|-290.596|-290.596
136|-290.596|-290.596
137|-290.596|-290.596
138|-290.596|-290.596
139|-290.596|-290.596
140|-290.596|-290.596
141|-290.596|-290.596
142|-290.596|-290.596
143|-290.596|-290.596
144|-290.596|-290.596
145|-290.596|-290.596
146|-290.596|-290.596
147|-290.596|-290.596
148|-290.596|-290.596
149|-290.596|-290.596
150|-290.596|-290.596
151|-290.596|-290.596
EARLY STOP: TARGET FOUND
84830ms
