1|112.766|112.766
2|112.766|112.766
3|112.766|112.766
4|112.766|112.766
5|112.766|112.766
6|112.766|112.766
7|112.766|112.766
8|112.766|112.766
9|112.766|112.766
10|112.766|112.766
11|112.766|112.766
12|112.766|112.766
13|112.766|112.766
14|112.766|112.766
15|112.766|112.766
16|112.766|112.766
17|112.766|112.766
18|112.766|112.766
19|112.766|112.766
20|112.766|112.766
21|112.766|112.766
22|112.766|112.766
23|112.766|112.766
24|112.766|112.766
25|112.766|112.766
26|112.766|112.766
27|112.766|112.766
28|112.766|112.766
29|112.766|112.766
30|112.766|112.766
31|112.766|112.766
32|112.766|112.766
33|112.766|112.766
34|112.766|112.766
35|112.766|112.766
36|112.766|112.766
37|112.766|112.766
38|112.766|112.766
39|112.766|112.766
40|112.766|112.766
41|112.766|112.766
42|112.766|112.766
43|112.766|112.766
44|112.766|112.766
45|112.766|112.766
46|112.766|112.766
47|112.766|112.766
48|112.766|112.766
49|112.766|112.766
50|112.766|112.766
51|112.766|112.766
52|112.766|112.766
53|112.766|112.766
54|112.766|112.766
55|112.766|112.766
56|112.766|112.766
57|112.766|112.766
58|112.766|112.766
59|112.766|112.766
60|112.766|112.766
61|112.766|112.766
62|112.766|112.766
63|112.766|112.766
64|112.766|112.766
65|112.766|112.766
66|112.766|112.766
67|112.766|112.766
68|112.766|112.766
69|112.766|112.766
70|112.766|112.766
71|112.766|112.766
72|112.766|112.766
73|112.766|112.766
74|112.766|112.766
75|112.766|112.766
76|112.766|112.766
77|112.766|112.766
78|112.766|112.766
79|112.766|112.766
80|112.766|112.766
81|112.766|112.766
82|112.766|112.766
83|112.766|112.766
84|112.766|112.766
85|112.766|112.766
86|112.766|112.766
87|112.766|112.766
88|112.766|112.766
89|112.766|112.766
90|112.766|112.766
91|112.766|112.766
92|112.766|112.766
93|112.766|112.766
94|112.766|112.766
95|112.766|112.766
96|112.766|112.766
97|112.766|112.766
98|112.766|112.766
99|112.766|112.766
100|112.766|112.766
101|112.766|112.766
102|112.766|112.766
103|112.766|112.766
104|112.766|112.766
105|112.766|112.766
106|112.766|112.766
107|112.766|112.766
108|112.766|112.766
109|112.766|112.766
110|112.766|112.766
111|112.766|112.766
112|112.766|112.766
113|112.766|112.766
114|112.766|112.766
115|112.766|112.766
116|112.766|112.766
117|112.766|112.766
118|112.766|112.766
119|112.766|112.766
120|112.766|112.766
121|112.766|112.766
122|112.766|112.766
123|112.766|112.766
124|112.766|112.766
125|112.766|112.766
126|112.766|112.766
127|112.766|112.766
128|112.766|112.766
129|112.766|112.766
130|112.766|112.766
131|112.766|112.766
132|112.766|112.766
133|112.766|112.766
134|112.766|112.766
135|112.766|112.766
136|112.766|112.766
137|112.766|112.766
138|112.766|112.766
139|112.766|112.766
140|112.766|112.766
141|112.766|112.766
142|112.766|112.766
143|112.766|112.766
144|112.766|112.766
145|112.766|112.766
146|112.766|112.766
147|112.766|112.766
148|112.766|112.766
149|112.766|112.766
150|112.766|112.766
151|112.766|112.766
EARLY STOP: TARGET FOUND
205669ms
