1|281.012|281.012
2|281.012|281.012
3|281.012|281.012
4|281.012|281.012
5|281.012|281.012
6|281.012|281.012
7|281.012|281.012
8|281.012|281.012
9|281.012|281.012
10|281.012|281.012
11|281.012|281.012
12|281.012|281.012
13|281.012|281.012
14|281.012|281.012
15|281.012|281.012
16|281.012|281.012
17|281.012|281.012
18|281.012|281.012
19|281.012|281.012
20|281.012|281.012
21|281.012|281.012
22|281.012|281.012
23|281.012|281.012
24|281.012|281.012
25|281.012|281.012
26|281.012|281.012
27|281.012|281.012
28|281.012|281.012
29|281.012|281.012
30|281.012|281.012
31|281.012|281.012
32|281.012|281.012
33|281.012|281.012
34|281.012|281.012
35|281.012|281.012
36|281.012|281.012
37|281.012|281.012
38|281.012|281.012
39|281.012|281.012
40|281.012|281.012
41|281.012|281.012
42|281.012|281.012
43|281.012|281.012
44|281.012|281.012
45|281.012|281.012
46|281.012|281.012
47|281.012|281.012
48|281.012|281.012
49|281.012|281.012
50|281.012|281.012
51|281.012|281.012
52|281.012|281.012
53|281.012|281.012
54|281.012|281.012
55|281.012|281.012
56|281.012|281.012
57|281.012|281.012
58|281.012|281.012
59|281.012|281.012
60|281.012|281.012
61|281.012|281.012
62|281.012|281.012
63|281.012|281.012
64|281.012|281.012
65|281.012|281.012
66|281.012|281.012
67|281.012|281.012
68|281.012|281.012
69|281.012|281.012
70|281.012|281.012
71|281.012|281.012
72|281.012|281.012
73|281.012|281.012
74|281.012|281.012
75|281.012|281.012
76|281.012|281.012
77|281.012|281.012
78|281.012|281.012
79|281.012|281.012
80|281.012|281.012
81|281.012|281.012
82|281.012|281.012
83|281.012|281.012
84|281.012|281.012
85|281.012|281.012
86|281.012|281.012
87|281.012|281.012
88|281.012|281.012
89|281.012|281.012
90|281.012|281.012
91|281.012|281.012
92|281.012|281.012
93|281.012|281.012
94|281.012|281.012
95|281.012|281.012
96|281.012|281.012
97|281.012|281.012
98|281.012|281.012
99|281.012|281.012
100|281.012|281.012
101|281.012|281.012
102|281.012|281.012
103|281.012|281.012
104|281.012|281.012
105|281.012|281.012
106|281.012|281.012
107|281.012|281.012
108|281.012|281.012
109|281.012|281.012
110|281.012|281.012
111|281.012|281.012
112|281.012|281.012
113|281.012|281.012
114|281.012|281.012
115|281.012|281.012
116|281.012|281.012
117|281.012|281.012
118|281.012|281.012
119|281.012|281.012
120|281.012|281.012
121|281.012|281.012
122|281.012|281.012
123|281.012|281.012
124|281.012|281.012
125|281.012|281.012
126|281.012|281.012
127|281.012|281.012
128|281.012|281.012
129|281.012|281.012
130|281.012|281.012
131|281.012|281.012
132|281.012|281.012
133|281.012|281.012
134|281.012|281.012
135|281.012|281.012
136|281.012|281.012
137|281.012|281.012
138|281.012|281.012
139|281.012|281.012
140|281.012|281.012
141|281.012|281.012
142|281.012|281.012
143|281.012|281.012
144|281.012|281.012
145|281.012|281.012
146|281.012|281.012
147|281.012|281.012
148|281.012|281.012
149|281.012|281.012
150|281.012|281.012
151|281.012|281.012
EARLY STOP: TARGET FOUND
1718581ms
