1|67.8197|67.8197
2|67.8197|67.8197
3|67.8197|67.8197
4|67.8197|67.8197
5|67.8197|67.8197
6|67.8197|67.8197
7|67.8197|67.8197
8|67.8197|67.8197
9|67.8197|67.8197
10|67.8197|67.8197
11|67.8197|67.8197
12|67.8197|67.8197
13|67.8197|67.8197
14|67.8197|67.8197
15|67.8197|67.8197
16|67.8197|67.8197
17|67.8197|67.8197
18|67.8197|67.8197
19|67.8197|67.8197
20|67.8197|67.8197
21|67.8197|67.8197
22|67.8197|67.8197
23|67.8197|67.8197
24|67.8197|67.8197
25|67.8197|67.8197
26|67.8197|67.8197
27|67.8197|67.8197
28|67.8197|67.8197
29|67.8197|67.8197
30|67.8197|67.8197
31|67.8197|67.8197
32|67.8197|67.8197
33|67.8197|67.8197
34|67.8197|67.8197
35|67.8197|67.8197
36|67.8197|67.8197
37|67.8197|67.8197
38|67.8197|67.8197
39|67.8197|67.8197
40|67.8197|67.8197
41|67.8197|67.8197
42|67.8197|67.8197
43|67.8197|67.8197
44|67.8197|67.8197
45|67.8197|67.8197
46|67.8197|67.8197
47|67.8197|67.8197
48|67.8197|67.8197
49|67.8197|67.8197
50|67.8197|67.8197
51|67.8197|67.8197
52|67.8197|67.8197
53|67.8197|67.8197
54|67.8197|67.8197
55|67.8197|67.8197
56|67.8197|67.8197
57|67.8197|67.8197
58|67.8197|67.8197
59|67.8197|67.8197
60|67.8197|67.8197
61|67.8197|67.8197
62|67.8197|67.8197
63|67.8197|67.8197
64|67.8197|67.8197
65|67.8197|67.8197
66|67.8197|67.8197
67|67.8197|67.8197
68|67.8197|67.8197
69|67.8197|67.8197
70|67.8197|67.8197
71|67.8197|67.8197
72|67.8197|67.8197
73|67.8197|67.8197
74|67.8197|67.8197
75|67.8197|67.8197
76|67.8197|67.8197
77|67.8197|67.8197
78|67.8197|67.8197
79|67.8197|67.8197
80|67.8197|67.8197
81|67.8197|67.8197
82|67.8197|67.8197
83|67.8197|67.8197
84|67.8197|67.8197
85|67.8197|67.8197
86|67.8197|67.8197
87|67.8197|67.8197
88|67.8197|67.8197
89|67.8197|67.8197
90|67.8197|67.8197
91|67.8197|67.8197
92|67.8197|67.8197
93|67.8197|67.8197
94|67.8197|67.8197
95|67.8197|67.8197
96|67.8197|67.8197
97|67.8197|67.8197
98|67.8197|67.8197
99|67.8197|67.8197
100|67.8197|67.8197
101|67.8197|67.8197
102|67.8197|67.8197
103|67.8197|67.8197
104|67.8197|67.8197
105|67.8197|67.8197
106|67.8197|67.8197
107|67.8197|67.8197
108|67.8197|67.8197
109|67.8197|67.8197
110|67.8197|67.8197
111|67.8197|67.8197
112|67.8197|67.8197
113|67.8197|67.8197
114|67.8197|67.8197
115|67.8197|67.8197
116|67.8197|67.8197
117|67.8197|67.8197
118|67.8197|67.8197
119|67.8197|67.8197
120|67.8197|67.8197
121|67.8197|67.8197
122|67.8197|67.8197
123|67.8197|67.8197
124|67.8197|67.8197
125|67.8197|67.8197
126|67.8197|67.8197
127|67.8197|67.8197
128|67.8197|67.8197
129|67.8197|67.8197
130|67.8197|67.8197
131|67.8197|67.8197
132|67.8197|67.8197
133|67.8197|67.8197
134|67.8197|67.8197
135|67.8197|67.8197
136|67.8197|67.8197
137|67.8197|67.8197
138|67.8197|67.8197
139|67.8197|67.8197
140|67.8197|67.8197
141|67.8197|67.8197
142|67.8197|67.8197
143|67.8197|67.8197
144|67.8197|67.8197
145|67.8197|67.8197
146|67.8197|67.8197
147|67.8197|67.8197
148|67.8197|67.8197
149|67.8197|67.8197
150|67.8197|67.8197
151|67.8197|67.8197
EARLY STOP: TARGET FOUND
59222ms
