1|-1.1881|-1.1881
2|-1.1881|-1.1881
3|-1.1881|-1.1881
4|-1.1881|-1.1881
5|-1.1881|-1.1881
6|-1.1881|-1.1881
7|-1.1881|-1.1881
8|-1.1881|-1.1881
9|-1.1881|-1.1881
10|-1.1881|-1.1881
11|-1.1881|-1.1881
12|-1.1881|-1.1881
13|-1.1881|-1.1881
14|-1.1881|-1.1881
15|-1.1881|-1.1881
16|-1.1881|-1.1881
17|-1.1881|-1.1881
18|-1.1881|-1.1881
19|-1.1881|-1.1881
20|-1.1881|-1.1881
21|-1.1881|-1.1881
22|-1.1881|-1.1881
23|-1.1881|-1.1881
24|-1.1881|-1.1881
25|-1.1881|-1.1881
26|-1.1881|-1.1881
27|-1.1881|-1.1881
28|-1.1881|-1.1881
29|-1.1881|-1.1881
30|-1.1881|-1.1881
31|-1.1881|-1.1881
32|-1.1881|-1.1881
33|-1.1881|-1.1881
34|-1.1881|-1.1881
35|-1.1881|-1.1881
36|-1.1881|-1.1881
37|-1.1881|-1.1881
38|-1.1881|-1.1881
39|-1.1881|-1.1881
40|-1.1881|-1.1881
41|-1.1881|-1.1881
42|-1.1881|-1.1881
43|-1.1881|-1.1881
44|-1.1881|-1.1881
45|-1.1881|-1.1881
46|-1.1881|-1.1881
47|-1.1881|-1.1881
48|-1.1881|-1.1881
49|-1.1881|-1.1881
50|-1.1881|-1.1881
51|-1.1881|-1.1881
52|-1.1881|-1.1881
53|-1.1881|-1.1881
54|-1.1881|-1.1881
55|-1.1881|-1.1881
56|-1.1881|-1.1881
57|-1.1881|-1.1881
58|-1.1881|-1.1881
59|-1.1881|-1.1881
60|-1.1881|-1.1881
61|-1.1881|-1.1881
62|-1.1881|-1.1881
63|-1.1881|-1.1881
64|-1.1881|-1.1881
65|-1.1881|-1.1881
66|-1.1881|-1.1881
67|-1.1881|-1.1881
68|-1.1881|-1.1881
69|-1.1881|-1.1881
70|-1.1881|-1.1881
71|-1.1881|-1.1881
72|-1.1881|-1.1881
73|-1.1881|-1.1881
74|-1.1881|-1.1881
75|-1.1881|-1.1881
76|-1.1881|-1.1881
77|-1.1881|-1.1881
78|-1.1881|-1.1881
79|-1.1881|-1.1881
80|-1.1881|-1.1881
81|-1.1881|-1.1881
82|-1.1881|-1.1881
83|-1.1881|-1.1881
84|-1.1881|-1.1881
85|-1.1881|-1.1881
86|-1.1881|-1.1881
87|-1.1881|-1.1881
88|-1.1881|-1.1881
89|-1.1881|-1.1881
90|-1.1881|-1.1881
91|-1.1881|-1.1881
92|-1.1881|-1.1881
93|-1.1881|-1.1881
94|-1.1881|-1.1881
95|-1.1881|-1.1881
96|-1.1881|-1.1881
97|-1.1881|-1.1881
98|-1.1881|-1.1881
99|-1.1881|-1.1881
100|-1.1881|-1.1881
101|-1.1881|-1.1881
102|-1.1881|-1.1881
103|-1.1881|-1.1881
104|-1.1881|-1.1881
105|-1.1881|-1.1881
106|-1.1881|-1.1881
107|-1.1881|-1.1881
108|-1.1881|-1.1881
109|-1.1881|-1.1881
110|-1.1881|-1.1881
111|-1.1881|-1.1881
112|-1.1881|-1.1881
113|-1.1881|-1.1881
114|-1.1881|-1.1881
115|-1.1881|-1.1881
116|-1.1881|-1.1881
117|-1.1881|-1.1881
118|-1.1881|-1.1881
119|-1.1881|-1.1881
120|-1.1881|-1.1881
121|-1.1881|-1.1881
122|-1.1881|-1.1881
123|-1.1881|-1.1881
124|-1.1881|-1.1881
125|-1.1881|-1.1881
126|-1.1881|-1.1881
127|-1.1881|-1.1881
128|-1.1881|-1.1881
129|-1.1881|-1.1881
130|-1.1881|-1.1881
131|-1.1881|-1.1881
132|-1.1881|-1.1881
133|-1.1881|-1.1881
134|-1.1881|-1.1881
135|-1.1881|-1.1881
136|-1.1881|-1.1881
137|-1.1881|-1.1881
138|-1.1881|-1.1881
139|-1.1881|-1.1881
140|-1.1881|-1.1881
141|-1.1881|-1.1881
142|-1.1881|-1.1881
143|-1.1881|-1.1881
144|-1.1881|-1.1881
145|-1.1881|-1.1881
146|-1.1881|-1.1881
147|-1.1881|-1.1881
148|-1.1881|-1.1881
149|-1.1881|-1.1881
150|-1.1881|-1.1881
151|-1.1881|-1.1881
EARLY STOP: TARGET FOUND
59110ms
