1|51.0879|51.0879
2|51.0879|51.0879
3|51.0879|51.0879
4|51.0879|51.0879
5|51.0879|51.0879
6|51.0879|51.0879
7|51.0879|51.0879
8|51.0879|51.0879
9|51.0879|51.0879
10|51.0879|51.0879
11|51.0879|51.0879
12|51.0879|51.0879
13|51.0879|51.0879
14|51.0879|51.0879
15|51.0879|51.0879
16|51.0879|51.0879
17|51.0879|51.0879
18|51.0879|51.0879
19|51.0879|51.0879
20|51.0879|51.0879
21|51.0879|51.0879
22|51.0879|51.0879
23|51.0879|51.0879
24|51.0879|51.0879
25|51.0879|51.0879
26|51.0879|51.0879
27|51.0879|51.0879
28|51.0879|51.0879
29|51.0879|51.0879
30|51.0879|51.0879
31|51.0879|51.0879
32|51.0879|51.0879
33|51.0879|51.0879
34|51.0879|51.0879
35|51.0879|51.0879
36|51.0879|51.0879
37|51.0879|51.0879
38|51.0879|51.0879
39|51.0879|51.0879
40|51.0879|51.0879
41|51.0879|51.0879
42|51.0879|51.0879
43|51.0879|51.0879
44|51.0879|51.0879
45|51.0879|51.0879
46|51.0879|51.0879
47|51.0879|51.0879
48|51.0879|51.0879
49|51.0879|51.0879
50|51.0879|51.0879
51|51.0879|51.0879
52|51.0879|51.0879
53|51.0879|51.0879
54|51.0879|51.0879
55|51.0879|51.0879
56|51.0879|51.0879
57|51.0879|51.0879
58|51.0879|51.0879
59|51.0879|51.0879
60|51.0879|51.0879
61|51.0879|51.0879
62|51.0879|51.0879
63|51.0879|51.0879
64|51.0879|51.0879
65|51.0879|51.0879
66|51.0879|51.0879
67|51.0879|51.0879
68|51.0879|51.0879
69|51.0879|51.0879
70|51.0879|51.0879
71|51.0879|51.0879
72|51.0879|51.0879
73|51.0879|51.0879
74|51.0879|51.0879
75|51.0879|51.0879
76|51.0879|51.0879
77|51.0879|51.0879
78|51.0879|51.0879
79|51.0879|51.0879
80|51.0879|51.0879
81|51.0879|51.0879
82|51.0879|51.0879
83|51.0879|51.0879
84|51.0879|51.0879
85|51.0879|51.0879
86|51.0879|51.0879
87|51.0879|51.0879
88|51.0879|51.0879
89|51.0879|51.0879
90|51.0879|51.0879
91|51.0879|51.0879
92|51.0879|51.0879
93|51.0879|51.0879
94|51.0879|51.0879
95|51.0879|51.0879
96|51.0879|51.0879
97|51.0879|51.0879
98|51.0879|51.0879
99|51.0879|51.0879
100|51.0879|51.0879
101|51.0879|51.0879
102|51.0879|51.0879
103|51.0879|51.0879
104|51.0879|51.0879
105|51.0879|51.0879
106|51.0879|51.0879
107|51.0879|51.0879
108|51.0879|51.0879
109|51.0879|51.0879
110|51.0879|51.0879
111|51.0879|51.0879
112|51.0879|51.0879
113|51.0879|51.0879
114|51.0879|51.0879
115|51.0879|51.0879
116|51.0879|51.0879
117|51.0879|51.0879
118|51.0879|51.0879
119|51.0879|51.0879
120|51.0879|51.0879
121|51.0879|51.0879
122|51.0879|51.0879
123|51.0879|51.0879
124|51.0879|51.0879
125|51.0879|51.0879
126|51.0879|51.0879
127|51.0879|51.0879
128|51.0879|51.0879
129|51.0879|51.0879
130|51.0879|51.0879
131|51.0879|51.0879
132|51.0879|51.0879
133|51.0879|51.0879
134|51.0879|51.0879
135|51.0879|51.0879
136|51.0879|51.0879
137|51.0879|51.0879
138|51.0879|51.0879
139|51.0879|51.0879
140|51.0879|51.0879
141|51.0879|51.0879
142|51.0879|51.0879
143|51.0879|51.0879
144|51.0879|51.0879
145|51.0879|51.0879
146|51.0879|51.0879
147|51.0879|51.0879
148|51.0879|51.0879
149|51.0879|51.0879
150|51.0879|51.0879
151|51.0879|51.0879
EARLY STOP: TARGET FOUND
59494ms
