1|-0.287062|-0.287062
2|-0.287062|-0.287062
3|-0.287062|-0.287062
4|-0.287062|-0.287062
5|-0.287062|-0.287062
6|-0.287062|-0.287062
7|-0.287062|-0.287062
8|-0.287062|-0.287062
9|-0.287062|-0.287062
10|-0.287062|-0.287062
11|-0.287062|-0.287062
12|-0.287062|-0.287062
13|-0.287062|-0.287062
14|-0.287062|-0.287062
15|-0.287062|-0.287062
16|-0.287062|-0.287062
17|-0.287062|-0.287062
18|-0.287062|-0.287062
19|-0.287062|-0.287062
20|-0.287062|-0.287062
21|-0.287062|-0.287062
22|-0.287062|-0.287062
23|-0.287062|-0.287062
24|-0.287062|-0.287062
25|-0.287062|-0.287062
26|-0.287062|-0.287062
27|-0.287062|-0.287062
28|-0.287062|-0.287062
29|-0.287062|-0.287062
30|-0.287062|-0.287062
31|-0.287062|-0.287062
32|-0.287062|-0.287062
33|-0.287062|-0.287062
34|-0.287062|-0.287062
35|-0.287062|-0.287062
36|-0.287062|-0.287062
37|-0.287062|-0.287062
38|-0.287062|-0.287062
39|-0.287062|-0.287062
40|-0.287062|-0.287062
41|-0.287062|-0.287062
42|-0.287062|-0.287062
43|-0.287062|-0.287062
44|-0.287062|-0.287062
45|-0.287062|-0.287062
46|-0.287062|-0.287062
47|-0.287062|-0.287062
48|-0.287062|-0.287062
49|-0.287062|-0.287062
50|-0.287062|-0.287062
51|-0.287062|-0.287062
52|-0.287062|-0.287062
53|-0.287062|-0.287062
54|-0.287062|-0.287062
55|-0.287062|-0.287062
56|-0.287062|-0.287062
57|-0.287062|-0.287062
58|-0.287062|-0.287062
59|-0.287062|-0.287062
60|-0.287062|-0.287062
61|-0.287062|-0.287062
62|-0.287062|-0.287062
63|-0.287062|-0.287062
64|-0.287062|-0.287062
65|-0.287062|-0.287062
66|-0.287062|-0.287062
67|-0.287062|-0.287062
68|-0.287062|-0.287062
69|-0.287062|-0.287062
70|-0.287062|-0.287062
71|-0.287062|-0.287062
72|-0.287062|-0.287062
73|-0.287062|-0.287062
74|-0.287062|-0.287062
75|-0.287062|-0.287062
76|-0.287062|-0.287062
77|-0.287062|-0.287062
78|-0.287062|-0.287062
79|-0.287062|-0.287062
80|-0.287062|-0.287062
81|-0.287062|-0.287062
82|-0.287062|-0.287062
83|-0.287062|-0.287062
84|-0.287062|-0.287062
85|-0.287062|-0.287062
86|-0.287062|-0.287062
87|-0.287062|-0.287062
88|-0.287062|-0.287062
89|-0.287062|-0.287062
90|-0.287062|-0.287062
91|-0.287062|-0.287062
92|-0.287062|-0.287062
93|-0.287062|-0.287062
94|-0.287062|-0.287062
95|-0.287062|-0.287062
96|-0.287062|-0.287062
97|-0.287062|-0.287062
98|-0.287062|-0.287062
99|-0.287062|-0.287062
100|-0.287062|-0.287062
101|-0.287062|-0.287062
102|-0.287062|-0.287062
103|-0.287062|-0.287062
104|-0.287062|-0.287062
105|-0.287062|-0.287062
106|-0.287062|-0.287062
107|-0.287062|-0.287062
108|-0.287062|-0.287062
109|-0.287062|-0.287062
110|-0.287062|-0.287062
111|-0.287062|-0.287062
112|-0.287062|-0.287062
113|-0.287062|-0.287062
114|-0.287062|-0.287062
115|-0.287062|-0.287062
116|-0.287062|-0.287062
117|-0.287062|-0.287062
118|-0.287062|-0.287062
119|-0.287062|-0.287062
120|-0.287062|-0.287062
121|-0.287062|-0.287062
122|-0.287062|-0.287062
123|-0.287062|-0.287062
124|-0.287062|-0.287062
125|-0.287062|-0.287062
126|-0.287062|-0.287062
127|-0.287062|-0.287062
128|-0.287062|-0.287062
129|-0.287062|-0.287062
130|-0.287062|-0.287062
131|-0.287062|-0.287062
132|-0.287062|-0.287062
133|-0.287062|-0.287062
134|-0.287062|-0.287062
135|-0.287062|-0.287062
136|-0.287062|-0.287062
137|-0.287062|-0.287062
138|-0.287062|-0.287062
139|-0.287062|-0.287062
140|-0.287062|-0.287062
141|-0.287062|-0.287062
142|-0.287062|-0.287062
143|-0.287062|-0.287062
144|-0.287062|-0.287062
145|-0.287062|-0.287062
146|-0.287062|-0.287062
147|-0.287062|-0.287062
148|-0.287062|-0.287062
149|-0.287062|-0.287062
150|-0.287062|-0.287062
151|-0.287062|-0.287062
EARLY STOP: TARGET FOUND
75185ms
