1|-0.30153|-0.30153
2|-0.30153|-0.30153
3|-0.30153|-0.30153
4|-0.30153|-0.30153
5|-0.30153|-0.30153
6|-0.30153|-0.30153
7|-0.30153|-0.30153
8|-0.30153|-0.30153
9|-0.30153|-0.30153
10|-0.30153|-0.30153
11|-0.30153|-0.30153
12|-0.30153|-0.30153
13|-0.30153|-0.30153
14|-0.30153|-0.30153
15|-0.30153|-0.30153
16|-0.30153|-0.30153
17|-0.30153|-0.30153
18|-0.30153|-0.30153
19|-0.30153|-0.30153
20|-0.30153|-0.30153
21|-0.30153|-0.30153
22|-0.30153|-0.30153
23|-0.30153|-0.30153
24|-0.30153|-0.30153
25|-0.30153|-0.30153
26|-0.30153|-0.30153
27|-0.30153|-0.30153
28|-0.30153|-0.30153
29|-0.30153|-0.30153
30|-0.30153|-0.30153
31|-0.30153|-0.30153
32|-0.30153|-0.30153
33|-0.30153|-0.30153
34|-0.30153|-0.30153
35|-0.30153|-0.30153
36|-0.30153|-0.30153
37|-0.30153|-0.30153
38|-0.30153|-0.30153
39|-0.30153|-0.30153
40|-0.30153|-0.30153
41|-0.30153|-0.30153
42|-0.30153|-0.30153
43|-0.30153|-0.30153
44|-0.30153|-0.30153
45|-0.30153|-0.30153
46|-0.30153|-0.30153
47|-0.30153|-0.30153
48|-0.30153|-0.30153
49|-0.30153|-0.30153
50|-0.30153|-0.30153
51|-0.30153|-0.30153
52|-0.30153|-0.30153
53|-0.30153|-0.30153
54|-0.30153|-0.30153
55|-0.30153|-0.30153
56|-0.30153|-0.30153
57|-0.30153|-0.30153
58|-0.30153|-0.30153
59|-0.30153|-0.30153
60|-0.30153|-0.30153
61|-0.30153|-0.30153
62|-0.30153|-0.30153
63|-0.30153|-0.30153
64|-0.30153|-0.30153
65|-0.30153|-0.30153
66|-0.30153|-0.30153
67|-0.30153|-0.30153
68|-0.30153|-0.30153
69|-0.30153|-0.30153
70|-0.30153|-0.30153
71|-0.30153|-0.30153
72|-0.30153|-0.30153
73|-0.30153|-0.30153
74|-0.30153|-0.30153
75|-0.30153|-0.30153
76|-0.30153|-0.30153
77|-0.30153|-0.30153
78|-0.30153|-0.30153
79|-0.30153|-0.30153
80|-0.30153|-0.30153
81|-0.30153|-0.30153
82|-0.30153|-0.30153
83|-0.30153|-0.30153
84|-0.30153|-0.30153
85|-0.30153|-0.30153
86|-0.30153|-0.30153
87|-0.30153|-0.30153
88|-0.30153|-0.30153
89|-0.30153|-0.30153
90|-0.30153|-0.30153
91|-0.30153|-0.30153
92|-0.30153|-0.30153
93|-0.30153|-0.30153
94|-0.30153|-0.30153
95|-0.30153|-0.30153
96|-0.30153|-0.30153
97|-0.30153|-0.30153
98|-0.30153|-0.30153
99|-0.30153|-0.30153
100|-0.30153|-0.30153
101|-0.30153|-0.30153
102|-0.30153|-0.30153
103|-0.30153|-0.30153
104|-0.30153|-0.30153
105|-0.30153|-0.30153
106|-0.30153|-0.30153
107|-0.30153|-0.30153
108|-0.30153|-0.30153
109|-0.30153|-0.30153
110|-0.30153|-0.30153
111|-0.30153|-0.30153
112|-0.30153|-0.30153
113|-0.30153|-0.30153
114|-0.30153|-0.30153
115|-0.30153|-0.30153
116|-0.30153|-0.30153
117|-0.30153|-0.30153
118|-0.30153|-0.30153
119|-0.30153|-0.30153
120|-0.30153|-0.30153
121|-0.30153|-0.30153
122|-0.30153|-0.30153
123|-0.30153|-0.30153
124|-0.30153|-0.30153
125|-0.30153|-0.30153
126|-0.30153|-0.30153
127|-0.30153|-0.30153
128|-0.30153|-0.30153
129|-0.30153|-0.30153
130|-0.30153|-0.30153
131|-0.30153|-0.30153
132|-0.30153|-0.30153
133|-0.30153|-0.30153
134|-0.30153|-0.30153
135|-0.30153|-0.30153
136|-0.30153|-0.30153
137|-0.30153|-0.30153
138|-0.30153|-0.30153
139|-0.30153|-0.30153
140|-0.30153|-0.30153
141|-0.30153|-0.30153
142|-0.30153|-0.30153
143|-0.30153|-0.30153
144|-0.30153|-0.30153
145|-0.30153|-0.30153
146|-0.30153|-0.30153
147|-0.30153|-0.30153
148|-0.30153|-0.30153
149|-0.30153|-0.30153
150|-0.30153|-0.30153
151|-0.30153|-0.30153
EARLY STOP: TARGET FOUND
58634ms
