1|43.7441|43.7441
2|43.7441|43.7441
3|43.7441|43.7441
4|43.7441|43.7441
5|43.7441|43.7441
6|43.7441|43.7441
7|43.7441|43.7441
8|43.7441|43.7441
9|43.7441|43.7441
10|43.7441|43.7441
11|43.7441|43.7441
12|43.7441|43.7441
13|43.7441|43.7441
14|43.7441|43.7441
15|43.7441|43.7441
16|43.7441|43.7441
17|43.7441|43.7441
18|43.7441|43.7441
19|43.7441|43.7441
20|43.7441|43.7441
21|43.7441|43.7441
22|43.7441|43.7441
23|43.7441|43.7441
24|43.7441|43.7441
25|43.7441|43.7441
26|43.7441|43.7441
27|43.7441|43.7441
28|43.7441|43.7441
29|43.7441|43.7441
30|43.7441|43.7441
31|43.7441|43.7441
32|43.7441|43.7441
33|43.7441|43.7441
34|43.7441|43.7441
35|43.7441|43.7441
36|43.7441|43.7441
37|43.7441|43.7441
38|43.7441|43.7441
39|43.7441|43.7441
40|43.7441|43.7441
41|43.7441|43.7441
42|43.7441|43.7441
43|43.7441|43.7441
44|43.7441|43.7441
45|43.7441|43.7441
46|43.7441|43.7441
47|43.7441|43.7441
48|43.7441|43.7441
49|43.7441|43.7441
50|43.7441|43.7441
51|43.7441|43.7441
52|43.7441|43.7441
53|43.7441|43.7441
54|43.7441|43.7441
55|43.7441|43.7441
56|43.7441|43.7441
57|43.7441|43.7441
58|43.7441|43.7441
59|43.7441|43.7441
60|43.7441|43.7441
61|43.7441|43.7441
62|43.7441|43.7441
63|43.7441|43.7441
64|43.7441|43.7441
65|43.7441|43.7441
66|43.7441|43.7441
67|43.7441|43.7441
68|43.7441|43.7441
69|43.7441|43.7441
70|43.7441|43.7441
71|43.7441|43.7441
72|43.7441|43.7441
73|43.7441|43.7441
74|43.7441|43.7441
75|43.7441|43.7441
76|43.7441|43.7441
77|43.7441|43.7441
78|43.7441|43.7441
79|43.7441|43.7441
80|43.7441|43.7441
81|43.7441|43.7441
82|43.7441|43.7441
83|43.7441|43.7441
84|43.7441|43.7441
85|43.7441|43.7441
86|43.7441|43.7441
87|43.7441|43.7441
88|43.7441|43.7441
89|43.7441|43.7441
90|43.7441|43.7441
91|43.7441|43.7441
92|43.7441|43.7441
93|43.7441|43.7441
94|43.7441|43.7441
95|43.7441|43.7441
96|43.7441|43.7441
97|43.7441|43.7441
98|43.7441|43.7441
99|43.7441|43.7441
100|43.7441|43.7441
101|43.7441|43.7441
102|43.7441|43.7441
103|43.7441|43.7441
104|43.7441|43.7441
105|43.7441|43.7441
106|43.7441|43.7441
107|43.7441|43.7441
108|43.7441|43.7441
109|43.7441|43.7441
110|43.7441|43.7441
111|43.7441|43.7441
112|43.7441|43.7441
113|43.7441|43.7441
114|43.7441|43.7441
115|43.7441|43.7441
116|43.7441|43.7441
117|43.7441|43.7441
118|43.7441|43.7441
119|43.7441|43.7441
120|43.7441|43.7441
121|43.7441|43.7441
122|43.7441|43.7441
123|43.7441|43.7441
124|43.7441|43.7441
125|43.7441|43.7441
126|43.7441|43.7441
127|43.7441|43.7441
128|43.7441|43.7441
129|43.7441|43.7441
130|43.7441|43.7441
131|43.7441|43.7441
132|43.7441|43.7441
133|43.7441|43.7441
134|43.7441|43.7441
135|43.7441|43.7441
136|43.7441|43.7441
137|43.7441|43.7441
138|43.7441|43.7441
139|43.7441|43.7441
140|43.7441|43.7441
141|43.7441|43.7441
142|43.7441|43.7441
143|43.7441|43.7441
144|43.7441|43.7441
145|43.7441|43.7441
146|43.7441|43.7441
147|43.7441|43.7441
148|43.7441|43.7441
149|43.7441|43.7441
150|43.7441|43.7441
151|43.7441|43.7441
EARLY STOP: TARGET FOUND
58516ms
