1|583.32|583.32
2|583.32|583.32
3|583.32|583.32
4|583.32|583.32
5|583.32|583.32
6|583.32|583.32
7|583.32|583.32
8|583.32|583.32
9|583.32|583.32
10|583.32|583.32
11|583.32|583.32
12|583.32|583.32
13|583.32|583.32
14|583.32|583.32
15|583.32|583.32
16|583.32|583.32
17|583.32|583.32
18|583.32|583.32
19|583.32|583.32
20|583.32|583.32
21|583.32|583.32
22|583.32|583.32
23|583.32|583.32
24|583.32|583.32
25|583.32|583.32
26|583.32|583.32
27|583.32|583.32
28|583.32|583.32
29|583.32|583.32
30|583.32|583.32
31|583.32|583.32
32|583.32|583.32
33|583.32|583.32
34|583.32|583.32
35|583.32|583.32
36|583.32|583.32
37|583.32|583.32
38|583.32|583.32
39|583.32|583.32
40|583.32|583.32
41|583.32|583.32
42|583.32|583.32
43|583.32|583.32
44|583.32|583.32
45|583.32|583.32
46|583.32|583.32
47|583.32|583.32
48|583.32|583.32
49|583.32|583.32
50|583.32|583.32
51|583.32|583.32
52|583.32|583.32
53|583.32|583.32
54|583.32|583.32
55|583.32|583.32
56|583.32|583.32
57|583.32|583.32
58|583.32|583.32
59|583.32|583.32
60|583.32|583.32
61|583.32|583.32
62|583.32|583.32
63|583.32|583.32
64|583.32|583.32
65|583.32|583.32
66|583.32|583.32
67|583.32|583.32
68|583.32|583.32
69|583.32|583.32
70|583.32|583.32
71|583.32|583.32
72|583.32|583.32
73|583.32|583.32
74|583.32|583.32
75|583.32|583.32
76|583.32|583.32
77|583.32|583.32
78|583.32|583.32
79|583.32|583.32
80|583.32|583.32
81|583.32|583.32
82|583.32|583.32
83|583.32|583.32
84|583.32|583.32
85|583.32|583.32
86|583.32|583.32
87|583.32|583.32
88|583.32|583.32
89|583.32|583.32
90|583.32|583.32
91|583.32|583.32
92|583.32|583.32
93|583.32|583.32
94|583.32|583.32
95|583.32|583.32
96|583.32|583.32
97|583.32|583.32
98|583.32|583.32
99|583.32|583.32
100|583.32|583.32
101|583.32|583.32
102|583.32|583.32
103|583.32|583.32
104|583.32|583.32
105|583.32|583.32
106|583.32|583.32
107|583.32|583.32
108|583.32|583.32
109|583.32|583.32
110|583.32|583.32
111|583.32|583.32
112|583.32|583.32
113|583.32|583.32
114|583.32|583.32
115|583.32|583.32
116|583.32|583.32
117|583.32|583.32
118|583.32|583.32
119|583.32|583.32
120|583.32|583.32
121|583.32|583.32
122|583.32|583.32
123|583.32|583.32
124|583.32|583.32
125|583.32|583.32
126|583.32|583.32
127|583.32|583.32
128|583.32|583.32
129|583.32|583.32
130|583.32|583.32
131|583.32|583.32
132|583.32|583.32
133|583.32|583.32
134|583.32|583.32
135|583.32|583.32
136|583.32|583.32
137|583.32|583.32
138|583.32|583.32
139|583.32|583.32
140|583.32|583.32
141|583.32|583.32
142|583.32|583.32
143|583.32|583.32
144|583.32|583.32
145|583.32|583.32
146|583.32|583.32
147|583.32|583.32
148|583.32|583.32
149|583.32|583.32
150|583.32|583.32
151|583.32|583.32
EARLY STOP: TARGET FOUND
1730591ms
