1|1240.81|1240.81
2|1240.81|1240.81
3|1240.81|1240.81
4|1240.81|1240.81
5|1240.81|1240.81
6|1240.81|1240.81
7|1240.81|1240.81
8|1240.81|1240.81
9|1240.81|1240.81
10|1240.81|1240.81
11|1240.81|1240.81
12|1240.81|1240.81
13|1240.81|1240.81
14|1240.81|1240.81
15|1240.81|1240.81
16|1240.81|1240.81
17|1240.81|1240.81
18|1240.81|1240.81
19|1240.81|1240.81
20|1240.81|1240.81
21|1240.81|1240.81
22|1240.81|1240.81
23|1240.81|1240.81
24|1240.81|1240.81
25|1240.81|1240.81
26|1240.81|1240.81
27|1240.81|1240.81
28|1240.81|1240.81
29|1240.81|1240.81
30|1240.81|1240.81
31|1240.81|1240.81
32|1240.81|1240.81
33|1240.81|1240.81
34|1240.81|1240.81
35|1240.81|1240.81
36|1240.81|1240.81
37|1240.81|1240.81
38|1240.81|1240.81
39|1240.81|1240.81
40|1240.81|1240.81
41|1240.81|1240.81
42|1240.81|1240.81
43|1240.81|1240.81
44|1240.81|1240.81
45|1240.81|1240.81
46|1240.81|1240.81
47|1240.81|1240.81
48|1240.81|1240.81
49|1240.81|1240.81
50|1240.81|1240.81
51|1240.81|1240.81
52|1240.81|1240.81
53|1240.81|1240.81
54|1240.81|1240.81
55|1240.81|1240.81
56|1240.81|1240.81
57|1240.81|1240.81
58|1240.81|1240.81
59|1240.81|1240.81
60|1240.81|1240.81
61|1240.81|1240.81
62|1240.81|1240.81
63|1240.81|1240.81
64|1240.81|1240.81
65|1240.81|1240.81
66|1240.81|1240.81
67|1240.81|1240.81
68|1240.81|1240.81
69|1240.81|1240.81
70|1240.81|1240.81
71|1240.81|1240.81
72|1240.81|1240.81
73|1240.81|1240.81
74|1240.81|1240.81
75|1240.81|1240.81
76|1240.81|1240.81
77|1240.81|1240.81
78|1240.81|1240.81
79|1240.81|1240.81
80|1240.81|1240.81
81|1240.81|1240.81
82|1240.81|1240.81
83|1240.81|1240.81
84|1240.81|1240.81
85|1240.81|1240.81
86|1240.81|1240.81
87|1240.81|1240.81
88|1240.81|1240.81
89|1240.81|1240.81
90|1240.81|1240.81
91|1240.81|1240.81
92|1240.81|1240.81
93|1240.81|1240.81
94|1240.81|1240.81
95|1240.81|1240.81
96|1240.81|1240.81
97|1240.81|1240.81
98|1240.81|1240.81
99|1240.81|1240.81
100|1240.81|1240.81
101|1240.81|1240.81
102|1240.81|1240.81
103|1240.81|1240.81
104|1240.81|1240.81
105|1240.81|1240.81
106|1240.81|1240.81
107|1240.81|1240.81
108|1240.81|1240.81
109|1240.81|1240.81
110|1240.81|1240.81
111|1240.81|1240.81
112|1240.81|1240.81
113|1240.81|1240.81
114|1240.81|1240.81
115|1240.81|1240.81
116|1240.81|1240.81
117|1240.81|1240.81
118|1240.81|1240.81
119|1240.81|1240.81
120|1240.81|1240.81
121|1240.81|1240.81
122|1240.81|1240.81
123|1240.81|1240.81
124|1240.81|1240.81
125|1240.81|1240.81
126|1240.81|1240.81
127|1240.81|1240.81
128|1240.81|1240.81
129|1240.81|1240.81
130|1240.81|1240.81
131|1240.81|1240.81
132|1240.81|1240.81
133|1240.81|1240.81
134|1240.81|1240.81
135|1240.81|1240.81
136|1240.81|1240.81
137|1240.81|1240.81
138|1240.81|1240.81
139|1240.81|1240.81
140|1240.81|1240.81
141|1240.81|1240.81
142|1240.81|1240.81
143|1240.81|1240.81
144|1240.81|1240.81
145|1240.81|1240.81
146|1240.81|1240.81
147|1240.81|1240.81
148|1240.81|1240.81
149|1240.81|1240.81
150|1240.81|1240.81
151|1240.81|1240.81
EARLY STOP: TARGET FOUND
2548251ms
