1|68.6742|68.6742
2|68.6742|68.6742
3|68.6742|68.6742
4|68.6742|68.6742
5|68.6742|68.6742
6|68.6742|68.6742
7|68.6742|68.6742
8|68.6742|68.6742
9|68.6742|68.6742
10|68.6742|68.6742
11|68.6742|68.6742
12|68.6742|68.6742
13|68.6742|68.6742
14|68.6742|68.6742
15|68.6742|68.6742
16|68.6742|68.6742
17|68.6742|68.6742
18|68.6742|68.6742
19|68.6742|68.6742
20|68.6742|68.6742
21|68.6742|68.6742
22|68.6742|68.6742
23|68.6742|68.6742
24|68.6742|68.6742
25|68.6742|68.6742
26|68.6742|68.6742
27|68.6742|68.6742
28|68.6742|68.6742
29|68.6742|68.6742
30|68.6742|68.6742
31|68.6742|68.6742
32|68.6742|68.6742
33|68.6742|68.6742
34|68.6742|68.6742
35|68.6742|68.6742
36|68.6742|68.6742
37|68.6742|68.6742
38|68.6742|68.6742
39|68.6742|68.6742
40|68.6742|68.6742
41|68.6742|68.6742
42|68.6742|68.6742
43|68.6742|68.6742
44|68.6742|68.6742
45|68.6742|68.6742
46|68.6742|68.6742
47|68.6742|68.6742
48|68.6742|68.6742
49|68.6742|68.6742
50|68.6742|68.6742
51|68.6742|68.6742
52|68.6742|68.6742
53|68.6742|68.6742
54|68.6742|68.6742
55|68.6742|68.6742
56|68.6742|68.6742
57|68.6742|68.6742
58|68.6742|68.6742
59|68.6742|68.6742
60|68.6742|68.6742
61|68.6742|68.6742
62|68.6742|68.6742
63|68.6742|68.6742
64|68.6742|68.6742
65|68.6742|68.6742
66|68.6742|68.6742
67|68.6742|68.6742
68|68.6742|68.6742
69|68.6742|68.6742
70|68.6742|68.6742
71|68.6742|68.6742
72|68.6742|68.6742
73|68.6742|68.6742
74|68.6742|68.6742
75|68.6742|68.6742
76|68.6742|68.6742
77|68.6742|68.6742
78|68.6742|68.6742
79|68.6742|68.6742
80|68.6742|68.6742
81|68.6742|68.6742
82|68.6742|68.6742
83|68.6742|68.6742
84|68.6742|68.6742
85|68.6742|68.6742
86|68.6742|68.6742
87|68.6742|68.6742
88|68.6742|68.6742
89|68.6742|68.6742
90|68.6742|68.6742
91|68.6742|68.6742
92|68.6742|68.6742
93|68.6742|68.6742
94|68.6742|68.6742
95|68.6742|68.6742
96|68.6742|68.6742
97|68.6742|68.6742
98|68.6742|68.6742
99|68.6742|68.6742
100|68.6742|68.6742
101|68.6742|68.6742
102|68.6742|68.6742
103|68.6742|68.6742
104|68.6742|68.6742
105|68.6742|68.6742
106|68.6742|68.6742
107|68.6742|68.6742
108|68.6742|68.6742
109|68.6742|68.6742
110|68.6742|68.6742
111|68.6742|68.6742
112|68.6742|68.6742
113|68.6742|68.6742
114|68.6742|68.6742
115|68.6742|68.6742
116|68.6742|68.6742
117|68.6742|68.6742
118|68.6742|68.6742
119|68.6742|68.6742
120|68.6742|68.6742
121|68.6742|68.6742
122|68.6742|68.6742
123|68.6742|68.6742
124|68.6742|68.6742
125|68.6742|68.6742
126|68.6742|68.6742
127|68.6742|68.6742
128|68.6742|68.6742
129|68.6742|68.6742
130|68.6742|68.6742
131|68.6742|68.6742
132|68.6742|68.6742
133|68.6742|68.6742
134|68.6742|68.6742
135|68.6742|68.6742
136|68.6742|68.6742
137|68.6742|68.6742
138|68.6742|68.6742
139|68.6742|68.6742
140|68.6742|68.6742
141|68.6742|68.6742
142|68.6742|68.6742
143|68.6742|68.6742
144|68.6742|68.6742
145|68.6742|68.6742
146|68.6742|68.6742
147|68.6742|68.6742
148|68.6742|68.6742
149|68.6742|68.6742
150|68.6742|68.6742
151|68.6742|68.6742
EARLY STOP: TARGET FOUND
209346ms
