1|109.584|109.584
2|109.584|109.584
3|109.584|109.584
4|109.584|109.584
5|109.584|109.584
6|109.584|109.584
7|109.584|109.584
8|109.584|109.584
9|109.584|109.584
10|109.584|109.584
11|109.584|109.584
12|109.584|109.584
13|109.584|109.584
14|109.584|109.584
15|109.584|109.584
16|109.584|109.584
17|109.584|109.584
18|109.584|109.584
19|109.584|109.584
20|109.584|109.584
21|109.584|109.584
22|109.584|109.584
23|109.584|109.584
24|109.584|109.584
25|109.584|109.584
26|109.584|109.584
27|109.584|109.584
28|109.584|109.584
29|109.584|109.584
30|109.584|109.584
31|109.584|109.584
32|109.584|109.584
33|109.584|109.584
34|109.584|109.584
35|109.584|109.584
36|109.584|109.584
37|109.584|109.584
38|109.584|109.584
39|109.584|109.584
40|109.584|109.584
41|109.584|109.584
42|109.584|109.584
43|109.584|109.584
44|109.584|109.584
45|109.584|109.584
46|109.584|109.584
47|109.584|109.584
48|109.584|109.584
49|109.584|109.584
50|109.584|109.584
51|109.584|109.584
52|109.584|109.584
53|109.584|109.584
54|109.584|109.584
55|109.584|109.584
56|109.584|109.584
57|109.584|109.584
58|109.584|109.584
59|109.584|109.584
60|109.584|109.584
61|109.584|109.584
62|109.584|109.584
63|109.584|109.584
64|109.584|109.584
65|109.584|109.584
66|109.584|109.584
67|109.584|109.584
68|109.584|109.584
69|109.584|109.584
70|109.584|109.584
71|109.584|109.584
72|109.584|109.584
73|109.584|109.584
74|109.584|109.584
75|109.584|109.584
76|109.584|109.584
77|109.584|109.584
78|109.584|109.584
79|109.584|109.584
80|109.584|109.584
81|109.584|109.584
82|109.584|109.584
83|109.584|109.584
84|109.584|109.584
85|109.584|109.584
86|109.584|109.584
87|109.584|109.584
88|109.584|109.584
89|109.584|109.584
90|109.584|109.584
91|109.584|109.584
92|109.584|109.584
93|109.584|109.584
94|109.584|109.584
95|109.584|109.584
96|109.584|109.584
97|109.584|109.584
98|109.584|109.584
99|109.584|109.584
100|109.584|109.584
101|109.584|109.584
102|109.584|109.584
103|109.584|109.584
104|109.584|109.584
105|109.584|109.584
106|109.584|109.584
107|109.584|109.584
108|109.584|109.584
109|109.584|109.584
110|109.584|109.584
111|109.584|109.584
112|109.584|109.584
113|109.584|109.584
114|109.584|109.584
115|109.584|109.584
116|109.584|109.584
117|109.584|109.584
118|109.584|109.584
119|109.584|109.584
120|109.584|109.584
121|109.584|109.584
122|109.584|109.584
123|109.584|109.584
124|109.584|109.584
125|109.584|109.584
126|109.584|109.584
127|109.584|109.584
128|109.584|109.584
129|109.584|109.584
130|109.584|109.584
131|109.584|109.584
132|109.584|109.584
133|109.584|109.584
134|109.584|109.584
135|109.584|109.584
136|109.584|109.584
137|109.584|109.584
138|109.584|109.584
139|109.584|109.584
140|109.584|109.584
141|109.584|109.584
142|109.584|109.584
143|109.584|109.584
144|109.584|109.584
145|109.584|109.584
146|109.584|109.584
147|109.584|109.584
148|109.584|109.584
149|109.584|109.584
150|109.584|109.584
151|109.584|109.584
EARLY STOP: TARGET FOUND
59228ms
