1|-505.264|-505.264
2|-505.264|-505.264
3|-505.264|-505.264
4|-505.264|-505.264
5|-505.264|-505.264
6|-505.264|-505.264
7|-505.264|-505.264
8|-505.264|-505.264
9|-505.264|-505.264
10|-505.264|-505.264
11|-505.264|-505.264
12|-505.264|-505.264
13|-505.264|-505.264
14|-505.264|-505.264
15|-505.264|-505.264
16|-505.264|-505.264
17|-505.264|-505.264
18|-505.264|-505.264
19|-505.264|-505.264
20|-505.264|-505.264
21|-505.264|-505.264
22|-505.264|-505.264
23|-505.264|-505.264
24|-505.264|-505.264
25|-505.264|-505.264
26|-505.264|-505.264
27|-505.264|-505.264
28|-505.264|-505.264
29|-505.264|-505.264
30|-505.264|-505.264
31|-505.264|-505.264
32|-505.264|-505.264
33|-505.264|-505.264
34|-505.264|-505.264
35|-505.264|-505.264
36|-505.264|-505.264
37|-505.264|-505.264
38|-505.264|-505.264
39|-505.264|-505.264
40|-505.264|-505.264
41|-505.264|-505.264
42|-505.264|-505.264
43|-505.264|-505.264
44|-505.264|-505.264
45|-505.264|-505.264
46|-505.264|-505.264
47|-505.264|-505.264
48|-505.264|-505.264
49|-505.264|-505.264
50|-505.264|-505.264
51|-505.264|-505.264
52|-505.264|-505.264
53|-505.264|-505.264
54|-505.264|-505.264
55|-505.264|-505.264
56|-505.264|-505.264
57|-505.264|-505.264
58|-505.264|-505.264
59|-505.264|-505.264
60|-505.264|-505.264
61|-505.264|-505.264
62|-505.264|-505.264
63|-505.264|-505.264
64|-505.264|-505.264
65|-505.264|-505.264
66|-505.264|-505.264
67|-505.264|-505.264
68|-505.264|-505.264
69|-505.264|-505.264
70|-505.264|-505.264
71|-505.264|-505.264
72|-505.264|-505.264
73|-505.264|-505.264
74|-505.264|-505.264
75|-505.264|-505.264
76|-505.264|-505.264
77|-505.264|-505.264
78|-505.264|-505.264
79|-505.264|-505.264
80|-505.264|-505.264
81|-505.264|-505.264
82|-505.264|-505.264
83|-505.264|-505.264
84|-505.264|-505.264
85|-505.264|-505.264
86|-505.264|-505.264
87|-505.264|-505.264
88|-505.264|-505.264
89|-505.264|-505.264
90|-505.264|-505.264
91|-505.264|-505.264
92|-505.264|-505.264
93|-505.264|-505.264
94|-505.264|-505.264
95|-505.264|-505.264
96|-505.264|-505.264
97|-505.264|-505.264
98|-505.264|-505.264
99|-505.264|-505.264
100|-505.264|-505.264
101|-505.264|-505.264
102|-505.264|-505.264
103|-505.264|-505.264
104|-505.264|-505.264
105|-505.264|-505.264
106|-505.264|-505.264
107|-505.264|-505.264
108|-505.264|-505.264
109|-505.264|-505.264
110|-505.264|-505.264
111|-505.264|-505.264
112|-505.264|-505.264
113|-505.264|-505.264
114|-505.264|-505.264
115|-505.264|-505.264
116|-505.264|-505.264
117|-505.264|-505.264
118|-505.264|-505.264
119|-505.264|-505.264
120|-505.264|-505.264
121|-505.264|-505.264
122|-505.264|-505.264
123|-505.264|-505.264
124|-505.264|-505.264
125|-505.264|-505.264
126|-505.264|-505.264
127|-505.264|-505.264
128|-505.264|-505.264
129|-505.264|-505.264
130|-505.264|-505.264
131|-505.264|-505.264
132|-505.264|-505.264
133|-505.264|-505.264
134|-505.264|-505.264
135|-505.264|-505.264
136|-505.264|-505.264
137|-505.264|-505.264
138|-505.264|-505.264
139|-505.264|-505.264
140|-505.264|-505.264
141|-505.264|-505.264
142|-505.264|-505.264
143|-505.264|-505.264
144|-505.264|-505.264
145|-505.264|-505.264
146|-505.264|-505.264
147|-505.264|-505.264
148|-505.264|-505.264
149|-505.264|-505.264
150|-505.264|-505.264
151|-505.264|-505.264
EARLY STOP: TARGET FOUND
303780ms
