1|130.482|130.482
2|130.482|130.482
3|130.482|130.482
4|130.482|130.482
5|130.482|130.482
6|130.482|130.482
7|130.482|130.482
8|130.482|130.482
9|130.482|130.482
10|130.482|130.482
11|130.482|130.482
12|130.482|130.482
13|130.482|130.482
14|130.482|130.482
15|130.482|130.482
16|130.482|130.482
17|130.482|130.482
18|130.482|130.482
19|130.482|130.482
20|130.482|130.482
21|130.482|130.482
22|130.482|130.482
23|130.482|130.482
24|130.482|130.482
25|130.482|130.482
26|130.482|130.482
27|130.482|130.482
28|130.482|130.482
29|130.482|130.482
30|130.482|130.482
31|130.482|130.482
32|130.482|130.482
33|130.482|130.482
34|130.482|130.482
35|130.482|130.482
36|130.482|130.482
37|130.482|130.482
38|130.482|130.482
39|130.482|130.482
40|130.482|130.482
41|130.482|130.482
42|130.482|130.482
43|130.482|130.482
44|130.482|130.482
45|130.482|130.482
46|130.482|130.482
47|130.482|130.482
48|130.482|130.482
49|130.482|130.482
50|130.482|130.482
51|130.482|130.482
52|130.482|130.482
53|130.482|130.482
54|130.482|130.482
55|130.482|130.482
56|130.482|130.482
57|130.482|130.482
58|130.482|130.482
59|130.482|130.482
60|130.482|130.482
61|130.482|130.482
62|130.482|130.482
63|130.482|130.482
64|130.482|130.482
65|130.482|130.482
66|130.482|130.482
67|130.482|130.482
68|130.482|130.482
69|130.482|130.482
70|130.482|130.482
71|130.482|130.482
72|130.482|130.482
73|130.482|130.482
74|130.482|130.482
75|130.482|130.482
76|130.482|130.482
77|130.482|130.482
78|130.482|130.482
79|130.482|130.482
80|130.482|130.482
81|130.482|130.482
82|130.482|130.482
83|130.482|130.482
84|130.482|130.482
85|130.482|130.482
86|130.482|130.482
87|130.482|130.482
88|130.482|130.482
89|130.482|130.482
90|130.482|130.482
91|130.482|130.482
92|130.482|130.482
93|130.482|130.482
94|130.482|130.482
95|130.482|130.482
96|130.482|130.482
97|130.482|130.482
98|130.482|130.482
99|130.482|130.482
100|130.482|130.482
101|130.482|130.482
102|130.482|130.482
103|130.482|130.482
104|130.482|130.482
105|130.482|130.482
106|130.482|130.482
107|130.482|130.482
108|130.482|130.482
109|130.482|130.482
110|130.482|130.482
111|130.482|130.482
112|130.482|130.482
113|130.482|130.482
114|130.482|130.482
115|130.482|130.482
116|130.482|130.482
117|130.482|130.482
118|130.482|130.482
119|130.482|130.482
120|130.482|130.482
121|130.482|130.482
122|130.482|130.482
123|130.482|130.482
124|130.482|130.482
125|130.482|130.482
126|130.482|130.482
127|130.482|130.482
128|130.482|130.482
129|130.482|130.482
130|130.482|130.482
131|130.482|130.482
132|130.482|130.482
133|130.482|130.482
134|130.482|130.482
135|130.482|130.482
136|130.482|130.482
137|130.482|130.482
138|130.482|130.482
139|130.482|130.482
140|130.482|130.482
141|130.482|130.482
142|130.482|130.482
143|130.482|130.482
144|130.482|130.482
145|130.482|130.482
146|130.482|130.482
147|130.482|130.482
148|130.482|130.482
149|130.482|130.482
150|130.482|130.482
151|130.482|130.482
EARLY STOP: TARGET FOUND
209815ms
