1|87.3717|87.3717
2|87.3717|87.3717
3|87.3717|87.3717
4|87.3717|87.3717
5|87.3717|87.3717
6|87.3717|87.3717
7|87.3717|87.3717
8|87.3717|87.3717
9|87.3717|87.3717
10|87.3717|87.3717
11|87.3717|87.3717
12|87.3717|87.3717
13|87.3717|87.3717
14|87.3717|87.3717
15|87.3717|87.3717
16|87.3717|87.3717
17|87.3717|87.3717
18|87.3717|87.3717
19|87.3717|87.3717
20|87.3717|87.3717
21|87.3717|87.3717
22|87.3717|87.3717
23|87.3717|87.3717
24|87.3717|87.3717
25|87.3717|87.3717
26|87.3717|87.3717
27|87.3717|87.3717
28|87.3717|87.3717
29|87.3717|87.3717
30|87.3717|87.3717
31|87.3717|87.3717
32|87.3717|87.3717
33|87.3717|87.3717
34|87.3717|87.3717
35|87.3717|87.3717
36|87.3717|87.3717
37|87.3717|87.3717
38|87.3717|87.3717
39|87.3717|87.3717
40|87.3717|87.3717
41|87.3717|87.3717
42|87.3717|87.3717
43|87.3717|87.3717
44|87.3717|87.3717
45|87.3717|87.3717
46|87.3717|87.3717
47|87.3717|87.3717
48|87.3717|87.3717
49|87.3717|87.3717
50|87.3717|87.3717
51|87.3717|87.3717
52|87.3717|87.3717
53|87.3717|87.3717
54|87.3717|87.3717
55|87.3717|87.3717
56|87.3717|87.3717
57|87.3717|87.3717
58|87.3717|87.3717
59|87.3717|87.3717
60|87.3717|87.3717
61|87.3717|87.3717
62|87.3717|87.3717
63|87.3717|87.3717
64|87.3717|87.3717
65|87.3717|87.3717
66|87.3717|87.3717
67|87.3717|87.3717
68|87.3717|87.3717
69|87.3717|87.3717
70|87.3717|87.3717
71|87.3717|87.3717
72|87.3717|87.3717
73|87.3717|87.3717
74|87.3717|87.3717
75|87.3717|87.3717
76|87.3717|87.3717
77|87.3717|87.3717
78|87.3717|87.3717
79|87.3717|87.3717
80|87.3717|87.3717
81|87.3717|87.3717
82|87.3717|87.3717
83|87.3717|87.3717
84|87.3717|87.3717
85|87.3717|87.3717
86|87.3717|87.3717
87|87.3717|87.3717
88|87.3717|87.3717
89|87.3717|87.3717
90|87.3717|87.3717
91|87.3717|87.3717
92|87.3717|87.3717
93|87.3717|87.3717
94|87.3717|87.3717
95|87.3717|87.3717
96|87.3717|87.3717
97|87.3717|87.3717
98|87.3717|87.3717
99|87.3717|87.3717
100|87.3717|87.3717
101|87.3717|87.3717
102|87.3717|87.3717
103|87.3717|87.3717
104|87.3717|87.3717
105|87.3717|87.3717
106|87.3717|87.3717
107|87.3717|87.3717
108|87.3717|87.3717
109|87.3717|87.3717
110|87.3717|87.3717
111|87.3717|87.3717
112|87.3717|87.3717
113|87.3717|87.3717
114|87.3717|87.3717
115|87.3717|87.3717
116|87.3717|87.3717
117|87.3717|87.3717
118|87.3717|87.3717
119|87.3717|87.3717
120|87.3717|87.3717
121|87.3717|87.3717
122|87.3717|87.3717
123|87.3717|87.3717
124|87.3717|87.3717
125|87.3717|87.3717
126|87.3717|87.3717
127|87.3717|87.3717
128|87.3717|87.3717
129|87.3717|87.3717
130|87.3717|87.3717
131|87.3717|87.3717
132|87.3717|87.3717
133|87.3717|87.3717
134|87.3717|87.3717
135|87.3717|87.3717
136|87.3717|87.3717
137|87.3717|87.3717
138|87.3717|87.3717
139|87.3717|87.3717
140|87.3717|87.3717
141|87.3717|87.3717
142|87.3717|87.3717
143|87.3717|87.3717
144|87.3717|87.3717
145|87.3717|87.3717
146|87.3717|87.3717
147|87.3717|87.3717
148|87.3717|87.3717
149|87.3717|87.3717
150|87.3717|87.3717
151|87.3717|87.3717
EARLY STOP: TARGET FOUND
59913ms
